# Liste des scalaires : TEMPS pmat 
0.00000000000000e+00 1.00000000000000e+05 
3.97626290210628e-05 1.00000000000000e+05 
5.65757133132057e-05 1.00000000000000e+05 
7.12167811765278e-05 1.00000000000000e+05 
8.44204364270594e-05 1.00000000000000e+05 
9.67243242538350e-05 1.00000000000000e+05 
1.08340550080023e-04 1.00000000000000e+05 
1.19461244309120e-04 1.00000000000000e+05 
1.30190278789553e-04 1.00000000000000e+05 
1.40618447632151e-04 1.00000000000000e+05 
1.52089433359009e-04 1.00000000000000e+05 
1.63358383356330e-04 1.00000000000000e+05 
1.75091374293557e-04 1.00000000000000e+05 
1.87997664324506e-04 1.00000000000000e+05 
2.02194583358551e-04 1.00000000000000e+05 
2.16947298864995e-04 1.00000000000000e+05 
2.32586287555823e-04 1.00000000000000e+05 
2.49789175115733e-04 1.00000000000000e+05 
2.66885383437103e-04 1.00000000000000e+05 
2.85691212590610e-04 1.00000000000000e+05 
3.06377624659468e-04 1.00000000000000e+05 
3.27993830833939e-04 1.00000000000000e+05 
3.48954075420689e-04 1.00000000000000e+05 
3.72010344466115e-04 1.00000000000000e+05 
3.95364160738382e-04 1.00000000000000e+05 
4.21053358637875e-04 1.00000000000000e+05 
4.47854019091999e-04 1.00000000000000e+05 
4.74277566021920e-04 1.00000000000000e+05 
5.02658038557531e-04 1.00000000000000e+05 
5.33876558346703e-04 1.00000000000000e+05 
5.65854319623954e-04 1.00000000000000e+05 
5.97384523588075e-04 1.00000000000000e+05 
6.29218240342025e-04 1.00000000000000e+05 
6.64235328771370e-04 1.00000000000000e+05 
7.01646097743402e-04 1.00000000000000e+05 
7.39067973389394e-04 1.00000000000000e+05 
7.77396923072079e-04 1.00000000000000e+05 
8.17991359889954e-04 1.00000000000000e+05 
8.61727940330116e-04 1.00000000000000e+05 
9.05895666038160e-04 1.00000000000000e+05 
9.52090986200293e-04 1.00000000000000e+05 
1.00042702349601e-03 1.00000000000000e+05 
1.05078051499449e-03 1.00000000000000e+05 
1.10234038679642e-03 1.00000000000000e+05 
1.15681937353923e-03 1.00000000000000e+05 
1.21313016670564e-03 1.00000000000000e+05 
1.27054800196123e-03 1.00000000000000e+05 
1.32983181997962e-03 1.00000000000000e+05 
1.39137931707563e-03 1.00000000000000e+05 
1.45425954902611e-03 1.00000000000000e+05 
1.51853558991039e-03 1.00000000000000e+05 
1.58425090501917e-03 1.00000000000000e+05 
1.65105496874140e-03 1.00000000000000e+05 
1.71940374601747e-03 1.00000000000000e+05 
1.78919057154362e-03 1.00000000000000e+05 
1.86040676113809e-03 1.00000000000000e+05 
1.93310196732928e-03 1.00000000000000e+05 
2.00722289695990e-03 1.00000000000000e+05 
2.08301358077964e-03 1.00000000000000e+05 
2.16023684257149e-03 1.00000000000000e+05 
2.23886047837728e-03 1.00000000000000e+05 
2.31906217903599e-03 1.00000000000000e+05 
2.40071108892229e-03 1.00000000000000e+05 
2.48378055865393e-03 1.00000000000000e+05 
2.56858871070252e-03 1.00000000000000e+05 
2.65475407580940e-03 1.00000000000000e+05 
2.74223722899701e-03 1.00000000000000e+05 
2.83110652805807e-03 1.00000000000000e+05 
2.92183499458322e-03 1.00000000000000e+05 
3.01377675983057e-03 1.00000000000000e+05 
3.10683821451392e-03 1.00000000000000e+05 
3.20104021549766e-03 1.00000000000000e+05 
3.29598254170904e-03 1.00000000000000e+05 
3.39112272646306e-03 1.00000000000000e+05 
3.48606061416044e-03 1.00000000000000e+05 
3.58116238307096e-03 1.00000000000000e+05 
3.67634609318127e-03 1.00000000000000e+05 
3.76446683547826e-03 1.00000000000000e+05 
3.85005507792645e-03 1.00000000000000e+05 
3.93708896504444e-03 1.00000000000000e+05 
4.02041204758327e-03 1.00000000000000e+05 
4.09738365602166e-03 1.00000000000000e+05 
4.17156961803401e-03 1.00000000000000e+05 
4.24832000196753e-03 1.00000000000000e+05 
4.32350603529776e-03 1.00000000000000e+05 
4.40166818561479e-03 1.00000000000000e+05 
4.47734276512825e-03 1.00000000000000e+05 
4.55878749320004e-03 1.00000000000000e+05 
4.64085507526808e-03 1.00000000000000e+05 
4.72361548786768e-03 1.00000000000000e+05 
4.80664963194651e-03 1.00000000000000e+05 
4.88927025820947e-03 1.00000000000000e+05 
4.97237117552102e-03 1.00000000000000e+05 
5.05528430988105e-03 1.00000000000000e+05 
5.13844584968628e-03 1.00000000000000e+05 
5.22108197972823e-03 1.00000000000000e+05 
5.30380715376171e-03 1.00000000000000e+05 
5.38598668976388e-03 1.00000000000000e+05 
5.46813710207102e-03 1.00000000000000e+05 
5.54862257186114e-03 1.00000000000000e+05 
5.62736390827766e-03 1.00000000000000e+05 
5.70450332841751e-03 1.00000000000000e+05 
5.78071694410765e-03 1.00000000000000e+05 
5.85580208647308e-03 1.00000000000000e+05 
5.93022417600234e-03 1.00000000000000e+05 
6.00385339673498e-03 1.00000000000000e+05 
6.07626417135987e-03 1.00000000000000e+05 
6.14732529952758e-03 1.00000000000000e+05 
6.21734978069727e-03 1.00000000000000e+05 
6.28627986384452e-03 1.00000000000000e+05 
6.35414238376530e-03 1.00000000000000e+05 
6.42095391670550e-03 1.00000000000000e+05 
6.48695060139380e-03 1.00000000000000e+05 
6.55192668368852e-03 1.00000000000000e+05 
6.61651356473969e-03 1.00000000000000e+05 
6.68018715760003e-03 1.00000000000000e+05 
6.74333629638252e-03 1.00000000000000e+05 
6.80585602969700e-03 1.00000000000000e+05 
6.86772972226612e-03 1.00000000000000e+05 
6.92899865405514e-03 1.00000000000000e+05 
6.98978589101708e-03 1.00000000000000e+05 
7.04999112499855e-03 1.00000000000000e+05 
7.10992650903342e-03 1.00000000000000e+05 
7.16917819568451e-03 1.00000000000000e+05 
7.22825187452698e-03 1.00000000000000e+05 
7.28709455552254e-03 1.00000000000000e+05 
7.34603030001934e-03 1.00000000000000e+05 
7.40494226092588e-03 1.00000000000000e+05 
7.46386568362029e-03 1.00000000000000e+05 
7.52245749081821e-03 1.00000000000000e+05 
7.58098086686688e-03 1.00000000000000e+05 
7.63931576075488e-03 1.00000000000000e+05 
7.69768754308664e-03 1.00000000000000e+05 
7.75526033586769e-03 1.00000000000000e+05 
7.81188760865577e-03 1.00000000000000e+05 
7.86787336456153e-03 1.00000000000000e+05 
7.92331141176153e-03 1.00000000000000e+05 
7.97843956976172e-03 1.00000000000000e+05 
8.03331474179608e-03 1.00000000000000e+05 
8.08807451093386e-03 1.00000000000000e+05 
8.14275276736517e-03 1.00000000000000e+05 
8.19744268522899e-03 1.00000000000000e+05 
8.25220578445608e-03 1.00000000000000e+05 
8.30710475489854e-03 1.00000000000000e+05 
8.36222463942982e-03 1.00000000000000e+05 
8.41757967012189e-03 1.00000000000000e+05 
8.47315680552134e-03 1.00000000000000e+05 
8.52892528601207e-03 1.00000000000000e+05 
8.58500166109740e-03 1.00000000000000e+05 
8.64147388617383e-03 1.00000000000000e+05 
8.69845148071291e-03 1.00000000000000e+05 
8.75605860473056e-03 1.00000000000000e+05 
8.81440650910828e-03 1.00000000000000e+05 
8.87364486973648e-03 1.00000000000000e+05 
8.93366943895794e-03 1.00000000000000e+05 
8.99440339922140e-03 1.00000000000000e+05 
9.05597618971841e-03 1.00000000000000e+05 
9.11852784145720e-03 1.00000000000000e+05 
9.18219102256538e-03 1.00000000000000e+05 
9.24710033955431e-03 1.00000000000000e+05 
9.31300272694635e-03 1.00000000000000e+05 
9.37992138193763e-03 1.00000000000000e+05 
9.44795148279783e-03 1.00000000000000e+05 
9.51717674097281e-03 1.00000000000000e+05 
9.58768703635371e-03 1.00000000000000e+05 
9.65952972027237e-03 1.00000000000000e+05 
9.73240721552212e-03 1.00000000000000e+05 
9.80633574648010e-03 1.00000000000000e+05 
9.88137523670509e-03 1.00000000000000e+05 
9.95751718279453e-03 1.00000000000000e+05 
1.00347897643344e-02 1.00000000000000e+05 
1.01131549994545e-02 1.00000000000000e+05 
1.01926089717723e-02 1.00000000000000e+05 
1.02729926980380e-02 1.00000000000000e+05 
1.03541619613916e-02 1.00000000000000e+05 
1.04360431559447e-02 1.00000000000000e+05 
1.05186103818273e-02 1.00000000000000e+05 
1.06017905249632e-02 1.00000000000000e+05 
1.06855482675424e-02 1.00000000000000e+05 
1.07698256511429e-02 1.00000000000000e+05 
1.08545896715432e-02 1.00000000000000e+05 
1.09398082983819e-02 1.00000000000000e+05 
1.10254622950609e-02 1.00000000000000e+05 
1.11114241179281e-02 1.00000000000000e+05 
1.11975563643240e-02 1.00000000000000e+05 
1.12838709859335e-02 1.00000000000000e+05 
1.13703843551502e-02 1.00000000000000e+05 
1.14571396588987e-02 1.00000000000000e+05 
1.15420809281513e-02 1.00000000000000e+05 
1.16247499277124e-02 1.00000000000000e+05 
1.17069542264757e-02 1.00000000000000e+05 
1.17947605017424e-02 1.00000000000000e+05 
1.18827086582250e-02 1.00000000000000e+05 
1.19708860016080e-02 1.00000000000000e+05 
1.20593472481581e-02 1.00000000000000e+05 
1.21481847397267e-02 1.00000000000000e+05 
1.22374531401857e-02 1.00000000000000e+05 
1.23270227275707e-02 1.00000000000000e+05 
1.24167532284050e-02 1.00000000000000e+05 
1.25067263985816e-02 1.00000000000000e+05 
1.25970122493951e-02 1.00000000000000e+05 
1.26876941040457e-02 1.00000000000000e+05 
1.27788387532717e-02 1.00000000000000e+05 
1.28705288846471e-02 1.00000000000000e+05 
1.29624876497708e-02 1.00000000000000e+05 
1.30547576424454e-02 1.00000000000000e+05 
1.31474087805152e-02 1.00000000000000e+05 
1.32405248268389e-02 1.00000000000000e+05 
1.33341725580111e-02 1.00000000000000e+05 
1.34284341125498e-02 1.00000000000000e+05 
1.35231864175920e-02 1.00000000000000e+05 
1.36183218991437e-02 1.00000000000000e+05 
1.37139261228951e-02 1.00000000000000e+05 
1.38100643374656e-02 1.00000000000000e+05 
1.39068134978882e-02 1.00000000000000e+05 
1.40042326190782e-02 1.00000000000000e+05 
1.41023872876101e-02 1.00000000000000e+05 
1.42011406490510e-02 1.00000000000000e+05 
1.43003918720311e-02 1.00000000000000e+05 
1.44001868968798e-02 1.00000000000000e+05 
1.45005823120546e-02 1.00000000000000e+05 
1.46008693149597e-02 1.00000000000000e+05 
1.47015010072919e-02 1.00000000000000e+05 
1.48023332949419e-02 1.00000000000000e+05 
1.49034987657729e-02 1.00000000000000e+05 
1.50045233946965e-02 1.00000000000000e+05 
1.51056979645226e-02 1.00000000000000e+05 
1.52070858522302e-02 1.00000000000000e+05 
1.53094713628324e-02 1.00000000000000e+05 
1.54123158802290e-02 1.00000000000000e+05 
1.55157526181245e-02 1.00000000000000e+05 
1.56195457583989e-02 1.00000000000000e+05 
1.57240962383423e-02 1.00000000000000e+05 
1.58289989962590e-02 1.00000000000000e+05 
1.59342578843558e-02 1.00000000000000e+05 
1.60398023567923e-02 1.00000000000000e+05 
1.61462786006255e-02 1.00000000000000e+05 
1.62533244698391e-02 1.00000000000000e+05 
1.63611294180387e-02 1.00000000000000e+05 
1.64692734224338e-02 1.00000000000000e+05 
1.65782209193042e-02 1.00000000000000e+05 
1.66877245095360e-02 1.00000000000000e+05 
1.67977370373137e-02 1.00000000000000e+05 
1.69081358497178e-02 1.00000000000000e+05 
1.70189223211980e-02 1.00000000000000e+05 
1.71301403867604e-02 1.00000000000000e+05 
1.72417755219106e-02 1.00000000000000e+05 
1.73536395042602e-02 1.00000000000000e+05 
1.74660788490123e-02 1.00000000000000e+05 
1.75788653740355e-02 1.00000000000000e+05 
1.76921556112967e-02 1.00000000000000e+05 
1.78057838934747e-02 1.00000000000000e+05 
1.79196895151679e-02 1.00000000000000e+05 
1.80338817151764e-02 1.00000000000000e+05 
1.81484030469760e-02 1.00000000000000e+05 
1.82632612783944e-02 1.00000000000000e+05 
1.83784111957884e-02 1.00000000000000e+05 
1.84938875832506e-02 1.00000000000000e+05 
1.86096737647979e-02 1.00000000000000e+05 
1.87258455865600e-02 1.00000000000000e+05 
1.88422954211298e-02 1.00000000000000e+05 
1.89590590640501e-02 1.00000000000000e+05 
1.90761144168490e-02 1.00000000000000e+05 
1.91934351484805e-02 1.00000000000000e+05 
1.93110335336432e-02 1.00000000000000e+05 
1.94289479661491e-02 1.00000000000000e+05 
1.95471414209604e-02 1.00000000000000e+05 
1.96656286776706e-02 1.00000000000000e+05 
1.97844516678351e-02 1.00000000000000e+05 
1.99036302711481e-02 1.00000000000000e+05 
2.00230808953967e-02 1.00000000000000e+05 
2.01429039911584e-02 1.00000000000000e+05 
2.02628376639053e-02 1.00000000000000e+05 
2.03833733825588e-02 1.00000000000000e+05 
2.05042043252575e-02 1.00000000000000e+05 
2.06254895315432e-02 1.00000000000000e+05 
2.07470913057818e-02 1.00000000000000e+05 
2.08690584414853e-02 1.00000000000000e+05 
2.09912927920253e-02 1.00000000000000e+05 
2.11138778658041e-02 1.00000000000000e+05 
2.12367100252890e-02 1.00000000000000e+05 
2.13598701833912e-02 1.00000000000000e+05 
2.14833296241237e-02 1.00000000000000e+05 
2.16071013598123e-02 1.00000000000000e+05 
2.17311411486745e-02 1.00000000000000e+05 
2.18555537863232e-02 1.00000000000000e+05 
2.19802262597860e-02 1.00000000000000e+05 
2.21052722032321e-02 1.00000000000000e+05 
2.22303959859592e-02 1.00000000000000e+05 
2.23560726994039e-02 1.00000000000000e+05 
2.24820013266176e-02 1.00000000000000e+05 
2.26083196593177e-02 1.00000000000000e+05 
2.27348751631565e-02 1.00000000000000e+05 
2.28618213506615e-02 1.00000000000000e+05 
2.29890274733054e-02 1.00000000000000e+05 
2.31165905225944e-02 1.00000000000000e+05 
2.32444181299381e-02 1.00000000000000e+05 
2.33725655372040e-02 1.00000000000000e+05 
2.35009562117314e-02 1.00000000000000e+05 
2.36296756816894e-02 1.00000000000000e+05 
2.37584380658085e-02 1.00000000000000e+05 
2.38866576646116e-02 1.00000000000000e+05 
2.40139210492204e-02 1.00000000000000e+05 
2.41403773305833e-02 1.00000000000000e+05 
2.42661274211779e-02 1.00000000000000e+05 
2.43915903351989e-02 1.00000000000000e+05 
2.45166556682388e-02 1.00000000000000e+05 
2.46415995016043e-02 1.00000000000000e+05 
2.47663765692536e-02 1.00000000000000e+05 
2.48911767505341e-02 1.00000000000000e+05 
2.50156635201703e-02 1.00000000000000e+05 
2.51399883360153e-02 1.00000000000000e+05 
2.52652222628637e-02 1.00000000000000e+05 
2.53924860935810e-02 1.00000000000000e+05 
2.55196661501950e-02 1.00000000000000e+05 
2.56470676443177e-02 1.00000000000000e+05 
2.57738751926588e-02 1.00000000000000e+05 
2.59002716599628e-02 1.00000000000000e+05 
2.60264388152449e-02 1.00000000000000e+05 
2.61528496219640e-02 1.00000000000000e+05 
2.62794631259951e-02 1.00000000000000e+05 
2.64066118287382e-02 1.00000000000000e+05 
2.65342052068049e-02 1.00000000000000e+05 
2.66618548969152e-02 1.00000000000000e+05 
2.67894586941652e-02 1.00000000000000e+05 
2.69172043687402e-02 1.00000000000000e+05 
2.70482525269663e-02 1.00000000000000e+05 
2.71828203651614e-02 1.00000000000000e+05 
2.73192143963116e-02 1.00000000000000e+05 
2.74569728230837e-02 1.00000000000000e+05 
2.75942254920450e-02 1.00000000000000e+05 
2.77316483156849e-02 1.00000000000000e+05 
2.78691658624269e-02 1.00000000000000e+05 
2.80075532456508e-02 1.00000000000000e+05 
2.81466724772431e-02 1.00000000000000e+05 
2.82876400801125e-02 1.00000000000000e+05 
2.84278739089246e-02 1.00000000000000e+05 
2.85690346676001e-02 1.00000000000000e+05 
2.87105329085126e-02 1.00000000000000e+05 
2.88506752573998e-02 1.00000000000000e+05 
2.89944408155502e-02 1.00000000000000e+05 
2.91384870588728e-02 1.00000000000000e+05 
2.92825219057696e-02 1.00000000000000e+05 
2.94261389281494e-02 1.00000000000000e+05 
2.95695106356876e-02 1.00000000000000e+05 
2.97123735854714e-02 1.00000000000000e+05 
2.98551056960874e-02 1.00000000000000e+05 
2.99975075029657e-02 1.00000000000000e+05 
3.01398361324931e-02 1.00000000000000e+05 
3.02819575499677e-02 1.00000000000000e+05 
3.04241438672535e-02 1.00000000000000e+05 
3.05662913552954e-02 1.00000000000000e+05 
3.07086785394496e-02 1.00000000000000e+05 
3.08512029335839e-02 1.00000000000000e+05 
3.09940799192347e-02 1.00000000000000e+05 
3.11370392929059e-02 1.00000000000000e+05 
3.12801435497597e-02 1.00000000000000e+05 
3.14232996690627e-02 1.00000000000000e+05 
3.15664902546921e-02 1.00000000000000e+05 
3.17094095319226e-02 1.00000000000000e+05 
3.18516306076935e-02 1.00000000000000e+05 
3.19923172157771e-02 1.00000000000000e+05 
3.21324833338117e-02 1.00000000000000e+05 
3.22725801620459e-02 1.00000000000000e+05 
3.24123019113526e-02 1.00000000000000e+05 
3.25521910953299e-02 1.00000000000000e+05 
3.26918612283434e-02 1.00000000000000e+05 
3.28322130470017e-02 1.00000000000000e+05 
3.29729249914642e-02 1.00000000000000e+05 
3.31146705564756e-02 1.00000000000000e+05 
3.32535051479976e-02 1.00000000000000e+05 
3.33957295217104e-02 1.00000000000000e+05 
3.35356398843135e-02 1.00000000000000e+05 
3.36790744145864e-02 1.00000000000000e+05 
3.38202761727996e-02 1.00000000000000e+05 
3.39564107143837e-02 1.00000000000000e+05 
3.41004537572281e-02 1.00000000000000e+05 
3.42432992201485e-02 1.00000000000000e+05 
3.43835422189026e-02 1.00000000000000e+05 
3.45155041064838e-02 1.00000000000000e+05 
3.46446182229970e-02 1.00000000000000e+05 
3.47794028368557e-02 1.00000000000000e+05 
3.49100908790069e-02 1.00000000000000e+05 
3.50470339314491e-02 1.00000000000000e+05 
3.51762314664859e-02 1.00000000000000e+05 
3.53087337414114e-02 1.00000000000000e+05 
3.54450514503813e-02 1.00000000000000e+05 
3.55802944278506e-02 1.00000000000000e+05 
3.57171326737150e-02 1.00000000000000e+05 
3.58551997009580e-02 1.00000000000000e+05 
3.59931466974562e-02 1.00000000000000e+05 
3.61296301035513e-02 1.00000000000000e+05 
3.62653476052584e-02 1.00000000000000e+05 
3.64001548876179e-02 1.00000000000000e+05 
3.65342940786821e-02 1.00000000000000e+05 
3.66675970597507e-02 1.00000000000000e+05 
3.67997275953304e-02 1.00000000000000e+05 
3.69308981217069e-02 1.00000000000000e+05 
3.70613967074602e-02 1.00000000000000e+05 
3.71911075525013e-02 1.00000000000000e+05 
3.73204121950992e-02 1.00000000000000e+05 
3.74493617254867e-02 1.00000000000000e+05 
3.75779916561464e-02 1.00000000000000e+05 
3.77067664715631e-02 1.00000000000000e+05 
3.78360196273237e-02 1.00000000000000e+05 
3.79654840425279e-02 1.00000000000000e+05 
3.80955436594737e-02 1.00000000000000e+05 
3.82260085778725e-02 1.00000000000000e+05 
3.83565477352623e-02 1.00000000000000e+05 
3.84873202574659e-02 1.00000000000000e+05 
3.86185344086428e-02 1.00000000000000e+05 
3.87502760877598e-02 1.00000000000000e+05 
3.88802495232298e-02 1.00000000000000e+05 
3.90098438393995e-02 1.00000000000000e+05 
3.91384268673140e-02 1.00000000000000e+05 
3.92670464481733e-02 1.00000000000000e+05 
3.94011172001662e-02 1.00000000000000e+05 
3.95358633694453e-02 1.00000000000000e+05 
3.96710724717074e-02 1.00000000000000e+05 
3.98069192974538e-02 1.00000000000000e+05 
3.99432443519992e-02 1.00000000000000e+05 
4.00801759664196e-02 1.00000000000000e+05 
4.02167303983451e-02 1.00000000000000e+05 
4.03525151759160e-02 1.00000000000000e+05 
4.04881770466037e-02 1.00000000000000e+05 
4.06239658118749e-02 1.00000000000000e+05 
4.07587167118847e-02 1.00000000000000e+05 
4.08915369989792e-02 1.00000000000000e+05 
4.10230575047642e-02 1.00000000000000e+05 
4.11532067141628e-02 1.00000000000000e+05 
4.12826993088458e-02 1.00000000000000e+05 
4.14112828723593e-02 1.00000000000000e+05 
4.15396485260282e-02 1.00000000000000e+05 
4.16677787094533e-02 1.00000000000000e+05 
4.17963149399634e-02 1.00000000000000e+05 
4.19249225606278e-02 1.00000000000000e+05 
4.20546996377070e-02 1.00000000000000e+05 
4.21851893019592e-02 1.00000000000000e+05 
4.23157032756264e-02 1.00000000000000e+05 
4.24466559404274e-02 1.00000000000000e+05 
4.25783061593619e-02 1.00000000000000e+05 
4.27101770512677e-02 1.00000000000000e+05 
4.28428309184885e-02 1.00000000000000e+05 
4.29753518367500e-02 1.00000000000000e+05 
4.31083608820034e-02 1.00000000000000e+05 
4.32410584721067e-02 1.00000000000000e+05 
4.33738915403674e-02 1.00000000000000e+05 
4.35065684729752e-02 1.00000000000000e+05 
4.36389271679934e-02 1.00000000000000e+05 
4.37710463605870e-02 1.00000000000000e+05 
4.39026663270227e-02 1.00000000000000e+05 
4.40344682720868e-02 1.00000000000000e+05 
4.41661108549069e-02 1.00000000000000e+05 
4.42983420032588e-02 1.00000000000000e+05 
4.44306310328929e-02 1.00000000000000e+05 
4.45632327503755e-02 1.00000000000000e+05 
4.46961662607336e-02 1.00000000000000e+05 
4.48303670195284e-02 1.00000000000000e+05 
4.49658735005610e-02 1.00000000000000e+05 
4.51015942852952e-02 1.00000000000000e+05 
4.52378012542578e-02 1.00000000000000e+05 
4.53739097763931e-02 1.00000000000000e+05 
4.55104898857793e-02 1.00000000000000e+05 
4.56469393792143e-02 1.00000000000000e+05 
4.57838071317408e-02 1.00000000000000e+05 
4.59204046152180e-02 1.00000000000000e+05 
4.60575912429159e-02 1.00000000000000e+05 
4.61946096399183e-02 1.00000000000000e+05 
4.63322141101237e-02 1.00000000000000e+05 
4.64631177199761e-02 1.00000000000000e+05 
4.65934419827377e-02 1.00000000000000e+05 
4.67223363567303e-02 1.00000000000000e+05 
4.68487221401743e-02 1.00000000000000e+05 
4.69753688524057e-02 1.00000000000000e+05 
4.71011685759542e-02 1.00000000000000e+05 
4.72260335157334e-02 1.00000000000000e+05 
4.73502606022672e-02 1.00000000000000e+05 
4.74742017257272e-02 1.00000000000000e+05 
4.75979337498941e-02 1.00000000000000e+05 
4.77215809070220e-02 1.00000000000000e+05 
4.78439477841922e-02 1.00000000000000e+05 
4.79655626839217e-02 1.00000000000000e+05 
4.80867030803190e-02 1.00000000000000e+05 
4.82084263401633e-02 1.00000000000000e+05 
4.83274684820696e-02 1.00000000000000e+05 
4.84462577957506e-02 1.00000000000000e+05 
4.85644954097904e-02 1.00000000000000e+05 
4.86833684369867e-02 1.00000000000000e+05 
4.88023697212802e-02 1.00000000000000e+05 
4.89219524133169e-02 1.00000000000000e+05 
4.90411781759623e-02 1.00000000000000e+05 
4.91612484278277e-02 1.00000000000000e+05 
4.92817277584706e-02 1.00000000000000e+05 
4.94031405809324e-02 1.00000000000000e+05 
4.95241822286529e-02 1.00000000000000e+05 
4.96458827539082e-02 1.00000000000000e+05 
4.97677429142642e-02 1.00000000000000e+05 
4.98905680731398e-02 1.00000000000000e+05 
5.00136870486015e-02 1.00000000000000e+05 
5.01376279152193e-02 1.00000000000000e+05 
5.02616022319282e-02 1.00000000000000e+05 
5.03861881710781e-02 1.00000000000000e+05 
5.05107779274261e-02 1.00000000000000e+05 
5.06358681805109e-02 1.00000000000000e+05 
5.07609584102199e-02 1.00000000000000e+05 
5.08863360475778e-02 1.00000000000000e+05 
5.10117272507741e-02 1.00000000000000e+05 
5.11373295987101e-02 1.00000000000000e+05 
5.12628300364900e-02 1.00000000000000e+05 
5.13885361540466e-02 1.00000000000000e+05 
5.15140973980131e-02 1.00000000000000e+05 
5.16396004357867e-02 1.00000000000000e+05 
5.17652472055008e-02 1.00000000000000e+05 
5.18906562676544e-02 1.00000000000000e+05 
5.20161546516374e-02 1.00000000000000e+05 
5.21416097445075e-02 1.00000000000000e+05 
5.22671074258507e-02 1.00000000000000e+05 
5.23924995419550e-02 1.00000000000000e+05 
5.25179151119862e-02 1.00000000000000e+05 
5.26428273222761e-02 1.00000000000000e+05 
5.27677065015040e-02 1.00000000000000e+05 
5.28921330331910e-02 1.00000000000000e+05 
5.30163819311614e-02 1.00000000000000e+05 
5.31402013307180e-02 1.00000000000000e+05 
5.32639201589172e-02 1.00000000000000e+05 
5.33874163268973e-02 1.00000000000000e+05 
5.35110284778497e-02 1.00000000000000e+05 
5.36345212006821e-02 1.00000000000000e+05 
5.37582109397866e-02 1.00000000000000e+05 
5.38817775836980e-02 1.00000000000000e+05 
5.40055995638126e-02 1.00000000000000e+05 
5.41294333553364e-02 1.00000000000000e+05 
5.42536011776498e-02 1.00000000000000e+05 
5.43774809055207e-02 1.00000000000000e+05 
5.45015012890326e-02 1.00000000000000e+05 
5.46254456149274e-02 1.00000000000000e+05 
5.47495004609953e-02 1.00000000000000e+05 
5.48734508488263e-02 1.00000000000000e+05 
5.49977102290061e-02 1.00000000000000e+05 
5.51218804794853e-02 1.00000000000000e+05 
5.52465374262079e-02 1.00000000000000e+05 
5.53711594358638e-02 1.00000000000000e+05 
5.54961309372863e-02 1.00000000000000e+05 
5.56212383692000e-02 1.00000000000000e+05 
5.57466581951358e-02 1.00000000000000e+05 
5.58721685405990e-02 1.00000000000000e+05 
5.59981843914402e-02 1.00000000000000e+05 
5.61243236790243e-02 1.00000000000000e+05 
5.62509371103786e-02 1.00000000000000e+05 
5.63777319675120e-02 1.00000000000000e+05 
5.65047907983465e-02 1.00000000000000e+05 
5.66317583770858e-02 1.00000000000000e+05 
5.67585377246341e-02 1.00000000000000e+05 
5.68846942703858e-02 1.00000000000000e+05 
5.70106305621715e-02 1.00000000000000e+05 
5.71360177170298e-02 1.00000000000000e+05 
5.72613032867923e-02 1.00000000000000e+05 
5.73862016587438e-02 1.00000000000000e+05 
5.75111229719959e-02 1.00000000000000e+05 
5.76357478591652e-02 1.00000000000000e+05 
5.77604219167792e-02 1.00000000000000e+05 
5.78849783628030e-02 1.00302260645350e+05 
5.80096551677767e-02 1.02078404523152e+05 
5.81343991264871e-02 1.06504916769541e+05 
5.82590686831467e-02 1.14313785507211e+05 
5.83840352324889e-02 1.25009020701393e+05 
5.85091394370217e-02 1.37575840238582e+05 
5.86346424512580e-02 1.50584925482157e+05 
5.87603776970227e-02 1.62873435720541e+05 
5.88860163836691e-02 1.70616221798057e+05 
5.90119559303466e-02 1.74651987745129e+05 
5.91378089356581e-02 1.74382857895258e+05 
5.92637901887451e-02 1.74213858929422e+05 
5.93897883012410e-02 1.74037260085391e+05 
5.95161121765308e-02 1.73414988423493e+05 
5.96425494587660e-02 1.72503520896038e+05 
5.97688495463296e-02 1.71586844960375e+05 
5.98949160351155e-02 1.70627839778865e+05 
6.00208614410623e-02 1.69711207814570e+05 
6.01465603477319e-02 1.68887168085226e+05 
6.02721872268035e-02 1.68137398526046e+05 
6.03975767018637e-02 1.67482427629494e+05 
6.05229061455136e-02 1.66904608392502e+05 
6.06480811478863e-02 1.66381870500026e+05 
6.07731341280849e-02 1.65884875656363e+05 
6.08980224379452e-02 1.65403423871481e+05 
6.10228086587141e-02 1.64918936978994e+05 
6.11474187853772e-02 1.64425289965074e+05 
6.12719379171841e-02 1.63918293532515e+05 
6.13962862799861e-02 1.63396482303642e+05 
6.15205581086259e-02 1.62863075942858e+05 
6.16446702597237e-02 1.62319255493978e+05 
6.17686846531134e-02 1.61770582049043e+05 
6.18925326806115e-02 1.61218465788449e+05 
6.20162680050073e-02 1.60666937145066e+05 
6.21398513521290e-02 1.60116194905805e+05 
6.22633159398617e-02 1.59567506370847e+05 
6.23865811725891e-02 1.59019959550798e+05 
6.25097344106600e-02 1.58472253467521e+05 
6.26326999506687e-02 1.57922636347630e+05 
6.27555651410942e-02 1.57368340524804e+05 
6.28782905112200e-02 1.56807660877614e+05 
6.30008911468997e-02 1.56238430947959e+05 
6.31233878997901e-02 1.55660131854945e+05 
6.32457071454065e-02 1.55072364374491e+05 
6.33679052671622e-02 1.54476783750106e+05 
6.34899796263539e-02 1.53878214498404e+05 
6.36118814870469e-02 1.53284742832226e+05 
6.37336962595076e-02 1.52701677230006e+05 
6.38553498890045e-02 1.52139450876407e+05 
6.39769487285451e-02 1.51625441726528e+05 
6.40984279369200e-02 1.51190825665265e+05 
6.42198416788692e-02 1.50829820072628e+05 
6.43411537972419e-02 1.50560551780366e+05 
6.44623437816439e-02 1.50448068768827e+05 
6.45834312950501e-02 1.50446963492546e+05 
6.47044153078414e-02 1.50421277800528e+05 
6.48253025109701e-02 1.50650215970622e+05 
6.49461301685295e-02 1.51331600681529e+05 
6.50668813565641e-02 1.52620686033210e+05 
6.51875092957387e-02 1.54394941991611e+05 
6.53080929385212e-02 1.56590129428315e+05 
6.54285520697580e-02 1.59098245846495e+05 
6.55489237999763e-02 1.61769944979523e+05 
6.56692344606830e-02 1.64457495639438e+05 
6.57894202082904e-02 1.66885716385582e+05 
6.59095595207984e-02 1.68947313055036e+05 
6.60295855755359e-02 1.70384438992540e+05 
6.61494914885772e-02 1.71359829769788e+05 
6.62692967237621e-02 1.71694104629210e+05 
6.63889805057452e-02 1.71686839076048e+05 
6.65085510991495e-02 1.71441049451524e+05 
6.66279743321185e-02 1.71087830709435e+05 
6.67472565060358e-02 1.70624849106053e+05 
6.68663621009622e-02 1.70020290738253e+05 
6.69853048759187e-02 1.69335316316256e+05 
6.71040483350628e-02 1.68600707424934e+05 
6.72226785878692e-02 1.67836437536071e+05 
6.73410728969905e-02 1.67060694424173e+05 
6.74592818188613e-02 1.66292704098497e+05 
6.75772837414083e-02 1.65543759547378e+05 
6.76949626942169e-02 1.64819673888629e+05 
6.78126621245693e-02 1.64119634311462e+05 
6.79302343265743e-02 1.63446230569035e+05 
6.80475215925884e-02 1.62796126924702e+05 
6.81646072748080e-02 1.62168003584285e+05 
6.82814629404141e-02 1.61556155425481e+05 
6.83981398711809e-02 1.60958891692949e+05 
6.85146184392363e-02 1.60371467138583e+05 
6.86309326732191e-02 1.59792656441493e+05 
6.87470519179688e-02 1.59219067014099e+05 
6.88629836814677e-02 1.58650302147650e+05 
6.89787737804142e-02 1.58084075001637e+05 
6.90944140390143e-02 1.57520614591246e+05 
6.92099655672931e-02 1.56958739887845e+05 
6.93253794799593e-02 1.56399361902232e+05 
6.94410622261668e-02 1.55840438899472e+05 
6.95568119411233e-02 1.55283909878762e+05 
6.96724672438192e-02 1.54730923441041e+05 
6.97880725621615e-02 1.54182286866263e+05 
6.99036062849159e-02 1.53638631329576e+05 
7.00191098018695e-02 1.53100681474715e+05 
7.01345316405641e-02 1.52569163538416e+05 
7.02499061248323e-02 1.52044620679038e+05 
7.03652276291148e-02 1.51527407361039e+05 
7.04805213329781e-02 1.51017847957812e+05 
7.05957903644840e-02 1.50516054808288e+05 
7.07110681126842e-02 1.50022053751868e+05 
7.08263222028646e-02 1.49535904342634e+05 
7.09416214572989e-02 1.49057247605443e+05 
7.10568977689038e-02 1.48586109823237e+05 
7.11721897857976e-02 1.48122065692727e+05 
7.12874676119264e-02 1.47664840380087e+05 
7.14027905975921e-02 1.47213795432540e+05 
7.15181422481809e-02 1.46768521093802e+05 
7.16335617111483e-02 1.46328386559041e+05 
7.17490509129040e-02 1.45892880527159e+05 
7.18645618899381e-02 1.45461682960307e+05 
7.19801319606396e-02 1.45034170459114e+05 
7.20958331178847e-02 1.44609618081236e+05 
7.22115897478226e-02 1.44187900971385e+05 
7.23274181199881e-02 1.43768594166653e+05 
7.24433305694204e-02 1.43351357544022e+05 
7.25593850980063e-02 1.42935739878879e+05 
7.26755452841494e-02 1.42521724086017e+05 
7.27917883729531e-02 1.42109276254548e+05 
7.29081490621098e-02 1.41698305835272e+05 
7.30246220596085e-02 1.41288907812500e+05 
7.31412455867990e-02 1.40881075878022e+05 
7.32582515754480e-02 1.40474052356185e+05 
7.33752597224656e-02 1.40069488405719e+05 
7.34924573850940e-02 1.39666855914107e+05 
7.36098044908537e-02 1.39266255956766e+05 
7.37273377791430e-02 1.38867567675977e+05 
7.38450073807074e-02 1.38471322925251e+05 
7.39627989023160e-02 1.38076906891455e+05 
7.40807088041303e-02 1.37684342667731e+05 
7.41987102897280e-02 1.37296601419770e+05 
7.43168438713991e-02 1.36905172357459e+05 
7.44350661470988e-02 1.36511388588892e+05 
7.45535920592238e-02 1.36115772744380e+05 
7.46723387884037e-02 1.35717070808856e+05 
7.47914365173425e-02 1.35313806602847e+05 
7.49106940249813e-02 1.34914901833935e+05 
7.50300798473418e-02 1.34509542056267e+05 
7.51495738385226e-02 1.34099461255415e+05 
7.52691827991030e-02 1.33675616467488e+05 
7.53888749201107e-02 1.33232670809415e+05 
7.55086831137641e-02 1.32774381929747e+05 
7.56285779011579e-02 1.32322628451606e+05 
7.57486053746564e-02 1.31886009931936e+05 
7.58687333012699e-02 1.31458730924969e+05 
7.59892329866741e-02 1.31051766310319e+05 
7.61099251923659e-02 1.30607372068367e+05 
7.62307551238306e-02 1.30114406506547e+05 
7.63517147312986e-02 1.29672258854517e+05 
7.64728131263848e-02 1.29849661193333e+05 
7.65940212087642e-02 1.30993902179322e+05 
7.67153723073583e-02 1.33385432479343e+05 
7.68368267642424e-02 1.37447939037774e+05 
7.69583468689654e-02 1.43043782257629e+05 
7.70800406325843e-02 1.49993415940370e+05 
7.72018336634652e-02 1.58128763416697e+05 
7.73237440505872e-02 1.66839723223682e+05 
7.74458093856673e-02 1.75655745579254e+05 
7.75680376553366e-02 1.84157542976513e+05 
7.76903415393688e-02 1.91281477310434e+05 
7.78127957461157e-02 1.96214092940162e+05 
7.79353438218947e-02 1.99222100868471e+05 
7.80580238386638e-02 2.00425551018012e+05 
7.81808296078225e-02 2.00131920730742e+05 
7.83037896770907e-02 1.99863579442352e+05 
7.84267964355260e-02 1.99545694460180e+05 
7.85501106917746e-02 1.99227696423537e+05 
7.86734965234877e-02 1.98892990993237e+05 
7.87970811106783e-02 1.98563282426083e+05 
7.89207806314887e-02 1.98293171087522e+05 
7.90447394448788e-02 1.98023671535920e+05 
7.91688011911380e-02 1.97735823328561e+05 
7.92930625765884e-02 1.97424609600156e+05 
7.94174352940254e-02 1.97032954058926e+05 
7.95419901561607e-02 1.96531146485488e+05 
7.96666826102253e-02 1.95967526660814e+05 
7.97915694273256e-02 1.95337262798807e+05 
7.99166289662646e-02 1.94600354484935e+05 
8.00418824707839e-02 1.93766424060256e+05 
8.01673257220035e-02 1.92863414327223e+05 
8.02929389720656e-02 1.91889708832775e+05 
8.04187328213463e-02 1.90854119294178e+05 
8.05447637978459e-02 1.89777940578415e+05 
8.06708360415398e-02 1.88677531256952e+05 
8.07972023909155e-02 1.87561820329061e+05 
8.09236396554463e-02 1.86441141704276e+05 
8.10502862991108e-02 1.85321687004336e+05 
8.11770431864983e-02 1.84210081045387e+05 
8.13040213111400e-02 1.83108531666006e+05 
8.14311394774794e-02 1.82020332340435e+05 
8.15585036684107e-02 1.80945234474161e+05 
8.16860190409698e-02 1.79884828492241e+05 
8.18137578418735e-02 1.78838058757466e+05 
8.19416548224104e-02 1.77805343630957e+05 
8.20697648592222e-02 1.76785644943124e+05 
8.21980332665056e-02 1.75779202842509e+05 
8.23265054439507e-02 1.74785363139198e+05 
8.24549603751905e-02 1.73805671021940e+05 
8.25838212494353e-02 1.72836843157886e+05 
8.27126893641203e-02 1.71881743528996e+05 
8.28417717600119e-02 1.70938822593974e+05 
8.29709228407188e-02 1.70008908545611e+05 
8.31002827112772e-02 1.69090923226196e+05 
8.32297522678713e-02 1.68185177988801e+05 
8.33594601622857e-02 1.67290558338140e+05 
8.34893110663014e-02 1.66407118735751e+05 
8.36194227888863e-02 1.65533664769549e+05 
8.37497027827698e-02 1.64670067365256e+05 
8.38802126060682e-02 1.63815397715989e+05 
8.40108629169264e-02 1.62969452326525e+05 
8.41417342236561e-02 1.62131158310153e+05 
8.42727648932281e-02 1.61300102867828e+05 
8.44040277480491e-02 1.60475291505663e+05 
8.45352773944840e-02 1.59657475314830e+05 
8.46668849092845e-02 1.58844159377341e+05 
8.47985037947406e-02 1.58036346238644e+05 
8.49303558669077e-02 1.57232431350540e+05 
8.50622786329082e-02 1.56433373494954e+05 
8.51944447982877e-02 1.55637324150022e+05 
8.53267153516508e-02 1.54842055144267e+05 
8.54592460146420e-02 1.54049006926562e+05 
8.55919161654124e-02 1.53259100623269e+05 
8.57248445311511e-02 1.52470509252948e+05 
8.58578894042183e-02 1.51684060762959e+05 
8.59911601939411e-02 1.50894248043157e+05 
8.61245687318705e-02 1.50100836681118e+05 
8.62580853189785e-02 1.49305776972465e+05 
8.63916430370009e-02 1.48508050544161e+05 
8.65253181310751e-02 1.47706982700275e+05 
8.66590549592030e-02 1.46902241037817e+05 
8.67929202846024e-02 1.46093317256280e+05 
8.69269133202230e-02 1.45280608976112e+05 
8.70610234756991e-02 1.44463540834607e+05 
8.71952655092423e-02 1.43642126699254e+05 
8.73296115162511e-02 1.42816669056688e+05 
8.74641047579238e-02 1.41987237829291e+05 
8.75987086416608e-02 1.41155285833487e+05 
8.77334887310041e-02 1.40320417580638e+05 
8.78683456543063e-02 1.39484062605743e+05 
8.80032719760379e-02 1.38647232225254e+05 
8.81382035236761e-02 1.37811244634928e+05 
8.82731769070708e-02 1.36976848752683e+05 
8.84082057731371e-02 1.36144899164264e+05 
8.85432902203327e-02 1.35316188461232e+05 
8.86784793652121e-02 1.34491344550868e+05 
8.88137473315492e-02 1.33671339854830e+05 
8.89491568530552e-02 1.32856502848798e+05 
8.90846763368778e-02 1.32047679801104e+05 
8.92203384226428e-02 1.31245186613352e+05 
8.93561405942750e-02 1.30449517900322e+05 
8.94920620981058e-02 1.29661137058618e+05 
8.96280841664945e-02 1.28880437238306e+05 
8.97641534348825e-02 1.28107876214387e+05 
8.99002777196823e-02 1.27343521005195e+05 
9.00362676711853e-02 1.26588422295864e+05 
9.01725458882215e-02 1.25840227984610e+05 
9.03089665173001e-02 1.25099669670209e+05 
9.04454200468082e-02 1.24367254990724e+05 
9.05818438885916e-02 1.23643146064756e+05 
9.07182474429351e-02 1.22927148059375e+05 
9.08544708688268e-02 1.22219893263481e+05 
9.09910837598098e-02 1.21518319376282e+05 
9.11277593682815e-02 1.20823965850923e+05 
9.12644945091910e-02 1.20136723193218e+05 
9.14012723213011e-02 1.19456500340859e+05 
9.15381722850609e-02 1.18782764093415e+05 
9.16757537385655e-02 1.18112591450595e+05 
9.18134577063390e-02 1.17448682227803e+05 
9.19512116641448e-02 1.16791547244068e+05 
9.20890408663044e-02 1.16140821604082e+05 
9.22268456981760e-02 1.15497514512427e+05 
9.23647276986471e-02 1.14861036773498e+05 
9.25026111708092e-02 1.14235270074696e+05 
9.26415170167877e-02 1.13613606366915e+05 
9.27808903203557e-02 1.12998877013039e+05 
9.29206109116399e-02 1.12388700956890e+05 
9.30603290236454e-02 1.11784167810464e+05 
9.32002082947462e-02 1.11187169361366e+05 
9.33401783662255e-02 1.10599525554299e+05 
9.34802864374356e-02 1.10019837552609e+05 
9.36204930378704e-02 1.09448358753227e+05 
9.37608127430505e-02 1.08885022393948e+05 
9.39012293134667e-02 1.08329815799834e+05 
9.40419486568392e-02 1.07781979365947e+05 
9.41828997016423e-02 1.07241647374395e+05 
9.43241667621762e-02 1.06708475594293e+05 
9.44654252326085e-02 1.06183467373891e+05 
9.46067280084701e-02 1.05666294291975e+05 
9.47503264251238e-02 1.05148623333157e+05 
9.48947177644430e-02 1.04635917573644e+05 
9.50391626491679e-02 1.04130526408858e+05 
9.51838247561676e-02 1.03631582482533e+05 
9.53285471495071e-02 1.03139250461954e+05 
9.54735083701097e-02 1.02652608259498e+05 
9.56185458326261e-02 1.02171778082079e+05 
9.57638957144467e-02 1.01695553732025e+05 
9.59094012007350e-02 1.01224167315167e+05 
9.60552104944357e-02 1.00756669552326e+05 
9.62011917425928e-02 1.00293071524117e+05 
9.63474243563562e-02 9.98325579306243e+04 
9.64938137272289e-02 9.93755574376923e+04 
9.66403911771766e-02 9.89208044986109e+04 
9.67870979860650e-02 9.84677970871525e+04 
9.69339571440130e-02 9.80165903491610e+04 
9.70809298824347e-02 9.75690198955442e+04 
9.72280319806378e-02 9.71210902370916e+04 
9.73752241340068e-02 9.66734718400937e+04 
9.75230474143698e-02 9.62251794769576e+04 
9.76709610949596e-02 9.57784866298687e+04 
9.78191196776737e-02 9.53309032032393e+04 
9.79673371692838e-02 9.48884470517657e+04 
9.81158902737348e-02 9.44500657866315e+04 
9.82644887171508e-02 9.40137394509025e+04 
9.84131714764598e-02 9.35794647966875e+04 
9.85618733866767e-02 9.31454560632352e+04 
9.87108190300113e-02 9.27103988168918e+04 
9.88598209463705e-02 9.22751884945283e+04 
9.90090444938353e-02 9.18412416791942e+04 
9.91585180120854e-02 9.14089951120554e+04 
9.93083132343369e-02 9.09786897505536e+04 
9.94583584736629e-02 9.05512227705872e+04 
9.96086823755225e-02 9.01270305823508e+04 
9.97591899261938e-02 8.97070373717857e+04 
9.99099011364047e-02 8.92915327732746e+04 
1.00060740121831e-01 8.88810999198154e+04 
1.00211722614810e-01 8.84759689211986e+04 
1.00362752051688e-01 8.80765376255962e+04 
1.00513918966005e-01 8.76826499276665e+04 
1.00664936913771e-01 8.72950107380964e+04 
1.00816183306437e-01 8.69126216011641e+04 
1.00967318683504e-01 8.65361998981462e+04 
1.01118583596610e-01 8.61650385865260e+04 
1.01269790676150e-01 8.57993946953038e+04 
1.01421080348155e-01 8.54387799411962e+04 
1.01572352989591e-01 8.50832131617932e+04 
1.01723686938916e-01 8.47323540750146e+04 
1.01875017117841e-01 8.43861483746833e+04 
1.02026398771135e-01 8.40443296274865e+04 
1.02177780085809e-01 8.37068465579439e+04 
1.02329193345706e-01 8.33735172789417e+04 
1.02480599817259e-01 8.30442961790478e+04 
1.02632013226506e-01 8.27190781777990e+04 
1.02783408064151e-01 8.23978211471907e+04 
1.02934786144415e-01 8.20804796771142e+04 
1.03086139019112e-01 8.17670035849797e+04 
1.03237455230549e-01 8.14574032002968e+04 
1.03388745592285e-01 8.11516094678155e+04 
1.03539975311657e-01 8.08496987983486e+04 
1.03691191547945e-01 8.05515446715756e+04 
1.03842307818880e-01 8.02573378565842e+04 
1.03993444619248e-01 7.99668231079297e+04 
1.04144495585321e-01 7.96802380479282e+04 
1.04295534477341e-01 7.93974262088359e+04 
1.04446525037354e-01 7.91184990804602e+04 
1.04597465531645e-01 7.88434595812727e+04 
1.04748381038413e-01 7.85722967242619e+04 
1.04899122717274e-01 7.83052702781917e+04 
1.05049907222218e-01 7.80420485505150e+04 
1.05200399305733e-01 7.77831941107483e+04 
1.05350933677996e-01 7.75281493416012e+04 
1.05501193570412e-01 7.72774885832822e+04 
1.05651421291987e-01 7.70307347329902e+04 
1.05801462039392e-01 7.67881507727819e+04 
1.05951522505225e-01 7.65495153770450e+04 
1.06101483709061e-01 7.63148048765867e+04 
1.06251491159646e-01 7.60841031296967e+04 
1.06401405509194e-01 7.58576085629613e+04 
1.06551356157633e-01 7.56342522959085e+04 
1.06701140008350e-01 7.54164189241580e+04 
1.06851088934575e-01 7.52028884961818e+04 
1.07000958940546e-01 7.49935089059593e+04 
1.07150991268247e-01 7.47878636180286e+04 
1.07301004025396e-01 7.45840088713681e+04 
1.07451186605526e-01 7.43817246518375e+04 
1.07601402570073e-01 7.41821524341995e+04 
1.07751794534459e-01 7.39854927407188e+04 
1.07902253831990e-01 7.37927740070360e+04 
1.08052867901832e-01 7.36043320535558e+04 
1.08203415392512e-01 7.34203278602991e+04 
1.08354241283626e-01 7.32404925720601e+04 
1.08505063556296e-01 7.30652626028079e+04 
1.08656127195739e-01 7.28947843438626e+04 
1.08807235154649e-01 7.27293252270306e+04 
1.08958541120132e-01 7.25687948072030e+04 
1.09109816063902e-01 7.24135664861639e+04 
1.09261096965680e-01 7.22638411184899e+04 
1.09412353042792e-01 7.21195598906953e+04 
1.09563501066191e-01 7.19814559572605e+04 
1.09714531631242e-01 7.18498018914386e+04 
1.09865089176180e-01 7.17237762914823e+04 
1.10015772433146e-01 7.16048966138288e+04 
1.10165966903797e-01 7.14938022608105e+04 
1.10315986816531e-01 7.13890247665577e+04 
1.10465808811971e-01 7.12906610569843e+04 
1.10615023514377e-01 7.11996037852024e+04 
1.10763720808941e-01 7.11130869426227e+04 
1.10911803692172e-01 7.10330323178633e+04 
1.11059354505062e-01 7.09590870267373e+04 
1.11206488484566e-01 7.08904862149290e+04 
1.11353445954579e-01 7.08271879220779e+04 
1.11499998302074e-01 7.07699601309475e+04 
1.11645875488677e-01 7.07156020341451e+04 
1.11790745860474e-01 7.06649435697495e+04 
1.11935467277820e-01 7.06211542589438e+04 
1.12079534808490e-01 7.05847478316442e+04 
1.12223533824083e-01 7.05560993032583e+04 
1.12367040008117e-01 7.05364042628109e+04 
1.12510574247352e-01 7.05236384255984e+04 
1.12653849311837e-01 7.05174955493793e+04 
1.12797324514985e-01 7.05176927752085e+04 
1.12940462509625e-01 7.05233188137893e+04 
1.13083801679111e-01 7.05337541646739e+04 
1.13226712299620e-01 7.05482126594296e+04 
1.13369087871840e-01 7.05660719342990e+04 
1.13510899436114e-01 7.05865977450816e+04 
1.13652251529787e-01 7.06092267938277e+04 
1.13793054317782e-01 7.06332771205479e+04 
1.13933701249537e-01 7.06583184294029e+04 
1.14074239215275e-01 7.06838272520156e+04 
1.14215274396799e-01 7.07093940869334e+04 
1.14356408133678e-01 7.07344148146805e+04 
1.14498014659240e-01 7.07586208844676e+04 
1.14639677356792e-01 7.07813874084799e+04 
1.14781861413946e-01 7.08022765785106e+04 
1.14923952989126e-01 7.08211116761129e+04 
1.15065490289487e-01 7.08372772066212e+04 
1.15206634903866e-01 7.08499592563515e+04 
1.15347543399921e-01 7.08591121027034e+04 
1.15488155349554e-01 7.08661266183801e+04 
1.15628702912313e-01 7.08696873890027e+04 
1.15769063400314e-01 7.08684786400362e+04 
1.15909517313119e-01 7.08640135007027e+04 
1.16049951417049e-01 7.08568887810717e+04 
1.16190744001341e-01 7.08456116286001e+04 
1.16331659377861e-01 7.08341548564993e+04 
1.16472996129988e-01 7.08241764821988e+04 
1.16614487601357e-01 7.08156014759195e+04 
1.16756188139062e-01 7.08079763053362e+04 
1.16897843399709e-01 7.08012982818518e+04 
1.17039822523682e-01 7.07956416373827e+04 
1.17181872941746e-01 7.07911085982887e+04 
1.17324236923286e-01 7.07876951663032e+04 
1.17466656492703e-01 7.07859586076757e+04 
1.17609090444557e-01 7.07862508390886e+04 
1.17751531386588e-01 7.07888624320647e+04 
1.17894087204233e-01 7.07940952275497e+04 
1.18036712967582e-01 7.08021940711712e+04 
1.18179502193829e-01 7.08130210087475e+04 
1.18322379055583e-01 7.08263601581496e+04 
1.18465405004192e-01 7.08420379095880e+04 
1.18608350609217e-01 7.08597239388683e+04 
1.18751357484745e-01 7.08762619866947e+04 
1.18894203106890e-01 7.08924966475569e+04 
1.19037054357125e-01 7.09116667253614e+04 
1.19179728517901e-01 7.09265864743184e+04 
1.19322828356790e-01 7.09311454538286e+04 
1.19465903882410e-01 7.09620682106188e+04 
1.19609002901336e-01 7.10018991165248e+04 
1.19752027363269e-01 7.10482366558380e+04 
1.19894978312443e-01 7.11168790964357e+04 
1.20037842962593e-01 7.12635078887059e+04 
1.20180622059431e-01 7.21777640809718e+04 
1.20323309528924e-01 7.44114493764222e+04 
1.20465909935190e-01 7.82168462445457e+04 
1.20608410814916e-01 8.33562741651418e+04 
1.20750857435859e-01 8.96041735688534e+04 
1.20893116976683e-01 9.60533461208416e+04 
1.21035269304091e-01 1.02389422496948e+05 
1.21177242200334e-01 1.06908052119579e+05 
1.21319096456180e-01 1.09462973367995e+05 
1.21460785998446e-01 1.10212220653164e+05 
1.21602352031653e-01 1.10194479966526e+05 
1.21744255677917e-01 1.10218360684639e+05 
1.21886031879996e-01 1.10092068048323e+05 
1.22027712657979e-01 1.09682625398979e+05 
1.22169316946158e-01 1.09252637840086e+05 
1.22310800203889e-01 1.08840584246594e+05 
1.22452263948127e-01 1.08459223833460e+05 
1.22593620490052e-01 1.08111833994824e+05 
1.22734987816380e-01 1.07801069610089e+05 
1.22876293140402e-01 1.07539035857117e+05 
1.23017643080684e-01 1.07339693745901e+05 
1.23158933462968e-01 1.07168282543696e+05 
1.23300308598577e-01 1.07012217804710e+05 
1.23441680483076e-01 1.06859531024066e+05 
1.23583140332108e-01 1.06706250911665e+05 
1.23724657728277e-01 1.06547217337998e+05 
1.23866237535298e-01 1.06379004480073e+05 
1.24007940223122e-01 1.06199070688267e+05 
1.24149702231077e-01 1.06008807783694e+05 
1.24291603189405e-01 1.05812009740784e+05 
1.24433569440715e-01 1.05610382240509e+05 
1.24575686709319e-01 1.05406739676170e+05 
1.24717904300120e-01 1.05202367990255e+05 
1.24860276230053e-01 1.04999330138038e+05 
1.25002814431759e-01 1.04798484173402e+05 
1.25145475001003e-01 1.04600924818193e+05 
1.25288325244609e-01 1.04406388282970e+05 
1.25431310604001e-01 1.04215126064169e+05 
1.25574495558390e-01 1.04026473337602e+05 
1.25717846736876e-01 1.03840256972034e+05 
1.25861373043660e-01 1.03655817400209e+05 
1.26005085944446e-01 1.03472884812659e+05 
1.26148961328828e-01 1.03290890602672e+05 
1.26293039068320e-01 1.03109795729962e+05 
1.26437249277378e-01 1.02929348905026e+05 
1.26581657252947e-01 1.02749623397530e+05 
1.26726183733718e-01 1.02570601774833e+05 
1.26870915693149e-01 1.02392422717724e+05 
1.27015788421077e-01 1.02215213462851e+05 
1.27160817177436e-01 1.02039251957259e+05 
1.27306037384794e-01 1.01864499394925e+05 
1.27451365329744e-01 1.01691460690234e+05 
1.27596798650554e-01 1.01520021925148e+05 
1.27741788585899e-01 1.01351149487604e+05 
1.27886418523893e-01 1.01184560964141e+05 
1.28030664357156e-01 1.01020348400565e+05 
1.28175152777981e-01 1.00857641745283e+05 
1.28319155483022e-01 1.00697073174679e+05 
1.28462859872850e-01 1.00538529365985e+05 
1.28606106605615e-01 1.00381859893726e+05 
1.28749063620753e-01 1.00227114107759e+05 
1.28891620084722e-01 1.00074047426076e+05 
1.29033930044169e-01 9.99228159651218e+04 
1.29175908346669e-01 9.97732798856719e+04 
1.29317690869792e-01 9.96256475885596e+04 
1.29459207696553e-01 9.94799224529232e+04 
1.29600578300488e-01 9.93363098209128e+04 
1.29741750897713e-01 9.91949290064288e+04 
1.29882496462362e-01 9.90562520345994e+04 
1.30022608336094e-01 9.89205945549594e+04 
1.30162211929744e-01 9.87882482109085e+04 
1.30301316637205e-01 9.86582660019161e+04 
1.30440039047616e-01 9.85310381795126e+04 
1.30578751179513e-01 9.84057769477579e+04 
1.30717177863767e-01 9.82820267106301e+04 
1.30855160099877e-01 9.81598329279175e+04 
1.30992898236506e-01 9.80383597677310e+04 
1.31130323378403e-01 9.79177813310615e+04 
1.31267597262316e-01 9.77964403001430e+04 
1.31404681661971e-01 9.76721408604220e+04 
1.31541689171635e-01 9.75493005288612e+04 
1.31678595088380e-01 9.74180175978509e+04 
1.31815480479317e-01 9.72740367482587e+04 
1.31952324792948e-01 9.71319415646850e+04 
1.32089772091325e-01 9.69899545212741e+04 
1.32227355603129e-01 9.68427601567728e+04 
1.32365069965917e-01 9.66949656339430e+04 
1.32502661850534e-01 9.65155763107213e+04 
1.32640166732014e-01 9.63468515948933e+04 
1.32777633834923e-01 9.64559559235395e+04 
1.32915280562570e-01 9.71019913903218e+04 
1.33052896596999e-01 9.84712355765141e+04 
1.33190470083612e-01 1.00811847032150e+05 
1.33328039286520e-01 1.03938920898620e+05 
1.33465606539191e-01 1.07784015951955e+05 
1.33603216228165e-01 1.12208817121906e+05 
1.33740875358734e-01 1.16796235474482e+05 
1.33878623197422e-01 1.21204967731442e+05 
1.34016467389127e-01 1.25355867441441e+05 
1.34154840253521e-01 1.28453764708438e+05 
1.34293304767832e-01 1.30462139320621e+05 
1.34431865752921e-01 1.31395309566915e+05 
1.34570483641464e-01 1.31294881393016e+05 
1.34709196377304e-01 1.31115440507481e+05 
1.34847985275759e-01 1.30841399406841e+05 
1.34986879850015e-01 1.30491005047360e+05 
1.35125869965358e-01 1.30054460214607e+05 
1.35264982314005e-01 1.29583738070273e+05 
1.35404497638632e-01 1.29050800782543e+05 
1.35544166354090e-01 1.28506402501387e+05 
1.35683908731657e-01 1.27966943148939e+05 
1.35823751165834e-01 1.27447472671186e+05 
1.35963655498230e-01 1.26957902986408e+05 
1.36103647835734e-01 1.26500013736993e+05 
1.36243711307783e-01 1.26073346542330e+05 
1.36383866845910e-01 1.25678616570751e+05 
1.36524282951926e-01 1.25303838568762e+05 
1.36664817609502e-01 1.24952668855122e+05 
1.36805405344725e-01 1.24620451639952e+05 
1.36946077532905e-01 1.24304814513976e+05 
1.37086788355426e-01 1.24004355558299e+05 
1.37227538420111e-01 1.23713440886455e+05 
1.37368297125354e-01 1.23431277765356e+05 
1.37509266388520e-01 1.23157036578964e+05 
1.37650279845507e-01 1.22889769937245e+05 
1.37791366752654e-01 1.22627550189801e+05 
1.37932450844377e-01 1.22369627508910e+05 
1.38073520705544e-01 1.22084807082228e+05 
1.38214577834159e-01 1.21817782361725e+05 
1.38355628937196e-01 1.21583969988020e+05 
1.38496677503950e-01 1.21299194666861e+05 
1.38637951426186e-01 1.21135746213400e+05 
1.38779226870749e-01 1.21015186680516e+05 
1.38920513974981e-01 1.20961889049179e+05 
1.39061793473006e-01 1.20982089053877e+05 
1.39203076451499e-01 1.21408352650873e+05 
1.39344361897282e-01 1.22487062006261e+05 
1.39485740776311e-01 1.24602079908047e+05 
1.39627146456100e-01 1.27800754273685e+05 
1.39768565888387e-01 1.32094519506828e+05 
1.39910383560062e-01 1.36923303021817e+05 
1.40052217138220e-01 1.42395338892462e+05 
1.40194069306443e-01 1.48060364976861e+05 
1.40335961617548e-01 1.53209005615152e+05 
1.40477894209007e-01 1.58300672965060e+05 
1.40620230563579e-01 1.62170921121745e+05 
1.40762598505465e-01 1.64804220553618e+05 
1.40905021038003e-01 1.66530509265981e+05 
1.41047482193407e-01 1.67038054250030e+05 
1.41189983313955e-01 1.66771674739787e+05 
1.41332526615042e-01 1.66569060623420e+05 
1.41475117721291e-01 1.66298188619487e+05 
1.41617757540005e-01 1.65817973792202e+05 
1.41760448421074e-01 1.65329176743399e+05 
1.41903431985914e-01 1.64847577919601e+05 
1.42046447554980e-01 1.64348318079133e+05 
1.42189454288803e-01 1.63892867315518e+05 
1.42332438017277e-01 1.63427014906961e+05 
1.42475372435469e-01 1.62976745782166e+05 
1.42618238862110e-01 1.62540075086434e+05 
1.42761018704962e-01 1.62113872278415e+05 
1.42903684178886e-01 1.61682776574319e+05 
1.43046222620024e-01 1.61239334698732e+05 
1.43188760708571e-01 1.60772797302440e+05 
1.43331116000905e-01 1.60282898494641e+05 
1.43473268792730e-01 1.59762519539456e+05 
1.43615200801203e-01 1.59202342941111e+05 
1.43756891849893e-01 1.58608255034926e+05 
1.43898479105688e-01 1.57983173843630e+05 
1.44039838659555e-01 1.57323955029188e+05 
1.44181010900746e-01 1.56639323481943e+05 
1.44322580300454e-01 1.55932218322992e+05 
1.44463918737496e-01 1.55213302512717e+05 
1.44605062206774e-01 1.54477169199659e+05 
1.44746052749466e-01 1.53762931976836e+05 
1.44886884449946e-01 1.53067831201363e+05 
1.45027624912021e-01 1.52380708050494e+05 
1.45168218066904e-01 1.51707084102596e+05 
1.45308690594292e-01 1.51037103433870e+05 
1.45449051345855e-01 1.50387597280696e+05 
1.45589335675166e-01 1.49779681565606e+05 
1.45729554107055e-01 1.49226195739512e+05 
1.45869746422262e-01 1.48735718964257e+05 
1.46009974682644e-01 1.48303901020699e+05 
1.46150193471399e-01 1.47929621204700e+05 
1.46290410843034e-01 1.47609221813755e+05 
1.46430638488440e-01 1.47341447357843e+05 
1.46570905460168e-01 1.47116984477874e+05 
1.46711195169118e-01 1.46927807416194e+05 
1.46851720758329e-01 1.46764000871126e+05 
1.46992308661873e-01 1.46612652344623e+05 
1.47132970854954e-01 1.46460539855032e+05 
1.47273683144713e-01 1.46297244318410e+05 
1.47414579823529e-01 1.46109544452050e+05 
1.47555579774029e-01 1.45891657935446e+05 
1.47696694991558e-01 1.45631307962720e+05 
1.47837911204918e-01 1.45322512688341e+05 
1.47979226949079e-01 1.44982125548297e+05 
1.48120665169899e-01 1.44568878336077e+05 
1.48262200104433e-01 1.44103486482725e+05 
1.48403874091029e-01 1.43589742085594e+05 
1.48545647979622e-01 1.43063036629593e+05 
1.48687558679114e-01 1.42530922785703e+05 
1.48829577183416e-01 1.41992998485918e+05 
1.48972077693226e-01 1.41442187730620e+05 
1.49114735664467e-01 1.40875780890220e+05 
1.49257514419558e-01 1.40299080796856e+05 
1.49400457410434e-01 1.39712153240087e+05 
1.49543499925664e-01 1.39114875667824e+05 
1.49686676752671e-01 1.38509317292580e+05 
1.49830017610764e-01 1.37896863256359e+05 
1.49973498651757e-01 1.37279780110136e+05 
1.50117132973008e-01 1.36659250971039e+05 
1.50260904581234e-01 1.36036552590617e+05 
1.50404818632592e-01 1.35413005960440e+05 
1.50548868317828e-01 1.34789963165079e+05 
1.50693062643220e-01 1.34168901153703e+05 
1.50837359408488e-01 1.33551069933604e+05 
1.50981813526542e-01 1.32937340507444e+05 
1.51126657446547e-01 1.32327674424562e+05 
1.51271586409158e-01 1.31724043219308e+05 
1.51416594722064e-01 1.31127056910311e+05 
1.51561674419740e-01 1.30537150139151e+05 
1.51706827051388e-01 1.29954468564627e+05 
1.51852047494008e-01 1.29378979351043e+05 
1.51997348424567e-01 1.28810365230388e+05 
1.52142860047916e-01 1.28247850292403e+05 
1.52288453875245e-01 1.27691546005464e+05 
1.52434129479604e-01 1.27140998992921e+05 
1.52579885606171e-01 1.26595605655676e+05 
1.52726017043704e-01 1.26053702876406e+05 
1.52872289510540e-01 1.25515622470712e+05 
1.53018662040822e-01 1.24980964815890e+05 
1.53165156331276e-01 1.24449205731594e+05 
1.53311751636250e-01 1.23919949126518e+05 
1.53458463183283e-01 1.23392832198981e+05 
1.53605288043390e-01 1.22867518593132e+05 
1.53752229652667e-01 1.22343857513720e+05 
1.53899290156434e-01 1.21821628263276e+05 
1.54046399004961e-01 1.21301074954842e+05 
1.54193497542343e-01 1.20782290670482e+05 
1.54340729562589e-01 1.20264846314015e+05 
1.54487997320469e-01 1.19749025882928e+05 
1.54635344717615e-01 1.19234780372578e+05 
1.54782764473116e-01 1.18722076044457e+05 
1.54930239586722e-01 1.18211060108168e+05 
1.55077800675265e-01 1.17701535616951e+05 
1.55225433659289e-01 1.17193607629044e+05 
1.55373151724550e-01 1.16687111435743e+05 
1.55520967514168e-01 1.16182046352937e+05 
1.55668778920163e-01 1.15678644333124e+05 
1.55816778496125e-01 1.15176309315677e+05 
1.55964839812910e-01 1.14675390652650e+05 
1.56113034088958e-01 1.14175835277527e+05 
1.56261338970169e-01 1.13677745088795e+05 
1.56409724646362e-01 1.13181574275202e+05 
1.56558235442814e-01 1.12687586077043e+05 
1.56706836424842e-01 1.12196327094169e+05 
1.56855540804432e-01 1.11708763318735e+05 
1.57004335426336e-01 1.11225260392388e+05 
1.57153223822029e-01 1.10747229050436e+05 
1.57302210157615e-01 1.10276382402123e+05 
1.57451282393737e-01 1.09812112196581e+05 
1.57600449445955e-01 1.09359363210025e+05 
1.57749687595459e-01 1.08919489900211e+05 
1.57898848266207e-01 1.08488923434176e+05 
1.58047909725462e-01 1.08076347352846e+05 
1.58196898614762e-01 1.07678821396123e+05 
1.58345940298765e-01 1.07294310629870e+05 
1.58494876179029e-01 1.06913857214269e+05 
1.58643781861911e-01 1.06551362136913e+05 
1.58792573957300e-01 1.06208175286814e+05 
1.58941324479079e-01 1.05891673546286e+05 
1.59090017744946e-01 1.05603062234813e+05 
1.59238655062054e-01 1.05338385497297e+05 
1.59387240644181e-01 1.05099369497641e+05 
1.59535787725911e-01 1.04883665925254e+05 
1.59684307307032e-01 1.04688300159642e+05 
1.59832781623605e-01 1.04510844012764e+05 
1.59981283400598e-01 1.04347963064928e+05 
1.60129733019708e-01 1.04196797820800e+05 
1.60278240544366e-01 1.04052998022362e+05 
1.60426703941969e-01 1.03912678881347e+05 
1.60575247046521e-01 1.03771386347271e+05 
1.60723787960790e-01 1.03625366974407e+05 
1.60872372490707e-01 1.03470873198231e+05 
1.61020984858640e-01 1.03304371375033e+05 
1.61169694520693e-01 1.03123603468404e+05 
1.61318454298735e-01 1.02925508350712e+05 
1.61467357743267e-01 1.02708355954483e+05 
1.61616327030096e-01 1.02471537275201e+05 
1.61765479859596e-01 1.02210422802558e+05 
1.61852095465408e-01 1.02053159135136e+05 
1.61947372631801e-01 1.01868153778616e+05 
1.62052177514834e-01 1.01651985594279e+05 
1.62167462886169e-01 1.01402689566304e+05 
1.62254865078315e-01 1.01207625113126e+05 
1.62342919182388e-01 1.01001272192595e+05 
1.62430212053436e-01 1.00796770512507e+05 
1.62518181298176e-01 1.00590451103818e+05 
1.62605418511562e-01 1.00384880124832e+05 
1.62693351788782e-01 1.00177245803668e+05 
1.62780573179690e-01 9.99700267305872e+04 
1.62868504736379e-01 9.97597345523373e+04 
1.62955724705024e-01 9.95509157394714e+04 
1.63043655177936e-01 9.93406612119042e+04 
1.63133571668523e-01 9.91261905223182e+04 
1.63224233669640e-01 9.89107291375025e+04 
1.63323961870870e-01 9.86751838741428e+04 
1.63433662892222e-01 9.84181171029826e+04 
1.63554334015709e-01 9.81385606899687e+04 
1.63687072251545e-01 9.78373255913475e+04 
1.63833084310965e-01 9.75163462432058e+04 
1.63984860185094e-01 9.71896945433589e+04 
1.64136690593124e-01 9.68785357412148e+04 
1.64288834144351e-01 9.65858851466135e+04 
1.64441059825139e-01 9.63079505942950e+04 
1.64593497829871e-01 9.60425089902554e+04 
1.64746131252756e-01 9.57963746357257e+04 
1.64898982060054e-01 9.55530383119894e+04 
1.65052046634828e-01 9.53126025295873e+04 
1.65205322434118e-01 9.50795987810693e+04 
1.65358791237503e-01 9.48853793294474e+04 
1.65512429144033e-01 9.47454432840448e+04 
1.65666277115491e-01 9.46747985850732e+04 
1.65820248979124e-01 9.46896096834343e+04 
1.65974399408654e-01 9.47736885999603e+04 
1.66128651308388e-01 9.49227351638241e+04 
1.66282902676460e-01 9.51346934959515e+04 
1.66437152678928e-01 9.54034217773376e+04 
1.66591397780899e-01 9.57161670872584e+04 
1.66745638863492e-01 9.60638604620174e+04 
1.66899870257614e-01 9.64316125632288e+04 
1.67054484383695e-01 9.67998226112677e+04 
1.67209040506866e-01 9.71558590886674e+04 
1.67363621800141e-01 9.74837988006726e+04 
1.67518140006652e-01 9.77544128664376e+04 
1.67672586405385e-01 9.79528748212674e+04 
1.67827014981364e-01 9.81308439076029e+04 
1.67981476686844e-01 9.81795066251985e+04 
1.68135905289314e-01 9.81279686063216e+04 
1.68290380849731e-01 9.79988291143701e+04 
1.68444847105396e-01 9.77660273706703e+04 
1.68599363134867e-01 9.74979618973828e+04 
1.68753918184510e-01 9.72289811217718e+04 
1.68908849441276e-01 9.69493206095484e+04 
1.69063849584303e-01 9.66563906164291e+04 
1.69218888228843e-01 9.63429075232927e+04 
1.69373973046949e-01 9.60066232866805e+04 
1.69529106875546e-01 9.56502757549441e+04 
1.69684292171747e-01 9.52808730917644e+04 
1.69839534795494e-01 9.49011958071847e+04 
1.69994837246322e-01 9.45134144481839e+04 
1.70150368402861e-01 9.41205529647901e+04 
1.70306014008010e-01 9.37263853734793e+04 
1.70461697015308e-01 9.33332885596416e+04 
1.70617485341217e-01 9.29437143483845e+04 
1.70773328825839e-01 9.25589228407057e+04 
1.70929284127196e-01 9.21802469033457e+04 
1.71085309681406e-01 9.18082883613067e+04 
1.71241456801845e-01 9.14436221440174e+04 
1.71397699968838e-01 9.10864092852488e+04 
1.71554066463809e-01 9.07367437304795e+04 
1.71710558407187e-01 9.03943444486192e+04 
1.71867170892404e-01 9.00590277802696e+04 
1.72023917330210e-01 8.97302692043814e+04 
1.72180791057820e-01 8.94075931898445e+04 
1.72337801343597e-01 8.90903821721377e+04 
1.72494945850089e-01 8.87780210000012e+04 
1.72652171784247e-01 8.84700507522916e+04 
1.72809573921190e-01 8.81656793570340e+04 
1.72966908078785e-01 8.78648441051545e+04 
1.73124139735268e-01 8.75670792820513e+04 
1.73281284624399e-01 8.72719402510152e+04 
1.73364918364446e-01 8.71157089869509e+04 
1.73449212024374e-01 8.69587997420799e+04 
1.73532777125637e-01 8.68037454950265e+04 
1.73617060703590e-01 8.66478348856275e+04 
1.73700741147612e-01 8.64934737305638e+04 
1.73790567324393e-01 8.63282395043668e+04 
1.73874659273376e-01 8.61739563135363e+04 
1.73964412763661e-01 8.60097096504554e+04 
1.74049272143791e-01 8.58548001897736e+04 
1.74138960043212e-01 8.56914845230054e+04 
1.74224944476302e-01 8.55352957272428e+04 
1.74314575871510e-01 8.53728987754191e+04 
1.74402015179665e-01 8.52148819287356e+04 
1.74491599601448e-01 8.50534116739539e+04 
1.74580818979828e-01 8.48930924440138e+04 
1.74670365034541e-01 8.47326716482591e+04 
1.74759892791982e-01 8.45727994993370e+04 
1.74849578357080e-01 8.44132089982050e+04 
1.74939278797374e-01 8.42541761685107e+04 
1.75028967232139e-01 8.40958009514924e+04 
1.75118637214636e-01 8.39381204096204e+04 
1.75208295401387e-01 8.37811732650247e+04 
1.75297937405694e-01 8.36249941037804e+04 
1.75387567819070e-01 8.34696240296957e+04 
1.75477184107597e-01 8.33150936552024e+04 
1.75566789277216e-01 8.31614466123843e+04 
1.75656381592938e-01 8.30087098051770e+04 
1.75745793095253e-01 8.28572133084889e+04 
1.75835007379224e-01 8.27069989748116e+04 
1.75924224138415e-01 8.25577706577897e+04 
1.76013434069888e-01 8.24095591322427e+04 
1.76102652066833e-01 8.22623791112625e+04 
1.76191867190664e-01 8.21162590188837e+04 
1.76281097130106e-01 8.19712042298159e+04 
1.76370012989977e-01 8.18277498498187e+04 
1.76459262794770e-01 8.16848806255230e+04 
1.76548515540467e-01 8.15431330219329e+04 
1.76637762664575e-01 8.14025441097226e+04 
1.76726980959094e-01 8.12631446663049e+04 
1.76816139796214e-01 8.11249982604188e+04 
1.76905296709621e-01 8.09880046206252e+04 
1.76994410264101e-01 8.08522384260986e+04 
1.77083586771276e-01 8.07175237453129e+04 
1.77172750438711e-01 8.05839832600305e+04 
1.77262022856717e-01 8.04514175281037e+04 
1.77351287874214e-01 8.03200015126444e+04 
1.77438801618450e-01 8.01922489164870e+04 
1.77528187823713e-01 8.00628745309563e+04 
1.77616835296660e-01 7.99356515701782e+04 
1.77705958822927e-01 7.98088290063866e+04 
1.77795064358638e-01 7.96830891640096e+04 
1.77884212177436e-01 7.95583422730135e+04 
1.77972616987120e-01 7.94356332277732e+04 
1.78060736643775e-01 7.93143088928278e+04 
1.78146627998565e-01 7.91969744084537e+04 
1.78234204808484e-01 7.90782659583257e+04 
1.78322309855277e-01 7.89597579250057e+04 
1.78410452353890e-01 7.88421088037686e+04 
1.78498774712138e-01 7.87251055757080e+04 
1.78587159278590e-01 7.86088928455389e+04 
1.78676102207983e-01 7.84927961827165e+04 
1.78765447743627e-01 7.83770221939699e+04 
1.78855634897564e-01 7.82609887308166e+04 
1.78944503717049e-01 7.81474575418203e+04 
1.79033509302938e-01 7.80345242020723e+04 
1.79122579688823e-01 7.79222732597737e+04 
1.79211337389462e-01 7.78111514277793e+04 
1.79299920910600e-01 7.77009732916310e+04 
1.79390126513842e-01 7.75895001170603e+04 
1.79480515379674e-01 7.74785279911714e+04 
1.79564002850121e-01 7.73766578293619e+04 
1.79648153464661e-01 7.72745901936720e+04 
1.79731660373721e-01 7.71739019961902e+04 
1.79815863885773e-01 7.70729873067562e+04 
1.79899490544371e-01 7.69733699250489e+04 
1.79984548550655e-01 7.68726797855484e+04 
1.80068383637980e-01 7.67740628524905e+04 
1.80153804921263e-01 7.66742399494773e+04 
1.80237911579118e-01 7.65766139643510e+04 
1.80323318082551e-01 7.64782019329279e+04 
1.80407713028643e-01 7.63816923516161e+04 
1.80493155091866e-01 7.62847641702350e+04 
1.80577837501642e-01 7.61894945921485e+04 
1.80663613653232e-01 7.60938497309770e+04 
1.80748615820146e-01 7.59999687117062e+04 
1.80834818134652e-01 7.59057794019768e+04 
1.80920118962263e-01 7.58136477431938e+04 
1.81006800809349e-01 7.57211426803966e+04 
1.81092531047460e-01 7.56307997713965e+04 
1.81179893513290e-01 7.55400191214583e+04 
1.81266258900380e-01 7.54516567380702e+04 
1.81354561179676e-01 7.53628910008461e+04 
1.81441767242284e-01 7.52767038863860e+04 
1.81531276679291e-01 7.51898687265418e+04 
1.81619537359846e-01 7.51060255912594e+04 
1.81709922269354e-01 7.50222556882994e+04 
1.81799505298501e-01 7.49415905564305e+04 
1.81889816939820e-01 7.48628399768213e+04 
1.81980122073202e-01 7.47845112955909e+04 
1.82070371686013e-01 7.47100461072905e+04 
1.82160619962881e-01 7.46390699022705e+04 
1.82250906989029e-01 7.45700736976328e+04 
1.82341269161332e-01 7.45046125747105e+04 
1.82431504550584e-01 7.44423686188850e+04 
1.82522072641013e-01 7.43827505268515e+04 
1.82612627316747e-01 7.43274617105631e+04 
1.82703156533125e-01 7.42734483897443e+04 
1.82793670488916e-01 7.42206618643778e+04 
1.82883273043665e-01 7.41697088916320e+04 
1.82972796576833e-01 7.41199732568253e+04 
1.83062386684490e-01 7.40718423843105e+04 
