# Liste des scalaires : TEMPS pmat 
0.00000000000000e+00 1.00000000000000e+05 
3.97626290210628e-05 1.00000000000000e+05 
5.65757133132057e-05 1.00000000000000e+05 
7.12167811765278e-05 1.00000000000000e+05 
8.44204364270594e-05 1.00000000000000e+05 
9.67243242538350e-05 1.00000000000000e+05 
1.08340550080023e-04 1.00000000000000e+05 
1.19461244309120e-04 1.00000000000000e+05 
1.30190278789553e-04 1.00000000000000e+05 
1.40618447632151e-04 1.00000000000000e+05 
1.52089433359009e-04 1.00000000000000e+05 
1.63358383356330e-04 1.00000000000000e+05 
1.75091374293557e-04 1.00000000000000e+05 
1.87997664324506e-04 1.00000000000000e+05 
2.02194583358551e-04 1.00000000000000e+05 
2.16947298864995e-04 1.00000000000000e+05 
2.32586287555823e-04 1.00000000000000e+05 
2.49789175115733e-04 1.00000000000000e+05 
2.66885383437103e-04 1.00000000000000e+05 
2.85691212590610e-04 1.00000000000000e+05 
3.06377624659468e-04 1.00000000000000e+05 
3.27993830833939e-04 1.00000000000000e+05 
3.48954075420689e-04 1.00000000000000e+05 
3.72010344466115e-04 1.00000000000000e+05 
3.95364160738382e-04 1.00000000000000e+05 
4.21053358637875e-04 1.00000000000000e+05 
4.47854019091999e-04 1.00000000000000e+05 
4.74277566021920e-04 1.00000000000000e+05 
5.02658038557531e-04 1.00000000000000e+05 
5.33876558346703e-04 1.00000000000000e+05 
5.65854319623954e-04 1.00000000000000e+05 
5.97384523588075e-04 1.00000000000000e+05 
6.29218240342025e-04 1.00000000000000e+05 
6.64235328771370e-04 1.00000000000000e+05 
7.01646097743402e-04 1.00000000000000e+05 
7.39067973389394e-04 1.00000000000000e+05 
7.77396923072079e-04 1.00000000000000e+05 
8.17991359889954e-04 1.00000000000000e+05 
8.61727940330116e-04 1.00000000000000e+05 
9.05895666038160e-04 1.00000000000000e+05 
9.52090986200293e-04 1.00000000000000e+05 
1.00042702349601e-03 1.00000000000000e+05 
1.05078051499449e-03 1.00000000000000e+05 
1.10234038679642e-03 1.00000000000000e+05 
1.15681937353923e-03 1.00000000000000e+05 
1.21313016670564e-03 1.00000000000000e+05 
1.27054800196123e-03 1.00000000000000e+05 
1.32983181997962e-03 1.00000000000000e+05 
1.39137931707563e-03 1.00000000000000e+05 
1.45425954902611e-03 1.00000000000000e+05 
1.51853558991039e-03 1.00000000000000e+05 
1.58425090501917e-03 1.00000000000000e+05 
1.65105496874140e-03 1.00000000000000e+05 
1.71940374601747e-03 1.00000000000000e+05 
1.78919057154362e-03 1.00000000000000e+05 
1.86040676113809e-03 1.00000000000000e+05 
1.93310196732928e-03 1.00000000000000e+05 
2.00722289695990e-03 1.00000000000000e+05 
2.08301358077964e-03 1.00000000000000e+05 
2.16023684257149e-03 1.00000000000000e+05 
2.23886047837728e-03 1.00000000000000e+05 
2.31906217903599e-03 1.00000000000000e+05 
2.40071108892229e-03 1.00000000000000e+05 
2.48378055865393e-03 1.00000000000000e+05 
2.56858871070252e-03 1.00000000000000e+05 
2.65475407580940e-03 1.00000000000000e+05 
2.74223722899701e-03 1.00000000000000e+05 
2.83110652805807e-03 1.00000000000000e+05 
2.92183499458322e-03 1.00000000000000e+05 
3.01377675983057e-03 1.00000000000000e+05 
3.10683821451392e-03 1.00000000000000e+05 
3.20104021549766e-03 1.00000000000000e+05 
3.29598254170904e-03 1.00000000000000e+05 
3.39112272646306e-03 1.00000000000000e+05 
3.48606061416044e-03 1.00000000000000e+05 
3.58116238307096e-03 1.00000000000000e+05 
3.67634609318127e-03 1.00000000000000e+05 
3.76446683547826e-03 1.00000000000000e+05 
3.85005507792645e-03 1.00000000000000e+05 
3.93708896504444e-03 1.00000000000000e+05 
4.02041204758327e-03 1.00000000000000e+05 
4.09738365602166e-03 1.00000000000000e+05 
4.17156961803401e-03 1.00000000000000e+05 
4.24832000196753e-03 1.00000000000000e+05 
4.32350603529776e-03 1.00000000000000e+05 
4.40166818561479e-03 1.00000000000000e+05 
4.47734276512825e-03 1.00000000000000e+05 
4.55878749320004e-03 1.00000000000000e+05 
4.64085507526808e-03 1.00000000000000e+05 
4.72361548786768e-03 1.00000000000000e+05 
4.80664963194651e-03 1.00000000000000e+05 
4.88927025820947e-03 1.00000000000000e+05 
4.97237117552102e-03 1.00000000000000e+05 
5.05528430988105e-03 1.00000000000000e+05 
5.13844584968628e-03 1.00000000000000e+05 
5.22108197972823e-03 1.00000000000000e+05 
5.30380715376171e-03 1.00000000000000e+05 
5.38598668976388e-03 1.00000000000000e+05 
5.46813710207102e-03 1.00000000000000e+05 
5.54862257186114e-03 1.00000000000000e+05 
5.62736390827766e-03 1.00000000000000e+05 
5.70450332841751e-03 1.00000000000000e+05 
5.78071694410765e-03 1.00000000000000e+05 
5.85580208647308e-03 1.00000000000000e+05 
5.93022417600234e-03 1.00000000000000e+05 
6.00385339673498e-03 1.00000000000000e+05 
6.07626417135987e-03 1.00000000000000e+05 
6.14732529952758e-03 1.00000000000000e+05 
6.21734978069727e-03 1.00000000000000e+05 
6.28627986384452e-03 1.00000000000000e+05 
6.35414238376530e-03 1.00000000000000e+05 
6.42095391670550e-03 1.00000000000000e+05 
6.48695060139380e-03 1.00000000000000e+05 
6.55192668368852e-03 1.00000000000000e+05 
6.61651356473969e-03 1.00000000000000e+05 
6.68018715760003e-03 1.00000000000000e+05 
6.74333629638252e-03 1.00000000000000e+05 
6.80585602969700e-03 1.00000000000000e+05 
6.86772972226612e-03 1.00000000000000e+05 
6.92899865405514e-03 1.00000000000000e+05 
6.98978589101708e-03 1.00000000000000e+05 
7.04999112499855e-03 1.00000000000000e+05 
7.10992650903342e-03 1.00000000000000e+05 
7.16917819568451e-03 1.00000000000000e+05 
7.22825187452698e-03 1.00000000000000e+05 
7.28709455552254e-03 1.00000000000000e+05 
7.34603030001934e-03 1.00000000000000e+05 
7.40494226092588e-03 1.00000000000000e+05 
7.46386568362029e-03 1.00000000000000e+05 
7.52245749081821e-03 1.00000000000000e+05 
7.58098086686688e-03 1.00000000000000e+05 
7.63931576075488e-03 1.00000000000000e+05 
7.69768754308664e-03 1.00000000000000e+05 
7.75526033586769e-03 1.00000000000000e+05 
7.81188760865577e-03 1.00000000000000e+05 
7.86787336456153e-03 1.00000000000000e+05 
7.92331141176153e-03 1.00000000000000e+05 
7.97843956976172e-03 1.00000000000000e+05 
8.03331474179608e-03 1.00000000000000e+05 
8.08807451093386e-03 1.00000000000000e+05 
8.14275276736517e-03 1.00000000000000e+05 
8.19744268522899e-03 1.00000000000000e+05 
8.25220578445608e-03 1.00000000000000e+05 
8.30710475489854e-03 1.00000000000000e+05 
8.36222463942982e-03 1.00000000000000e+05 
8.41757967012189e-03 1.00000000000000e+05 
8.47315680552134e-03 1.00000000000000e+05 
8.52892528601207e-03 1.00000000000000e+05 
8.58500166109740e-03 1.00000000000000e+05 
8.64147388617383e-03 1.00000000000000e+05 
8.69845148071291e-03 1.00000000000000e+05 
8.75605860473056e-03 1.00000000000000e+05 
8.81440650910828e-03 1.00000000000000e+05 
8.87364486973648e-03 1.00000000000000e+05 
8.93366943895794e-03 1.00000000000000e+05 
8.99440339922140e-03 1.00000000000000e+05 
9.05597618971841e-03 1.00000000000000e+05 
9.11852784145720e-03 1.00000000000000e+05 
9.18219102256538e-03 1.00000000000000e+05 
9.24710033955431e-03 1.00000000000000e+05 
9.31300272694635e-03 1.00000000000000e+05 
9.37992138193763e-03 1.00000000000000e+05 
9.44795148279783e-03 1.00000000000000e+05 
9.51717674097281e-03 1.00000000000000e+05 
9.58768703635371e-03 1.00000000000000e+05 
9.65952972027237e-03 1.00000000000000e+05 
9.73240721552212e-03 1.00000000000000e+05 
9.80633574648010e-03 1.00000000000000e+05 
9.88137523670509e-03 1.00000000000000e+05 
9.95751718279453e-03 1.00000000000000e+05 
1.00347897643344e-02 1.00000000000000e+05 
1.01131549994545e-02 1.00000000000000e+05 
1.01926089717723e-02 1.00000000000000e+05 
1.02729926980380e-02 1.00000000000000e+05 
1.03541619613916e-02 1.00000000000000e+05 
1.04360431559447e-02 1.00000000000000e+05 
1.05186103818273e-02 1.00000000000000e+05 
1.06017905249632e-02 1.00000000000000e+05 
1.06855482675424e-02 1.00000000000000e+05 
1.07698256511429e-02 1.00000000000000e+05 
1.08545896715432e-02 1.00000000000000e+05 
1.09398082983819e-02 1.00000000000000e+05 
1.10254622950609e-02 1.00000000000000e+05 
1.11114241179281e-02 1.00000000000000e+05 
1.11975563643240e-02 1.00000000000000e+05 
1.12838709859335e-02 1.00000000000000e+05 
1.13703843551502e-02 1.00000000000000e+05 
1.14571396588987e-02 1.00000000000000e+05 
1.15420809281513e-02 1.00000000000000e+05 
1.16247499277124e-02 1.00000000000000e+05 
1.17069542264757e-02 1.00000000000000e+05 
1.17947605017424e-02 1.00000000000000e+05 
1.18827086582250e-02 1.00000000000000e+05 
1.19708860016080e-02 1.00000000000000e+05 
1.20593472481581e-02 1.00000000000000e+05 
1.21481847397267e-02 1.00000000000000e+05 
1.22374531401857e-02 1.00000000000000e+05 
1.23270227275707e-02 1.00000000000000e+05 
1.24167532284050e-02 1.00000000000000e+05 
1.25067263985816e-02 1.00000000000000e+05 
1.25970122493951e-02 1.00000000000000e+05 
1.26876941040457e-02 1.00000000000000e+05 
1.27788387532717e-02 1.00000000000000e+05 
1.28705288846471e-02 1.00000000000000e+05 
1.29624876497708e-02 1.00000000000000e+05 
1.30547576424454e-02 1.00000000000000e+05 
1.31474087805152e-02 1.00000000000000e+05 
1.32405248268389e-02 1.00000000000000e+05 
1.33341725580111e-02 1.00000000000000e+05 
1.34284341125498e-02 1.00000000000000e+05 
1.35231864175920e-02 1.00000000000000e+05 
1.36183218991437e-02 1.00000000000000e+05 
1.37139261228951e-02 1.00000000000000e+05 
1.38100643374656e-02 1.00000000000000e+05 
1.39068134978882e-02 1.00000000000000e+05 
1.40042326190782e-02 1.00000000000000e+05 
1.41023872876101e-02 1.00000000000000e+05 
1.42011406490510e-02 1.00000000000000e+05 
1.43003918720311e-02 1.00000000000000e+05 
1.44001868968798e-02 1.00000000000000e+05 
1.45005823120546e-02 1.00000000000000e+05 
1.46008693149597e-02 1.00000000000000e+05 
1.47015010072919e-02 1.00000000000000e+05 
1.48023332949419e-02 1.00000000000000e+05 
1.49034987657729e-02 1.00000000000000e+05 
1.50045233946965e-02 1.00000000000000e+05 
1.51056979645226e-02 1.00000000000000e+05 
1.52070858522302e-02 1.00000000000000e+05 
1.53094713628324e-02 1.00000000000000e+05 
1.54123158802290e-02 1.00000000000000e+05 
1.55157526181245e-02 1.00000000000000e+05 
1.56195457583989e-02 1.00000000000000e+05 
1.57240962383423e-02 1.00000000000000e+05 
1.58289989962590e-02 1.00000000000000e+05 
1.59342578843558e-02 1.00000000000000e+05 
1.60398023567923e-02 1.00000000000000e+05 
1.61462786006255e-02 1.00000000000000e+05 
1.62533244698391e-02 1.00000000000000e+05 
1.63611294180387e-02 1.00000000000000e+05 
1.64692734224338e-02 1.00000000000000e+05 
1.65782209193042e-02 1.00000000000000e+05 
1.66877245095360e-02 1.00000000000000e+05 
1.67977370373137e-02 1.00000000000000e+05 
1.69081358497178e-02 1.00000000000000e+05 
1.70189223211980e-02 1.00000000000000e+05 
1.71301403867604e-02 1.00000000000000e+05 
1.72417755219106e-02 1.00000000000000e+05 
1.73536395042602e-02 1.00000000000000e+05 
1.74660788490123e-02 1.00000000000000e+05 
1.75788653740355e-02 1.00000000000000e+05 
1.76921556112967e-02 1.00000000000000e+05 
1.78057838934747e-02 1.00000000000000e+05 
1.79196895151679e-02 1.00000000000000e+05 
1.80338817151764e-02 1.00000000000000e+05 
1.81484030469760e-02 1.00000000000000e+05 
1.82632612783944e-02 1.00000000000000e+05 
1.83784111957884e-02 1.00000000000000e+05 
1.84938875832506e-02 1.00000000000000e+05 
1.86096737647979e-02 1.00000000000000e+05 
1.87258455865600e-02 1.00000000000000e+05 
1.88422954211298e-02 1.00000000000000e+05 
1.89590590640501e-02 1.00000000000000e+05 
1.90761144168490e-02 1.00000000000000e+05 
1.91934351484805e-02 1.00000000000000e+05 
1.93110335336432e-02 1.00000000000000e+05 
1.94289479661491e-02 1.00000000000000e+05 
1.95471414209604e-02 1.00000000000000e+05 
1.96656286776706e-02 1.00000000000000e+05 
1.97844516678351e-02 1.00000000000000e+05 
1.99036302711481e-02 1.00000000000000e+05 
2.00230808953967e-02 1.00000000000000e+05 
2.01429039911584e-02 1.00000000000000e+05 
2.02628376639053e-02 1.00000000000000e+05 
2.03833733825588e-02 1.00000000000000e+05 
2.05042043252575e-02 1.00000000000000e+05 
2.06254895315432e-02 1.00000000000000e+05 
2.07470913057818e-02 1.00000000000000e+05 
2.08690584414853e-02 1.00000000000000e+05 
2.09912927920253e-02 1.00000000000000e+05 
2.11138778658041e-02 1.00000000000000e+05 
2.12367100252890e-02 1.00000000000000e+05 
2.13598701833912e-02 1.00000000000000e+05 
2.14833296241237e-02 1.00000000000000e+05 
2.16071013598123e-02 1.00000000000000e+05 
2.17311411486745e-02 1.00000000000000e+05 
2.18555537863232e-02 1.00000000000000e+05 
2.19802262597860e-02 1.00000000000000e+05 
2.21052722032321e-02 1.00000000000000e+05 
2.22303959859592e-02 1.00000000000000e+05 
2.23560726994039e-02 1.00000000000000e+05 
2.24820013266176e-02 1.00000000000000e+05 
2.26083196593177e-02 1.00000000000000e+05 
2.27348751631565e-02 1.00000000000000e+05 
2.28618213506615e-02 1.00000000000000e+05 
2.29890274733054e-02 1.00000000000000e+05 
2.31165905225944e-02 1.00000000000000e+05 
2.32444181299381e-02 1.00000000000000e+05 
2.33725655372040e-02 1.00000000000000e+05 
2.35009562117314e-02 1.00000000000000e+05 
2.36296756816894e-02 1.00000000000000e+05 
2.37584380658085e-02 1.00000000000000e+05 
2.38866576646116e-02 1.00000000000000e+05 
2.40139210492204e-02 1.00000000000000e+05 
2.41403773305833e-02 1.00000000000000e+05 
2.42661274211779e-02 1.00000000000000e+05 
2.43915903351989e-02 1.00000000000000e+05 
2.45166556682388e-02 1.00000000000000e+05 
2.46415995016043e-02 1.00000000000000e+05 
2.47663765692536e-02 1.00000000000000e+05 
2.48911767505341e-02 1.00000000000000e+05 
2.50156635201703e-02 1.00000000000000e+05 
2.51399883360153e-02 1.00000000000000e+05 
2.52652222628637e-02 1.00000000000000e+05 
2.53924860935810e-02 1.00000000000000e+05 
2.55196661501950e-02 1.00000000000000e+05 
2.56470676443177e-02 1.00000000000000e+05 
2.57738751926588e-02 1.00000000000000e+05 
2.59002716599628e-02 1.00000000000000e+05 
2.60264388152449e-02 1.00000000000000e+05 
2.61528496219640e-02 1.00000000000000e+05 
2.62794631259951e-02 1.00000000000000e+05 
2.64066118287382e-02 1.00000000000000e+05 
2.65342052068049e-02 1.00000000000000e+05 
2.66618548969152e-02 1.00000000000000e+05 
2.67894586941652e-02 1.00000000000000e+05 
2.69172043687402e-02 1.00000000000000e+05 
2.70482525269663e-02 1.00000000000000e+05 
2.71828203651614e-02 1.00000000000000e+05 
2.73192143963116e-02 1.00000000000000e+05 
2.74569728230837e-02 1.00000000000000e+05 
2.75942254920450e-02 1.00000000000000e+05 
2.77316483156849e-02 1.00000000000000e+05 
2.78691658624269e-02 1.00000000000000e+05 
2.80075532456508e-02 1.00000000000000e+05 
2.81466724772431e-02 1.00000000000000e+05 
2.82876400801125e-02 1.00000000000000e+05 
2.84278739089246e-02 1.00000000000000e+05 
2.85690346676001e-02 1.00000000000000e+05 
2.87105329085126e-02 1.00000000000000e+05 
2.88506752573998e-02 1.00000000000000e+05 
2.89944408155502e-02 1.00000000000000e+05 
2.91384870588728e-02 1.00000000000000e+05 
2.92825219057696e-02 1.00000000000000e+05 
2.94261389281494e-02 1.00000000000000e+05 
2.95695106356876e-02 1.00000000000000e+05 
2.97123735854714e-02 1.00000000000000e+05 
2.98551056960874e-02 1.00000000000000e+05 
2.99975075029657e-02 1.00000000000000e+05 
3.01398361324931e-02 1.00000000000000e+05 
3.02819575499677e-02 1.00000000000000e+05 
3.04241438672535e-02 1.00000000000000e+05 
3.05662913552954e-02 1.00000000000000e+05 
3.07086785394496e-02 1.00000000000000e+05 
3.08512029335839e-02 1.00000000000000e+05 
3.09940799192347e-02 1.00000000000000e+05 
3.11370392929059e-02 1.00000000000000e+05 
3.12801435497597e-02 1.00000000000000e+05 
3.14232996690627e-02 1.00000000000000e+05 
3.15664902546921e-02 1.00000000000000e+05 
3.17094095319226e-02 1.00000000000000e+05 
3.18516306076935e-02 1.00000000000000e+05 
3.19923172157771e-02 1.00000000000000e+05 
3.21324833338117e-02 1.00000000000000e+05 
3.22725801620459e-02 1.00000000000000e+05 
3.24123019113526e-02 1.00000000000000e+05 
3.25521910953299e-02 1.00000000000000e+05 
3.26918612283434e-02 1.00000000000000e+05 
3.28322130470017e-02 1.00000000000000e+05 
3.29729249914642e-02 1.00000000000000e+05 
3.31146705564756e-02 1.00000000000000e+05 
3.32535051479976e-02 1.00000000000000e+05 
3.33957295217104e-02 1.00000000000000e+05 
3.35356398843135e-02 1.00000000000000e+05 
3.36790744145864e-02 1.00000000000000e+05 
3.38202761727996e-02 1.00000000000000e+05 
3.39564107143837e-02 1.00000000000000e+05 
3.41004537572281e-02 1.00000000000000e+05 
3.42432992201485e-02 1.00000000000000e+05 
3.43835422189026e-02 1.00000000000000e+05 
3.45155041064838e-02 1.00000000000000e+05 
3.46446182229970e-02 1.00000000000000e+05 
3.47794028368557e-02 1.00000000000000e+05 
3.49100908790069e-02 1.00000000000000e+05 
3.50470339314491e-02 1.00000000000000e+05 
3.51762314664859e-02 1.00000000000000e+05 
3.53087337414114e-02 1.00000000000000e+05 
3.54450514503813e-02 1.00000000000000e+05 
3.55802944278506e-02 1.00000000000000e+05 
3.57171326737150e-02 1.00000000000000e+05 
3.58551997009580e-02 1.00000000000000e+05 
3.59931466974562e-02 1.00000000000000e+05 
3.61296301035513e-02 1.00000000000000e+05 
3.62653476052584e-02 1.00000000000000e+05 
3.64001548876179e-02 1.00000000000000e+05 
3.65342940786821e-02 1.00000000000000e+05 
3.66675970597507e-02 1.00000000000000e+05 
3.67997275953304e-02 1.00000000000000e+05 
3.69308981217069e-02 1.00000000000000e+05 
3.70613967074602e-02 1.00000000000000e+05 
3.71911075525013e-02 1.00000000000000e+05 
3.73204121950992e-02 1.00000000000000e+05 
3.74493617254867e-02 1.00000000000000e+05 
3.75779916561464e-02 1.00000000000000e+05 
3.77067664715631e-02 1.00000000000000e+05 
3.78360196273237e-02 1.00000000000000e+05 
3.79654840425279e-02 1.00000000000000e+05 
3.80955436594737e-02 1.00000000000000e+05 
3.82260085778725e-02 1.00000000000000e+05 
3.83565477352623e-02 1.00000000000000e+05 
3.84873202574659e-02 1.00000000000000e+05 
3.86185344086428e-02 1.00000000000000e+05 
3.87502760877598e-02 1.00000000000000e+05 
3.88802495232298e-02 1.00000000000000e+05 
3.90098438393995e-02 1.00000000000000e+05 
3.91384268673140e-02 1.00000000000000e+05 
3.92670464481733e-02 1.00000000000000e+05 
3.94011172001662e-02 1.00000000000000e+05 
3.95358633694453e-02 1.00000000000000e+05 
3.96710724717074e-02 1.00000000000000e+05 
3.98069192974538e-02 1.00000000000000e+05 
3.99432443519992e-02 1.00000000000000e+05 
4.00801759664196e-02 1.00000000000000e+05 
4.02167303983451e-02 1.00000000000000e+05 
4.03525151759160e-02 1.00000000000000e+05 
4.04881770466037e-02 1.00000000000000e+05 
4.06239658118749e-02 1.00000000000000e+05 
4.07587167118847e-02 1.00000000000000e+05 
4.08915369989792e-02 1.00000000000000e+05 
4.10230575047642e-02 1.00000000000000e+05 
4.11532067141628e-02 1.00000000000000e+05 
4.12826993088458e-02 1.00000000000000e+05 
4.14112828723593e-02 1.00000000000000e+05 
4.15396485260282e-02 1.00000000000000e+05 
4.16677787094533e-02 1.00000000000000e+05 
4.17963149399634e-02 1.00000000000000e+05 
4.19249225606278e-02 1.00000000000000e+05 
4.20546996377070e-02 1.00000000000000e+05 
4.21851893019592e-02 1.00000000000000e+05 
4.23157032756264e-02 1.00000000000000e+05 
4.24466559404274e-02 1.00000000000000e+05 
4.25783061593619e-02 1.00000000000000e+05 
4.27101770512677e-02 1.00000000000000e+05 
4.28428309184885e-02 1.00000000000000e+05 
4.29753518367500e-02 1.00000000000000e+05 
4.31083608820034e-02 1.00000000000000e+05 
4.32410584721067e-02 1.00000000000000e+05 
4.33738915403674e-02 1.00000000000000e+05 
4.35065684729752e-02 1.00000000000000e+05 
4.36389271679934e-02 1.00000000000000e+05 
4.37710463605870e-02 1.00000000000000e+05 
4.39026663270227e-02 1.00000000000000e+05 
4.40344682720868e-02 1.00000000000000e+05 
4.41661108549069e-02 1.00000000000000e+05 
4.42983420032588e-02 1.00000000000000e+05 
4.44306310328929e-02 1.00000000000000e+05 
4.45632327503755e-02 1.00000000000000e+05 
4.46961662607336e-02 1.00000000000000e+05 
4.48303670195284e-02 1.00000000000000e+05 
4.49658735005610e-02 1.00000000000000e+05 
4.51015942852952e-02 1.00000000000000e+05 
4.52378012542578e-02 1.00000000000000e+05 
4.53739097763931e-02 1.00000000000000e+05 
4.55104898857793e-02 1.00000000000000e+05 
4.56469393792143e-02 1.00000000000000e+05 
4.57838071317408e-02 1.00000000000000e+05 
4.59204046152180e-02 1.00000000000000e+05 
4.60575912429159e-02 1.00000000000000e+05 
4.61946096399183e-02 1.00000000000000e+05 
4.63322141101237e-02 1.00000000000000e+05 
4.64631177199761e-02 1.00000000000000e+05 
4.65934419827377e-02 1.00000000000000e+05 
4.67223363567303e-02 9.99999999999999e+04 
4.68487221401743e-02 1.00000000000000e+05 
4.69753688524057e-02 1.00000000000000e+05 
4.71011685759542e-02 1.00000000000000e+05 
4.72260335157334e-02 1.00000000000001e+05 
4.73502606022672e-02 1.00000000000003e+05 
4.74742017257272e-02 1.00000000000005e+05 
4.75979337498941e-02 1.00000000000008e+05 
4.77215809070220e-02 1.00000000000013e+05 
4.78439477841922e-02 1.00000000000019e+05 
4.79655626839217e-02 1.00000000000025e+05 
4.80867030803190e-02 1.00000000000034e+05 
4.82084263401633e-02 1.00000000000044e+05 
4.83274684820696e-02 1.00000000000056e+05 
4.84462577957506e-02 1.00000000000068e+05 
4.85644954097904e-02 1.00000000000081e+05 
4.86833684369867e-02 1.00000000000093e+05 
4.88023697212802e-02 1.00000000000107e+05 
4.89219524133169e-02 1.00000000000121e+05 
4.90411781759623e-02 1.00000000000135e+05 
4.91612484278277e-02 1.00000000000150e+05 
4.92817277584706e-02 1.00000000000166e+05 
4.94031405809324e-02 1.00000000000186e+05 
4.95241822286529e-02 1.00000000000207e+05 
4.96458827539082e-02 1.00000000000226e+05 
4.97677429142642e-02 1.00000000000247e+05 
4.98905680731398e-02 1.00000000000272e+05 
5.00136870486015e-02 1.00000000000301e+05 
5.01376279152193e-02 1.00000000000333e+05 
5.02616022319282e-02 1.00000000000369e+05 
5.03861881710781e-02 1.00000000000407e+05 
5.05107779274261e-02 1.00000000000449e+05 
5.06358681805109e-02 1.00000000000493e+05 
5.07609584102199e-02 1.00000000000540e+05 
5.08863360475778e-02 1.00000000000590e+05 
5.10117272507741e-02 1.00000000000642e+05 
5.11373295987101e-02 1.00000000000695e+05 
5.12628300364900e-02 1.00000000000752e+05 
5.13885361540466e-02 1.00000000000813e+05 
5.15140973980131e-02 1.00000000000883e+05 
5.16396004357867e-02 1.00000000000956e+05 
5.17652472055008e-02 1.00000000001034e+05 
5.18906562676544e-02 1.00000000001111e+05 
5.20161546516374e-02 1.00000000001190e+05 
5.21416097445075e-02 1.00000000001268e+05 
5.22671074258507e-02 1.00000000001347e+05 
5.23924995419550e-02 1.00000000001424e+05 
5.25179151119862e-02 1.00000000001497e+05 
5.26428273222761e-02 1.00000000001564e+05 
5.27677065015040e-02 1.00000000001630e+05 
5.28921330331910e-02 1.00000000001691e+05 
5.30163819311614e-02 1.00000000001751e+05 
5.31402013307180e-02 1.00000000001804e+05 
5.32639201589172e-02 1.00000000001856e+05 
5.33874163268973e-02 1.00000000001905e+05 
5.35110284778497e-02 1.00000000001952e+05 
5.36345212006821e-02 1.00000000001996e+05 
5.37582109397866e-02 1.00000000002036e+05 
5.38817775836980e-02 1.00000000002068e+05 
5.40055995638126e-02 1.00000000002097e+05 
5.41294333553364e-02 1.00000000002103e+05 
5.42536011776498e-02 1.00000000002108e+05 
5.43774809055207e-02 1.00000000002098e+05 
5.45015012890326e-02 1.00000000002085e+05 
5.46254456149274e-02 1.00000000002087e+05 
5.47495004609953e-02 1.00000000002096e+05 
5.48734508488263e-02 1.00000000002112e+05 
5.49977102290061e-02 1.00005062085936e+05 
5.51218804794853e-02 1.00218610507666e+05 
5.52465374262079e-02 1.01048920831630e+05 
5.53711594358638e-02 1.02734334816715e+05 
5.54961309372863e-02 1.05669474156057e+05 
5.56212383692000e-02 1.09889863722998e+05 
5.57466581951358e-02 1.15285342097892e+05 
5.58721685405990e-02 1.21732614832345e+05 
5.59981843914402e-02 1.28583162460608e+05 
5.61243236790243e-02 1.35340299242313e+05 
5.62509371103786e-02 1.42308986380429e+05 
5.63777319675120e-02 1.47939402116485e+05 
5.65047907983465e-02 1.51923792133176e+05 
5.66317583770858e-02 1.54474325024634e+05 
5.67585377246341e-02 1.55286611343784e+05 
5.68846942703858e-02 1.55145345949114e+05 
5.70106305621715e-02 1.54901720549357e+05 
5.71360177170298e-02 1.54612299158519e+05 
5.72613032867923e-02 1.54216234301305e+05 
5.73862016587438e-02 1.53656030703376e+05 
5.75111229719959e-02 1.53036702186065e+05 
5.76357478591652e-02 1.52376852299957e+05 
5.77604219167792e-02 1.51701998398613e+05 
5.78849783628030e-02 1.51036790221996e+05 
5.80096551677767e-02 1.50386109525679e+05 
5.81343991264871e-02 1.49770214021615e+05 
5.82590686831467e-02 1.49196299008870e+05 
5.83840352324889e-02 1.48668236469225e+05 
5.85091394370217e-02 1.48184334308543e+05 
5.86346424512580e-02 1.47743458592634e+05 
5.87603776970227e-02 1.47331102065722e+05 
5.88860163836691e-02 1.46953732578445e+05 
5.90119559303466e-02 1.46591680372216e+05 
5.91378089356581e-02 1.46251145443841e+05 
5.92637901887451e-02 1.45915928144088e+05 
5.93897883012410e-02 1.45592054568961e+05 
5.95161121765308e-02 1.45266338835654e+05 
5.96425494587660e-02 1.44941868211745e+05 
5.97688495463296e-02 1.44614480840791e+05 
5.98949160351155e-02 1.44287395844193e+05 
6.00208614410623e-02 1.43958565074664e+05 
6.01465603477319e-02 1.43631594470023e+05 
6.02721872268035e-02 1.43305052776962e+05 
6.03975767018637e-02 1.42980218626238e+05 
6.05229061455136e-02 1.42659943733591e+05 
6.06480811478863e-02 1.42340100975811e+05 
6.07731341280849e-02 1.42026176841111e+05 
6.08980224379452e-02 1.41712793330784e+05 
6.10228086587141e-02 1.41404771862628e+05 
6.11474187853772e-02 1.41096238022527e+05 
6.12719379171841e-02 1.40791744420739e+05 
6.13962862799861e-02 1.40486166363650e+05 
6.15205581086259e-02 1.40182014776418e+05 
6.16446702597237e-02 1.39877437312490e+05 
6.17686846531134e-02 1.39571572136929e+05 
6.18925326806115e-02 1.39265055324663e+05 
6.20162680050073e-02 1.38955854967841e+05 
6.21398513521290e-02 1.38645242820557e+05 
6.22633159398617e-02 1.38331245366207e+05 
6.23865811725891e-02 1.38015467013320e+05 
6.25097344106600e-02 1.37696316536885e+05 
6.26326999506687e-02 1.37375238361538e+05 
6.27555651410942e-02 1.37051219896000e+05 
6.28782905112200e-02 1.36725347759337e+05 
6.30008911468997e-02 1.36396987991428e+05 
6.31233878997901e-02 1.36067053418751e+05 
6.32457071454065e-02 1.35734726848011e+05 
6.33679052671622e-02 1.35401117949233e+05 
6.34899796263539e-02 1.35064710966006e+05 
6.36118814870469e-02 1.34727311116145e+05 
6.37336962595076e-02 1.34387034936722e+05 
6.38553498890045e-02 1.34045961275611e+05 
6.39769487285451e-02 1.33702615540510e+05 
6.40984279369200e-02 1.33358996256559e+05 
6.42198416788692e-02 1.33014081005583e+05 
6.43411537972419e-02 1.32669655700567e+05 
6.44623437816439e-02 1.32325070647778e+05 
6.45834312950501e-02 1.31981793386935e+05 
6.47044153078414e-02 1.31639133279657e+05 
6.48253025109701e-02 1.31298485347442e+05 
6.49461301685295e-02 1.30959066250772e+05 
6.50668813565641e-02 1.30622377003697e+05 
6.51875092957387e-02 1.30287809518407e+05 
6.53080929385212e-02 1.29956498789997e+05 
6.54285520697580e-02 1.29627929485464e+05 
6.55489237999763e-02 1.29303133307056e+05 
6.56692344606830e-02 1.28981123360815e+05 
6.57894202082904e-02 1.28663233743566e+05 
6.59095595207984e-02 1.28348594640778e+05 
6.60295855755359e-02 1.28038460146501e+05 
6.61494914885772e-02 1.27731939920045e+05 
6.62692967237621e-02 1.27430010261164e+05 
6.63889805057452e-02 1.27131460011491e+05 
6.65085510991495e-02 1.26837420332371e+05 
6.66279743321185e-02 1.26546308295927e+05 
6.67472565060358e-02 1.26259425890982e+05 
6.68663621009622e-02 1.25975208176983e+05 
6.69853048759187e-02 1.25695136651961e+05 
6.71040483350628e-02 1.25417199867097e+05 
6.72226785878692e-02 1.25143649215424e+05 
6.73410728969905e-02 1.24872404556006e+05 
6.74592818188613e-02 1.24605742195739e+05 
6.75772837414083e-02 1.24341088560083e+05 
6.76949626942169e-02 1.24081624776902e+05 
6.78126621245693e-02 1.23823774460766e+05 
6.79302343265743e-02 1.23570345899035e+05 
6.80475215925884e-02 1.23319551639601e+05 
6.81646072748080e-02 1.23072973301578e+05 
6.82814629404141e-02 1.22828577700531e+05 
6.83981398711809e-02 1.22587960495670e+05 
6.85146184392363e-02 1.22349497497341e+05 
6.86309326732191e-02 1.22114806466567e+05 
6.87470519179688e-02 1.21882498187390e+05 
6.88629836814677e-02 1.21653717621097e+05 
6.89787737804142e-02 1.21427232521267e+05 
6.90944140390143e-02 1.21203819677829e+05 
6.92099655672931e-02 1.20982770054746e+05 
6.93253794799593e-02 1.20764312504505e+05 
6.94410622261668e-02 1.20547447212027e+05 
6.95568119411233e-02 1.20332459328957e+05 
6.96724672438192e-02 1.20119828768184e+05 
6.97880725621615e-02 1.19909295733848e+05 
6.99036062849159e-02 1.19701080297228e+05 
7.00191098018695e-02 1.19494730157227e+05 
7.01345316405641e-02 1.19290615392278e+05 
7.02499061248323e-02 1.19088164623951e+05 
7.03652276291148e-02 1.18887331564825e+05 
7.04805213329781e-02 1.18687616566565e+05 
7.05957903644840e-02 1.18489038257734e+05 
7.07110681126842e-02 1.18291172930641e+05 
7.08263222028646e-02 1.18094128989369e+05 
7.09416214572989e-02 1.17897605421235e+05 
7.10568977689038e-02 1.17701824048286e+05 
7.11721897857976e-02 1.17506743589637e+05 
7.12874676119264e-02 1.17312548965185e+05 
7.14027905975921e-02 1.17119315006607e+05 
7.15181422481809e-02 1.16927173244582e+05 
7.16335617111483e-02 1.16736305746820e+05 
7.17490509129040e-02 1.16546806061509e+05 
7.18645618899381e-02 1.16359055404844e+05 
7.19801319606396e-02 1.16172843501755e+05 
7.20958331178847e-02 1.15988376655223e+05 
7.22115897478226e-02 1.15805572300869e+05 
7.23274181199881e-02 1.15624748638506e+05 
7.24433305694204e-02 1.15445627080164e+05 
7.25593850980063e-02 1.15268427975674e+05 
7.26755452841494e-02 1.15092914315206e+05 
7.27917883729531e-02 1.14919386574045e+05 
7.29081490621098e-02 1.14747506325092e+05 
7.30246220596085e-02 1.14577542613512e+05 
7.31412455867990e-02 1.14409167587276e+05 
7.32582515754480e-02 1.14242357029541e+05 
7.33752597224656e-02 1.14077416355387e+05 
7.34924573850940e-02 1.13914303797190e+05 
7.36098044908537e-02 1.13752885944901e+05 
7.37273377791430e-02 1.13593276262741e+05 
7.38450073807074e-02 1.13435378579438e+05 
7.39627989023160e-02 1.13279439515868e+05 
7.40807088041303e-02 1.13125388584099e+05 
7.41987102897280e-02 1.12973232823299e+05 
7.43168438713991e-02 1.12822854976103e+05 
7.44350661470988e-02 1.12674231084141e+05 
7.45535920592238e-02 1.12527062036417e+05 
7.46723387884037e-02 1.12381361152320e+05 
7.47914365173425e-02 1.12236943591808e+05 
7.49106940249813e-02 1.12093903329449e+05 
7.50300798473418e-02 1.11952248866690e+05 
7.51495738385226e-02 1.11811807076856e+05 
7.52691827991030e-02 1.11672475482598e+05 
7.53888749201107e-02 1.11533975185810e+05 
7.55086831137641e-02 1.11396438982590e+05 
7.56285779011579e-02 1.11259533467527e+05 
7.57486053746564e-02 1.11123348040160e+05 
7.58687333012699e-02 1.10987573660338e+05 
7.59892329866741e-02 1.10852014211958e+05 
7.61099251923659e-02 1.10716589500297e+05 
7.62307551238306e-02 1.10581430642552e+05 
7.63517147312986e-02 1.10446246937485e+05 
7.64728131263848e-02 1.10311118511702e+05 
7.65940212087642e-02 1.10175911512456e+05 
7.67153723073583e-02 1.10040646699490e+05 
7.68368267642424e-02 1.09905346480942e+05 
7.69583468689654e-02 1.09769793104584e+05 
7.70800406325843e-02 1.09634054135136e+05 
7.72018336634652e-02 1.09498073166132e+05 
7.73237440505872e-02 1.09362132004238e+05 
7.74458093856673e-02 1.09226122807174e+05 
7.75680376553366e-02 1.09090383738552e+05 
7.76903415393688e-02 1.08954984235920e+05 
7.78127957461157e-02 1.08820181926255e+05 
7.79353438218947e-02 1.08685985040269e+05 
7.80580238386638e-02 1.08552664937559e+05 
7.81808296078225e-02 1.08420012560340e+05 
7.83037896770907e-02 1.08288323535039e+05 
7.84267964355260e-02 1.08157470062401e+05 
7.85501106917746e-02 1.08027537062278e+05 
7.86734965234877e-02 1.07898516185735e+05 
7.87970811106783e-02 1.07770654021518e+05 
7.89207806314887e-02 1.07643748938750e+05 
7.90447394448788e-02 1.07518007981365e+05 
7.91688011911380e-02 1.07393242068022e+05 
7.92930625765884e-02 1.07269640679680e+05 
7.94174352940254e-02 1.07146905210467e+05 
7.95419901561607e-02 1.07025238854088e+05 
7.96666826102253e-02 1.06904309655975e+05 
7.97915694273256e-02 1.06784165819432e+05 
7.99166289662646e-02 1.06664613799277e+05 
8.00418824707839e-02 1.06545866611323e+05 
8.01673257220035e-02 1.06427768659862e+05 
8.02929389720656e-02 1.06310623129950e+05 
8.04187328213463e-02 1.06194253742625e+05 
8.05447637978459e-02 1.06078866245290e+05 
8.06708360415398e-02 1.05964440909631e+05 
8.07972023909155e-02 1.05850924702807e+05 
8.09236396554463e-02 1.05738279484303e+05 
8.10502862991108e-02 1.05626553143201e+05 
8.11770431864983e-02 1.05515607818669e+05 
8.13040213111400e-02 1.05405521080420e+05 
8.14311394774794e-02 1.05296120512783e+05 
8.15585036684107e-02 1.05187459963615e+05 
8.16860190409698e-02 1.05079375620931e+05 
8.18137578418735e-02 1.04971918318360e+05 
8.19416548224104e-02 1.04864887229249e+05 
8.20697648592222e-02 1.04758297347778e+05 
8.21980332665056e-02 1.04651947498803e+05 
8.23265054439507e-02 1.04545846524927e+05 
8.24549603751905e-02 1.04439940007592e+05 
8.25838212494353e-02 1.04333707320619e+05 
8.27126893641203e-02 1.04227748730911e+05 
8.28417717600119e-02 1.04121366239355e+05 
8.29709228407188e-02 1.04015476514774e+05 
8.31002827112772e-02 1.03909299399377e+05 
8.32297522678713e-02 1.03803675984848e+05 
8.33594601622857e-02 1.03697932926893e+05 
8.34893110663014e-02 1.03592719306218e+05 
8.36194227888863e-02 1.03487543634294e+05 
8.37497027827698e-02 1.03382430438381e+05 
8.38802126060682e-02 1.03278083150840e+05 
8.40108629169264e-02 1.03174219309071e+05 
8.41417342236561e-02 1.03071451850425e+05 
8.42727648932281e-02 1.02969341119360e+05 
8.44040277480491e-02 1.02868493100278e+05 
8.45352773944840e-02 1.02768546917359e+05 
8.46668849092845e-02 1.02669789217301e+05 
8.47985037947406e-02 1.02572150703696e+05 
8.49303558669077e-02 1.02476064654944e+05 
8.50622786329082e-02 1.02381349480225e+05 
8.51944447982877e-02 1.02288444344248e+05 
8.53267153516508e-02 1.02196339461225e+05 
8.54592460146420e-02 1.02107325631394e+05 
8.55919161654124e-02 1.02017240756313e+05 
8.57248445311511e-02 1.01932984394614e+05 
8.58578894042183e-02 1.01847882798589e+05 
8.59911601939411e-02 1.01767795809255e+05 
8.61245687318705e-02 1.01686865444167e+05 
8.62580853189785e-02 1.01610433816048e+05 
8.63916430370009e-02 1.01533194184180e+05 
8.65253181310751e-02 1.01460067166679e+05 
8.66590549592030e-02 1.01386026631323e+05 
8.67929202846024e-02 1.01315697459077e+05 
8.69269133202230e-02 1.01244177560370e+05 
8.70610234756991e-02 1.01176019065550e+05 
8.71952655092423e-02 1.01106267275425e+05 
8.73296115162511e-02 1.01039570361934e+05 
8.74641047579238e-02 1.00970824128974e+05 
8.75987086416608e-02 1.00904870930926e+05 
8.77334887310041e-02 1.00836571118941e+05 
8.78683456543063e-02 1.00770794003717e+05 
8.80032719760379e-02 1.00702697966076e+05 
8.81382035236761e-02 1.00636631045589e+05 
8.82731769070708e-02 1.00568712342785e+05 
8.84082057731371e-02 1.00500049210590e+05 
8.85432902203327e-02 1.00433215376190e+05 
8.86784793652121e-02 1.00365012211635e+05 
8.88137473315492e-02 1.00298063168365e+05 
8.89491568530552e-02 1.00229276115714e+05 
8.90846763368778e-02 1.00161328750931e+05 
8.92203384226428e-02 1.00091286521549e+05 
8.93561405942750e-02 1.00021673058293e+05 
8.94920620981058e-02 9.99503547817322e+04 
8.96280841664945e-02 9.98795528964167e+04 
8.97641534348825e-02 9.98069352670335e+04 
8.99002777196823e-02 9.97346860781641e+04 
9.00362676711853e-02 9.96605980922117e+04 
9.01725458882215e-02 9.95866350508345e+04 
9.03089665173001e-02 9.95106173150560e+04 
9.04454200468082e-02 9.94348247527844e+04 
9.05818438885916e-02 9.93570744195594e+04 
9.07182474429351e-02 9.92795819138760e+04 
9.08544708688268e-02 9.92002664301001e+04 
9.09910837598098e-02 9.91210269972903e+04 
9.11277593682815e-02 9.90398455027303e+04 
9.12644945091910e-02 9.89591057060790e+04 
9.14012723213011e-02 9.88765587743941e+04 
9.15381722850609e-02 9.87950449470774e+04 
9.16757537385655e-02 9.87110063962725e+04 
9.18134577063390e-02 9.86291645436368e+04 
9.19512116641448e-02 9.85444781823122e+04 
9.20890408663044e-02 9.84631828671821e+04 
9.22268456981760e-02 9.83783741938148e+04 
9.23647276986471e-02 9.82968822427752e+04 
9.25026111708092e-02 9.82127899682373e+04 
9.26415170167877e-02 9.81307903608792e+04 
9.27808903203557e-02 9.80475893708043e+04 
9.29206109116399e-02 9.79661439816787e+04 
9.30603290236454e-02 9.78873494756446e+04 
9.32002082947462e-02 9.78065460680465e+04 
9.33401783662255e-02 9.77285388648428e+04 
9.34802864374356e-02 9.76487604068543e+04 
9.36204930378704e-02 9.75719813412854e+04 
9.37608127430505e-02 9.74943513536133e+04 
9.39012293134667e-02 9.74193159606226e+04 
9.40419486568392e-02 9.73449193226448e+04 
9.41828997016423e-02 9.72725736609896e+04 
9.43241667621762e-02 9.72003614331297e+04 
9.44654252326085e-02 9.71301042934381e+04 
9.46067280084701e-02 9.70598172372908e+04 
9.47503264251238e-02 9.69903365583217e+04 
9.48947177644430e-02 9.69203898690785e+04 
9.50391626491679e-02 9.68522332526385e+04 
9.51838247561676e-02 9.67838388246061e+04 
9.53285471495071e-02 9.67169599480255e+04 
9.54735083701097e-02 9.66497712901185e+04 
9.56185458326261e-02 9.65838041431523e+04 
9.57638957144467e-02 9.65173738212330e+04 
9.59094012007350e-02 9.64519269373663e+04 
9.60552104944357e-02 9.63859004847203e+04 
9.62011917425928e-02 9.63210123341425e+04 
9.63474243563562e-02 9.62553507379795e+04 
9.64938137272289e-02 9.61908159733178e+04 
9.66403911771766e-02 9.61254099481686e+04 
9.67870979860650e-02 9.60612775714716e+04 
9.69339571440130e-02 9.59963682001823e+04 
9.70809298824347e-02 9.59327674094217e+04 
9.72280319806378e-02 9.58685442493383e+04 
9.73752241340068e-02 9.58055760548768e+04 
9.75230474143698e-02 9.57421380034982e+04 
9.76709610949596e-02 9.56797280961593e+04 
9.78191196776737e-02 9.56176715683200e+04 
9.79673371692838e-02 9.55561185179360e+04 
9.81158902737348e-02 9.54957066365726e+04 
9.82644887171508e-02 9.54351552201543e+04 
9.84131714764598e-02 9.53765261261377e+04 
9.85618733866767e-02 9.53175888198018e+04 
9.87108190300113e-02 9.52608601520538e+04 
9.88598209463705e-02 9.52040582262975e+04 
9.90090444938353e-02 9.51497126071150e+04 
9.91585180120854e-02 9.50953920226676e+04 
9.93083132343369e-02 9.50425464342219e+04 
9.94583584736629e-02 9.49900463853859e+04 
9.96086823755225e-02 9.49377062986262e+04 
9.97591899261938e-02 9.48855918868581e+04 
9.99099011364047e-02 9.48335186406298e+04 
1.00060740121831e-01 9.47814482327308e+04 
1.00211722614810e-01 9.47292565416080e+04 
1.00362752051688e-01 9.46769042854705e+04 
1.00513918966005e-01 9.46242173628765e+04 
1.00664936913771e-01 9.45713893854053e+04 
1.00816183306437e-01 9.45181468170207e+04 
1.00967318683504e-01 9.44648465870001e+04 
1.01118583596610e-01 9.44112291260026e+04 
1.01269790676150e-01 9.43577344626811e+04 
1.01421080348155e-01 9.43040476573337e+04 
1.01572352989591e-01 9.42506443209138e+04 
1.01723686938916e-01 9.41971935200369e+04 
1.01875017117841e-01 9.41442146336952e+04 
1.02026398771135e-01 9.40911633920235e+04 
1.02177780085809e-01 9.40387680437057e+04 
1.02329193345706e-01 9.39862405397966e+04 
1.02480599817259e-01 9.39344583114666e+04 
1.02632013226506e-01 9.38825365556028e+04 
1.02783408064151e-01 9.38312859961918e+04 
1.02934786144415e-01 9.37799032133302e+04 
1.03086139019112e-01 9.37290653379570e+04 
1.03237455230549e-01 9.36781066648706e+04 
1.03388745592285e-01 9.36275680098547e+04 
1.03539975311657e-01 9.35769478097578e+04 
1.03691191547945e-01 9.35266637540235e+04 
1.03842307818880e-01 9.34764173789593e+04 
1.03993444619248e-01 9.34265054521626e+04 
1.04144495585321e-01 9.33768269519279e+04 
1.04295534477341e-01 9.33275908842688e+04 
1.04446525037354e-01 9.32788046475975e+04 
1.04597465531645e-01 9.32306110331138e+04 
1.04748381038413e-01 9.31830308956778e+04 
1.04899122717274e-01 9.31361423089929e+04 
1.05049907222218e-01 9.30898914621474e+04 
1.05200399305733e-01 9.30442979451596e+04 
1.05350933677996e-01 9.29992735723799e+04 
1.05501193570412e-01 9.29547205934030e+04 
1.05651421291987e-01 9.29106241551347e+04 
1.05801462039392e-01 9.28665715738750e+04 
1.05951522505225e-01 9.28229516953742e+04 
1.06101483709061e-01 9.27792086858527e+04 
1.06251491159646e-01 9.27359155200194e+04 
1.06401405509194e-01 9.26924241172688e+04 
1.06551356157633e-01 9.26494238090868e+04 
1.06701140008350e-01 9.26061378467320e+04 
1.06851088934575e-01 9.25633106255741e+04 
1.07000958940546e-01 9.25200475525536e+04 
1.07150991268247e-01 9.24771801838393e+04 
1.07301004025396e-01 9.24337340958880e+04 
1.07451186605526e-01 9.23905643993501e+04 
1.07601402570073e-01 9.23467014824935e+04 
1.07751794534459e-01 9.23029790405211e+04 
1.07902253831990e-01 9.22584972697907e+04 
1.08052867901832e-01 9.22140514878671e+04 
1.08203415392512e-01 9.21688554233775e+04 
1.08354241283626e-01 9.21235410562808e+04 
1.08505063556296e-01 9.20774642174965e+04 
1.08656127195739e-01 9.20312127601915e+04 
1.08807235154649e-01 9.19841431870856e+04 
1.08958541120132e-01 9.19368156107609e+04 
1.09109816063902e-01 9.18879095593151e+04 
1.09261096965680e-01 9.18397456653421e+04 
1.09412353042792e-01 9.17900347518209e+04 
1.09563501066191e-01 9.17406437102753e+04 
1.09714531631242e-01 9.16915224765765e+04 
1.09865089176180e-01 9.16421917188092e+04 
1.10015772433146e-01 9.15935404814237e+04 
1.10165966903797e-01 9.15445465487161e+04 
1.10315986816531e-01 9.14963265318661e+04 
1.10465808811971e-01 9.14476608124194e+04 
1.10615023514377e-01 9.13998616859227e+04 
1.10763720808941e-01 9.13517421430894e+04 
1.10911803692172e-01 9.13044533451232e+04 
1.11059354505062e-01 9.12569130497169e+04 
1.11206488484566e-01 9.12100810338547e+04 
1.11353445954579e-01 9.11629180715362e+04 
1.11499998302074e-01 9.11164149741553e+04 
1.11645875488677e-01 9.10696379932071e+04 
1.11790745860474e-01 9.10237455292210e+04 
1.11935467277820e-01 9.09773158696019e+04 
1.12079534808490e-01 9.09317028914603e+04 
1.12223533824083e-01 9.08855331100034e+04 
1.12367040008117e-01 9.08400937591014e+04 
1.12510574247352e-01 9.07940210022360e+04 
1.12653849311837e-01 9.07485910781010e+04 
1.12797324514985e-01 9.07024534295707e+04 
1.12940462509625e-01 9.06571310174645e+04 
1.13083801679111e-01 9.06109907726874e+04 
1.13226712299620e-01 9.05659616771010e+04 
1.13369087871840e-01 9.05203333579839e+04 
1.13510899436114e-01 9.04759618594285e+04 
1.13652251529787e-01 9.04313107042480e+04 
1.13793054317782e-01 9.03878144200758e+04 
1.13933701249537e-01 9.03445273891775e+04 
1.14074239215275e-01 9.03025170013009e+04 
1.14215274396799e-01 9.02606414214133e+04 
1.14356408133678e-01 9.02203435409551e+04 
1.14498014659240e-01 9.01803084105989e+04 
1.14639677356792e-01 9.01421607582709e+04 
1.14781861413946e-01 9.01044243919827e+04 
1.14923952989126e-01 9.00686611958747e+04 
1.15065490289487e-01 9.00336101233635e+04 
1.15206634903866e-01 9.00003717733154e+04 
1.15347543399921e-01 8.99676769725809e+04 
1.15488155349554e-01 8.99362841826223e+04 
1.15628702912313e-01 8.99054946473095e+04 
1.15769063400314e-01 8.98750396637545e+04 
1.15909517313119e-01 8.98450516427099e+04 
1.16049951417049e-01 8.98140690609777e+04 
1.16190744001341e-01 8.97827108255441e+04 
1.16331659377861e-01 8.97493492486921e+04 
1.16472996129988e-01 8.97138969767430e+04 
1.16614487601357e-01 8.96772174660841e+04 
1.16756188139062e-01 8.96395207941987e+04 
1.16897843399709e-01 8.96045562022459e+04 
1.17039822523682e-01 8.95684438412781e+04 
1.17181872941746e-01 8.95353131687103e+04 
1.17324236923286e-01 8.95012169228523e+04 
1.17466656492703e-01 8.94701753693040e+04 
1.17609090444557e-01 8.94548901320760e+04 
1.17751531386588e-01 8.94709366645686e+04 
1.17894087204233e-01 8.95393304374046e+04 
1.18036712967582e-01 8.96802429863943e+04 
1.18179502193829e-01 8.99265628786765e+04 
1.18322379055583e-01 9.03071731981353e+04 
1.18465405004192e-01 9.08218178553648e+04 
1.18608350609217e-01 9.14750035767925e+04 
1.18751357484745e-01 9.22766136026614e+04 
1.18894203106890e-01 9.32235140059074e+04 
1.19037054357125e-01 9.43062049621658e+04 
1.19179728517901e-01 9.55028668121604e+04 
1.19322828356790e-01 9.67913466622778e+04 
1.19465903882410e-01 9.81318524446512e+04 
1.19609002901336e-01 9.94854921630873e+04 
1.19752027363269e-01 1.00805324574551e+05 
1.19894978312443e-01 1.02047738861447e+05 
1.20037842962593e-01 1.03198000922869e+05 
1.20180622059431e-01 1.04193822760354e+05 
1.20323309528924e-01 1.05064576364482e+05 
1.20465909935190e-01 1.05673550344887e+05 
1.20608410814916e-01 1.05992867643148e+05 
1.20750857435859e-01 1.06132376781792e+05 
1.20893116976683e-01 1.06035169940512e+05 
1.21035269304091e-01 1.05918840186251e+05 
1.21177242200334e-01 1.05796557572106e+05 
1.21319096456180e-01 1.05649699758167e+05 
1.21460785998446e-01 1.05483337502186e+05 
1.21602352031653e-01 1.05315619962623e+05 
1.21744255677917e-01 1.05147996499048e+05 
1.21886031879996e-01 1.04974799659067e+05 
1.22027712657979e-01 1.04812050524244e+05 
1.22169316946158e-01 1.04662740361703e+05 
1.22310800203889e-01 1.04517682840673e+05 
1.22452263948127e-01 1.04383063879529e+05 
1.22593620490052e-01 1.04253291832710e+05 
1.22734987816380e-01 1.04137360040698e+05 
1.22876293140402e-01 1.04029590628972e+05 
1.23017643080684e-01 1.03933262783609e+05 
1.23158933462968e-01 1.03842320412934e+05 
1.23300308598577e-01 1.03749290950341e+05 
1.23441680483076e-01 1.03670489030018e+05 
1.23583140332108e-01 1.03602973556859e+05 
1.23724657728277e-01 1.03548185925873e+05 
1.23866237535298e-01 1.03511945903263e+05 
1.24007940223122e-01 1.03490258673268e+05 
1.24149702231077e-01 1.03481733552005e+05 
1.24291603189405e-01 1.03481674100586e+05 
1.24433569440715e-01 1.03488075215013e+05 
1.24575686709319e-01 1.03501324095477e+05 
1.24717904300120e-01 1.03520114870011e+05 
1.24860276230053e-01 1.03543089957675e+05 
1.25002814431759e-01 1.03568425913481e+05 
1.25145475001003e-01 1.03595602119522e+05 
1.25288325244609e-01 1.03623516304282e+05 
1.25431310604001e-01 1.03652012754829e+05 
1.25574495558390e-01 1.03680247577364e+05 
1.25717846736876e-01 1.03708298185592e+05 
1.25861373043660e-01 1.03735402236002e+05 
1.26005085944446e-01 1.03761641515996e+05 
1.26148961328828e-01 1.03786220772716e+05 
1.26293039068320e-01 1.03809831933904e+05 
1.26437249277378e-01 1.03830549213370e+05 
1.26581657252947e-01 1.03849411481278e+05 
1.26726183733718e-01 1.03865508478021e+05 
1.26870915693149e-01 1.03878486086811e+05 
1.27015788421077e-01 1.03888787764787e+05 
1.27160817177436e-01 1.03894280136846e+05 
1.27306037384794e-01 1.03895337569272e+05 
1.27451365329744e-01 1.03891673629791e+05 
1.27596798650554e-01 1.03881945273969e+05 
1.27741788585899e-01 1.03866593774980e+05 
1.27886418523893e-01 1.03845732784141e+05 
1.28030664357156e-01 1.03818415338406e+05 
1.28175152777981e-01 1.03785614172555e+05 
1.28319155483022e-01 1.03747282030614e+05 
1.28462859872850e-01 1.03704233830034e+05 
1.28606106605615e-01 1.03656387419038e+05 
1.28749063620753e-01 1.03604594286659e+05 
1.28891620084722e-01 1.03548704332638e+05 
1.29033930044169e-01 1.03489605819347e+05 
1.29175908346669e-01 1.03427028817953e+05 
1.29317690869792e-01 1.03361842884675e+05 
1.29459207696553e-01 1.03293707128431e+05 
1.29600578300488e-01 1.03223471452577e+05 
1.29741750897713e-01 1.03150811808957e+05 
1.29882496462362e-01 1.03076761925895e+05 
1.30022608336094e-01 1.03001172256713e+05 
1.30162211929744e-01 1.02924912026316e+05 
1.30301316637205e-01 1.02847632568045e+05 
1.30440039047616e-01 1.02770284834694e+05 
1.30578751179513e-01 1.02692106689436e+05 
1.30717177863767e-01 1.02614350563025e+05 
1.30855160099877e-01 1.02536366563591e+05 
1.30992898236506e-01 1.02459412972999e+05 
1.31130323378403e-01 1.02382495906473e+05 
1.31267597262316e-01 1.02306821687753e+05 
1.31404681661971e-01 1.02231387248586e+05 
1.31541689171635e-01 1.02157474603905e+05 
1.31678595088380e-01 1.02083996489582e+05 
1.31815480479317e-01 1.02012056747199e+05 
1.31952324792948e-01 1.01940628896052e+05 
1.32089772091325e-01 1.01870388985266e+05 
1.32227355603129e-01 1.01800805743873e+05 
1.32365069965917e-01 1.01732597107940e+05 
1.32502661850534e-01 1.01665496262062e+05 
1.32640166732014e-01 1.01599711803556e+05 
1.32777633834923e-01 1.01535252129840e+05 
1.32915280562570e-01 1.01471770478361e+05 
1.33052896596999e-01 1.01409467933324e+05 
1.33190470083612e-01 1.01347859732103e+05 
1.33328039286520e-01 1.01287028217277e+05 
1.33465606539191e-01 1.01226545278070e+05 
1.33603216228165e-01 1.01166526903630e+05 
1.33740875358734e-01 1.01106429640566e+05 
1.33878623197422e-01 1.01046434380038e+05 
1.34016467389127e-01 1.00986055977395e+05 
1.34154840253521e-01 1.00925286875405e+05 
1.34293304767832e-01 1.00864044849241e+05 
1.34431865752921e-01 1.00802402719736e+05 
1.34570483641464e-01 1.00740517529158e+05 
1.34709196377304e-01 1.00678378378340e+05 
1.34847985275759e-01 1.00615852053428e+05 
1.34986879850015e-01 1.00552790710209e+05 
1.35125869965358e-01 1.00488839594329e+05 
1.35264982314005e-01 1.00423781272310e+05 
1.35404497638632e-01 1.00357102467419e+05 
1.35544166354090e-01 1.00288739565615e+05 
1.35683908731657e-01 1.00218502892315e+05 
1.35823751165834e-01 1.00146271328015e+05 
1.35963655498230e-01 1.00071967085300e+05 
1.36103647835734e-01 9.99956048898377e+04 
1.36243711307783e-01 9.99172776602154e+04 
1.36383866845910e-01 9.98372350997610e+04 
1.36524282951926e-01 9.97556467088883e+04 
1.36664817609502e-01 9.96731916056608e+04 
1.36805405344725e-01 9.95908685465849e+04 
1.36946077532905e-01 9.95098349457547e+04 
1.37086788355426e-01 9.94312164859334e+04 
1.37227538420111e-01 9.93579604602501e+04 
1.37368297125354e-01 9.92913213319446e+04 
1.37509266388520e-01 9.92338232938654e+04 
1.37650279845507e-01 9.91866625154853e+04 
1.37791366752654e-01 9.91556974107925e+04 
1.37932450844377e-01 9.91460655409980e+04 
1.38073520705544e-01 9.91488720201018e+04 
1.38214577834159e-01 9.91855761177918e+04 
1.38355628937196e-01 9.92529737451566e+04 
1.38496677503950e-01 9.93431303855294e+04 
1.38637951426186e-01 9.94630454258320e+04 
1.38779226870749e-01 9.95872634268381e+04 
1.38920513974981e-01 9.97346871815546e+04 
1.39061793473006e-01 9.99064667236618e+04 
1.39203076451499e-01 1.00109109067618e+05 
1.39344361897282e-01 1.00340570306353e+05 
1.39485740776311e-01 1.00588229659366e+05 
1.39627146456100e-01 1.00842189270163e+05 
1.39768565888387e-01 1.01096453537136e+05 
1.39910383560062e-01 1.01352307224357e+05 
1.40052217138220e-01 1.01568556255082e+05 
1.40194069306443e-01 1.01751762908934e+05 
1.40335961617548e-01 1.01908486095502e+05 
1.40477894209007e-01 1.02034088725727e+05 
1.40620230563579e-01 1.02146369307245e+05 
1.40762598505465e-01 1.02234436786881e+05 
1.40905021038003e-01 1.02291926177831e+05 
1.41047482193407e-01 1.02310233919087e+05 
1.41189983313955e-01 1.02298900351288e+05 
1.41332526615042e-01 1.02266147656872e+05 
1.41475117721291e-01 1.02218269708600e+05 
1.41617757540005e-01 1.02152461894098e+05 
1.41760448421074e-01 1.02077117816468e+05 
1.41903431985914e-01 1.01994161199329e+05 
1.42046447554980e-01 1.01910852356427e+05 
1.42189454288803e-01 1.01826836624872e+05 
1.42332438017277e-01 1.01745887759226e+05 
1.42475372435469e-01 1.01667793189055e+05 
1.42618238862110e-01 1.01595108942838e+05 
1.42761018704962e-01 1.01527670898496e+05 
1.42903684178886e-01 1.01467508595250e+05 
1.43046222620024e-01 1.01413353449639e+05 
1.43188760708571e-01 1.01366771335958e+05 
1.43331116000905e-01 1.01326204656923e+05 
1.43473268792730e-01 1.01292947395922e+05 
1.43615200801203e-01 1.01265510421789e+05 
1.43756891849893e-01 1.01245663920511e+05 
1.43898479105688e-01 1.01231286932620e+05 
1.44039838659555e-01 1.01223917182513e+05 
1.44181010900746e-01 1.01222276938931e+05 
1.44322580300454e-01 1.01227507406207e+05 
1.44463918737496e-01 1.01238165949211e+05 
1.44605062206774e-01 1.01255110836652e+05 
1.44746052749466e-01 1.01277044953253e+05 
1.44886884449946e-01 1.01304504074306e+05 
1.45027624912021e-01 1.01336056456575e+05 
1.45168218066904e-01 1.01372010069396e+05 
1.45308690594292e-01 1.01410643843388e+05 
1.45449051345855e-01 1.01452572284746e+05 
1.45589335675166e-01 1.01495632682021e+05 
1.45729554107055e-01 1.01540376080690e+05 
1.45869746422262e-01 1.01584888938055e+05 
1.46009974682644e-01 1.01629907118423e+05 
1.46150193471399e-01 1.01673850973608e+05 
1.46290410843034e-01 1.01716916995340e+05 
1.46430638488440e-01 1.01758467892729e+05 
1.46570905460168e-01 1.01799123803828e+05 
1.46711195169118e-01 1.01838143040340e+05 
1.46851720758329e-01 1.01876712068199e+05 
1.46992308661873e-01 1.01913777216593e+05 
1.47132970854954e-01 1.01950758140249e+05 
1.47273683144713e-01 1.01986945263019e+05 
1.47414579823529e-01 1.02023524030686e+05 
1.47555579774029e-01 1.02059699877802e+05 
1.47696694991558e-01 1.02097236439005e+05 
1.47837911204918e-01 1.02134938527116e+05 
1.47979226949079e-01 1.02174460935991e+05 
1.48120665169899e-01 1.02214844106216e+05 
1.48262200104433e-01 1.02257623956872e+05 
1.48403874091029e-01 1.02302111437520e+05 
1.48545647979622e-01 1.02349726466636e+05 
1.48687558679114e-01 1.02400376782221e+05 
1.48829577183416e-01 1.02455351866404e+05 
1.48972077693226e-01 1.02515097231705e+05 
1.49114735664467e-01 1.02580893545261e+05 
1.49257514419558e-01 1.02652949417432e+05 
1.49400457410434e-01 1.02733440637214e+05 
1.49543499925664e-01 1.02822656975303e+05 
1.49686676752671e-01 1.02923040465062e+05 
1.49830017610764e-01 1.03035121224633e+05 
1.49973498651757e-01 1.03161470863841e+05 
1.50117132973008e-01 1.03302641492095e+05 
1.50260904581234e-01 1.03461235236347e+05 
1.50404818632592e-01 1.03637722477516e+05 
1.50548868317828e-01 1.03834509161471e+05 
1.50693062643220e-01 1.04051858838985e+05 
1.50837359408488e-01 1.04291530514045e+05 
1.50981813526542e-01 1.04553427236176e+05 
1.51126657446547e-01 1.04838991531749e+05 
1.51271586409158e-01 1.05146669193152e+05 
1.51416594722064e-01 1.05476128192637e+05 
1.51561674419740e-01 1.05825077514299e+05 
1.51706827051388e-01 1.06191615149654e+05 
1.51852047494008e-01 1.06571998527883e+05 
1.51997348424567e-01 1.06962636369181e+05 
1.52142860047916e-01 1.07358785079443e+05 
1.52288453875245e-01 1.07755007557315e+05 
1.52434129479604e-01 1.08145054233806e+05 
1.52579885606171e-01 1.08523647980762e+05 
1.52726017043704e-01 1.08884728320261e+05 
1.52872289510540e-01 1.09223580606045e+05 
1.53018662040822e-01 1.09534478637191e+05 
1.53165156331276e-01 1.09811689103529e+05 
1.53311751636250e-01 1.10059828566728e+05 
1.53458463183283e-01 1.10263644436841e+05 
1.53605288043390e-01 1.10423984682241e+05 
1.53752229652667e-01 1.10543838101038e+05 
1.53899290156434e-01 1.10618488592858e+05 
1.54046399004961e-01 1.10665469330974e+05 
1.54193497542343e-01 1.10682932206634e+05 
1.54340729562589e-01 1.10676972829629e+05 
1.54487997320469e-01 1.10649130356869e+05 
1.54635344717615e-01 1.10602776688748e+05 
1.54782764473116e-01 1.10539572740863e+05 
1.54930239586722e-01 1.10466916684661e+05 
1.55077800675265e-01 1.10384781424066e+05 
1.55225433659289e-01 1.10298157679662e+05 
1.55373151724550e-01 1.10205222638053e+05 
1.55520967514168e-01 1.10110152457472e+05 
1.55668778920163e-01 1.10009907729068e+05 
1.55816778496125e-01 1.09909653783353e+05 
1.55964839812910e-01 1.09805503188263e+05 
1.56113034088958e-01 1.09703075466317e+05 
1.56261338970169e-01 1.09597882271511e+05 
1.56409724646362e-01 1.09496012736929e+05 
1.56558235442814e-01 1.09392194842803e+05 
1.56706836424842e-01 1.09292346668429e+05 
1.56855540804432e-01 1.09191252688828e+05 
1.57004335426336e-01 1.09094741861584e+05 
1.57153223822029e-01 1.08998319581886e+05 
1.57302210157615e-01 1.08907868072337e+05 
1.57451282393737e-01 1.08819107813376e+05 
1.57600449445955e-01 1.08737802355708e+05 
1.57749687595459e-01 1.08659949186586e+05 
1.57898848266207e-01 1.08590416638684e+05 
1.58047909725462e-01 1.08525368197777e+05 
1.58196898614762e-01 1.08468597340968e+05 
1.58345940298765e-01 1.08416523082580e+05 
1.58494876179029e-01 1.08372293578169e+05 
1.58643781861911e-01 1.08332600437606e+05 
1.58792573957300e-01 1.08300385486281e+05 
1.58941324479079e-01 1.08272225057941e+05 
1.59090017744946e-01 1.08251048755958e+05 
1.59238655062054e-01 1.08233274624845e+05 
1.59387240644181e-01 1.08221981138016e+05 
1.59535787725911e-01 1.08213204692196e+05 
1.59684307307032e-01 1.08209973384537e+05 
1.59832781623605e-01 1.08208084411772e+05 
1.59981283400598e-01 1.08210447905236e+05 
1.60129733019708e-01 1.08212966136443e+05 
1.60278240544366e-01 1.08218664091780e+05 
1.60426703941969e-01 1.08223607136719e+05 
1.60575247046521e-01 1.08230977888631e+05 
1.60723787960790e-01 1.08236907468738e+05 
1.60872372490707e-01 1.08244665704098e+05 
1.61020984858640e-01 1.08250374677804e+05 
1.61169694520693e-01 1.08257322258326e+05 
1.61318454298735e-01 1.08261589022585e+05 
1.61467357743267e-01 1.08266590346961e+05 
1.61616327030096e-01 1.08268438699631e+05 
1.61765479859596e-01 1.08270478025372e+05 
1.61852095465408e-01 1.08270628447178e+05 
1.61947372631801e-01 1.08270532822507e+05 
1.62052177514834e-01 1.08268413382227e+05 
1.62167462886169e-01 1.08265254987248e+05 
1.62254865078315e-01 1.08261359766511e+05 
1.62342919182388e-01 1.08256769431972e+05 
1.62430212053436e-01 1.08250541581434e+05 
1.62518181298176e-01 1.08243451215850e+05 
1.62605418511562e-01 1.08234660317411e+05 
1.62693351788782e-01 1.08224880522849e+05 
1.62780573179690e-01 1.08213359410931e+05 
1.62868504736379e-01 1.08200765568506e+05 
1.62955724705024e-01 1.08186416920735e+05 
1.63043655177936e-01 1.08170944005007e+05 
1.63133571668523e-01 1.08153136304707e+05 
1.63224233669640e-01 1.08134159050239e+05 
1.63323961870870e-01 1.08110859025665e+05 
1.63433662892222e-01 1.08083802251617e+05 
1.63554334015709e-01 1.08050773191514e+05 
1.63687072251545e-01 1.08012360184248e+05 
1.63833084310965e-01 1.07965419094905e+05 
1.63984860185094e-01 1.07914425224330e+05 
1.64136690593124e-01 1.07858182341666e+05 
1.64288834144351e-01 1.07799956696741e+05 
1.64441059825139e-01 1.07736585628135e+05 
1.64593497829871e-01 1.07672166309166e+05 
1.64746131252756e-01 1.07602925694354e+05 
1.64898982060054e-01 1.07534142696150e+05 
1.65052046634828e-01 1.07461671048140e+05 
1.65205322434118e-01 1.07389866996536e+05 
1.65358791237503e-01 1.07315476436624e+05 
1.65512429144033e-01 1.07241158722070e+05 
1.65666277115491e-01 1.07164363491910e+05 
1.65820248979124e-01 1.07087421682521e+05 
1.65974399408654e-01 1.07007823067993e+05 
1.66128651308388e-01 1.06928016515439e+05 
1.66282902676460e-01 1.06845179287322e+05 
1.66437152678928e-01 1.06761911095599e+05 
1.66591397780899e-01 1.06675460648541e+05 
1.66745638863492e-01 1.06588749312823e+05 
1.66899870257614e-01 1.06498744561452e+05 
1.67054484383695e-01 1.06409022137541e+05 
1.67209040506866e-01 1.06316441718585e+05 
1.67363621800141e-01 1.06225161479662e+05 
1.67518140006652e-01 1.06131550681457e+05 
1.67672586405385e-01 1.06039660486295e+05 
1.67827014981364e-01 1.05946366333445e+05 
1.67981476686844e-01 1.05854645912886e+05 
1.68135905289314e-01 1.05762138768407e+05 
1.68290380849731e-01 1.05671060762382e+05 
1.68444847105396e-01 1.05579781470650e+05 
1.68599363134867e-01 1.05489690580172e+05 
1.68753918184510e-01 1.05399880325142e+05 
1.68908849441276e-01 1.05310596795378e+05 
1.69063849584303e-01 1.05221913001290e+05 
1.69218888228843e-01 1.05133629692344e+05 
1.69373973046949e-01 1.05045668953622e+05 
1.69529106875546e-01 1.04957355200611e+05 
1.69684292171747e-01 1.04868823460644e+05 
1.69839534795494e-01 1.04779661192809e+05 
1.69994837246322e-01 1.04689842570825e+05 
1.70150368402861e-01 1.04599182125273e+05 
1.70306014008010e-01 1.04507759992723e+05 
1.70461697015308e-01 1.04415166936301e+05 
1.70617485341217e-01 1.04321521294009e+05 
1.70773328825839e-01 1.04223836536035e+05 
1.70929284127196e-01 1.04126617716657e+05 
1.71085309681406e-01 1.04026783831238e+05 
1.71241456801845e-01 1.03926544541474e+05 
1.71397699968838e-01 1.03823778048582e+05 
1.71554066463809e-01 1.03719213495319e+05 
1.71710558407187e-01 1.03612337288968e+05 
1.71867170892404e-01 1.03502600127969e+05 
1.72023917330210e-01 1.03389994760880e+05 
1.72180791057820e-01 1.03275344926633e+05 
1.72337801343597e-01 1.03158073509635e+05 
1.72494945850089e-01 1.03038877029606e+05 
1.72652171784247e-01 1.02917365428766e+05 
1.72809573921190e-01 1.02794260755558e+05 
1.72966908078785e-01 1.02669288042824e+05 
1.73124139735268e-01 1.02543483963076e+05 
1.73281284624399e-01 1.02416301693159e+05 
1.73364918364446e-01 1.02348568843882e+05 
1.73449212024374e-01 1.02279984200282e+05 
1.73532777125637e-01 1.02211956092548e+05 
1.73617060703590e-01 1.02143239534757e+05 
1.73700741147612e-01 1.02074910167141e+05 
1.73790567324393e-01 1.02001422800132e+05 
1.73874659273376e-01 1.01932469019856e+05 
1.73964412763661e-01 1.01858790940107e+05 
1.74049272143791e-01 1.01788983670571e+05 
1.74138960043212e-01 1.01715211517741e+05 
1.74224944476302e-01 1.01644405554259e+05 
1.74314575871510e-01 1.01570708131776e+05 
1.74402015179665e-01 1.01498842977838e+05 
1.74491599601448e-01 1.01425439537586e+05 
1.74580818979828e-01 1.01352494196955e+05 
1.74670365034541e-01 1.01279591656197e+05 
1.74759892791982e-01 1.01207068174711e+05 
1.74849578357080e-01 1.01134792920063e+05 
1.74939278797374e-01 1.01062997289976e+05 
1.75028967232139e-01 1.00991625431529e+05 
1.75118637214636e-01 1.00920894951091e+05 
1.75208295401387e-01 1.00850601798720e+05 
1.75297937405694e-01 1.00781104989083e+05 
1.75387567819070e-01 1.00712020160119e+05 
1.75477184107597e-01 1.00643735548312e+05 
1.75566789277216e-01 1.00575853771952e+05 
1.75656381592938e-01 1.00508779038417e+05 
1.75745793095253e-01 1.00442229196688e+05 
1.75835007379224e-01 1.00376577299355e+05 
1.75924224138415e-01 1.00311386653508e+05 
1.76013434069888e-01 1.00247030577219e+05 
1.76102652066833e-01 1.00183190652936e+05 
1.76191867190664e-01 1.00118467994900e+05 
1.76281097130106e-01 1.00055021659090e+05 
1.76370012989977e-01 9.99938143624937e+04 
1.76459262794770e-01 9.99332579444729e+04 
1.76548515540467e-01 9.98741931754733e+04 
1.76637762664575e-01 9.98158096602721e+04 
1.76726980959094e-01 9.97586312866241e+04 
1.76816139796214e-01 9.97020888252699e+04 
1.76905296709621e-01 9.96465555646254e+04 
1.76994410264101e-01 9.95916347775435e+04 
1.77083586771276e-01 9.95375716656736e+04 
1.77172750438711e-01 9.94841313727696e+04 
1.77262022856717e-01 9.94329817199523e+04 
1.77351287874214e-01 9.93817539086240e+04 
1.77438801618450e-01 9.93316865885184e+04 
1.77528187823713e-01 9.92811896412129e+04 
1.77616835296660e-01 9.92306961951010e+04 
1.77705958822927e-01 9.91805339661105e+04 
1.77795064358638e-01 9.91306231283094e+04 
1.77884212177436e-01 9.90815486824631e+04 
1.77972616987120e-01 9.90337744233686e+04 
1.78060736643775e-01 9.89868477505037e+04 
1.78146627998565e-01 9.89419619127998e+04 
1.78234204808484e-01 9.88967120413032e+04 
1.78322309855277e-01 9.88520649567107e+04 
1.78410452353890e-01 9.88077304218717e+04 
1.78498774712138e-01 9.87647037120501e+04 
1.78587159278590e-01 9.87219558920245e+04 
1.78676102207983e-01 9.86803575454900e+04 
1.78765447743627e-01 9.86388811910791e+04 
1.78855634897564e-01 9.85979349804521e+04 
1.78944503717049e-01 9.85574339892346e+04 
1.79033509302938e-01 9.85173892359263e+04 
1.79122579688823e-01 9.84771612443657e+04 
1.79211337389462e-01 9.84375419926832e+04 
1.79299920910600e-01 9.83978647914468e+04 
1.79390126513842e-01 9.83579222705300e+04 
1.79480515379674e-01 9.83177888527200e+04 
1.79564002850121e-01 9.82811026944709e+04 
1.79648153464661e-01 9.82440787936330e+04 
1.79731660373721e-01 9.82077650946598e+04 
1.79815863885773e-01 9.81711017382458e+04 
1.79899490544371e-01 9.81351544502328e+04 
1.79984548550655e-01 9.80985370276243e+04 
1.80068383637980e-01 9.80628888339385e+04 
1.80153804921263e-01 9.80264643143339e+04 
1.80237911579118e-01 9.79909923440001e+04 
1.80323318082551e-01 9.79547749018612e+04 
1.80407713028643e-01 9.79193776320083e+04 
1.80493155091866e-01 9.78833090576424e+04 
1.80577837501642e-01 9.78478828740996e+04 
1.80663613653232e-01 9.78116866651037e+04 
1.80748615820146e-01 9.77760209548346e+04 
1.80834818134652e-01 9.77394990091156e+04 
1.80920118962263e-01 9.77035036403685e+04 
1.81006800809349e-01 9.76664877357501e+04 
1.81092531047460e-01 9.76299244922050e+04 
1.81179893513290e-01 9.75921185525784e+04 
1.81266258900380e-01 9.75547498513586e+04 
1.81354561179676e-01 9.75158944695741e+04 
1.81441767242284e-01 9.74775260317348e+04 
1.81531276679291e-01 9.74373995131468e+04 
1.81619537359846e-01 9.73978289389210e+04 
1.81709922269354e-01 9.73565042101379e+04 
1.81799505298501e-01 9.73155330389819e+04 
1.81889816939820e-01 9.72734056758915e+04 
1.81980122073202e-01 9.72312680641660e+04 
1.82070371686013e-01 9.71883099777893e+04 
1.82160619962881e-01 9.71453452747698e+04 
1.82250906989029e-01 9.71015128560498e+04 
1.82341269161332e-01 9.70576801126506e+04 
1.82431504550584e-01 9.70131594057505e+04 
1.82522072641013e-01 9.69684959431714e+04 
1.82612627316747e-01 9.69230662903473e+04 
1.82703156533125e-01 9.68776891064328e+04 
1.82793670488916e-01 9.68313024758826e+04 
1.82883273043665e-01 9.67854838694085e+04 
1.82972796576833e-01 9.67393679720250e+04 
1.83062386684490e-01 9.66932991583586e+04 
