#   1 : Date        
# Date        
0.000000e+00
1.807392e-05
2.865299e-05
3.680825e-05
4.331462e-05
4.906367e-05
5.538763e-05
6.204872e-05
6.795979e-05
7.446196e-05
8.161436e-05
8.947053e-05
9.702468e-05
1.053342e-04
1.143002e-04
1.241628e-04
1.337027e-04
1.436480e-04
1.545879e-04
1.657374e-04
1.769297e-04
1.886124e-04
2.010176e-04
2.132284e-04
2.257171e-04
2.388127e-04
2.521957e-04
2.655017e-04
2.797183e-04
2.939297e-04
3.084532e-04
3.235230e-04
3.388720e-04
3.545256e-04
3.707045e-04
3.871136e-04
4.039712e-04
4.213429e-04
4.389057e-04
4.566041e-04
4.748726e-04
4.934284e-04
5.123968e-04
5.317204e-04
5.513472e-04
5.713195e-04
5.916317e-04
6.121877e-04
6.330631e-04
6.541431e-04
6.756129e-04
6.973298e-04
7.193540e-04
7.416524e-04
7.642145e-04
7.870888e-04
8.102207e-04
8.336410e-04
8.572999e-04
8.811975e-04
9.052984e-04
9.296850e-04
9.542344e-04
9.790738e-04
1.004107e-03
1.029433e-03
1.054937e-03
1.080786e-03
1.106828e-03
1.133123e-03
1.159624e-03
1.186464e-03
1.213485e-03
1.240745e-03
1.268213e-03
1.295923e-03
1.323861e-03
1.352053e-03
1.380427e-03
1.409065e-03
1.437917e-03
1.467083e-03
1.496472e-03
1.526126e-03
1.555964e-03
1.586157e-03
1.616605e-03
1.647287e-03
1.678149e-03
1.709212e-03
1.739923e-03
1.770203e-03
1.800877e-03
1.831991e-03
1.863537e-03
1.895021e-03
1.926849e-03
1.958807e-03
1.974716e-03
1.990851e-03
2.007343e-03
2.023823e-03
2.040021e-03
2.056032e-03
2.071737e-03
2.087530e-03
2.103462e-03
2.119644e-03
2.136117e-03
2.152964e-03
2.168342e-03
2.183938e-03
2.199666e-03
2.215548e-03
2.231641e-03
2.247984e-03
2.263458e-03
2.279016e-03
2.294706e-03
2.310554e-03
2.326606e-03
2.342884e-03
2.358456e-03
2.374127e-03
2.389926e-03
2.405869e-03
2.421991e-03
2.438311e-03
2.454034e-03
2.469862e-03
2.485824e-03
2.501928e-03
2.518194e-03
2.534635e-03
2.550543e-03
2.566555e-03
2.582695e-03
2.598974e-03
2.615417e-03
2.632029e-03
2.648830e-03
2.665829e-03
2.682185e-03
2.698676e-03
2.715320e-03
2.732130e-03
2.749128e-03
2.766317e-03
2.782916e-03
2.799644e-03
2.816518e-03
2.833544e-03
2.850742e-03
2.868119e-03
2.884982e-03
2.901973e-03
2.919103e-03
2.936376e-03
2.953803e-03
2.971390e-03
2.989151e-03
3.007092e-03
3.025230e-03
3.043560e-03
3.062088e-03
3.080818e-03
3.099624e-03
3.118756e-03
3.137128e-03
3.155674e-03
3.174399e-03
3.193293e-03
3.212348e-03
3.231610e-03
3.250916e-03
3.270618e-03
3.290215e-03
3.310162e-03
3.329595e-03
3.349281e-03
3.368924e-03
3.388866e-03
3.408724e-03
3.428954e-03
3.449093e-03
3.469700e-03
3.490128e-03
3.510401e-03
3.530656e-03
3.551184e-03
3.571641e-03
3.592422e-03
3.613092e-03
3.634159e-03
3.655095e-03
3.676380e-03
3.697557e-03
3.718626e-03
3.739653e-03
3.760954e-03
3.782176e-03
3.803752e-03
3.825214e-03
3.847127e-03
3.868879e-03
3.890783e-03
3.912402e-03
3.934268e-03
3.956070e-03
3.978174e-03
4.000168e-03
4.022394e-03
4.044636e-03
4.067252e-03
4.089787e-03
4.112116e-03
4.134392e-03
4.156947e-03
4.179397e-03
4.202202e-03
4.224884e-03
4.248000e-03
4.270969e-03
4.293746e-03
4.316466e-03
4.339451e-03
4.362322e-03
4.385529e-03
4.408584e-03
4.432044e-03
4.455369e-03
4.479048e-03
4.502211e-03
4.525598e-03
4.548887e-03
4.572478e-03
4.595924e-03
4.619708e-03
4.643423e-03
4.667464e-03
4.691598e-03
4.715931e-03
4.739618e-03
4.763574e-03
4.787396e-03
4.811512e-03
4.835608e-03
4.860002e-03
4.884537e-03
4.909227e-03
4.933281e-03
4.957563e-03
4.981713e-03
5.006151e-03
5.030625e-03
5.055366e-03
5.080309e-03
5.105357e-03
5.129755e-03
5.154379e-03
5.178872e-03
5.203638e-03
5.228513e-03
5.253622e-03
5.278690e-03
5.303763e-03
5.328517e-03
5.353493e-03
5.378361e-03
5.403546e-03
5.428769e-03
5.454121e-03
5.479662e-03
5.505274e-03
5.530337e-03
5.555651e-03
5.580920e-03
5.606370e-03
5.631986e-03
5.657716e-03
5.682964e-03
5.708465e-03
5.733858e-03
5.759571e-03
5.785213e-03
5.811032e-03
5.837264e-03
5.862926e-03
5.888460e-03
5.914239e-03
5.939972e-03
5.966072e-03
5.992251e-03
6.018496e-03
6.044182e-03
6.070108e-03
6.095925e-03
6.121981e-03
6.148110e-03
6.174418e-03
6.201011e-03
6.227794e-03
6.255149e-03
6.282985e-03
6.311774e-03
6.341796e-03
6.368389e-03
6.395197e-03
6.422245e-03
6.449628e-03
6.477390e-03
6.505621e-03
6.534745e-03
6.561540e-03
6.588598e-03
6.615927e-03
6.643243e-03
6.670855e-03
6.698785e-03
6.727133e-03
6.754044e-03
6.781208e-03
6.808608e-03
6.836384e-03
6.863845e-03
6.891590e-03
6.919632e-03
6.946799e-03
6.974075e-03
7.001590e-03
7.029356e-03
7.057492e-03
7.086043e-03
7.115068e-03
7.143180e-03
7.170652e-03
7.198220e-03
7.225997e-03
7.254027e-03
7.282410e-03
7.311160e-03
7.340395e-03
7.370111e-03
7.398144e-03
7.426137e-03
7.454205e-03
7.482456e-03
7.510954e-03
7.539772e-03
7.568969e-03
7.598574e-03
7.628684e-03
7.659276e-03
7.687937e-03
7.716535e-03
7.745194e-03
7.774060e-03
7.803176e-03
7.832627e-03
7.862449e-03
7.892682e-03
7.923393e-03
7.954549e-03
7.986346e-03
8.019493e-03
8.048774e-03
8.078314e-03
8.108069e-03
8.138094e-03
8.168388e-03
8.199034e-03
8.230033e-03
8.261270e-03
8.292780e-03
8.324559e-03
8.356643e-03
8.389281e-03
8.419408e-03
8.449759e-03
8.480273e-03
8.511094e-03
8.542128e-03
8.573391e-03
8.604867e-03
8.636666e-03
8.668741e-03
8.701114e-03
8.733659e-03
8.766085e-03
8.798344e-03
8.830488e-03
8.862474e-03
8.894353e-03
8.926089e-03
8.957704e-03
8.989167e-03
9.020524e-03
9.051753e-03
9.082899e-03
9.113948e-03
9.144942e-03
9.175870e-03
9.206775e-03
9.237646e-03
9.268523e-03
9.299399e-03
9.330311e-03
9.361250e-03
9.392250e-03
9.423303e-03
9.454440e-03
9.485650e-03
9.516963e-03
9.548367e-03
9.579887e-03
9.611511e-03
9.643262e-03
9.675127e-03
9.707126e-03
9.739246e-03
9.771503e-03
9.803884e-03
9.836404e-03
9.869050e-03
9.901833e-03
9.934731e-03
9.967757e-03
1.000089e-02
1.003415e-02
1.006752e-02
1.010101e-02
1.013460e-02
1.016831e-02
1.020212e-02
1.023605e-02
1.027008e-02
1.030421e-02
1.033845e-02
1.037280e-02
1.040724e-02
1.044180e-02
1.047645e-02
1.051122e-02
1.054608e-02
1.058105e-02
1.061611e-02
1.065127e-02
1.068653e-02
1.072189e-02
1.075734e-02
1.079291e-02
1.082857e-02
1.086435e-02
1.090024e-02
1.093625e-02
1.097236e-02
1.100859e-02
1.104493e-02
1.108139e-02
1.111797e-02
1.115466e-02
1.119147e-02
1.122840e-02
1.126546e-02
1.130266e-02
1.134001e-02
1.137752e-02
1.141519e-02
1.145302e-02
1.149100e-02
1.152914e-02
1.156744e-02
1.160593e-02
1.164457e-02
1.168337e-02
1.172232e-02
1.176141e-02
1.180062e-02
1.183996e-02
1.187941e-02
1.191899e-02
1.195871e-02
1.199856e-02
1.203856e-02
1.207870e-02
1.211897e-02
1.215937e-02
1.219992e-02
1.224061e-02
1.228145e-02
1.232241e-02
1.236309e-02
1.240333e-02
1.244319e-02
1.248257e-02
1.252159e-02
1.256013e-02
1.259837e-02
1.263623e-02
1.267380e-02
1.271096e-02
1.274778e-02
1.278422e-02
1.282033e-02
1.285613e-02
1.289165e-02
1.292694e-02
1.296416e-02
1.300131e-02
1.303823e-02
1.307510e-02
1.311176e-02
1.315207e-02
1.318846e-02
1.322848e-02
1.327251e-02
1.331674e-02
1.336110e-02
1.340559e-02
1.345020e-02
1.349493e-02
1.353979e-02
1.357601e-02
1.361226e-02
1.365215e-02
1.369602e-02
1.374141e-02
1.378690e-02
1.383248e-02
1.387814e-02
1.392390e-02
1.396974e-02
1.401566e-02
1.406168e-02
1.410778e-02
1.415395e-02
1.420020e-02
1.424652e-02
1.429291e-02
1.433937e-02
1.438591e-02
1.443249e-02
1.447917e-02
1.452549e-02
1.457231e-02
1.461827e-02
1.466471e-02
1.471025e-02
1.475615e-02
1.480123e-02
1.484651e-02
1.489107e-02
1.493567e-02
1.497962e-02
1.502347e-02
1.506673e-02
1.510974e-02
1.515220e-02
1.519426e-02
1.523579e-02
1.527681e-02
1.531727e-02
1.535713e-02
1.539642e-02
1.543512e-02
1.547342e-02
1.551133e-02
1.554893e-02
1.558618e-02
1.562315e-02
1.565982e-02
1.569626e-02
1.573245e-02
1.576844e-02
1.580422e-02
1.583982e-02
1.587525e-02
1.591053e-02
1.594567e-02
1.598071e-02
1.601925e-02
1.605857e-02
1.609777e-02
1.613710e-02
1.617641e-02
1.621598e-02
1.625560e-02
1.629543e-02
1.633165e-02
1.637149e-02
1.640775e-02
1.644400e-02
1.648028e-02
1.651655e-02
1.655285e-02
1.658915e-02
1.662551e-02
1.666188e-02
1.669833e-02
1.673480e-02
1.677119e-02
1.680758e-02
1.684372e-02
1.687963e-02
1.691538e-02
1.695089e-02
1.698623e-02
1.702135e-02
1.705645e-02
1.709138e-02
1.712647e-02
1.716148e-02
1.719596e-02
1.723051e-02
1.726520e-02
1.730017e-02
1.733544e-02
1.737120e-02
1.740746e-02
1.744412e-02
1.748125e-02
1.751899e-02
1.755742e-02
1.759126e-02
1.762518e-02
1.765913e-02
1.769325e-02
1.772747e-02
1.776187e-02
1.779646e-02
1.783130e-02
1.786640e-02
1.790182e-02
1.793762e-02
1.797449e-02
1.801239e-02
1.805132e-02
1.809126e-02
1.813195e-02
1.816630e-02
1.820086e-02
1.823470e-02
1.826874e-02
1.830288e-02
1.833729e-02
1.837184e-02
1.840664e-02
1.844158e-02
1.847675e-02
1.851207e-02
1.854763e-02
1.858338e-02
1.861938e-02
1.865567e-02
1.869227e-02
1.872925e-02
1.876658e-02
1.880441e-02
1.884380e-02
1.888471e-02
1.892728e-02
1.897126e-02
1.901655e-02
1.906318e-02
1.909771e-02
1.913230e-02
1.916691e-02
1.920156e-02
1.923624e-02
1.927096e-02
1.930585e-02
1.934099e-02
1.937642e-02
1.941224e-02
1.944833e-02
1.948467e-02
1.952132e-02
1.955829e-02
1.959561e-02
1.963338e-02
1.967254e-02
1.971300e-02
1.975456e-02
1.979714e-02
1.984072e-02
1.988543e-02
1.993121e-02
1.997815e-02
2.002620e-02
2.006136e-02
2.009653e-02
2.013174e-02
2.016714e-02
2.020266e-02
2.023842e-02
2.027434e-02
2.031049e-02
2.034553e-02
2.038075e-02
2.041624e-02
2.045202e-02
2.048820e-02
2.052478e-02
2.056170e-02
2.059903e-02
2.063697e-02
2.067562e-02
2.071510e-02
2.075539e-02
2.079662e-02
2.083875e-02
2.088193e-02
2.092610e-02
2.097141e-02
2.101779e-02
2.105307e-02
2.108854e-02
2.112411e-02
2.115988e-02
2.119575e-02
2.123180e-02
2.126793e-02
2.130423e-02
2.134059e-02
2.137711e-02
2.141370e-02
2.145045e-02
2.148729e-02
2.152286e-02
2.155860e-02
2.159456e-02
2.163081e-02
2.166737e-02
2.170433e-02
2.174168e-02
2.177935e-02
2.181740e-02
2.185605e-02
2.189494e-02
2.193410e-02
2.197443e-02
2.201592e-02
2.205830e-02
2.210162e-02
2.214583e-02
2.219093e-02
2.223674e-02
2.228296e-02
2.232958e-02
2.237650e-02
2.242375e-02
2.247147e-02
2.252069e-02
2.256993e-02
2.261915e-02
2.265506e-02
2.269115e-02
2.272732e-02
2.276364e-02
2.279999e-02
2.283645e-02
2.287293e-02
2.290948e-02
2.294536e-02
2.298133e-02
2.301746e-02
2.305374e-02
2.309023e-02
2.312691e-02
2.316376e-02
2.320070e-02
2.323768e-02
2.327479e-02
2.331193e-02
2.334921e-02
2.338655e-02
2.342405e-02
2.346164e-02
2.349940e-02
2.353728e-02
2.357536e-02
2.361357e-02
2.365200e-02
2.369059e-02
2.372943e-02
2.376844e-02
2.380772e-02
2.384719e-02
2.388695e-02
2.392693e-02
2.396721e-02
2.400772e-02
2.404902e-02
2.409142e-02
2.413512e-02
2.417964e-02
2.422513e-02
2.427109e-02
2.431734e-02
2.436360e-02
2.440979e-02
2.445580e-02
2.450271e-02
2.455156e-02
2.460167e-02
2.465182e-02
2.470200e-02
2.475221e-02
2.480246e-02
2.485246e-02
2.490198e-02
2.495100e-02
2.499952e-02
2.504764e-02
2.509714e-02
2.513330e-02
2.516945e-02
2.520569e-02
2.524195e-02
2.527833e-02
2.531474e-02
2.535130e-02
2.538791e-02
2.542470e-02
2.546156e-02
2.549864e-02
2.553582e-02
2.557325e-02
2.561085e-02
2.564876e-02
2.568692e-02
2.572530e-02
2.576388e-02
2.580289e-02
2.584233e-02
2.588230e-02
2.592277e-02
2.596383e-02
2.600542e-02
2.604765e-02
2.609043e-02
2.613389e-02
2.617783e-02
2.622172e-02
2.626557e-02
2.630938e-02
2.635316e-02
2.639693e-02
2.644066e-02
2.648436e-02
2.652803e-02
2.657166e-02
2.661527e-02
2.665059e-02
2.668943e-02
2.672480e-02
2.676371e-02
2.679912e-02
2.683456e-02
2.687001e-02
2.690547e-02
2.694095e-02
2.697646e-02
2.701197e-02
2.704752e-02
2.708308e-02
2.711867e-02
2.715427e-02
2.718992e-02
2.722558e-02
2.726130e-02
2.729648e-02
2.733175e-02
2.736713e-02
2.740264e-02
2.743831e-02
2.747415e-02
2.751019e-02
2.754640e-02
2.758269e-02
2.761913e-02
2.765568e-02
2.769241e-02
2.772929e-02
2.776639e-02
2.780368e-02
2.784123e-02
2.787899e-02
2.791704e-02
2.795529e-02
2.799385e-02
2.803264e-02
2.807177e-02
2.811116e-02
2.815094e-02
2.819100e-02
2.823150e-02
2.827233e-02
2.831363e-02
2.835531e-02
2.839796e-02
2.844112e-02
2.848429e-02
2.852746e-02
2.857065e-02
2.861385e-02
2.865705e-02
2.870024e-02
2.874343e-02
2.878662e-02
2.882982e-02
2.887302e-02
2.891623e-02
2.895217e-02
2.898824e-02
2.902449e-02
2.906092e-02
2.909760e-02
2.913453e-02
2.917178e-02
2.920937e-02
2.924740e-02
2.928589e-02
2.932469e-02
2.936367e-02
2.940272e-02
2.944184e-02
2.948102e-02
2.952028e-02
2.955961e-02
2.959901e-02
2.963848e-02
2.967805e-02
2.971769e-02
2.975744e-02
2.979727e-02
2.983724e-02
2.987730e-02
2.991752e-02
2.995785e-02
2.999836e-02
3.003901e-02
3.007986e-02
3.012085e-02
3.016207e-02
3.020342e-02
3.024501e-02
3.028676e-02
3.032877e-02
3.037097e-02
3.041346e-02
3.045616e-02
3.049244e-02
3.052884e-02
3.056539e-02
3.060214e-02
3.063908e-02
3.067628e-02
3.071372e-02
3.075149e-02
3.078958e-02
3.082810e-02
3.086706e-02
3.090634e-02
3.094598e-02
3.098609e-02
3.102678e-02
3.106817e-02
3.111030e-02
3.115327e-02
3.119709e-02
3.124186e-02
3.128714e-02
3.133247e-02
3.137785e-02
3.142329e-02
3.146878e-02
3.150910e-02
3.154950e-02
3.158996e-02
3.163447e-02
3.167501e-02
3.171961e-02
3.176019e-02
3.180482e-02
3.184542e-02
3.189008e-02
3.193068e-02
3.197533e-02
3.201591e-02
3.205647e-02
3.209704e-02
3.213760e-02
3.217817e-02
3.221872e-02
3.225929e-02
3.229985e-02
3.234041e-02
3.238096e-02
3.242152e-02
3.246206e-02
3.249867e-02
3.253532e-02
3.257206e-02
3.260888e-02
3.264580e-02
3.268282e-02
3.271996e-02
3.275722e-02
3.279462e-02
3.283215e-02
3.286986e-02
3.290772e-02
3.294578e-02
3.298402e-02
3.302254e-02
3.306124e-02
3.310033e-02
3.313967e-02
3.317936e-02
3.321931e-02
3.325971e-02
3.330053e-02
3.334094e-02
3.338142e-02
3.342198e-02
3.346254e-02
3.350310e-02
3.354677e-02
3.358730e-02
3.363179e-02
3.367229e-02
3.371684e-02
3.375731e-02
3.380182e-02
3.384227e-02
3.388273e-02
3.392324e-02
3.396779e-02
3.400828e-02
3.405283e-02
3.409331e-02
3.413783e-02
3.417830e-02
3.422281e-02
3.426331e-02
3.430787e-02
3.434838e-02
3.439293e-02
3.444153e-02
3.449015e-02
3.453880e-02
3.458749e-02
3.463620e-02
3.468495e-02
3.473373e-02
3.478255e-02
3.483140e-02
3.488028e-02
3.492919e-02
3.497812e-02
3.502708e-02
3.507607e-02
3.512509e-02
3.517414e-02
3.522323e-02
3.527235e-02
3.532151e-02
3.537071e-02
3.541995e-02
3.546924e-02
3.551856e-02
3.556793e-02
3.561735e-02
3.566682e-02
3.571631e-02
3.576584e-02
3.581541e-02
3.586501e-02
3.591464e-02
3.596432e-02
3.601403e-02
3.606379e-02
3.611358e-02
3.616341e-02
3.621328e-02
3.626320e-02
3.631316e-02
3.636316e-02
3.641321e-02
3.646330e-02
3.651344e-02
3.656363e-02
3.661385e-02
3.666411e-02
3.671440e-02
3.676472e-02
3.681508e-02
3.686547e-02
3.691590e-02
3.696637e-02
3.700743e-02
3.704851e-02
3.708963e-02
3.713078e-02
3.717197e-02
3.721317e-02
3.725438e-02
3.729565e-02
3.733695e-02
3.737832e-02
3.741962e-02
3.746096e-02
3.750231e-02
3.754378e-02
3.758535e-02
3.762712e-02
3.766910e-02
3.771136e-02
3.775395e-02
3.779751e-02
3.784195e-02
3.788745e-02
3.793384e-02
3.798104e-02
3.802920e-02
3.807968e-02
3.813086e-02
3.818206e-02
3.822212e-02
3.826240e-02
3.830274e-02
3.834325e-02
3.838378e-02
3.842447e-02
3.846516e-02
3.850600e-02
3.854685e-02
3.858781e-02
3.862521e-02
3.866263e-02
3.870009e-02
3.873763e-02
3.877527e-02
3.881304e-02
3.885097e-02
3.888909e-02
3.892746e-02
3.896610e-02
3.900513e-02
3.904457e-02
3.908428e-02
3.912438e-02
3.916497e-02
3.920619e-02
3.924816e-02
3.929095e-02
3.933468e-02
3.937941e-02
3.942524e-02
3.947219e-02
3.951228e-02
3.955259e-02
3.959300e-02
3.963366e-02
3.967078e-02
3.970791e-02
3.974510e-02
3.978231e-02
3.981959e-02
3.985690e-02
3.989429e-02
3.993173e-02
3.996926e-02
4.000700e-02
4.004503e-02
4.008344e-02
4.012230e-02
4.016169e-02
4.020174e-02
4.024252e-02
4.028367e-02
4.032540e-02
4.036789e-02
4.041128e-02
4.045570e-02
4.050129e-02
4.054818e-02
4.059639e-02
4.064599e-02
4.069690e-02
4.074891e-02
4.078649e-02
4.082415e-02
4.086186e-02
4.089966e-02
4.093752e-02
4.097547e-02
4.101349e-02
4.105161e-02
4.108984e-02
4.112830e-02
4.116707e-02
4.120626e-02
4.124592e-02
4.128620e-02
4.132715e-02
4.136845e-02
4.141033e-02
4.145283e-02
4.149551e-02
4.153833e-02
4.158133e-02
4.162449e-02
4.166784e-02
4.171140e-02
4.175516e-02
4.179916e-02
4.183697e-02
4.187486e-02
4.191281e-02
4.195086e-02
4.198896e-02
4.202717e-02
4.206546e-02
4.210386e-02
4.214240e-02
4.218120e-02
4.222037e-02
4.226003e-02
4.230024e-02
4.234120e-02
4.238255e-02
4.242400e-02
4.246570e-02
4.250753e-02
4.254957e-02
4.259171e-02
4.263401e-02
4.267639e-02
4.271884e-02
4.276135e-02
4.280404e-02
4.284687e-02
4.288529e-02
4.292380e-02
4.296239e-02
4.300108e-02
4.303984e-02
4.307871e-02
4.311766e-02
4.315673e-02
4.319594e-02
4.323542e-02
4.327530e-02
4.331570e-02
4.335671e-02
4.339852e-02
4.344119e-02
4.348246e-02
4.352397e-02
4.356562e-02
4.360750e-02
4.364949e-02
4.369129e-02
4.373299e-02
4.377488e-02
4.381688e-02
4.385461e-02
4.389468e-02
4.393355e-02
4.397252e-02
4.401158e-02
4.405075e-02
4.409001e-02
4.412938e-02
4.416885e-02
4.420845e-02
4.424839e-02
4.428880e-02
4.432980e-02
4.437158e-02
4.441356e-02
4.445598e-02
4.449757e-02
4.453993e-02
4.458124e-02
4.462341e-02
4.466463e-02
4.470673e-02
4.474792e-02
4.478941e-02
4.482845e-02
4.486763e-02
4.490692e-02
4.494636e-02
4.498589e-02
4.502557e-02
4.506535e-02
4.510528e-02
4.514560e-02
4.518643e-02
4.522664e-02
4.526758e-02
4.530754e-02
4.534833e-02
4.538826e-02
4.542894e-02
4.546868e-02
4.550915e-02
4.554867e-02
4.558903e-02
4.562855e-02
4.566882e-02
4.570818e-02
4.574773e-02
4.578692e-02
4.582676e-02
4.586596e-02
4.590593e-02
4.594502e-02
4.598464e-02
4.602372e-02
4.606332e-02
4.610234e-02
4.614187e-02
4.618082e-02
4.622028e-02
4.625917e-02
4.629857e-02
4.633741e-02
4.637676e-02
4.641557e-02
4.645488e-02
4.649366e-02
4.653296e-02
4.657173e-02
4.661102e-02
4.664978e-02
4.668907e-02
4.672785e-02
4.676715e-02
4.680594e-02
4.684526e-02
4.688408e-02
4.692342e-02
4.696227e-02
4.700165e-02
4.704053e-02
4.707994e-02
4.711886e-02
4.715831e-02
4.719727e-02
4.723676e-02
4.727576e-02
4.731529e-02
4.735434e-02
4.739392e-02
4.743302e-02
4.747265e-02
4.751180e-02
4.755149e-02
4.759069e-02
4.763043e-02
4.766969e-02
4.770949e-02
4.774880e-02
4.778866e-02
4.782803e-02
4.786795e-02
4.790739e-02
4.794731e-02
4.798681e-02
4.802686e-02
4.806643e-02
4.810655e-02
4.814618e-02
4.818638e-02
4.822609e-02
4.826637e-02
4.830617e-02
4.834653e-02
4.838641e-02
4.842687e-02
4.846684e-02
4.850740e-02
4.854747e-02
4.858814e-02
4.862832e-02
4.866909e-02
4.870939e-02
4.875002e-02
4.879044e-02
4.883147e-02
4.887202e-02
4.891319e-02
4.895388e-02
4.899544e-02
4.903610e-02
4.907772e-02
4.911851e-02
4.916028e-02
4.920124e-02
4.924320e-02
4.928434e-02
4.932651e-02
4.936785e-02
4.941025e-02
4.945112e-02
4.949221e-02
4.953350e-02
4.957501e-02
4.961671e-02
4.965862e-02
4.970071e-02
4.974301e-02
4.978556e-02
4.982909e-02
4.987192e-02
4.991594e-02
4.995907e-02
4.998567e-02
5.001291e-02
5.004084e-02
5.006953e-02
5.009627e-02
5.012365e-02
5.015172e-02
5.018057e-02
5.020740e-02
5.023490e-02
5.026314e-02
5.029218e-02
5.031912e-02
5.034678e-02
5.037523e-02
5.040269e-02
5.043094e-02
5.046005e-02
5.048726e-02
5.051532e-02
5.054429e-02
5.057218e-02
5.060101e-02
5.062910e-02
5.065822e-02
5.068658e-02
5.071606e-02
5.074475e-02
5.077470e-02
5.080381e-02
5.083436e-02
5.086402e-02
5.089535e-02
5.092511e-02
5.095558e-02
5.098792e-02
5.101825e-02
5.104930e-02
5.108123e-02
5.111426e-02
5.114739e-02
5.118172e-02
5.121623e-02
5.125193e-02
5.128764e-02
5.132445e-02
5.136103e-02
5.139860e-02
5.143589e-02
5.147413e-02
5.151203e-02
5.155089e-02
5.158933e-02
5.162875e-02
5.166769e-02
5.170764e-02
5.174710e-02
5.178759e-02
5.182759e-02
5.186863e-02
5.190919e-02
5.195077e-02
5.199187e-02
5.203398e-02
5.207564e-02
5.211829e-02
5.216053e-02
5.220372e-02
5.224653e-02
5.229012e-02
5.233373e-02
5.237680e-02
5.241957e-02
5.246251e-02
5.250552e-02
5.254885e-02
5.259236e-02
5.263454e-02
5.267693e-02
5.271950e-02
5.276226e-02
5.280520e-02
5.284832e-02
5.289200e-02
5.293643e-02
5.298116e-02
5.302609e-02
5.307116e-02
5.311643e-02
5.316190e-02
5.320763e-02
5.325359e-02
5.329987e-02
5.334641e-02
5.338864e-02
5.343104e-02
5.347365e-02
5.351643e-02
5.355940e-02
5.360254e-02
5.364587e-02
5.368975e-02
5.373385e-02
5.377817e-02
5.382259e-02
5.386698e-02
5.391139e-02
5.395602e-02
5.400082e-02
5.404580e-02
5.409096e-02
5.413633e-02
5.418194e-02
5.422441e-02
5.426708e-02
5.430992e-02
5.435295e-02
5.439616e-02
5.443916e-02
5.448231e-02
5.452553e-02
5.456906e-02
5.461276e-02
5.465674e-02
5.470086e-02
5.474518e-02
5.478962e-02
5.483394e-02
5.487824e-02
5.492276e-02
5.496744e-02
5.500992e-02
5.505260e-02
5.509545e-02
5.513849e-02
5.518169e-02
5.522507e-02
5.526870e-02
5.531279e-02
5.535760e-02
5.540339e-02
5.544896e-02
5.549307e-02
5.553661e-02
5.557984e-02
5.562325e-02
5.566674e-02
5.571057e-02
5.575457e-02
5.579693e-02
5.583948e-02
5.588219e-02
5.592508e-02
5.596811e-02
5.601131e-02
5.605464e-02
5.609812e-02
5.614183e-02
5.618594e-02
5.623071e-02
5.627620e-02
5.632175e-02
5.636740e-02
5.641322e-02
5.645921e-02
5.650534e-02
5.655167e-02
5.659817e-02
5.664490e-02
5.669182e-02
5.673901e-02
5.678187e-02
5.682489e-02
5.686804e-02
5.691134e-02
5.695475e-02
5.699830e-02
5.704197e-02
5.708578e-02
5.713002e-02
5.717486e-02
5.721956e-02
5.726413e-02
5.730888e-02
5.735372e-02
5.739879e-02
5.744395e-02
5.748928e-02
5.753468e-02
5.758019e-02
5.762576e-02
5.767132e-02
5.771692e-02
5.776000e-02
5.780323e-02
5.784658e-02
5.789007e-02
5.793366e-02
5.797738e-02
5.802120e-02
5.806514e-02
5.810928e-02
5.815377e-02
5.819882e-02
5.824463e-02
5.829133e-02
5.833920e-02
5.838535e-02
5.842949e-02
5.847392e-02
5.851848e-02
5.856330e-02
5.860826e-02
5.865341e-02
5.869151e-02
5.872317e-02
5.875698e-02
5.878969e-02
5.882470e-02
5.885852e-02
5.889362e-02
5.892979e-02
5.896684e-02
5.900465e-02
5.904472e-02
5.908678e-02
5.913041e-02
5.917465e-02
5.921923e-02
5.926433e-02
5.930992e-02
5.935565e-02
5.940146e-02
5.944741e-02
5.949344e-02
5.953959e-02
5.958581e-02
5.963211e-02
5.967850e-02
5.972500e-02
5.977162e-02
5.981836e-02
5.986522e-02
5.990869e-02
5.995229e-02
5.999600e-02
6.003982e-02
6.008372e-02
6.012773e-02
6.017182e-02
6.021602e-02
6.026031e-02
6.030472e-02
6.034948e-02
6.039411e-02
6.043891e-02
6.048376e-02
6.052885e-02
6.057403e-02
6.061937e-02
6.066477e-02
6.071027e-02
6.075578e-02
6.080134e-02
6.084691e-02
6.089230e-02
6.093760e-02
6.098303e-02
6.102854e-02
6.107419e-02
6.111992e-02
6.116388e-02
6.120795e-02
6.125211e-02
6.129636e-02
6.134069e-02
6.138512e-02
6.142963e-02
6.147424e-02
6.151894e-02
6.156375e-02
6.160888e-02
6.165446e-02
6.170058e-02
6.174741e-02
6.179450e-02
6.184174e-02
6.189027e-02
6.193881e-02
6.198563e-02
6.203418e-02
6.208274e-02
6.213131e-02
6.217986e-02
6.221941e-02
6.225152e-02
6.228553e-02
6.231854e-02
6.235363e-02
6.239132e-02
6.243177e-02
6.247507e-02
6.251938e-02
6.256377e-02
6.260824e-02
6.265279e-02
6.269741e-02
6.274210e-02
6.278688e-02
6.283172e-02
6.287665e-02
6.292166e-02
6.296677e-02
6.301202e-02
6.305752e-02
6.310330e-02
6.314909e-02
6.319499e-02
6.324094e-02
6.328698e-02
6.333308e-02
6.337927e-02
6.342554e-02
6.347190e-02
6.351835e-02
6.356491e-02
6.361156e-02
6.365832e-02
6.370521e-02
6.375350e-02
6.380284e-02
6.385216e-02
6.390148e-02
6.395077e-02
6.399526e-02
6.403982e-02
6.408425e-02
6.412881e-02
6.417341e-02
6.421821e-02
6.426308e-02
6.430802e-02
6.435302e-02
6.439810e-02
6.444326e-02
6.448826e-02
6.453316e-02
6.457816e-02
6.462321e-02
6.466836e-02
6.471357e-02
6.475880e-02
6.480404e-02
6.484939e-02
6.489481e-02
6.494031e-02
6.498589e-02
6.503157e-02
6.507736e-02
6.512328e-02
6.516100e-02
6.519316e-02
6.522717e-02
6.526018e-02
6.529520e-02
6.532912e-02
6.536539e-02
6.540420e-02
6.544554e-02
6.548937e-02
6.553302e-02
6.557686e-02
6.562081e-02
6.566505e-02
6.570944e-02
6.575406e-02
6.579879e-02
6.584365e-02
6.588855e-02
6.593340e-02
6.597821e-02
6.602317e-02
6.606821e-02
6.611336e-02
6.615857e-02
6.620384e-02
6.624918e-02
6.629463e-02
6.634030e-02
6.638615e-02
6.643216e-02
6.647831e-02
6.652465e-02
6.657234e-02
6.662120e-02
6.667026e-02
6.671935e-02
6.676633e-02
6.681081e-02
6.685520e-02
6.689953e-02
6.694405e-02
6.698866e-02
6.703349e-02
6.707843e-02
6.712351e-02
6.716867e-02
6.721374e-02
6.725875e-02
6.730391e-02
6.734916e-02
6.739391e-02
6.743871e-02
6.748356e-02
6.752845e-02
6.757337e-02
6.761833e-02
6.766332e-02
6.770835e-02
6.775342e-02
6.779854e-02
6.784370e-02
6.788893e-02
6.793420e-02
6.797954e-02
6.802512e-02
6.807103e-02
6.811733e-02
6.816194e-02
6.820678e-02
6.825176e-02
6.829642e-02
6.834090e-02
6.838557e-02
6.843034e-02
6.847539e-02
6.852057e-02
6.856595e-02
6.861143e-02
6.865702e-02
6.870265e-02
6.874809e-02
6.879341e-02
6.883889e-02
6.887970e-02
6.891152e-02
6.894495e-02
6.897996e-02
6.901667e-02
6.905519e-02
6.909552e-02
6.913762e-02
6.918128e-02
6.922621e-02
6.927120e-02
6.931621e-02
6.936127e-02
6.940637e-02
6.945151e-02
6.949670e-02
6.954194e-02
6.958722e-02
6.963257e-02
6.967803e-02
6.972369e-02
6.976964e-02
6.981599e-02
6.986276e-02
6.990813e-02
6.995365e-02
6.999928e-02
7.004440e-02
7.008923e-02
7.013422e-02
7.017927e-02
7.022459e-02
7.027003e-02
7.031568e-02
7.036140e-02
7.040725e-02
7.045315e-02
7.049866e-02
7.054396e-02
7.058939e-02
7.063489e-02
7.068059e-02
7.072638e-02
7.077231e-02
7.081829e-02
7.086324e-02
7.090823e-02
7.095325e-02
7.099830e-02
7.104338e-02
7.108849e-02
7.113362e-02
7.117879e-02
7.122398e-02
7.126922e-02
7.131448e-02
7.135979e-02
7.140514e-02
7.145054e-02
7.149599e-02
7.154150e-02
7.158721e-02
7.163317e-02
7.167945e-02
7.172612e-02
7.177320e-02
7.182082e-02
7.186898e-02
7.191472e-02
7.195994e-02
7.200485e-02
7.204991e-02
7.209500e-02
7.214034e-02
7.218578e-02
7.223144e-02
7.227717e-02
7.232306e-02
7.236905e-02
7.241465e-02
7.246003e-02
7.250555e-02
7.255112e-02
7.259689e-02
7.264273e-02
7.268753e-02
7.273238e-02
7.277725e-02
7.282215e-02
7.286707e-02
7.291202e-02
7.295699e-02
7.300198e-02
7.304698e-02
7.309202e-02
7.313707e-02
7.318217e-02
7.322729e-02
7.327245e-02
7.331765e-02
7.336291e-02
7.340821e-02
7.345358e-02
7.349914e-02
7.354500e-02
7.359118e-02
7.363762e-02
7.368413e-02
7.373069e-02
7.377730e-02
7.382394e-02
7.387104e-02
7.391861e-02
7.396665e-02
7.401495e-02
7.406343e-02
7.411194e-02
7.416044e-02
7.420886e-02
7.425800e-02
7.430805e-02
7.435897e-02
7.441035e-02
7.446183e-02
7.451315e-02
7.455775e-02
7.460239e-02
7.464706e-02
7.469177e-02
7.473650e-02
7.478126e-02
7.482604e-02
7.487087e-02
7.491572e-02
7.496063e-02
7.500556e-02
7.505056e-02
7.509560e-02
7.514072e-02
7.518594e-02
7.523136e-02
7.527707e-02
7.532317e-02
7.536953e-02
7.541590e-02
7.546227e-02
7.550863e-02
7.555476e-02
7.560069e-02
7.564676e-02
7.569287e-02
7.573914e-02
7.578546e-02
7.583188e-02
7.587830e-02
7.592475e-02
7.597119e-02
7.601764e-02
7.606409e-02
7.611035e-02
7.615650e-02
7.620274e-02
7.624902e-02
7.629370e-02
7.633844e-02
7.638321e-02
7.642803e-02
7.647288e-02
7.651776e-02
7.656267e-02
7.660763e-02
7.665261e-02
7.669763e-02
7.674269e-02
7.678781e-02
7.683296e-02
7.687817e-02
7.692343e-02
7.696876e-02
7.701415e-02
7.705962e-02
7.710519e-02
7.715094e-02
7.719692e-02
7.724320e-02
7.728981e-02
7.733650e-02
7.738322e-02
7.742993e-02
7.747665e-02
7.752337e-02
7.757012e-02
7.761689e-02
7.766369e-02
7.771050e-02
7.775735e-02
7.780422e-02
7.785165e-02
7.789969e-02
7.794832e-02
7.799725e-02
7.804634e-02
7.809544e-02
7.814449e-02
7.819345e-02
7.824350e-02
7.829485e-02
7.834753e-02
7.840087e-02
7.844599e-02
7.849115e-02
7.853633e-02
7.858153e-02
7.862675e-02
7.867200e-02
7.871726e-02
7.876255e-02
7.880787e-02
7.885321e-02
7.889858e-02
7.894398e-02
7.898941e-02
7.903488e-02
7.908038e-02
7.912593e-02
7.917150e-02
7.921713e-02
7.926280e-02
7.930853e-02
7.935429e-02
7.940013e-02
7.944601e-02
7.949196e-02
7.953799e-02
7.958416e-02
7.963043e-02
7.967676e-02
7.972308e-02
7.976941e-02
7.981582e-02
7.986230e-02
7.990885e-02
7.995546e-02
8.000210e-02
8.004878e-02
8.009552e-02
8.014231e-02
8.018918e-02
8.023610e-02
8.028387e-02
8.033227e-02
8.038119e-02
8.043038e-02
8.047976e-02
8.052919e-02
8.057861e-02
8.062797e-02
8.067863e-02
8.073071e-02
8.078422e-02
8.083822e-02
8.089289e-02
8.093904e-02
8.098537e-02
8.103181e-02
8.107785e-02
8.112364e-02
8.116906e-02
8.121448e-02
8.125991e-02
8.130535e-02
8.135078e-02
8.139623e-02
8.144168e-02
8.148715e-02
8.153261e-02
8.157809e-02
8.162357e-02
8.166908e-02
8.171458e-02
8.176011e-02
8.180564e-02
8.185119e-02
8.189676e-02
8.194235e-02
8.198796e-02
8.203359e-02
8.207924e-02
8.212493e-02
8.217064e-02
8.221639e-02
8.226217e-02
8.230799e-02
8.235392e-02
8.240001e-02
8.244627e-02
8.249277e-02
8.253949e-02
8.258651e-02
8.263383e-02
8.268153e-02
8.272959e-02
8.277816e-02
8.282715e-02
8.287610e-02
8.292593e-02
8.297638e-02
8.302760e-02
8.307902e-02
8.313049e-02
8.318186e-02
8.323463e-02
8.328065e-02
8.332686e-02
8.337313e-02
8.341964e-02
8.346626e-02
8.351307e-02
8.355994e-02
8.360695e-02
8.365403e-02
8.370070e-02
8.374711e-02
8.379367e-02
8.384026e-02
8.388546e-02
8.393068e-02
8.397590e-02
8.402114e-02
8.406638e-02
8.411165e-02
8.415692e-02
8.420221e-02
8.424751e-02
8.429284e-02
8.433818e-02
8.438355e-02
8.442894e-02
8.447436e-02
8.451980e-02
8.456529e-02
8.461080e-02
8.465636e-02
8.470195e-02
8.474760e-02
8.479329e-02
8.483904e-02
8.488486e-02
8.493082e-02
8.497695e-02
8.502330e-02
8.506989e-02
8.511678e-02
8.516396e-02
8.521152e-02
8.525944e-02
8.530785e-02
8.535671e-02
8.540624e-02
8.545638e-02
8.550349e-02
8.555017e-02
8.559661e-02
8.564321e-02
8.568985e-02
8.573674e-02
8.578373e-02
8.583092e-02
8.587819e-02
8.592562e-02
8.597312e-02
8.602006e-02
8.606669e-02
8.611345e-02
8.616026e-02
8.620729e-02
8.625444e-02
8.630175e-02
8.634913e-02
8.639659e-02
8.644407e-02
8.649136e-02
8.653854e-02
8.658392e-02
8.662933e-02
8.667474e-02
8.672017e-02
8.676561e-02
8.681107e-02
8.685653e-02
8.690202e-02
8.694752e-02
8.699304e-02
8.703857e-02
8.708412e-02
8.712969e-02
8.717529e-02
8.722090e-02
8.726653e-02
8.731219e-02
8.735787e-02
8.740358e-02
8.744932e-02
8.749507e-02
8.754087e-02
8.758669e-02
8.763255e-02
8.767844e-02
8.772438e-02
8.777035e-02
8.781637e-02
8.786243e-02
8.790855e-02
8.795473e-02
8.800098e-02
8.804732e-02
8.809380e-02
8.814042e-02
8.818722e-02
8.823418e-02
8.828136e-02
8.832874e-02
8.837641e-02
8.842387e-02
8.847107e-02
8.851840e-02
8.856577e-02
8.861332e-02
8.866094e-02
8.870869e-02
8.875646e-02
8.880428e-02
8.885209e-02
8.889993e-02
8.894779e-02
8.899530e-02
8.904263e-02
8.909010e-02
8.913762e-02
8.918530e-02
8.923304e-02
8.928088e-02
8.932873e-02
8.937662e-02
8.942451e-02
8.947241e-02
8.952031e-02
8.956806e-02
8.961572e-02
8.966378e-02
8.971209e-02
8.976066e-02
8.980938e-02
8.985825e-02
8.990716e-02
8.995607e-02
9.000494e-02
9.005400e-02
9.010337e-02
9.015308e-02
9.019876e-02
9.024445e-02
9.029015e-02
9.033586e-02
9.038158e-02
9.042730e-02
9.047303e-02
9.051876e-02
9.056451e-02
9.061025e-02
9.065601e-02
9.070177e-02
9.074754e-02
9.079331e-02
9.083910e-02
9.088488e-02
9.093067e-02
9.097647e-02
9.102227e-02
9.106808e-02
9.111390e-02
9.115972e-02
9.120554e-02
9.125138e-02
9.129722e-02
9.134306e-02
9.138892e-02
9.143477e-02
9.148065e-02
9.152652e-02
9.157241e-02
9.161831e-02
9.166422e-02
9.171014e-02
9.175608e-02
9.180203e-02
9.184801e-02
9.189400e-02
9.194001e-02
9.198605e-02
9.203212e-02
9.207822e-02
9.212436e-02
9.217052e-02
9.221674e-02
9.226300e-02
9.230932e-02
9.235568e-02
9.240212e-02
9.244862e-02
9.249522e-02
9.254189e-02
9.258868e-02
9.263556e-02
9.268258e-02
9.272972e-02
9.277703e-02
9.282449e-02
9.287217e-02
9.292003e-02
9.296817e-02
9.301635e-02
9.306453e-02
9.311277e-02
9.316100e-02
9.320926e-02
9.325753e-02
9.330577e-02
9.335401e-02
9.340224e-02
9.345045e-02
9.349871e-02
9.354698e-02
9.359526e-02
9.364352e-02
9.369177e-02
9.374002e-02
9.378826e-02
9.383649e-02
9.388476e-02
9.393304e-02
9.398132e-02
9.402959e-02
9.407785e-02
9.412611e-02
9.417438e-02
9.422265e-02
9.427092e-02
9.431918e-02
9.436744e-02
9.441569e-02
9.446395e-02
9.451222e-02
9.456048e-02
9.460874e-02
9.465700e-02
9.470524e-02
9.475350e-02
9.480176e-02
9.485002e-02
9.489827e-02
9.494653e-02
9.499478e-02
9.504303e-02
9.509128e-02
9.513952e-02
9.518777e-02
9.523602e-02
9.528426e-02
9.533250e-02
9.538075e-02
9.542899e-02
9.547723e-02
9.552547e-02
9.557371e-02
9.562194e-02
9.567018e-02
9.571841e-02
9.576665e-02
9.581488e-02
9.586311e-02
9.591135e-02
9.595958e-02
9.600781e-02
9.605604e-02
9.610427e-02
9.615251e-02
9.620074e-02
9.624896e-02
9.629719e-02
9.634543e-02
9.639365e-02
9.644189e-02
9.649012e-02
9.653835e-02
9.658659e-02
9.663483e-02
9.668306e-02
9.673130e-02
9.677948e-02
9.682722e-02
9.687461e-02
9.692160e-02
9.696827e-02
9.701477e-02
9.706109e-02
9.710737e-02
9.715352e-02
9.719964e-02
9.724572e-02
9.729181e-02
9.733787e-02
9.738391e-02
9.742986e-02
9.747577e-02
9.752156e-02
9.756729e-02
9.761288e-02
9.765841e-02
9.770381e-02
9.774915e-02
9.779437e-02
9.783953e-02
9.788457e-02
9.792956e-02
9.797445e-02
9.801928e-02
9.806402e-02
9.810871e-02
9.815332e-02
9.819788e-02
9.824236e-02
9.828680e-02
9.833116e-02
9.837549e-02
9.841974e-02
9.846397e-02
9.850812e-02
9.855223e-02
9.859628e-02
9.864030e-02
9.868426e-02
9.872818e-02
9.877203e-02
9.881585e-02
9.885962e-02
9.890334e-02
9.894701e-02
9.899065e-02
9.903422e-02
9.907776e-02
9.912124e-02
9.916469e-02
9.920809e-02
9.925144e-02
9.929475e-02
9.933802e-02
9.938124e-02
9.942442e-02
9.946756e-02
9.951067e-02
9.955373e-02
9.959676e-02
9.963976e-02
9.968273e-02
9.972566e-02
9.976857e-02
9.981146e-02
9.985433e-02
9.989718e-02
9.994004e-02
9.998289e-02
1.000258e-01
1.000729e-01
1.001209e-01
1.001687e-01
1.002164e-01
1.002640e-01
1.003115e-01
1.003589e-01
1.004064e-01
1.004537e-01
1.005012e-01
1.005486e-01
1.005962e-01
1.006437e-01
1.006913e-01
1.007388e-01
1.007865e-01
1.008340e-01
1.008817e-01
1.009293e-01
1.009771e-01
1.010248e-01
1.010726e-01
1.011204e-01
1.011683e-01
1.012162e-01
1.012643e-01
1.013123e-01
1.013605e-01
1.014086e-01
1.014567e-01
1.015048e-01
1.015530e-01
1.016011e-01
1.016493e-01
1.016974e-01
1.017454e-01
1.017931e-01
1.018407e-01
1.018884e-01
1.019361e-01
1.019840e-01
1.020320e-01
1.020801e-01
1.021283e-01
1.021766e-01
1.022249e-01
1.022728e-01
1.023205e-01
1.023683e-01
1.024162e-01
1.024642e-01
1.025123e-01
1.025605e-01
1.026088e-01
1.026568e-01
1.027048e-01
1.027528e-01
1.028009e-01
1.028491e-01
1.028973e-01
1.029456e-01
1.029938e-01
1.030422e-01
1.030905e-01
1.031393e-01
1.031881e-01
1.032368e-01
1.032856e-01
1.033344e-01
1.033832e-01
1.034321e-01
1.034811e-01
1.035301e-01
1.035791e-01
1.036281e-01
1.036771e-01
1.037262e-01
1.037742e-01
1.038218e-01
1.038691e-01
1.039166e-01
1.039641e-01
1.040119e-01
1.040598e-01
1.041078e-01
1.041560e-01
1.042043e-01
1.042527e-01
1.043007e-01
1.043483e-01
1.043962e-01
1.044440e-01
1.044921e-01
1.045403e-01
1.045886e-01
1.046370e-01
1.046854e-01
1.047338e-01
1.047820e-01
1.048302e-01
1.048784e-01
1.049268e-01
1.049752e-01
1.050237e-01
1.050726e-01
1.051218e-01
1.051716e-01
1.052217e-01
1.052718e-01
1.053220e-01
1.053723e-01
1.054225e-01
1.054728e-01
1.055232e-01
1.055735e-01
1.056212e-01
1.056691e-01
1.057172e-01
1.057648e-01
1.058122e-01
1.058598e-01
1.059074e-01
1.059554e-01
1.060034e-01
1.060516e-01
1.060999e-01
1.061483e-01
1.061968e-01
1.062450e-01
1.062929e-01
1.063410e-01
1.063891e-01
1.064375e-01
1.064859e-01
1.065344e-01
1.065830e-01
1.066314e-01
1.066797e-01
1.067282e-01
1.067767e-01
1.068253e-01
1.068741e-01
1.069235e-01
1.069734e-01
1.070239e-01
1.070747e-01
1.071256e-01
1.071766e-01
1.072276e-01
1.072786e-01
1.073310e-01
1.073785e-01
1.074261e-01
1.074737e-01
1.075216e-01
1.075696e-01
1.076178e-01
1.076661e-01
1.077141e-01
1.077619e-01
1.078098e-01
1.078578e-01
1.079060e-01
1.079543e-01
1.080028e-01
1.080514e-01
1.081000e-01
1.081487e-01
1.081971e-01
1.082453e-01
1.082938e-01
1.083423e-01
1.083909e-01
1.084396e-01
1.084884e-01
1.085371e-01
1.085859e-01
1.086348e-01
1.086844e-01
1.087346e-01
1.087853e-01
1.088363e-01
1.088875e-01
1.089387e-01
1.089899e-01
1.090411e-01
1.090937e-01
1.091414e-01
1.091891e-01
1.092369e-01
1.092849e-01
1.093331e-01
1.093814e-01
1.094300e-01
1.094781e-01
1.095261e-01
1.095742e-01
1.096223e-01
1.096707e-01
1.097193e-01
1.097679e-01
1.098167e-01
1.098655e-01
1.099143e-01
1.099629e-01
1.100114e-01
1.100600e-01
1.101087e-01
1.101576e-01
1.102065e-01
1.102554e-01
1.103044e-01
1.103534e-01
1.104026e-01
1.104524e-01
1.105027e-01
1.105537e-01
1.106049e-01
1.106562e-01
1.107076e-01
1.107590e-01
1.108104e-01
1.108633e-01
1.109109e-01
1.109581e-01
1.110057e-01
1.110528e-01
1.111005e-01
1.111477e-01
1.111953e-01
1.112425e-01
1.112902e-01
1.113374e-01
1.113851e-01
1.114324e-01
1.114801e-01
1.115274e-01
1.115752e-01
1.116225e-01
1.116703e-01
1.117177e-01
1.117656e-01
1.118130e-01
1.118610e-01
1.119085e-01
1.119565e-01
1.120041e-01
1.120523e-01
1.121000e-01
1.121482e-01
1.121960e-01
1.122444e-01
1.122923e-01
1.123409e-01
1.123890e-01
1.124378e-01
1.124861e-01
1.125351e-01
1.125837e-01
1.126317e-01
1.126798e-01
1.127280e-01
1.127764e-01
1.128250e-01
1.128733e-01
1.129215e-01
1.129699e-01
1.130183e-01
1.130670e-01
1.131135e-01
1.131599e-01
1.132064e-01
1.132529e-01
1.132995e-01
1.133460e-01
1.133925e-01
1.134391e-01
1.134857e-01
1.135322e-01
1.135788e-01
1.136254e-01
1.136720e-01
1.137186e-01
1.137653e-01
1.138119e-01
1.138585e-01
1.139052e-01
1.139518e-01
1.139985e-01
1.140452e-01
1.140918e-01
1.141385e-01
1.141853e-01
1.142320e-01
1.142787e-01
1.143255e-01
1.143722e-01
1.144190e-01
1.144658e-01
1.145126e-01
1.145595e-01
1.146063e-01
1.146532e-01
1.147001e-01
1.147470e-01
1.147940e-01
1.148409e-01
1.148879e-01
1.149349e-01
1.149820e-01
1.150291e-01
1.150762e-01
1.151234e-01
1.151706e-01
1.152179e-01
1.152652e-01
1.153125e-01
1.153599e-01
1.154074e-01
1.154549e-01
1.155025e-01
1.155503e-01
1.155980e-01
1.156459e-01
1.156939e-01
1.157421e-01
1.157903e-01
1.158387e-01
1.158873e-01
1.159361e-01
1.159850e-01
1.160335e-01
1.160815e-01
1.161293e-01
1.161772e-01
1.162251e-01
1.162733e-01
1.163216e-01
1.163702e-01
1.164189e-01
1.164677e-01
1.165167e-01
1.165651e-01
1.166132e-01
1.166615e-01
1.167100e-01
1.167586e-01
1.168074e-01
1.168564e-01
1.169055e-01
1.169546e-01
1.170038e-01
1.170528e-01
1.171017e-01
1.171507e-01
1.171999e-01
1.172492e-01
1.172986e-01
1.173487e-01
1.173995e-01
1.174510e-01
1.175028e-01
1.175549e-01
1.176069e-01
1.176600e-01
1.177075e-01
1.177552e-01
1.178029e-01
1.178509e-01
1.178991e-01
1.179475e-01
1.179961e-01
1.180444e-01
1.180926e-01
1.181409e-01
1.181893e-01
1.182380e-01
1.182867e-01
1.183356e-01
1.183846e-01
1.184333e-01
1.184819e-01
1.185306e-01
1.185795e-01
1.186285e-01
1.186776e-01
1.187266e-01
1.187757e-01
1.188249e-01
1.188741e-01
1.189239e-01
1.189743e-01
1.190254e-01
1.190768e-01
1.191285e-01
1.191803e-01
1.192271e-01
1.192739e-01
1.193206e-01
1.193674e-01
1.194142e-01
1.194610e-01
1.195077e-01
1.195545e-01
1.196013e-01
1.196480e-01
1.196948e-01
1.197416e-01
1.197884e-01
1.198351e-01
1.198819e-01
1.199287e-01
1.199755e-01
1.200223e-01
1.200691e-01
1.201159e-01
1.201627e-01
1.202095e-01
1.202564e-01
1.203033e-01
1.203503e-01
1.203974e-01
1.204446e-01
1.204919e-01
1.205393e-01
1.205868e-01
1.206344e-01
1.206822e-01
1.207301e-01
1.207779e-01
1.208252e-01
1.208724e-01
1.209197e-01
1.209671e-01
1.210147e-01
1.210625e-01
1.211106e-01
1.211588e-01
1.212066e-01
1.212544e-01
1.213022e-01
1.213502e-01
1.213985e-01
1.214468e-01
1.214952e-01
1.215436e-01
1.215922e-01
1.216409e-01
1.216896e-01
1.217384e-01
1.217872e-01
1.218362e-01
1.218853e-01
1.219345e-01
1.219848e-01
1.220360e-01
1.220880e-01
1.221353e-01
1.221829e-01
1.222306e-01
1.222779e-01
1.223251e-01
1.223725e-01
1.224200e-01
1.224679e-01
1.225159e-01
1.225641e-01
1.226124e-01
1.226607e-01
1.227089e-01
1.227573e-01
1.228058e-01
1.228544e-01
1.229030e-01
1.229518e-01
1.230007e-01
1.230496e-01
1.230986e-01
1.231477e-01
1.231969e-01
1.232468e-01
1.232976e-01
1.233492e-01
1.233964e-01
1.234438e-01
1.234914e-01
1.235387e-01
1.235859e-01
1.236334e-01
1.236809e-01
1.237288e-01
1.237768e-01
1.238250e-01
1.238734e-01
1.239215e-01
1.239695e-01
1.240176e-01
1.240659e-01
1.241144e-01
1.241631e-01
1.242117e-01
1.242604e-01
1.243092e-01
1.243581e-01
1.244070e-01
1.244562e-01
1.245054e-01
1.245547e-01
1.246050e-01
1.246561e-01
1.247079e-01
1.247555e-01
1.248032e-01
1.248511e-01
1.248986e-01
1.249460e-01
1.249935e-01
1.250412e-01
1.250891e-01
1.251372e-01
1.251856e-01
1.252340e-01
1.252827e-01
1.253314e-01
1.253797e-01
1.254278e-01
1.254762e-01
1.255246e-01
1.255733e-01
1.256221e-01
1.256711e-01
1.257202e-01
1.257692e-01
1.258181e-01
1.258673e-01
1.259166e-01
1.259664e-01
1.260171e-01
1.260685e-01
1.261204e-01
1.261726e-01
1.262205e-01
1.262679e-01
1.263151e-01
1.263625e-01
1.264100e-01
1.264578e-01
1.265057e-01
1.265539e-01
1.266023e-01
1.266508e-01
1.266995e-01
1.267478e-01
1.267959e-01
1.268441e-01
1.268925e-01
1.269411e-01
1.269899e-01
1.270388e-01
1.270879e-01
1.271368e-01
1.271857e-01
1.272347e-01
1.272839e-01
1.273331e-01
1.273825e-01
1.274325e-01
1.274832e-01
1.275346e-01
1.275865e-01
1.276387e-01
1.276867e-01
1.277344e-01
1.277819e-01
1.278296e-01
1.278774e-01
1.279255e-01
1.279737e-01
1.280221e-01
1.280707e-01
1.281189e-01
1.281669e-01
1.282151e-01
1.282634e-01
1.283119e-01
1.283606e-01
1.284095e-01
1.284585e-01
1.285074e-01
1.285563e-01
1.286053e-01
1.286545e-01
1.287037e-01
1.287530e-01
1.288024e-01
1.288519e-01
1.289014e-01
1.289511e-01
1.290017e-01
1.290532e-01
1.291052e-01
1.291524e-01
1.291995e-01
1.292467e-01
1.292939e-01
1.293411e-01
1.293884e-01
1.294356e-01
1.294830e-01
1.295303e-01
1.295777e-01
1.296252e-01
1.296727e-01
1.297202e-01
1.297678e-01
1.298155e-01
1.298632e-01
1.299110e-01
1.299588e-01
1.300068e-01
1.300548e-01
1.301029e-01
1.301511e-01
1.301995e-01
1.302480e-01
1.302967e-01
1.303455e-01
1.303945e-01
1.304437e-01
1.304932e-01
1.305428e-01
1.305928e-01
1.306431e-01
1.306939e-01
1.307450e-01
1.307959e-01
1.308476e-01
1.308963e-01
1.309446e-01
1.309927e-01
1.310410e-01
1.310893e-01
1.311379e-01
1.311867e-01
1.312356e-01
1.312848e-01
1.313336e-01
1.313823e-01
1.314311e-01
1.314800e-01
1.315291e-01
1.315783e-01
1.316277e-01
1.316772e-01
1.317268e-01
1.317764e-01
1.318257e-01
1.318749e-01
1.319243e-01
1.319737e-01
1.320234e-01
1.320731e-01
1.321230e-01
1.321730e-01
1.322228e-01
1.322726e-01
1.323225e-01
1.323725e-01
1.324233e-01
1.324746e-01
1.325264e-01
1.325786e-01
1.326309e-01
1.326832e-01
1.327364e-01
1.327904e-01
1.328453e-01
1.328939e-01
1.329428e-01
1.329918e-01
1.330406e-01
1.330892e-01
1.331380e-01
1.331869e-01
1.332361e-01
1.332853e-01
1.333347e-01
1.333843e-01
1.334334e-01
1.334824e-01
1.335315e-01
1.335807e-01
1.336301e-01
1.336796e-01
1.337293e-01
1.337790e-01
1.338286e-01
1.338781e-01
1.339277e-01
1.339775e-01
1.340273e-01
1.340772e-01
1.341271e-01
1.341769e-01
1.342267e-01
1.342767e-01
1.343267e-01
1.343766e-01
1.344266e-01
1.344768e-01
1.345269e-01
1.345771e-01
1.346280e-01
1.346796e-01
1.347315e-01
1.347838e-01
1.348361e-01
1.348886e-01
1.349416e-01
1.349945e-01
1.350474e-01
1.350964e-01
1.351455e-01
1.351948e-01
1.352438e-01
1.352925e-01
1.353414e-01
1.353904e-01
1.354396e-01
1.354889e-01
1.355384e-01
1.355880e-01
1.356377e-01
1.356875e-01
1.357369e-01
1.357860e-01
1.358353e-01
1.358847e-01
1.359342e-01
1.359839e-01
1.360337e-01
1.360836e-01
1.361336e-01
1.361836e-01
1.362333e-01
1.362829e-01
1.363327e-01
1.363825e-01
1.364325e-01
1.364826e-01
1.365326e-01
1.365826e-01
1.366333e-01
1.366846e-01
1.367364e-01
1.367884e-01
1.368405e-01
1.368926e-01
1.369449e-01
1.369972e-01
1.370495e-01
1.370983e-01
1.371473e-01
1.371965e-01
1.372453e-01
1.372939e-01
1.373427e-01
1.373916e-01
1.374407e-01
1.374900e-01
1.375394e-01
1.375890e-01
1.376388e-01
1.376886e-01
1.377380e-01
1.377871e-01
1.378363e-01
1.378857e-01
1.379352e-01
1.379849e-01
1.380348e-01
1.380847e-01
1.381347e-01
1.381847e-01
1.382345e-01
1.382841e-01
1.383339e-01
1.383838e-01
1.384339e-01
1.384841e-01
1.385343e-01
1.385847e-01
1.386352e-01
1.386859e-01
1.387368e-01
1.387880e-01
1.388396e-01
1.388916e-01
1.389415e-01
1.389914e-01
1.390414e-01
1.390904e-01
1.391390e-01
1.391875e-01
1.392362e-01
1.392850e-01
1.393340e-01
1.393832e-01
1.394326e-01
1.394821e-01
1.395313e-01
1.395803e-01
1.396294e-01
1.396786e-01
1.397281e-01
1.397776e-01
1.398274e-01
1.398768e-01
1.399263e-01
1.399758e-01
1.400254e-01
1.400751e-01
1.401250e-01
1.401749e-01
1.402249e-01
1.402748e-01
1.403248e-01
1.403618e-01
1.404019e-01
1.404378e-01
1.404715e-01
1.405069e-01
1.405406e-01
1.405758e-01
1.406097e-01
1.406448e-01
1.406787e-01
1.407137e-01
1.407477e-01
1.407826e-01
1.408167e-01
1.408521e-01
1.408862e-01
1.409217e-01
1.409559e-01
1.409914e-01
1.410258e-01
1.410613e-01
1.410958e-01
1.411311e-01
1.411674e-01
1.412024e-01
1.412386e-01
1.412739e-01
1.413105e-01
1.413463e-01
1.413834e-01
1.414196e-01
1.414570e-01
1.414934e-01
1.415312e-01
1.415681e-01
1.416069e-01
1.416448e-01
1.416821e-01
1.417220e-01
1.417602e-01
1.417991e-01
1.418387e-01
1.418796e-01
1.419219e-01
1.419668e-01
1.420153e-01
1.420655e-01
1.421156e-01
1.421657e-01
1.422158e-01
1.422661e-01
1.423163e-01
1.423666e-01
1.424173e-01
1.424682e-01
1.425193e-01
1.425707e-01
1.426224e-01
1.426747e-01
1.427257e-01
1.427743e-01
1.428230e-01
1.428719e-01
1.429209e-01
1.429702e-01
1.430192e-01
1.430681e-01
1.431172e-01
1.431664e-01
1.432159e-01
1.432654e-01
1.433151e-01
1.433650e-01
1.434144e-01
1.434637e-01
1.435131e-01
1.435588e-01
1.436049e-01
1.436505e-01
1.436966e-01
1.437423e-01
1.437883e-01
1.438339e-01
1.438799e-01
1.439256e-01
1.439720e-01
1.440176e-01
1.440636e-01
1.441096e-01
1.441594e-01
1.442054e-01
1.442539e-01
1.443043e-01
1.443547e-01
1.444008e-01
1.444515e-01
1.444975e-01
1.445472e-01
1.445933e-01
1.446417e-01
1.446879e-01
1.447358e-01
1.447821e-01
1.448301e-01
1.448763e-01
1.449256e-01
1.449718e-01
1.450210e-01
1.450673e-01
1.451161e-01
1.451625e-01
1.452107e-01
1.452572e-01
1.453052e-01
1.453518e-01
1.453989e-01
1.454454e-01
1.454927e-01
1.455392e-01
1.455876e-01
1.456342e-01
1.456827e-01
1.457294e-01
1.457778e-01
1.458246e-01
1.458729e-01
1.459199e-01
1.459680e-01
1.460148e-01
1.460626e-01
1.461093e-01
1.461570e-01
1.462038e-01
1.462520e-01
1.462990e-01
1.463475e-01
1.463948e-01
1.464435e-01
1.464910e-01
1.465397e-01
1.465851e-01
1.466314e-01
1.466768e-01
1.467227e-01
1.467681e-01
1.468140e-01
1.468594e-01
1.469052e-01
1.469506e-01
1.469964e-01
1.470418e-01
1.470879e-01
1.471333e-01
1.471794e-01
1.472247e-01
1.472709e-01
1.473162e-01
1.473623e-01
1.474092e-01
1.474572e-01
1.475054e-01
1.475553e-01
1.476042e-01
1.476542e-01
1.477023e-01
1.477522e-01
1.478003e-01
1.478499e-01
1.478981e-01
1.479478e-01
1.479963e-01
1.480466e-01
1.480959e-01
1.481464e-01
1.481950e-01
1.482453e-01
1.482939e-01
1.483443e-01
1.483931e-01
1.484432e-01
1.484923e-01
1.485427e-01
1.485880e-01
1.486343e-01
1.486815e-01
1.487275e-01
1.487744e-01
1.488204e-01
1.488675e-01
1.489135e-01
1.489607e-01
1.490068e-01
1.490540e-01
1.491001e-01
1.491473e-01
1.491935e-01
1.492408e-01
1.492870e-01
1.493343e-01
1.493806e-01
1.494281e-01
1.494744e-01
1.495219e-01
1.495684e-01
1.496160e-01
1.496625e-01
1.497102e-01
1.497568e-01
1.498046e-01
1.498512e-01
1.498991e-01
1.499459e-01
1.499920e-01
1.500393e-01
1.500854e-01
1.501328e-01
1.501790e-01
1.502264e-01
1.502725e-01
1.503200e-01
1.503661e-01
1.504135e-01
1.504597e-01
1.505071e-01
1.505532e-01
1.506006e-01
1.506467e-01
1.506941e-01
1.507402e-01
1.507875e-01
1.508336e-01
1.508809e-01
1.509269e-01
1.509742e-01
1.510201e-01
1.510673e-01
1.511132e-01
1.511604e-01
1.512062e-01
1.512533e-01
1.512991e-01
1.513461e-01
1.513919e-01
1.514388e-01
1.514845e-01
1.515313e-01
1.515770e-01
1.516237e-01
1.516693e-01
1.517160e-01
1.517615e-01
1.518080e-01
1.518535e-01
1.519000e-01
1.519454e-01
1.519917e-01
1.520371e-01
1.520834e-01
1.521286e-01
1.521748e-01
1.522200e-01
1.522661e-01
1.523113e-01
1.523573e-01
1.524024e-01
1.524483e-01
1.524933e-01
1.525392e-01
1.525841e-01
1.526299e-01
1.526748e-01
1.527205e-01
1.527654e-01
1.528106e-01
1.528554e-01
1.529006e-01
1.529453e-01
1.529905e-01
1.530352e-01
1.530802e-01
1.531249e-01
1.531699e-01
1.532145e-01
1.532595e-01
1.533041e-01
1.533490e-01
1.533936e-01
1.534385e-01
1.534830e-01
1.535278e-01
1.535723e-01
1.536171e-01
1.536615e-01
1.537063e-01
1.537507e-01
1.537955e-01
1.538398e-01
1.538846e-01
1.539289e-01
1.539736e-01
1.540179e-01
1.540656e-01
1.541133e-01
1.541609e-01
1.542084e-01
1.542558e-01
1.543032e-01
1.543505e-01
1.543979e-01
1.544452e-01
1.544926e-01
1.545398e-01
1.545871e-01
1.546344e-01
1.546817e-01
1.547289e-01
1.547762e-01
1.548234e-01
1.548708e-01
1.549180e-01
1.549653e-01
1.550126e-01
1.550598e-01
1.551070e-01
1.551543e-01
1.552014e-01
1.552487e-01
1.552958e-01
1.553430e-01
1.553902e-01
1.554374e-01
1.554846e-01
1.555318e-01
1.555790e-01
1.556262e-01
1.556734e-01
1.557207e-01
1.557679e-01
1.558151e-01
1.558622e-01
1.559094e-01
1.559565e-01
1.560036e-01
1.560508e-01
1.560980e-01
1.561451e-01
1.561923e-01
1.562393e-01
1.562865e-01
1.563335e-01
1.563805e-01
1.564274e-01
1.564744e-01
1.565214e-01
1.565684e-01
1.566154e-01
1.566624e-01
1.567092e-01
1.567562e-01
1.568031e-01
1.568500e-01
1.568968e-01
1.569437e-01
1.569906e-01
1.570375e-01
1.570843e-01
1.571311e-01
1.571780e-01
1.572249e-01
1.572717e-01
1.573186e-01
1.573655e-01
1.574124e-01
1.574593e-01
1.575040e-01
1.575508e-01
1.575978e-01
1.576448e-01
1.576918e-01
1.577388e-01
1.577858e-01
1.578329e-01
1.578799e-01
1.579270e-01
1.579740e-01
1.580209e-01
1.580678e-01
1.581147e-01
1.581617e-01
1.582087e-01
1.582557e-01
1.583028e-01
1.583498e-01
1.583968e-01
1.584438e-01
1.584909e-01
1.585381e-01
1.585852e-01
1.586324e-01
1.586796e-01
1.587267e-01
1.587738e-01
1.588210e-01
1.588682e-01
1.589154e-01
1.589626e-01
1.590097e-01
1.590568e-01
1.591040e-01
1.591512e-01
1.591985e-01
1.592457e-01
1.592902e-01
1.593355e-01
1.593801e-01
1.594253e-01
1.594699e-01
1.595147e-01
1.595593e-01
1.596041e-01
1.596486e-01
1.596939e-01
1.597384e-01
1.597836e-01
1.598281e-01
1.598733e-01
1.599193e-01
1.599662e-01
1.600105e-01
1.600557e-01
1.601018e-01
1.601467e-01
1.601911e-01
1.602364e-01
1.602808e-01
1.603261e-01
1.603705e-01
1.604157e-01
1.604602e-01
1.605054e-01
1.605498e-01
1.605951e-01
1.606395e-01
1.606847e-01
1.607292e-01
1.607744e-01
1.608189e-01
1.608641e-01
1.609086e-01
1.609538e-01
1.609982e-01
1.610435e-01
1.610898e-01
1.611349e-01
1.611809e-01
1.612261e-01
1.612722e-01
1.613174e-01
1.613636e-01
1.614089e-01
1.614551e-01
1.615004e-01
1.615466e-01
1.615919e-01
1.616367e-01
1.616824e-01
1.617272e-01
1.617729e-01
1.618177e-01
1.618634e-01
1.619082e-01
1.619539e-01
1.619988e-01
1.620444e-01
1.620893e-01
1.621350e-01
1.621798e-01
1.622255e-01
1.622703e-01
1.623159e-01
1.623608e-01
1.624064e-01
1.624512e-01
1.624968e-01
1.625416e-01
1.625873e-01
1.626320e-01
1.626776e-01
1.627224e-01
1.627680e-01
1.628125e-01
1.628581e-01
1.629028e-01
1.629480e-01
1.629927e-01
1.630378e-01
1.630824e-01
1.631275e-01
1.631722e-01
1.632173e-01
1.632620e-01
1.633072e-01
1.633520e-01
1.633974e-01
1.634422e-01
1.634883e-01
1.635330e-01
1.635793e-01
1.636241e-01
1.636704e-01
1.637153e-01
1.637616e-01
1.638065e-01
1.638530e-01
1.639012e-01
1.639516e-01
1.640045e-01
1.640600e-01
1.641156e-01
1.641713e-01
1.642261e-01
1.642816e-01
1.643366e-01
1.643919e-01
1.644473e-01
1.645026e-01
1.645581e-01
1.646136e-01
1.646694e-01
1.647254e-01
1.647815e-01
1.648378e-01
1.648939e-01
1.649502e-01
1.649944e-01
1.650394e-01
1.650853e-01
1.651300e-01
1.651755e-01
1.652201e-01
1.652656e-01
1.653103e-01
1.653558e-01
1.654022e-01
1.654465e-01
1.654915e-01
1.655375e-01
1.655822e-01
1.656278e-01
1.656743e-01
1.657219e-01
1.657666e-01
1.658123e-01
1.658589e-01
1.659067e-01
1.659515e-01
1.659973e-01
1.660441e-01
1.660884e-01
1.661332e-01
1.661792e-01
1.662239e-01
1.662683e-01
1.663133e-01
1.663577e-01
1.664030e-01
1.664475e-01
1.664924e-01
1.665370e-01
1.665820e-01
1.666265e-01
1.666715e-01
1.667160e-01
1.667614e-01
1.668059e-01
1.668513e-01
1.668959e-01
1.669413e-01
1.669862e-01
1.670321e-01
1.670776e-01
1.671248e-01
1.671737e-01
1.672204e-01
1.672688e-01
1.673189e-01
1.673645e-01
1.674120e-01
1.674611e-01
1.675079e-01
1.675565e-01
1.676067e-01
1.676523e-01
1.676996e-01
1.677453e-01
1.677927e-01
1.678384e-01
1.678856e-01
1.679312e-01
1.679783e-01
1.680238e-01
1.680706e-01
1.681160e-01
1.681626e-01
1.682078e-01
1.682542e-01
1.682992e-01
1.683454e-01
1.683903e-01
1.684362e-01
1.684809e-01
1.685265e-01
1.685711e-01
1.686165e-01
1.686609e-01
1.687061e-01
1.687504e-01
1.687954e-01
1.688395e-01
1.688845e-01
1.689305e-01
1.689774e-01
1.690233e-01
1.690677e-01
1.691130e-01
1.691591e-01
1.692052e-01
1.692530e-01
1.692990e-01
1.693465e-01
1.693923e-01
1.694396e-01
1.694852e-01
1.695322e-01
1.695776e-01
1.696243e-01
1.696695e-01
1.697160e-01
1.697610e-01
1.698072e-01
1.698521e-01
1.698981e-01
1.699429e-01
1.699887e-01
1.700333e-01
1.700791e-01
1.701259e-01
1.701711e-01
1.702174e-01
1.702650e-01
1.703140e-01
1.703592e-01
1.704058e-01
1.704537e-01
1.705032e-01
1.705487e-01
1.705958e-01
1.706445e-01
1.706884e-01
1.707334e-01
1.707797e-01
1.708276e-01
1.708714e-01
1.709165e-01
1.709605e-01
1.710051e-01
1.710491e-01
1.710938e-01
1.711393e-01
1.711862e-01
1.712305e-01
1.712766e-01
1.713212e-01
1.713673e-01
1.714124e-01
1.714580e-01
1.715028e-01
1.715480e-01
1.715926e-01
1.716375e-01
1.716834e-01
1.717303e-01
1.717761e-01
1.718228e-01
1.718689e-01
1.719175e-01
1.719647e-01
1.720147e-01
1.720647e-01
1.721149e-01
1.721637e-01
1.722146e-01
1.722623e-01
1.723118e-01
1.723587e-01
1.724064e-01
1.724527e-01
1.724996e-01
1.725454e-01
1.725916e-01
1.726370e-01
1.726858e-01
1.727308e-01
1.727761e-01
1.728209e-01
1.728702e-01
1.729202e-01
1.729704e-01
1.730206e-01
1.730708e-01
1.731210e-01
1.731736e-01
1.732237e-01
1.732749e-01
1.733241e-01
1.733754e-01
1.734235e-01
1.734733e-01
1.735206e-01
1.735685e-01
1.736124e-01
1.736595e-01
1.737035e-01
1.737500e-01
1.737940e-01
1.738400e-01
1.738900e-01
1.739401e-01
1.739852e-01
1.740348e-01
1.740849e-01
1.741385e-01
1.741865e-01
1.742363e-01
1.742863e-01
1.743358e-01
1.743857e-01
1.744358e-01
1.744835e-01
1.745285e-01
1.745731e-01
1.746222e-01
1.746673e-01
1.747151e-01
1.747637e-01
1.748141e-01
1.748620e-01
1.749105e-01
1.749579e-01
1.750057e-01
1.750533e-01
1.751009e-01
1.751484e-01
1.751959e-01
1.752446e-01
1.752952e-01
1.753440e-01
1.753941e-01
1.754442e-01
1.754944e-01
1.755441e-01
1.755942e-01
1.756443e-01
1.756944e-01
1.757444e-01
1.757915e-01
1.758397e-01
1.758890e-01
1.759357e-01
1.759834e-01
1.760321e-01
1.760793e-01
1.761260e-01
1.761737e-01
1.762204e-01
1.762675e-01
1.763142e-01
1.763613e-01
1.764080e-01
1.764550e-01
1.765016e-01
1.765486e-01
1.765951e-01
1.766439e-01
1.766904e-01
1.767402e-01
1.767866e-01
1.768368e-01
1.768831e-01
1.769334e-01
1.769831e-01
1.770333e-01
1.770829e-01
1.771330e-01
1.771826e-01
1.772328e-01
1.772823e-01
1.773326e-01
1.773819e-01
1.774322e-01
1.774815e-01
1.775316e-01
1.775808e-01
1.776310e-01
1.776801e-01
1.777303e-01
1.777793e-01
1.778295e-01
1.778784e-01
1.779238e-01
1.779726e-01
1.780181e-01
1.780663e-01
1.781117e-01
1.781591e-01
1.782045e-01
1.782514e-01
1.782969e-01
1.783435e-01
1.783890e-01
1.784355e-01
1.784810e-01
1.785274e-01
1.785729e-01
1.786192e-01
1.786647e-01
1.787110e-01
1.787566e-01
1.788028e-01
1.788484e-01
1.788946e-01
1.789402e-01
1.789864e-01
1.790321e-01
1.790783e-01
1.791240e-01
1.791703e-01
1.792161e-01
1.792624e-01
1.793083e-01
1.793547e-01
1.794006e-01
1.794471e-01
1.794932e-01
1.795398e-01
1.795860e-01
1.796326e-01
1.796790e-01
1.797256e-01
1.797722e-01
1.798188e-01
1.798655e-01
1.799120e-01
1.799590e-01
1.800056e-01
1.800529e-01
1.800992e-01
1.801455e-01
1.801919e-01
1.802382e-01
1.802845e-01
1.803309e-01
1.803773e-01
1.804237e-01
1.804701e-01
1.805165e-01
1.805629e-01
1.806094e-01
1.806558e-01
1.807023e-01
1.807487e-01
1.807952e-01
1.808415e-01
1.808881e-01
1.809344e-01
1.809810e-01
1.810273e-01
1.810739e-01
1.811201e-01
1.811668e-01
1.812131e-01
1.812598e-01
1.813060e-01
1.813528e-01
1.813991e-01
1.814459e-01
1.814921e-01
1.815391e-01
1.815852e-01
1.816322e-01
1.816784e-01
1.817255e-01
1.817717e-01
1.818189e-01
1.818651e-01
1.819124e-01
1.819585e-01
1.820056e-01
1.820517e-01
1.820988e-01
1.821449e-01
1.821920e-01
1.822381e-01
1.822852e-01
1.823313e-01
1.823784e-01
1.824244e-01
1.824715e-01
1.825176e-01
1.825646e-01
1.826106e-01
1.826577e-01
1.827037e-01
1.827507e-01
1.827967e-01
1.828437e-01
1.828897e-01
1.829366e-01
1.829825e-01
1.830294e-01
1.830753e-01
1.831223e-01
1.831682e-01
1.832152e-01
1.832610e-01
1.833079e-01
1.833538e-01
1.834007e-01
1.834466e-01
1.834934e-01
1.835392e-01
1.835860e-01
1.836317e-01
1.836786e-01
1.837244e-01
1.837712e-01
1.838170e-01
1.838638e-01
1.839095e-01
1.839562e-01
1.840018e-01
1.840485e-01
1.840942e-01
1.841409e-01
1.841866e-01
1.842333e-01
1.842790e-01
1.843257e-01
1.843714e-01
1.844181e-01
1.844638e-01
1.845104e-01
1.845559e-01
1.846024e-01
1.846479e-01
1.846944e-01
1.847398e-01
1.847863e-01
1.848317e-01
1.848782e-01
1.849236e-01
1.849700e-01
1.850154e-01
1.850618e-01
1.851072e-01
1.851536e-01
1.851989e-01
1.852453e-01
1.852905e-01
1.853369e-01
1.853821e-01
1.854284e-01
1.854736e-01
1.855198e-01
1.855650e-01
1.856112e-01
1.856563e-01
1.857024e-01
1.857475e-01
1.857936e-01
1.858386e-01
1.858846e-01
1.859296e-01
1.859755e-01
1.860205e-01
1.860663e-01
1.861112e-01
1.861570e-01
1.862018e-01
1.862476e-01
1.862923e-01
1.863380e-01
1.863827e-01
1.864284e-01
1.864730e-01
1.865186e-01
1.865631e-01
1.866086e-01
1.866531e-01
1.866987e-01
1.867433e-01
1.867888e-01
1.868334e-01
1.868790e-01
1.869235e-01
1.869691e-01
1.870137e-01
1.870593e-01
1.871040e-01
1.871495e-01
1.871941e-01
1.872397e-01
1.872842e-01
1.873298e-01
1.873744e-01
1.874200e-01
1.874647e-01
1.875103e-01
1.875549e-01
1.876005e-01
1.876451e-01
1.876906e-01
1.877351e-01
1.877807e-01
1.878253e-01
1.878710e-01
1.879157e-01
1.879613e-01
1.880060e-01
1.880516e-01
1.880962e-01
1.881418e-01
1.881864e-01
1.882320e-01
1.882766e-01
1.883222e-01
1.883670e-01
1.884127e-01
1.884574e-01
1.885032e-01
1.885479e-01
1.885936e-01
1.886384e-01
1.886841e-01
1.887289e-01
1.887746e-01
1.888194e-01
1.888651e-01
1.889098e-01
1.889555e-01
1.890003e-01
1.890460e-01
1.890908e-01
1.891365e-01
1.891813e-01
1.892270e-01
1.892718e-01
1.893176e-01
1.893624e-01
1.894081e-01
1.894530e-01
1.894987e-01
1.895436e-01
1.895894e-01
1.896342e-01
1.896800e-01
1.897249e-01
1.897707e-01
1.898156e-01
1.898614e-01
1.899063e-01
1.899522e-01
1.899971e-01
1.900429e-01
1.900878e-01
1.901337e-01
1.901786e-01
1.902244e-01
1.902693e-01
1.903151e-01
1.903600e-01
1.904051e-01
1.904500e-01
1.904956e-01
1.905405e-01
1.905863e-01
1.906311e-01
1.906769e-01
1.907217e-01
1.907675e-01
1.908123e-01
1.908580e-01
1.909027e-01
1.909484e-01
1.909931e-01
1.910387e-01
1.910834e-01
1.911289e-01
1.911735e-01
1.912190e-01
1.912635e-01
1.913089e-01
1.913534e-01
1.913987e-01
1.914430e-01
1.914883e-01
1.915326e-01
1.915779e-01
1.916222e-01
1.916674e-01
1.917115e-01
1.917567e-01
1.918008e-01
1.918459e-01
1.918900e-01
1.919350e-01
1.919790e-01
1.920240e-01
1.920680e-01
1.921130e-01
1.921568e-01
1.922017e-01
1.922455e-01
1.922903e-01
1.923341e-01
1.923788e-01
1.924226e-01
1.924673e-01
1.925110e-01
1.925556e-01
1.925992e-01
1.926438e-01
1.926873e-01
1.927318e-01
1.927753e-01
1.928197e-01
1.928630e-01
1.929073e-01
1.929506e-01
1.929947e-01
1.930379e-01
1.930819e-01
1.931249e-01
1.931689e-01
1.932119e-01
1.932558e-01
1.932988e-01
1.933426e-01
1.933855e-01
1.934294e-01
1.934723e-01
1.935161e-01
1.935590e-01
1.936027e-01
1.936455e-01
1.936893e-01
1.937320e-01
1.937758e-01
1.938186e-01
1.938623e-01
1.939051e-01
1.939488e-01
1.939915e-01
1.940353e-01
1.940780e-01
1.941217e-01
1.941644e-01
1.942080e-01
1.942507e-01
1.942943e-01
1.943369e-01
1.943805e-01
1.944231e-01
1.944666e-01
1.945092e-01
1.945526e-01
1.945951e-01
1.946386e-01
1.946810e-01
1.947244e-01
1.947668e-01
1.948101e-01
1.948524e-01
1.948957e-01
1.949380e-01
1.949812e-01
1.950234e-01
1.950666e-01
1.951088e-01
1.951519e-01
1.951941e-01
1.952372e-01
1.952793e-01
1.953224e-01
1.953645e-01
1.954075e-01
1.954496e-01
1.954925e-01
1.955346e-01
1.955776e-01
1.956196e-01
1.956626e-01
1.957046e-01
1.957476e-01
1.957896e-01
1.958325e-01
1.958746e-01
1.959175e-01
1.959596e-01
1.960026e-01
1.960446e-01
1.960876e-01
1.961297e-01
1.961727e-01
1.962148e-01
1.962579e-01
1.963001e-01
1.963432e-01
1.963853e-01
1.964285e-01
1.964707e-01
1.965139e-01
1.965562e-01
1.965994e-01
1.966417e-01
1.966851e-01
1.967274e-01
1.967708e-01
1.968132e-01
1.968566e-01
1.968991e-01
1.969426e-01
1.969851e-01
1.970286e-01
1.970710e-01
1.971145e-01
1.971570e-01
1.972004e-01
1.972429e-01
1.972863e-01
1.973288e-01
1.973722e-01
1.974147e-01
1.974581e-01
1.975006e-01
1.975440e-01
1.975864e-01
1.976299e-01
1.976723e-01
1.977158e-01
1.977582e-01
1.978016e-01
1.978441e-01
1.978876e-01
1.979301e-01
1.979735e-01
1.980159e-01
1.980593e-01
1.981016e-01
1.981450e-01
1.981874e-01
1.982309e-01
1.982733e-01
1.983167e-01
1.983591e-01
1.984025e-01
1.984448e-01
1.984882e-01
1.985305e-01
1.985738e-01
1.986162e-01
1.986595e-01
1.987018e-01
1.987451e-01
1.987874e-01
1.988307e-01
1.988730e-01
1.989163e-01
1.989586e-01
1.990019e-01
1.990442e-01
1.990875e-01
1.991299e-01
1.991732e-01
1.992155e-01
1.992589e-01
1.993013e-01
1.993446e-01
1.993870e-01
1.994304e-01
1.994729e-01
1.995163e-01
1.995588e-01
1.996022e-01
1.996447e-01
1.996883e-01
1.997308e-01
1.997743e-01
1.998169e-01
1.998605e-01
1.999032e-01
1.999468e-01
1.999893e-01
2.000329e-01
2.000754e-01
2.001191e-01
