# 1  : Date
# 2  : Temps elapsed min (mus)
# 3  : Rang temps elapsed min
# 4  : Noeud temps elapsed min
# 5  : Temps elapsed max (mus)
# 6  : Rang temps elapsed max
# 7  : Noeud temps elapsed max
# 8  : Grind time (mus/maille/cycle)
# 9  : Grind time équivalent séquentiel (#8 X nb_de_coeurs)
#     1     2     3     4      5      6      7       8      9
#   ATTENTION  les temps cpu schémas sont données dans l'ordre alphabétique des schémas WARNING
#  10: TELAPS Hydro (mus)
2.939297e-04   6.243e+04 0 inti1230   6.255e+04 3 inti1230   4.492e-01 7.187e+00  3.285e+04
8.572999e-04   4.139e+04 0 inti1230   4.152e+04 3 inti1230   2.924e-01 4.678e+00  3.271e+04
1.647287e-03   4.572e+04 0 inti1230   4.576e+04 1 inti1230   3.125e-01 5.000e+00  3.642e+04
2.626441e-03   4.674e+04 0 inti1230   4.680e+04 1 inti1230   3.078e-01 4.926e+00  3.725e+04
3.707361e-03   7.698e+04 0 inti1230   7.712e+04 2 inti1230   4.845e-01 7.752e+00  3.896e+04
4.818211e-03   5.035e+04 0 inti1230   5.051e+04 3 inti1230   3.046e-01 4.874e+00  4.035e+04
6.028940e-03   5.171e+04 0 inti1230   5.176e+04 3 inti1230   2.997e-01 4.795e+00  4.143e+04
7.385648e-03   5.713e+04 0 inti1230   5.728e+04 1 inti1230   3.189e-01 5.102e+00  4.633e+04
8.669252e-03   8.539e+04 0 inti1230   8.544e+04 3 inti1230   4.571e-01 7.314e+00  4.378e+04
9.440305e-03   5.538e+04 0 inti1230   5.543e+04 3 inti1230   2.909e-01 4.654e+00  4.462e+04
1.012555e-02   5.589e+04 0 inti1230   5.594e+04 2 inti1230   2.891e-01 4.625e+00  4.496e+04
1.083390e-02   5.607e+04 0 inti1230   5.616e+04 3 inti1230   2.856e-01 4.570e+00  4.515e+04
1.162404e-02   8.884e+04 0 inti1230   8.890e+04 3 inti1230   4.438e-01 7.100e+00  4.718e+04
1.252316e-02   5.771e+04 0 inti1230   5.776e+04 2 inti1230   2.832e-01 4.531e+00  4.668e+04
1.351284e-02   5.889e+04 0 inti1230   5.895e+04 3 inti1230   2.838e-01 4.540e+00  4.752e+04
1.454671e-02   5.966e+04 0 inti1230   5.972e+04 2 inti1230   2.820e-01 4.511e+00  4.846e+04
1.563656e-02   9.515e+04 0 inti1230   9.522e+04 3 inti1230   4.396e-01 7.033e+00  5.088e+04
1.672583e-02   6.334e+04 0 inti1230   6.341e+04 3 inti1230   2.873e-01 4.596e+00  5.174e+04
1.780484e-02   6.353e+04 0 inti1230   6.359e+04 3 inti1230   2.826e-01 4.522e+00  5.160e+04
1.887827e-02   6.438e+04 0 inti1230   6.454e+04 3 inti1230   2.811e-01 4.498e+00  5.258e+04
1.965336e-02   9.796e+04 0 inti1230   9.802e+04 1 inti1230   4.196e-01 6.714e+00  5.389e+04
2.034923e-02   6.460e+04 0 inti1230   6.465e+04 3 inti1230   2.737e-01 4.379e+00  5.260e+04
2.108205e-02   6.502e+04 0 inti1230   6.508e+04 2 inti1230   2.720e-01 4.352e+00  5.282e+04
2.187429e-02   6.525e+04 0 inti1230   6.532e+04 2 inti1230   2.689e-01 4.302e+00  5.328e+04
2.271914e-02   1.014e+05 0 inti1230   1.014e+05 2 inti1230   4.104e-01 6.567e+00  5.486e+04
2.362106e-02   6.708e+04 0 inti1230   6.713e+04 2 inti1230   2.671e-01 4.274e+00  5.478e+04
2.457766e-02   6.765e+04 0 inti1230   6.771e+04 3 inti1230   2.648e-01 4.236e+00  5.523e+04
2.558028e-02   6.940e+04 0 inti1230   6.945e+04 3 inti1230   2.667e-01 4.267e+00  5.704e+04
2.662888e-02   1.069e+05 0 inti1230   1.070e+05 3 inti1230   4.020e-01 6.431e+00  5.785e+04
2.772526e-02   7.055e+04 0 inti1230   7.060e+04 3 inti1230   2.599e-01 4.158e+00  5.799e+04
2.886510e-02   7.119e+04 0 inti1230   7.125e+04 3 inti1230   2.570e-01 4.111e+00  5.842e+04
3.002274e-02   7.188e+04 0 inti1230   7.193e+04 1 inti1230   2.537e-01 4.060e+00  5.920e+04
3.119282e-02   1.104e+05 0 inti1230   1.105e+05 3 inti1230   3.802e-01 6.083e+00  6.097e+04
3.229637e-02   7.425e+04 0 inti1230   7.440e+04 1 inti1230   2.510e-01 4.016e+00  6.127e+04
3.333914e-02   7.505e+04 0 inti1230   7.510e+04 3 inti1230   2.484e-01 3.974e+00  6.167e+04
3.437757e-02   7.652e+04 0 inti1230   7.659e+04 3 inti1230   2.484e-01 3.975e+00  6.335e+04
3.545436e-02   1.210e+05 0 inti1230   1.211e+05 1 inti1230   3.849e-01 6.159e+00  6.667e+04
3.658470e-02   7.795e+04 0 inti1230   7.807e+04 2 inti1230   2.433e-01 3.892e+00  6.464e+04
3.776017e-02   8.024e+04 0 inti1230   8.029e+04 2 inti1230   2.450e-01 3.920e+00  6.640e+04
3.897806e-02   8.037e+04 0 inti1230   8.051e+04 2 inti1230   2.403e-01 3.845e+00  6.684e+04
4.022718e-02   1.265e+05 0 inti1230   1.266e+05 3 inti1230   3.687e-01 5.900e+00  6.938e+04
4.151239e-02   8.267e+04 0 inti1230   8.275e+04 3 inti1230   2.360e-01 3.776e+00  6.865e+04
4.283415e-02   8.355e+04 0 inti1230   8.361e+04 2 inti1230   2.338e-01 3.741e+00  6.901e+04
4.419252e-02   8.479e+04 0 inti1230   8.484e+04 2 inti1230   2.325e-01 3.719e+00  7.033e+04
4.558811e-02   1.336e+05 0 inti1230   1.337e+05 3 inti1230   3.579e-01 5.727e+00  7.403e+04
4.701995e-02   8.827e+04 0 inti1230   8.833e+04 2 inti1230   2.317e-01 3.707e+00  7.343e+04
4.846160e-02   8.900e+04 1 inti1230   8.906e+04 2 inti1230   2.290e-01 3.664e+00  7.391e+04
4.986588e-02   8.999e+04 0 inti1230   9.006e+04 2 inti1230   2.274e-01 3.638e+00  7.504e+04
5.125305e-02   1.440e+05 0 inti1230   1.440e+05 2 inti1230   3.563e-01 5.701e+00  7.888e+04
5.264344e-02   9.336e+04 0 inti1230   9.342e+04 2 inti1230   2.272e-01 3.635e+00  7.791e+04
5.405246e-02   9.440e+04 0 inti1230   9.447e+04 2 inti1230   2.259e-01 3.614e+00  7.861e+04
5.549269e-02   9.562e+04 0 inti1230   9.570e+04 2 inti1230   2.249e-01 3.598e+00  7.983e+04
5.696975e-02   1.504e+05 0 inti1230   1.505e+05 2 inti1230   3.466e-01 5.545e+00  8.324e+04
5.843106e-02   9.988e+04 0 inti1230   9.996e+04 2 inti1230   2.266e-01 3.625e+00  8.346e+04
5.984960e-02   1.002e+05 0 inti1230   1.003e+05 2 inti1230   2.236e-01 3.577e+00  8.356e+04
6.124134e-02   1.029e+05 0 inti1230   1.029e+05 2 inti1230   2.257e-01 3.612e+00  8.618e+04
6.266542e-02   1.542e+05 0 inti1230   1.543e+05 2 inti1230   3.321e-01 5.314e+00  9.047e+04
6.391299e-02   1.059e+05 0 inti1230   1.059e+05 2 inti1230   2.249e-01 3.598e+00  8.895e+04
6.516991e-02   1.072e+05 0 inti1230   1.073e+05 2 inti1230   2.246e-01 3.593e+00  8.991e+04
6.640105e-02   1.080e+05 0 inti1230   1.081e+05 2 inti1230   2.233e-01 3.573e+00  9.080e+04
6.768543e-02   1.715e+05 0 inti1230   1.717e+05 1 inti1230   3.490e-01 5.584e+00  9.334e+04
6.899270e-02   1.071e+05 0 inti1230   1.072e+05 1 inti1230   2.149e-01 3.438e+00  9.030e+04
7.033730e-02   1.095e+05 0 inti1230   1.095e+05 1 inti1230   2.166e-01 3.466e+00  9.254e+04
7.173872e-02   1.110e+05 0 inti1230   1.111e+05 1 inti1230   2.167e-01 3.467e+00  9.400e+04
7.315027e-02   1.687e+05 0 inti1230   1.688e+05 2 inti1230   3.239e-01 5.182e+00  9.571e+04
7.442782e-02   1.114e+05 0 inti1230   1.115e+05 2 inti1230   2.112e-01 3.379e+00  9.399e+04
7.571333e-02   1.145e+05 0 inti1230   1.146e+05 3 inti1230   2.142e-01 3.427e+00  9.681e+04
7.695716e-02   1.153e+05 0 inti1230   1.154e+05 1 inti1230   2.131e-01 3.409e+00  9.704e+04
7.812878e-02   1.771e+05 0 inti1230   1.771e+05 2 inti1230   3.228e-01 5.165e+00  1.011e+05
7.938062e-02   1.219e+05 0 inti1230   1.219e+05 3 inti1230   2.195e-01 3.512e+00  1.032e+05
8.067270e-02   1.219e+05 0 inti1230   1.219e+05 1 inti1230   2.169e-01 3.470e+00  1.032e+05
8.195097e-02   1.229e+05 0 inti1230   1.229e+05 1 inti1230   2.159e-01 3.455e+00  1.043e+05
8.323316e-02   1.896e+05 0 inti1230   1.897e+05 1 inti1230   3.286e-01 5.258e+00  1.075e+05
8.449558e-02   1.267e+05 0 inti1230   1.267e+05 2 inti1230   2.170e-01 3.471e+00  1.077e+05
8.582992e-02   1.238e+05 0 inti1230   1.238e+05 1 inti1230   2.095e-01 3.352e+00  1.050e+05
8.718445e-02   1.260e+05 2 inti1230   1.261e+05 1 inti1230   2.109e-01 3.375e+00  1.067e+05
8.853307e-02   1.877e+05 2 inti1230   1.878e+05 1 inti1230   3.102e-01 4.964e+00  1.092e+05
8.988879e-02   1.278e+05 2 inti1230   1.279e+05 3 inti1230   2.089e-01 3.343e+00  1.086e+05
9.127567e-02   1.295e+05 0 inti1230   1.296e+05 1 inti1230   2.096e-01 3.353e+00  1.103e+05
9.261816e-02   1.315e+05 0 inti1230   1.316e+05 1 inti1230   2.107e-01 3.371e+00  1.119e+05
9.391575e-02   1.965e+05 2 inti1230   1.966e+05 3 inti1230   3.112e-01 4.979e+00  1.158e+05
9.511723e-02   1.344e+05 2 inti1230   1.344e+05 1 inti1230   2.109e-01 3.375e+00  1.147e+05
9.632097e-02   1.366e+05 0 inti1230   1.367e+05 1 inti1230   2.126e-01 3.401e+00  1.165e+05
9.750873e-02   1.365e+05 0 inti1230   1.365e+05 1 inti1230   2.107e-01 3.371e+00  1.163e+05
9.870263e-02   2.116e+05 0 inti1230   2.117e+05 3 inti1230   3.236e-01 5.177e+00  1.213e+05
9.992754e-02   1.375e+05 0 inti1230   1.376e+05 1 inti1230   2.086e-01 3.338e+00  1.173e+05
1.011523e-01   1.403e+05 2 inti1230   1.404e+05 1 inti1230   2.112e-01 3.379e+00  1.199e+05
1.023855e-01   1.431e+05 2 inti1230   1.432e+05 1 inti1230   2.136e-01 3.418e+00  1.222e+05
1.036030e-01   2.155e+05 2 inti1230   2.155e+05 1 inti1230   3.187e-01 5.100e+00  1.253e+05
1.048045e-01   1.458e+05 0 inti1230   1.458e+05 1 inti1230   2.139e-01 3.423e+00  1.249e+05
1.060118e-01   1.470e+05 2 inti1230   1.471e+05 1 inti1230   2.144e-01 3.430e+00  1.260e+05
1.072387e-01   1.481e+05 2 inti1230   1.481e+05 1 inti1230   2.145e-01 3.433e+00  1.269e+05
1.085594e-01   2.259e+05 3 inti1230   2.261e+05 1 inti1230   3.252e-01 5.203e+00  1.302e+05
1.099976e-01   1.469e+05 3 inti1230   1.470e+05 0 inti1230   2.103e-01 3.365e+00  1.254e+05
1.115039e-01   1.475e+05 3 inti1230   1.477e+05 1 inti1230   2.098e-01 3.357e+00  1.264e+05
1.130989e-01   1.508e+05 3 inti1230   1.509e+05 0 inti1230   2.125e-01 3.400e+00  1.287e+05
1.146969e-01   2.273e+05 3 inti1230   2.274e+05 1 inti1230   3.170e-01 5.071e+00  1.297e+05
1.162910e-01   1.521e+05 3 inti1230   1.522e+05 1 inti1230   2.102e-01 3.364e+00  1.301e+05
1.178884e-01   1.518e+05 3 inti1230   1.520e+05 0 inti1230   2.081e-01 3.330e+00  1.305e+05
1.195066e-01   1.538e+05 3 inti1230   1.539e+05 0 inti1230   2.090e-01 3.344e+00  1.319e+05
1.211162e-01   2.432e+05 3 inti1230   2.433e+05 1 inti1230   3.274e-01 5.238e+00  1.381e+05
1.226975e-01   1.595e+05 3 inti1230   1.596e+05 0 inti1230   2.130e-01 3.407e+00  1.372e+05
1.242812e-01   1.634e+05 3 inti1230   1.635e+05 0 inti1230   2.163e-01 3.461e+00  1.414e+05
1.258584e-01   1.654e+05 3 inti1230   1.654e+05 0 inti1230   2.171e-01 3.474e+00  1.427e+05
1.273923e-01   2.457e+05 3 inti1230   2.458e+05 0 inti1230   3.195e-01 5.112e+00  1.453e+05
1.289483e-01   1.675e+05 3 inti1230   1.677e+05 0 inti1230   2.161e-01 3.458e+00  1.449e+05
1.304973e-01   1.702e+05 3 inti1230   1.703e+05 1 inti1230   2.174e-01 3.479e+00  1.476e+05
1.320970e-01   1.722e+05 3 inti1230   1.723e+05 0 inti1230   2.180e-01 3.489e+00  1.491e+05
1.337412e-01   2.722e+05 3 inti1230   2.724e+05 2 inti1230   3.407e-01 5.452e+00  1.557e+05
1.353731e-01   1.784e+05 3 inti1230   1.786e+05 1 inti1230   2.213e-01 3.541e+00  1.548e+05
1.369882e-01   1.717e+05 3 inti1230   1.720e+05 1 inti1230   2.112e-01 3.379e+00  1.477e+05
1.386083e-01   1.721e+05 3 inti1230   1.724e+05 1 inti1230   2.098e-01 3.356e+00  1.477e+05
1.402309e-01   2.712e+05 3 inti1230   2.715e+05 1 inti1230   3.269e-01 5.230e+00  1.564e+05
1.418412e-01   1.752e+05 3 inti1230   1.756e+05 1 inti1230   2.093e-01 3.349e+00  1.510e+05
1.434528e-01   1.788e+05 3 inti1230   1.791e+05 1 inti1230   2.113e-01 3.381e+00  1.547e+05
1.450735e-01   1.800e+05 3 inti1230   1.804e+05 1 inti1230   2.108e-01 3.372e+00  1.557e+05
1.466770e-01   2.556e+05 3 inti1230   2.559e+05 1 inti1230   2.957e-01 4.731e+00  1.635e+05
1.482939e-01   1.859e+05 3 inti1230   1.862e+05 0 inti1230   2.132e-01 3.411e+00  1.616e+05
1.498952e-01   1.900e+05 3 inti1230   1.904e+05 0 inti1230   2.159e-01 3.454e+00  1.654e+05
1.515135e-01   1.916e+05 3 inti1230   1.920e+05 1 inti1230   2.158e-01 3.453e+00  1.669e+05
1.531138e-01   2.818e+05 3 inti1230   2.822e+05 0 inti1230   3.140e-01 5.025e+00  1.665e+05
1.547211e-01   1.892e+05 3 inti1230   1.897e+05 1 inti1230   2.094e-01 3.350e+00  1.638e+05
1.563194e-01   1.917e+05 3 inti1230   1.921e+05 1 inti1230   2.103e-01 3.365e+00  1.662e+05
1.579402e-01   1.921e+05 3 inti1230   1.926e+05 1 inti1230   2.092e-01 3.347e+00  1.665e+05
1.595902e-01   2.851e+05 3 inti1230   2.855e+05 1 inti1230   3.073e-01 4.917e+00  1.766e+05
1.611369e-01   1.978e+05 3 inti1230   1.982e+05 1 inti1230   2.117e-01 3.387e+00  1.720e+05
1.624813e-01   1.992e+05 3 inti1230   1.997e+05 0 inti1230   2.119e-01 3.390e+00  1.736e+05
1.638685e-01   2.011e+05 3 inti1230   2.016e+05 1 inti1230   2.126e-01 3.401e+00  1.750e+05
1.653107e-01   2.981e+05 3 inti1230   2.986e+05 1 inti1230   3.127e-01 5.002e+00  1.790e+05
1.666938e-01   2.049e+05 3 inti1230   2.053e+05 1 inti1230   2.135e-01 3.416e+00  1.788e+05
1.681350e-01   2.046e+05 3 inti1230   2.051e+05 1 inti1230   2.119e-01 3.391e+00  1.784e+05
1.696498e-01   2.072e+05 3 inti1230   2.077e+05 1 inti1230   2.134e-01 3.415e+00  1.810e+05
1.711442e-01   3.011e+05 3 inti1230   3.016e+05 0 inti1230   3.081e-01 4.930e+00  1.837e+05
1.727035e-01   2.076e+05 3 inti1230   2.081e+05 0 inti1230   2.115e-01 3.384e+00  1.809e+05
1.742812e-01   2.082e+05 3 inti1230   2.088e+05 0 inti1230   2.111e-01 3.378e+00  1.819e+05
1.758860e-01   2.084e+05 3 inti1230   2.089e+05 0 inti1230   2.104e-01 3.367e+00  1.816e+05
1.774820e-01   2.984e+05 3 inti1230   2.989e+05 0 inti1230   2.999e-01 4.799e+00  1.848e+05
1.790789e-01   2.099e+05 3 inti1230   2.105e+05 0 inti1230   2.106e-01 3.370e+00  1.832e+05
1.806906e-01   2.098e+05 3 inti1230   2.104e+05 0 inti1230   2.098e-01 3.356e+00  1.829e+05
1.822966e-01   2.107e+05 3 inti1230   2.113e+05 1 inti1230   2.100e-01 3.360e+00  1.836e+05
1.838865e-01   3.012e+05 3 inti1230   3.019e+05 1 inti1230   2.990e-01 4.783e+00  1.860e+05
1.854830e-01   2.132e+05 3 inti1230   2.138e+05 0 inti1230   2.112e-01 3.380e+00  1.861e+05
1.870676e-01   2.130e+05 3 inti1230   2.136e+05 1 inti1230   2.104e-01 3.366e+00  1.858e+05
1.886330e-01   2.143e+05 3 inti1230   2.149e+05 1 inti1230   2.111e-01 3.378e+00  1.873e+05
1.902034e-01   2.880e+05 3 inti1230   2.886e+05 1 inti1230   2.828e-01 4.525e+00  1.876e+05
1.917692e-01   2.151e+05 3 inti1230   2.158e+05 1 inti1230   2.110e-01 3.376e+00  1.878e+05
1.933452e-01   2.139e+05 3 inti1230   2.145e+05 1 inti1230   2.095e-01 3.351e+00  1.869e+05
1.949235e-01   2.138e+05 3 inti1230   2.144e+05 1 inti1230   2.092e-01 3.347e+00  1.869e+05
1.965757e-01   3.078e+05 3 inti1230   3.085e+05 1 inti1230   3.004e-01 4.807e+00  1.886e+05
1.982419e-01   2.152e+05 3 inti1230   2.159e+05 0 inti1230   2.099e-01 3.358e+00  1.882e+05
1.998894e-01   2.147e+05 3 inti1230   2.153e+05 1 inti1230   2.091e-01 3.346e+00  1.877e+05
