#   1 : Date        
# Date        
0.000000e+00
1.807392e-05
2.358625e-05
2.857230e-05
3.322766e-05
3.834856e-05
4.398155e-05
5.017784e-05
5.699375e-05
6.449126e-05
7.225505e-05
8.079521e-05
8.874369e-05
9.748702e-05
1.071047e-04
1.165138e-04
1.268638e-04
1.380272e-04
1.495999e-04
1.612793e-04
1.741267e-04
1.872639e-04
2.003268e-04
2.146959e-04
2.289642e-04
2.431721e-04
2.578019e-04
2.730801e-04
2.887160e-04
3.050993e-04
3.216804e-04
3.387339e-04
3.561641e-04
3.740938e-04
3.927159e-04
4.115968e-04
4.308532e-04
4.507971e-04
4.709530e-04
4.913547e-04
5.124403e-04
5.338679e-04
5.557611e-04
5.781527e-04
6.008792e-04
6.239794e-04
6.473867e-04
6.712949e-04
6.955289e-04
7.200692e-04
7.450263e-04
7.702522e-04
7.959269e-04
8.219473e-04
8.483547e-04
8.751598e-04
9.023168e-04
9.297394e-04
9.575192e-04
9.855514e-04
1.013887e-03
1.042757e-03
1.071955e-03
1.101419e-03
1.131338e-03
1.161528e-03
1.192213e-03
1.223280e-03
1.254679e-03
1.286354e-03
1.318457e-03
1.350758e-03
1.383336e-03
1.416466e-03
1.449902e-03
1.483532e-03
1.517606e-03
1.551990e-03
1.586634e-03
1.621703e-03
1.657116e-03
1.692706e-03
1.728807e-03
1.765120e-03
1.801694e-03
1.838612e-03
1.876024e-03
1.913546e-03
1.951522e-03
1.989766e-03
2.028231e-03
2.066822e-03
2.105947e-03
2.145240e-03
2.184855e-03
2.224888e-03
2.265156e-03
2.305506e-03
2.346287e-03
2.387420e-03
2.428752e-03
2.470551e-03
2.512560e-03
2.554843e-03
2.597349e-03
2.640396e-03
2.683690e-03
2.727077e-03
2.770747e-03
2.814437e-03
2.858225e-03
2.901980e-03
2.945739e-03
2.989508e-03
3.033330e-03
3.077175e-03
3.121090e-03
3.165041e-03
3.209087e-03
3.253158e-03
3.297324e-03
3.341566e-03
3.385915e-03
3.430366e-03
3.474896e-03
3.519460e-03
3.564103e-03
3.608787e-03
3.653557e-03
3.698406e-03
3.743349e-03
3.788358e-03
3.833468e-03
3.878645e-03
3.923935e-03
3.969327e-03
4.014855e-03
4.060496e-03
4.106279e-03
4.152198e-03
4.198263e-03
4.244464e-03
4.290805e-03
4.337316e-03
4.384020e-03
4.430888e-03
4.477977e-03
4.525358e-03
4.573015e-03
4.621005e-03
4.669366e-03
4.718118e-03
4.767140e-03
4.816668e-03
4.864788e-03
4.911130e-03
4.955974e-03
4.999370e-03
5.042048e-03
5.083683e-03
5.124949e-03
5.165741e-03
5.206484e-03
5.246856e-03
5.287562e-03
5.327969e-03
5.368294e-03
5.408679e-03
5.448801e-03
5.489309e-03
5.529598e-03
5.570008e-03
5.610430e-03
5.650390e-03
5.690863e-03
5.731077e-03
5.767715e-03
5.803018e-03
5.841852e-03
5.881271e-03
5.920037e-03
5.958372e-03
5.996937e-03
6.035064e-03
6.073473e-03
6.111351e-03
6.149350e-03
6.187230e-03
6.224881e-03
6.262824e-03
6.300604e-03
6.338524e-03
6.376291e-03
6.414169e-03
6.450957e-03
6.485462e-03
6.518028e-03
6.549304e-03
6.579602e-03
6.608592e-03
6.636794e-03
6.664639e-03
6.692310e-03
6.719818e-03
6.747246e-03
6.774556e-03
6.801766e-03
6.828841e-03
6.855796e-03
6.882596e-03
6.909265e-03
6.935776e-03
6.962150e-03
6.988370e-03
7.014457e-03
7.040399e-03
7.066216e-03
7.091904e-03
7.117479e-03
7.142944e-03
7.168312e-03
7.193591e-03
7.218793e-03
7.243928e-03
7.269006e-03
7.294036e-03
7.319027e-03
7.343985e-03
7.368908e-03
7.393786e-03
7.418605e-03
7.443359e-03
7.468023e-03
7.492590e-03
7.517036e-03
7.541363e-03
7.565558e-03
7.589640e-03
7.613610e-03
7.637501e-03
7.661272e-03
7.684933e-03
7.708496e-03
7.731992e-03
7.755431e-03
7.778849e-03
7.802250e-03
7.825669e-03
7.849106e-03
7.872595e-03
7.896131e-03
7.919746e-03
7.943406e-03
7.967130e-03
7.990914e-03
8.014784e-03
8.038734e-03
8.062791e-03
8.086947e-03
8.111213e-03
8.135507e-03
8.159858e-03
8.184259e-03
8.208740e-03
8.233293e-03
8.257947e-03
8.282693e-03
8.307562e-03
8.332544e-03
8.357669e-03
8.382927e-03
8.408346e-03
8.433902e-03
8.459555e-03
8.485296e-03
8.511152e-03
8.537116e-03
8.563213e-03
8.589435e-03
8.615794e-03
8.642273e-03
8.668894e-03
8.695654e-03
8.722572e-03
8.749647e-03
8.776878e-03
8.804196e-03
8.831621e-03
8.859149e-03
8.886800e-03
8.914570e-03
8.942478e-03
8.970522e-03
8.998722e-03
9.027073e-03
9.055597e-03
9.084240e-03
9.112979e-03
9.141812e-03
9.170757e-03
9.199811e-03
9.228993e-03
9.258301e-03
9.287755e-03
9.317351e-03
9.347110e-03
9.376997e-03
9.406964e-03
9.437011e-03
9.467156e-03
9.497397e-03
9.527755e-03
9.558228e-03
9.588837e-03
9.619580e-03
9.650478e-03
9.681483e-03
9.712557e-03
9.743698e-03
9.774928e-03
9.806246e-03
9.837676e-03
9.869214e-03
9.900886e-03
9.932690e-03
9.964650e-03
9.996687e-03
1.002879e-02
1.006095e-02
1.009321e-02
1.012556e-02
1.015802e-02
1.019060e-02
1.022332e-02
1.025617e-02
1.028913e-02
1.032214e-02
1.035523e-02
1.038839e-02
1.042167e-02
1.045506e-02
1.048858e-02
1.052223e-02
1.055606e-02
1.059002e-02
1.062405e-02
1.065815e-02
1.069234e-02
1.072663e-02
1.076104e-02
1.079557e-02
1.083025e-02
1.086509e-02
1.090009e-02
1.093521e-02
1.097041e-02
1.100570e-02
1.104109e-02
1.107660e-02
1.111224e-02
1.114801e-02
1.118393e-02
1.122000e-02
1.125624e-02
1.129259e-02
1.132902e-02
1.136554e-02
1.140218e-02
1.143893e-02
1.147582e-02
1.151285e-02
1.155004e-02
1.158738e-02
1.162487e-02
1.166249e-02
1.170021e-02
1.173803e-02
1.177596e-02
1.181401e-02
1.185218e-02
1.189049e-02
1.192895e-02
1.196757e-02
1.200633e-02
1.204523e-02
1.208425e-02
1.212336e-02
1.216258e-02
1.220193e-02
1.224141e-02
1.228102e-02
1.232079e-02
1.236069e-02
1.240075e-02
1.244096e-02
1.248130e-02
1.252177e-02
1.256236e-02
1.260306e-02
1.264388e-02
1.268483e-02
1.272593e-02
1.276716e-02
1.280855e-02
1.285007e-02
1.289174e-02
1.293354e-02
1.297548e-02
1.301753e-02
1.305971e-02
1.310201e-02
1.314445e-02
1.318699e-02
1.322963e-02
1.327239e-02
1.331527e-02
1.335827e-02
1.340139e-02
1.344464e-02
1.348802e-02
1.353154e-02
1.357520e-02
1.361899e-02
1.366293e-02
1.370696e-02
1.375111e-02
1.379535e-02
1.383968e-02
1.388409e-02
1.392860e-02
1.397320e-02
1.401789e-02
1.406268e-02
1.410756e-02
1.415255e-02
1.419764e-02
1.424284e-02
1.428814e-02
1.433355e-02
1.437907e-02
1.442471e-02
1.447045e-02
1.451631e-02
1.456225e-02
1.460826e-02
1.465435e-02
1.470051e-02
1.474675e-02
1.479306e-02
1.483944e-02
1.488591e-02
1.493246e-02
1.497909e-02
1.502581e-02
1.507263e-02
1.511953e-02
1.516653e-02
1.521362e-02
1.526082e-02
1.530812e-02
1.535553e-02
1.540303e-02
1.545058e-02
1.549820e-02
1.554588e-02
1.559363e-02
1.564144e-02
1.568933e-02
1.573726e-02
1.578520e-02
1.583316e-02
1.588114e-02
1.592913e-02
1.597716e-02
1.602522e-02
1.607331e-02
1.612145e-02
1.616963e-02
1.621786e-02
1.626614e-02
1.631448e-02
1.636287e-02
1.641134e-02
1.645987e-02
1.650848e-02
1.655715e-02
1.660591e-02
1.665475e-02
1.670367e-02
1.675268e-02
1.680174e-02
1.685084e-02
1.689999e-02
1.694919e-02
1.699843e-02
1.704773e-02
1.709708e-02
1.714648e-02
1.719594e-02
1.724545e-02
1.729503e-02
1.734466e-02
1.739435e-02
1.744411e-02
1.749393e-02
1.754382e-02
1.759377e-02
1.764380e-02
1.769389e-02
1.774405e-02
1.779427e-02
1.784455e-02
1.789488e-02
1.794528e-02
1.799574e-02
1.804626e-02
1.809685e-02
1.814750e-02
1.819822e-02
1.824901e-02
1.829987e-02
1.835081e-02
1.840181e-02
1.845289e-02
1.850405e-02
1.855528e-02
1.860658e-02
1.865794e-02
1.870935e-02
1.876081e-02
1.881231e-02
1.886387e-02
1.891547e-02
1.896712e-02
1.901883e-02
1.907058e-02
1.912238e-02
1.917423e-02
1.922613e-02
1.927807e-02
1.933007e-02
1.938212e-02
1.943421e-02
1.948636e-02
1.953855e-02
1.959079e-02
1.964308e-02
1.969541e-02
1.974779e-02
1.980022e-02
1.985270e-02
1.990523e-02
1.995780e-02
2.001042e-02
2.006308e-02
2.011580e-02
2.016856e-02
2.022138e-02
2.027424e-02
2.032716e-02
2.038013e-02
2.043315e-02
2.048622e-02
2.053932e-02
2.059247e-02
2.064567e-02
2.069891e-02
2.075220e-02
2.080553e-02
2.085891e-02
2.091234e-02
2.096581e-02
2.101933e-02
2.107290e-02
2.112651e-02
2.118017e-02
2.123389e-02
2.128765e-02
2.134145e-02
2.139528e-02
2.144916e-02
2.150306e-02
2.155700e-02
2.161097e-02
2.166498e-02
2.171903e-02
2.177311e-02
2.182722e-02
2.188136e-02
2.193554e-02
2.198975e-02
2.204399e-02
2.209826e-02
2.215255e-02
2.220688e-02
2.226123e-02
2.231560e-02
2.237000e-02
2.242442e-02
2.247885e-02
2.253331e-02
2.258779e-02
2.264228e-02
2.269679e-02
2.275131e-02
2.280585e-02
2.286039e-02
2.291495e-02
2.296952e-02
2.302410e-02
2.307869e-02
2.313329e-02
2.318790e-02
2.324251e-02
2.329713e-02
2.335176e-02
2.340641e-02
2.346105e-02
2.351569e-02
2.357033e-02
2.362497e-02
2.367961e-02
2.373425e-02
2.378890e-02
2.384355e-02
2.389821e-02
2.395289e-02
2.400757e-02
2.406227e-02
2.411699e-02
2.417173e-02
2.422648e-02
2.428125e-02
2.433603e-02
2.439081e-02
2.444560e-02
2.450040e-02
2.455522e-02
2.461006e-02
2.466492e-02
2.471980e-02
2.477471e-02
2.482966e-02
2.488464e-02
2.493966e-02
2.499472e-02
2.504983e-02
2.510498e-02
2.516019e-02
2.521546e-02
2.527076e-02
2.532610e-02
2.538148e-02
2.543691e-02
2.549239e-02
2.554793e-02
2.560352e-02
2.565917e-02
2.571488e-02
2.577066e-02
2.582651e-02
2.588243e-02
2.593842e-02
2.599449e-02
2.605063e-02
2.610684e-02
2.616312e-02
2.621945e-02
2.627584e-02
2.633231e-02
2.638884e-02
2.644544e-02
2.650211e-02
2.655883e-02
2.661559e-02
2.667239e-02
2.672923e-02
2.678612e-02
2.684305e-02
2.690003e-02
2.695707e-02
2.701415e-02
2.707129e-02
2.712849e-02
2.718575e-02
2.724307e-02
2.730045e-02
2.735790e-02
2.741541e-02
2.747299e-02
2.753063e-02
2.758832e-02
2.764607e-02
2.770387e-02
2.776173e-02
2.781965e-02
2.787763e-02
2.793568e-02
2.799379e-02
2.805197e-02
2.811021e-02
2.816853e-02
2.822692e-02
2.828538e-02
2.834390e-02
2.840248e-02
2.846109e-02
2.851976e-02
2.857847e-02
2.863722e-02
2.869603e-02
2.875488e-02
2.881378e-02
2.887273e-02
2.893173e-02
2.899078e-02
2.904989e-02
2.910904e-02
2.916825e-02
2.922752e-02
2.928684e-02
2.934622e-02
2.940565e-02
2.946515e-02
2.952470e-02
2.958432e-02
2.964400e-02
2.970375e-02
2.976355e-02
2.982340e-02
2.988330e-02
2.994326e-02
3.000327e-02
3.006334e-02
3.012346e-02
3.018365e-02
3.024389e-02
3.030418e-02
3.036453e-02
3.042495e-02
3.048541e-02
3.054593e-02
3.060651e-02
3.066714e-02
3.072782e-02
3.078856e-02
3.084934e-02
3.091018e-02
3.097106e-02
3.103199e-02
3.109295e-02
3.115394e-02
3.121496e-02
3.127601e-02
3.133709e-02
3.139819e-02
3.145931e-02
3.152044e-02
3.158159e-02
3.164276e-02
3.170394e-02
3.176514e-02
3.182636e-02
3.188759e-02
3.194884e-02
3.201010e-02
3.207137e-02
3.213265e-02
3.219395e-02
3.225525e-02
3.231656e-02
3.237787e-02
3.243919e-02
3.250051e-02
3.256183e-02
3.262305e-02
3.268408e-02
3.274490e-02
3.280555e-02
3.286605e-02
3.292646e-02
3.298682e-02
3.304718e-02
3.310755e-02
3.316798e-02
3.322845e-02
3.328899e-02
3.334961e-02
3.341033e-02
3.347117e-02
3.353215e-02
3.359327e-02
3.365453e-02
3.371594e-02
3.377750e-02
3.383919e-02
3.390103e-02
3.396296e-02
3.402491e-02
3.408687e-02
3.414884e-02
3.421082e-02
3.427279e-02
3.433477e-02
3.439673e-02
3.445870e-02
3.452065e-02
3.458259e-02
3.464451e-02
3.470643e-02
3.476833e-02
3.483021e-02
3.489209e-02
3.495394e-02
3.501579e-02
3.507762e-02
3.513943e-02
3.520123e-02
3.526301e-02
3.532479e-02
3.538654e-02
3.544829e-02
3.551002e-02
3.557175e-02
3.563346e-02
3.569517e-02
3.575687e-02
3.581856e-02
3.588025e-02
3.594194e-02
3.600363e-02
3.606532e-02
3.612701e-02
3.618871e-02
3.625042e-02
3.631213e-02
3.637384e-02
3.643555e-02
3.649727e-02
3.655899e-02
3.662072e-02
3.668246e-02
3.674421e-02
3.680597e-02
3.686774e-02
3.692953e-02
3.699132e-02
3.705313e-02
3.711495e-02
3.717678e-02
3.723863e-02
3.730049e-02
3.736236e-02
3.742425e-02
3.748614e-02
3.754804e-02
3.760995e-02
3.767187e-02
3.773379e-02
3.779572e-02
3.785765e-02
3.791957e-02
3.798149e-02
3.804339e-02
3.810529e-02
3.816718e-02
3.822906e-02
3.829093e-02
3.835280e-02
3.841465e-02
3.847649e-02
3.853833e-02
3.860016e-02
3.866199e-02
3.872381e-02
3.878563e-02
3.884745e-02
3.890925e-02
3.897106e-02
3.903286e-02
3.909466e-02
3.915645e-02
3.921824e-02
3.928001e-02
3.934178e-02
3.940353e-02
3.946526e-02
3.952694e-02
3.958855e-02
3.965010e-02
3.971158e-02
3.977299e-02
3.983434e-02
3.989562e-02
3.995684e-02
4.001798e-02
4.007907e-02
4.014008e-02
4.020102e-02
4.026189e-02
4.032270e-02
4.038343e-02
4.044409e-02
4.050469e-02
4.056502e-02
4.062474e-02
4.068374e-02
4.074219e-02
4.080003e-02
4.085743e-02
4.091438e-02
4.097092e-02
4.102716e-02
4.108307e-02
4.113873e-02
4.119408e-02
4.124918e-02
4.130408e-02
4.135882e-02
4.141336e-02
4.146774e-02
4.152199e-02
4.157611e-02
4.163006e-02
4.168391e-02
4.173765e-02
4.179124e-02
4.184472e-02
4.189810e-02
4.195135e-02
4.200452e-02
4.205757e-02
4.211054e-02
4.216341e-02
4.221620e-02
4.226893e-02
4.232162e-02
4.237427e-02
4.242691e-02
4.247956e-02
4.253223e-02
4.258489e-02
4.263755e-02
4.269020e-02
4.274286e-02
4.279552e-02
4.284819e-02
4.290085e-02
4.295352e-02
4.300619e-02
4.305887e-02
4.311155e-02
4.316426e-02
4.321697e-02
4.326971e-02
4.332247e-02
4.337524e-02
4.342802e-02
4.348082e-02
4.353363e-02
4.358644e-02
4.363924e-02
4.369205e-02
4.374485e-02
4.379765e-02
4.385043e-02
4.390320e-02
4.395594e-02
4.400866e-02
4.406136e-02
4.411403e-02
4.416669e-02
4.421934e-02
4.427199e-02
4.432463e-02
4.437728e-02
4.442992e-02
4.448256e-02
4.453520e-02
4.458784e-02
4.464049e-02
4.469314e-02
4.474582e-02
4.479850e-02
4.485120e-02
4.490393e-02
4.495667e-02
4.500944e-02
4.506223e-02
4.511504e-02
4.516788e-02
4.522075e-02
4.527365e-02
4.532657e-02
4.537951e-02
4.543247e-02
4.548544e-02
4.553843e-02
4.559144e-02
4.564447e-02
4.569753e-02
4.575061e-02
4.580371e-02
4.585684e-02
4.590999e-02
4.596316e-02
4.601637e-02
4.606959e-02
4.612285e-02
4.617613e-02
4.622943e-02
4.628276e-02
4.633610e-02
4.638945e-02
4.644281e-02
4.649619e-02
4.654957e-02
4.660296e-02
4.665637e-02
4.670978e-02
4.676319e-02
4.681662e-02
4.687005e-02
4.692348e-02
4.697691e-02
4.703034e-02
4.708378e-02
4.713721e-02
4.719064e-02
4.724406e-02
4.729748e-02
4.735089e-02
4.740428e-02
4.745766e-02
4.751102e-02
4.756438e-02
4.761773e-02
4.767108e-02
4.772443e-02
4.777779e-02
4.783116e-02
4.788455e-02
4.793795e-02
4.799137e-02
4.804482e-02
4.809828e-02
4.815177e-02
4.820528e-02
4.825881e-02
4.831236e-02
4.836592e-02
4.841951e-02
4.847312e-02
4.852676e-02
4.858041e-02
4.863409e-02
4.868779e-02
4.874152e-02
4.879527e-02
4.884904e-02
4.890284e-02
4.895667e-02
4.901053e-02
4.906442e-02
4.911833e-02
4.917229e-02
4.922627e-02
4.928029e-02
4.933434e-02
4.938843e-02
4.944254e-02
4.949670e-02
4.955089e-02
4.960513e-02
4.965941e-02
4.971374e-02
4.976811e-02
4.982253e-02
4.987700e-02
4.993151e-02
4.998607e-02
5.004068e-02
5.009534e-02
5.015003e-02
5.020478e-02
5.025956e-02
5.031438e-02
5.036924e-02
5.042415e-02
5.047908e-02
5.053405e-02
5.058904e-02
5.064407e-02
5.069913e-02
5.075422e-02
5.080934e-02
5.086449e-02
5.091968e-02
5.097491e-02
5.103018e-02
5.108549e-02
5.114085e-02
5.119625e-02
5.125170e-02
5.130719e-02
5.136274e-02
5.141833e-02
5.147398e-02
5.152969e-02
5.158544e-02
5.164125e-02
5.169711e-02
5.175303e-02
5.180900e-02
5.186502e-02
5.192110e-02
5.197722e-02
5.203340e-02
5.208962e-02
5.214589e-02
5.220221e-02
5.225858e-02
5.231499e-02
5.237144e-02
5.242792e-02
5.248445e-02
5.254101e-02
5.259761e-02
5.265425e-02
5.271093e-02
5.276764e-02
5.282439e-02
5.288117e-02
5.293799e-02
5.299484e-02
5.305173e-02
5.310865e-02
5.316561e-02
5.322261e-02
5.327963e-02
5.333669e-02
5.339379e-02
5.345092e-02
5.350808e-02
5.356527e-02
5.362250e-02
5.367976e-02
5.373705e-02
5.379437e-02
5.385172e-02
5.390911e-02
5.396652e-02
5.402397e-02
5.408145e-02
5.413895e-02
5.419649e-02
5.425406e-02
5.431167e-02
5.436930e-02
5.442696e-02
5.448466e-02
5.454238e-02
5.460013e-02
5.465791e-02
5.471572e-02
5.477357e-02
5.483144e-02
5.488934e-02
5.494728e-02
5.500525e-02
5.506326e-02
5.512130e-02
5.517937e-02
5.523748e-02
5.529562e-02
5.535380e-02
5.541202e-02
5.547027e-02
5.552855e-02
5.558687e-02
5.564523e-02
5.570362e-02
5.576205e-02
5.582052e-02
5.587902e-02
5.593755e-02
5.599612e-02
5.605473e-02
5.611337e-02
5.617205e-02
5.623076e-02
5.628950e-02
5.634828e-02
5.640709e-02
5.646594e-02
5.652482e-02
5.658373e-02
5.664268e-02
5.668761e-02
5.673108e-02
5.677497e-02
5.681828e-02
5.686209e-02
5.690523e-02
5.694801e-02
5.699073e-02
5.703344e-02
5.707607e-02
5.711862e-02
5.716120e-02
5.720376e-02
5.724639e-02
5.728905e-02
5.733299e-02
5.737675e-02
5.742049e-02
5.746408e-02
5.750770e-02
5.755119e-02
5.759474e-02
5.763821e-02
5.768177e-02
5.772529e-02
5.776892e-02
5.781254e-02
5.785627e-02
5.790002e-02
5.794386e-02
5.798776e-02
5.803173e-02
5.807576e-02
5.811984e-02
5.816387e-02
5.820795e-02
5.825199e-02
5.829607e-02
5.834019e-02
5.838436e-02
5.842864e-02
5.847299e-02
5.851752e-02
5.856189e-02
5.860663e-02
5.865142e-02
5.869629e-02
5.874066e-02
5.878569e-02
5.883078e-02
5.887599e-02
5.892056e-02
5.896595e-02
5.901138e-02
5.905694e-02
5.910206e-02
5.914721e-02
5.919243e-02
5.923475e-02
5.927708e-02
5.931944e-02
5.936123e-02
5.940358e-02
5.944599e-02
5.948846e-02
5.953037e-02
5.957287e-02
5.961544e-02
5.965806e-02
5.970075e-02
5.974349e-02
5.978629e-02
5.982914e-02
5.987205e-02
5.991499e-02
5.995800e-02
6.000104e-02
6.004414e-02
6.008727e-02
6.013047e-02
6.017369e-02
6.021698e-02
6.026030e-02
6.030368e-02
6.034708e-02
6.039055e-02
6.043404e-02
6.047761e-02
6.052118e-02
6.056484e-02
6.060850e-02
6.065224e-02
6.069598e-02
6.073981e-02
6.078364e-02
6.082753e-02
6.087144e-02
6.091541e-02
6.095951e-02
6.100369e-02
6.104838e-02
6.109318e-02
6.113873e-02
6.118439e-02
6.123034e-02
6.127629e-02
6.132216e-02
6.136803e-02
6.141328e-02
6.145909e-02
6.150426e-02
6.154679e-02
6.158983e-02
6.163297e-02
6.167603e-02
6.171918e-02
6.176225e-02
6.180485e-02
6.184792e-02
6.189110e-02
6.193422e-02
6.197741e-02
6.202056e-02
6.206376e-02
6.210691e-02
6.215012e-02
6.219330e-02
6.223651e-02
6.227970e-02
6.232293e-02
6.236615e-02
6.240941e-02
6.245266e-02
6.249596e-02
6.253925e-02
6.258259e-02
6.262594e-02
6.266933e-02
6.271274e-02
6.275620e-02
6.279966e-02
6.284318e-02
6.288671e-02
6.293030e-02
6.297390e-02
6.301755e-02
6.306121e-02
6.310494e-02
6.314867e-02
6.319246e-02
6.323634e-02
6.328030e-02
6.332482e-02
6.336947e-02
6.341462e-02
6.345977e-02
6.350488e-02
6.355000e-02
6.359507e-02
6.364014e-02
6.368517e-02
6.373021e-02
6.377371e-02
6.381735e-02
6.386088e-02
6.390456e-02
6.394811e-02
6.399182e-02
6.403538e-02
6.407909e-02
6.412267e-02
6.416639e-02
6.420999e-02
6.425374e-02
6.429737e-02
6.434114e-02
6.438481e-02
6.442861e-02
6.447233e-02
6.451618e-02
6.455994e-02
6.460383e-02
6.464764e-02
6.469159e-02
6.473546e-02
6.477946e-02
6.482338e-02
6.486744e-02
6.491145e-02
6.495561e-02
6.500024e-02
6.504510e-02
6.509023e-02
6.513544e-02
6.518062e-02
6.522587e-02
6.527110e-02
6.531640e-02
6.536168e-02
6.540561e-02
6.544939e-02
6.549339e-02
6.553722e-02
6.558125e-02
6.562511e-02
6.566917e-02
6.571307e-02
6.575715e-02
6.580108e-02
6.584520e-02
6.588918e-02
6.593333e-02
6.597735e-02
6.602155e-02
6.606562e-02
6.610986e-02
6.615398e-02
6.619828e-02
6.624244e-02
6.628679e-02
6.633101e-02
6.637541e-02
6.641987e-02
6.646454e-02
6.650992e-02
6.655549e-02
6.660099e-02
6.664658e-02
6.669210e-02
6.673769e-02
6.678321e-02
6.682878e-02
6.687289e-02
6.691721e-02
6.696137e-02
6.700575e-02
6.704995e-02
6.709438e-02
6.713862e-02
6.718308e-02
6.722737e-02
6.727187e-02
6.731621e-02
6.736075e-02
6.740514e-02
6.744973e-02
6.749418e-02
6.753881e-02
6.758331e-02
6.762799e-02
6.767253e-02
6.771726e-02
6.776185e-02
6.780662e-02
6.785147e-02
6.789654e-02
6.794190e-02
6.798742e-02
6.803281e-02
6.807836e-02
6.812378e-02
6.816934e-02
6.821477e-02
6.826034e-02
6.830579e-02
6.835137e-02
6.839588e-02
6.844061e-02
6.848515e-02
6.852992e-02
6.857450e-02
6.861929e-02
6.866390e-02
6.870871e-02
6.875334e-02
6.879818e-02
6.884283e-02
6.888769e-02
6.893238e-02
6.897726e-02
6.902197e-02
6.906689e-02
6.911163e-02
6.915657e-02
6.920138e-02
6.924640e-02
6.929158e-02
6.933698e-02
6.938224e-02
6.942768e-02
6.947297e-02
6.951844e-02
6.956375e-02
6.960923e-02
6.965455e-02
6.970003e-02
6.974536e-02
6.979084e-02
6.983550e-02
6.988037e-02
6.992506e-02
6.996996e-02
7.001467e-02
7.005959e-02
7.010432e-02
7.014925e-02
7.019399e-02
7.023894e-02
7.028369e-02
7.032865e-02
7.037342e-02
7.041840e-02
7.046319e-02
7.050818e-02
7.055305e-02
7.059814e-02
7.064325e-02
7.068855e-02
7.073369e-02
7.077904e-02
7.082419e-02
7.086954e-02
7.091470e-02
7.096005e-02
7.100522e-02
7.105057e-02
7.109575e-02
7.114111e-02
7.118629e-02
7.123167e-02
7.127645e-02
7.132142e-02
7.136622e-02
7.141123e-02
7.145605e-02
7.150109e-02
7.154593e-02
7.159099e-02
7.163585e-02
7.168093e-02
7.172580e-02
7.177089e-02
7.181582e-02
7.186096e-02
7.190605e-02
7.195136e-02
7.199648e-02
7.204177e-02
7.208690e-02
7.213218e-02
7.217732e-02
7.222266e-02
7.226782e-02
7.231318e-02
7.235834e-02
7.240371e-02
7.244893e-02
7.249437e-02
7.254005e-02
7.258598e-02
7.263272e-02
7.267974e-02
7.272674e-02
7.277191e-02
7.281691e-02
7.286210e-02
7.290712e-02
7.295234e-02
7.299739e-02
7.304265e-02
7.308776e-02
7.313299e-02
7.317808e-02
7.322323e-02
7.326836e-02
7.331370e-02
7.335884e-02
7.340419e-02
7.344933e-02
7.349469e-02
7.354008e-02
7.358572e-02
7.363181e-02
7.367817e-02
7.372544e-02
7.377299e-02
7.382182e-02
7.387087e-02
7.391872e-02
7.396629e-02
7.401284e-02
7.405816e-02
7.410328e-02
7.414863e-02
7.419378e-02
7.423915e-02
7.428431e-02
7.432970e-02
7.437487e-02
7.442027e-02
7.446547e-02
7.451089e-02
7.455613e-02
7.460184e-02
7.464699e-02
7.469334e-02
7.474043e-02
7.478779e-02
7.483579e-02
7.488397e-02
7.493244e-02
7.498064e-02
7.502789e-02
7.507494e-02
7.512128e-02
7.516676e-02
7.521205e-02
7.525756e-02
7.530287e-02
7.534840e-02
7.539374e-02
7.543930e-02
7.548469e-02
7.553031e-02
7.557596e-02
7.562184e-02
7.566796e-02
7.571402e-02
7.575987e-02
7.580567e-02
7.585132e-02
7.589694e-02
7.594245e-02
7.599009e-02
7.603552e-02
7.608344e-02
7.612883e-02
7.617587e-02
7.622233e-02
7.626799e-02
7.631348e-02
7.635916e-02
7.640466e-02
7.645036e-02
7.649572e-02
7.654152e-02
7.658736e-02
7.663333e-02
7.667932e-02
7.672544e-02
7.677161e-02
7.681792e-02
7.686433e-02
7.691088e-02
7.695756e-02
7.700420e-02
7.705064e-02
7.709702e-02
7.714324e-02
7.718941e-02
7.723544e-02
7.728144e-02
7.732733e-02
7.737307e-02
7.741867e-02
7.746443e-02
7.750999e-02
7.755594e-02
7.760130e-02
7.764756e-02
7.769317e-02
7.773987e-02
7.778547e-02
7.783173e-02
7.787797e-02
7.792429e-02
7.797060e-02
7.801700e-02
7.806342e-02
7.810993e-02
7.815648e-02
7.820313e-02
7.824983e-02
7.829659e-02
7.834224e-02
7.838805e-02
7.843386e-02
7.847973e-02
7.852537e-02
7.857166e-02
7.861710e-02
7.866355e-02
7.870888e-02
7.875517e-02
7.880136e-02
7.884752e-02
7.889360e-02
7.893964e-02
7.898562e-02
7.903157e-02
7.907747e-02
7.912335e-02
7.916899e-02
7.921475e-02
7.926050e-02
7.930628e-02
7.935203e-02
7.939812e-02
7.944385e-02
7.948973e-02
7.953544e-02
7.958111e-02
7.962667e-02
7.967336e-02
7.971882e-02
7.976556e-02
7.981097e-02
7.985776e-02
7.990457e-02
7.995142e-02
7.999829e-02
8.004521e-02
8.009095e-02
8.013676e-02
8.018257e-02
8.022847e-02
8.027440e-02
8.032043e-02
8.036652e-02
8.041272e-02
8.045898e-02
8.050519e-02
8.055126e-02
8.059729e-02
8.064321e-02
8.068909e-02
8.073489e-02
8.078067e-02
8.082638e-02
8.087208e-02
8.091772e-02
8.096528e-02
8.101088e-02
8.105859e-02
8.110415e-02
8.115200e-02
8.119709e-02
8.124227e-02
8.128747e-02
8.133276e-02
8.137809e-02
8.142351e-02
8.146900e-02
8.151458e-02
8.156024e-02
8.160597e-02
8.165180e-02
8.169772e-02
8.174370e-02
8.178964e-02
8.183548e-02
8.188130e-02
8.192703e-02
8.197274e-02
8.201838e-02
8.206400e-02
8.210956e-02
8.215510e-02
8.220060e-02
8.224756e-02
8.229299e-02
8.234012e-02
8.238550e-02
8.243279e-02
8.247813e-02
8.252365e-02
8.256406e-02
8.260668e-02
8.264687e-02
8.268713e-02
8.272717e-02
8.276732e-02
8.280724e-02
8.284732e-02
8.288715e-02
8.292721e-02
8.296701e-02
8.300708e-02
8.304688e-02
8.308700e-02
8.312684e-02
8.316702e-02
8.320690e-02
8.324714e-02
8.328708e-02
8.332740e-02
8.336740e-02
8.340762e-02
8.344768e-02
8.348780e-02
8.352779e-02
8.356784e-02
8.360772e-02
8.364773e-02
8.368764e-02
8.372735e-02
8.376689e-02
8.380627e-02
8.384585e-02
8.388581e-02
8.392546e-02
8.396551e-02
8.400521e-02
8.404499e-02
8.408463e-02
8.412431e-02
8.416393e-02
8.420358e-02
8.424318e-02
8.428283e-02
8.432243e-02
8.436207e-02
8.440167e-02
8.444130e-02
8.448089e-02
8.452172e-02
8.456245e-02
8.460337e-02
8.464430e-02
8.468370e-02
8.472311e-02
8.476269e-02
8.480219e-02
8.484198e-02
8.488161e-02
8.492161e-02
8.496118e-02
8.500079e-02
8.504039e-02
8.508005e-02
8.511969e-02
8.515942e-02
8.519911e-02
8.523891e-02
8.527865e-02
8.531855e-02
8.535835e-02
8.539834e-02
8.543823e-02
8.547831e-02
8.551780e-02
8.555717e-02
8.559676e-02
8.563607e-02
8.567557e-02
8.571485e-02
8.575444e-02
8.579404e-02
8.583408e-02
8.587433e-02
8.591478e-02
8.595545e-02
8.599601e-02
8.603675e-02
8.607756e-02
8.611855e-02
8.615981e-02
8.620123e-02
8.624312e-02
8.628516e-02
8.632785e-02
8.637069e-02
8.641192e-02
8.645343e-02
8.649525e-02
8.653762e-02
8.657770e-02
8.661787e-02
8.665801e-02
8.669829e-02
8.673852e-02
8.677892e-02
8.681924e-02
8.685977e-02
8.690022e-02
8.694089e-02
8.698146e-02
8.702228e-02
8.706299e-02
8.710395e-02
8.714482e-02
8.718591e-02
8.722695e-02
8.726816e-02
8.730829e-02
8.734860e-02
8.738909e-02
8.742986e-02
8.747091e-02
8.751228e-02
8.755369e-02
8.759380e-02
8.763414e-02
8.767434e-02
8.771475e-02
8.775501e-02
8.779513e-02
8.783500e-02
8.787510e-02
8.791507e-02
8.795543e-02
8.799589e-02
8.803685e-02
8.807702e-02
8.811726e-02
8.815712e-02
8.819746e-02
8.823742e-02
8.827782e-02
8.831789e-02
8.835777e-02
8.839740e-02
8.843756e-02
8.847804e-02
8.851876e-02
8.855836e-02
8.859798e-02
8.863720e-02
8.867688e-02
8.871665e-02
8.875647e-02
8.879593e-02
8.883586e-02
8.887546e-02
8.891495e-02
8.895430e-02
8.899433e-02
8.903373e-02
8.907315e-02
8.911261e-02
8.915213e-02
8.919175e-02
8.923144e-02
8.927125e-02
8.931111e-02
8.935064e-02
8.939006e-02
8.942975e-02
8.946971e-02
8.951006e-02
8.955084e-02
8.959184e-02
8.963303e-02
8.967423e-02
8.971538e-02
8.975801e-02
8.980137e-02
8.984327e-02
8.988318e-02
8.992277e-02
8.996223e-02
9.000195e-02
9.004191e-02
9.008227e-02
9.012303e-02
9.016407e-02
9.020554e-02
9.024734e-02
9.028951e-02
9.033177e-02
9.037412e-02
9.041664e-02
9.045931e-02
9.050219e-02
9.054202e-02
9.058216e-02
9.062257e-02
9.066330e-02
9.070438e-02
9.074569e-02
9.078739e-02
9.082940e-02
9.087196e-02
9.091488e-02
9.095847e-02
9.099810e-02
9.103770e-02
9.107728e-02
9.111686e-02
9.115646e-02
9.119611e-02
9.123681e-02
9.127772e-02
9.131879e-02
9.136012e-02
9.140171e-02
9.144368e-02
9.148595e-02
9.152867e-02
9.157270e-02
9.161414e-02
9.165552e-02
9.169723e-02
9.173892e-02
9.178089e-02
9.182047e-02
9.185993e-02
9.189944e-02
9.193884e-02
9.197831e-02
9.201768e-02
9.205714e-02
9.209650e-02
9.213595e-02
9.217531e-02
9.221476e-02
9.225412e-02
9.229358e-02
9.233299e-02
9.237250e-02
9.241205e-02
9.245171e-02
9.249147e-02
9.253135e-02
9.257141e-02
9.261157e-02
9.265199e-02
9.269252e-02
9.273336e-02
9.277428e-02
9.281558e-02
9.285694e-02
9.289870e-02
9.294049e-02
9.298270e-02
9.302490e-02
9.306751e-02
9.311009e-02
9.315304e-02
9.319593e-02
9.323912e-02
9.327887e-02
9.331845e-02
9.335818e-02
9.339779e-02
9.343755e-02
9.347726e-02
9.351713e-02
9.355703e-02
9.359709e-02
9.363725e-02
9.367756e-02
9.371803e-02
9.375865e-02
9.379950e-02
9.384047e-02
9.388173e-02
9.392310e-02
9.396377e-02
9.400441e-02
9.404489e-02
9.408516e-02
9.412945e-02
9.417639e-02
9.422408e-02
9.427169e-02
9.431925e-02
9.436749e-02
9.440948e-02
9.445163e-02
9.449384e-02
9.453621e-02
9.457863e-02
9.462114e-02
9.466371e-02
9.470643e-02
9.474926e-02
9.479224e-02
9.483537e-02
9.487869e-02
9.492167e-02
9.496508e-02
9.500717e-02
9.504944e-02
9.509069e-02
9.513239e-02
9.517377e-02
9.521499e-02
9.525598e-02
9.529692e-02
9.533767e-02
9.537844e-02
9.541908e-02
9.545980e-02
9.550038e-02
9.554104e-02
9.558159e-02
9.562232e-02
9.566300e-02
9.570374e-02
9.574437e-02
9.578501e-02
9.582554e-02
9.586605e-02
9.590646e-02
9.594683e-02
9.598711e-02
9.602737e-02
9.606753e-02
9.610768e-02
9.614774e-02
9.618780e-02
9.622779e-02
9.626777e-02
9.630769e-02
9.634762e-02
9.638748e-02
9.642735e-02
9.646720e-02
9.650707e-02
9.654693e-02
9.658682e-02
9.662671e-02
9.666664e-02
9.670657e-02
9.674653e-02
9.678648e-02
9.682647e-02
9.686644e-02
9.690645e-02
9.694642e-02
9.698643e-02
9.702640e-02
9.706642e-02
9.710646e-02
9.714653e-02
9.718654e-02
9.722660e-02
9.726665e-02
9.730673e-02
9.734677e-02
9.738990e-02
9.743349e-02
9.747700e-02
9.752089e-02
9.756470e-02
9.760878e-02
9.765278e-02
9.769688e-02
9.774097e-02
9.778520e-02
9.782945e-02
9.787357e-02
9.791798e-02
9.796192e-02
9.800644e-02
9.805029e-02
9.809491e-02
9.813870e-02
9.818323e-02
9.822693e-02
9.827134e-02
9.831491e-02
9.835914e-02
9.840252e-02
9.844644e-02
9.848968e-02
9.853354e-02
9.857662e-02
9.862086e-02
9.866366e-02
9.870772e-02
9.875032e-02
9.879412e-02
9.883652e-02
9.888003e-02
9.892220e-02
9.896537e-02
9.900726e-02
9.905003e-02
9.909160e-02
9.913393e-02
9.917517e-02
9.921703e-02
9.925791e-02
9.929930e-02
9.933982e-02
9.938075e-02
9.942092e-02
9.946142e-02
9.950126e-02
9.954139e-02
9.958094e-02
9.962075e-02
9.966007e-02
9.970071e-02
9.974002e-02
9.977980e-02
9.981958e-02
9.985941e-02
9.989925e-02
9.993913e-02
9.997901e-02
1.000190e-01
1.000589e-01
1.000989e-01
1.001390e-01
1.001808e-01
1.002234e-01
1.002657e-01
1.003090e-01
1.003520e-01
1.003955e-01
1.004391e-01
1.004826e-01
1.005266e-01
1.005702e-01
1.006144e-01
1.006579e-01
1.007021e-01
1.007454e-01
1.007895e-01
1.008329e-01
1.008769e-01
1.009203e-01
1.009643e-01
1.010077e-01
1.010518e-01
1.010951e-01
1.011391e-01
1.011825e-01
1.012265e-01
1.012698e-01
1.013137e-01
1.013570e-01
1.014009e-01
1.014441e-01
1.014879e-01
1.015311e-01
1.015749e-01
1.016179e-01
1.016623e-01
1.017053e-01
1.017489e-01
1.017919e-01
1.018363e-01
1.018792e-01
1.019229e-01
1.019659e-01
1.020102e-01
1.020532e-01
1.020969e-01
1.021400e-01
1.021841e-01
1.022272e-01
1.022710e-01
1.023141e-01
1.023580e-01
1.024011e-01
1.024447e-01
1.024879e-01
1.025315e-01
1.025748e-01
1.026182e-01
1.026616e-01
1.027050e-01
1.027485e-01
1.027916e-01
1.028343e-01
1.028766e-01
1.029184e-01
1.029599e-01
1.030010e-01
1.030419e-01
1.030826e-01
1.031231e-01
1.031635e-01
1.032039e-01
1.032441e-01
1.032842e-01
1.033243e-01
1.033644e-01
1.034044e-01
1.034444e-01
1.034843e-01
1.035282e-01
1.035738e-01
1.036192e-01
1.036647e-01
1.037102e-01
1.037551e-01
1.038003e-01
1.038448e-01
1.038894e-01
1.039335e-01
1.039775e-01
1.040210e-01
1.040645e-01
1.041076e-01
1.041502e-01
1.041923e-01
1.042345e-01
1.042770e-01
1.043195e-01
1.043616e-01
1.044035e-01
1.044450e-01
1.044863e-01
1.045272e-01
1.045680e-01
1.046085e-01
1.046489e-01
1.046892e-01
1.047294e-01
1.047696e-01
1.048097e-01
1.048497e-01
1.048897e-01
1.049297e-01
1.049696e-01
1.050096e-01
1.050535e-01
1.050996e-01
1.051460e-01
1.051914e-01
1.052371e-01
1.052820e-01
1.053269e-01
1.053714e-01
1.054157e-01
1.054596e-01
1.055029e-01
1.055455e-01
1.055883e-01
1.056310e-01
1.056736e-01
1.057158e-01
1.057577e-01
1.057992e-01
1.058405e-01
1.058814e-01
1.059223e-01
1.059628e-01
1.060034e-01
1.060437e-01
1.060840e-01
1.061241e-01
1.061643e-01
1.062044e-01
1.062444e-01
1.062844e-01
1.063284e-01
1.063684e-01
1.064123e-01
1.064584e-01
1.065049e-01
1.065503e-01
1.065959e-01
1.066407e-01
1.066856e-01
1.067299e-01
1.067741e-01
1.068179e-01
1.068612e-01
1.069038e-01
1.069465e-01
1.069890e-01
1.070315e-01
1.070737e-01
1.071157e-01
1.071573e-01
1.071986e-01
1.072396e-01
1.072805e-01
1.073211e-01
1.073616e-01
1.074020e-01
1.074423e-01
1.074825e-01
1.075227e-01
1.075628e-01
1.076030e-01
1.076430e-01
1.076871e-01
1.077334e-01
1.077800e-01
1.078256e-01
1.078714e-01
1.079164e-01
1.079615e-01
1.080060e-01
1.080504e-01
1.080944e-01
1.081377e-01
1.081804e-01
1.082232e-01
1.082661e-01
1.083089e-01
1.083512e-01
1.083933e-01
1.084349e-01
1.084763e-01
1.085174e-01
1.085583e-01
1.085990e-01
1.086397e-01
1.086801e-01
1.087205e-01
1.087608e-01
1.088011e-01
1.088412e-01
1.088854e-01
1.089256e-01
1.089697e-01
1.090159e-01
1.090625e-01
1.091080e-01
1.091537e-01
1.091987e-01
1.092437e-01
1.092882e-01
1.093326e-01
1.093765e-01
1.094198e-01
1.094624e-01
1.095053e-01
1.095481e-01
1.095908e-01
1.096330e-01
1.096749e-01
1.097164e-01
1.097577e-01
1.097986e-01
1.098395e-01
1.098801e-01
1.099206e-01
1.099610e-01
1.100014e-01
1.100417e-01
1.100859e-01
1.101261e-01
1.101703e-01
1.102169e-01
1.102640e-01
1.103098e-01
1.103558e-01
1.104009e-01
1.104462e-01
1.104907e-01
1.105353e-01
1.105794e-01
1.106233e-01
1.106667e-01
1.107101e-01
1.107532e-01
1.107960e-01
1.108385e-01
1.108806e-01
1.109224e-01
1.109639e-01
1.110050e-01
1.110460e-01
1.110868e-01
1.111275e-01
1.111680e-01
1.112086e-01
1.112490e-01
1.112894e-01
1.113297e-01
1.113741e-01
1.114211e-01
1.114684e-01
1.115150e-01
1.115621e-01
1.116081e-01
1.116544e-01
1.116997e-01
1.117452e-01
1.117901e-01
1.118349e-01
1.118793e-01
1.119235e-01
1.119674e-01
1.120108e-01
1.120537e-01
1.120962e-01
1.121383e-01
1.121801e-01
1.122216e-01
1.122630e-01
1.123040e-01
1.123450e-01
1.123858e-01
1.124266e-01
1.124673e-01
1.125079e-01
1.125485e-01
1.125890e-01
1.126295e-01
1.126740e-01
1.127145e-01
1.127590e-01
1.128059e-01
1.128529e-01
1.128996e-01
1.129466e-01
1.129926e-01
1.130388e-01
1.130843e-01
1.131297e-01
1.131747e-01
1.132196e-01
1.132640e-01
1.133080e-01
1.133512e-01
1.133946e-01
1.134378e-01
1.134810e-01
1.135238e-01
1.135664e-01
1.136086e-01
1.136506e-01
1.136922e-01
1.137336e-01
1.137748e-01
1.138160e-01
1.138569e-01
1.138978e-01
1.139386e-01
1.139794e-01
1.140201e-01
1.140609e-01
1.141015e-01
1.141462e-01
1.141869e-01
1.142315e-01
1.142788e-01
1.143261e-01
1.143727e-01
1.144196e-01
1.144655e-01
1.145117e-01
1.145572e-01
1.146026e-01
1.146476e-01
1.146924e-01
1.147369e-01
1.147810e-01
1.148244e-01
1.148678e-01
1.149112e-01
1.149545e-01
1.149975e-01
1.150403e-01
1.150826e-01
1.151248e-01
1.151665e-01
1.152082e-01
1.152496e-01
1.152909e-01
1.153320e-01
1.153732e-01
1.154141e-01
1.154552e-01
1.154961e-01
1.155370e-01
1.155779e-01
1.156188e-01
1.156596e-01
1.157045e-01
1.157517e-01
1.157993e-01
1.158458e-01
1.158926e-01
1.159386e-01
1.159846e-01
1.160255e-01
1.160704e-01
1.161113e-01
1.161558e-01
1.161966e-01
1.162406e-01
1.162815e-01
1.163252e-01
1.163660e-01
1.164092e-01
1.164501e-01
1.164926e-01
1.165335e-01
1.165755e-01
1.166164e-01
1.166581e-01
1.166991e-01
1.167406e-01
1.167816e-01
1.168229e-01
1.168639e-01
1.169051e-01
1.169463e-01
1.169887e-01
1.170300e-01
1.170713e-01
1.171125e-01
1.171578e-01
1.172057e-01
1.172540e-01
1.173012e-01
1.173485e-01
1.173951e-01
1.174416e-01
1.174876e-01
1.175329e-01
1.175773e-01
1.176222e-01
1.176669e-01
1.177114e-01
1.177553e-01
1.177987e-01
1.178416e-01
1.178841e-01
1.179265e-01
1.179686e-01
1.180105e-01
1.180522e-01
1.180937e-01
1.181352e-01
1.181765e-01
1.182178e-01
1.182589e-01
1.183042e-01
1.183452e-01
1.183904e-01
1.184389e-01
1.184876e-01
1.185360e-01
1.185850e-01
1.186325e-01
1.186806e-01
1.187274e-01
1.187745e-01
1.188206e-01
1.188668e-01
1.189122e-01
1.189576e-01
1.190024e-01
1.190472e-01
1.190914e-01
1.191354e-01
1.191790e-01
1.192224e-01
1.192655e-01
1.193084e-01
1.193510e-01
1.193934e-01
1.194355e-01
1.194775e-01
1.195192e-01
1.195607e-01
1.196022e-01
1.196435e-01
1.196890e-01
1.197390e-01
1.197892e-01
1.198403e-01
1.198895e-01
1.199395e-01
1.199878e-01
1.200369e-01
1.200842e-01
1.201322e-01
1.201786e-01
1.202254e-01
1.202709e-01
1.203168e-01
1.203616e-01
1.204069e-01
1.204511e-01
1.204958e-01
1.205396e-01
1.205837e-01
1.206272e-01
1.206709e-01
1.207140e-01
1.207573e-01
1.208001e-01
1.208430e-01
1.208858e-01
1.209283e-01
1.209708e-01
1.210131e-01
1.210551e-01
1.210971e-01
1.211389e-01
1.211807e-01
1.212223e-01
1.212640e-01
1.213055e-01
1.213471e-01
1.213886e-01
1.214342e-01
1.214833e-01
1.215327e-01
1.215808e-01
1.216298e-01
1.216771e-01
1.217252e-01
1.217718e-01
1.218191e-01
1.218651e-01
1.219117e-01
1.219572e-01
1.220032e-01
1.220485e-01
1.220941e-01
1.221392e-01
1.221846e-01
1.222296e-01
1.222748e-01
1.223196e-01
1.223646e-01
1.224093e-01
1.224538e-01
1.224977e-01
1.225419e-01
1.225864e-01
1.226308e-01
1.226750e-01
1.227189e-01
1.227624e-01
1.228056e-01
1.228486e-01
1.228913e-01
1.229339e-01
1.229763e-01
1.230185e-01
1.230608e-01
1.231029e-01
1.231449e-01
1.231869e-01
1.232289e-01
1.232708e-01
1.233127e-01
1.233545e-01
1.233964e-01
1.234382e-01
1.234842e-01
1.235338e-01
1.235832e-01
1.236322e-01
1.236816e-01
1.237300e-01
1.237790e-01
1.238270e-01
1.238752e-01
1.239227e-01
1.239702e-01
1.240173e-01
1.240643e-01
1.241108e-01
1.241568e-01
1.242020e-01
1.242477e-01
1.242934e-01
1.243389e-01
1.243839e-01
1.244284e-01
1.244724e-01
1.245171e-01
1.245618e-01
1.246066e-01
1.246510e-01
1.246951e-01
1.247391e-01
1.247835e-01
1.248282e-01
1.248730e-01
1.249176e-01
1.249620e-01
1.250059e-01
1.250497e-01
1.250930e-01
1.251363e-01
1.251792e-01
1.252221e-01
1.252647e-01
1.253074e-01
1.253498e-01
1.253923e-01
1.254346e-01
1.254769e-01
1.255191e-01
1.255613e-01
1.256035e-01
1.256456e-01
1.256877e-01
1.257297e-01
1.257718e-01
1.258138e-01
1.258558e-01
1.259020e-01
1.259517e-01
1.260013e-01
1.260510e-01
1.261007e-01
1.261503e-01
1.262000e-01
1.262496e-01
1.262993e-01
1.263485e-01
1.263981e-01
1.264469e-01
1.264961e-01
1.265444e-01
1.265930e-01
1.266409e-01
1.266888e-01
1.267362e-01
1.267835e-01
1.268304e-01
1.268768e-01
1.269224e-01
1.269685e-01
1.270146e-01
1.270598e-01
1.271047e-01
1.271496e-01
1.271950e-01
1.272399e-01
1.272850e-01
1.273298e-01
1.273739e-01
1.274188e-01
1.274638e-01
1.275074e-01
1.275512e-01
1.275952e-01
1.276391e-01
1.276828e-01
1.277263e-01
1.277704e-01
1.278148e-01
1.278594e-01
1.279038e-01
1.279480e-01
1.279919e-01
1.280355e-01
1.280789e-01
1.281220e-01
1.281649e-01
1.282078e-01
1.282504e-01
1.282930e-01
1.283354e-01
1.283778e-01
1.284201e-01
1.284624e-01
1.285045e-01
1.285467e-01
1.285889e-01
1.286310e-01
1.286730e-01
1.287151e-01
1.287571e-01
1.288034e-01
1.288533e-01
1.289031e-01
1.289527e-01
1.289984e-01
1.290481e-01
1.290932e-01
1.291379e-01
1.291831e-01
1.292288e-01
1.292750e-01
1.293220e-01
1.293695e-01
1.294175e-01
1.294657e-01
1.295134e-01
1.295610e-01
1.296082e-01
1.296554e-01
1.297023e-01
1.297489e-01
1.297947e-01
1.298409e-01
1.298858e-01
1.299308e-01
1.299763e-01
1.300220e-01
1.300680e-01
1.301133e-01
1.301586e-01
1.302036e-01
1.302481e-01
1.302932e-01
1.303384e-01
1.303835e-01
1.304284e-01
1.304731e-01
1.305173e-01
1.305620e-01
1.306065e-01
1.306515e-01
1.306962e-01
1.307409e-01
1.307854e-01
1.308296e-01
1.308735e-01
1.309172e-01
1.309605e-01
1.310038e-01
1.310469e-01
1.310899e-01
1.311327e-01
1.311755e-01
1.312182e-01
1.312608e-01
1.313034e-01
1.313459e-01
1.313883e-01
1.314308e-01
1.314731e-01
1.315155e-01
1.315578e-01
1.316001e-01
1.316424e-01
1.316846e-01
1.317268e-01
1.317716e-01
1.318145e-01
1.318576e-01
1.319006e-01
1.319438e-01
1.319869e-01
1.320304e-01
1.320737e-01
1.321174e-01
1.321613e-01
1.322055e-01
1.322501e-01
1.322947e-01
1.323393e-01
1.323840e-01
1.324286e-01
1.324734e-01
1.325181e-01
1.325628e-01
1.326065e-01
1.326506e-01
1.326951e-01
1.327401e-01
1.327853e-01
1.328305e-01
1.328750e-01
1.329191e-01
1.329627e-01
1.330067e-01
1.330508e-01
1.330952e-01
1.331394e-01
1.331834e-01
1.332271e-01
1.332706e-01
1.333138e-01
1.333568e-01
1.333997e-01
1.334424e-01
1.334851e-01
1.335277e-01
1.335703e-01
1.336129e-01
1.336555e-01
1.336981e-01
1.337406e-01
1.337831e-01
1.338255e-01
1.338679e-01
1.339103e-01
1.339527e-01
1.339951e-01
1.340405e-01
1.340850e-01
1.341296e-01
1.341745e-01
1.342196e-01
1.342651e-01
1.343106e-01
1.343561e-01
1.344018e-01
1.344473e-01
1.344930e-01
1.345387e-01
1.345846e-01
1.346305e-01
1.346765e-01
1.347209e-01
1.347655e-01
1.348103e-01
1.348553e-01
1.349007e-01
1.349463e-01
1.349918e-01
1.350374e-01
1.350826e-01
1.351283e-01
1.351738e-01
1.352195e-01
1.352648e-01
1.353098e-01
1.353545e-01
1.353991e-01
1.354427e-01
1.354865e-01
1.355305e-01
1.355746e-01
1.356187e-01
1.356628e-01
1.357066e-01
1.357506e-01
1.357943e-01
1.358376e-01
1.358805e-01
1.359237e-01
1.359669e-01
1.360104e-01
1.360541e-01
1.360980e-01
1.361421e-01
1.361864e-01
1.362307e-01
1.362750e-01
1.363194e-01
1.363640e-01
1.364087e-01
1.364536e-01
1.364988e-01
1.365443e-01
1.365901e-01
1.366361e-01
1.366822e-01
1.367284e-01
1.367748e-01
1.368214e-01
1.368678e-01
1.369145e-01
1.369610e-01
1.370076e-01
1.370540e-01
1.371005e-01
1.371469e-01
1.371929e-01
1.372397e-01
1.372866e-01
1.373339e-01
1.373832e-01
1.374314e-01
1.374801e-01
1.375284e-01
1.375772e-01
1.376257e-01
1.376743e-01
1.377227e-01
1.377709e-01
1.378189e-01
1.378655e-01
1.379125e-01
1.379596e-01
1.380069e-01
1.380543e-01
1.381016e-01
1.381490e-01
1.381959e-01
1.382428e-01
1.382922e-01
1.383417e-01
1.383913e-01
1.384410e-01
1.384907e-01
1.385402e-01
1.385897e-01
1.386392e-01
1.386888e-01
1.387385e-01
1.387883e-01
1.388379e-01
1.388875e-01
1.389372e-01
1.389870e-01
1.390368e-01
1.390864e-01
1.391361e-01
1.391850e-01
1.392341e-01
1.392823e-01
1.393306e-01
1.393781e-01
1.394257e-01
1.394726e-01
1.395196e-01
1.395664e-01
1.396132e-01
1.396598e-01
1.397065e-01
1.397530e-01
1.397995e-01
1.398460e-01
1.398925e-01
1.399389e-01
1.399854e-01
1.400318e-01
1.400783e-01
1.401280e-01
1.401777e-01
1.402274e-01
1.402771e-01
1.403267e-01
1.403765e-01
1.404265e-01
1.404766e-01
1.405257e-01
1.405755e-01
1.406236e-01
1.406719e-01
1.407191e-01
1.407664e-01
1.408140e-01
1.408614e-01
1.409086e-01
1.409558e-01
1.410029e-01
1.410500e-01
1.410970e-01
1.411436e-01
1.411901e-01
1.412368e-01
1.412834e-01
1.413302e-01
1.413769e-01
1.414238e-01
1.414707e-01
1.415176e-01
1.415646e-01
1.416117e-01
1.416588e-01
1.417059e-01
1.417531e-01
1.418003e-01
1.418475e-01
1.418947e-01
1.419420e-01
1.419893e-01
1.420367e-01
1.420842e-01
1.421316e-01
1.421791e-01
1.422266e-01
1.422756e-01
1.423247e-01
1.423736e-01
1.424224e-01
1.424712e-01
1.425201e-01
1.425691e-01
1.426182e-01
1.426673e-01
1.427163e-01
1.427652e-01
1.428139e-01
1.428627e-01
1.429115e-01
1.429605e-01
1.430095e-01
1.430587e-01
1.431078e-01
1.431568e-01
1.432057e-01
1.432547e-01
1.433037e-01
1.433528e-01
1.434020e-01
1.434509e-01
1.434998e-01
1.435488e-01
1.435978e-01
1.436469e-01
1.436960e-01
1.437450e-01
1.437940e-01
1.438431e-01
1.438922e-01
1.439413e-01
1.439905e-01
1.440395e-01
1.440885e-01
1.441375e-01
1.441866e-01
1.442357e-01
1.442849e-01
1.443339e-01
1.443829e-01
1.444320e-01
1.444811e-01
1.445302e-01
1.445793e-01
1.446284e-01
1.446775e-01
1.447266e-01
1.447756e-01
1.448250e-01
1.448745e-01
1.449243e-01
1.449743e-01
1.450243e-01
1.450743e-01
1.451247e-01
1.451753e-01
1.452262e-01
1.452771e-01
1.453282e-01
1.453792e-01
1.454305e-01
1.454824e-01
1.455345e-01
1.455869e-01
1.456401e-01
1.456933e-01
1.457471e-01
1.458004e-01
1.458541e-01
1.459021e-01
1.459503e-01
1.459986e-01
1.460471e-01
1.460958e-01
1.461442e-01
1.461925e-01
1.462409e-01
1.462894e-01
1.463381e-01
1.463868e-01
1.464357e-01
1.464846e-01
1.465333e-01
1.465818e-01
1.466304e-01
1.466791e-01
1.467278e-01
1.467767e-01
1.468256e-01
1.468745e-01
1.469233e-01
1.469719e-01
1.470205e-01
1.470693e-01
1.471181e-01
1.471671e-01
1.472158e-01
1.472644e-01
1.473131e-01
1.473619e-01
1.474108e-01
1.474597e-01
1.475086e-01
1.475573e-01
1.476062e-01
1.476551e-01
1.477041e-01
1.477531e-01
1.478019e-01
1.478507e-01
1.478996e-01
1.479485e-01
1.479975e-01
1.480465e-01
1.480954e-01
1.481443e-01
1.481932e-01
1.482421e-01
1.482910e-01
1.483399e-01
1.483888e-01
1.484378e-01
1.484867e-01
1.485357e-01
1.485846e-01
1.486337e-01
1.486827e-01
1.487317e-01
1.487807e-01
1.488298e-01
1.488789e-01
1.489279e-01
1.489770e-01
1.490261e-01
1.490751e-01
1.491241e-01
1.491733e-01
1.492227e-01
1.492723e-01
1.493221e-01
1.493719e-01
1.494219e-01
1.494720e-01
1.495224e-01
1.495729e-01
1.496234e-01
1.496738e-01
1.497242e-01
1.497746e-01
1.498249e-01
1.498753e-01
1.499256e-01
1.499760e-01
1.500263e-01
1.500794e-01
1.501331e-01
1.501871e-01
1.502411e-01
1.502959e-01
1.503446e-01
1.503934e-01
1.504424e-01
1.504915e-01
1.505408e-01
1.505897e-01
1.506386e-01
1.506875e-01
1.507365e-01
1.507857e-01
1.508350e-01
1.508843e-01
1.509338e-01
1.509829e-01
1.510320e-01
1.510811e-01
1.511303e-01
1.511796e-01
1.512290e-01
1.512784e-01
1.513278e-01
1.513770e-01
1.514261e-01
1.514753e-01
1.515246e-01
1.515739e-01
1.516233e-01
1.516725e-01
1.517216e-01
1.517708e-01
1.518201e-01
1.518694e-01
1.519189e-01
1.519682e-01
1.520174e-01
1.520667e-01
1.521161e-01
1.521656e-01
1.522150e-01
1.522644e-01
1.523137e-01
1.523630e-01
1.524124e-01
1.524619e-01
1.525114e-01
1.525608e-01
1.526101e-01
1.526595e-01
1.527090e-01
1.527583e-01
1.528077e-01
1.528571e-01
1.529066e-01
1.529560e-01
1.530055e-01
1.530550e-01
1.531045e-01
1.531540e-01
1.532035e-01
1.532530e-01
1.533026e-01
1.533520e-01
1.534014e-01
1.534510e-01
1.535009e-01
1.535508e-01
1.536009e-01
1.536513e-01
1.537018e-01
1.537526e-01
1.538034e-01
1.538543e-01
1.539051e-01
1.539561e-01
1.540074e-01
1.540590e-01
1.541107e-01
1.541629e-01
1.542155e-01
1.542683e-01
1.543213e-01
1.543749e-01
1.544290e-01
1.544836e-01
1.545384e-01
1.545938e-01
1.546433e-01
1.546930e-01
1.547428e-01
1.547928e-01
1.548430e-01
1.548928e-01
1.549425e-01
1.549923e-01
1.550422e-01
1.550922e-01
1.551422e-01
1.551921e-01
1.552419e-01
1.552918e-01
1.553418e-01
1.553918e-01
1.554420e-01
1.554920e-01
1.555419e-01
1.555920e-01
1.556421e-01
1.556922e-01
1.557423e-01
1.557924e-01
1.558423e-01
1.558924e-01
1.559425e-01
1.559926e-01
1.560427e-01
1.560928e-01
1.561428e-01
1.561928e-01
1.562429e-01
1.562931e-01
1.563432e-01
1.563933e-01
1.564433e-01
1.564934e-01
1.565435e-01
1.565937e-01
1.566439e-01
1.566940e-01
1.567440e-01
1.567941e-01
1.568443e-01
1.568945e-01
1.569447e-01
1.569948e-01
1.570449e-01
1.570951e-01
1.571452e-01
1.571954e-01
1.572455e-01
1.572957e-01
1.573459e-01
1.573960e-01
1.574462e-01
1.574964e-01
1.575466e-01
1.575969e-01
1.576471e-01
1.576974e-01
1.577476e-01
1.577978e-01
1.578481e-01
1.578983e-01
1.579486e-01
1.579988e-01
1.580491e-01
1.580993e-01
1.581495e-01
1.581997e-01
1.582500e-01
1.583002e-01
1.583504e-01
1.584006e-01
1.584509e-01
1.585012e-01
1.585516e-01
1.586021e-01
1.586527e-01
1.587035e-01
1.587543e-01
1.588053e-01
1.588562e-01
1.589073e-01
1.589585e-01
1.590098e-01
1.590611e-01
1.591125e-01
1.591641e-01
1.592158e-01
1.592675e-01
1.593195e-01
1.593716e-01
1.594239e-01
1.594762e-01
1.595289e-01
1.595817e-01
1.596346e-01
1.596874e-01
1.597403e-01
1.597930e-01
1.598458e-01
1.598985e-01
1.599512e-01
1.600039e-01
1.600606e-01
1.601177e-01
1.601754e-01
1.602260e-01
1.602768e-01
1.603277e-01
1.603788e-01
1.604300e-01
1.604809e-01
1.605317e-01
1.605826e-01
1.606335e-01
1.606846e-01
1.607358e-01
1.607870e-01
1.608382e-01
1.608892e-01
1.609400e-01
1.609910e-01
1.610419e-01
1.610931e-01
1.611442e-01
1.611954e-01
1.612465e-01
1.612975e-01
1.613484e-01
1.613994e-01
1.614504e-01
1.615016e-01
1.615527e-01
1.616037e-01
1.616546e-01
1.617056e-01
1.617567e-01
1.618078e-01
1.618590e-01
1.619101e-01
1.619611e-01
1.620122e-01
1.620634e-01
1.621145e-01
1.621656e-01
1.622167e-01
1.622677e-01
1.623188e-01
1.623700e-01
1.624211e-01
1.624722e-01
1.625232e-01
1.625743e-01
1.626254e-01
1.626765e-01
1.627276e-01
1.627787e-01
1.628298e-01
1.628809e-01
1.629320e-01
1.629831e-01
1.630342e-01
1.630853e-01
1.631364e-01
1.631875e-01
1.632385e-01
1.632896e-01
1.633407e-01
1.633917e-01
1.634428e-01
1.634938e-01
1.635449e-01
1.635959e-01
1.636469e-01
1.636979e-01
1.637490e-01
1.638000e-01
1.638510e-01
1.639020e-01
1.639530e-01
1.640040e-01
1.640550e-01
1.641060e-01
1.641569e-01
1.642079e-01
1.642589e-01
1.643099e-01
1.643609e-01
1.644118e-01
1.644628e-01
1.645137e-01
1.645647e-01
1.646157e-01
1.646666e-01
1.647175e-01
1.647685e-01
1.648194e-01
1.648704e-01
1.649215e-01
1.649727e-01
1.650239e-01
1.650751e-01
1.651264e-01
1.651778e-01
1.652292e-01
1.652807e-01
1.653322e-01
1.653838e-01
1.654355e-01
1.654872e-01
1.655389e-01
1.655907e-01
1.656425e-01
1.656944e-01
1.657464e-01
1.657985e-01
1.658505e-01
1.659027e-01
1.659550e-01
1.660074e-01
1.660598e-01
1.661125e-01
1.661654e-01
1.662184e-01
1.662713e-01
1.663247e-01
1.663783e-01
1.664321e-01
1.664858e-01
1.665400e-01
1.665948e-01
1.666497e-01
1.667045e-01
1.667600e-01
1.668164e-01
1.668733e-01
1.669295e-01
1.669867e-01
1.670382e-01
1.670897e-01
1.671414e-01
1.671933e-01
1.672451e-01
1.672968e-01
1.673484e-01
1.674000e-01
1.674517e-01
1.675036e-01
1.675555e-01
1.676073e-01
1.676590e-01
1.677108e-01
1.677625e-01
1.678142e-01
1.678660e-01
1.679178e-01
1.679696e-01
1.680214e-01
1.680730e-01
1.681248e-01
1.681764e-01
1.682282e-01
1.682800e-01
1.683318e-01
1.683835e-01
1.684352e-01
1.684869e-01
1.685386e-01
1.685903e-01
1.686421e-01
1.686939e-01
1.687456e-01
1.687973e-01
1.688490e-01
1.689007e-01
1.689524e-01
1.690042e-01
1.690559e-01
1.691077e-01
1.691594e-01
1.692111e-01
1.692628e-01
1.693144e-01
1.693661e-01
1.694179e-01
1.694696e-01
1.695214e-01
1.695731e-01
1.696248e-01
1.696765e-01
1.697283e-01
1.697801e-01
1.698318e-01
1.698836e-01
1.699353e-01
1.699870e-01
1.700388e-01
1.700905e-01
1.701423e-01
1.701940e-01
1.702456e-01
1.702974e-01
1.703491e-01
1.704008e-01
1.704525e-01
1.705042e-01
1.705559e-01
1.706076e-01
1.706593e-01
1.707110e-01
1.707627e-01
1.708144e-01
1.708662e-01
1.709179e-01
1.709695e-01
1.710213e-01
1.710730e-01
1.711247e-01
1.711764e-01
1.712281e-01
1.712798e-01
1.713315e-01
1.713831e-01
1.714348e-01
1.714865e-01
1.715382e-01
1.715898e-01
1.716415e-01
1.716931e-01
1.717448e-01
1.717964e-01
1.718481e-01
1.718997e-01
1.719514e-01
1.720030e-01
1.720546e-01
1.721063e-01
1.721579e-01
1.722095e-01
1.722612e-01
1.723128e-01
1.723645e-01
1.724161e-01
1.724678e-01
1.725194e-01
1.725711e-01
1.726227e-01
1.726744e-01
1.727260e-01
1.727777e-01
1.728294e-01
1.728810e-01
1.729327e-01
1.729843e-01
1.730360e-01
1.730928e-01
1.731444e-01
1.732012e-01
1.732529e-01
1.733097e-01
1.733613e-01
1.734182e-01
1.734698e-01
1.735266e-01
1.735783e-01
1.736351e-01
1.736868e-01
1.737436e-01
1.738021e-01
1.738617e-01
1.739218e-01
1.739818e-01
1.740413e-01
1.741002e-01
1.741584e-01
1.742177e-01
1.742775e-01
1.743372e-01
1.743964e-01
1.744552e-01
1.745132e-01
1.745723e-01
1.746319e-01
1.746916e-01
1.747508e-01
1.748096e-01
1.748676e-01
1.749268e-01
1.749862e-01
1.750457e-01
1.751048e-01
1.751634e-01
1.752214e-01
1.752804e-01
1.753398e-01
1.753992e-01
1.754586e-01
1.755176e-01
1.755761e-01
1.756353e-01
1.756950e-01
1.757551e-01
1.758147e-01
1.758740e-01
1.759325e-01
1.759906e-01
1.760481e-01
1.761066e-01
1.761659e-01
1.762252e-01
1.762841e-01
1.763428e-01
1.764008e-01
1.764586e-01
1.765160e-01
1.765741e-01
1.766327e-01
1.766916e-01
1.767503e-01
1.768088e-01
1.768669e-01
1.769247e-01
1.769821e-01
1.770393e-01
1.770962e-01
1.771529e-01
1.772094e-01
1.772659e-01
1.773221e-01
1.773784e-01
1.774344e-01
1.774905e-01
1.775465e-01
1.776024e-01
1.776583e-01
1.777142e-01
1.777700e-01
1.778258e-01
1.778815e-01
1.779372e-01
1.779929e-01
1.780486e-01
1.781042e-01
1.781598e-01
1.782154e-01
1.782766e-01
1.783433e-01
1.784100e-01
1.784767e-01
1.785435e-01
1.786103e-01
1.786771e-01
1.787436e-01
1.788105e-01
1.788765e-01
1.789434e-01
1.790089e-01
1.790757e-01
1.791407e-01
1.792067e-01
1.792711e-01
1.793364e-01
1.794002e-01
1.794647e-01
1.795279e-01
1.795915e-01
1.796541e-01
1.797171e-01
1.797793e-01
1.798417e-01
1.799034e-01
1.799654e-01
1.800269e-01
1.800885e-01
1.801497e-01
1.802109e-01
1.802716e-01
1.803327e-01
1.803937e-01
1.804542e-01
1.805140e-01
1.805744e-01
1.806347e-01
1.806948e-01
1.807542e-01
1.808145e-01
1.808751e-01
1.809356e-01
1.809956e-01
1.810551e-01
1.811138e-01
1.811737e-01
1.812339e-01
1.812941e-01
1.813538e-01
1.814132e-01
1.814719e-01
1.815317e-01
1.815919e-01
1.816522e-01
1.817120e-01
1.817714e-01
1.818302e-01
1.818901e-01
1.819504e-01
1.820108e-01
1.820707e-01
1.821302e-01
1.821890e-01
1.822491e-01
1.823096e-01
1.823702e-01
1.824308e-01
1.824910e-01
1.825505e-01
1.826111e-01
1.826722e-01
1.827334e-01
1.827939e-01
1.828539e-01
1.829131e-01
1.829729e-01
1.830331e-01
1.830934e-01
1.831532e-01
1.832126e-01
1.832713e-01
1.833310e-01
1.833910e-01
1.834510e-01
1.835105e-01
1.835696e-01
1.836280e-01
1.836874e-01
1.837472e-01
1.838070e-01
1.838663e-01
1.839252e-01
1.839835e-01
1.840429e-01
1.841026e-01
1.841624e-01
1.842218e-01
1.842808e-01
1.843391e-01
1.843986e-01
1.844587e-01
1.845190e-01
1.845792e-01
1.846390e-01
1.846982e-01
1.847580e-01
1.848183e-01
1.848705e-01
1.849227e-01
1.849748e-01
1.850270e-01
1.850792e-01
1.851313e-01
1.851835e-01
1.852357e-01
1.852880e-01
1.853401e-01
1.853924e-01
1.854445e-01
1.854968e-01
1.855489e-01
1.856012e-01
1.856533e-01
1.857056e-01
1.857578e-01
1.858100e-01
1.858622e-01
1.859145e-01
1.859667e-01
1.860189e-01
1.860711e-01
1.861234e-01
1.861756e-01
1.862279e-01
1.862801e-01
1.863324e-01
1.863847e-01
1.864370e-01
1.864893e-01
1.865416e-01
1.865939e-01
1.866462e-01
1.866985e-01
1.867508e-01
1.868031e-01
1.868555e-01
1.869078e-01
1.869601e-01
1.870124e-01
1.870647e-01
1.871171e-01
1.871694e-01
1.872217e-01
1.872740e-01
1.873263e-01
1.873786e-01
1.874310e-01
1.874833e-01
1.875357e-01
1.875879e-01
1.876403e-01
1.876926e-01
1.877450e-01
1.877973e-01
1.878497e-01
1.879019e-01
1.879543e-01
1.880066e-01
1.880590e-01
1.881112e-01
1.881636e-01
1.882159e-01
1.882683e-01
1.883205e-01
1.883729e-01
1.884252e-01
1.884776e-01
1.885298e-01
1.885822e-01
1.886345e-01
1.886868e-01
1.887391e-01
1.887915e-01
1.888437e-01
1.888961e-01
1.889484e-01
1.890007e-01
1.890530e-01
1.891054e-01
1.891576e-01
1.892100e-01
1.892622e-01
1.893146e-01
1.893668e-01
1.894192e-01
1.894715e-01
1.895238e-01
1.895761e-01
1.896284e-01
1.896807e-01
1.897331e-01
1.897853e-01
1.898376e-01
1.898899e-01
1.899422e-01
1.899945e-01
1.900468e-01
1.900990e-01
1.901514e-01
1.902036e-01
1.902560e-01
1.903082e-01
1.903605e-01
1.904127e-01
1.904651e-01
1.905173e-01
1.905697e-01
1.906218e-01
1.906742e-01
1.907264e-01
1.907787e-01
1.908309e-01
1.908833e-01
1.909354e-01
1.909878e-01
1.910399e-01
1.910923e-01
1.911444e-01
1.911968e-01
1.912489e-01
1.913012e-01
1.913534e-01
1.914057e-01
1.914578e-01
1.915101e-01
1.915622e-01
1.916145e-01
1.916666e-01
1.917189e-01
1.917710e-01
1.918233e-01
1.918754e-01
1.919276e-01
1.919797e-01
1.920319e-01
1.920839e-01
1.921361e-01
1.921881e-01
1.922403e-01
1.922923e-01
1.923444e-01
1.923963e-01
1.924484e-01
1.925003e-01
1.925524e-01
1.926043e-01
1.926563e-01
1.927082e-01
1.927601e-01
1.928120e-01
1.928639e-01
1.929157e-01
1.929676e-01
1.930194e-01
1.930713e-01
1.931231e-01
1.931750e-01
1.932267e-01
1.932786e-01
1.933303e-01
1.933821e-01
1.934338e-01
1.934857e-01
1.935374e-01
1.935892e-01
1.936409e-01
1.936926e-01
1.937443e-01
1.937961e-01
1.938478e-01
1.938996e-01
1.939510e-01
1.940021e-01
1.940536e-01
1.941049e-01
1.941567e-01
1.942083e-01
1.942602e-01
1.943117e-01
1.943636e-01
1.944153e-01
1.944672e-01
1.945187e-01
1.945705e-01
1.946220e-01
1.946738e-01
1.947253e-01
1.947770e-01
1.948285e-01
1.948801e-01
1.949316e-01
1.949832e-01
1.950346e-01
1.950862e-01
1.951375e-01
1.951891e-01
1.952405e-01
1.952920e-01
1.953435e-01
1.953949e-01
1.954463e-01
1.954978e-01
1.955491e-01
1.956005e-01
1.956519e-01
1.957033e-01
1.957546e-01
1.958060e-01
1.958573e-01
1.959086e-01
1.959599e-01
1.960112e-01
1.960625e-01
1.961138e-01
1.961651e-01
1.962164e-01
1.962677e-01
1.963190e-01
1.963702e-01
1.964216e-01
1.964728e-01
1.965242e-01
1.965754e-01
1.966268e-01
1.966780e-01
1.967294e-01
1.967807e-01
1.968320e-01
1.968833e-01
1.969347e-01
1.969861e-01
1.970375e-01
1.970888e-01
1.971402e-01
1.971916e-01
1.972431e-01
1.972945e-01
1.973460e-01
1.973974e-01
1.974489e-01
1.975004e-01
1.975519e-01
1.976034e-01
1.976550e-01
1.977065e-01
1.977581e-01
1.978097e-01
1.978614e-01
1.979129e-01
1.979646e-01
1.980163e-01
1.980680e-01
1.981196e-01
1.981714e-01
1.982231e-01
1.982749e-01
1.983266e-01
1.983784e-01
1.984302e-01
1.984820e-01
1.985338e-01
1.985857e-01
1.986375e-01
1.986894e-01
1.987413e-01
1.987932e-01
1.988451e-01
1.988971e-01
1.989490e-01
1.990010e-01
1.990529e-01
1.991049e-01
1.991569e-01
1.992089e-01
1.992609e-01
1.993130e-01
1.993650e-01
1.994171e-01
1.994691e-01
1.995212e-01
1.995733e-01
1.996254e-01
1.996775e-01
1.997297e-01
1.997818e-01
1.998340e-01
1.998861e-01
1.999383e-01
1.999904e-01
2.000427e-01
2.000948e-01
2.001471e-01
