#   1 : Date        
# Date        
0.000000e+00
1.807392e-05
2.865299e-05
3.680825e-05
4.331462e-05
4.906367e-05
5.538763e-05
6.204872e-05
6.795979e-05
7.446196e-05
8.161436e-05
8.947053e-05
9.702468e-05
1.053342e-04
1.143002e-04
1.241628e-04
1.337027e-04
1.436480e-04
1.545879e-04
1.657374e-04
1.769297e-04
1.886124e-04
2.010176e-04
2.132284e-04
2.257171e-04
2.388127e-04
2.521957e-04
2.655017e-04
2.797183e-04
2.939297e-04
3.084532e-04
3.235230e-04
3.388720e-04
3.545256e-04
3.707045e-04
3.871136e-04
4.039712e-04
4.213429e-04
4.389057e-04
4.566041e-04
4.748726e-04
4.934284e-04
5.123968e-04
5.317204e-04
5.513472e-04
5.713195e-04
5.916317e-04
6.121877e-04
6.330631e-04
6.541431e-04
6.756129e-04
6.973298e-04
7.193540e-04
7.416524e-04
7.642145e-04
7.870888e-04
8.102207e-04
8.336410e-04
8.572999e-04
8.811975e-04
9.052984e-04
9.296850e-04
9.542344e-04
9.790738e-04
1.004107e-03
1.029433e-03
1.054937e-03
1.080786e-03
1.106828e-03
1.133123e-03
1.159624e-03
1.186464e-03
1.213485e-03
1.240745e-03
1.268213e-03
1.295923e-03
1.323861e-03
1.352053e-03
1.380427e-03
1.409065e-03
1.437917e-03
1.467083e-03
1.496472e-03
1.526126e-03
1.555964e-03
1.586157e-03
1.616605e-03
1.647287e-03
1.678149e-03
1.709331e-03
1.740719e-03
1.772176e-03
1.803794e-03
1.835622e-03
1.867602e-03
1.899875e-03
1.932477e-03
1.965120e-03
1.998092e-03
2.031271e-03
2.064624e-03
2.098277e-03
2.132151e-03
2.166095e-03
2.200211e-03
2.234578e-03
2.269079e-03
2.303804e-03
2.337973e-03
2.371641e-03
2.388522e-03
2.405841e-03
2.423845e-03
2.442782e-03
2.459821e-03
2.476916e-03
2.494106e-03
2.511523e-03
2.529227e-03
2.547297e-03
2.564122e-03
2.580963e-03
2.597886e-03
2.614981e-03
2.632251e-03
2.649584e-03
2.666319e-03
2.683126e-03
2.700074e-03
2.717191e-03
2.734543e-03
2.752171e-03
2.769004e-03
2.785939e-03
2.803032e-03
2.820311e-03
2.837833e-03
2.854791e-03
2.871835e-03
2.888987e-03
2.906293e-03
2.923781e-03
2.940925e-03
2.958146e-03
2.975461e-03
2.992887e-03
3.010461e-03
3.028212e-03
3.046086e-03
3.064144e-03
3.082451e-03
3.101106e-03
3.120230e-03
3.140176e-03
3.158342e-03
3.176771e-03
3.195544e-03
3.214786e-03
3.234955e-03
3.256407e-03
3.279767e-03
3.304299e-03
3.324380e-03
3.345521e-03
3.368309e-03
3.393154e-03
3.413365e-03
3.434639e-03
3.456509e-03
3.478571e-03
3.498898e-03
3.520286e-03
3.542936e-03
3.565778e-03
3.586216e-03
3.607256e-03
3.629431e-03
3.653147e-03
3.677361e-03
3.698517e-03
3.720359e-03
3.743305e-03
3.767985e-03
3.794403e-03
3.816233e-03
3.838719e-03
3.862395e-03
3.887690e-03
3.915297e-03
3.937757e-03
3.960948e-03
3.985304e-03
4.011474e-03
4.039894e-03
4.062897e-03
4.086585e-03
4.111481e-03
4.138022e-03
4.160860e-03
4.184163e-03
4.208123e-03
4.233153e-03
4.259910e-03
4.288861e-03
4.312534e-03
4.336791e-03
4.362241e-03
4.389296e-03
4.412762e-03
4.436647e-03
4.461014e-03
4.486000e-03
4.512193e-03
4.539964e-03
4.563990e-03
4.588413e-03
4.613291e-03
4.638760e-03
4.665407e-03
4.693581e-03
4.718019e-03
4.742825e-03
4.768053e-03
4.793841e-03
4.820772e-03
4.849169e-03
4.873911e-03
4.898993e-03
4.924462e-03
4.950457e-03
4.977561e-03
5.006050e-03
5.031021e-03
5.056306e-03
5.081941e-03
5.108069e-03
5.134851e-03
5.162567e-03
5.191763e-03
5.222849e-03
5.248661e-03
5.274893e-03
5.301711e-03
5.329407e-03
5.358527e-03
5.389496e-03
5.415430e-03
5.441762e-03
5.468537e-03
5.495865e-03
5.524288e-03
5.554047e-03
5.580158e-03
5.606548e-03
5.633229e-03
5.660339e-03
5.688029e-03
5.716560e-03
5.746439e-03
5.778054e-03
5.804701e-03
5.831700e-03
5.859080e-03
5.886957e-03
5.915869e-03
5.945990e-03
5.977864e-03
6.004869e-03
6.032126e-03
6.059775e-03
6.087840e-03
6.116411e-03
6.145999e-03
6.176766e-03
6.204008e-03
6.231472e-03
6.259158e-03
6.287195e-03
6.315604e-03
6.344488e-03
6.374357e-03
6.405383e-03
6.438071e-03
6.472784e-03
6.500920e-03
6.529427e-03
6.558319e-03
6.587688e-03
6.618026e-03
6.649465e-03
6.682491e-03
6.717459e-03
6.746007e-03
6.774902e-03
6.804150e-03
6.833852e-03
6.864495e-03
6.896199e-03
6.929446e-03
6.964596e-03
6.993490e-03
7.022719e-03
7.052281e-03
7.082276e-03
7.112808e-03
7.144037e-03
7.176386e-03
7.210157e-03
7.245874e-03
7.282792e-03
7.312643e-03
7.342872e-03
7.373474e-03
7.404523e-03
7.436454e-03
7.469350e-03
7.503637e-03
7.538639e-03
7.568681e-03
7.599008e-03
7.629602e-03
7.660560e-03
7.691870e-03
7.723600e-03
7.755825e-03
7.788801e-03
7.822853e-03
7.856785e-03
7.890656e-03
7.924480e-03
7.955645e-03
7.987072e-03
8.018736e-03
8.050722e-03
8.083010e-03
8.115667e-03
8.148762e-03
8.181799e-03
8.214680e-03
8.247440e-03
8.280075e-03
8.312568e-03
8.344821e-03
8.376815e-03
8.408570e-03
8.440113e-03
8.471510e-03
8.502737e-03
8.533799e-03
8.564655e-03
8.595295e-03
8.625679e-03
8.655842e-03
8.685801e-03
8.715569e-03
8.745189e-03
8.774670e-03
8.804042e-03
8.833304e-03
8.862478e-03
8.891558e-03
8.920562e-03
8.949484e-03
8.978340e-03
9.007125e-03
9.035853e-03
9.064521e-03
9.093134e-03
9.121684e-03
9.150194e-03
9.178660e-03
9.207106e-03
9.235529e-03
9.263954e-03
9.292381e-03
9.320831e-03
9.349306e-03
9.377827e-03
9.406394e-03
9.435027e-03
9.463720e-03
9.492458e-03
9.521271e-03
9.550148e-03
9.579116e-03
9.608165e-03
9.637316e-03
9.666558e-03
9.695911e-03
9.725361e-03
9.754926e-03
9.784591e-03
9.814371e-03
9.844253e-03
9.874249e-03
9.904345e-03
9.934554e-03
9.964863e-03
9.995278e-03
1.002577e-02
1.005635e-02
1.008701e-02
1.011776e-02
1.014858e-02
1.017949e-02
1.021048e-02
1.024155e-02
1.027269e-02
1.030393e-02
1.033524e-02
1.036664e-02
1.039811e-02
1.042965e-02
1.046125e-02
1.049293e-02
1.052468e-02
1.055652e-02
1.058843e-02
1.062043e-02
1.065252e-02
1.068470e-02
1.071695e-02
1.074928e-02
1.078170e-02
1.081420e-02
1.084681e-02
1.087951e-02
1.091232e-02
1.094521e-02
1.097820e-02
1.101129e-02
1.104449e-02
1.107781e-02
1.111126e-02
1.114484e-02
1.117853e-02
1.121235e-02
1.124629e-02
1.128038e-02
1.131461e-02
1.134894e-02
1.138331e-02
1.141777e-02
1.145233e-02
1.148700e-02
1.152178e-02
1.155668e-02
1.159168e-02
1.162680e-02
1.166203e-02
1.169738e-02
1.173285e-02
1.176845e-02
1.180419e-02
1.184008e-02
1.187611e-02
1.191230e-02
1.194866e-02
1.198518e-02
1.202180e-02
1.205857e-02
1.209544e-02
1.213241e-02
1.216950e-02
1.220673e-02
1.224409e-02
1.228164e-02
1.231935e-02
1.235730e-02
1.239547e-02
1.243395e-02
1.247271e-02
1.251163e-02
1.255069e-02
1.258991e-02
1.262927e-02
1.266875e-02
1.270837e-02
1.274812e-02
1.278801e-02
1.282803e-02
1.286820e-02
1.290852e-02
1.294897e-02
1.298954e-02
1.303023e-02
1.307104e-02
1.311198e-02
1.315304e-02
1.319422e-02
1.323554e-02
1.327696e-02
1.331848e-02
1.336004e-02
1.340169e-02
1.344339e-02
1.348518e-02
1.352702e-02
1.356894e-02
1.361089e-02
1.365273e-02
1.369456e-02
1.373626e-02
1.377792e-02
1.381949e-02
1.386102e-02
1.390246e-02
1.394386e-02
1.398513e-02
1.402632e-02
1.406737e-02
1.410832e-02
1.414910e-02
1.418979e-02
1.423031e-02
1.427071e-02
1.431096e-02
1.435110e-02
1.439108e-02
1.442772e-02
1.446745e-02
1.450394e-02
1.454072e-02
1.457710e-02
1.461407e-02
1.465008e-02
1.468670e-02
1.472252e-02
1.475873e-02
1.479466e-02
1.483050e-02
1.486619e-02
1.490182e-02
1.493503e-02
1.496973e-02
1.500265e-02
1.503657e-02
1.506931e-02
1.510271e-02
1.513547e-02
1.516860e-02
1.520166e-02
1.523473e-02
1.526787e-02
1.530031e-02
1.533242e-02
1.536425e-02
1.539561e-02
1.542713e-02
1.545860e-02
1.549011e-02
1.552170e-02
1.555281e-02
1.558370e-02
1.561439e-02
1.564495e-02
1.567542e-02
1.570589e-02
1.573644e-02
1.576716e-02
1.579734e-02
1.582740e-02
1.585738e-02
1.588734e-02
1.591730e-02
1.594734e-02
1.597753e-02
1.600794e-02
1.603767e-02
1.606736e-02
1.609706e-02
1.612680e-02
1.615661e-02
1.618654e-02
1.621665e-02
1.624701e-02
1.627659e-02
1.630619e-02
1.633582e-02
1.636552e-02
1.639532e-02
1.642527e-02
1.645539e-02
1.648579e-02
1.651535e-02
1.654494e-02
1.657459e-02
1.660432e-02
1.663416e-02
1.666417e-02
1.669436e-02
1.672482e-02
1.675443e-02
1.678408e-02
1.681378e-02
1.684358e-02
1.687350e-02
1.690359e-02
1.693387e-02
1.696441e-02
1.699411e-02
1.702386e-02
1.705367e-02
1.708357e-02
1.711359e-02
1.714378e-02
1.717416e-02
1.720389e-02
1.723372e-02
1.726300e-02
1.729259e-02
1.732145e-02
1.735059e-02
1.737906e-02
1.740780e-02
1.743592e-02
1.746429e-02
1.749208e-02
1.752012e-02
1.754761e-02
1.757535e-02
1.760258e-02
1.763005e-02
1.765703e-02
1.768425e-02
1.771100e-02
1.774043e-02
1.776696e-02
1.779614e-02
1.782247e-02
1.785142e-02
1.787755e-02
1.790629e-02
1.793721e-02
1.796839e-02
1.799876e-02
1.802918e-02
1.805966e-02
1.809023e-02
1.812091e-02
1.815175e-02
1.818277e-02
1.821404e-02
1.824562e-02
1.827627e-02
1.830698e-02
1.833776e-02
1.836864e-02
1.839965e-02
1.843081e-02
1.846216e-02
1.849375e-02
1.852567e-02
1.855661e-02
1.858762e-02
1.861656e-02
1.864680e-02
1.867627e-02
1.870688e-02
1.873663e-02
1.876708e-02
1.879709e-02
1.882781e-02
1.885803e-02
1.888899e-02
1.891940e-02
1.895091e-02
1.898141e-02
1.901319e-02
1.904386e-02
1.907605e-02
1.910696e-02
1.913851e-02
1.916973e-02
1.920138e-02
1.923298e-02
1.926481e-02
1.929676e-02
1.932885e-02
1.936114e-02
1.939368e-02
1.942640e-02
1.945823e-02
1.949010e-02
1.952202e-02
1.955403e-02
1.958612e-02
1.961834e-02
1.965069e-02
1.968324e-02
1.971606e-02
1.974920e-02
1.978123e-02
1.981330e-02
1.984543e-02
1.987763e-02
1.990992e-02
1.994235e-02
1.997492e-02
2.000771e-02
2.004080e-02
2.007298e-02
2.010519e-02
2.013744e-02
2.016975e-02
2.020214e-02
2.023462e-02
2.026280e-02
2.029254e-02
2.032334e-02
2.035426e-02
2.038533e-02
2.041752e-02
2.044990e-02
2.048234e-02
2.051487e-02
2.054750e-02
2.058029e-02
2.061330e-02
2.064657e-02
2.068018e-02
2.071271e-02
2.074528e-02
2.077791e-02
2.081060e-02
2.084340e-02
2.087631e-02
2.090940e-02
2.094260e-02
2.097023e-02
2.099935e-02
2.102273e-02
2.104846e-02
2.107675e-02
2.110780e-02
2.113860e-02
2.117015e-02
2.119358e-02
2.121936e-02
2.124275e-02
2.126849e-02
2.129185e-02
2.131755e-02
2.134090e-02
2.136658e-02
2.138993e-02
2.141562e-02
2.143898e-02
2.146467e-02
2.148805e-02
2.151377e-02
2.153717e-02
2.156291e-02
2.159122e-02
2.162236e-02
2.165413e-02
2.168585e-02
2.171749e-02
2.174908e-02
2.178060e-02
2.181207e-02
2.184348e-02
2.187484e-02
2.190615e-02
2.193741e-02
2.196862e-02
2.199980e-02
2.203091e-02
2.206201e-02
2.209304e-02
2.212406e-02
2.215502e-02
2.218597e-02
2.221688e-02
2.224777e-02
2.227862e-02
2.230946e-02
2.234026e-02
2.237106e-02
2.239660e-02
2.242378e-02
2.245016e-02
2.247803e-02
2.250488e-02
2.253327e-02
2.255738e-02
2.258390e-02
2.260807e-02
2.263246e-02
2.265671e-02
2.268118e-02
2.270552e-02
2.273008e-02
2.275449e-02
2.277911e-02
2.280359e-02
2.282828e-02
2.285282e-02
2.287756e-02
2.290215e-02
2.292693e-02
2.295156e-02
2.297640e-02
2.300111e-02
2.302603e-02
2.305082e-02
2.307582e-02
2.310069e-02
2.312578e-02
2.315075e-02
2.317821e-02
2.320324e-02
2.323077e-02
2.325587e-02
2.328347e-02
2.330864e-02
2.333632e-02
2.336676e-02
2.339765e-02
2.342851e-02
2.345938e-02
2.349024e-02
2.352110e-02
2.355195e-02
2.358281e-02
2.360876e-02
2.363666e-02
2.366364e-02
2.369234e-02
2.371985e-02
2.374915e-02
2.377706e-02
2.380582e-02
2.383422e-02
2.386339e-02
2.389208e-02
2.392129e-02
2.395016e-02
2.397951e-02
2.400846e-02
2.403788e-02
2.406689e-02
2.409635e-02
2.412540e-02
2.415489e-02
2.418396e-02
2.421348e-02
2.424257e-02
2.427210e-02
2.430121e-02
2.433090e-02
2.435995e-02
2.438967e-02
2.441879e-02
2.444861e-02
2.447786e-02
2.450773e-02
2.453698e-02
2.456691e-02
2.459625e-02
2.462628e-02
2.465574e-02
2.468583e-02
2.471528e-02
2.474542e-02
2.477495e-02
2.480517e-02
2.483479e-02
2.486510e-02
2.489480e-02
2.492520e-02
2.495498e-02
2.498544e-02
2.501529e-02
2.504584e-02
2.507577e-02
2.510639e-02
2.513639e-02
2.516708e-02
2.519715e-02
2.522791e-02
2.525804e-02
2.528886e-02
2.531904e-02
2.534991e-02
2.538014e-02
2.541105e-02
2.544132e-02
2.547225e-02
2.550255e-02
2.553351e-02
2.556383e-02
2.559479e-02
2.562512e-02
2.565608e-02
2.568641e-02
2.571784e-02
2.574809e-02
2.577958e-02
2.580987e-02
2.584087e-02
2.587130e-02
2.590288e-02
2.593325e-02
2.596484e-02
2.599525e-02
2.602689e-02
2.605734e-02
2.608902e-02
2.611952e-02
2.615126e-02
2.618182e-02
2.621361e-02
2.624422e-02
2.627610e-02
2.630668e-02
2.633860e-02
2.636933e-02
2.640135e-02
2.643216e-02
2.646422e-02
2.649509e-02
2.652718e-02
2.655810e-02
2.659022e-02
2.662117e-02
2.665335e-02
2.668434e-02
2.671656e-02
2.674758e-02
2.677983e-02
2.681088e-02
2.684316e-02
2.687416e-02
2.690648e-02
2.693763e-02
2.696999e-02
2.700119e-02
2.703359e-02
2.706483e-02
2.709723e-02
2.712851e-02
2.716094e-02
2.719225e-02
2.722472e-02
2.725606e-02
2.728858e-02
2.731995e-02
2.735251e-02
2.738392e-02
2.741648e-02
2.744792e-02
2.748051e-02
2.751197e-02
2.754457e-02
2.757607e-02
2.760830e-02
2.763989e-02
2.767251e-02
2.770393e-02
2.773616e-02
2.776776e-02
2.780042e-02
2.783196e-02
2.786462e-02
2.789617e-02
2.792883e-02
2.796041e-02
2.799273e-02
2.802439e-02
2.805708e-02
2.808859e-02
2.812092e-02
2.815263e-02
2.818503e-02
2.821673e-02
2.824896e-02
2.828075e-02
2.831321e-02
2.834493e-02
2.837715e-02
2.840887e-02
2.844111e-02
2.847287e-02
2.850513e-02
2.853686e-02
2.856911e-02
2.860089e-02
2.863316e-02
2.866492e-02
2.869716e-02
2.872887e-02
2.876110e-02
2.879284e-02
2.882507e-02
2.885680e-02
2.888900e-02
2.892069e-02
2.895286e-02
2.898450e-02
2.901666e-02
2.904834e-02
2.908052e-02
2.911218e-02
2.914432e-02
2.917594e-02
2.920805e-02
2.923965e-02
2.927172e-02
2.930328e-02
2.933535e-02
2.936697e-02
2.939908e-02
2.943068e-02
2.946277e-02
2.949435e-02
2.952643e-02
2.955800e-02
2.959006e-02
2.962162e-02
2.965366e-02
2.968520e-02
2.971723e-02
2.974875e-02
2.978077e-02
2.981227e-02
2.984427e-02
2.987578e-02
2.990778e-02
2.993929e-02
2.997131e-02
2.999448e-02
3.001815e-02
3.004236e-02
3.006496e-02
3.008799e-02
3.011051e-02
3.013345e-02
3.015590e-02
3.017876e-02
3.020114e-02
3.022393e-02
3.024624e-02
3.026895e-02
3.029120e-02
3.031385e-02
3.033604e-02
3.035862e-02
3.038075e-02
3.040329e-02
3.042537e-02
3.044784e-02
3.046988e-02
3.049231e-02
3.051430e-02
3.053668e-02
3.055864e-02
3.058098e-02
3.060290e-02
3.062521e-02
3.064710e-02
3.066937e-02
3.069123e-02
3.071348e-02
3.073531e-02
3.075734e-02
3.077915e-02
3.080115e-02
3.082295e-02
3.084493e-02
3.086671e-02
3.088868e-02
3.091045e-02
3.093240e-02
3.095416e-02
3.097610e-02
3.099785e-02
3.101978e-02
3.104152e-02
3.106345e-02
3.108518e-02
3.110710e-02
3.112931e-02
3.115124e-02
3.117357e-02
3.119609e-02
3.121837e-02
3.124113e-02
3.126343e-02
3.128623e-02
3.130854e-02
3.133135e-02
3.135368e-02
3.137650e-02
3.139883e-02
3.142166e-02
3.144401e-02
3.146684e-02
3.148919e-02
3.151204e-02
3.153440e-02
3.155726e-02
3.157964e-02
3.160252e-02
3.162490e-02
3.164780e-02
3.167020e-02
3.169312e-02
3.171554e-02
3.173848e-02
3.176092e-02
3.178389e-02
3.180635e-02
3.182934e-02
3.185182e-02
3.187484e-02
3.189735e-02
3.192041e-02
3.194294e-02
3.196603e-02
3.198859e-02
3.201172e-02
3.203431e-02
3.205749e-02
3.208012e-02
3.210334e-02
3.212601e-02
3.214928e-02
3.217199e-02
3.219532e-02
3.221808e-02
3.224146e-02
3.226427e-02
3.228772e-02
3.231059e-02
3.233411e-02
3.235703e-02
3.238062e-02
3.240361e-02
3.242729e-02
3.245034e-02
3.247411e-02
3.249723e-02
3.252110e-02
3.254430e-02
3.256827e-02
3.259389e-02
3.262159e-02
3.265205e-02
3.268040e-02
3.271158e-02
3.273990e-02
3.277106e-02
3.279938e-02
3.283053e-02
3.286378e-02
3.289707e-02
3.293028e-02
3.295319e-02
3.297683e-02
3.300116e-02
3.302466e-02
3.304881e-02
3.307241e-02
3.309573e-02
3.311968e-02
3.314307e-02
3.316709e-02
3.319055e-02
3.321465e-02
3.323817e-02
3.326234e-02
3.328592e-02
3.331017e-02
3.333381e-02
3.335813e-02
3.338184e-02
3.340624e-02
3.343001e-02
3.345449e-02
3.347833e-02
3.350289e-02
3.352680e-02
3.355145e-02
3.357769e-02
3.360588e-02
3.363677e-02
3.366550e-02
3.369448e-02
3.372328e-02
3.375232e-02
3.378118e-02
3.381029e-02
3.383920e-02
3.386837e-02
3.389734e-02
3.392657e-02
3.395560e-02
3.398488e-02
3.401396e-02
3.403756e-02
3.406177e-02
3.408657e-02
3.411063e-02
3.413446e-02
3.415882e-02
3.418272e-02
3.420714e-02
3.423109e-02
3.425557e-02
3.427957e-02
3.430409e-02
3.432814e-02
3.435271e-02
3.437680e-02
3.440141e-02
3.442782e-02
3.445636e-02
3.448608e-02
3.451558e-02
3.454535e-02
3.457490e-02
3.460472e-02
3.463431e-02
3.466418e-02
3.469381e-02
3.472372e-02
3.475340e-02
3.478336e-02
3.481308e-02
3.484309e-02
3.487285e-02
3.490290e-02
3.493270e-02
3.496280e-02
3.499264e-02
3.502278e-02
3.505267e-02
3.508286e-02
3.511279e-02
3.514302e-02
3.517299e-02
3.520327e-02
3.523329e-02
3.526362e-02
3.529369e-02
3.532407e-02
3.535419e-02
3.538462e-02
3.541479e-02
3.544528e-02
3.547550e-02
3.550605e-02
3.553633e-02
3.556695e-02
3.559730e-02
3.562798e-02
3.565839e-02
3.568915e-02
3.571964e-02
3.575047e-02
3.578103e-02
3.581194e-02
3.584258e-02
3.587357e-02
3.590428e-02
3.593535e-02
3.596614e-02
3.599729e-02
3.602816e-02
3.605939e-02
3.609034e-02
3.612165e-02
3.615267e-02
3.618406e-02
3.621515e-02
3.624661e-02
3.627778e-02
3.630932e-02
3.634055e-02
3.637215e-02
3.640345e-02
3.643512e-02
3.646648e-02
3.649820e-02
3.652961e-02
3.656139e-02
3.659285e-02
3.662467e-02
3.665618e-02
3.668804e-02
3.671959e-02
3.675147e-02
3.678306e-02
3.681497e-02
3.684658e-02
3.687850e-02
3.691013e-02
3.694206e-02
3.697370e-02
3.699880e-02
3.702640e-02
3.705676e-02
3.708841e-02
3.712033e-02
3.715199e-02
3.718390e-02
3.721555e-02
3.724745e-02
3.727910e-02
3.731099e-02
3.734264e-02
3.737452e-02
3.740619e-02
3.744102e-02
3.747650e-02
3.750208e-02
3.753022e-02
3.756118e-02
3.759523e-02
3.763062e-02
3.766599e-02
3.770139e-02
3.773668e-02
3.777196e-02
3.780709e-02
3.784219e-02
3.787712e-02
3.791203e-02
3.794678e-02
3.798157e-02
3.801628e-02
3.805110e-02
3.808585e-02
3.812067e-02
3.815542e-02
3.819030e-02
3.822513e-02
3.826009e-02
3.829499e-02
3.832995e-02
3.836485e-02
3.839986e-02
3.843481e-02
3.846990e-02
3.850482e-02
3.853998e-02
3.857482e-02
3.861005e-02
3.864496e-02
3.868022e-02
3.871508e-02
3.875032e-02
3.878524e-02
3.882050e-02
3.885547e-02
3.889077e-02
3.892579e-02
3.896113e-02
3.899621e-02
3.903158e-02
3.906675e-02
3.910216e-02
3.913726e-02
3.917269e-02
3.920781e-02
3.924331e-02
3.927847e-02
3.931404e-02
3.934924e-02
3.938484e-02
3.942010e-02
3.945569e-02
3.949100e-02
3.951773e-02
3.954489e-02
3.957167e-02
3.959867e-02
3.962549e-02
3.965364e-02
3.968051e-02
3.970760e-02
3.973452e-02
3.976166e-02
3.978862e-02
3.981581e-02
3.984282e-02
3.987005e-02
3.989710e-02
3.992438e-02
3.995148e-02
3.997881e-02
4.000596e-02
4.003333e-02
4.006052e-02
4.008794e-02
4.011518e-02
4.014265e-02
4.017286e-02
4.020610e-02
4.024254e-02
4.027878e-02
4.031502e-02
4.035104e-02
4.038703e-02
4.042284e-02
4.045869e-02
4.049439e-02
4.053019e-02
4.056589e-02
4.060172e-02
4.063747e-02
4.067336e-02
4.070917e-02
4.074506e-02
4.078085e-02
4.081674e-02
4.085256e-02
4.088851e-02
4.092438e-02
4.096035e-02
4.099620e-02
4.103217e-02
4.106807e-02
4.110411e-02
4.114008e-02
4.116786e-02
4.119610e-02
4.122395e-02
4.125224e-02
4.128015e-02
4.130829e-02
4.133625e-02
4.136445e-02
4.139247e-02
4.142073e-02
4.144882e-02
4.147735e-02
4.150549e-02
4.153408e-02
4.156229e-02
4.159094e-02
4.161921e-02
4.164793e-02
4.167626e-02
4.170742e-02
4.174170e-02
4.177848e-02
4.180659e-02
4.183518e-02
4.186335e-02
4.189200e-02
4.192023e-02
4.194892e-02
4.197721e-02
4.200595e-02
4.203429e-02
4.206309e-02
4.209148e-02
4.212032e-02
4.214877e-02
4.217766e-02
4.220616e-02
4.223511e-02
4.226366e-02
4.229266e-02
4.232127e-02
4.235033e-02
4.237899e-02
4.240810e-02
4.243650e-02
4.246542e-02
4.249391e-02
4.252288e-02
4.255143e-02
4.258046e-02
4.260906e-02
4.263814e-02
4.266679e-02
4.269591e-02
4.272460e-02
4.275377e-02
4.278251e-02
4.281172e-02
4.284050e-02
4.286976e-02
4.289859e-02
4.292789e-02
4.295677e-02
4.298612e-02
4.301505e-02
4.304445e-02
4.307344e-02
4.310289e-02
4.313193e-02
4.316143e-02
4.319021e-02
4.321955e-02
4.324948e-02
4.327865e-02
4.330759e-02
4.333706e-02
4.336607e-02
4.339559e-02
4.342465e-02
4.345421e-02
4.348332e-02
4.351293e-02
4.354208e-02
4.357173e-02
4.360092e-02
4.363062e-02
4.365986e-02
4.368959e-02
4.371888e-02
4.374867e-02
4.377801e-02
4.380784e-02
4.383723e-02
4.386711e-02
4.389656e-02
4.392649e-02
4.395600e-02
4.398599e-02
4.401555e-02
4.404559e-02
4.407522e-02
4.410532e-02
4.413501e-02
4.416517e-02
4.419492e-02
4.422515e-02
4.425457e-02
4.428460e-02
4.431525e-02
4.434510e-02
4.437474e-02
4.440493e-02
4.443464e-02
4.446489e-02
4.449466e-02
4.452497e-02
4.455479e-02
4.458515e-02
4.461502e-02
4.464543e-02
4.467535e-02
4.470581e-02
4.473578e-02
4.476629e-02
4.479631e-02
4.482686e-02
4.485694e-02
4.488754e-02
4.491767e-02
4.494832e-02
4.497850e-02
4.500920e-02
4.503943e-02
4.507018e-02
4.510047e-02
4.513127e-02
4.516162e-02
4.519247e-02
4.522287e-02
4.525352e-02
4.528398e-02
4.531469e-02
4.534520e-02
4.537597e-02
4.540653e-02
4.543735e-02
4.546798e-02
4.549885e-02
4.552953e-02
4.556046e-02
4.559119e-02
4.562218e-02
4.565297e-02
4.568401e-02
4.571487e-02
4.574622e-02
4.577713e-02
4.580854e-02
4.583905e-02
4.587015e-02
4.590077e-02
4.593195e-02
4.596263e-02
4.599386e-02
4.602459e-02
4.605587e-02
4.608665e-02
4.611796e-02
4.614879e-02
4.618015e-02
4.621102e-02
4.624241e-02
4.627333e-02
4.630476e-02
4.633572e-02
4.636720e-02
4.639820e-02
4.642972e-02
4.646077e-02
4.649207e-02
4.652316e-02
4.655451e-02
4.658565e-02
4.661704e-02
4.664823e-02
4.667967e-02
4.671090e-02
4.674239e-02
4.677368e-02
4.680522e-02
4.683656e-02
4.686815e-02
4.689954e-02
4.693118e-02
4.696262e-02
4.699432e-02
4.702582e-02
4.705757e-02
4.708912e-02
4.712119e-02
4.715646e-02
4.719443e-02
4.722569e-02
4.725755e-02
4.728891e-02
4.732084e-02
4.735227e-02
4.738425e-02
4.741574e-02
4.744778e-02
4.747932e-02
4.751140e-02
4.754299e-02
4.757512e-02
4.760676e-02
4.763867e-02
4.767035e-02
4.770230e-02
4.773403e-02
4.776602e-02
4.779780e-02
4.782984e-02
4.786165e-02
4.789373e-02
4.792559e-02
4.795771e-02
4.798961e-02
4.802177e-02
4.805371e-02
4.808592e-02
4.811790e-02
4.815014e-02
4.818216e-02
4.821445e-02
4.824651e-02
4.827883e-02
4.831093e-02
4.834330e-02
4.837544e-02
4.840784e-02
4.844002e-02
4.847247e-02
4.850469e-02
4.853717e-02
4.856943e-02
4.860195e-02
4.863425e-02
4.866708e-02
4.870320e-02
4.874134e-02
4.877970e-02
4.881772e-02
4.885598e-02
4.889391e-02
4.892607e-02
4.895880e-02
4.899102e-02
4.902380e-02
4.905606e-02
4.908888e-02
4.912117e-02
4.915402e-02
4.918635e-02
4.921895e-02
4.925131e-02
4.928394e-02
4.931633e-02
4.934899e-02
4.938141e-02
4.941410e-02
4.944654e-02
4.947926e-02
4.951173e-02
4.954447e-02
4.957697e-02
4.960973e-02
4.964226e-02
4.967505e-02
4.970760e-02
4.974042e-02
4.977299e-02
4.980583e-02
4.983844e-02
4.987131e-02
4.990394e-02
4.993683e-02
4.996949e-02
5.000241e-02
5.003510e-02
5.006832e-02
5.010103e-02
5.013428e-02
5.016814e-02
5.020538e-02
5.024358e-02
5.028155e-02
5.031963e-02
5.035747e-02
5.039006e-02
5.042322e-02
5.045702e-02
5.048994e-02
5.052261e-02
5.055584e-02
5.058853e-02
5.062178e-02
5.065450e-02
5.068777e-02
5.072051e-02
5.075380e-02
5.078656e-02
5.081988e-02
5.085266e-02
5.088599e-02
5.091879e-02
5.095214e-02
5.098496e-02
5.101833e-02
5.105117e-02
5.108456e-02
5.111742e-02
5.115083e-02
5.118371e-02
5.121713e-02
5.125003e-02
5.128348e-02
5.131640e-02
5.134986e-02
5.138280e-02
5.141628e-02
5.144924e-02
5.148274e-02
5.151685e-02
5.155165e-02
5.158721e-02
5.162478e-02
5.165760e-02
5.169102e-02
5.172389e-02
5.175733e-02
5.179023e-02
5.182369e-02
5.185661e-02
5.189009e-02
5.192302e-02
5.195652e-02
5.198946e-02
5.202269e-02
5.205565e-02
5.208889e-02
5.212187e-02
5.215512e-02
5.218811e-02
5.222137e-02
5.225437e-02
5.228765e-02
5.232066e-02
5.235395e-02
5.238698e-02
5.242027e-02
5.245331e-02
5.248662e-02
5.251967e-02
5.255299e-02
5.258605e-02
5.261939e-02
5.265246e-02
5.268581e-02
5.271890e-02
5.275225e-02
5.278536e-02
5.281873e-02
5.285185e-02
5.288524e-02
5.291838e-02
5.295178e-02
5.298494e-02
5.301836e-02
5.305153e-02
5.308497e-02
5.312176e-02
5.315891e-02
5.319644e-02
5.323349e-02
5.327085e-02
5.330779e-02
5.334499e-02
5.338179e-02
5.341893e-02
5.345570e-02
5.349284e-02
5.352960e-02
5.356675e-02
5.360353e-02
5.364070e-02
5.367736e-02
5.371446e-02
5.375114e-02
5.378820e-02
5.382489e-02
5.386195e-02
5.389864e-02
5.393572e-02
5.397230e-02
5.400939e-02
5.404597e-02
5.408308e-02
5.411966e-02
5.415670e-02
5.419332e-02
5.423031e-02
5.426694e-02
5.430394e-02
5.434044e-02
5.437745e-02
5.441395e-02
5.445097e-02
5.448747e-02
5.452441e-02
5.456095e-02
5.459741e-02
5.463395e-02
5.467085e-02
5.470470e-02
5.473884e-02
5.477289e-02
5.480728e-02
5.484156e-02
5.487648e-02
5.491110e-02
5.494646e-02
5.498292e-02
5.501837e-02
5.505289e-02
5.508821e-02
5.512332e-02
5.515843e-02
5.519435e-02
5.523021e-02
5.526656e-02
5.530340e-02
5.533823e-02
5.537387e-02
5.541012e-02
5.544543e-02
5.548159e-02
5.551787e-02
5.555334e-02
5.558990e-02
5.562421e-02
5.565924e-02
5.569373e-02
5.572874e-02
5.576354e-02
5.579954e-02
5.583481e-02
5.587133e-02
5.590710e-02
5.594360e-02
5.597950e-02
5.601589e-02
5.605178e-02
5.608809e-02
5.612396e-02
5.616023e-02
5.619608e-02
5.623232e-02
5.626816e-02
5.630437e-02
5.634008e-02
5.637625e-02
5.641193e-02
5.644807e-02
5.648374e-02
5.651985e-02
5.655550e-02
5.659158e-02
5.662722e-02
5.666326e-02
5.669877e-02
5.673240e-02
5.676790e-02
5.680154e-02
5.683702e-02
5.687067e-02
5.690603e-02
5.693969e-02
5.697485e-02
5.700852e-02
5.704359e-02
5.707725e-02
5.711227e-02
5.714594e-02
5.718093e-02
5.721460e-02
5.724957e-02
5.728325e-02
5.731820e-02
5.735189e-02
5.738684e-02
5.742053e-02
5.745549e-02
5.749098e-02
5.752612e-02
5.756155e-02
5.759653e-02
5.763190e-02
5.766682e-02
5.770213e-02
5.773688e-02
5.777214e-02
5.780683e-02
5.784203e-02
5.787667e-02
5.791182e-02
5.794642e-02
5.798151e-02
5.801608e-02
5.805111e-02
5.808564e-02
5.812062e-02
5.815511e-02
5.819003e-02
5.822436e-02
5.825922e-02
5.829349e-02
5.832829e-02
5.836252e-02
5.839736e-02
5.843152e-02
5.846633e-02
5.850047e-02
5.853421e-02
5.856833e-02
5.860207e-02
5.863616e-02
5.867089e-02
5.870492e-02
5.873960e-02
5.877361e-02
5.880828e-02
5.884227e-02
5.887682e-02
5.891067e-02
5.894513e-02
5.897892e-02
5.901334e-02
5.904710e-02
5.908149e-02
5.911523e-02
5.914958e-02
5.918327e-02
5.921759e-02
5.925126e-02
5.928557e-02
5.931924e-02
5.935353e-02
5.938719e-02
5.942147e-02
5.945511e-02
5.948938e-02
5.952299e-02
5.955724e-02
5.959085e-02
5.962509e-02
5.965870e-02
5.969295e-02
5.972656e-02
5.976072e-02
5.979420e-02
5.982828e-02
5.986173e-02
5.989578e-02
5.992922e-02
5.996327e-02
5.999672e-02
6.003079e-02
6.006424e-02
6.009831e-02
6.013177e-02
6.016585e-02
6.019932e-02
6.023341e-02
6.026687e-02
6.030096e-02
6.033444e-02
6.036856e-02
6.040207e-02
6.043622e-02
6.046975e-02
6.050384e-02
6.053728e-02
6.057131e-02
6.060475e-02
6.063880e-02
6.067226e-02
6.070632e-02
6.073980e-02
6.077390e-02
6.080740e-02
6.084152e-02
6.087504e-02
6.090918e-02
6.094274e-02
6.097684e-02
6.101032e-02
6.104439e-02
6.107789e-02
6.111199e-02
6.114551e-02
6.117964e-02
6.121320e-02
6.124736e-02
6.128096e-02
6.131516e-02
6.134879e-02
6.138304e-02
6.141671e-02
6.145092e-02
6.148451e-02
6.151869e-02
6.155230e-02
6.158652e-02
6.162016e-02
6.165442e-02
6.168811e-02
6.172242e-02
6.175616e-02
6.179052e-02
6.182431e-02
6.185863e-02
6.189235e-02
6.192667e-02
6.196044e-02
6.199480e-02
6.202861e-02
6.206302e-02
6.209687e-02
6.213133e-02
6.216523e-02
6.219966e-02
6.223349e-02
6.226791e-02
6.230178e-02
6.233625e-02
6.237018e-02
6.240472e-02
6.243872e-02
6.247332e-02
6.250738e-02
6.254205e-02
6.257616e-02
6.261080e-02
6.264485e-02
6.267950e-02
6.271360e-02
6.274831e-02
6.278247e-02
6.281724e-02
6.285146e-02
6.288629e-02
6.292057e-02
6.295548e-02
6.298985e-02
6.302475e-02
6.305906e-02
6.309396e-02
6.312831e-02
6.316327e-02
6.319768e-02
6.323271e-02
6.326720e-02
6.330084e-02
6.333506e-02
6.336872e-02
6.340265e-02
6.343631e-02
6.347089e-02
6.350455e-02
6.353907e-02
6.357273e-02
6.360725e-02
6.364090e-02
6.367482e-02
6.370847e-02
6.374239e-02
6.377604e-02
6.380995e-02
6.384359e-02
6.387749e-02
6.391112e-02
6.394502e-02
6.397864e-02
6.401253e-02
6.404614e-02
6.408002e-02
6.411363e-02
6.414750e-02
6.418110e-02
6.421496e-02
6.424855e-02
6.428241e-02
6.431599e-02
6.434984e-02
6.438342e-02
6.441727e-02
6.445084e-02
6.448632e-02
6.452214e-02
6.455768e-02
6.459349e-02
6.462899e-02
6.466473e-02
6.470018e-02
6.473594e-02
6.477142e-02
6.480718e-02
6.484273e-02
6.487853e-02
6.491415e-02
6.494995e-02
6.498552e-02
6.502137e-02
6.505698e-02
6.509283e-02
6.512853e-02
6.516442e-02
6.520019e-02
6.523609e-02
6.527193e-02
6.530788e-02
6.534367e-02
6.537972e-02
6.541556e-02
6.545163e-02
6.548755e-02
6.552359e-02
6.555955e-02
6.559563e-02
6.563167e-02
6.566524e-02
6.570129e-02
6.573486e-02
6.577094e-02
6.580451e-02
6.584035e-02
6.587392e-02
6.590941e-02
6.594298e-02
6.597823e-02
6.601181e-02
6.604690e-02
6.608049e-02
6.611547e-02
6.615203e-02
6.618856e-02
6.622515e-02
6.626167e-02
6.629824e-02
6.633474e-02
6.637127e-02
6.640773e-02
6.644424e-02
6.648068e-02
6.651717e-02
6.655360e-02
6.659007e-02
6.662649e-02
6.666305e-02
6.669960e-02
6.673621e-02
6.677278e-02
6.680941e-02
6.684598e-02
6.688260e-02
6.691918e-02
6.695580e-02
6.699238e-02
6.702597e-02
6.706015e-02
6.709377e-02
6.712767e-02
6.716130e-02
6.719574e-02
6.722937e-02
6.726376e-02
6.729739e-02
6.733177e-02
6.736540e-02
6.739931e-02
6.743294e-02
6.746685e-02
6.750048e-02
6.753438e-02
6.756801e-02
6.760191e-02
6.763553e-02
6.766943e-02
6.770304e-02
6.773694e-02
6.777055e-02
6.780443e-02
6.783804e-02
6.787192e-02
6.790552e-02
6.793940e-02
6.797299e-02
6.800686e-02
6.804044e-02
6.807430e-02
6.810789e-02
6.814174e-02
6.817531e-02
6.820916e-02
6.824273e-02
6.827657e-02
6.831013e-02
6.834396e-02
6.837752e-02
6.841134e-02
6.844489e-02
6.847871e-02
6.851225e-02
6.854606e-02
6.858326e-02
6.862107e-02
6.865910e-02
6.869694e-02
6.873506e-02
6.877293e-02
6.881115e-02
6.884907e-02
6.888267e-02
6.891687e-02
6.895050e-02
6.898471e-02
6.901834e-02
6.905225e-02
6.908588e-02
6.911980e-02
6.915343e-02
6.918734e-02
6.922096e-02
6.925487e-02
6.928848e-02
6.932238e-02
6.935599e-02
6.938988e-02
6.942349e-02
6.945737e-02
6.949096e-02
6.952484e-02
6.955843e-02
6.959199e-02
6.962557e-02
6.965913e-02
6.969270e-02
6.972627e-02
6.975983e-02
6.979344e-02
6.982699e-02
6.986062e-02
6.989416e-02
6.992783e-02
6.996136e-02
6.999505e-02
7.002857e-02
7.006230e-02
7.009581e-02
7.012957e-02
7.016307e-02
7.019684e-02
7.023033e-02
7.026409e-02
7.029756e-02
7.033131e-02
7.036478e-02
7.039852e-02
7.043197e-02
7.046588e-02
7.050012e-02
7.053406e-02
7.056834e-02
7.060232e-02
7.063665e-02
7.067067e-02
7.070504e-02
7.073911e-02
7.077354e-02
7.080765e-02
7.084119e-02
7.087532e-02
7.090888e-02
7.094272e-02
7.097628e-02
7.101013e-02
7.104368e-02
7.107752e-02
7.111107e-02
7.114544e-02
7.117898e-02
7.121325e-02
7.124678e-02
7.128104e-02
7.131456e-02
7.134881e-02
7.138232e-02
7.141656e-02
7.145006e-02
7.148430e-02
7.151779e-02
7.155201e-02
7.158550e-02
7.161971e-02
7.165319e-02
7.168694e-02
7.172041e-02
7.175415e-02
7.178760e-02
7.182133e-02
7.185477e-02
7.188849e-02
7.192192e-02
7.195562e-02
7.198903e-02
7.202272e-02
7.205612e-02
7.208979e-02
7.212317e-02
7.215683e-02
7.219019e-02
7.222383e-02
7.225718e-02
7.229080e-02
7.232414e-02
7.235774e-02
7.239106e-02
7.242464e-02
7.245794e-02
7.249151e-02
7.252479e-02
7.255834e-02
7.259160e-02
7.262514e-02
7.265838e-02
7.269190e-02
7.272512e-02
7.275862e-02
7.279182e-02
7.282530e-02
7.285849e-02
7.289195e-02
7.292512e-02
7.296161e-02
7.300174e-02
7.304457e-02
7.308832e-02
7.313151e-02
7.317566e-02
7.321927e-02
7.326386e-02
7.330788e-02
7.335289e-02
7.339734e-02
7.344277e-02
7.348762e-02
7.353333e-02
7.357858e-02
7.362431e-02
7.366995e-02
7.370295e-02
7.373925e-02
7.377221e-02
7.380751e-02
7.384045e-02
7.387366e-02
7.390657e-02
7.393974e-02
7.397262e-02
7.400577e-02
7.403862e-02
7.407174e-02
7.410456e-02
7.414067e-02
7.417346e-02
7.420888e-02
7.424165e-02
7.427653e-02
7.430928e-02
7.434386e-02
7.438120e-02
7.442092e-02
7.446331e-02
7.450707e-02
7.455084e-02
7.459466e-02
7.463849e-02
7.468236e-02
7.472626e-02
7.477019e-02
7.481415e-02
7.485815e-02
7.490219e-02
7.494627e-02
7.499040e-02
7.503458e-02
7.507880e-02
7.512309e-02
7.516744e-02
7.521186e-02
7.525635e-02
7.530092e-02
7.534557e-02
7.539032e-02
7.543516e-02
7.548013e-02
7.552517e-02
7.557037e-02
7.561566e-02
7.566115e-02
7.570674e-02
7.575256e-02
7.579839e-02
7.584421e-02
7.589003e-02
7.593585e-02
7.598167e-02
7.602350e-02
7.606932e-02
7.610628e-02
7.614586e-02
7.618262e-02
7.622221e-02
7.625967e-02
7.629846e-02
7.633859e-02
7.637806e-02
7.641516e-02
7.644694e-02
7.648190e-02
7.651365e-02
7.654760e-02
7.658481e-02
7.662442e-02
7.666682e-02
7.671100e-02
7.675642e-02
7.680096e-02
7.684649e-02
7.689116e-02
7.693663e-02
7.698154e-02
7.702720e-02
7.707234e-02
7.711798e-02
7.716337e-02
7.720897e-02
7.725456e-02
7.730014e-02
7.734570e-02
7.739125e-02
7.743678e-02
7.746809e-02
7.750254e-02
7.753385e-02
7.756693e-02
7.759822e-02
7.763102e-02
7.766676e-02
7.770462e-02
7.774536e-02
7.778798e-02
7.783239e-02
7.787773e-02
7.792312e-02
7.796849e-02
7.801386e-02
7.805920e-02
7.810454e-02
7.814985e-02
7.818281e-02
7.821675e-02
7.825182e-02
7.828819e-02
7.832116e-02
7.835505e-02
7.839000e-02
7.842355e-02
7.845807e-02
7.849371e-02
7.852674e-02
7.856067e-02
7.859561e-02
7.862922e-02
7.866380e-02
7.869948e-02
7.873265e-02
7.876679e-02
7.880200e-02
7.883584e-02
7.887076e-02
7.890687e-02
7.894031e-02
7.897492e-02
7.900756e-02
7.904183e-02
7.907706e-02
7.911357e-02
7.914618e-02
7.918001e-02
7.921270e-02
7.924641e-02
7.928205e-02
7.931955e-02
7.935923e-02
7.940084e-02
7.944420e-02
7.948847e-02
7.953269e-02
7.957687e-02
7.962099e-02
7.966508e-02
7.970912e-02
7.975313e-02
7.979708e-02
7.984100e-02
7.988487e-02
7.992872e-02
7.997252e-02
8.001629e-02
8.006002e-02
8.010372e-02
8.013635e-02
8.017086e-02
8.020347e-02
8.023752e-02
8.027011e-02
8.030389e-02
8.033647e-02
8.037011e-02
8.040498e-02
8.044121e-02
8.047375e-02
8.050695e-02
8.053947e-02
8.057513e-02
8.060749e-02
8.064047e-02
8.067290e-02
8.070556e-02
8.073800e-02
8.077202e-02
8.080444e-02
8.083756e-02
8.087150e-02
8.090645e-02
8.094255e-02
8.098226e-02
8.102360e-02
8.106620e-02
8.110959e-02
8.115298e-02
8.118382e-02
8.121774e-02
8.125505e-02
8.129502e-02
8.133735e-02
8.138073e-02
8.142410e-02
8.146749e-02
8.151087e-02
8.155426e-02
8.158507e-02
8.161830e-02
8.165485e-02
8.169427e-02
8.173635e-02
8.177940e-02
8.182248e-02
8.186591e-02
8.190883e-02
8.195227e-02
8.199504e-02
8.203844e-02
8.208104e-02
8.212438e-02
8.216680e-02
8.221010e-02
8.225234e-02
8.229559e-02
8.233764e-02
8.238084e-02
8.242271e-02
8.246583e-02
8.250751e-02
8.255042e-02
8.259190e-02
8.263459e-02
8.267589e-02
8.271836e-02
8.274933e-02
8.278081e-02
8.281178e-02
8.284583e-02
8.288330e-02
8.292451e-02
8.296519e-02
8.300695e-02
8.304743e-02
8.308898e-02
8.312929e-02
8.316629e-02
8.320591e-02
8.324709e-02
8.327798e-02
8.330940e-02
8.334028e-02
8.337170e-02
8.340259e-02
8.343400e-02
8.346489e-02
8.349631e-02
8.352720e-02
8.355861e-02
8.359061e-02
8.362328e-02
8.365670e-02
8.369097e-02
8.372616e-02
8.376238e-02
8.379971e-02
8.383817e-02
8.386901e-02
8.390038e-02
8.393235e-02
8.396499e-02
8.399583e-02
8.402721e-02
8.405806e-02
8.408943e-02
8.412028e-02
8.415166e-02
8.418251e-02
8.421388e-02
8.424473e-02
8.427611e-02
8.430807e-02
8.434070e-02
8.437408e-02
8.440830e-02
8.444345e-02
8.447962e-02
8.451688e-02
8.455529e-02
8.458609e-02
8.461747e-02
8.464951e-02
8.468064e-02
8.471236e-02
8.474475e-02
8.477558e-02
8.480695e-02
8.483779e-02
8.486916e-02
8.490000e-02
8.493137e-02
8.496221e-02
8.499358e-02
8.502442e-02
8.505579e-02
8.508776e-02
8.512040e-02
8.515380e-02
8.518803e-02
8.522321e-02
8.525941e-02
8.529609e-02
8.533350e-02
8.537010e-02
8.540744e-02
8.544397e-02
8.548125e-02
8.551772e-02
8.555494e-02
8.559136e-02
8.562852e-02
8.566489e-02
8.570202e-02
8.573834e-02
8.577543e-02
8.581171e-02
8.584876e-02
8.588501e-02
8.592203e-02
8.595825e-02
8.599525e-02
8.603144e-02
8.606841e-02
8.610459e-02
8.614154e-02
8.617769e-02
8.621463e-02
8.625077e-02
8.628770e-02
8.632381e-02
8.636073e-02
8.639684e-02
8.643375e-02
8.646984e-02
8.650675e-02
8.654283e-02
8.657973e-02
8.661580e-02
8.665270e-02
8.668876e-02
8.672565e-02
8.676170e-02
8.679858e-02
8.682932e-02
8.686066e-02
8.689266e-02
8.692374e-02
8.695544e-02
8.698780e-02
8.701859e-02
8.704993e-02
8.708072e-02
8.711206e-02
8.714286e-02
8.717420e-02
8.720500e-02
8.723633e-02
8.726713e-02
8.729847e-02
8.732926e-02
8.736060e-02
8.739140e-02
8.742273e-02
8.745352e-02
8.748486e-02
8.751565e-02
8.754698e-02
8.757777e-02
8.760910e-02
8.763989e-02
8.767122e-02
8.770201e-02
8.773333e-02
8.776413e-02
8.779545e-02
8.782624e-02
8.785756e-02
8.788835e-02
8.791967e-02
8.795046e-02
8.798178e-02
8.801257e-02
8.804389e-02
8.807468e-02
8.810600e-02
8.813679e-02
8.816811e-02
8.819890e-02
8.823022e-02
8.826101e-02
8.829207e-02
8.832286e-02
8.835392e-02
8.838472e-02
8.841577e-02
8.844657e-02
8.847763e-02
8.850844e-02
8.853950e-02
8.857030e-02
8.860137e-02
8.863218e-02
8.866325e-02
8.869406e-02
8.872513e-02
8.875595e-02
8.878703e-02
8.881786e-02
8.884893e-02
8.887977e-02
8.891085e-02
8.894169e-02
8.897278e-02
8.900363e-02
8.903472e-02
8.906558e-02
8.909668e-02
8.912754e-02
8.915865e-02
8.918952e-02
8.922091e-02
8.925179e-02
8.928318e-02
8.931407e-02
8.934547e-02
8.937637e-02
8.940778e-02
8.943869e-02
8.947011e-02
8.950092e-02
8.953231e-02
8.956432e-02
8.959546e-02
8.962634e-02
8.965777e-02
8.968866e-02
8.972009e-02
8.975099e-02
8.978243e-02
8.981334e-02
8.984479e-02
8.987571e-02
8.990716e-02
8.993808e-02
8.996954e-02
9.000047e-02
9.003193e-02
9.006287e-02
9.009434e-02
9.012528e-02
9.015675e-02
9.018770e-02
9.021918e-02
9.025014e-02
9.028162e-02
9.031258e-02
9.034408e-02
9.037505e-02
9.040654e-02
9.043752e-02
9.046787e-02
9.049885e-02
9.053037e-02
9.056130e-02
9.059282e-02
9.062383e-02
9.065434e-02
9.068536e-02
9.071593e-02
9.074684e-02
9.077743e-02
9.080882e-02
9.083943e-02
9.087084e-02
9.090147e-02
9.093291e-02
9.096356e-02
9.099504e-02
9.102572e-02
9.105723e-02
9.108794e-02
9.111950e-02
9.115025e-02
9.118186e-02
9.121329e-02
9.124532e-02
9.127677e-02
9.130882e-02
9.134029e-02
9.137236e-02
9.140384e-02
9.143594e-02
9.146744e-02
9.149955e-02
9.153235e-02
9.156355e-02
9.159535e-02
9.162658e-02
9.165838e-02
9.168962e-02
9.172143e-02
9.175267e-02
9.178449e-02
9.181574e-02
9.184757e-02
9.187882e-02
9.191065e-02
9.194192e-02
9.197375e-02
9.200502e-02
9.203685e-02
9.206813e-02
9.209997e-02
9.213126e-02
9.216310e-02
9.219555e-02
9.222869e-02
9.225999e-02
9.229183e-02
9.232429e-02
9.235742e-02
9.239131e-02
9.242605e-02
9.246172e-02
9.249840e-02
9.253617e-02
9.257506e-02
9.261439e-02
9.265374e-02
9.269309e-02
9.273253e-02
9.277201e-02
9.281160e-02
9.285125e-02
9.289114e-02
9.293108e-02
9.297130e-02
9.301144e-02
9.305175e-02
9.309198e-02
9.313241e-02
9.317274e-02
9.321323e-02
9.325358e-02
9.329396e-02
9.333415e-02
9.337434e-02
9.341451e-02
9.345493e-02
9.349545e-02
9.353639e-02
9.357735e-02
9.361901e-02
9.365919e-02
9.369999e-02
9.373944e-02
9.377937e-02
9.381825e-02
9.385773e-02
9.389628e-02
9.393547e-02
9.397379e-02
9.401277e-02
9.405093e-02
9.408977e-02
9.412783e-02
9.416660e-02
9.420460e-02
9.424332e-02
9.428129e-02
9.432001e-02
9.435797e-02
9.439660e-02
9.443443e-02
9.447293e-02
9.450415e-02
9.453608e-02
9.456875e-02
9.460043e-02
9.463280e-02
9.466591e-02
9.469728e-02
9.472927e-02
9.476068e-02
9.479268e-02
9.482410e-02
9.485611e-02
9.488754e-02
9.491955e-02
9.495099e-02
9.498300e-02
9.501445e-02
9.504647e-02
9.507791e-02
9.510993e-02
9.514139e-02
9.517341e-02
9.520487e-02
9.523689e-02
9.526835e-02
9.530037e-02
9.533184e-02
9.536387e-02
9.539534e-02
9.542737e-02
9.545885e-02
9.549087e-02
9.552236e-02
9.555439e-02
9.558589e-02
9.561792e-02
9.564943e-02
9.568147e-02
9.571298e-02
9.574503e-02
9.577644e-02
9.580859e-02
9.584148e-02
9.587342e-02
9.590609e-02
9.593955e-02
9.597117e-02
9.600351e-02
9.603517e-02
9.606754e-02
9.609923e-02
9.613161e-02
9.616333e-02
9.619572e-02
9.622745e-02
9.625984e-02
9.629159e-02
9.632398e-02
9.635574e-02
9.638815e-02
9.641992e-02
9.645233e-02
9.648411e-02
9.651652e-02
9.654831e-02
9.658073e-02
9.661252e-02
9.664494e-02
9.667675e-02
9.670917e-02
9.674098e-02
9.677341e-02
9.680523e-02
9.683766e-02
9.686948e-02
9.690192e-02
9.693375e-02
9.696618e-02
9.699802e-02
9.703046e-02
9.706231e-02
9.709475e-02
9.712660e-02
9.715905e-02
9.719091e-02
9.722336e-02
9.725523e-02
9.728769e-02
9.731957e-02
9.735203e-02
9.738392e-02
9.741639e-02
9.744830e-02
9.748077e-02
9.751387e-02
9.754767e-02
9.757959e-02
9.761208e-02
9.764519e-02
9.767899e-02
9.771357e-02
9.774900e-02
9.778539e-02
9.782281e-02
9.786134e-02
9.790102e-02
9.794183e-02
9.798370e-02
9.802606e-02
9.806843e-02
9.811081e-02
9.815319e-02
9.819559e-02
9.823799e-02
9.828040e-02
9.832282e-02
9.836524e-02
9.840767e-02
9.845010e-02
9.849254e-02
9.853499e-02
9.857745e-02
9.861991e-02
9.866239e-02
9.870487e-02
9.874736e-02
9.878986e-02
9.883237e-02
9.887489e-02
9.891742e-02
9.895996e-02
9.900251e-02
9.904506e-02
9.908763e-02
9.913020e-02
9.917277e-02
9.921536e-02
9.925796e-02
9.930056e-02
9.934317e-02
9.938580e-02
9.942843e-02
9.947107e-02
9.951373e-02
9.955639e-02
9.959907e-02
9.964176e-02
9.968446e-02
9.972717e-02
9.976990e-02
9.981263e-02
9.985537e-02
9.989802e-02
9.994059e-02
9.998297e-02
1.000253e-01
1.000674e-01
1.001096e-01
1.001416e-01
1.001743e-01
1.002077e-01
1.002402e-01
1.002734e-01
1.003059e-01
1.003390e-01
1.003715e-01
1.004047e-01
1.004372e-01
1.004704e-01
1.005030e-01
1.005353e-01
1.005682e-01
1.006005e-01
1.006334e-01
1.006657e-01
1.006963e-01
1.007286e-01
1.007592e-01
1.007916e-01
1.008223e-01
1.008546e-01
1.008854e-01
1.009177e-01
1.009485e-01
1.009809e-01
1.010117e-01
1.010441e-01
1.010749e-01
1.011073e-01
1.011382e-01
1.011706e-01
1.012015e-01
1.012339e-01
1.012669e-01
1.012994e-01
1.013303e-01
1.013624e-01
1.013934e-01
1.014256e-01
1.014566e-01
1.014888e-01
1.015199e-01
1.015520e-01
1.015831e-01
1.016151e-01
1.016462e-01
1.016783e-01
1.017094e-01
1.017414e-01
1.017725e-01
1.018046e-01
1.018357e-01
1.018678e-01
1.018989e-01
1.019310e-01
1.019622e-01
1.019943e-01
1.020256e-01
1.020577e-01
1.020890e-01
1.021212e-01
1.021526e-01
1.021848e-01
1.022162e-01
1.022486e-01
1.022800e-01
1.023124e-01
1.023440e-01
1.023765e-01
1.024081e-01
1.024408e-01
1.024725e-01
1.025053e-01
1.025371e-01
1.025699e-01
1.026019e-01
1.026347e-01
1.026668e-01
1.026997e-01
1.027320e-01
1.027648e-01
1.027974e-01
1.028303e-01
1.028631e-01
1.028960e-01
1.029294e-01
1.029623e-01
1.029936e-01
1.030260e-01
1.030595e-01
1.030925e-01
1.031243e-01
1.031571e-01
1.031905e-01
1.032232e-01
1.032564e-01
1.032902e-01
1.033225e-01
1.033561e-01
1.033893e-01
1.034222e-01
1.034557e-01
1.034887e-01
1.035215e-01
1.035545e-01
1.035881e-01
1.036211e-01
1.036547e-01
1.036877e-01
1.037212e-01
1.037542e-01
1.037879e-01
1.038209e-01
1.038545e-01
1.038876e-01
1.039212e-01
1.039543e-01
1.039879e-01
1.040210e-01
1.040547e-01
1.040878e-01
1.041199e-01
1.041530e-01
1.041867e-01
1.042198e-01
1.042535e-01
1.042866e-01
1.043203e-01
1.043535e-01
1.043872e-01
1.044204e-01
1.044541e-01
1.044873e-01
1.045210e-01
1.045542e-01
1.045880e-01
1.046212e-01
1.046550e-01
1.046882e-01
1.047220e-01
1.047552e-01
1.047890e-01
1.048223e-01
1.048561e-01
1.048893e-01
1.049232e-01
1.049564e-01
1.049903e-01
1.050236e-01
1.050574e-01
1.050907e-01
1.051246e-01
1.051579e-01
1.051918e-01
1.052252e-01
1.052591e-01
1.052924e-01
1.053263e-01
1.053597e-01
1.053936e-01
1.054270e-01
1.054610e-01
1.054943e-01
1.055283e-01
1.055617e-01
1.055957e-01
1.056303e-01
1.056657e-01
1.057019e-01
1.057389e-01
1.057771e-01
1.058162e-01
1.058566e-01
1.058983e-01
1.059412e-01
1.059853e-01
1.060186e-01
1.060526e-01
1.060874e-01
1.061211e-01
1.061555e-01
1.061907e-01
1.062241e-01
1.062582e-01
1.062917e-01
1.063258e-01
1.063593e-01
1.063934e-01
1.064270e-01
1.064611e-01
1.064946e-01
1.065288e-01
1.065623e-01
1.065965e-01
1.066301e-01
1.066643e-01
1.066979e-01
1.067320e-01
1.067657e-01
1.067999e-01
1.068335e-01
1.068677e-01
1.069014e-01
1.069356e-01
1.069693e-01
1.070035e-01
1.070372e-01
1.070715e-01
1.071052e-01
1.071395e-01
1.071732e-01
1.072075e-01
1.072412e-01
1.072755e-01
1.073093e-01
1.073433e-01
1.073771e-01
1.074112e-01
1.074450e-01
1.074791e-01
1.075129e-01
1.075474e-01
1.075830e-01
1.076197e-01
1.076578e-01
1.076974e-01
1.077385e-01
1.077799e-01
1.078139e-01
1.078512e-01
1.078924e-01
1.079338e-01
1.079752e-01
1.080167e-01
1.080508e-01
1.080881e-01
1.081289e-01
1.081706e-01
1.082123e-01
1.082542e-01
1.082885e-01
1.083260e-01
1.083670e-01
1.084093e-01
1.084515e-01
1.084937e-01
1.085280e-01
1.085655e-01
1.086066e-01
1.086484e-01
1.086902e-01
1.087318e-01
1.087734e-01
1.088149e-01
1.088494e-01
1.088866e-01
1.089274e-01
1.089687e-01
1.090099e-01
1.090510e-01
1.090854e-01
1.091228e-01
1.091638e-01
1.092048e-01
1.092457e-01
1.092865e-01
1.093273e-01
1.093681e-01
1.094087e-01
1.094494e-01
1.094900e-01
1.095305e-01
1.095649e-01
1.096026e-01
1.096369e-01
1.096736e-01
1.097134e-01
1.097537e-01
1.097940e-01
1.098343e-01
1.098745e-01
1.099147e-01
1.099548e-01
1.099949e-01
1.100350e-01
1.100750e-01
1.101093e-01
1.101470e-01
1.101814e-01
1.102180e-01
1.102578e-01
1.102976e-01
1.103374e-01
1.103771e-01
1.104114e-01
1.104489e-01
1.104832e-01
1.105197e-01
1.105592e-01
1.105987e-01
1.106382e-01
1.106776e-01
1.107170e-01
1.107564e-01
1.107906e-01
1.108282e-01
1.108674e-01
1.109067e-01
1.109459e-01
1.109850e-01
1.110193e-01
1.110568e-01
1.110959e-01
1.111349e-01
1.111739e-01
1.112129e-01
1.112518e-01
1.112908e-01
1.113296e-01
1.113685e-01
1.114074e-01
1.114462e-01
1.114850e-01
1.115238e-01
1.115625e-01
1.116012e-01
1.116399e-01
1.116786e-01
1.117137e-01
1.117496e-01
1.117864e-01
1.118220e-01
1.118585e-01
1.118959e-01
1.119312e-01
1.119673e-01
1.120023e-01
1.120385e-01
1.120739e-01
1.121102e-01
1.121457e-01
1.121821e-01
1.122176e-01
1.122541e-01
1.122898e-01
1.123264e-01
1.123622e-01
1.123989e-01
1.124348e-01
1.124717e-01
1.125098e-01
1.125482e-01
1.125866e-01
1.126251e-01
1.126635e-01
1.127019e-01
1.127403e-01
1.127787e-01
1.128171e-01
1.128555e-01
1.128939e-01
1.129323e-01
1.129708e-01
1.130092e-01
1.130476e-01
1.130860e-01
1.131245e-01
1.131629e-01
1.132014e-01
1.132398e-01
1.132783e-01
1.133167e-01
1.133552e-01
1.133937e-01
1.134322e-01
1.134707e-01
1.135092e-01
1.135478e-01
1.135863e-01
1.136248e-01
1.136634e-01
1.137020e-01
1.137405e-01
1.137791e-01
1.138177e-01
1.138564e-01
1.138950e-01
1.139336e-01
1.139723e-01
1.140110e-01
1.140497e-01
1.140884e-01
1.141271e-01
1.141658e-01
1.142005e-01
1.142358e-01
1.142733e-01
1.143120e-01
1.143498e-01
1.143884e-01
1.144263e-01
1.144649e-01
1.145026e-01
1.145410e-01
1.145786e-01
1.146167e-01
1.146540e-01
1.146918e-01
1.147290e-01
1.147666e-01
1.147983e-01
1.148322e-01
1.148681e-01
1.148996e-01
1.149330e-01
1.149685e-01
1.150054e-01
1.150431e-01
1.150801e-01
1.151178e-01
1.151548e-01
1.151925e-01
1.152295e-01
1.152672e-01
1.153043e-01
1.153420e-01
1.153791e-01
1.154169e-01
1.154540e-01
1.154919e-01
1.155291e-01
1.155671e-01
1.156043e-01
1.156424e-01
1.156797e-01
1.157178e-01
1.157552e-01
1.157933e-01
1.158308e-01
1.158687e-01
1.159063e-01
1.159441e-01
1.159818e-01
1.160195e-01
1.160573e-01
1.160949e-01
1.161328e-01
1.161703e-01
1.162082e-01
1.162456e-01
1.162836e-01
1.163209e-01
1.163590e-01
1.163961e-01
1.164342e-01
1.164713e-01
1.165093e-01
1.165462e-01
1.165841e-01
1.166210e-01
1.166588e-01
1.166957e-01
1.167334e-01
1.167702e-01
1.168079e-01
1.168446e-01
1.168823e-01
1.169190e-01
1.169566e-01
1.169933e-01
1.170309e-01
1.170676e-01
1.171052e-01
1.171418e-01
1.171795e-01
1.172162e-01
1.172538e-01
1.172905e-01
1.173282e-01
1.173650e-01
1.174027e-01
1.174395e-01
1.174773e-01
1.175141e-01
1.175520e-01
1.175889e-01
1.176269e-01
1.176639e-01
1.177020e-01
1.177391e-01
1.177772e-01
1.178145e-01
1.178528e-01
1.178917e-01
1.179309e-01
1.179702e-01
1.180095e-01
1.180488e-01
1.180881e-01
1.181181e-01
1.181488e-01
1.181803e-01
1.182127e-01
1.182429e-01
1.182737e-01
1.183054e-01
1.183360e-01
1.183674e-01
1.183997e-01
1.184300e-01
1.184607e-01
1.184908e-01
1.185217e-01
1.185520e-01
1.185832e-01
1.186136e-01
1.186448e-01
1.186756e-01
1.187069e-01
1.187379e-01
1.187692e-01
1.188002e-01
1.188315e-01
1.188625e-01
1.188939e-01
1.189249e-01
1.189562e-01
1.189873e-01
1.190186e-01
1.190496e-01
1.190810e-01
1.191120e-01
1.191434e-01
1.191743e-01
1.192057e-01
1.192366e-01
1.192681e-01
1.192989e-01
1.193304e-01
1.193612e-01
1.193931e-01
1.194241e-01
1.194556e-01
1.194873e-01
1.195187e-01
1.195507e-01
1.195822e-01
1.196144e-01
1.196459e-01
1.196781e-01
1.197112e-01
1.197425e-01
1.197746e-01
1.198059e-01
1.198378e-01
1.198702e-01
1.199020e-01
1.199346e-01
1.199664e-01
1.199972e-01
1.200287e-01
1.200593e-01
1.200906e-01
1.201224e-01
1.201534e-01
1.201852e-01
1.202162e-01
1.202480e-01
1.202791e-01
1.203110e-01
1.203420e-01
1.203739e-01
1.204051e-01
1.204371e-01
1.204684e-01
1.205005e-01
1.205319e-01
1.205645e-01
1.205963e-01
1.206294e-01
1.206617e-01
1.206954e-01
1.207305e-01
1.207627e-01
1.207966e-01
1.208320e-01
1.208654e-01
1.209007e-01
1.209379e-01
1.209739e-01
1.210116e-01
1.210504e-01
1.210901e-01
1.211304e-01
1.211718e-01
1.212133e-01
1.212548e-01
1.212962e-01
1.213377e-01
1.213791e-01
1.214206e-01
1.214620e-01
1.215035e-01
1.215449e-01
1.215864e-01
1.216278e-01
1.216692e-01
1.217107e-01
1.217521e-01
1.217936e-01
1.218350e-01
1.218764e-01
1.219179e-01
1.219593e-01
1.220007e-01
1.220422e-01
1.220836e-01
1.221250e-01
1.221665e-01
1.222079e-01
1.222494e-01
1.222908e-01
1.223322e-01
1.223737e-01
1.224151e-01
1.224565e-01
1.224980e-01
1.225394e-01
1.225809e-01
1.226223e-01
1.226638e-01
1.227053e-01
1.227467e-01
1.227882e-01
1.228297e-01
1.228712e-01
1.229126e-01
1.229541e-01
1.229956e-01
1.230371e-01
1.230786e-01
1.231202e-01
1.231617e-01
1.232032e-01
1.232447e-01
1.232863e-01
1.233278e-01
1.233693e-01
1.234109e-01
1.234525e-01
1.234940e-01
1.235356e-01
1.235772e-01
1.236187e-01
1.236603e-01
1.237019e-01
1.237435e-01
1.237851e-01
1.238267e-01
1.238683e-01
1.239099e-01
1.239516e-01
1.239932e-01
1.240348e-01
1.240764e-01
1.241181e-01
1.241597e-01
1.242013e-01
1.242430e-01
1.242846e-01
1.243262e-01
1.243679e-01
1.244095e-01
1.244512e-01
1.244928e-01
1.245344e-01
1.245761e-01
1.246177e-01
1.246594e-01
1.247010e-01
1.247426e-01
1.247843e-01
1.248259e-01
1.248675e-01
1.249092e-01
1.249508e-01
1.249924e-01
1.250341e-01
1.250757e-01
1.251173e-01
1.251589e-01
1.252005e-01
1.252422e-01
1.252838e-01
1.253254e-01
1.253670e-01
1.254086e-01
1.254503e-01
1.254919e-01
1.255335e-01
1.255751e-01
1.256167e-01
1.256584e-01
1.257000e-01
1.257416e-01
1.257832e-01
1.258249e-01
1.258665e-01
1.259081e-01
1.259497e-01
1.259914e-01
1.260330e-01
1.260746e-01
1.261163e-01
1.261579e-01
1.261996e-01
1.262412e-01
1.262828e-01
1.263245e-01
1.263661e-01
1.264078e-01
1.264494e-01
1.264911e-01
1.265328e-01
1.265744e-01
1.266161e-01
1.266577e-01
1.266994e-01
1.267411e-01
1.267828e-01
1.268245e-01
1.268661e-01
1.269078e-01
1.269495e-01
1.269912e-01
1.270329e-01
1.270746e-01
1.271163e-01
1.271580e-01
1.271998e-01
1.272415e-01
1.272832e-01
1.273249e-01
1.273666e-01
1.274084e-01
1.274501e-01
1.274918e-01
1.275335e-01
1.275753e-01
1.276170e-01
1.276588e-01
1.277005e-01
1.277422e-01
1.277840e-01
1.278257e-01
1.278675e-01
1.279092e-01
1.279510e-01
1.279927e-01
1.280345e-01
1.280762e-01
1.281180e-01
1.281598e-01
1.282015e-01
1.282433e-01
1.282851e-01
1.283268e-01
1.283686e-01
1.284104e-01
1.284521e-01
1.284939e-01
1.285357e-01
1.285775e-01
1.286192e-01
1.286610e-01
1.287028e-01
1.287446e-01
1.287863e-01
1.288281e-01
1.288699e-01
1.289117e-01
1.289535e-01
1.289953e-01
1.290370e-01
1.290788e-01
1.291177e-01
1.291595e-01
1.292013e-01
1.292430e-01
1.292848e-01
1.293266e-01
1.293684e-01
1.294102e-01
1.294519e-01
1.294937e-01
1.295355e-01
1.295772e-01
1.296190e-01
1.296608e-01
1.297026e-01
1.297443e-01
1.297861e-01
1.298278e-01
1.298696e-01
1.299113e-01
1.299531e-01
1.299949e-01
1.300366e-01
1.300783e-01
1.301201e-01
1.301618e-01
1.302036e-01
1.302453e-01
1.302870e-01
1.303288e-01
1.303705e-01
1.304122e-01
1.304539e-01
1.304957e-01
1.305374e-01
1.305791e-01
1.306208e-01
1.306625e-01
1.307042e-01
1.307460e-01
1.307877e-01
1.308294e-01
1.308711e-01
1.309128e-01
1.309545e-01
1.309963e-01
1.310380e-01
1.310797e-01
1.311214e-01
1.311632e-01
1.312049e-01
1.312466e-01
1.312884e-01
1.313301e-01
1.313718e-01
1.314136e-01
1.314553e-01
1.314971e-01
1.315388e-01
1.315806e-01
1.316223e-01
1.316641e-01
1.317058e-01
1.317475e-01
1.317892e-01
1.318310e-01
1.318726e-01
1.319144e-01
1.319560e-01
1.319977e-01
1.320393e-01
1.320810e-01
1.321225e-01
1.321643e-01
1.322057e-01
1.322475e-01
1.322888e-01
1.323306e-01
1.323719e-01
1.324138e-01
1.324550e-01
1.324968e-01
1.325380e-01
1.325799e-01
1.326210e-01
1.326629e-01
1.327047e-01
1.327466e-01
1.327861e-01
1.328280e-01
1.328698e-01
1.329117e-01
1.329535e-01
1.329954e-01
1.330372e-01
1.330791e-01
1.331165e-01
1.331577e-01
1.331995e-01
1.332414e-01
1.332833e-01
1.333251e-01
1.333638e-01
1.334057e-01
1.334476e-01
1.334895e-01
1.335291e-01
1.335710e-01
1.336129e-01
1.336548e-01
1.336942e-01
1.337361e-01
1.337771e-01
1.338191e-01
1.338597e-01
1.339017e-01
1.339423e-01
1.339843e-01
1.340248e-01
1.340668e-01
1.341072e-01
1.341492e-01
1.341895e-01
1.342316e-01
1.342718e-01
1.343138e-01
1.343463e-01
1.343798e-01
1.344142e-01
1.344464e-01
1.344795e-01
1.345134e-01
1.345485e-01
1.345848e-01
1.346224e-01
1.346615e-01
1.347020e-01
1.347439e-01
1.347860e-01
1.348281e-01
1.348701e-01
1.349121e-01
1.349541e-01
1.349962e-01
1.350381e-01
1.350801e-01
1.351221e-01
1.351641e-01
1.352060e-01
1.352480e-01
1.352899e-01
1.353319e-01
1.353739e-01
1.354159e-01
1.354579e-01
1.354896e-01
1.355219e-01
1.355549e-01
1.355862e-01
1.356181e-01
1.356495e-01
1.356814e-01
1.357128e-01
1.357447e-01
1.357760e-01
1.358079e-01
1.358393e-01
1.358711e-01
1.359025e-01
1.359344e-01
1.359658e-01
1.359974e-01
1.360296e-01
1.360615e-01
1.360941e-01
1.361260e-01
1.361577e-01
1.361899e-01
1.362216e-01
1.362538e-01
1.362854e-01
1.363177e-01
1.363493e-01
1.363816e-01
1.364132e-01
1.364454e-01
1.364770e-01
1.365093e-01
1.365409e-01
1.365731e-01
1.366047e-01
1.366369e-01
1.366685e-01
1.367007e-01
1.367323e-01
1.367645e-01
1.367961e-01
1.368283e-01
1.368599e-01
1.368921e-01
1.369236e-01
1.369558e-01
1.369874e-01
1.370195e-01
1.370511e-01
1.370833e-01
1.371148e-01
1.371470e-01
1.371785e-01
1.372107e-01
1.372422e-01
1.372743e-01
1.373059e-01
1.373380e-01
1.373695e-01
1.374016e-01
1.374332e-01
1.374653e-01
1.374968e-01
1.375289e-01
1.375604e-01
1.375925e-01
1.376240e-01
1.376561e-01
1.376876e-01
1.377197e-01
1.377511e-01
1.377832e-01
1.378147e-01
1.378468e-01
1.378782e-01
1.379103e-01
1.379418e-01
1.379738e-01
1.380053e-01
1.380373e-01
1.380687e-01
1.381008e-01
1.381322e-01
1.381642e-01
1.381957e-01
1.382277e-01
1.382591e-01
1.382911e-01
1.383225e-01
1.383545e-01
1.383859e-01
1.384179e-01
1.384493e-01
1.384813e-01
1.385139e-01
1.385472e-01
1.385786e-01
1.386105e-01
1.386431e-01
1.386763e-01
1.387103e-01
1.387451e-01
1.387809e-01
1.388177e-01
1.388556e-01
1.388946e-01
1.389348e-01
1.389760e-01
1.390174e-01
1.390600e-01
1.391005e-01
1.391422e-01
1.391740e-01
1.392065e-01
1.392398e-01
1.392712e-01
1.393033e-01
1.393347e-01
1.393668e-01
1.393982e-01
1.394303e-01
1.394617e-01
1.394938e-01
1.395252e-01
1.395574e-01
1.395888e-01
1.396201e-01
1.396515e-01
1.396837e-01
1.397151e-01
1.397473e-01
1.397787e-01
1.398109e-01
1.398424e-01
1.398746e-01
1.399061e-01
1.399383e-01
1.399698e-01
1.400021e-01
1.400338e-01
1.400658e-01
1.400975e-01
1.401298e-01
1.401614e-01
1.401937e-01
1.402254e-01
1.402575e-01
1.402893e-01
1.403216e-01
1.403533e-01
1.403857e-01
1.404174e-01
1.404498e-01
1.404815e-01
1.405139e-01
1.405457e-01
1.405781e-01
1.406098e-01
1.406422e-01
1.406740e-01
1.407064e-01
1.407382e-01
1.407707e-01
1.408025e-01
1.408349e-01
1.408667e-01
1.408992e-01
1.409310e-01
1.409635e-01
1.409953e-01
1.410278e-01
1.410596e-01
1.410921e-01
1.411240e-01
1.411565e-01
1.411884e-01
1.412209e-01
1.412528e-01
1.412853e-01
1.413172e-01
1.413497e-01
1.413816e-01
1.414142e-01
1.414461e-01
1.414786e-01
1.415105e-01
1.415431e-01
1.415750e-01
1.416076e-01
1.416395e-01
1.416721e-01
1.417054e-01
1.417369e-01
1.417691e-01
1.418020e-01
1.418338e-01
1.418663e-01
1.418996e-01
1.419310e-01
1.419632e-01
1.419960e-01
1.420279e-01
1.420604e-01
1.420937e-01
1.421252e-01
1.421573e-01
1.421901e-01
1.422219e-01
1.422544e-01
1.422876e-01
1.423190e-01
1.423510e-01
1.423836e-01
1.424170e-01
1.424511e-01
1.424861e-01
1.425178e-01
1.425509e-01
1.425852e-01
1.426181e-01
1.426522e-01
1.426874e-01
1.427196e-01
1.427531e-01
1.427878e-01
1.428209e-01
1.428552e-01
1.428908e-01
1.429231e-01
1.429567e-01
1.429915e-01
1.430247e-01
1.430592e-01
1.430948e-01
1.431272e-01
1.431609e-01
1.431958e-01
1.432291e-01
1.432637e-01
1.432996e-01
1.433320e-01
1.433659e-01
1.434010e-01
1.434345e-01
1.434694e-01
1.435057e-01
1.435382e-01
1.435724e-01
1.436081e-01
1.436419e-01
1.436774e-01
1.437145e-01
1.437474e-01
1.437822e-01
1.438187e-01
1.438533e-01
1.438898e-01
1.439281e-01
1.439616e-01
1.439968e-01
1.440342e-01
1.440692e-01
1.441059e-01
1.441447e-01
1.441854e-01
1.442276e-01
1.442698e-01
1.443116e-01
1.443534e-01
1.443948e-01
1.444363e-01
1.444774e-01
1.445186e-01
1.445596e-01
1.446006e-01
1.446413e-01
1.446822e-01
1.447229e-01
1.447637e-01
1.448043e-01
1.448451e-01
1.448857e-01
1.449266e-01
1.449673e-01
1.450083e-01
1.450492e-01
1.450904e-01
1.451316e-01
1.451730e-01
1.452145e-01
1.452562e-01
1.452980e-01
1.453402e-01
1.453825e-01
1.454251e-01
1.454678e-01
1.455107e-01
1.455535e-01
1.455963e-01
1.456392e-01
1.456820e-01
1.457249e-01
1.457678e-01
1.458106e-01
1.458535e-01
1.458964e-01
1.459393e-01
1.459823e-01
1.460252e-01
1.460681e-01
1.461111e-01
1.461541e-01
1.461971e-01
1.462271e-01
1.462579e-01
1.462892e-01
1.463197e-01
1.463508e-01
1.463812e-01
1.464123e-01
1.464428e-01
1.464739e-01
1.465043e-01
1.465355e-01
1.465659e-01
1.465971e-01
1.466276e-01
1.466587e-01
1.466892e-01
1.467204e-01
1.467509e-01
1.467821e-01
1.468127e-01
1.468439e-01
1.468744e-01
1.469057e-01
1.469363e-01
1.469676e-01
1.469982e-01
1.470296e-01
1.470603e-01
1.470917e-01
1.471224e-01
1.471539e-01
1.471846e-01
1.472162e-01
1.472470e-01
1.472787e-01
1.473096e-01
1.473413e-01
1.473723e-01
1.474042e-01
1.474353e-01
1.474673e-01
1.474986e-01
1.475308e-01
1.475621e-01
1.475946e-01
1.476261e-01
1.476588e-01
1.476926e-01
1.477278e-01
1.477645e-01
1.478025e-01
1.478418e-01
1.478824e-01
1.479193e-01
1.479557e-01
1.479927e-01
1.480294e-01
1.480666e-01
1.481035e-01
1.481410e-01
1.481780e-01
1.482158e-01
1.482532e-01
1.482913e-01
1.483289e-01
1.483674e-01
1.484054e-01
1.484443e-01
1.484826e-01
1.485221e-01
1.485609e-01
1.486010e-01
1.486403e-01
1.486812e-01
1.487211e-01
1.487621e-01
1.488027e-01
1.488444e-01
1.488736e-01
1.489049e-01
1.489341e-01
1.489636e-01
1.489928e-01
1.490222e-01
1.490514e-01
1.490808e-01
1.491100e-01
1.491408e-01
1.491700e-01
1.492006e-01
1.492298e-01
1.492602e-01
1.492927e-01
1.493269e-01
1.493635e-01
1.494017e-01
1.494417e-01
1.494808e-01
1.495211e-01
1.495598e-01
1.495999e-01
1.496385e-01
1.496677e-01
1.496998e-01
1.497351e-01
1.497730e-01
1.498127e-01
1.498512e-01
1.498907e-01
1.499290e-01
1.499685e-01
1.500067e-01
1.500461e-01
1.500843e-01
1.501236e-01
1.501617e-01
1.502009e-01
1.502390e-01
1.502781e-01
1.503162e-01
1.503553e-01
1.503933e-01
1.504324e-01
1.504703e-01
1.505094e-01
1.505473e-01
1.505864e-01
1.506244e-01
1.506634e-01
1.507014e-01
1.507405e-01
1.507785e-01
1.508176e-01
1.508557e-01
1.508948e-01
1.509329e-01
1.509721e-01
1.510101e-01
1.510492e-01
1.510872e-01
1.511263e-01
1.511642e-01
1.512031e-01
1.512410e-01
1.512798e-01
1.513175e-01
1.513561e-01
1.513937e-01
1.514321e-01
1.514696e-01
1.515078e-01
1.515450e-01
1.515830e-01
1.516200e-01
1.516578e-01
1.516947e-01
1.517323e-01
1.517691e-01
1.518066e-01
1.518432e-01
1.518805e-01
1.519170e-01
1.519543e-01
1.519908e-01
1.520279e-01
1.520644e-01
1.521015e-01
1.521378e-01
1.521754e-01
1.522116e-01
1.522408e-01
1.522705e-01
1.523008e-01
1.523303e-01
1.523595e-01
1.523892e-01
1.524184e-01
1.524482e-01
1.524774e-01
1.525071e-01
1.525363e-01
1.525661e-01
1.525953e-01
1.526250e-01
1.526543e-01
1.526840e-01
1.527132e-01
1.527430e-01
1.527722e-01
1.528019e-01
1.528312e-01
1.528609e-01
1.528902e-01
1.529199e-01
1.529491e-01
1.529789e-01
1.530081e-01
1.530379e-01
1.530683e-01
1.530993e-01
1.531285e-01
1.531583e-01
1.531886e-01
1.532196e-01
1.532514e-01
1.532840e-01
1.533176e-01
1.533521e-01
1.533878e-01
1.534246e-01
1.534626e-01
1.534999e-01
1.535379e-01
1.535751e-01
1.536131e-01
1.536503e-01
1.536883e-01
1.537255e-01
1.537634e-01
1.538006e-01
1.538386e-01
1.538759e-01
1.539140e-01
1.539514e-01
1.539895e-01
1.540270e-01
1.540651e-01
1.541026e-01
1.541409e-01
1.541784e-01
1.542167e-01
1.542544e-01
1.542927e-01
1.543304e-01
1.543689e-01
1.544067e-01
1.544453e-01
1.544831e-01
1.545218e-01
1.545598e-01
1.545986e-01
1.546366e-01
1.546755e-01
1.547137e-01
1.547430e-01
1.547728e-01
1.548020e-01
1.548318e-01
1.548611e-01
1.548907e-01
1.549199e-01
1.549495e-01
1.549788e-01
1.550083e-01
1.550376e-01
1.550671e-01
1.550964e-01
1.551260e-01
1.551553e-01
1.551848e-01
1.552141e-01
1.552437e-01
1.552730e-01
1.553025e-01
1.553319e-01
1.553614e-01
1.553907e-01
1.554230e-01
1.554584e-01
1.554975e-01
1.555378e-01
1.555771e-01
1.556174e-01
1.556565e-01
1.556966e-01
1.557356e-01
1.557755e-01
1.558144e-01
1.558541e-01
1.558928e-01
1.559323e-01
1.559708e-01
1.560101e-01
1.560485e-01
1.560877e-01
1.561261e-01
1.561652e-01
1.562034e-01
1.562424e-01
1.562806e-01
1.563194e-01
1.563575e-01
1.563964e-01
1.564345e-01
1.564733e-01
1.565114e-01
1.565501e-01
1.565881e-01
1.566268e-01
1.566647e-01
1.567033e-01
1.567412e-01
1.567803e-01
1.568179e-01
1.568569e-01
1.568945e-01
1.569335e-01
1.569710e-01
1.570099e-01
1.570474e-01
1.570862e-01
1.571237e-01
1.571624e-01
1.571998e-01
1.572383e-01
1.572756e-01
1.573140e-01
1.573512e-01
1.573894e-01
1.574264e-01
1.574645e-01
1.575013e-01
1.575392e-01
1.575759e-01
1.576134e-01
1.576499e-01
1.576873e-01
1.577236e-01
1.577530e-01
1.577830e-01
1.578124e-01
1.578424e-01
1.578718e-01
1.579015e-01
1.579310e-01
1.579607e-01
1.579902e-01
1.580199e-01
1.580494e-01
1.580792e-01
1.581087e-01
1.581384e-01
1.581679e-01
1.581980e-01
1.582275e-01
1.582575e-01
1.582870e-01
1.583171e-01
1.583466e-01
1.583766e-01
1.584062e-01
1.584362e-01
1.584657e-01
1.584958e-01
1.585254e-01
1.585554e-01
1.585850e-01
1.586151e-01
1.586446e-01
1.586747e-01
1.587043e-01
1.587344e-01
1.587639e-01
1.587940e-01
1.588236e-01
1.588537e-01
1.588833e-01
1.589134e-01
1.589441e-01
1.589740e-01
1.590044e-01
1.590354e-01
1.590650e-01
1.590952e-01
1.591259e-01
1.591557e-01
1.591862e-01
1.592173e-01
1.592490e-01
1.592816e-01
1.593151e-01
1.593496e-01
1.593851e-01
1.594218e-01
1.594596e-01
1.594985e-01
1.595383e-01
1.595777e-01
1.596180e-01
1.596573e-01
1.596869e-01
1.597171e-01
1.597480e-01
1.597779e-01
1.598085e-01
1.598385e-01
1.598691e-01
1.598990e-01
1.599296e-01
1.599597e-01
1.599903e-01
1.600203e-01
1.600509e-01
1.600810e-01
1.601117e-01
1.601417e-01
1.601724e-01
1.602025e-01
1.602332e-01
1.602634e-01
1.602941e-01
1.603242e-01
1.603550e-01
1.603865e-01
1.604163e-01
1.604468e-01
1.604779e-01
1.605081e-01
1.605389e-01
1.605705e-01
1.606004e-01
1.606309e-01
1.606621e-01
1.606923e-01
1.607232e-01
1.607549e-01
1.607848e-01
1.608154e-01
1.608466e-01
1.608769e-01
1.609079e-01
1.609396e-01
1.609696e-01
1.610002e-01
1.610316e-01
1.610619e-01
1.610930e-01
1.611248e-01
1.611548e-01
1.611855e-01
1.612169e-01
1.612473e-01
1.612785e-01
1.613104e-01
1.613405e-01
1.613713e-01
1.614028e-01
1.614333e-01
1.614646e-01
1.614966e-01
1.615267e-01
1.615576e-01
1.615893e-01
1.616199e-01
1.616512e-01
1.616834e-01
1.617137e-01
1.617447e-01
1.617765e-01
1.618072e-01
1.618387e-01
1.618711e-01
1.619014e-01
1.619325e-01
1.619645e-01
1.619954e-01
1.620271e-01
1.620597e-01
1.620901e-01
1.621214e-01
1.621536e-01
1.621847e-01
1.622166e-01
1.622495e-01
1.622801e-01
1.623116e-01
1.623441e-01
1.623754e-01
1.624076e-01
1.624409e-01
1.624716e-01
1.625034e-01
1.625363e-01
1.625679e-01
1.626005e-01
1.626343e-01
1.626652e-01
1.626975e-01
1.627309e-01
1.627628e-01
1.627960e-01
1.628304e-01
1.628617e-01
1.628945e-01
1.629286e-01
1.629610e-01
1.629950e-01
1.630304e-01
1.630621e-01
1.630956e-01
1.631307e-01
1.631640e-01
1.631991e-01
1.632359e-01
1.632681e-01
1.633021e-01
1.633379e-01
1.633756e-01
1.634148e-01
1.634553e-01
1.634969e-01
1.635387e-01
1.635814e-01
1.636230e-01
1.636657e-01
1.637073e-01
1.637499e-01
1.637914e-01
1.638340e-01
1.638754e-01
1.639179e-01
1.639593e-01
1.640018e-01
1.640432e-01
1.640857e-01
1.641272e-01
1.641697e-01
1.642112e-01
1.642537e-01
1.642952e-01
1.643377e-01
1.643791e-01
1.644216e-01
1.644630e-01
1.645056e-01
1.645472e-01
1.645898e-01
1.646314e-01
1.646740e-01
1.647156e-01
1.647583e-01
1.647999e-01
1.648425e-01
1.648841e-01
1.649268e-01
1.649684e-01
1.650111e-01
1.650527e-01
1.650954e-01
1.651371e-01
1.651798e-01
1.652215e-01
1.652642e-01
1.653059e-01
1.653487e-01
1.653905e-01
1.654333e-01
1.654751e-01
1.655180e-01
1.655598e-01
1.656027e-01
1.656446e-01
1.656876e-01
1.657295e-01
1.657725e-01
1.658145e-01
1.658576e-01
1.658996e-01
1.659428e-01
1.659849e-01
1.660282e-01
1.660703e-01
1.661136e-01
1.661559e-01
1.661993e-01
1.662416e-01
1.662851e-01
1.663275e-01
1.663711e-01
1.664136e-01
1.664573e-01
1.664999e-01
1.665438e-01
1.665863e-01
1.666302e-01
1.666741e-01
1.667181e-01
1.667620e-01
1.668060e-01
1.668499e-01
1.668939e-01
1.669378e-01
1.669818e-01
1.670258e-01
1.670698e-01
1.671137e-01
1.671577e-01
1.672017e-01
1.672457e-01
1.672897e-01
1.673337e-01
1.673777e-01
1.674217e-01
1.674657e-01
1.675097e-01
1.675486e-01
1.675907e-01
1.676334e-01
1.676774e-01
1.677208e-01
1.677649e-01
1.678085e-01
1.678525e-01
1.678964e-01
1.679404e-01
1.679843e-01
1.680284e-01
1.680724e-01
1.681164e-01
1.681605e-01
1.682046e-01
1.682486e-01
1.682927e-01
1.683368e-01
1.683808e-01
1.684249e-01
1.684690e-01
1.685131e-01
1.685572e-01
1.686013e-01
1.686454e-01
1.686895e-01
1.687336e-01
1.687777e-01
1.688218e-01
1.688658e-01
1.689099e-01
1.689537e-01
1.689978e-01
1.690415e-01
1.690857e-01
1.691292e-01
1.691733e-01
1.692166e-01
1.692607e-01
1.693038e-01
1.693479e-01
1.693907e-01
1.694347e-01
1.694772e-01
1.695209e-01
1.695631e-01
1.696064e-01
1.696483e-01
1.696912e-01
1.697328e-01
1.697753e-01
1.698166e-01
1.698587e-01
1.698996e-01
1.699414e-01
1.699820e-01
1.700236e-01
1.700640e-01
1.701053e-01
1.701456e-01
1.701868e-01
1.702269e-01
1.702679e-01
1.703079e-01
1.703486e-01
1.703885e-01
1.704290e-01
1.704687e-01
1.705091e-01
1.705486e-01
1.705888e-01
1.706281e-01
1.706681e-01
1.707072e-01
1.707470e-01
1.707861e-01
1.708259e-01
1.708649e-01
1.709047e-01
1.709437e-01
1.709835e-01
1.710225e-01
1.710622e-01
1.711012e-01
1.711409e-01
1.711799e-01
1.712196e-01
1.712585e-01
1.712982e-01
1.713371e-01
1.713768e-01
1.714156e-01
1.714552e-01
1.714941e-01
1.715336e-01
1.715724e-01
1.716120e-01
1.716507e-01
1.716902e-01
1.717290e-01
1.717685e-01
1.718073e-01
1.718468e-01
1.718857e-01
1.719254e-01
1.719644e-01
1.720043e-01
1.720436e-01
1.720838e-01
1.721233e-01
1.721637e-01
1.722034e-01
1.722441e-01
1.722842e-01
1.723252e-01
1.723655e-01
1.724069e-01
1.724475e-01
1.724894e-01
1.725332e-01
1.725778e-01
1.726223e-01
1.726669e-01
1.727115e-01
1.727561e-01
1.728007e-01
1.728453e-01
1.728899e-01
1.729345e-01
1.729791e-01
1.730237e-01
1.730684e-01
1.731130e-01
1.731576e-01
1.732023e-01
1.732469e-01
1.732916e-01
1.733363e-01
1.733810e-01
1.734256e-01
1.734703e-01
1.735150e-01
1.735597e-01
1.736045e-01
1.736492e-01
1.736939e-01
1.737386e-01
1.737834e-01
1.738281e-01
1.738729e-01
1.739177e-01
1.739624e-01
1.739927e-01
1.740236e-01
1.740551e-01
1.740857e-01
1.741169e-01
1.741488e-01
1.741792e-01
1.742101e-01
1.742417e-01
1.742723e-01
1.743036e-01
1.743356e-01
1.743660e-01
1.743969e-01
1.744286e-01
1.744593e-01
1.744907e-01
1.745227e-01
1.745532e-01
1.745842e-01
1.746159e-01
1.746467e-01
1.746782e-01
1.747090e-01
1.747405e-01
1.747713e-01
1.748028e-01
1.748337e-01
1.748653e-01
1.748962e-01
1.749279e-01
1.749588e-01
1.749906e-01
1.750216e-01
1.750534e-01
1.750845e-01
1.751163e-01
1.751475e-01
1.751780e-01
1.752092e-01
1.752397e-01
1.752710e-01
1.753031e-01
1.753346e-01
1.753669e-01
1.753984e-01
1.754308e-01
1.754624e-01
1.754951e-01
1.755268e-01
1.755597e-01
1.755914e-01
1.756246e-01
1.756563e-01
1.756898e-01
1.757211e-01
1.757516e-01
1.757824e-01
1.758129e-01
1.758437e-01
1.758741e-01
1.759049e-01
1.759354e-01
1.759674e-01
1.759978e-01
1.760313e-01
1.760618e-01
1.760953e-01
1.761258e-01
1.761593e-01
1.761897e-01
1.762230e-01
1.762534e-01
1.762870e-01
1.763238e-01
1.763644e-01
1.763950e-01
1.764287e-01
1.764657e-01
1.765064e-01
1.765512e-01
1.765962e-01
1.766411e-01
1.766861e-01
1.767168e-01
1.767506e-01
1.767826e-01
1.768176e-01
1.768562e-01
1.768986e-01
1.769307e-01
1.769643e-01
1.769998e-01
1.770381e-01
1.770704e-01
1.771042e-01
1.771394e-01
1.771765e-01
1.772090e-01
1.772428e-01
1.772779e-01
1.773144e-01
1.773472e-01
1.773813e-01
1.774167e-01
1.774536e-01
1.774866e-01
1.775212e-01
1.775572e-01
1.775916e-01
1.776276e-01
1.776651e-01
1.776989e-01
1.777348e-01
1.777725e-01
1.778078e-01
1.778441e-01
1.778825e-01
1.779134e-01
1.779474e-01
1.779783e-01
1.780110e-01
1.780420e-01
1.780743e-01
1.781052e-01
1.781372e-01
1.781709e-01
1.782061e-01
1.782423e-01
1.782791e-01
1.783111e-01
1.783462e-01
1.783816e-01
1.784190e-01
1.784542e-01
1.784915e-01
1.785235e-01
1.785587e-01
1.785907e-01
1.786230e-01
1.786550e-01
1.786873e-01
1.787193e-01
1.787517e-01
1.787837e-01
1.788166e-01
1.788487e-01
1.788815e-01
1.789153e-01
1.789494e-01
1.789830e-01
1.790168e-01
1.790501e-01
1.790836e-01
1.791167e-01
1.791501e-01
1.791831e-01
1.792194e-01
1.792522e-01
1.792883e-01
1.793211e-01
1.793571e-01
1.793967e-01
1.794403e-01
1.794868e-01
1.795332e-01
1.795797e-01
1.796260e-01
1.796724e-01
1.797185e-01
1.797509e-01
1.797852e-01
1.798226e-01
1.798634e-01
1.798945e-01
1.799262e-01
1.799586e-01
1.799917e-01
1.800229e-01
1.800546e-01
1.800871e-01
1.801186e-01
1.801508e-01
1.801837e-01
1.802149e-01
1.802468e-01
1.802793e-01
1.803109e-01
1.803432e-01
1.803763e-01
1.804076e-01
1.804396e-01
1.804724e-01
1.805041e-01
1.805366e-01
1.805699e-01
1.806009e-01
1.806326e-01
1.806651e-01
1.806966e-01
1.807288e-01
1.807603e-01
1.807917e-01
1.808233e-01
1.808557e-01
1.808874e-01
1.809183e-01
1.809500e-01
1.809815e-01
1.810130e-01
1.810453e-01
1.810770e-01
1.811094e-01
1.811422e-01
1.811756e-01
1.812092e-01
1.812461e-01
1.812853e-01
1.813234e-01
1.813631e-01
1.814012e-01
1.814409e-01
1.814787e-01
1.815116e-01
1.815450e-01
1.815792e-01
1.816113e-01
1.816435e-01
1.816756e-01
1.817080e-01
1.817403e-01
1.817729e-01
1.818056e-01
1.818384e-01
1.818708e-01
1.819038e-01
1.819363e-01
1.819690e-01
1.820015e-01
1.820343e-01
1.820668e-01
1.820995e-01
1.821344e-01
1.821713e-01
1.822052e-01
1.822384e-01
1.822722e-01
1.823068e-01
1.823406e-01
1.823750e-01
1.824086e-01
1.824429e-01
1.824764e-01
1.825105e-01
1.825439e-01
1.825776e-01
1.826109e-01
1.826475e-01
1.826846e-01
1.827178e-01
1.827520e-01
1.827871e-01
1.828198e-01
1.828526e-01
1.828851e-01
1.829185e-01
1.829510e-01
1.829842e-01
1.830166e-01
1.830497e-01
1.830822e-01
1.831152e-01
1.831477e-01
1.831809e-01
1.832136e-01
1.832474e-01
1.832802e-01
1.833141e-01
1.833471e-01
1.833812e-01
1.834165e-01
1.834503e-01
1.834854e-01
1.835217e-01
1.835549e-01
1.835894e-01
1.836250e-01
1.836592e-01
1.836946e-01
1.837314e-01
1.837650e-01
1.838001e-01
1.838351e-01
1.838714e-01
1.839062e-01
1.839421e-01
1.839768e-01
1.840126e-01
1.840496e-01
1.840878e-01
1.841222e-01
1.841578e-01
1.841922e-01
1.842273e-01
1.842613e-01
1.842962e-01
1.843303e-01
1.843650e-01
1.843988e-01
1.844329e-01
1.844675e-01
1.845017e-01
1.845367e-01
1.845725e-01
1.846067e-01
1.846416e-01
1.846760e-01
1.847115e-01
1.847464e-01
1.847826e-01
1.848148e-01
1.848478e-01
1.848815e-01
1.849142e-01
1.849465e-01
1.849795e-01
1.850119e-01
1.850445e-01
1.850769e-01
1.851096e-01
1.851419e-01
1.851749e-01
1.852072e-01
1.852402e-01
1.852725e-01
1.853054e-01
1.853390e-01
1.853734e-01
1.854086e-01
1.854448e-01
1.854821e-01
1.855205e-01
1.855602e-01
1.855997e-01
1.856401e-01
1.856816e-01
1.857233e-01
1.857661e-01
1.858072e-01
1.858495e-01
1.858900e-01
1.859317e-01
1.859718e-01
1.860130e-01
1.860527e-01
1.860936e-01
1.861353e-01
1.861777e-01
1.862215e-01
1.862663e-01
1.863112e-01
1.863560e-01
1.864008e-01
1.864457e-01
1.864905e-01
1.865354e-01
1.865803e-01
1.866252e-01
1.866701e-01
1.867150e-01
1.867599e-01
1.868048e-01
1.868361e-01
1.868684e-01
1.869018e-01
1.869362e-01
1.869679e-01
1.870006e-01
1.870344e-01
1.870670e-01
1.871007e-01
1.871356e-01
1.871678e-01
1.872013e-01
1.872362e-01
1.872696e-01
1.873045e-01
1.873409e-01
1.873722e-01
1.874045e-01
1.874379e-01
1.874706e-01
1.875017e-01
1.875341e-01
1.875674e-01
1.875996e-01
1.876331e-01
1.876654e-01
1.876979e-01
1.877309e-01
1.877621e-01
1.877934e-01
1.878245e-01
1.878577e-01
1.878897e-01
1.879225e-01
1.879561e-01
1.879879e-01
1.880202e-01
1.880533e-01
1.880842e-01
1.881163e-01
1.881494e-01
1.881821e-01
1.882145e-01
1.882472e-01
1.882797e-01
1.883125e-01
1.883451e-01
1.883780e-01
1.884107e-01
1.884437e-01
1.884765e-01
1.885096e-01
1.885425e-01
1.885757e-01
1.886077e-01
1.886405e-01
1.886742e-01
1.887090e-01
1.887437e-01
1.887758e-01
1.888089e-01
1.888427e-01
1.888748e-01
1.889075e-01
1.889411e-01
1.889740e-01
1.890058e-01
1.890377e-01
1.890695e-01
1.891014e-01
1.891320e-01
1.891628e-01
1.891942e-01
1.892262e-01
1.892574e-01
1.892887e-01
1.893201e-01
1.893519e-01
1.893836e-01
1.894150e-01
1.894470e-01
1.894793e-01
1.895116e-01
1.895443e-01
1.895769e-01
1.896123e-01
1.896453e-01
1.896813e-01
1.897152e-01
1.897509e-01
1.897859e-01
1.898218e-01
1.898574e-01
1.898931e-01
1.899292e-01
1.899665e-01
1.900004e-01
1.900372e-01
1.900726e-01
1.901093e-01
1.901461e-01
1.901839e-01
1.902209e-01
1.902583e-01
1.902953e-01
1.903325e-01
1.903693e-01
1.904065e-01
1.904432e-01
1.904802e-01
1.905168e-01
1.905538e-01
1.905902e-01
1.906235e-01
1.906556e-01
1.906888e-01
1.907218e-01
1.907547e-01
1.907872e-01
1.908206e-01
1.908532e-01
1.908867e-01
1.909192e-01
1.909527e-01
1.909853e-01
1.910187e-01
1.910513e-01
1.910847e-01
1.911173e-01
1.911507e-01
1.911832e-01
1.912166e-01
1.912491e-01
1.912825e-01
1.913150e-01
1.913483e-01
1.913808e-01
1.914141e-01
1.914466e-01
1.914799e-01
1.915123e-01
1.915455e-01
1.915779e-01
1.916111e-01
1.916435e-01
1.916766e-01
1.917089e-01
1.917421e-01
1.917744e-01
1.918075e-01
1.918398e-01
1.918728e-01
1.919051e-01
1.919381e-01
1.919703e-01
1.920033e-01
1.920355e-01
1.920684e-01
1.921005e-01
1.921334e-01
1.921655e-01
1.921983e-01
1.922304e-01
1.922632e-01
1.922952e-01
1.923279e-01
1.923600e-01
1.923926e-01
1.924246e-01
1.924573e-01
1.924892e-01
1.925218e-01
1.925538e-01
1.925864e-01
1.926183e-01
1.926508e-01
1.926841e-01
1.927181e-01
1.927500e-01
1.927825e-01
1.928145e-01
1.928474e-01
1.928813e-01
1.929140e-01
1.929475e-01
1.929802e-01
1.930125e-01
1.930457e-01
1.930780e-01
1.931111e-01
1.931434e-01
1.931765e-01
1.932088e-01
1.932418e-01
1.932741e-01
1.933071e-01
1.933394e-01
1.933724e-01
1.934047e-01
1.934377e-01
1.934699e-01
1.935030e-01
1.935353e-01
1.935683e-01
1.936023e-01
1.936350e-01
1.936686e-01
1.937032e-01
1.937355e-01
1.937688e-01
1.938030e-01
1.938359e-01
1.938699e-01
1.939050e-01
1.939375e-01
1.939711e-01
1.940059e-01
1.940392e-01
1.940739e-01
1.941097e-01
1.941426e-01
1.941769e-01
1.942125e-01
1.942497e-01
1.942815e-01
1.943139e-01
1.943471e-01
1.943810e-01
1.944129e-01
1.944453e-01
1.944772e-01
1.945096e-01
1.945414e-01
1.945739e-01
1.946057e-01
1.946381e-01
1.946699e-01
1.947023e-01
1.947342e-01
1.947665e-01
1.947984e-01
1.948307e-01
1.948637e-01
1.948975e-01
1.949320e-01
1.949674e-01
1.950038e-01
1.950413e-01
1.950800e-01
1.951199e-01
1.951520e-01
1.951854e-01
1.952199e-01
1.952531e-01
1.952874e-01
1.953208e-01
1.953552e-01
1.953888e-01
1.954235e-01
1.954572e-01
1.954920e-01
1.955258e-01
1.955609e-01
1.955949e-01
1.956301e-01
1.956643e-01
1.956978e-01
1.957327e-01
1.957663e-01
1.958013e-01
1.958349e-01
1.958700e-01
1.959037e-01
1.959389e-01
1.959727e-01
1.960079e-01
1.960417e-01
1.960770e-01
1.961109e-01
1.961463e-01
1.961802e-01
1.962156e-01
1.962495e-01
1.962850e-01
1.963190e-01
1.963544e-01
1.963884e-01
1.964239e-01
1.964579e-01
1.964933e-01
1.965273e-01
1.965628e-01
1.965967e-01
1.966322e-01
1.966661e-01
1.967015e-01
1.967354e-01
1.967708e-01
1.968047e-01
1.968400e-01
1.968738e-01
1.969090e-01
1.969428e-01
1.969780e-01
1.970118e-01
1.970470e-01
1.970837e-01
1.971219e-01
1.971556e-01
1.971909e-01
1.972238e-01
1.972575e-01
1.972915e-01
1.973270e-01
1.973610e-01
1.973941e-01
1.974277e-01
1.974623e-01
1.974962e-01
1.975315e-01
1.975653e-01
1.976005e-01
1.976343e-01
1.976695e-01
1.977033e-01
1.977384e-01
1.977721e-01
1.978072e-01
1.978410e-01
1.978759e-01
1.979089e-01
1.979420e-01
1.979751e-01
1.980084e-01
1.980419e-01
1.980755e-01
1.981092e-01
1.981433e-01
1.981772e-01
1.982116e-01
1.982456e-01
1.982803e-01
1.983142e-01
1.983491e-01
1.983831e-01
1.984179e-01
1.984518e-01
1.984865e-01
1.985220e-01
1.985580e-01
1.985942e-01
1.986315e-01
1.986681e-01
1.987056e-01
1.987392e-01
1.987738e-01
1.988095e-01
1.988442e-01
1.988798e-01
1.989165e-01
1.989516e-01
1.989880e-01
1.990237e-01
1.990608e-01
1.990972e-01
1.991342e-01
1.991708e-01
1.992087e-01
1.992455e-01
1.992828e-01
1.993178e-01
1.993556e-01
1.993952e-01
1.994348e-01
1.994714e-01
1.995093e-01
1.995477e-01
1.995871e-01
1.996259e-01
1.996655e-01
1.997045e-01
1.997443e-01
1.997836e-01
1.998235e-01
1.998591e-01
1.998972e-01
1.999369e-01
1.999762e-01
2.000154e-01
2.000550e-01
2.000940e-01
2.001332e-01
