# 1  : Date
# 2  : Temps elapsed min (mus)
# 3  : Rang temps elapsed min
# 4  : Noeud temps elapsed min
# 5  : Temps elapsed max (mus)
# 6  : Rang temps elapsed max
# 7  : Noeud temps elapsed max
# 8  : Grind time (mus/maille/cycle)
# 9  : Grind time équivalent séquentiel (#8 X nb_de_coeurs)
#     1     2     3     4      5      6      7       8      9
#   ATTENTION  les temps cpu schémas sont données dans l'ordre alphabétique des schémas WARNING
#  10: TELAPS Hydro (mus)
8.720560e-04   4.356e+04 0 inti1218   4.371e+04 3 inti1218   3.086e-01 4.937e+00  3.454e+04
2.665159e-03   5.380e+04 0 inti1218   5.394e+04 1 inti1218   3.596e-01 5.754e+00  4.403e+04
4.638142e-03   4.946e+04 0 inti1218   4.952e+04 3 inti1218   3.136e-01 5.018e+00  3.939e+04
6.064089e-03   4.939e+04 0 inti1218   4.944e+04 3 inti1218   2.984e-01 4.775e+00  3.918e+04
7.346697e-03   5.542e+04 0 inti1218   5.547e+04 3 inti1218   3.230e-01 5.169e+00  4.516e+04
8.567357e-03   5.216e+04 0 inti1218   5.222e+04 3 inti1218   2.952e-01 4.723e+00  4.179e+04
1.013796e-02   5.344e+04 0 inti1218   5.356e+04 1 inti1218   2.922e-01 4.675e+00  4.289e+04
1.210786e-02   5.500e+04 0 inti1218   5.505e+04 3 inti1218   2.876e-01 4.601e+00  4.400e+04
1.420986e-02   5.659e+04 0 inti1218   5.665e+04 1 inti1218   2.829e-01 4.526e+00  4.562e+04
1.649042e-02   5.962e+04 0 inti1218   5.967e+04 1 inti1218   2.845e-01 4.553e+00  4.770e+04
1.888369e-02   6.108e+04 0 inti1218   6.114e+04 3 inti1218   2.779e-01 4.446e+00  4.955e+04
2.132339e-02   6.310e+04 0 inti1218   6.318e+04 3 inti1218   2.736e-01 4.378e+00  5.130e+04
2.365016e-02   6.196e+04 0 inti1218   6.202e+04 3 inti1218   2.569e-01 4.111e+00  5.010e+04
2.607985e-02   6.422e+04 0 inti1218   6.427e+04 3 inti1218   2.549e-01 4.078e+00  5.216e+04
2.877408e-02   6.690e+04 0 inti1218   6.709e+04 3 inti1218   2.536e-01 4.058e+00  5.465e+04
3.159520e-02   7.045e+04 0 inti1218   7.051e+04 3 inti1218   2.535e-01 4.055e+00  5.780e+04
3.427222e-02   7.063e+04 2 inti1218   7.074e+04 1 inti1218   2.424e-01 3.878e+00  5.766e+04
3.709486e-02   7.313e+04 2 inti1218   7.323e+04 1 inti1218   2.392e-01 3.827e+00  5.992e+04
3.989372e-02   7.576e+04 0 inti1218   7.592e+04 1 inti1218   2.362e-01 3.779e+00  6.238e+04
4.289217e-02   7.953e+04 2 inti1218   7.961e+04 1 inti1218   2.356e-01 3.770e+00  6.577e+04
4.577428e-02   8.019e+04 2 inti1218   8.031e+04 1 inti1218   2.268e-01 3.628e+00  6.628e+04
4.860589e-02   8.316e+04 2 inti1218   8.326e+04 1 inti1218   2.250e-01 3.599e+00  6.908e+04
5.154459e-02   8.649e+04 2 inti1218   8.660e+04 1 inti1218   2.237e-01 3.579e+00  7.210e+04
5.432140e-02   8.909e+04 0 inti1218   8.922e+04 1 inti1218   2.212e-01 3.540e+00  7.432e+04
5.707865e-02   9.161e+04 2 inti1218   9.172e+04 1 inti1218   2.189e-01 3.502e+00  7.619e+04
5.935782e-02   9.454e+04 2 inti1218   9.466e+04 1 inti1218   2.189e-01 3.502e+00  7.876e+04
6.133137e-02   9.558e+04 0 inti1218   9.573e+04 1 inti1218   2.154e-01 3.447e+00  7.982e+04
6.335724e-02   9.754e+04 2 inti1218   9.767e+04 1 inti1218   2.139e-01 3.423e+00  8.154e+04
6.531789e-02   9.938e+04 2 inti1218   9.948e+04 1 inti1218   2.124e-01 3.399e+00  8.320e+04
6.728712e-02   1.014e+05 2 inti1218   1.015e+05 1 inti1218   2.114e-01 3.382e+00  8.506e+04
6.933348e-02   1.057e+05 2 inti1218   1.058e+05 1 inti1218   2.146e-01 3.434e+00  8.908e+04
7.141706e-02   1.068e+05 0 inti1218   1.069e+05 1 inti1218   2.110e-01 3.375e+00  8.997e+04
7.348135e-02   1.093e+05 0 inti1218   1.095e+05 1 inti1218   2.103e-01 3.365e+00  9.223e+04
7.553325e-02   1.124e+05 2 inti1218   1.124e+05 1 inti1218   2.104e-01 3.366e+00  9.483e+04
7.758934e-02   1.146e+05 2 inti1218   1.147e+05 1 inti1218   2.089e-01 3.343e+00  9.684e+04
7.966163e-02   1.189e+05 2 inti1218   1.190e+05 1 inti1218   2.112e-01 3.380e+00  1.004e+05
8.178367e-02   1.191e+05 0 inti1218   1.193e+05 1 inti1218   2.066e-01 3.306e+00  1.007e+05
8.406012e-02   1.221e+05 2 inti1218   1.222e+05 1 inti1218   2.059e-01 3.294e+00  1.035e+05
8.629900e-02   1.255e+05 0 inti1218   1.257e+05 1 inti1218   2.063e-01 3.301e+00  1.068e+05
8.852975e-02   1.275e+05 2 inti1218   1.276e+05 1 inti1218   2.040e-01 3.265e+00  1.087e+05
9.081776e-02   1.328e+05 2 inti1218   1.329e+05 1 inti1218   2.071e-01 3.314e+00  1.133e+05
9.311017e-02   1.365e+05 0 inti1218   1.367e+05 1 inti1218   2.075e-01 3.320e+00  1.168e+05
9.545044e-02   1.400e+05 2 inti1218   1.401e+05 1 inti1218   2.071e-01 3.314e+00  1.199e+05
9.782040e-02   1.435e+05 2 inti1218   1.436e+05 1 inti1218   2.069e-01 3.311e+00  1.232e+05
1.002513e-01   1.490e+05 2 inti1218   1.491e+05 1 inti1218   2.095e-01 3.353e+00  1.278e+05
1.027368e-01   1.510e+05 2 inti1218   1.511e+05 1 inti1218   2.069e-01 3.310e+00  1.297e+05
1.051309e-01   1.558e+05 2 inti1218   1.560e+05 1 inti1218   2.084e-01 3.334e+00  1.342e+05
1.073180e-01   1.585e+05 2 inti1218   1.586e+05 1 inti1218   2.073e-01 3.316e+00  1.369e+05
1.095641e-01   1.626e+05 0 inti1218   1.627e+05 1 inti1218   2.078e-01 3.325e+00  1.406e+05
1.118257e-01   1.647e+05 0 inti1218   1.649e+05 1 inti1218   2.059e-01 3.295e+00  1.424e+05
1.140415e-01   1.684e+05 0 inti1218   1.686e+05 1 inti1218   2.060e-01 3.296e+00  1.459e+05
1.162838e-01   1.716e+05 2 inti1218   1.717e+05 1 inti1218   2.052e-01 3.283e+00  1.488e+05
1.185458e-01   1.774e+05 0 inti1218   1.775e+05 1 inti1218   2.076e-01 3.321e+00  1.544e+05
1.208208e-01   1.786e+05 0 inti1218   1.787e+05 1 inti1218   2.045e-01 3.273e+00  1.551e+05
1.231513e-01   1.826e+05 2 inti1218   1.827e+05 1 inti1218   2.048e-01 3.278e+00  1.589e+05
1.254596e-01   1.902e+05 2 inti1218   1.903e+05 1 inti1218   2.093e-01 3.348e+00  1.658e+05
1.277983e-01   1.933e+05 2 inti1218   1.934e+05 1 inti1218   2.090e-01 3.343e+00  1.688e+05
1.301427e-01   1.959e+05 0 inti1218   1.960e+05 1 inti1218   2.084e-01 3.334e+00  1.711e+05
1.325737e-01   1.986e+05 0 inti1218   1.987e+05 1 inti1218   2.082e-01 3.332e+00  1.737e+05
1.349265e-01   2.030e+05 0 inti1218   2.032e+05 1 inti1218   2.102e-01 3.363e+00  1.777e+05
1.373134e-01   2.054e+05 2 inti1218   2.055e+05 1 inti1218   2.106e-01 3.369e+00  1.799e+05
1.397629e-01   2.103e+05 0 inti1218   2.104e+05 1 inti1218   2.139e-01 3.423e+00  1.841e+05
1.421138e-01   2.139e+05 2 inti1218   2.141e+05 1 inti1218   2.158e-01 3.452e+00  1.873e+05
1.443723e-01   2.160e+05 2 inti1218   2.162e+05 1 inti1218   2.161e-01 3.457e+00  1.891e+05
1.465770e-01   2.158e+05 0 inti1218   2.160e+05 1 inti1218   2.146e-01 3.433e+00  1.892e+05
1.488379e-01   2.135e+05 2 inti1218   2.136e+05 1 inti1218   2.111e-01 3.377e+00  1.867e+05
1.510429e-01   2.140e+05 2 inti1218   2.141e+05 1 inti1218   2.105e-01 3.368e+00  1.876e+05
1.532079e-01   2.150e+05 0 inti1218   2.152e+05 1 inti1218   2.106e-01 3.370e+00  1.883e+05
1.555110e-01   2.153e+05 2 inti1218   2.154e+05 1 inti1218   2.100e-01 3.359e+00  1.887e+05
1.578930e-01   2.167e+05 0 inti1218   2.169e+05 1 inti1218   2.106e-01 3.369e+00  1.899e+05
1.601939e-01   2.349e+05 0 inti1218   2.351e+05 1 inti1218   2.275e-01 3.640e+00  2.027e+05
1.625654e-01   2.174e+05 2 inti1218   2.176e+05 1 inti1218   2.101e-01 3.362e+00  1.908e+05
1.650539e-01   2.180e+05 2 inti1218   2.182e+05 1 inti1218   2.102e-01 3.363e+00  1.912e+05
1.674940e-01   2.201e+05 2 inti1218   2.202e+05 1 inti1218   2.119e-01 3.391e+00  1.917e+05
1.698753e-01   2.211e+05 2 inti1218   2.212e+05 1 inti1218   2.126e-01 3.402e+00  1.932e+05
1.722554e-01   2.193e+05 2 inti1218   2.195e+05 1 inti1218   2.104e-01 3.366e+00  1.914e+05
1.747767e-01   2.187e+05 2 inti1218   2.189e+05 1 inti1218   2.095e-01 3.352e+00  1.918e+05
1.773669e-01   2.185e+05 2 inti1218   2.187e+05 1 inti1218   2.089e-01 3.342e+00  1.915e+05
1.800339e-01   2.216e+05 2 inti1218   2.217e+05 1 inti1218   2.115e-01 3.384e+00  1.931e+05
1.826717e-01   2.219e+05 0 inti1218   2.221e+05 1 inti1218   2.117e-01 3.388e+00  1.936e+05
1.853351e-01   2.202e+05 2 inti1218   2.203e+05 1 inti1218   2.101e-01 3.362e+00  1.919e+05
1.880194e-01   2.213e+05 2 inti1218   2.215e+05 1 inti1218   2.112e-01 3.379e+00  1.929e+05
1.907308e-01   2.197e+05 2 inti1218   2.198e+05 1 inti1218   2.096e-01 3.353e+00  1.914e+05
1.934398e-01   2.216e+05 2 inti1218   2.218e+05 1 inti1218   2.114e-01 3.383e+00  1.931e+05
1.961740e-01   2.218e+05 0 inti1218   2.219e+05 1 inti1218   2.116e-01 3.386e+00  1.933e+05
1.989671e-01   2.217e+05 2 inti1218   2.219e+05 1 inti1218   2.115e-01 3.384e+00  1.933e+05
