#   1 : Date        
# Date        
0.000000e+00
1.807392e-05
2.865299e-05
3.680825e-05
4.331462e-05
4.906367e-05
5.538763e-05
6.204872e-05
6.795979e-05
7.446196e-05
8.161436e-05
8.947053e-05
9.702468e-05
1.053342e-04
1.143002e-04
1.241628e-04
1.337027e-04
1.436480e-04
1.545879e-04
1.657374e-04
1.769297e-04
1.886124e-04
2.010176e-04
2.132284e-04
2.257171e-04
2.388127e-04
2.521957e-04
2.655017e-04
2.797183e-04
2.939297e-04
3.084532e-04
3.235230e-04
3.388720e-04
3.545256e-04
3.707045e-04
3.871136e-04
4.039712e-04
4.213429e-04
4.389057e-04
4.566041e-04
4.748726e-04
4.934284e-04
5.123968e-04
5.317204e-04
5.513472e-04
5.713195e-04
5.916317e-04
6.121877e-04
6.330631e-04
6.541431e-04
6.756129e-04
6.973298e-04
7.193540e-04
7.416524e-04
7.642145e-04
7.870888e-04
8.102207e-04
8.336410e-04
8.572999e-04
8.811975e-04
9.052984e-04
9.296850e-04
9.542344e-04
9.790738e-04
1.004107e-03
1.029433e-03
1.054937e-03
1.080786e-03
1.106828e-03
1.133123e-03
1.159624e-03
1.186464e-03
1.213485e-03
1.240745e-03
1.268213e-03
1.295923e-03
1.323861e-03
1.352053e-03
1.380427e-03
1.408002e-03
1.434903e-03
1.460933e-03
1.486232e-03
1.511075e-03
1.535502e-03
1.559766e-03
1.583772e-03
1.607713e-03
1.631508e-03
1.655260e-03
1.678941e-03
1.702628e-03
1.726176e-03
1.749757e-03
1.773127e-03
1.796565e-03
1.819858e-03
1.843284e-03
1.866559e-03
1.890004e-03
1.913312e-03
1.936640e-03
1.959768e-03
1.983042e-03
2.006118e-03
2.029457e-03
2.052776e-03
2.076208e-03
2.099601e-03
2.123137e-03
2.146596e-03
2.163936e-03
2.183010e-03
2.202129e-03
2.223161e-03
2.244332e-03
2.267315e-03
2.290286e-03
2.306367e-03
2.322368e-03
2.338129e-03
2.354244e-03
2.370259e-03
2.386493e-03
2.402815e-03
2.419169e-03
2.435879e-03
2.453718e-03
2.471125e-03
2.489972e-03
2.508312e-03
2.526403e-03
2.545424e-03
2.562472e-03
2.579957e-03
2.598005e-03
2.616889e-03
2.633896e-03
2.651198e-03
2.668862e-03
2.687118e-03
2.706330e-03
2.726522e-03
2.743900e-03
2.761598e-03
2.779696e-03
2.798367e-03
2.817925e-03
2.838632e-03
2.856365e-03
2.874447e-03
2.892832e-03
2.911684e-03
2.931060e-03
2.951031e-03
2.971546e-03
2.992313e-03
3.010908e-03
3.029793e-03
3.048876e-03
3.068301e-03
3.088002e-03
3.108079e-03
3.128562e-03
3.149474e-03
3.170978e-03
3.192881e-03
3.214746e-03
3.236939e-03
3.256616e-03
3.276520e-03
3.296584e-03
3.316928e-03
3.337497e-03
3.358370e-03
3.379546e-03
3.401056e-03
3.422970e-03
3.445244e-03
3.468024e-03
3.491077e-03
3.514071e-03
3.537325e-03
3.560545e-03
3.584014e-03
3.607476e-03
3.631176e-03
3.652856e-03
3.674743e-03
3.696752e-03
3.718957e-03
3.741295e-03
3.763832e-03
3.786526e-03
3.809425e-03
3.832502e-03
3.855787e-03
3.879255e-03
3.902931e-03
3.926789e-03
3.950852e-03
3.975089e-03
3.999524e-03
4.024121e-03
4.048900e-03
4.073819e-03
4.098857e-03
4.123943e-03
4.149098e-03
4.174263e-03
4.199428e-03
4.224507e-03
4.249562e-03
4.274498e-03
4.299407e-03
4.324166e-03
4.348895e-03
4.373457e-03
4.397986e-03
4.422349e-03
4.446682e-03
4.470860e-03
4.495014e-03
4.519035e-03
4.545458e-03
4.569349e-03
4.595630e-03
4.619438e-03
4.645626e-03
4.674433e-03
4.704094e-03
4.733876e-03
4.763744e-03
4.793713e-03
4.823797e-03
4.853957e-03
4.884255e-03
4.914613e-03
4.945091e-03
4.974736e-03
5.004607e-03
5.031538e-03
5.058718e-03
5.085720e-03
5.113462e-03
5.140198e-03
5.166955e-03
5.192842e-03
5.218716e-03
5.243931e-03
5.269129e-03
5.293838e-03
5.318551e-03
5.343100e-03
5.367536e-03
5.391868e-03
5.416175e-03
5.440464e-03
5.464738e-03
5.488975e-03
5.515636e-03
5.543281e-03
5.571074e-03
5.597779e-03
5.624513e-03
5.650365e-03
5.676225e-03
5.701433e-03
5.726656e-03
5.751417e-03
5.776218e-03
5.800877e-03
5.825482e-03
5.850039e-03
5.874562e-03
5.899039e-03
5.923505e-03
5.950418e-03
5.977968e-03
6.004499e-03
6.031070e-03
6.056894e-03
6.082720e-03
6.108000e-03
6.133268e-03
6.158314e-03
6.183248e-03
6.208090e-03
6.232878e-03
6.257613e-03
6.282328e-03
6.309514e-03
6.337533e-03
6.364563e-03
6.391567e-03
6.417823e-03
6.443997e-03
6.469675e-03
6.495236e-03
6.520536e-03
6.545686e-03
6.570709e-03
6.595657e-03
6.623099e-03
6.651729e-03
6.679268e-03
6.706745e-03
6.733444e-03
6.760013e-03
6.786101e-03
6.812004e-03
6.837608e-03
6.863021e-03
6.888259e-03
6.916021e-03
6.944682e-03
6.973174e-03
7.000654e-03
7.027957e-03
7.054637e-03
7.081099e-03
7.107190e-03
7.133026e-03
7.158592e-03
7.186715e-03
7.211914e-03
7.239633e-03
7.267623e-03
7.295341e-03
7.322352e-03
7.349095e-03
7.375410e-03
7.401428e-03
7.427125e-03
7.455392e-03
7.480676e-03
7.508489e-03
7.536341e-03
7.563850e-03
7.590961e-03
7.617408e-03
7.643507e-03
7.669189e-03
7.697439e-03
7.728514e-03
7.760781e-03
7.790434e-03
7.819669e-03
7.847485e-03
7.874974e-03
7.901661e-03
7.931016e-03
7.962589e-03
7.994598e-03
8.027143e-03
8.058232e-03
8.089337e-03
8.120503e-03
8.151642e-03
8.182958e-03
8.212825e-03
8.242625e-03
8.271240e-03
8.299638e-03
8.327246e-03
8.357614e-03
8.388288e-03
8.419254e-03
8.448232e-03
8.477368e-03
8.505306e-03
8.533247e-03
8.563981e-03
8.597021e-03
8.628613e-03
8.660188e-03
8.691790e-03
8.723505e-03
8.755391e-03
8.787523e-03
8.819978e-03
8.851912e-03
8.884349e-03
8.915746e-03
8.947345e-03
8.978063e-03
9.008755e-03
9.038705e-03
9.068514e-03
9.097773e-03
9.126924e-03
9.155635e-03
9.184235e-03
9.212473e-03
9.240613e-03
9.268468e-03
9.296273e-03
9.323870e-03
9.354227e-03
9.387139e-03
9.420375e-03
9.453043e-03
9.485152e-03
9.516781e-03
9.547875e-03
9.578639e-03
9.609019e-03
9.639163e-03
9.668979e-03
9.698585e-03
9.727905e-03
9.757045e-03
9.785952e-03
9.814718e-03
9.843315e-03
9.871822e-03
9.900225e-03
9.931468e-03
9.965835e-03
1.000060e-02
1.003498e-02
1.006879e-02
1.010211e-02
1.013491e-02
1.016721e-02
1.019912e-02
1.023063e-02
1.026186e-02
1.029282e-02
1.032357e-02
1.035407e-02
1.038438e-02
1.041446e-02
1.044438e-02
1.047412e-02
1.050372e-02
1.053319e-02
1.056256e-02
1.059185e-02
1.062407e-02
1.065703e-02
1.068975e-02
1.072175e-02
1.075371e-02
1.078469e-02
1.081530e-02
1.084578e-02
1.087603e-02
1.090589e-02
1.093518e-02
1.096434e-02
1.099341e-02
1.102263e-02
1.105199e-02
1.108160e-02
1.111108e-02
1.114098e-02
1.117103e-02
1.120123e-02
1.123157e-02
1.126200e-02
1.129256e-02
1.132321e-02
1.135391e-02
1.138469e-02
1.141554e-02
1.144648e-02
1.147751e-02
1.150861e-02
1.153976e-02
1.157069e-02
1.160137e-02
1.163178e-02
1.166197e-02
1.169191e-02
1.172164e-02
1.175114e-02
1.178044e-02
1.180953e-02
1.183843e-02
1.186716e-02
1.189573e-02
1.192417e-02
1.195250e-02
1.198367e-02
1.201526e-02
1.204669e-02
1.207790e-02
1.210902e-02
1.214053e-02
1.217182e-02
1.220292e-02
1.223439e-02
1.226568e-02
1.229681e-02
1.232776e-02
1.235862e-02
1.238945e-02
1.242083e-02
1.245233e-02
1.248376e-02
1.251514e-02
1.254638e-02
1.257720e-02
1.260752e-02
1.263743e-02
1.266694e-02
1.269611e-02
1.272493e-02
1.275346e-02
1.278169e-02
1.280968e-02
1.283743e-02
1.286499e-02
1.289235e-02
1.291956e-02
1.294660e-02
1.297353e-02
1.300031e-02
1.302699e-02
1.305354e-02
1.308001e-02
1.310637e-02
1.313264e-02
1.315882e-02
1.318493e-02
1.321096e-02
1.323694e-02
1.326289e-02
1.328880e-02
1.331471e-02
1.334063e-02
1.336659e-02
1.339259e-02
1.341867e-02
1.344483e-02
1.347110e-02
1.349748e-02
1.352398e-02
1.355061e-02
1.357729e-02
1.360382e-02
1.362988e-02
1.365564e-02
1.368123e-02
1.370679e-02
1.373246e-02
1.375781e-02
1.378287e-02
1.380777e-02
1.383264e-02
1.385760e-02
1.388251e-02
1.390713e-02
1.393160e-02
1.395599e-02
1.398043e-02
1.400501e-02
1.402933e-02
1.405349e-02
1.407757e-02
1.410163e-02
1.412578e-02
1.414987e-02
1.417379e-02
1.419762e-02
1.422143e-02
1.424526e-02
1.426920e-02
1.429295e-02
1.431659e-02
1.434018e-02
1.436378e-02
1.438742e-02
1.441119e-02
1.443467e-02
1.445807e-02
1.448144e-02
1.450483e-02
1.452828e-02
1.455185e-02
1.457506e-02
1.459820e-02
1.462132e-02
1.464445e-02
1.466764e-02
1.469094e-02
1.471379e-02
1.473658e-02
1.475933e-02
1.478209e-02
1.480490e-02
1.482780e-02
1.485015e-02
1.487244e-02
1.489470e-02
1.491698e-02
1.493930e-02
1.496172e-02
1.498348e-02
1.500521e-02
1.502694e-02
1.504870e-02
1.507053e-02
1.509248e-02
1.511372e-02
1.513495e-02
1.515622e-02
1.517755e-02
1.519897e-02
1.522054e-02
1.524230e-02
1.526319e-02
1.528414e-02
1.530517e-02
1.532634e-02
1.534767e-02
1.536923e-02
1.538999e-02
1.541084e-02
1.543180e-02
1.545289e-02
1.547414e-02
1.549562e-02
1.551737e-02
1.553944e-02
1.556048e-02
1.558167e-02
1.560303e-02
1.562459e-02
1.564640e-02
1.566849e-02
1.569091e-02
1.571374e-02
1.573549e-02
1.575742e-02
1.577955e-02
1.580190e-02
1.582449e-02
1.584734e-02
1.587049e-02
1.589396e-02
1.591779e-02
1.594201e-02
1.596666e-02
1.599176e-02
1.601733e-02
1.604333e-02
1.606948e-02
1.609593e-02
1.612243e-02
1.614903e-02
1.617569e-02
1.620246e-02
1.622930e-02
1.625625e-02
1.628327e-02
1.631042e-02
1.633762e-02
1.636490e-02
1.639212e-02
1.641926e-02
1.644625e-02
1.647311e-02
1.649654e-02
1.652004e-02
1.654368e-02
1.656751e-02
1.659143e-02
1.661541e-02
1.663949e-02
1.666370e-02
1.668807e-02
1.671263e-02
1.673739e-02
1.676230e-02
1.678703e-02
1.681163e-02
1.683611e-02
1.686049e-02
1.688478e-02
1.690899e-02
1.693313e-02
1.695722e-02
1.698125e-02
1.700523e-02
1.702916e-02
1.705306e-02
1.707690e-02
1.710071e-02
1.712447e-02
1.714807e-02
1.717173e-02
1.719533e-02
1.721887e-02
1.724235e-02
1.726576e-02
1.728910e-02
1.731236e-02
1.733555e-02
1.735865e-02
1.738166e-02
1.740459e-02
1.742744e-02
1.745020e-02
1.747289e-02
1.749548e-02
1.751801e-02
1.754045e-02
1.756281e-02
1.758511e-02
1.760733e-02
1.762949e-02
1.765160e-02
1.767365e-02
1.769565e-02
1.771762e-02
1.774110e-02
1.776448e-02
1.778778e-02
1.781098e-02
1.783410e-02
1.785714e-02
1.788010e-02
1.790299e-02
1.792581e-02
1.794856e-02
1.797126e-02
1.799389e-02
1.801647e-02
1.803900e-02
1.806149e-02
1.808394e-02
1.810635e-02
1.812874e-02
1.815110e-02
1.817344e-02
1.819577e-02
1.821901e-02
1.824236e-02
1.826586e-02
1.828946e-02
1.831298e-02
1.833607e-02
1.835924e-02
1.838250e-02
1.840577e-02
1.842900e-02
1.845217e-02
1.847530e-02
1.849839e-02
1.852144e-02
1.854447e-02
1.856747e-02
1.859046e-02
1.861344e-02
1.863642e-02
1.865965e-02
1.868297e-02
1.870643e-02
1.873006e-02
1.875390e-02
1.877714e-02
1.880045e-02
1.882386e-02
1.884741e-02
1.887116e-02
1.889516e-02
1.891854e-02
1.894200e-02
1.896559e-02
1.898934e-02
1.901328e-02
1.903680e-02
1.906038e-02
1.908406e-02
1.910788e-02
1.913177e-02
1.915547e-02
1.917923e-02
1.920307e-02
1.922706e-02
1.925124e-02
1.927569e-02
1.929973e-02
1.932382e-02
1.934802e-02
1.937236e-02
1.939693e-02
1.942179e-02
1.944704e-02
1.947270e-02
1.949847e-02
1.952443e-02
1.955063e-02
1.957720e-02
1.960419e-02
1.963172e-02
1.965954e-02
1.968762e-02
1.971598e-02
1.974468e-02
1.977248e-02
1.980167e-02
1.982899e-02
1.985758e-02
1.988468e-02
1.991287e-02
1.993981e-02
1.996770e-02
1.999454e-02
2.002219e-02
2.004895e-02
2.007643e-02
2.010458e-02
2.013345e-02
2.016306e-02
2.019343e-02
2.022378e-02
2.025418e-02
2.028452e-02
2.031478e-02
2.034498e-02
2.037550e-02
2.040600e-02
2.043646e-02
2.046690e-02
2.049739e-02
2.052784e-02
2.055825e-02
2.058860e-02
2.061891e-02
2.064917e-02
2.067983e-02
2.070500e-02
2.073064e-02
2.075677e-02
2.078345e-02
2.081072e-02
2.083865e-02
2.086730e-02
2.089636e-02
2.092144e-02
2.094701e-02
2.097309e-02
2.099971e-02
2.102476e-02
2.105027e-02
2.107585e-02
2.110234e-02
2.112730e-02
2.115267e-02
2.117757e-02
2.120287e-02
2.122771e-02
2.125273e-02
2.127751e-02
2.130247e-02
2.132898e-02
2.135629e-02
2.138230e-02
2.140799e-02
2.143398e-02
2.146135e-02
2.148672e-02
2.151296e-02
2.153924e-02
2.156521e-02
2.159145e-02
2.161918e-02
2.164458e-02
2.167087e-02
2.169630e-02
2.172250e-02
2.174784e-02
2.177385e-02
2.179906e-02
2.182453e-02
2.184959e-02
2.187483e-02
2.189972e-02
2.192475e-02
2.195098e-02
2.197880e-02
2.200500e-02
2.203246e-02
2.205728e-02
2.208244e-02
2.210750e-02
2.213295e-02
2.215828e-02
2.218406e-02
2.220969e-02
2.223788e-02
2.226594e-02
2.229645e-02
2.232697e-02
2.235751e-02
2.238307e-02
2.240868e-02
2.243573e-02
2.246302e-02
2.249151e-02
2.252037e-02
2.254514e-02
2.257238e-02
2.259733e-02
2.262477e-02
2.265496e-02
2.268499e-02
2.271496e-02
2.274496e-02
2.277514e-02
2.280558e-02
2.283340e-02
2.286185e-02
2.289106e-02
2.291949e-02
2.294856e-02
2.297789e-02
2.300753e-02
2.303726e-02
2.306723e-02
2.309690e-02
2.312254e-02
2.314869e-02
2.317456e-02
2.320060e-02
2.322870e-02
2.325710e-02
2.328670e-02
2.331650e-02
2.334671e-02
2.337648e-02
2.340619e-02
2.343601e-02
2.346318e-02
2.349100e-02
2.352105e-02
2.355103e-02
2.357927e-02
2.360901e-02
2.363430e-02
2.366212e-02
2.368895e-02
2.371847e-02
2.374767e-02
2.377813e-02
2.380742e-02
2.383813e-02
2.386944e-02
2.389945e-02
2.392814e-02
2.395817e-02
2.398831e-02
2.401859e-02
2.404715e-02
2.407733e-02
2.410783e-02
2.413893e-02
2.416985e-02
2.420101e-02
2.423213e-02
2.426343e-02
2.429485e-02
2.432662e-02
2.435857e-02
2.439094e-02
2.442071e-02
2.445190e-02
2.448382e-02
2.451584e-02
2.454793e-02
2.458011e-02
2.461241e-02
2.464489e-02
2.467760e-02
2.471060e-02
2.474244e-02
2.477438e-02
2.479944e-02
2.482480e-02
2.485068e-02
2.487868e-02
2.490948e-02
2.494223e-02
2.497508e-02
2.500808e-02
2.504128e-02
2.507471e-02
2.510839e-02
2.514237e-02
2.517424e-02
2.520628e-02
2.523852e-02
2.527101e-02
2.530380e-02
2.533691e-02
2.537014e-02
2.540343e-02
2.543684e-02
2.547042e-02
2.550418e-02
2.553815e-02
2.557003e-02
2.560206e-02
2.563432e-02
2.566682e-02
2.569962e-02
2.573274e-02
2.576620e-02
2.579969e-02
2.583325e-02
2.586686e-02
2.590056e-02
2.593441e-02
2.596842e-02
2.600263e-02
2.603494e-02
2.606750e-02
2.610037e-02
2.613356e-02
2.616714e-02
2.620114e-02
2.623531e-02
2.626913e-02
2.630298e-02
2.633683e-02
2.637069e-02
2.640457e-02
2.643695e-02
2.646957e-02
2.650248e-02
2.653572e-02
2.656936e-02
2.660333e-02
2.663730e-02
2.667127e-02
2.670524e-02
2.673921e-02
2.677318e-02
2.680715e-02
2.684092e-02
2.687464e-02
2.690760e-02
2.694088e-02
2.697451e-02
2.700812e-02
2.704176e-02
2.707548e-02
2.710928e-02
2.714319e-02
2.717721e-02
2.721134e-02
2.724559e-02
2.727995e-02
2.731290e-02
2.734615e-02
2.737978e-02
2.741380e-02
2.744711e-02
2.748035e-02
2.751354e-02
2.754667e-02
2.757977e-02
2.761287e-02
2.764601e-02
2.767923e-02
2.771198e-02
2.774498e-02
2.777828e-02
2.781192e-02
2.784570e-02
2.787962e-02
2.791367e-02
2.794789e-02
2.798165e-02
2.801628e-02
2.805020e-02
2.808312e-02
2.811601e-02
2.814888e-02
2.818174e-02
2.821461e-02
2.824755e-02
2.828060e-02
2.831378e-02
2.834712e-02
2.838061e-02
2.841427e-02
2.844809e-02
2.848209e-02
2.851626e-02
2.855063e-02
2.858520e-02
2.862001e-02
2.865274e-02
2.868567e-02
2.871884e-02
2.875199e-02
2.878516e-02
2.881832e-02
2.885152e-02
2.888477e-02
2.891813e-02
2.895160e-02
2.898519e-02
2.901892e-02
2.905276e-02
2.908674e-02
2.911915e-02
2.915174e-02
2.918450e-02
2.921747e-02
2.925065e-02
2.928408e-02
2.931775e-02
2.935208e-02
2.938694e-02
2.942215e-02
2.945749e-02
2.949307e-02
2.952877e-02
2.956447e-02
2.960015e-02
2.963381e-02
2.966748e-02
2.970111e-02
2.973395e-02
2.976697e-02
2.980015e-02
2.983352e-02
2.986707e-02
2.990083e-02
2.993465e-02
2.996847e-02
3.000225e-02
3.003603e-02
3.006977e-02
3.010351e-02
3.013723e-02
3.017094e-02
3.020463e-02
3.023832e-02
3.027200e-02
3.030567e-02
3.033934e-02
3.037301e-02
3.040594e-02
3.043900e-02
3.047217e-02
3.050548e-02
3.053892e-02
3.057249e-02
3.060619e-02
3.063989e-02
3.067360e-02
3.070732e-02
3.074105e-02
3.077479e-02
3.080855e-02
3.084232e-02
3.087610e-02
3.090989e-02
3.094371e-02
3.097755e-02
3.101141e-02
3.104530e-02
3.107921e-02
3.111316e-02
3.114605e-02
3.117905e-02
3.121216e-02
3.124539e-02
3.127872e-02
3.131219e-02
3.134580e-02
3.137969e-02
3.141398e-02
3.144833e-02
3.148273e-02
3.151720e-02
3.155173e-02
3.158634e-02
3.162103e-02
3.165582e-02
3.169071e-02
3.172573e-02
3.176086e-02
3.179615e-02
3.183158e-02
3.186721e-02
3.190013e-02
3.193318e-02
3.196632e-02
3.199958e-02
3.203296e-02
3.206644e-02
3.210023e-02
3.213444e-02
3.216915e-02
3.220438e-02
3.224003e-02
3.227567e-02
3.231132e-02
3.234696e-02
3.238261e-02
3.241825e-02
3.245389e-02
3.248953e-02
3.252517e-02
3.256080e-02
3.259643e-02
3.263206e-02
3.266501e-02
3.269807e-02
3.273121e-02
3.276445e-02
3.279777e-02
3.283119e-02
3.286488e-02
3.289896e-02
3.293350e-02
3.296851e-02
3.300408e-02
3.303967e-02
3.307525e-02
3.311083e-02
3.314640e-02
3.318198e-02
3.321756e-02
3.325313e-02
3.328870e-02
3.332426e-02
3.335983e-02
3.339538e-02
3.342827e-02
3.346127e-02
3.349434e-02
3.352752e-02
3.356078e-02
3.359414e-02
3.362779e-02
3.366182e-02
3.369633e-02
3.373132e-02
3.376684e-02
3.380237e-02
3.383789e-02
3.387341e-02
3.390893e-02
3.394446e-02
3.397999e-02
3.401551e-02
3.405105e-02
3.408657e-02
3.412211e-02
3.415761e-02
3.419048e-02
3.422344e-02
3.425647e-02
3.428960e-02
3.432280e-02
3.435609e-02
3.438965e-02
3.442359e-02
3.445800e-02
3.449286e-02
3.452829e-02
3.456376e-02
3.459925e-02
3.463475e-02
3.467024e-02
3.470574e-02
3.474124e-02
3.477674e-02
3.481225e-02
3.484776e-02
3.488328e-02
3.491879e-02
3.495431e-02
3.498984e-02
3.502288e-02
3.505600e-02
3.508919e-02
3.512245e-02
3.515597e-02
3.518985e-02
3.522418e-02
3.525892e-02
3.529420e-02
3.532971e-02
3.536526e-02
3.540078e-02
3.543637e-02
3.547192e-02
3.550751e-02
3.554306e-02
3.557864e-02
3.561416e-02
3.564974e-02
3.568524e-02
3.572081e-02
3.575630e-02
3.578936e-02
3.582250e-02
3.585569e-02
3.588896e-02
3.592233e-02
3.595592e-02
3.598986e-02
3.602426e-02
3.605916e-02
3.609454e-02
3.613015e-02
3.616569e-02
3.620132e-02
3.623689e-02
3.627252e-02
3.630812e-02
3.634377e-02
3.637941e-02
3.641507e-02
3.645075e-02
3.648569e-02
3.652138e-02
3.655708e-02
3.659278e-02
3.662850e-02
3.666422e-02
3.669994e-02
3.673568e-02
3.677141e-02
3.680716e-02
3.684292e-02
3.687868e-02
3.691445e-02
3.695023e-02
3.698603e-02
3.702183e-02
3.705763e-02
3.709345e-02
3.712927e-02
3.716510e-02
3.720094e-02
3.723677e-02
3.727263e-02
3.730847e-02
3.734435e-02
3.738021e-02
3.741611e-02
3.745199e-02
3.748791e-02
3.752382e-02
3.755976e-02
3.759570e-02
3.763166e-02
3.766763e-02
3.770361e-02
3.773960e-02
3.777559e-02
3.781160e-02
3.784761e-02
3.788363e-02
3.791966e-02
3.795569e-02
3.799173e-02
3.802777e-02
3.806382e-02
3.809987e-02
3.813593e-02
3.817199e-02
3.820805e-02
3.824412e-02
3.828019e-02
3.831627e-02
3.835235e-02
3.838843e-02
3.842452e-02
3.846061e-02
3.849671e-02
3.853282e-02
3.856893e-02
3.860505e-02
3.864118e-02
3.867731e-02
3.871345e-02
3.874960e-02
3.878576e-02
3.882192e-02
3.885809e-02
3.889426e-02
3.893044e-02
3.896661e-02
3.900280e-02
3.903896e-02
3.907511e-02
3.911123e-02
3.914733e-02
3.918340e-02
3.921945e-02
3.925547e-02
3.929146e-02
3.932742e-02
3.936332e-02
3.939919e-02
3.943499e-02
3.947075e-02
3.950644e-02
3.954208e-02
3.957766e-02
3.961318e-02
3.964864e-02
3.968403e-02
3.971934e-02
3.975459e-02
3.978977e-02
3.982487e-02
3.985990e-02
3.989485e-02
3.992972e-02
3.996451e-02
3.999922e-02
4.003384e-02
4.006838e-02
4.010283e-02
4.013720e-02
4.017150e-02
4.020573e-02
4.023989e-02
4.027400e-02
4.030806e-02
4.034206e-02
4.037596e-02
4.040984e-02
4.044357e-02
4.047728e-02
4.051089e-02
4.054448e-02
4.057800e-02
4.061149e-02
4.064494e-02
4.067835e-02
4.071174e-02
4.074509e-02
4.077841e-02
4.081171e-02
4.084499e-02
4.087824e-02
4.091147e-02
4.094467e-02
4.097786e-02
4.101102e-02
4.104415e-02
4.107726e-02
4.111034e-02
4.114340e-02
4.117642e-02
4.120942e-02
4.124239e-02
4.127532e-02
4.130819e-02
4.134106e-02
4.137382e-02
4.140658e-02
4.143926e-02
4.146984e-02
4.150182e-02
4.153443e-02
4.156642e-02
4.159899e-02
4.163149e-02
4.166403e-02
4.169655e-02
4.172356e-02
4.175081e-02
4.177781e-02
4.180507e-02
4.183209e-02
4.185936e-02
4.188639e-02
4.191367e-02
4.194072e-02
4.196802e-02
4.199509e-02
4.202242e-02
4.204952e-02
4.207688e-02
4.210400e-02
4.213138e-02
4.215853e-02
4.218593e-02
4.221311e-02
4.224061e-02
4.226781e-02
4.229549e-02
4.232273e-02
4.235051e-02
4.237778e-02
4.240560e-02
4.243290e-02
4.246074e-02
4.248808e-02
4.251593e-02
4.254331e-02
4.257119e-02
4.259860e-02
4.262652e-02
4.265398e-02
4.268193e-02
4.270944e-02
4.273760e-02
4.276527e-02
4.279364e-02
4.282149e-02
4.285003e-02
4.288112e-02
4.291379e-02
4.294646e-02
4.297916e-02
4.301186e-02
4.304458e-02
4.307733e-02
4.311009e-02
4.314287e-02
4.317567e-02
4.320849e-02
4.324133e-02
4.327419e-02
4.330707e-02
4.333997e-02
4.337288e-02
4.340471e-02
4.343664e-02
4.346877e-02
4.350115e-02
4.353389e-02
4.356690e-02
4.359992e-02
4.363296e-02
4.366601e-02
4.369907e-02
4.373215e-02
4.376545e-02
4.379877e-02
4.383211e-02
4.386547e-02
4.389886e-02
4.393226e-02
4.396569e-02
4.399913e-02
4.403260e-02
4.406608e-02
4.409959e-02
4.413311e-02
4.416666e-02
4.420023e-02
4.423381e-02
4.426742e-02
4.430105e-02
4.433467e-02
4.436832e-02
4.440197e-02
4.443564e-02
4.446931e-02
4.450301e-02
4.453671e-02
4.457044e-02
4.460417e-02
4.463793e-02
4.467170e-02
4.470549e-02
4.473930e-02
4.477312e-02
4.480694e-02
4.484079e-02
4.487460e-02
4.490845e-02
4.494226e-02
4.497610e-02
4.500991e-02
4.504376e-02
4.507757e-02
4.511141e-02
4.514523e-02
4.517908e-02
4.521290e-02
4.524675e-02
4.528060e-02
4.531446e-02
4.534832e-02
4.538221e-02
4.541609e-02
4.545001e-02
4.548392e-02
4.551787e-02
4.555182e-02
4.558579e-02
4.561978e-02
4.565379e-02
4.568779e-02
4.572184e-02
4.575586e-02
4.578994e-02
4.582397e-02
4.585807e-02
4.589211e-02
4.592624e-02
4.596028e-02
4.599442e-02
4.602847e-02
4.606264e-02
4.609669e-02
4.613087e-02
4.616492e-02
4.619912e-02
4.623317e-02
4.626738e-02
4.630142e-02
4.633564e-02
4.636966e-02
4.640390e-02
4.643789e-02
4.647214e-02
4.650606e-02
4.654045e-02
4.657484e-02
4.660930e-02
4.664376e-02
4.667823e-02
4.671271e-02
4.674719e-02
4.678091e-02
4.681477e-02
4.684854e-02
4.688246e-02
4.691629e-02
4.695028e-02
4.698420e-02
4.701828e-02
4.705229e-02
4.708647e-02
4.712060e-02
4.715490e-02
4.718916e-02
4.722359e-02
4.725800e-02
4.729255e-02
4.732710e-02
4.736165e-02
4.739621e-02
4.743077e-02
4.746533e-02
4.749990e-02
4.753391e-02
4.756848e-02
4.760264e-02
4.763721e-02
4.767153e-02
4.770610e-02
4.774041e-02
4.777499e-02
4.780930e-02
4.784388e-02
4.787820e-02
4.791277e-02
4.794735e-02
4.798192e-02
4.801649e-02
4.805106e-02
4.808564e-02
4.812021e-02
4.815478e-02
4.818935e-02
4.822392e-02
4.825848e-02
4.829305e-02
4.832761e-02
4.836217e-02
4.839673e-02
4.843128e-02
4.846584e-02
4.850039e-02
4.853494e-02
4.856964e-02
4.860436e-02
4.863906e-02
4.867378e-02
4.870848e-02
4.874320e-02
4.877790e-02
4.881261e-02
4.884731e-02
4.888202e-02
4.891672e-02
4.895142e-02
4.898611e-02
4.902080e-02
4.905549e-02
4.909017e-02
4.912480e-02
4.915948e-02
4.919372e-02
4.922839e-02
4.926305e-02
4.929750e-02
4.933172e-02
4.936573e-02
4.940038e-02
4.943502e-02
4.946965e-02
4.950429e-02
4.953296e-02
4.956451e-02
4.959321e-02
4.962477e-02
4.965349e-02
4.968508e-02
4.971382e-02
4.974543e-02
4.978003e-02
4.981463e-02
4.984923e-02
4.988382e-02
4.991841e-02
4.995299e-02
4.998757e-02
5.002215e-02
5.005672e-02
5.009128e-02
5.012584e-02
5.016040e-02
5.019495e-02
5.022951e-02
5.026408e-02
5.029864e-02
5.033292e-02
5.036739e-02
5.040099e-02
5.043472e-02
5.046935e-02
5.050400e-02
5.053864e-02
5.057329e-02
5.060794e-02
5.064260e-02
5.067725e-02
5.071191e-02
5.074657e-02
5.078123e-02
5.081590e-02
5.085056e-02
5.088523e-02
5.091989e-02
5.095455e-02
5.098921e-02
5.102387e-02
5.105852e-02
5.109318e-02
5.112783e-02
5.116248e-02
5.119713e-02
5.123178e-02
5.126643e-02
5.129539e-02
5.132726e-02
5.135625e-02
5.138814e-02
5.141716e-02
5.144909e-02
5.147814e-02
5.151010e-02
5.153918e-02
5.157117e-02
5.160580e-02
5.164043e-02
5.167506e-02
5.170968e-02
5.174431e-02
5.177893e-02
5.181356e-02
5.184818e-02
5.188281e-02
5.191744e-02
5.194653e-02
5.197852e-02
5.200764e-02
5.203966e-02
5.206880e-02
5.210086e-02
5.213002e-02
5.216210e-02
5.219129e-02
5.222340e-02
5.225262e-02
5.228476e-02
5.231939e-02
5.235402e-02
5.238864e-02
5.242326e-02
5.245788e-02
5.249250e-02
5.252711e-02
5.256172e-02
5.259633e-02
5.263094e-02
5.266552e-02
5.270013e-02
5.273439e-02
5.276900e-02
5.280294e-02
5.283731e-02
5.287094e-02
5.290494e-02
5.293829e-02
5.297195e-02
5.300506e-02
5.303843e-02
5.307131e-02
5.310444e-02
5.313715e-02
5.317009e-02
5.320266e-02
5.323733e-02
5.327201e-02
5.330669e-02
5.334138e-02
5.337608e-02
5.341078e-02
5.344548e-02
5.347991e-02
5.351462e-02
5.354932e-02
5.358404e-02
5.361875e-02
5.365347e-02
5.368818e-02
5.372291e-02
5.375763e-02
5.379236e-02
5.382710e-02
5.386184e-02
5.389658e-02
5.393132e-02
5.396607e-02
5.400082e-02
5.403558e-02
5.407033e-02
5.410509e-02
5.413985e-02
5.417462e-02
5.420938e-02
5.424415e-02
5.427892e-02
5.431370e-02
5.434848e-02
5.438326e-02
5.441804e-02
5.445283e-02
5.448762e-02
5.452242e-02
5.455722e-02
5.459203e-02
5.462683e-02
5.466165e-02
5.469646e-02
5.473128e-02
5.476610e-02
5.480093e-02
5.483576e-02
5.487060e-02
5.490543e-02
5.494028e-02
5.497512e-02
5.500998e-02
5.504483e-02
5.507968e-02
5.511454e-02
5.514940e-02
5.518426e-02
5.521912e-02
5.525398e-02
5.528883e-02
5.532367e-02
5.535851e-02
5.539333e-02
5.542815e-02
5.546296e-02
5.549777e-02
5.553260e-02
5.556742e-02
5.560226e-02
5.563709e-02
5.567193e-02
5.570675e-02
5.574158e-02
5.577640e-02
5.581122e-02
5.584603e-02
5.588085e-02
5.591565e-02
5.595046e-02
5.598526e-02
5.602007e-02
5.605488e-02
5.608969e-02
5.612444e-02
5.615927e-02
5.619406e-02
5.622889e-02
5.626373e-02
5.629857e-02
5.633342e-02
5.636826e-02
5.640311e-02
5.643795e-02
5.647278e-02
5.650761e-02
5.654243e-02
5.657725e-02
5.661206e-02
5.664687e-02
5.668167e-02
5.671647e-02
5.675124e-02
5.678603e-02
5.682081e-02
5.685559e-02
5.689037e-02
5.692514e-02
5.695991e-02
5.699477e-02
5.702962e-02
5.706445e-02
5.709909e-02
5.713390e-02
5.716857e-02
5.720334e-02
5.723804e-02
5.727278e-02
5.730751e-02
5.734223e-02
5.737693e-02
5.741162e-02
5.744629e-02
5.748096e-02
5.751561e-02
5.755033e-02
5.758495e-02
5.761975e-02
5.765439e-02
5.768919e-02
5.772385e-02
5.775865e-02
5.779333e-02
5.782812e-02
5.786291e-02
5.789770e-02
5.793248e-02
5.796727e-02
5.800204e-02
5.803682e-02
5.807136e-02
5.810612e-02
5.814068e-02
5.817543e-02
5.821000e-02
5.824473e-02
5.827931e-02
5.831403e-02
5.834874e-02
5.838344e-02
5.841814e-02
5.845283e-02
5.848751e-02
5.852219e-02
5.855686e-02
5.859153e-02
5.862596e-02
5.866062e-02
5.869506e-02
5.872971e-02
5.876417e-02
5.879881e-02
5.883329e-02
5.886791e-02
5.890252e-02
5.893713e-02
5.897174e-02
5.900635e-02
5.904116e-02
5.907594e-02
5.911075e-02
5.914554e-02
5.917992e-02
5.921471e-02
5.924911e-02
5.928391e-02
5.931834e-02
5.935315e-02
5.938795e-02
5.942275e-02
5.945755e-02
5.949235e-02
5.952714e-02
5.956193e-02
5.959673e-02
5.963151e-02
5.966583e-02
5.970061e-02
5.973496e-02
5.976981e-02
5.980412e-02
5.983898e-02
5.987338e-02
5.990823e-02
5.994274e-02
5.997759e-02
6.001221e-02
6.004705e-02
6.008128e-02
6.011612e-02
6.015037e-02
6.018521e-02
6.021950e-02
6.025438e-02
6.028870e-02
6.032363e-02
6.035857e-02
6.039350e-02
6.042759e-02
6.046252e-02
6.049665e-02
6.053158e-02
6.056573e-02
6.060068e-02
6.063465e-02
6.066960e-02
6.070359e-02
6.073856e-02
6.077257e-02
6.080755e-02
6.084159e-02
6.087658e-02
6.091161e-02
6.094662e-02
6.098166e-02
6.101668e-02
6.105174e-02
6.108679e-02
6.112186e-02
6.115692e-02
6.119201e-02
6.122709e-02
6.126219e-02
6.129729e-02
6.133241e-02
6.136752e-02
6.140265e-02
6.143778e-02
6.147293e-02
6.150808e-02
6.154324e-02
6.157840e-02
6.161357e-02
6.164875e-02
6.168393e-02
6.171912e-02
6.175431e-02
6.178951e-02
6.182471e-02
6.185991e-02
6.189512e-02
6.193032e-02
6.196553e-02
6.200074e-02
6.203595e-02
6.207116e-02
6.210638e-02
6.214159e-02
6.217681e-02
6.221202e-02
6.224724e-02
6.228246e-02
6.231768e-02
6.235290e-02
6.238813e-02
6.242336e-02
6.245859e-02
6.249381e-02
6.252905e-02
6.256427e-02
6.259950e-02
6.263472e-02
6.266994e-02
6.270515e-02
6.274037e-02
6.277557e-02
6.281078e-02
6.284597e-02
6.288117e-02
6.291636e-02
6.295156e-02
6.298674e-02
6.302194e-02
6.305711e-02
6.309232e-02
6.312750e-02
6.316271e-02
6.319790e-02
6.323313e-02
6.326833e-02
6.330356e-02
6.333877e-02
6.337402e-02
6.340924e-02
6.344450e-02
6.347974e-02
6.351502e-02
6.355027e-02
6.358556e-02
6.362083e-02
6.365613e-02
6.369142e-02
6.372673e-02
6.376204e-02
6.379736e-02
6.383269e-02
6.386803e-02
6.390337e-02
6.393872e-02
6.397407e-02
6.400944e-02
6.404481e-02
6.408020e-02
6.411558e-02
6.415098e-02
6.418639e-02
6.422179e-02
6.425721e-02
6.429263e-02
6.432806e-02
6.436350e-02
6.439894e-02
6.443439e-02
6.446984e-02
6.450529e-02
6.454075e-02
6.457621e-02
6.461167e-02
6.464713e-02
6.468259e-02
6.471806e-02
6.475353e-02
6.478900e-02
6.482446e-02
6.485993e-02
6.489540e-02
6.493087e-02
6.496632e-02
6.500179e-02
6.503724e-02
6.507271e-02
6.510816e-02
6.514362e-02
6.517906e-02
6.521451e-02
6.524995e-02
6.528540e-02
6.532084e-02
6.535629e-02
6.539172e-02
6.542717e-02
6.546260e-02
6.549806e-02
6.553349e-02
6.556894e-02
6.560438e-02
6.563983e-02
6.567528e-02
6.571073e-02
6.574619e-02
6.578165e-02
6.581711e-02
6.585258e-02
6.588805e-02
6.592352e-02
6.595900e-02
6.599448e-02
6.602997e-02
6.606545e-02
6.610094e-02
6.613643e-02
6.617193e-02
6.620742e-02
6.624292e-02
6.627841e-02
6.631391e-02
6.634942e-02
6.638492e-02
6.642043e-02
6.645594e-02
6.649145e-02
6.652697e-02
6.656249e-02
6.659802e-02
6.663355e-02
6.666908e-02
6.670462e-02
6.674016e-02
6.676903e-02
6.679845e-02
6.682848e-02
6.685920e-02
6.688808e-02
6.691750e-02
6.694638e-02
6.697581e-02
6.700469e-02
6.703412e-02
6.706300e-02
6.709243e-02
6.712132e-02
6.715075e-02
6.717964e-02
6.720907e-02
6.723796e-02
6.726739e-02
6.729628e-02
6.732572e-02
6.735461e-02
6.738406e-02
6.741295e-02
6.744240e-02
6.747129e-02
6.750075e-02
6.752965e-02
6.755911e-02
6.758801e-02
6.761748e-02
6.764639e-02
6.767587e-02
6.770479e-02
6.773428e-02
6.776320e-02
6.779271e-02
6.782165e-02
6.785116e-02
6.788012e-02
6.790966e-02
6.794020e-02
6.797194e-02
6.800543e-02
6.804075e-02
6.807652e-02
6.811230e-02
6.814655e-02
6.818234e-02
6.821790e-02
6.825371e-02
6.828951e-02
6.832532e-02
6.836113e-02
6.839695e-02
6.843277e-02
6.846859e-02
6.850441e-02
6.854024e-02
6.857607e-02
6.861190e-02
6.864773e-02
6.868356e-02
6.871939e-02
6.875522e-02
6.879105e-02
6.882687e-02
6.886269e-02
6.889850e-02
6.893432e-02
6.897012e-02
6.900593e-02
6.904172e-02
6.907752e-02
6.911329e-02
6.914908e-02
6.918484e-02
6.922061e-02
6.925636e-02
6.929213e-02
6.932786e-02
6.936362e-02
6.939934e-02
6.943509e-02
6.947081e-02
6.950655e-02
6.954225e-02
6.957609e-02
6.961178e-02
6.964703e-02
6.968271e-02
6.971841e-02
6.975407e-02
6.978975e-02
6.982539e-02
6.986106e-02
6.989668e-02
6.993233e-02
6.996793e-02
7.000356e-02
7.003914e-02
7.007475e-02
7.011032e-02
7.014590e-02
7.018145e-02
7.021701e-02
7.025254e-02
7.028808e-02
7.032359e-02
7.035911e-02
7.039460e-02
7.043010e-02
7.046556e-02
7.050104e-02
7.053649e-02
7.057195e-02
7.060739e-02
7.064283e-02
7.067825e-02
7.071242e-02
7.074782e-02
7.077990e-02
7.081231e-02
7.084770e-02
7.088307e-02
7.091845e-02
7.095380e-02
7.098916e-02
7.102451e-02
7.105986e-02
7.109519e-02
7.113013e-02
7.116546e-02
7.119748e-02
7.122984e-02
7.126192e-02
7.129431e-02
7.132639e-02
7.136167e-02
7.139700e-02
7.143231e-02
7.146763e-02
7.150294e-02
7.153825e-02
7.157356e-02
7.160887e-02
7.164417e-02
7.167947e-02
7.171477e-02
7.175007e-02
7.178536e-02
7.182066e-02
7.185595e-02
7.189124e-02
7.192652e-02
7.196181e-02
7.199709e-02
7.203238e-02
7.206765e-02
7.210293e-02
7.213819e-02
7.217346e-02
7.220872e-02
7.224399e-02
7.227925e-02
7.231452e-02
7.234977e-02
7.238504e-02
7.242030e-02
7.245557e-02
7.249083e-02
7.252611e-02
7.256137e-02
7.259666e-02
7.263194e-02
7.266724e-02
7.270252e-02
7.273784e-02
7.277314e-02
7.280847e-02
7.284378e-02
7.287912e-02
7.291445e-02
7.294980e-02
7.298514e-02
7.302050e-02
7.305586e-02
7.309123e-02
7.312660e-02
7.316198e-02
7.319737e-02
7.323275e-02
7.326815e-02
7.330355e-02
7.333896e-02
7.337437e-02
7.340978e-02
7.344520e-02
7.348063e-02
7.351606e-02
7.355150e-02
7.358694e-02
7.362239e-02
7.365785e-02
7.369331e-02
7.372879e-02
7.376427e-02
7.379977e-02
7.383527e-02
7.386447e-02
7.389426e-02
7.392530e-02
7.395817e-02
7.398742e-02
7.401728e-02
7.404809e-02
7.408029e-02
7.410960e-02
7.413954e-02
7.417019e-02
7.420175e-02
7.423112e-02
7.426115e-02
7.429193e-02
7.432356e-02
7.435301e-02
7.438317e-02
7.441414e-02
7.444600e-02
7.447556e-02
7.450591e-02
7.453714e-02
7.456936e-02
7.459908e-02
7.462971e-02
7.465861e-02
7.468808e-02
7.471704e-02
7.474619e-02
7.477508e-02
7.480425e-02
7.483321e-02
7.486236e-02
7.489201e-02
7.492224e-02
7.495116e-02
7.498022e-02
7.500978e-02
7.503877e-02
7.506825e-02
7.509741e-02
7.512648e-02
7.515567e-02
7.518478e-02
7.521418e-02
7.524332e-02
7.527237e-02
7.530156e-02
7.533158e-02
7.536040e-02
7.538979e-02
7.541860e-02
7.544800e-02
7.547839e-02
7.550942e-02
7.554030e-02
7.557027e-02
7.560124e-02
7.563150e-02
7.566280e-02
7.569314e-02
7.572165e-02
7.575064e-02
7.577919e-02
7.580788e-02
7.583647e-02
7.586525e-02
7.589396e-02
7.592285e-02
7.595169e-02
7.598088e-02
7.601006e-02
7.603958e-02
7.606907e-02
7.609901e-02
7.612883e-02
7.615920e-02
7.618934e-02
7.622006e-02
7.625051e-02
7.628195e-02
7.631268e-02
7.634445e-02
7.637547e-02
7.640750e-02
7.643880e-02
7.647078e-02
7.650192e-02
7.653477e-02
7.656669e-02
7.659563e-02
7.662464e-02
7.665394e-02
7.668161e-02
7.670946e-02
7.673719e-02
7.676505e-02
7.679284e-02
7.682078e-02
7.684869e-02
7.687692e-02
7.690517e-02
7.693373e-02
7.696227e-02
7.699115e-02
7.701998e-02
7.704914e-02
7.707820e-02
7.710759e-02
7.713685e-02
7.716645e-02
7.719588e-02
7.722491e-02
7.725455e-02
7.728489e-02
7.731603e-02
7.734806e-02
7.738111e-02
7.741528e-02
7.745067e-02
7.748631e-02
7.752189e-02
7.755751e-02
7.759309e-02
7.762876e-02
7.766434e-02
7.769999e-02
7.773556e-02
7.777119e-02
7.780675e-02
7.784234e-02
7.787789e-02
7.791345e-02
7.794899e-02
7.798451e-02
7.802002e-02
7.805552e-02
7.809101e-02
7.812649e-02
7.816198e-02
7.819745e-02
7.823293e-02
7.826840e-02
7.830390e-02
7.833939e-02
7.837490e-02
7.841041e-02
7.844595e-02
7.848149e-02
7.851704e-02
7.855262e-02
7.858820e-02
7.862380e-02
7.865941e-02
7.869505e-02
7.873069e-02
7.876636e-02
7.880204e-02
7.883773e-02
7.887344e-02
7.890917e-02
7.894491e-02
7.898066e-02
7.901579e-02
7.905156e-02
7.908666e-02
7.912244e-02
7.915751e-02
7.919329e-02
7.922835e-02
7.926412e-02
7.929915e-02
7.933492e-02
7.936993e-02
7.940569e-02
7.944069e-02
7.947643e-02
7.951143e-02
7.954714e-02
7.958214e-02
7.961783e-02
7.965285e-02
7.968852e-02
7.972355e-02
7.975920e-02
7.979427e-02
7.982991e-02
7.986501e-02
7.990064e-02
7.993579e-02
7.997151e-02
8.000673e-02
8.004245e-02
8.007773e-02
8.011345e-02
8.014882e-02
8.018454e-02
8.022000e-02
8.025573e-02
8.029129e-02
8.032703e-02
8.036269e-02
8.039844e-02
8.043420e-02
8.046995e-02
8.050572e-02
8.054148e-02
8.057725e-02
8.061302e-02
8.064879e-02
8.068457e-02
8.072034e-02
8.075611e-02
8.079188e-02
8.082766e-02
8.086342e-02
8.089919e-02
8.093495e-02
8.097071e-02
8.100647e-02
8.104222e-02
8.107797e-02
8.111371e-02
8.114944e-02
8.118518e-02
8.122090e-02
8.125662e-02
8.129234e-02
8.132805e-02
8.136375e-02
8.139945e-02
8.143514e-02
8.147083e-02
8.150651e-02
8.154219e-02
8.157786e-02
8.161352e-02
8.164918e-02
8.168484e-02
8.172049e-02
8.175613e-02
8.179187e-02
8.182760e-02
8.186336e-02
8.189912e-02
8.193487e-02
8.197062e-02
8.200636e-02
8.204210e-02
8.207783e-02
8.211355e-02
8.214927e-02
8.218498e-02
8.222069e-02
8.225639e-02
8.229208e-02
8.232777e-02
8.236346e-02
8.239914e-02
8.243481e-02
8.247048e-02
8.250615e-02
8.254180e-02
8.257746e-02
8.261311e-02
8.264876e-02
8.268440e-02
8.272004e-02
8.275567e-02
8.279130e-02
8.282693e-02
8.286255e-02
8.289817e-02
8.293381e-02
8.296944e-02
8.300507e-02
8.304070e-02
8.307633e-02
8.311195e-02
8.314757e-02
8.318319e-02
8.321880e-02
8.325442e-02
8.329002e-02
8.332563e-02
8.336123e-02
8.339684e-02
8.343243e-02
8.346803e-02
8.350363e-02
8.353922e-02
8.357481e-02
8.361040e-02
8.364605e-02
8.368170e-02
8.371736e-02
8.375301e-02
8.378866e-02
8.382432e-02
8.385997e-02
8.389563e-02
8.393128e-02
8.396694e-02
8.400260e-02
8.403826e-02
8.407392e-02
8.410958e-02
8.413941e-02
8.417041e-02
8.420290e-02
8.423742e-02
8.426581e-02
8.429474e-02
8.432428e-02
8.435288e-02
8.438207e-02
8.441076e-02
8.443921e-02
8.446825e-02
8.449670e-02
8.452581e-02
8.455430e-02
8.458354e-02
8.461211e-02
8.464153e-02
8.467023e-02
8.469988e-02
8.472878e-02
8.475870e-02
8.478783e-02
8.481804e-02
8.484530e-02
8.487440e-02
8.490169e-02
8.493026e-02
8.495764e-02
8.498609e-02
8.501365e-02
8.504235e-02
8.507012e-02
8.509898e-02
8.512711e-02
8.515634e-02
8.518486e-02
8.521455e-02
8.524348e-02
8.527350e-02
8.530074e-02
8.532982e-02
8.535712e-02
8.538570e-02
8.541305e-02
8.544172e-02
8.546914e-02
8.549770e-02
8.552749e-02
8.555586e-02
8.558544e-02
8.561412e-02
8.564408e-02
8.567304e-02
8.569985e-02
8.572853e-02
8.575538e-02
8.578364e-02
8.581054e-02
8.583868e-02
8.586814e-02
8.589858e-02
8.593015e-02
8.595810e-02
8.598729e-02
8.601768e-02
8.604552e-02
8.607445e-02
8.610106e-02
8.612784e-02
8.615450e-02
8.618156e-02
8.620830e-02
8.623628e-02
8.626313e-02
8.629110e-02
8.631816e-02
8.634596e-02
8.637340e-02
8.640176e-02
8.642820e-02
8.645654e-02
8.648307e-02
8.651126e-02
8.653789e-02
8.656597e-02
8.659273e-02
8.662078e-02
8.664767e-02
8.667573e-02
8.670287e-02
8.673115e-02
8.675861e-02
8.678721e-02
8.681502e-02
8.684404e-02
8.687087e-02
8.689849e-02
8.692702e-02
8.695458e-02
8.698175e-02
8.700982e-02
8.703715e-02
8.706544e-02
8.709295e-02
8.712152e-02
8.714930e-02
8.717828e-02
8.720648e-02
8.723602e-02
8.726472e-02
8.729342e-02
8.732117e-02
8.735168e-02
8.737778e-02
8.740520e-02
8.743138e-02
8.745875e-02
8.748526e-02
8.751302e-02
8.754002e-02
8.756831e-02
8.759809e-02
8.762676e-02
8.765590e-02
8.768708e-02
8.771629e-02
8.774709e-02
8.777334e-02
8.780222e-02
8.782878e-02
8.785706e-02
8.788388e-02
8.791218e-02
8.793932e-02
8.796788e-02
8.799783e-02
8.802652e-02
8.805638e-02
8.808695e-02
8.811580e-02
8.814587e-02
8.817482e-02
8.820515e-02
8.823171e-02
8.826093e-02
8.828759e-02
8.831641e-02
8.834329e-02
8.837178e-02
8.839878e-02
8.842722e-02
8.845453e-02
8.848332e-02
8.851246e-02
8.854135e-02
8.857044e-02
8.860065e-02
8.862962e-02
8.865975e-02
8.868611e-02
8.871441e-02
8.874101e-02
8.876890e-02
8.879572e-02
8.882385e-02
8.885097e-02
8.887940e-02
8.890696e-02
8.893598e-02
8.896418e-02
8.899406e-02
8.902046e-02
8.904950e-02
8.907601e-02
8.910394e-02
8.913056e-02
8.915844e-02
8.918534e-02
8.921335e-02
8.924048e-02
8.926873e-02
8.929826e-02
8.932663e-02
8.935646e-02
8.938755e-02
8.941396e-02
8.944210e-02
8.946854e-02
8.949621e-02
8.952505e-02
8.955511e-02
8.958190e-02
8.960976e-02
8.963881e-02
8.966899e-02
8.969630e-02
8.972475e-02
8.975093e-02
8.977860e-02
8.980751e-02
8.983793e-02
8.986433e-02
8.989177e-02
8.992033e-02
8.995007e-02
8.997695e-02
9.000492e-02
9.003414e-02
9.006195e-02
9.008795e-02
9.011590e-02
9.014210e-02
9.016952e-02
9.019819e-02
9.022752e-02
9.025779e-02
9.028912e-02
9.031585e-02
9.034373e-02
9.037247e-02
9.040166e-02
9.042773e-02
9.045492e-02
9.048104e-02
9.050822e-02
9.053656e-02
9.056632e-02
9.059286e-02
9.062043e-02
9.064919e-02
9.067900e-02
9.070493e-02
9.073231e-02
9.075829e-02
9.078540e-02
9.081369e-02
9.084341e-02
9.086975e-02
9.089710e-02
9.092559e-02
9.095531e-02
9.098233e-02
9.101026e-02
9.103619e-02
9.106322e-02
9.109141e-02
9.112099e-02
9.114723e-02
9.117459e-02
9.120321e-02
9.123285e-02
9.125951e-02
9.128737e-02
9.131323e-02
9.134067e-02
9.136655e-02
9.139405e-02
9.142015e-02
9.144740e-02
9.147361e-02
9.150079e-02
9.152910e-02
9.155805e-02
9.158483e-02
9.161254e-02
9.163838e-02
9.166546e-02
9.169134e-02
9.171865e-02
9.174479e-02
9.177205e-02
9.179834e-02
9.182567e-02
9.185416e-02
9.188152e-02
9.190730e-02
9.193566e-02
9.196162e-02
9.198871e-02
9.201475e-02
9.204188e-02
9.207022e-02
9.209716e-02
9.212524e-02
9.215453e-02
9.218140e-02
9.220918e-02
9.223511e-02
9.226223e-02
9.228820e-02
9.231561e-02
9.234184e-02
9.236918e-02
9.239557e-02
9.242298e-02
9.244964e-02
9.247738e-02
9.250334e-02
9.253129e-02
9.255734e-02
9.258458e-02
9.261079e-02
9.263798e-02
9.266439e-02
9.269181e-02
9.271843e-02
9.274608e-02
9.277491e-02
9.280236e-02
9.282843e-02
9.285665e-02
9.288267e-02
9.291009e-02
9.293645e-02
9.296428e-02
9.299094e-02
9.301905e-02
9.304605e-02
9.307446e-02
9.310445e-02
9.313282e-02
9.315917e-02
9.318815e-02
9.321425e-02
9.324079e-02
9.326693e-02
9.329330e-02
9.331949e-02
9.334590e-02
9.337214e-02
9.339860e-02
9.342488e-02
9.345138e-02
9.347769e-02
9.350422e-02
9.353055e-02
9.355710e-02
9.358342e-02
9.360995e-02
9.363623e-02
9.366270e-02
9.368897e-02
9.371542e-02
9.374171e-02
9.376819e-02
9.379450e-02
9.382123e-02
9.384757e-02
9.387470e-02
9.390107e-02
9.392800e-02
9.395442e-02
9.398156e-02
9.401049e-02
9.404161e-02
9.407500e-02
9.410838e-02
9.414175e-02
9.417511e-02
9.420847e-02
9.424183e-02
9.427518e-02
9.430852e-02
9.434186e-02
9.437520e-02
9.440854e-02
9.444187e-02
9.447520e-02
9.450853e-02
9.454186e-02
9.457519e-02
9.460851e-02
9.464184e-02
9.467517e-02
9.470850e-02
9.474184e-02
9.477518e-02
9.480852e-02
9.484186e-02
9.487521e-02
9.490856e-02
9.494191e-02
9.497527e-02
9.500863e-02
9.504200e-02
9.507537e-02
9.510875e-02
9.514213e-02
9.517552e-02
9.520891e-02
9.524230e-02
9.527570e-02
9.530910e-02
9.534251e-02
9.537592e-02
9.540933e-02
9.544275e-02
9.547617e-02
9.550959e-02
9.554311e-02
9.557663e-02
9.561016e-02
9.564370e-02
9.567725e-02
9.571080e-02
9.574437e-02
9.577794e-02
9.581152e-02
9.584511e-02
9.587870e-02
9.591231e-02
9.594592e-02
9.597955e-02
9.601318e-02
9.604683e-02
9.608048e-02
9.611415e-02
9.614782e-02
9.618151e-02
9.621520e-02
9.624890e-02
9.628262e-02
9.631634e-02
9.635008e-02
9.638383e-02
9.641759e-02
9.645136e-02
9.648514e-02
9.651894e-02
9.655275e-02
9.658657e-02
9.662040e-02
9.665424e-02
9.668810e-02
9.672197e-02
9.675585e-02
9.678974e-02
9.682365e-02
9.685756e-02
9.689149e-02
9.692543e-02
9.695939e-02
9.699335e-02
9.702733e-02
9.706131e-02
9.709530e-02
9.712931e-02
9.716332e-02
9.719734e-02
9.723137e-02
9.726541e-02
9.729946e-02
9.733352e-02
9.736758e-02
9.740165e-02
9.743573e-02
9.746982e-02
9.750392e-02
9.753802e-02
9.757213e-02
9.760625e-02
9.764037e-02
9.767451e-02
9.770865e-02
9.774279e-02
9.777695e-02
9.781111e-02
9.784528e-02
9.787945e-02
9.791363e-02
9.794782e-02
9.798201e-02
9.801620e-02
9.805041e-02
9.808461e-02
9.811882e-02
9.815304e-02
9.818726e-02
9.822147e-02
9.825569e-02
9.828991e-02
9.832413e-02
9.835834e-02
9.839256e-02
9.842681e-02
9.846106e-02
9.849531e-02
9.852956e-02
9.856381e-02
9.859806e-02
9.863230e-02
9.866655e-02
9.870080e-02
9.873505e-02
9.876930e-02
9.880356e-02
9.883782e-02
9.887207e-02
9.890633e-02
9.894059e-02
9.897485e-02
9.900910e-02
9.904336e-02
9.907762e-02
9.911188e-02
9.914614e-02
9.918041e-02
9.921467e-02
9.924893e-02
9.928320e-02
9.931747e-02
9.935174e-02
9.938601e-02
9.942028e-02
9.945455e-02
9.948883e-02
9.952311e-02
9.955738e-02
9.959167e-02
9.962595e-02
9.966024e-02
9.969453e-02
9.972882e-02
9.976312e-02
9.979743e-02
9.983174e-02
9.986606e-02
9.990038e-02
9.993471e-02
9.996904e-02
1.000034e-01
1.000377e-01
1.000721e-01
1.001064e-01
1.001408e-01
1.001751e-01
1.002095e-01
1.002438e-01
1.002782e-01
1.003126e-01
1.003470e-01
1.003814e-01
1.004158e-01
1.004502e-01
1.004846e-01
1.005190e-01
1.005534e-01
1.005878e-01
1.006223e-01
1.006567e-01
1.006911e-01
1.007256e-01
1.007600e-01
1.007945e-01
1.008289e-01
1.008634e-01
1.008979e-01
1.009324e-01
1.009669e-01
1.010014e-01
1.010359e-01
1.010704e-01
1.011049e-01
1.011394e-01
1.011739e-01
1.012085e-01
1.012430e-01
1.012776e-01
1.013121e-01
1.013467e-01
1.013813e-01
1.014158e-01
1.014504e-01
1.014850e-01
1.015196e-01
1.015542e-01
1.015889e-01
1.016235e-01
1.016581e-01
1.016928e-01
1.017274e-01
1.017621e-01
1.017968e-01
1.018314e-01
1.018661e-01
1.019008e-01
1.019355e-01
1.019702e-01
1.020049e-01
1.020397e-01
1.020744e-01
1.021091e-01
1.021439e-01
1.021787e-01
1.022134e-01
1.022482e-01
1.022830e-01
1.023178e-01
1.023526e-01
1.023874e-01
1.024222e-01
1.024571e-01
1.024919e-01
1.025268e-01
1.025616e-01
1.025965e-01
1.026314e-01
1.026663e-01
1.027012e-01
1.027361e-01
1.027711e-01
1.028060e-01
1.028410e-01
1.028759e-01
1.029109e-01
1.029459e-01
1.029809e-01
1.030159e-01
1.030509e-01
1.030860e-01
1.031210e-01
1.031561e-01
1.031911e-01
1.032262e-01
1.032613e-01
1.032964e-01
1.033315e-01
1.033666e-01
1.034017e-01
1.034368e-01
1.034720e-01
1.035071e-01
1.035423e-01
1.035775e-01
1.036126e-01
1.036478e-01
1.036830e-01
1.037182e-01
1.037535e-01
1.037887e-01
1.038239e-01
1.038592e-01
1.038944e-01
1.039297e-01
1.039650e-01
1.040003e-01
1.040355e-01
1.040708e-01
1.041062e-01
1.041415e-01
1.041768e-01
1.042121e-01
1.042475e-01
1.042828e-01
1.043182e-01
1.043536e-01
1.043890e-01
1.044243e-01
1.044597e-01
1.044951e-01
1.045305e-01
1.045660e-01
1.046014e-01
1.046368e-01
1.046723e-01
1.047077e-01
1.047432e-01
1.047786e-01
1.048141e-01
1.048496e-01
1.048851e-01
1.049206e-01
1.049561e-01
1.049916e-01
1.050271e-01
1.050626e-01
1.050981e-01
1.051336e-01
1.051692e-01
1.052047e-01
1.052402e-01
1.052758e-01
1.053113e-01
1.053469e-01
1.053825e-01
1.054180e-01
1.054536e-01
1.054892e-01
1.055248e-01
1.055604e-01
1.055960e-01
1.056316e-01
1.056672e-01
1.057029e-01
1.057385e-01
1.057741e-01
1.058098e-01
1.058454e-01
1.058811e-01
1.059168e-01
1.059525e-01
1.059881e-01
1.060238e-01
1.060595e-01
1.060952e-01
1.061309e-01
1.061667e-01
1.062024e-01
1.062381e-01
1.062739e-01
1.063096e-01
1.063454e-01
1.063811e-01
1.064169e-01
1.064527e-01
1.064885e-01
1.065243e-01
1.065601e-01
1.065959e-01
1.066317e-01
1.066675e-01
1.067033e-01
1.067392e-01
1.067750e-01
1.068109e-01
1.068467e-01
1.068826e-01
1.069185e-01
1.069544e-01
1.069903e-01
1.070262e-01
1.070621e-01
1.070980e-01
1.071339e-01
1.071699e-01
1.072058e-01
1.072417e-01
1.072777e-01
1.073137e-01
1.073496e-01
1.073856e-01
1.074216e-01
1.074576e-01
1.074936e-01
1.075296e-01
1.075656e-01
1.076017e-01
1.076377e-01
1.076737e-01
1.077098e-01
1.077458e-01
1.077819e-01
1.078180e-01
1.078541e-01
1.078902e-01
1.079263e-01
1.079624e-01
1.079985e-01
1.080346e-01
1.080707e-01
1.081069e-01
1.081430e-01
1.081791e-01
1.082153e-01
1.082515e-01
1.082876e-01
1.083238e-01
1.083600e-01
1.083962e-01
1.084324e-01
1.084686e-01
1.085048e-01
1.085410e-01
1.085772e-01
1.086135e-01
1.086497e-01
1.086859e-01
1.087222e-01
1.087585e-01
1.087947e-01
1.088310e-01
1.088673e-01
1.089036e-01
1.089399e-01
1.089762e-01
1.090125e-01
1.090488e-01
1.090851e-01
1.091215e-01
1.091578e-01
1.091941e-01
1.092305e-01
1.092669e-01
1.093032e-01
1.093396e-01
1.093760e-01
1.094124e-01
1.094488e-01
1.094852e-01
1.095216e-01
1.095580e-01
1.095944e-01
1.096309e-01
1.096673e-01
1.097037e-01
1.097402e-01
1.097766e-01
1.098131e-01
1.098496e-01
1.098861e-01
1.099226e-01
1.099590e-01
1.099955e-01
1.100321e-01
1.100686e-01
1.101051e-01
1.101416e-01
1.101782e-01
1.102147e-01
1.102512e-01
1.102878e-01
1.103244e-01
1.103609e-01
1.103975e-01
1.104341e-01
1.104706e-01
1.105072e-01
1.105438e-01
1.105803e-01
1.106169e-01
1.106535e-01
1.106900e-01
1.107266e-01
1.107632e-01
1.107998e-01
1.108363e-01
1.108729e-01
1.109095e-01
1.109461e-01
1.109827e-01
1.110192e-01
1.110558e-01
1.110924e-01
1.111290e-01
1.111656e-01
1.112021e-01
1.112387e-01
1.112753e-01
1.113119e-01
1.113484e-01
1.113850e-01
1.114216e-01
1.114582e-01
1.114948e-01
1.115313e-01
1.115679e-01
1.116045e-01
1.116411e-01
1.116776e-01
1.117142e-01
1.117508e-01
1.117873e-01
1.118239e-01
1.118605e-01
1.118970e-01
1.119336e-01
1.119702e-01
1.120068e-01
1.120433e-01
1.120799e-01
1.121165e-01
1.121530e-01
1.121896e-01
1.122262e-01
1.122627e-01
1.122993e-01
1.123359e-01
1.123724e-01
1.124090e-01
1.124459e-01
1.124828e-01
1.125197e-01
1.125566e-01
1.125935e-01
1.126304e-01
1.126674e-01
1.127043e-01
1.127412e-01
1.127731e-01
1.128066e-01
1.128416e-01
1.128733e-01
1.129066e-01
1.129388e-01
1.129726e-01
1.130051e-01
1.130394e-01
1.130723e-01
1.131070e-01
1.131404e-01
1.131757e-01
1.132095e-01
1.132443e-01
1.132787e-01
1.133142e-01
1.133492e-01
1.133851e-01
1.134205e-01
1.134567e-01
1.134923e-01
1.135288e-01
1.135645e-01
1.136012e-01
1.136371e-01
1.136739e-01
1.137100e-01
1.137469e-01
1.137832e-01
1.138201e-01
1.138565e-01
1.138934e-01
1.139301e-01
1.139671e-01
1.140040e-01
1.140409e-01
1.140778e-01
1.141147e-01
1.141516e-01
1.141885e-01
1.142254e-01
1.142623e-01
1.142993e-01
1.143362e-01
1.143731e-01
1.144100e-01
1.144469e-01
1.144838e-01
1.145207e-01
1.145576e-01
1.145945e-01
1.146314e-01
1.146683e-01
1.147053e-01
1.147422e-01
1.147791e-01
1.148160e-01
1.148529e-01
1.148898e-01
1.149267e-01
1.149636e-01
1.150005e-01
1.150374e-01
1.150743e-01
1.151112e-01
1.151481e-01
1.151850e-01
1.152219e-01
1.152588e-01
1.152957e-01
1.153326e-01
1.153695e-01
1.154064e-01
1.154433e-01
1.154802e-01
1.155171e-01
1.155540e-01
1.155908e-01
1.156277e-01
1.156646e-01
1.157015e-01
1.157384e-01
1.157752e-01
1.158121e-01
1.158490e-01
1.158859e-01
1.159227e-01
1.159596e-01
1.159965e-01
1.160333e-01
1.160702e-01
1.161070e-01
1.161439e-01
1.161807e-01
1.162176e-01
1.162544e-01
1.162913e-01
1.163281e-01
1.163649e-01
1.164018e-01
1.164386e-01
1.164754e-01
1.165122e-01
1.165491e-01
1.165859e-01
1.166227e-01
1.166595e-01
1.166963e-01
1.167331e-01
1.167699e-01
1.168067e-01
1.168435e-01
1.168803e-01
1.169171e-01
1.169539e-01
1.169906e-01
1.170274e-01
1.170642e-01
1.171009e-01
1.171377e-01
1.171744e-01
1.172112e-01
1.172479e-01
1.172847e-01
1.173214e-01
1.173582e-01
1.173949e-01
1.174316e-01
1.174683e-01
1.175051e-01
1.175418e-01
1.175785e-01
1.176152e-01
1.176519e-01
1.176886e-01
1.177253e-01
1.177620e-01
1.177987e-01
1.178354e-01
1.178721e-01
1.179088e-01
1.179454e-01
1.179821e-01
1.180188e-01
1.180555e-01
1.180921e-01
1.181288e-01
1.181655e-01
1.182022e-01
1.182388e-01
1.182755e-01
1.183121e-01
1.183488e-01
1.183854e-01
1.184221e-01
1.184588e-01
1.184954e-01
1.185320e-01
1.185637e-01
1.185986e-01
1.186303e-01
1.186652e-01
1.186969e-01
1.187309e-01
1.187626e-01
1.187961e-01
1.188278e-01
1.188612e-01
1.188929e-01
1.189262e-01
1.189579e-01
1.189911e-01
1.190258e-01
1.190591e-01
1.190937e-01
1.191269e-01
1.191614e-01
1.191947e-01
1.192291e-01
1.192624e-01
1.192968e-01
1.193301e-01
1.193646e-01
1.193980e-01
1.194326e-01
1.194661e-01
1.195008e-01
1.195345e-01
1.195694e-01
1.196033e-01
1.196385e-01
1.196727e-01
1.197083e-01
1.197429e-01
1.197790e-01
1.198141e-01
1.198508e-01
1.198865e-01
1.199231e-01
1.199590e-01
1.199956e-01
1.200322e-01
1.200642e-01
1.200974e-01
1.201318e-01
1.201638e-01
1.201953e-01
1.202275e-01
1.202591e-01
1.202915e-01
1.203232e-01
1.203560e-01
1.203899e-01
1.204248e-01
1.204608e-01
1.204964e-01
1.205330e-01
1.205687e-01
1.206052e-01
1.206418e-01
1.206783e-01
1.207107e-01
1.207442e-01
1.207789e-01
1.208110e-01
1.208442e-01
1.208766e-01
1.209100e-01
1.209446e-01
1.209803e-01
1.210130e-01
1.210468e-01
1.210798e-01
1.211139e-01
1.211471e-01
1.211816e-01
1.212152e-01
1.212502e-01
1.212842e-01
1.213198e-01
1.213542e-01
1.213905e-01
1.214256e-01
1.214621e-01
1.214979e-01
1.215344e-01
1.215710e-01
1.216075e-01
1.216441e-01
1.216806e-01
1.217170e-01
1.217536e-01
1.217897e-01
1.218263e-01
1.218622e-01
1.218988e-01
1.219345e-01
1.219710e-01
1.220065e-01
1.220431e-01
1.220783e-01
1.221147e-01
1.221498e-01
1.221860e-01
1.222209e-01
1.222569e-01
1.222916e-01
1.223274e-01
1.223620e-01
1.223977e-01
1.224321e-01
1.224676e-01
1.225018e-01
1.225371e-01
1.225712e-01
1.226063e-01
1.226403e-01
1.226752e-01
1.227090e-01
1.227437e-01
1.227773e-01
1.228118e-01
1.228453e-01
1.228796e-01
1.229152e-01
1.229493e-01
1.229847e-01
1.230186e-01
1.230536e-01
1.230898e-01
1.231264e-01
1.231631e-01
1.231997e-01
1.232363e-01
1.232729e-01
1.233096e-01
1.233462e-01
1.233828e-01
1.234195e-01
1.234561e-01
1.234928e-01
1.235294e-01
1.235661e-01
1.236027e-01
1.236394e-01
1.236760e-01
1.237127e-01
1.237493e-01
1.237860e-01
1.238227e-01
1.238593e-01
1.238960e-01
1.239327e-01
1.239693e-01
1.240060e-01
1.240428e-01
1.240795e-01
1.241163e-01
1.241531e-01
1.241898e-01
1.242266e-01
1.242634e-01
1.243001e-01
1.243369e-01
1.243737e-01
1.244104e-01
1.244472e-01
1.244840e-01
1.245208e-01
1.245576e-01
1.245943e-01
1.246311e-01
1.246679e-01
1.247047e-01
1.247415e-01
1.247783e-01
1.248151e-01
1.248518e-01
1.248886e-01
1.249254e-01
1.249622e-01
1.249990e-01
1.250358e-01
1.250726e-01
1.251094e-01
1.251462e-01
1.251829e-01
1.252197e-01
1.252511e-01
1.252856e-01
1.253173e-01
1.253521e-01
1.253841e-01
1.254192e-01
1.254515e-01
1.254870e-01
1.255197e-01
1.255549e-01
1.255880e-01
1.256233e-01
1.256569e-01
1.256924e-01
1.257265e-01
1.257626e-01
1.257975e-01
1.258341e-01
1.258700e-01
1.259065e-01
1.259429e-01
1.259796e-01
1.260164e-01
1.260532e-01
1.260900e-01
1.261268e-01
1.261635e-01
1.262003e-01
1.262371e-01
1.262738e-01
1.263106e-01
1.263474e-01
1.263842e-01
1.264209e-01
1.264577e-01
1.264945e-01
1.265312e-01
1.265680e-01
1.266047e-01
1.266415e-01
1.266783e-01
1.267150e-01
1.267518e-01
1.267885e-01
1.268253e-01
1.268620e-01
1.268988e-01
1.269355e-01
1.269723e-01
1.270090e-01
1.270457e-01
1.270825e-01
1.271192e-01
1.271559e-01
1.271927e-01
1.272294e-01
1.272661e-01
1.273029e-01
1.273396e-01
1.273763e-01
1.274131e-01
1.274498e-01
1.274864e-01
1.275231e-01
1.275592e-01
1.275959e-01
1.276315e-01
1.276682e-01
1.277033e-01
1.277400e-01
1.277745e-01
1.278113e-01
1.278453e-01
1.278821e-01
1.279159e-01
1.279526e-01
1.279862e-01
1.280230e-01
1.280563e-01
1.280930e-01
1.281263e-01
1.281628e-01
1.281959e-01
1.282323e-01
1.282653e-01
1.283016e-01
1.283345e-01
1.283707e-01
1.284035e-01
1.284396e-01
1.284724e-01
1.285084e-01
1.285411e-01
1.285771e-01
1.286098e-01
1.286458e-01
1.286785e-01
1.287145e-01
1.287473e-01
1.287834e-01
1.288162e-01
1.288524e-01
1.288854e-01
1.289217e-01
1.289549e-01
1.289915e-01
1.290249e-01
1.290617e-01
1.290955e-01
1.291323e-01
1.291664e-01
1.292032e-01
1.292379e-01
1.292747e-01
1.293101e-01
1.293469e-01
1.293833e-01
1.294200e-01
1.294568e-01
1.294936e-01
1.295303e-01
1.295671e-01
1.296039e-01
1.296406e-01
1.296774e-01
1.297141e-01
1.297509e-01
1.297876e-01
1.298244e-01
1.298611e-01
1.298979e-01
1.299346e-01
1.299713e-01
1.300081e-01
1.300448e-01
1.300815e-01
1.301182e-01
1.301549e-01
1.301917e-01
1.302284e-01
1.302651e-01
1.303018e-01
1.303385e-01
1.303752e-01
1.304119e-01
1.304485e-01
1.304852e-01
1.305219e-01
1.305586e-01
1.305953e-01
1.306319e-01
1.306686e-01
1.307053e-01
1.307420e-01
1.307787e-01
1.308153e-01
1.308520e-01
1.308887e-01
1.309253e-01
1.309620e-01
1.309987e-01
1.310353e-01
1.310720e-01
1.311086e-01
1.311453e-01
1.311819e-01
1.312185e-01
1.312552e-01
1.312918e-01
1.313284e-01
1.313651e-01
1.314017e-01
1.314319e-01
1.314652e-01
1.314954e-01
1.315263e-01
1.315579e-01
1.315886e-01
1.316199e-01
1.316506e-01
1.316810e-01
1.317120e-01
1.317423e-01
1.317733e-01
1.318036e-01
1.318347e-01
1.318650e-01
1.318961e-01
1.319265e-01
1.319576e-01
1.319880e-01
1.320191e-01
1.320495e-01
1.320807e-01
1.321112e-01
1.321424e-01
1.321728e-01
1.322041e-01
1.322346e-01
1.322659e-01
1.322965e-01
1.323278e-01
1.323584e-01
1.323898e-01
1.324205e-01
1.324520e-01
1.324827e-01
1.325142e-01
1.325450e-01
1.325767e-01
1.326075e-01
1.326393e-01
1.326701e-01
1.327020e-01
1.327330e-01
1.327650e-01
1.327960e-01
1.328281e-01
1.328589e-01
1.328905e-01
1.329219e-01
1.329534e-01
1.329859e-01
1.330198e-01
1.330557e-01
1.330923e-01
1.331289e-01
1.331655e-01
1.332022e-01
1.332388e-01
1.332754e-01
1.333120e-01
1.333486e-01
1.333852e-01
1.334218e-01
1.334584e-01
1.334950e-01
1.335316e-01
1.335682e-01
1.336048e-01
1.336415e-01
1.336781e-01
1.337147e-01
1.337513e-01
1.337879e-01
1.338245e-01
1.338611e-01
1.338978e-01
1.339344e-01
1.339710e-01
1.340076e-01
1.340442e-01
1.340808e-01
1.341175e-01
1.341541e-01
1.341907e-01
1.342273e-01
1.342639e-01
1.343005e-01
1.343372e-01
1.343738e-01
1.344104e-01
1.344470e-01
1.344837e-01
1.345203e-01
1.345569e-01
1.345935e-01
1.346302e-01
1.346668e-01
1.347034e-01
1.347400e-01
1.347767e-01
1.348133e-01
1.348499e-01
1.348866e-01
1.349232e-01
1.349598e-01
1.349965e-01
1.350331e-01
1.350697e-01
1.351064e-01
1.351430e-01
1.351796e-01
1.352163e-01
1.352529e-01
1.352896e-01
1.353262e-01
1.353629e-01
1.353995e-01
1.354361e-01
1.354728e-01
1.355094e-01
1.355461e-01
1.355827e-01
1.356194e-01
1.356560e-01
1.356927e-01
1.357293e-01
1.357660e-01
1.358026e-01
1.358393e-01
1.358759e-01
1.359126e-01
1.359493e-01
1.359859e-01
1.360226e-01
1.360592e-01
1.360959e-01
1.361325e-01
1.361692e-01
1.362059e-01
1.362425e-01
1.362792e-01
1.363158e-01
1.363525e-01
1.363892e-01
1.364258e-01
1.364625e-01
1.364992e-01
1.365358e-01
1.365725e-01
1.366092e-01
1.366459e-01
1.366825e-01
1.367192e-01
1.367559e-01
1.367925e-01
1.368292e-01
1.368659e-01
1.369026e-01
1.369392e-01
1.369759e-01
1.370126e-01
1.370493e-01
1.370860e-01
1.371226e-01
1.371593e-01
1.371960e-01
1.372327e-01
1.372693e-01
1.373060e-01
1.373427e-01
1.373794e-01
1.374161e-01
1.374527e-01
1.374894e-01
1.375261e-01
1.375628e-01
1.375995e-01
1.376361e-01
1.376728e-01
1.377095e-01
1.377462e-01
1.377829e-01
1.378195e-01
1.378562e-01
1.378929e-01
1.379296e-01
1.379663e-01
1.380030e-01
1.380396e-01
1.380763e-01
1.381130e-01
1.381497e-01
1.381864e-01
1.382230e-01
1.382597e-01
1.382964e-01
1.383331e-01
1.383697e-01
1.384064e-01
1.384431e-01
1.384797e-01
1.385163e-01
1.385530e-01
1.385896e-01
1.386262e-01
1.386628e-01
1.386994e-01
1.387360e-01
1.387725e-01
1.388091e-01
1.388456e-01
1.388822e-01
1.389187e-01
1.389552e-01
1.389917e-01
1.390282e-01
1.390647e-01
1.391012e-01
1.391377e-01
1.391741e-01
1.392106e-01
1.392470e-01
1.392834e-01
1.393198e-01
1.393562e-01
1.393926e-01
1.394290e-01
1.394653e-01
1.395017e-01
1.395380e-01
1.395743e-01
1.396106e-01
1.396469e-01
1.396832e-01
1.397195e-01
1.397557e-01
1.397920e-01
1.398282e-01
1.398644e-01
1.399006e-01
1.399368e-01
1.399730e-01
1.400092e-01
1.400454e-01
1.400815e-01
1.401177e-01
1.401538e-01
1.401899e-01
1.402260e-01
1.402621e-01
1.402982e-01
1.403343e-01
1.403704e-01
1.404064e-01
1.404425e-01
1.404786e-01
1.405146e-01
1.405507e-01
1.405867e-01
1.406228e-01
1.406588e-01
1.406948e-01
1.407309e-01
1.407669e-01
1.408029e-01
1.408389e-01
1.408749e-01
1.409110e-01
1.409470e-01
1.409830e-01
1.410190e-01
1.410550e-01
1.410911e-01
1.411271e-01
1.411631e-01
1.411991e-01
1.412351e-01
1.412712e-01
1.413072e-01
1.413432e-01
1.413792e-01
1.414152e-01
1.414512e-01
1.414873e-01
1.415233e-01
1.415593e-01
1.415953e-01
1.416314e-01
1.416674e-01
1.417034e-01
1.417395e-01
1.417755e-01
1.418115e-01
1.418476e-01
1.418836e-01
1.419197e-01
1.419557e-01
1.419917e-01
1.420278e-01
1.420638e-01
1.420998e-01
1.421358e-01
1.421719e-01
1.422079e-01
1.422439e-01
1.422800e-01
1.423160e-01
1.423520e-01
1.423880e-01
1.424241e-01
1.424601e-01
1.424961e-01
1.425321e-01
1.425681e-01
1.426042e-01
1.426402e-01
1.426762e-01
1.427122e-01
1.427482e-01
1.427842e-01
1.428202e-01
1.428562e-01
1.428922e-01
1.429282e-01
1.429642e-01
1.430002e-01
1.430362e-01
1.430722e-01
1.431082e-01
1.431442e-01
1.431802e-01
1.432161e-01
1.432521e-01
1.432881e-01
1.433241e-01
1.433601e-01
1.433960e-01
1.434320e-01
1.434680e-01
1.435039e-01
1.435399e-01
1.435759e-01
1.436118e-01
1.436478e-01
1.436837e-01
1.437197e-01
1.437557e-01
1.437916e-01
1.438275e-01
1.438635e-01
1.438994e-01
1.439354e-01
1.439713e-01
1.440073e-01
1.440432e-01
1.440791e-01
1.441151e-01
1.441510e-01
1.441869e-01
1.442228e-01
1.442588e-01
1.442947e-01
1.443306e-01
1.443666e-01
1.444025e-01
1.444384e-01
1.444743e-01
1.445102e-01
1.445462e-01
1.445821e-01
1.446180e-01
1.446539e-01
1.446899e-01
1.447258e-01
1.447617e-01
1.447976e-01
1.448336e-01
1.448695e-01
1.449054e-01
1.449413e-01
1.449772e-01
1.450131e-01
1.450490e-01
1.450849e-01
1.451208e-01
1.451567e-01
1.451926e-01
1.452285e-01
1.452644e-01
1.453003e-01
1.453335e-01
1.453685e-01
1.454044e-01
1.454388e-01
1.454747e-01
1.455098e-01
1.455439e-01
1.455795e-01
1.456141e-01
1.456500e-01
1.456848e-01
1.457207e-01
1.457557e-01
1.457916e-01
1.458274e-01
1.458633e-01
1.458992e-01
1.459351e-01
1.459709e-01
1.460068e-01
1.460427e-01
1.460786e-01
1.461144e-01
1.461503e-01
1.461862e-01
1.462220e-01
1.462579e-01
1.462938e-01
1.463296e-01
1.463655e-01
1.464013e-01
1.464372e-01
1.464731e-01
1.465089e-01
1.465448e-01
1.465806e-01
1.466165e-01
1.466523e-01
1.466882e-01
1.467240e-01
1.467599e-01
1.467957e-01
1.468316e-01
1.468674e-01
1.469033e-01
1.469391e-01
1.469749e-01
1.470108e-01
1.470466e-01
1.470825e-01
1.471183e-01
1.471541e-01
1.471900e-01
1.472258e-01
1.472616e-01
1.472974e-01
1.473333e-01
1.473691e-01
1.474049e-01
1.474407e-01
1.474766e-01
1.475124e-01
1.475482e-01
1.475840e-01
1.476198e-01
1.476556e-01
1.476915e-01
1.477273e-01
1.477631e-01
1.477989e-01
1.478347e-01
1.478705e-01
1.479063e-01
1.479421e-01
1.479780e-01
1.480138e-01
1.480496e-01
1.480854e-01
1.481212e-01
1.481570e-01
1.481928e-01
1.482286e-01
1.482644e-01
1.483002e-01
1.483347e-01
1.483705e-01
1.484063e-01
1.484421e-01
1.484779e-01
1.485138e-01
1.485496e-01
1.485854e-01
1.486212e-01
1.486570e-01
1.486928e-01
1.487286e-01
1.487644e-01
1.488002e-01
1.488360e-01
1.488718e-01
1.489076e-01
1.489434e-01
1.489792e-01
1.490150e-01
1.490508e-01
1.490866e-01
1.491224e-01
1.491582e-01
1.491940e-01
1.492297e-01
1.492655e-01
1.493013e-01
1.493371e-01
1.493729e-01
1.494087e-01
1.494445e-01
1.494803e-01
1.495161e-01
1.495519e-01
1.495876e-01
1.496234e-01
1.496592e-01
1.496950e-01
1.497307e-01
1.497665e-01
1.498023e-01
1.498381e-01
1.498738e-01
1.499096e-01
1.499453e-01
1.499811e-01
1.500168e-01
1.500526e-01
1.500883e-01
1.501241e-01
1.501598e-01
1.501955e-01
1.502312e-01
1.502670e-01
1.503027e-01
1.503384e-01
1.503741e-01
1.504097e-01
1.504454e-01
1.504811e-01
1.505168e-01
1.505524e-01
1.505881e-01
1.506237e-01
1.506593e-01
1.506950e-01
1.507306e-01
1.507662e-01
1.508018e-01
1.508374e-01
1.508729e-01
1.509085e-01
1.509441e-01
1.509796e-01
1.510151e-01
1.510507e-01
1.510862e-01
1.511217e-01
1.511572e-01
1.511926e-01
1.512281e-01
1.512636e-01
1.512990e-01
1.513344e-01
1.513699e-01
1.514053e-01
1.514407e-01
1.514761e-01
1.515114e-01
1.515468e-01
1.515821e-01
1.516175e-01
1.516528e-01
1.516881e-01
1.517234e-01
1.517587e-01
1.517939e-01
1.518292e-01
1.518644e-01
1.518996e-01
1.519348e-01
1.519700e-01
1.520052e-01
1.520404e-01
1.520755e-01
1.521106e-01
1.521457e-01
1.521808e-01
1.522159e-01
1.522510e-01
1.522860e-01
1.523211e-01
1.523561e-01
1.523911e-01
1.524261e-01
1.524611e-01
1.524961e-01
1.525310e-01
1.525660e-01
1.526009e-01
1.526358e-01
1.526708e-01
1.527057e-01
1.527406e-01
1.527755e-01
1.528104e-01
1.528453e-01
1.528802e-01
1.529151e-01
1.529500e-01
1.529849e-01
1.530197e-01
1.530546e-01
1.530895e-01
1.531244e-01
1.531593e-01
1.531942e-01
1.532291e-01
1.532640e-01
1.532989e-01
1.533338e-01
1.533685e-01
1.534034e-01
1.534383e-01
1.534732e-01
1.535082e-01
1.535431e-01
1.535780e-01
1.536129e-01
1.536479e-01
1.536828e-01
1.537177e-01
1.537527e-01
1.537876e-01
1.538226e-01
1.538575e-01
1.538924e-01
1.539274e-01
1.539623e-01
1.539973e-01
1.540322e-01
1.540672e-01
1.541021e-01
1.541371e-01
1.541720e-01
1.542070e-01
1.542419e-01
1.542769e-01
1.543118e-01
1.543468e-01
1.543818e-01
1.544167e-01
1.544517e-01
1.544866e-01
1.545216e-01
1.545565e-01
1.545915e-01
1.546264e-01
1.546614e-01
1.546963e-01
1.547313e-01
1.547662e-01
1.548012e-01
1.548361e-01
1.548710e-01
1.549060e-01
1.549409e-01
1.549759e-01
1.550108e-01
1.550457e-01
1.550807e-01
1.551156e-01
1.551505e-01
1.551855e-01
1.552204e-01
1.552553e-01
1.552902e-01
1.553251e-01
1.553601e-01
1.553950e-01
1.554299e-01
1.554648e-01
1.554997e-01
1.555346e-01
1.555695e-01
1.556044e-01
1.556393e-01
1.556742e-01
1.557090e-01
1.557439e-01
1.557788e-01
1.558137e-01
1.558485e-01
1.558834e-01
1.559183e-01
1.559531e-01
1.559880e-01
1.560228e-01
1.560577e-01
1.560925e-01
1.561273e-01
1.561622e-01
1.561970e-01
1.562318e-01
1.562666e-01
1.563014e-01
1.563362e-01
1.563710e-01
1.564058e-01
1.564406e-01
1.564754e-01
1.565102e-01
1.565450e-01
1.565798e-01
1.566145e-01
1.566493e-01
1.566840e-01
1.567188e-01
1.567535e-01
1.567883e-01
1.568230e-01
1.568577e-01
1.568925e-01
1.569272e-01
1.569619e-01
1.569966e-01
1.570313e-01
1.570660e-01
1.571006e-01
1.571353e-01
1.571700e-01
1.572046e-01
1.572393e-01
1.572739e-01
1.573086e-01
1.573432e-01
1.573778e-01
1.574125e-01
1.574471e-01
1.574817e-01
1.575163e-01
1.575509e-01
1.575855e-01
1.576201e-01
1.576547e-01
1.576893e-01
1.577239e-01
1.577585e-01
1.577930e-01
1.578276e-01
1.578622e-01
1.578968e-01
1.579313e-01
1.579659e-01
1.580005e-01
1.580350e-01
1.580696e-01
1.581042e-01
1.581387e-01
1.581732e-01
1.582078e-01
1.582423e-01
1.582769e-01
1.583104e-01
1.583449e-01
1.583786e-01
1.584132e-01
1.584471e-01
1.584816e-01
1.585162e-01
1.585507e-01
1.585850e-01
1.586195e-01
1.586540e-01
1.586886e-01
1.587231e-01
1.587577e-01
1.587922e-01
1.588268e-01
1.588613e-01
1.588959e-01
1.589304e-01
1.589650e-01
1.589995e-01
1.590341e-01
1.590686e-01
1.591032e-01
1.591377e-01
1.591723e-01
1.592068e-01
1.592414e-01
1.592760e-01
1.593105e-01
1.593451e-01
1.593796e-01
1.594142e-01
1.594488e-01
1.594834e-01
1.595179e-01
1.595525e-01
1.595871e-01
1.596217e-01
1.596563e-01
1.596909e-01
1.597254e-01
1.597600e-01
1.597946e-01
1.598292e-01
1.598638e-01
1.598984e-01
1.599330e-01
1.599676e-01
1.600022e-01
1.600368e-01
1.600715e-01
1.601061e-01
1.601407e-01
1.601753e-01
1.602099e-01
1.602445e-01
1.602792e-01
1.603138e-01
1.603484e-01
1.603830e-01
1.604177e-01
1.604523e-01
1.604869e-01
1.605216e-01
1.605562e-01
1.605908e-01
1.606255e-01
1.606601e-01
1.606947e-01
1.607294e-01
1.607640e-01
1.607987e-01
1.608333e-01
1.608679e-01
1.609026e-01
1.609372e-01
1.609719e-01
1.610065e-01
1.610412e-01
1.610758e-01
1.611104e-01
1.611451e-01
1.611797e-01
1.612143e-01
1.612490e-01
1.612836e-01
1.613183e-01
1.613529e-01
1.613875e-01
1.614221e-01
1.614568e-01
1.614914e-01
1.615260e-01
1.615606e-01
1.615953e-01
1.616299e-01
1.616645e-01
1.616991e-01
1.617337e-01
1.617683e-01
1.618029e-01
1.618375e-01
1.618721e-01
1.619066e-01
1.619412e-01
1.619758e-01
1.620104e-01
1.620450e-01
1.620795e-01
1.621141e-01
1.621487e-01
1.621832e-01
1.622178e-01
1.622523e-01
1.622869e-01
1.623214e-01
1.623560e-01
1.623905e-01
1.624250e-01
1.624596e-01
1.624941e-01
1.625286e-01
1.625631e-01
1.625976e-01
1.626321e-01
1.626666e-01
1.627011e-01
1.627356e-01
1.627701e-01
1.628046e-01
1.628390e-01
1.628735e-01
1.629080e-01
1.629425e-01
1.629770e-01
1.630114e-01
1.630459e-01
1.630804e-01
1.631148e-01
1.631493e-01
1.631838e-01
1.632182e-01
1.632527e-01
1.632872e-01
1.633216e-01
1.633561e-01
1.633905e-01
1.634250e-01
1.634594e-01
1.634939e-01
1.635284e-01
1.635628e-01
1.635973e-01
1.636317e-01
1.636662e-01
1.637007e-01
1.637351e-01
1.637696e-01
1.638041e-01
1.638385e-01
1.638730e-01
1.639075e-01
1.639420e-01
1.639764e-01
1.640109e-01
1.640454e-01
1.640799e-01
1.641144e-01
1.641489e-01
1.641834e-01
1.642179e-01
1.642524e-01
1.642869e-01
1.643214e-01
1.643559e-01
1.643904e-01
1.644249e-01
1.644595e-01
1.644940e-01
1.645285e-01
1.645631e-01
1.645976e-01
1.646321e-01
1.646667e-01
1.647012e-01
1.647358e-01
1.647703e-01
1.648049e-01
1.648394e-01
1.648740e-01
1.649086e-01
1.649431e-01
1.649777e-01
1.650123e-01
1.650469e-01
1.650815e-01
1.651161e-01
1.651507e-01
1.651853e-01
1.652200e-01
1.652546e-01
1.652892e-01
1.653239e-01
1.653585e-01
1.653931e-01
1.654278e-01
1.654624e-01
1.654971e-01
1.655317e-01
1.655664e-01
1.656010e-01
1.656357e-01
1.656703e-01
1.657050e-01
1.657397e-01
1.657744e-01
1.658090e-01
1.658437e-01
1.658784e-01
1.659131e-01
1.659478e-01
1.659825e-01
1.660172e-01
1.660519e-01
1.660866e-01
1.661213e-01
1.661560e-01
1.661907e-01
1.662255e-01
1.662602e-01
1.662949e-01
1.663296e-01
1.663644e-01
1.663991e-01
1.664339e-01
1.664686e-01
1.665033e-01
1.665381e-01
1.665728e-01
1.666076e-01
1.666423e-01
1.666771e-01
1.667119e-01
1.667466e-01
1.667814e-01
1.668162e-01
1.668509e-01
1.668857e-01
1.669205e-01
1.669553e-01
1.669901e-01
1.670249e-01
1.670597e-01
1.670944e-01
1.671292e-01
1.671640e-01
1.671988e-01
1.672336e-01
1.672685e-01
1.673033e-01
1.673381e-01
1.673729e-01
1.674077e-01
1.674425e-01
1.674774e-01
1.675122e-01
1.675470e-01
1.675818e-01
1.676167e-01
1.676515e-01
1.676864e-01
1.677212e-01
1.677560e-01
1.677909e-01
1.678257e-01
1.678606e-01
1.678954e-01
1.679303e-01
1.679651e-01
1.680001e-01
1.680350e-01
1.680700e-01
1.681050e-01
1.681399e-01
1.681749e-01
1.682098e-01
1.682448e-01
1.682798e-01
1.683148e-01
1.683497e-01
1.683847e-01
1.684197e-01
1.684547e-01
1.684896e-01
1.685246e-01
1.685596e-01
1.685946e-01
1.686296e-01
1.686646e-01
1.686996e-01
1.687346e-01
1.687696e-01
1.688046e-01
1.688396e-01
1.688746e-01
1.689096e-01
1.689446e-01
1.689796e-01
1.690146e-01
1.690496e-01
1.690846e-01
1.691196e-01
1.691547e-01
1.691897e-01
1.692247e-01
1.692597e-01
1.692947e-01
1.693298e-01
1.693648e-01
1.693998e-01
1.694348e-01
1.694699e-01
1.695049e-01
1.695399e-01
1.695750e-01
1.696100e-01
1.696450e-01
1.696801e-01
1.697151e-01
1.697501e-01
1.697852e-01
1.698202e-01
1.698553e-01
1.698903e-01
1.699253e-01
1.699604e-01
1.699954e-01
1.700305e-01
1.700655e-01
1.701006e-01
1.701356e-01
1.701707e-01
1.702057e-01
1.702408e-01
1.702758e-01
1.703109e-01
1.703459e-01
1.703810e-01
1.704160e-01
1.704511e-01
1.704862e-01
1.705212e-01
1.705563e-01
1.705913e-01
1.706264e-01
1.706615e-01
1.706965e-01
1.707316e-01
1.707667e-01
1.708017e-01
1.708368e-01
1.708719e-01
1.709069e-01
1.709420e-01
1.709771e-01
1.710121e-01
1.710472e-01
1.710823e-01
1.711173e-01
1.711524e-01
1.711875e-01
1.712225e-01
1.712576e-01
1.712927e-01
1.713278e-01
1.713628e-01
1.713979e-01
1.714330e-01
1.714680e-01
1.715031e-01
1.715382e-01
1.715733e-01
1.716083e-01
1.716434e-01
1.716785e-01
1.717136e-01
1.717486e-01
1.717837e-01
1.718188e-01
1.718539e-01
1.718889e-01
1.719240e-01
1.719591e-01
1.719942e-01
1.720292e-01
1.720643e-01
1.720994e-01
1.721345e-01
1.721695e-01
1.722046e-01
1.722397e-01
1.722747e-01
1.723098e-01
1.723449e-01
1.723800e-01
1.724150e-01
1.724501e-01
1.724852e-01
1.725203e-01
1.725553e-01
1.725904e-01
1.726255e-01
1.726605e-01
1.726956e-01
1.727307e-01
1.727657e-01
1.728008e-01
1.728359e-01
1.728709e-01
1.729060e-01
1.729411e-01
1.729761e-01
1.730112e-01
1.730463e-01
1.730814e-01
1.731164e-01
1.731515e-01
1.731866e-01
1.732216e-01
1.732567e-01
1.732918e-01
1.733268e-01
1.733619e-01
1.733970e-01
1.734320e-01
1.734671e-01
1.735022e-01
1.735372e-01
1.735723e-01
1.736074e-01
1.736424e-01
1.736775e-01
1.737125e-01
1.737476e-01
1.737826e-01
1.738177e-01
1.738527e-01
1.738878e-01
1.739228e-01
1.739579e-01
1.739929e-01
1.740280e-01
1.740630e-01
1.740981e-01
1.741331e-01
1.741681e-01
1.742032e-01
1.742382e-01
1.742732e-01
1.743082e-01
1.743433e-01
1.743783e-01
1.744133e-01
1.744483e-01
1.744833e-01
1.745183e-01
1.745533e-01
1.745884e-01
1.746233e-01
1.746583e-01
1.746933e-01
1.747283e-01
1.747633e-01
1.747983e-01
1.748333e-01
1.748682e-01
1.749032e-01
1.749382e-01
1.749731e-01
1.750081e-01
1.750430e-01
1.750780e-01
1.751129e-01
1.751478e-01
1.751827e-01
1.752176e-01
1.752526e-01
1.752875e-01
1.753223e-01
1.753572e-01
1.753921e-01
1.754270e-01
1.754618e-01
1.754966e-01
1.755315e-01
1.755663e-01
1.756011e-01
1.756359e-01
1.756707e-01
1.757054e-01
1.757402e-01
1.757749e-01
1.758097e-01
1.758444e-01
1.758791e-01
1.759138e-01
1.759485e-01
1.759831e-01
1.760178e-01
1.760524e-01
1.760870e-01
1.761217e-01
1.761563e-01
1.761909e-01
1.762255e-01
1.762600e-01
1.762946e-01
1.763292e-01
1.763637e-01
1.763983e-01
1.764328e-01
1.764673e-01
1.765018e-01
1.765363e-01
1.765708e-01
1.766053e-01
1.766398e-01
1.766743e-01
1.767087e-01
1.767432e-01
1.767776e-01
1.768121e-01
1.768465e-01
1.768809e-01
1.769153e-01
1.769498e-01
1.769842e-01
1.770186e-01
1.770530e-01
1.770874e-01
1.771218e-01
1.771562e-01
1.771905e-01
1.772249e-01
1.772593e-01
1.772937e-01
1.773281e-01
1.773625e-01
1.773969e-01
1.774313e-01
1.774657e-01
1.775001e-01
1.775345e-01
1.775689e-01
1.776033e-01
1.776377e-01
1.776721e-01
1.777065e-01
1.777409e-01
1.777753e-01
1.778097e-01
1.778441e-01
1.778785e-01
1.779130e-01
1.779474e-01
1.779818e-01
1.780162e-01
1.780506e-01
1.780851e-01
1.781195e-01
1.781539e-01
1.781884e-01
1.782228e-01
1.782572e-01
1.782917e-01
1.783261e-01
1.783605e-01
1.783950e-01
1.784294e-01
1.784639e-01
1.784983e-01
1.785328e-01
1.785672e-01
1.786017e-01
1.786362e-01
1.786706e-01
1.787051e-01
1.787396e-01
1.787740e-01
1.788085e-01
1.788429e-01
1.788773e-01
1.789117e-01
1.789461e-01
1.789805e-01
1.790148e-01
1.790492e-01
1.790835e-01
1.791179e-01
1.791522e-01
1.791865e-01
1.792208e-01
1.792552e-01
1.792895e-01
1.793238e-01
1.793581e-01
1.793924e-01
1.794267e-01
1.794609e-01
1.794952e-01
1.795295e-01
1.795638e-01
1.795981e-01
1.796323e-01
1.796666e-01
1.797009e-01
1.797351e-01
1.797694e-01
1.798036e-01
1.798379e-01
1.798721e-01
1.799063e-01
1.799406e-01
1.799749e-01
1.800092e-01
1.800435e-01
1.800779e-01
1.801122e-01
1.801465e-01
1.801809e-01
1.802152e-01
1.802496e-01
1.802839e-01
1.803183e-01
1.803527e-01
1.803871e-01
1.804215e-01
1.804559e-01
1.804903e-01
1.805247e-01
1.805592e-01
1.805936e-01
1.806281e-01
1.806626e-01
1.806970e-01
1.807315e-01
1.807660e-01
1.808006e-01
1.808351e-01
1.808696e-01
1.809042e-01
1.809388e-01
1.809733e-01
1.810079e-01
1.810425e-01
1.810771e-01
1.811117e-01
1.811464e-01
1.811810e-01
1.812156e-01
1.812503e-01
1.812850e-01
1.813196e-01
1.813543e-01
1.813890e-01
1.814237e-01
1.814585e-01
1.814932e-01
1.815279e-01
1.815627e-01
1.815974e-01
1.816322e-01
1.816670e-01
1.817018e-01
1.817365e-01
1.817713e-01
1.818061e-01
1.818409e-01
1.818756e-01
1.819104e-01
1.819451e-01
1.819798e-01
1.820146e-01
1.820493e-01
1.820840e-01
1.821187e-01
1.821534e-01
1.821881e-01
1.822228e-01
1.822574e-01
1.822921e-01
1.823268e-01
1.823614e-01
1.823961e-01
1.824307e-01
1.824653e-01
1.825000e-01
1.825346e-01
1.825692e-01
1.826038e-01
1.826384e-01
1.826730e-01
1.827076e-01
1.827421e-01
1.827767e-01
1.828113e-01
1.828458e-01
1.828804e-01
1.829149e-01
1.829495e-01
1.829840e-01
1.830185e-01
1.830531e-01
1.830876e-01
1.831221e-01
1.831566e-01
1.831911e-01
1.832256e-01
1.832601e-01
1.832946e-01
1.833291e-01
1.833636e-01
1.833981e-01
1.834326e-01
1.834671e-01
1.835016e-01
1.835360e-01
1.835705e-01
1.836050e-01
1.836395e-01
1.836739e-01
1.837084e-01
1.837429e-01
1.837773e-01
1.838118e-01
1.838462e-01
1.838807e-01
1.839152e-01
1.839496e-01
1.839841e-01
1.840185e-01
1.840530e-01
1.840874e-01
1.841219e-01
1.841563e-01
1.841908e-01
1.842253e-01
1.842597e-01
1.842942e-01
1.843286e-01
1.843631e-01
1.843975e-01
1.844320e-01
1.844665e-01
1.845009e-01
1.845354e-01
1.845698e-01
1.846043e-01
1.846387e-01
1.846732e-01
1.847077e-01
1.847421e-01
1.847766e-01
1.848111e-01
1.848455e-01
1.848800e-01
1.849144e-01
1.849489e-01
1.849834e-01
1.850178e-01
1.850523e-01
1.850868e-01
1.851213e-01
1.851557e-01
1.851902e-01
1.852247e-01
1.852592e-01
1.852936e-01
1.853281e-01
1.853626e-01
1.853971e-01
1.854315e-01
1.854660e-01
1.855005e-01
1.855350e-01
1.855695e-01
1.856040e-01
1.856384e-01
1.856729e-01
1.857074e-01
1.857419e-01
1.857764e-01
1.858109e-01
1.858454e-01
1.858799e-01
1.859144e-01
1.859489e-01
1.859834e-01
1.860179e-01
1.860524e-01
1.860869e-01
1.861214e-01
1.861559e-01
1.861904e-01
1.862249e-01
1.862594e-01
1.862940e-01
1.863285e-01
1.863630e-01
1.863975e-01
1.864320e-01
1.864666e-01
1.865011e-01
1.865356e-01
1.865701e-01
1.866047e-01
1.866392e-01
1.866737e-01
1.867083e-01
1.867428e-01
1.867773e-01
1.868119e-01
1.868464e-01
1.868810e-01
1.869155e-01
1.869501e-01
1.869847e-01
1.870192e-01
1.870538e-01
1.870883e-01
1.871229e-01
1.871575e-01
1.871920e-01
1.872266e-01
1.872612e-01
1.872958e-01
1.873303e-01
1.873649e-01
1.873995e-01
1.874341e-01
1.874687e-01
1.875033e-01
1.875378e-01
1.875724e-01
1.876070e-01
1.876416e-01
1.876762e-01
1.877108e-01
1.877454e-01
1.877800e-01
1.878146e-01
1.878492e-01
1.878839e-01
1.879185e-01
1.879531e-01
1.879877e-01
1.880223e-01
1.880569e-01
1.880916e-01
1.881262e-01
1.881608e-01
1.881955e-01
1.882301e-01
1.882647e-01
1.882994e-01
1.883340e-01
1.883687e-01
1.884033e-01
1.884380e-01
1.884726e-01
1.885073e-01
1.885420e-01
1.885766e-01
1.886113e-01
1.886460e-01
1.886806e-01
1.887153e-01
1.887500e-01
1.887847e-01
1.888194e-01
1.888541e-01
1.888888e-01
1.889235e-01
1.889582e-01
1.889929e-01
1.890276e-01
1.890623e-01
1.890970e-01
1.891318e-01
1.891665e-01
1.892012e-01
1.892359e-01
1.892707e-01
1.893054e-01
1.893402e-01
1.893749e-01
1.894097e-01
1.894444e-01
1.894792e-01
1.895139e-01
1.895487e-01
1.895835e-01
1.896182e-01
1.896530e-01
1.896878e-01
1.897226e-01
1.897573e-01
1.897921e-01
1.898269e-01
1.898617e-01
1.898965e-01
1.899313e-01
1.899661e-01
1.900009e-01
1.900357e-01
1.900705e-01
1.901054e-01
1.901402e-01
1.901750e-01
1.902098e-01
1.902447e-01
1.902795e-01
1.903144e-01
1.903492e-01
1.903841e-01
1.904189e-01
1.904538e-01
1.904886e-01
1.905235e-01
1.905584e-01
1.905932e-01
1.906281e-01
1.906630e-01
1.906979e-01
1.907328e-01
1.907676e-01
1.908025e-01
1.908374e-01
1.908723e-01
1.909072e-01
1.909421e-01
1.909770e-01
1.910119e-01
1.910468e-01
1.910817e-01
1.911166e-01
1.911515e-01
1.911864e-01
1.912214e-01
1.912563e-01
1.912912e-01
1.913261e-01
1.913610e-01
1.913959e-01
1.914308e-01
1.914657e-01
1.915007e-01
1.915356e-01
1.915705e-01
1.916054e-01
1.916403e-01
1.916752e-01
1.917101e-01
1.917450e-01
1.917800e-01
1.918149e-01
1.918498e-01
1.918848e-01
1.919197e-01
1.919546e-01
1.919896e-01
1.920246e-01
1.920595e-01
1.920945e-01
1.921294e-01
1.921644e-01
1.921994e-01
1.922344e-01
1.922693e-01
1.923043e-01
1.923393e-01
1.923743e-01
1.924092e-01
1.924442e-01
1.924792e-01
1.925142e-01
1.925492e-01
1.925842e-01
1.926191e-01
1.926541e-01
1.926891e-01
1.927241e-01
1.927591e-01
1.927941e-01
1.928291e-01
1.928640e-01
1.928990e-01
1.929340e-01
1.929690e-01
1.930039e-01
1.930389e-01
1.930739e-01
1.931089e-01
1.931439e-01
1.931789e-01
1.932138e-01
1.932488e-01
1.932838e-01
1.933188e-01
1.933538e-01
1.933887e-01
1.934237e-01
1.934587e-01
1.934937e-01
1.935287e-01
1.935637e-01
1.935986e-01
1.936336e-01
1.936686e-01
1.937036e-01
1.937386e-01
1.937735e-01
1.938085e-01
1.938435e-01
1.938785e-01
1.939135e-01
1.939484e-01
1.939834e-01
1.940184e-01
1.940533e-01
1.940883e-01
1.941233e-01
1.941583e-01
1.941932e-01
1.942282e-01
1.942631e-01
1.942981e-01
1.943330e-01
1.943680e-01
1.944029e-01
1.944379e-01
1.944728e-01
1.945078e-01
1.945427e-01
1.945776e-01
1.946126e-01
1.946475e-01
1.946824e-01
1.947173e-01
1.947523e-01
1.947872e-01
1.948221e-01
1.948570e-01
1.948919e-01
1.949269e-01
1.949618e-01
1.949967e-01
1.950316e-01
1.950665e-01
1.951014e-01
1.951363e-01
1.951712e-01
1.952062e-01
1.952411e-01
1.952760e-01
1.953109e-01
1.953458e-01
1.953807e-01
1.954156e-01
1.954505e-01
1.954854e-01
1.955203e-01
1.955552e-01
1.955901e-01
1.956250e-01
1.956599e-01
1.956948e-01
1.957297e-01
1.957646e-01
1.957995e-01
1.958344e-01
1.958693e-01
1.959042e-01
1.959392e-01
1.959741e-01
1.960090e-01
1.960439e-01
1.960788e-01
1.961137e-01
1.961486e-01
1.961835e-01
1.962185e-01
1.962534e-01
1.962883e-01
1.963233e-01
1.963582e-01
1.963931e-01
1.964281e-01
1.964630e-01
1.964979e-01
1.965329e-01
1.965678e-01
1.966028e-01
1.966378e-01
1.966727e-01
1.967077e-01
1.967427e-01
1.967776e-01
1.968126e-01
1.968476e-01
1.968826e-01
1.969175e-01
1.969525e-01
1.969875e-01
1.970225e-01
1.970575e-01
1.970925e-01
1.971275e-01
1.971625e-01
1.971975e-01
1.972325e-01
1.972675e-01
1.973025e-01
1.973376e-01
1.973726e-01
1.974076e-01
1.974427e-01
1.974777e-01
1.975127e-01
1.975478e-01
1.975828e-01
1.976179e-01
1.976529e-01
1.976880e-01
1.977231e-01
1.977581e-01
1.977932e-01
1.978283e-01
1.978633e-01
1.978984e-01
1.979335e-01
1.979686e-01
1.980037e-01
1.980388e-01
1.980739e-01
1.981090e-01
1.981441e-01
1.981792e-01
1.982143e-01
1.982494e-01
1.982846e-01
1.983197e-01
1.983548e-01
1.983900e-01
1.984251e-01
1.984602e-01
1.984954e-01
1.985305e-01
1.985657e-01
1.986008e-01
1.986360e-01
1.986711e-01
1.987063e-01
1.987415e-01
1.987766e-01
1.988118e-01
1.988470e-01
1.988822e-01
1.989174e-01
1.989526e-01
1.989878e-01
1.990230e-01
1.990582e-01
1.990934e-01
1.991286e-01
1.991638e-01
1.991990e-01
1.992343e-01
1.992695e-01
1.993047e-01
1.993400e-01
1.993752e-01
1.994105e-01
1.994457e-01
1.994810e-01
1.995162e-01
1.995515e-01
1.995867e-01
1.996220e-01
1.996573e-01
1.996925e-01
1.997278e-01
1.997631e-01
1.997984e-01
1.998337e-01
1.998690e-01
1.999043e-01
1.999396e-01
1.999749e-01
2.000102e-01
2.000455e-01
2.000809e-01
2.001162e-01
