#   1 : Date        
# Date        
0.000000e+00
1.807392e-05
2.865299e-05
3.680825e-05
4.331462e-05
4.906367e-05
5.538763e-05
6.204872e-05
6.795979e-05
7.446196e-05
8.161436e-05
8.947053e-05
9.702468e-05
1.053342e-04
1.143002e-04
1.241628e-04
1.337027e-04
1.436480e-04
1.545879e-04
1.657374e-04
1.769297e-04
1.886124e-04
2.010176e-04
2.132284e-04
2.257171e-04
2.388127e-04
2.521957e-04
2.655017e-04
2.797183e-04
2.939297e-04
3.084532e-04
3.235230e-04
3.388720e-04
3.545256e-04
3.707045e-04
3.871136e-04
4.039712e-04
4.213429e-04
4.389057e-04
4.566041e-04
4.748726e-04
4.934284e-04
5.123968e-04
5.317204e-04
5.513472e-04
5.713195e-04
5.916317e-04
6.121877e-04
6.330631e-04
6.541431e-04
6.756129e-04
6.973298e-04
7.193540e-04
7.416524e-04
7.642145e-04
7.870888e-04
8.102207e-04
8.336410e-04
8.572999e-04
8.811975e-04
9.052984e-04
9.296850e-04
9.542344e-04
9.790738e-04
1.004107e-03
1.029433e-03
1.054937e-03
1.080786e-03
1.106828e-03
1.133123e-03
1.159624e-03
1.186464e-03
1.213485e-03
1.240745e-03
1.268213e-03
1.295923e-03
1.323861e-03
1.352053e-03
1.380427e-03
1.409065e-03
1.437917e-03
1.467083e-03
1.496472e-03
1.526126e-03
1.555964e-03
1.586157e-03
1.616605e-03
1.647287e-03
1.678149e-03
1.709331e-03
1.740719e-03
1.772176e-03
1.803794e-03
1.835622e-03
1.867602e-03
1.899875e-03
1.932477e-03
1.965120e-03
1.998093e-03
2.031272e-03
2.064625e-03
2.098278e-03
2.132152e-03
2.166096e-03
2.200218e-03
2.234613e-03
2.269156e-03
2.304035e-03
2.339154e-03
2.374341e-03
2.409910e-03
2.445536e-03
2.481298e-03
2.517257e-03
2.553563e-03
2.589879e-03
2.626441e-03
2.663275e-03
2.700239e-03
2.737218e-03
2.774286e-03
2.811384e-03
2.848464e-03
2.885545e-03
2.922654e-03
2.959773e-03
2.996956e-03
3.034185e-03
3.071426e-03
3.108658e-03
3.145912e-03
3.183198e-03
3.220536e-03
3.257870e-03
3.295200e-03
3.332536e-03
3.369894e-03
3.407260e-03
3.444668e-03
3.482147e-03
3.519673e-03
3.557183e-03
3.594705e-03
3.632233e-03
3.669785e-03
3.707361e-03
3.744979e-03
3.782656e-03
3.820390e-03
3.858179e-03
3.895974e-03
3.933780e-03
3.971613e-03
4.009467e-03
4.047361e-03
4.085306e-03
4.123305e-03
4.161376e-03
4.199514e-03
4.237739e-03
4.276041e-03
4.314375e-03
4.352763e-03
4.391183e-03
4.429648e-03
4.468167e-03
4.506740e-03
4.545383e-03
4.584094e-03
4.622892e-03
4.661770e-03
4.700738e-03
4.739795e-03
4.778951e-03
4.818211e-03
4.857580e-03
4.897008e-03
4.936562e-03
4.976227e-03
5.016040e-03
5.055974e-03
5.096068e-03
5.136308e-03
5.176179e-03
5.216128e-03
5.255711e-03
5.295388e-03
5.334278e-03
5.372425e-03
5.410424e-03
5.448054e-03
5.485829e-03
5.523455e-03
5.560919e-03
5.597943e-03
5.634481e-03
5.670946e-03
5.707543e-03
5.744061e-03
5.780635e-03
5.816994e-03
5.853143e-03
5.889365e-03
5.925611e-03
5.961760e-03
5.997955e-03
6.034123e-03
6.070411e-03
6.106584e-03
6.142855e-03
6.179123e-03
6.215445e-03
6.251712e-03
6.288182e-03
6.324741e-03
6.361358e-03
6.398049e-03
6.434991e-03
6.472028e-03
6.509082e-03
6.546198e-03
6.583539e-03
6.621055e-03
6.658642e-03
6.696320e-03
6.734282e-03
6.772461e-03
6.810717e-03
6.849097e-03
6.887622e-03
6.926351e-03
6.965406e-03
7.004412e-03
7.043592e-03
7.082658e-03
7.121823e-03
7.160969e-03
7.200165e-03
7.239431e-03
7.278698e-03
7.318117e-03
7.357487e-03
7.396976e-03
7.436476e-03
7.476057e-03
7.515708e-03
7.555404e-03
7.595223e-03
7.635051e-03
7.675028e-03
7.715003e-03
7.755097e-03
7.795236e-03
7.835462e-03
7.875779e-03
7.916152e-03
7.956661e-03
7.997196e-03
8.037864e-03
8.078573e-03
8.119392e-03
8.160287e-03
8.201265e-03
8.242360e-03
8.283509e-03
8.324792e-03
8.366121e-03
8.407563e-03
8.449083e-03
8.490694e-03
8.532291e-03
8.573998e-03
8.615749e-03
8.657322e-03
8.698826e-03
8.736975e-03
8.771948e-03
8.804991e-03
8.836173e-03
8.866070e-03
8.895139e-03
8.923233e-03
8.949906e-03
8.974973e-03
8.999497e-03
9.023592e-03
9.047711e-03
9.071737e-03
9.095780e-03
9.119759e-03
9.143752e-03
9.167663e-03
9.191558e-03
9.215362e-03
9.239133e-03
9.262804e-03
9.286427e-03
9.309944e-03
9.333405e-03
9.356759e-03
9.380050e-03
9.403235e-03
9.426355e-03
9.449372e-03
9.472324e-03
9.495180e-03
9.517975e-03
9.540678e-03
9.563312e-03
9.585852e-03
9.608328e-03
9.630722e-03
9.653062e-03
9.675331e-03
9.697559e-03
9.719719e-03
9.741803e-03
9.763816e-03
9.785768e-03
9.807663e-03
9.829512e-03
9.851319e-03
9.873095e-03
9.894844e-03
9.916577e-03
9.938295e-03
9.960013e-03
9.981728e-03
1.000346e-02
1.002519e-02
1.004695e-02
1.006874e-02
1.009055e-02
1.011240e-02
1.013429e-02
1.015621e-02
1.017819e-02
1.020021e-02
1.022228e-02
1.024441e-02
1.026660e-02
1.028884e-02
1.031115e-02
1.033352e-02
1.035594e-02
1.037839e-02
1.040088e-02
1.042341e-02
1.044598e-02
1.046859e-02
1.049124e-02
1.051395e-02
1.053670e-02
1.055951e-02
1.058238e-02
1.060531e-02
1.062831e-02
1.065137e-02
1.067452e-02
1.069774e-02
1.072106e-02
1.074446e-02
1.076796e-02
1.079156e-02
1.081527e-02
1.083909e-02
1.086303e-02
1.088708e-02
1.091127e-02
1.093558e-02
1.096004e-02
1.098462e-02
1.100933e-02
1.103413e-02
1.105906e-02
1.108409e-02
1.110925e-02
1.113452e-02
1.115992e-02
1.118544e-02
1.121109e-02
1.123686e-02
1.126277e-02
1.128880e-02
1.131496e-02
1.134126e-02
1.136769e-02
1.139426e-02
1.142096e-02
1.144779e-02
1.147476e-02
1.150187e-02
1.152912e-02
1.155650e-02
1.158402e-02
1.161169e-02
1.163949e-02
1.166743e-02
1.169550e-02
1.172367e-02
1.175195e-02
1.178034e-02
1.180884e-02
1.183745e-02
1.186617e-02
1.189500e-02
1.192395e-02
1.195301e-02
1.198218e-02
1.201146e-02
1.204087e-02
1.207038e-02
1.210002e-02
1.212977e-02
1.215964e-02
1.218962e-02
1.221973e-02
1.224995e-02
1.228029e-02
1.231075e-02
1.234134e-02
1.237204e-02
1.240284e-02
1.243374e-02
1.246471e-02
1.249577e-02
1.252692e-02
1.255815e-02
1.258947e-02
1.262086e-02
1.265235e-02
1.268392e-02
1.271557e-02
1.274731e-02
1.277913e-02
1.281103e-02
1.284302e-02
1.287509e-02
1.290725e-02
1.293948e-02
1.297180e-02
1.300420e-02
1.303669e-02
1.306925e-02
1.310187e-02
1.313453e-02
1.316724e-02
1.319998e-02
1.323277e-02
1.326559e-02
1.329846e-02
1.333137e-02
1.336433e-02
1.339732e-02
1.343037e-02
1.346345e-02
1.349657e-02
1.352974e-02
1.356296e-02
1.359622e-02
1.362952e-02
1.366287e-02
1.369628e-02
1.372970e-02
1.376313e-02
1.379657e-02
1.383002e-02
1.386348e-02
1.389696e-02
1.393045e-02
1.396396e-02
1.399749e-02
1.403104e-02
1.406462e-02
1.409822e-02
1.413185e-02
1.416551e-02
1.419920e-02
1.423293e-02
1.426669e-02
1.430049e-02
1.433428e-02
1.436809e-02
1.440189e-02
1.443570e-02
1.446952e-02
1.450336e-02
1.453721e-02
1.457107e-02
1.460494e-02
1.463882e-02
1.467272e-02
1.470664e-02
1.474057e-02
1.477453e-02
1.480851e-02
1.484253e-02
1.487657e-02
1.491065e-02
1.494474e-02
1.497884e-02
1.501293e-02
1.504704e-02
1.508115e-02
1.511527e-02
1.514940e-02
1.518355e-02
1.521772e-02
1.525191e-02
1.528612e-02
1.532036e-02
1.535463e-02
1.538893e-02
1.542326e-02
1.545762e-02
1.549202e-02
1.552647e-02
1.556095e-02
1.559545e-02
1.562996e-02
1.566448e-02
1.569902e-02
1.573359e-02
1.576817e-02
1.580278e-02
1.583741e-02
1.587207e-02
1.590676e-02
1.594148e-02
1.597624e-02
1.601103e-02
1.604586e-02
1.608073e-02
1.611564e-02
1.615059e-02
1.618557e-02
1.622061e-02
1.625569e-02
1.629081e-02
1.632596e-02
1.636113e-02
1.639632e-02
1.643153e-02
1.646676e-02
1.650201e-02
1.653727e-02
1.657256e-02
1.660786e-02
1.664320e-02
1.667855e-02
1.671394e-02
1.674935e-02
1.678480e-02
1.682027e-02
1.685577e-02
1.689131e-02
1.692689e-02
1.696250e-02
1.699815e-02
1.703384e-02
1.706958e-02
1.710534e-02
1.714112e-02
1.717692e-02
1.721275e-02
1.724861e-02
1.728450e-02
1.732042e-02
1.735638e-02
1.739238e-02
1.742843e-02
1.746451e-02
1.750065e-02
1.753683e-02
1.757306e-02
1.760934e-02
1.764568e-02
1.768208e-02
1.771853e-02
1.775505e-02
1.779162e-02
1.782826e-02
1.786497e-02
1.790173e-02
1.793855e-02
1.797540e-02
1.801230e-02
1.804924e-02
1.808622e-02
1.812325e-02
1.816032e-02
1.819744e-02
1.823460e-02
1.827181e-02
1.830907e-02
1.834638e-02
1.838374e-02
1.842114e-02
1.845860e-02
1.849610e-02
1.853366e-02
1.857126e-02
1.860891e-02
1.864661e-02
1.868437e-02
1.872217e-02
1.876001e-02
1.879788e-02
1.883578e-02
1.887371e-02
1.891168e-02
1.894968e-02
1.898772e-02
1.902579e-02
1.906389e-02
1.910203e-02
1.914020e-02
1.917841e-02
1.921666e-02
1.925494e-02
1.929327e-02
1.933162e-02
1.937002e-02
1.940846e-02
1.944694e-02
1.948545e-02
1.952401e-02
1.956261e-02
1.960125e-02
1.963993e-02
1.967866e-02
1.971743e-02
1.975624e-02
1.979509e-02
1.983396e-02
1.987286e-02
1.991179e-02
1.995075e-02
1.998973e-02
2.002874e-02
2.006779e-02
2.010686e-02
2.014596e-02
2.018509e-02
2.022426e-02
2.026346e-02
2.030269e-02
2.034195e-02
2.038125e-02
2.042058e-02
2.045995e-02
2.049936e-02
2.053880e-02
2.057828e-02
2.061779e-02
2.065734e-02
2.069693e-02
2.073656e-02
2.077623e-02
2.081594e-02
2.085569e-02
2.089547e-02
2.093530e-02
2.097515e-02
2.101504e-02
2.105495e-02
2.109490e-02
2.113488e-02
2.117489e-02
2.121494e-02
2.125502e-02
2.129513e-02
2.133528e-02
2.137546e-02
2.141568e-02
2.145594e-02
2.149623e-02
2.153655e-02
2.157692e-02
2.161732e-02
2.165776e-02
2.169823e-02
2.173873e-02
2.177927e-02
2.181985e-02
2.186045e-02
2.190107e-02
2.194172e-02
2.198238e-02
2.202304e-02
2.206368e-02
2.210431e-02
2.214491e-02
2.218549e-02
2.222604e-02
2.226656e-02
2.230704e-02
2.234750e-02
2.238792e-02
2.242832e-02
2.246870e-02
2.250890e-02
2.254892e-02
2.258879e-02
2.262852e-02
2.266813e-02
2.270762e-02
2.274703e-02
2.278634e-02
2.282559e-02
2.286477e-02
2.290389e-02
2.294294e-02
2.298193e-02
2.302086e-02
2.305974e-02
2.309857e-02
2.313736e-02
2.317610e-02
2.321482e-02
2.325349e-02
2.329214e-02
2.333076e-02
2.336936e-02
2.340794e-02
2.344651e-02
2.348506e-02
2.352361e-02
2.356214e-02
2.360068e-02
2.363921e-02
2.367775e-02
2.371629e-02
2.375485e-02
2.379341e-02
2.383199e-02
2.387058e-02
2.390919e-02
2.394779e-02
2.398640e-02
2.402500e-02
2.406360e-02
2.410219e-02
2.414079e-02
2.417938e-02
2.421798e-02
2.425657e-02
2.429517e-02
2.433377e-02
2.437238e-02
2.441099e-02
2.444961e-02
2.448823e-02
2.452688e-02
2.456552e-02
2.460418e-02
2.464285e-02
2.468154e-02
2.472024e-02
2.475897e-02
2.479771e-02
2.483646e-02
2.487521e-02
2.491396e-02
2.495270e-02
2.499144e-02
2.503019e-02
2.506894e-02
2.510768e-02
2.514644e-02
2.518520e-02
2.522396e-02
2.526273e-02
2.530152e-02
2.534030e-02
2.537910e-02
2.541790e-02
2.545672e-02
2.549555e-02
2.553439e-02
2.557323e-02
2.561210e-02
2.565096e-02
2.568981e-02
2.572864e-02
2.576747e-02
2.580629e-02
2.584511e-02
2.588391e-02
2.592273e-02
2.596153e-02
2.600034e-02
2.603915e-02
2.607797e-02
2.611680e-02
2.615564e-02
2.619448e-02
2.623335e-02
2.627222e-02
2.631112e-02
2.635002e-02
2.638891e-02
2.642780e-02
2.646669e-02
2.650558e-02
2.654449e-02
2.658339e-02
2.662232e-02
2.666125e-02
2.670021e-02
2.673919e-02
2.677819e-02
2.681721e-02
2.685627e-02
2.689536e-02
2.693448e-02
2.697362e-02
2.701277e-02
2.705193e-02
2.709112e-02
2.713032e-02
2.716955e-02
2.720881e-02
2.724809e-02
2.728741e-02
2.732677e-02
2.736615e-02
2.740559e-02
2.744506e-02
2.748458e-02
2.752414e-02
2.756375e-02
2.760338e-02
2.764304e-02
2.768273e-02
2.772245e-02
2.776221e-02
2.780201e-02
2.784185e-02
2.788173e-02
2.792166e-02
2.796163e-02
2.800165e-02
2.804172e-02
2.808184e-02
2.812202e-02
2.816225e-02
2.820252e-02
2.824282e-02
2.828316e-02
2.832354e-02
2.836396e-02
2.840441e-02
2.844492e-02
2.848546e-02
2.852606e-02
2.856670e-02
2.860739e-02
2.864814e-02
2.868893e-02
2.872976e-02
2.877062e-02
2.881151e-02
2.885243e-02
2.889338e-02
2.893437e-02
2.897540e-02
2.901636e-02
2.905746e-02
2.909860e-02
2.913979e-02
2.918102e-02
2.922229e-02
2.926360e-02
2.930446e-02
2.934533e-02
2.938618e-02
2.942707e-02
2.946799e-02
2.950893e-02
2.954990e-02
2.959081e-02
2.963171e-02
2.967262e-02
2.971352e-02
2.975441e-02
2.979529e-02
2.983615e-02
2.987699e-02
2.991781e-02
2.995860e-02
2.999937e-02
3.004012e-02
3.008087e-02
3.012163e-02
3.016239e-02
3.020317e-02
3.024398e-02
3.028482e-02
3.032570e-02
3.036662e-02
3.040759e-02
3.044862e-02
3.048969e-02
3.053082e-02
3.057201e-02
3.061327e-02
3.065460e-02
3.069600e-02
3.073747e-02
3.077900e-02
3.082058e-02
3.086223e-02
3.090393e-02
3.094568e-02
3.098749e-02
3.102938e-02
3.107005e-02
3.111081e-02
3.115176e-02
3.119296e-02
3.123453e-02
3.127656e-02
3.131906e-02
3.136157e-02
3.140409e-02
3.144660e-02
3.148913e-02
3.152974e-02
3.157051e-02
3.161150e-02
3.165282e-02
3.169456e-02
3.173680e-02
3.177905e-02
3.182133e-02
3.186363e-02
3.190436e-02
3.194514e-02
3.198604e-02
3.202708e-02
3.206832e-02
3.210979e-02
3.215156e-02
3.219369e-02
3.223627e-02
3.227886e-02
3.232148e-02
3.236230e-02
3.240315e-02
3.244408e-02
3.248520e-02
3.252655e-02
3.256818e-02
3.261014e-02
3.265209e-02
3.269401e-02
3.273594e-02
3.277691e-02
3.281790e-02
3.285892e-02
3.289998e-02
3.294113e-02
3.298246e-02
3.302400e-02
3.306581e-02
3.310795e-02
3.315021e-02
3.319251e-02
3.323334e-02
3.327420e-02
3.331509e-02
3.335606e-02
3.339714e-02
3.343842e-02
3.347998e-02
3.352184e-02
3.356368e-02
3.360552e-02
3.364596e-02
3.368643e-02
3.372707e-02
3.376780e-02
3.380877e-02
3.384988e-02
3.389120e-02
3.393280e-02
3.397473e-02
3.401692e-02
3.405758e-02
3.409827e-02
3.413898e-02
3.417975e-02
3.422059e-02
3.426155e-02
3.430270e-02
3.434410e-02
3.438555e-02
3.442699e-02
3.446757e-02
3.450088e-02
3.453477e-02
3.456801e-02
3.460458e-02
3.463924e-02
3.467735e-02
3.471524e-02
3.475635e-02
3.479777e-02
3.483927e-02
3.487965e-02
3.492003e-02
3.496043e-02
3.500086e-02
3.504138e-02
3.508201e-02
3.512284e-02
3.516396e-02
3.520540e-02
3.524580e-02
3.528619e-02
3.532657e-02
3.536697e-02
3.540741e-02
3.544794e-02
3.548860e-02
3.552947e-02
3.556992e-02
3.561042e-02
3.565093e-02
3.569144e-02
3.573193e-02
3.577246e-02
3.581301e-02
3.585365e-02
3.589439e-02
3.593533e-02
3.597655e-02
3.601694e-02
3.605738e-02
3.609789e-02
3.613850e-02
3.617922e-02
3.621999e-02
3.626084e-02
3.630179e-02
3.634289e-02
3.638425e-02
3.642584e-02
3.646741e-02
3.650844e-02
3.654947e-02
3.659052e-02
3.663160e-02
3.667275e-02
3.671399e-02
3.675537e-02
3.679698e-02
3.683888e-02
3.688113e-02
3.692376e-02
3.696521e-02
3.700667e-02
3.704815e-02
3.708968e-02
3.713128e-02
3.717299e-02
3.721485e-02
3.725696e-02
3.729938e-02
3.734216e-02
3.738407e-02
3.742599e-02
3.746793e-02
3.750990e-02
3.755190e-02
3.759400e-02
3.763589e-02
3.767774e-02
3.771961e-02
3.776160e-02
3.780375e-02
3.784612e-02
3.788852e-02
3.793093e-02
3.797335e-02
3.801557e-02
3.805808e-02
3.810068e-02
3.814341e-02
3.818635e-02
3.822956e-02
3.827206e-02
3.831593e-02
3.835823e-02
3.840035e-02
3.844243e-02
3.848498e-02
3.852781e-02
3.857069e-02
3.861320e-02
3.865635e-02
3.869850e-02
3.874214e-02
3.878391e-02
3.882695e-02
3.887001e-02
3.891301e-02
3.895511e-02
3.899713e-02
3.903880e-02
3.908120e-02
3.912250e-02
3.916486e-02
3.920591e-02
3.924810e-02
3.929101e-02
3.933376e-02
3.937511e-02
3.941753e-02
3.945869e-02
3.950049e-02
3.954273e-02
3.958502e-02
3.962743e-02
3.966959e-02
3.971161e-02
3.975338e-02
3.979495e-02
3.983634e-02
3.987766e-02
3.991903e-02
3.996057e-02
4.000209e-02
4.004335e-02
4.008440e-02
4.012529e-02
4.016610e-02
4.020693e-02
4.024791e-02
4.028915e-02
4.033010e-02
4.037089e-02
4.041158e-02
4.045225e-02
4.049294e-02
4.053375e-02
4.057480e-02
4.061618e-02
4.065697e-02
4.069771e-02
4.073845e-02
4.077925e-02
4.082015e-02
4.086123e-02
4.090258e-02
4.094429e-02
4.098525e-02
4.102623e-02
4.106725e-02
4.110838e-02
4.114964e-02
4.119110e-02
4.123281e-02
4.127438e-02
4.131570e-02
4.135706e-02
4.139850e-02
4.144004e-02
4.148172e-02
4.152359e-02
4.156568e-02
4.160807e-02
4.165068e-02
4.169239e-02
4.173429e-02
4.177603e-02
4.181790e-02
4.185967e-02
4.190198e-02
4.194379e-02
4.198614e-02
4.202800e-02
4.207040e-02
4.211232e-02
4.215484e-02
4.219699e-02
4.223976e-02
4.228194e-02
4.232508e-02
4.236710e-02
4.241045e-02
4.245255e-02
4.249522e-02
4.253755e-02
4.258071e-02
4.262398e-02
4.266738e-02
4.271095e-02
4.275470e-02
4.279869e-02
4.284297e-02
4.288728e-02
4.293236e-02
4.297603e-02
4.301977e-02
4.306233e-02
4.310514e-02
4.314826e-02
4.319168e-02
4.323548e-02
4.327962e-02
4.332407e-02
4.336940e-02
4.341388e-02
4.345813e-02
4.350245e-02
4.354686e-02
4.359139e-02
4.363375e-02
4.367637e-02
4.371925e-02
4.376244e-02
4.380596e-02
4.384987e-02
4.389448e-02
4.393917e-02
4.398397e-02
4.402871e-02
4.407366e-02
4.411845e-02
4.416362e-02
4.420847e-02
4.425100e-02
4.429383e-02
4.433694e-02
4.438039e-02
4.442419e-02
4.446873e-02
4.451402e-02
4.455933e-02
4.460476e-02
4.465014e-02
4.469576e-02
4.474119e-02
4.478710e-02
4.482969e-02
4.487256e-02
4.491575e-02
4.495928e-02
4.500321e-02
4.504784e-02
4.509333e-02
4.513924e-02
4.518506e-02
4.523112e-02
4.527697e-02
4.532322e-02
4.536910e-02
4.541168e-02
4.545454e-02
4.549769e-02
4.554119e-02
4.558502e-02
4.562961e-02
4.567511e-02
4.572134e-02
4.576774e-02
4.581412e-02
4.586065e-02
4.590717e-02
4.595388e-02
4.599653e-02
4.603944e-02
4.608269e-02
4.612629e-02
4.617028e-02
4.621498e-02
4.626054e-02
4.630729e-02
4.635383e-02
4.640063e-02
4.644721e-02
4.649413e-02
4.654074e-02
4.658340e-02
4.662636e-02
4.666959e-02
4.671318e-02
4.675712e-02
4.680181e-02
4.684739e-02
4.689421e-02
4.694258e-02
4.699022e-02
4.703748e-02
4.708479e-02
4.713215e-02
4.717491e-02
4.721794e-02
4.726129e-02
4.730498e-02
4.734906e-02
4.739384e-02
4.743948e-02
4.748628e-02
4.753446e-02
4.758324e-02
4.763094e-02
4.768039e-02
4.773021e-02
4.777299e-02
4.781606e-02
4.785941e-02
4.790310e-02
4.794713e-02
4.799191e-02
4.803756e-02
4.808442e-02
4.813259e-02
4.817991e-02
4.822822e-02
4.827572e-02
4.832398e-02
4.837189e-02
4.841501e-02
4.845846e-02
4.850223e-02
4.854637e-02
4.859122e-02
4.863692e-02
4.868377e-02
4.873009e-02
4.877592e-02
4.882115e-02
4.886607e-02
4.891052e-02
4.895329e-02
4.899633e-02
4.903963e-02
4.908325e-02
4.912687e-02
4.917055e-02
4.921443e-02
4.925847e-02
4.930291e-02
4.934773e-02
4.939349e-02
4.944015e-02
4.948830e-02
4.953694e-02
4.958559e-02
4.963428e-02
4.967782e-02
4.972167e-02
4.976583e-02
4.980096e-02
4.983960e-02
4.987677e-02
4.991766e-02
4.995743e-02
5.000115e-02
5.004925e-02
5.009946e-02
5.015000e-02
5.019909e-02
5.024857e-02
5.029215e-02
5.033601e-02
5.038016e-02
5.042464e-02
5.046946e-02
5.051498e-02
5.056128e-02
5.060863e-02
5.065737e-02
5.070650e-02
5.075583e-02
5.080537e-02
5.085514e-02
5.090516e-02
5.094890e-02
5.099292e-02
5.103718e-02
5.108175e-02
5.112662e-02
5.117181e-02
5.121762e-02
5.126422e-02
5.131182e-02
5.136056e-02
5.140946e-02
5.145810e-02
5.150706e-02
5.155613e-02
5.160537e-02
5.165380e-02
5.169795e-02
5.174237e-02
5.178704e-02
5.183202e-02
5.187732e-02
5.192327e-02
5.196996e-02
5.201766e-02
5.206631e-02
5.211458e-02
5.216346e-02
5.221167e-02
5.226065e-02
5.230932e-02
5.235335e-02
5.239764e-02
5.244215e-02
5.248693e-02
5.253199e-02
5.257735e-02
5.262334e-02
5.267011e-02
5.271785e-02
5.276682e-02
5.281730e-02
5.286777e-02
5.291680e-02
5.296584e-02
5.301488e-02
5.306391e-02
5.310831e-02
5.315297e-02
5.319788e-02
5.324307e-02
5.328859e-02
5.333468e-02
5.338164e-02
5.342953e-02
5.347861e-02
5.352778e-02
5.357816e-02
5.362872e-02
5.367886e-02
5.372943e-02
5.377846e-02
5.382750e-02
5.387226e-02
5.391729e-02
5.396257e-02
5.400813e-02
5.405432e-02
5.410123e-02
5.414905e-02
5.419804e-02
5.424757e-02
5.429733e-02
5.434733e-02
5.439760e-02
5.444815e-02
5.449877e-02
5.454939e-02
5.459836e-02
5.464357e-02
5.468903e-02
5.473473e-02
5.478068e-02
5.482722e-02
5.487458e-02
5.492302e-02
5.497216e-02
5.502148e-02
5.507103e-02
5.512083e-02
5.517089e-02
5.522125e-02
5.527193e-02
5.532270e-02
5.537154e-02
5.542035e-02
5.546916e-02
5.551497e-02
5.556100e-02
5.560762e-02
5.565507e-02
5.570362e-02
5.575277e-02
5.580214e-02
5.585178e-02
5.590172e-02
5.595197e-02
5.600258e-02
5.605304e-02
5.610182e-02
5.615061e-02
5.619941e-02
5.624507e-02
5.629095e-02
5.633703e-02
5.638372e-02
5.643125e-02
5.647990e-02
5.652936e-02
5.657910e-02
5.662915e-02
5.667955e-02
5.673032e-02
5.678132e-02
5.683020e-02
5.687910e-02
5.692804e-02
5.697349e-02
5.701919e-02
5.706520e-02
5.711180e-02
5.715933e-02
5.720809e-02
5.725774e-02
5.730767e-02
5.735792e-02
5.740852e-02
5.745950e-02
5.751022e-02
5.755925e-02
5.760832e-02
5.765348e-02
5.769891e-02
5.774456e-02
5.779048e-02
5.783707e-02
5.788460e-02
5.793338e-02
5.798305e-02
5.803314e-02
5.808354e-02
5.813430e-02
5.818543e-02
5.823456e-02
5.828372e-02
5.832863e-02
5.837382e-02
5.841924e-02
5.846494e-02
5.851099e-02
5.855769e-02
5.860539e-02
5.865443e-02
5.870436e-02
5.875459e-02
5.880515e-02
5.885608e-02
5.890739e-02
5.895662e-02
5.900132e-02
5.904627e-02
5.909146e-02
5.913693e-02
5.918268e-02
5.922872e-02
5.927551e-02
5.932332e-02
5.937247e-02
5.942259e-02
5.947303e-02
5.952382e-02
5.957501e-02
5.962650e-02
5.967585e-02
5.972058e-02
5.976555e-02
5.981078e-02
5.985628e-02
5.990208e-02
5.994830e-02
5.999522e-02
6.004323e-02
6.009261e-02
6.014303e-02
6.019379e-02
6.024492e-02
6.029644e-02
6.034595e-02
6.039038e-02
6.043501e-02
6.047987e-02
6.052499e-02
6.057041e-02
6.061614e-02
6.066223e-02
6.070913e-02
6.075716e-02
6.080660e-02
6.085704e-02
6.090806e-02
6.095946e-02
6.101116e-02
6.106085e-02
6.110519e-02
6.114976e-02
6.119458e-02
6.123967e-02
6.128510e-02
6.133089e-02
6.137720e-02
6.142433e-02
6.147264e-02
6.152243e-02
6.157334e-02
6.162466e-02
6.167638e-02
6.172791e-02
6.175274e-02
6.177803e-02
6.180504e-02
6.183399e-02
6.186584e-02
6.189101e-02
6.191671e-02
6.194298e-02
6.197097e-02
6.199614e-02
6.202184e-02
6.204814e-02
6.207540e-02
6.210059e-02
6.212635e-02
6.215274e-02
6.217983e-02
6.220508e-02
6.223092e-02
6.225744e-02
6.228471e-02
6.231471e-02
6.234771e-02
6.238401e-02
6.241543e-02
6.244998e-02
6.248799e-02
6.252980e-02
6.255545e-02
6.258111e-02
6.260753e-02
6.263412e-02
6.266140e-02
6.268894e-02
6.271712e-02
6.274554e-02
6.277504e-02
6.280485e-02
6.283563e-02
6.286673e-02
6.289896e-02
6.293151e-02
6.296506e-02
6.300197e-02
6.304256e-02
6.308721e-02
6.312443e-02
6.316472e-02
6.320867e-02
6.325291e-02
6.329675e-02
6.334152e-02
6.338643e-02
6.343190e-02
6.346301e-02
6.349437e-02
6.352643e-02
6.355876e-02
6.359185e-02
6.362522e-02
6.365945e-02
6.369711e-02
6.373634e-02
6.377575e-02
6.381909e-02
6.386677e-02
6.391721e-02
6.396115e-02
6.400524e-02
6.404951e-02
6.409400e-02
6.413871e-02
6.418370e-02
6.422898e-02
6.427460e-02
6.432058e-02
6.436696e-02
6.441377e-02
6.446133e-02
6.450995e-02
6.454680e-02
6.458734e-02
6.463193e-02
6.467771e-02
6.471811e-02
6.476248e-02
6.480438e-02
6.484677e-02
6.488820e-02
6.492950e-02
6.497048e-02
6.501157e-02
6.505300e-02
6.509417e-02
6.513525e-02
6.518044e-02
6.522190e-02
6.526751e-02
6.531403e-02
6.536101e-02
6.540873e-02
6.545515e-02
6.550459e-02
6.555530e-02
6.560361e-02
6.565250e-02
6.570070e-02
6.574952e-02
6.579707e-02
6.584133e-02
6.588568e-02
6.593015e-02
6.597477e-02
6.601958e-02
6.606463e-02
6.610994e-02
6.615557e-02
6.620154e-02
6.624790e-02
6.629468e-02
6.634199e-02
6.639005e-02
6.643911e-02
6.648935e-02
6.653697e-02
6.658747e-02
6.663747e-02
6.668749e-02
6.673836e-02
6.678794e-02
6.683228e-02
6.687674e-02
6.692132e-02
6.696604e-02
6.701094e-02
6.705603e-02
6.710135e-02
6.714693e-02
6.719280e-02
6.723899e-02
6.728554e-02
6.733250e-02
6.737989e-02
6.742774e-02
6.747642e-02
6.752416e-02
6.757329e-02
6.762093e-02
6.766861e-02
6.771616e-02
6.776508e-02
6.781250e-02
6.786131e-02
6.790860e-02
6.795301e-02
6.799751e-02
6.804212e-02
6.808687e-02
6.813180e-02
6.817693e-02
6.822230e-02
6.826793e-02
6.831385e-02
6.836004e-02
6.840664e-02
6.845237e-02
6.849923e-02
6.854437e-02
6.859102e-02
6.863621e-02
6.868392e-02
6.872963e-02
6.877687e-02
6.882304e-02
6.887040e-02
6.891692e-02
6.896389e-02
6.901049e-02
6.905490e-02
6.909939e-02
6.914397e-02
6.918868e-02
6.923355e-02
6.927860e-02
6.932386e-02
6.936934e-02
6.941508e-02
6.946110e-02
6.950742e-02
6.955400e-02
6.960102e-02
6.964823e-02
6.969598e-02
6.974426e-02
6.979391e-02
6.984466e-02
6.989615e-02
6.994438e-02
6.999590e-02
7.004635e-02
7.009647e-02
7.014797e-02
7.019946e-02
7.024389e-02
7.028838e-02
7.033297e-02
7.037769e-02
7.042254e-02
7.046756e-02
7.051277e-02
7.055819e-02
7.060385e-02
7.064976e-02
7.069597e-02
7.074251e-02
7.078943e-02
7.083677e-02
7.088462e-02
7.093303e-02
7.098216e-02
7.103215e-02
7.108312e-02
7.113465e-02
7.118619e-02
7.123246e-02
7.128207e-02
7.133362e-02
7.138344e-02
7.143499e-02
7.147942e-02
7.152388e-02
7.156840e-02
7.161302e-02
7.165776e-02
7.170265e-02
7.174772e-02
7.179299e-02
7.183849e-02
7.188423e-02
7.193025e-02
7.197658e-02
7.202326e-02
7.207033e-02
7.211786e-02
7.216590e-02
7.221457e-02
7.226396e-02
7.231420e-02
7.236522e-02
7.241692e-02
7.246865e-02
7.252033e-02
7.256622e-02
7.261498e-02
7.266665e-02
7.271622e-02
7.276791e-02
7.281252e-02
7.285715e-02
7.290179e-02
7.294648e-02
7.299124e-02
7.303611e-02
7.308110e-02
7.312625e-02
7.317157e-02
7.321710e-02
7.326284e-02
7.330883e-02
7.335509e-02
7.340166e-02
7.344859e-02
7.349591e-02
7.354372e-02
7.359207e-02
7.364110e-02
7.369087e-02
7.374135e-02
7.379248e-02
7.384424e-02
7.389619e-02
7.394833e-02
7.399314e-02
7.404073e-02
7.409140e-02
7.413519e-02
7.417893e-02
7.422256e-02
7.426614e-02
7.430969e-02
7.435326e-02
7.439686e-02
7.444054e-02
7.448434e-02
7.452830e-02
7.457245e-02
7.461682e-02
7.466142e-02
7.470632e-02
7.475154e-02
7.479716e-02
7.484323e-02
7.488983e-02
7.493708e-02
7.498509e-02
7.503391e-02
7.508345e-02
7.513374e-02
7.518470e-02
7.523646e-02
7.528000e-02
7.532621e-02
7.537540e-02
7.541829e-02
7.546116e-02
7.550401e-02
7.554687e-02
7.558974e-02
7.563267e-02
7.567566e-02
7.571876e-02
7.576199e-02
7.580539e-02
7.584899e-02
7.589282e-02
7.593692e-02
7.598130e-02
7.602602e-02
7.607110e-02
7.611660e-02
7.616256e-02
7.620910e-02
7.625627e-02
7.630426e-02
7.635299e-02
7.640251e-02
7.645270e-02
7.650361e-02
7.655513e-02
7.660674e-02
7.665019e-02
7.669586e-02
7.674406e-02
7.678995e-02
7.683837e-02
7.688163e-02
7.692491e-02
7.696819e-02
7.701149e-02
7.705481e-02
7.709818e-02
7.714161e-02
7.718514e-02
7.722877e-02
7.727253e-02
7.731643e-02
7.736047e-02
7.740466e-02
7.744901e-02
7.749353e-02
7.753822e-02
7.758309e-02
7.762817e-02
7.767346e-02
7.771899e-02
7.776479e-02
7.781088e-02
7.785731e-02
7.790412e-02
7.795139e-02
7.799916e-02
7.804761e-02
7.809673e-02
7.814660e-02
7.819706e-02
7.824813e-02
7.829971e-02
7.835151e-02
7.840331e-02
7.845513e-02
7.850695e-02
7.855880e-02
7.860265e-02
7.864815e-02
7.869560e-02
7.874092e-02
7.878575e-02
7.883239e-02
7.887773e-02
7.892172e-02
7.896571e-02
7.900969e-02
7.905368e-02
7.909767e-02
7.914168e-02
7.918569e-02
7.922973e-02
7.927379e-02
7.931788e-02
7.936203e-02
7.940625e-02
7.945055e-02
7.949494e-02
7.953944e-02
7.958404e-02
7.962876e-02
7.967358e-02
7.971853e-02
7.976360e-02
7.980881e-02
7.985415e-02
7.989966e-02
7.994534e-02
7.999122e-02
8.001894e-02
8.004719e-02
8.007601e-02
8.010401e-02
8.013176e-02
8.016002e-02
8.018777e-02
8.021603e-02
8.024379e-02
8.027205e-02
8.029980e-02
8.032806e-02
8.035582e-02
8.038409e-02
8.041184e-02
8.044011e-02
8.046787e-02
8.049614e-02
8.052390e-02
8.055217e-02
8.057994e-02
8.060821e-02
8.063598e-02
8.066426e-02
8.069203e-02
8.072031e-02
8.074809e-02
8.077637e-02
8.080416e-02
8.083245e-02
8.086024e-02
8.088853e-02
8.091633e-02
8.094463e-02
8.097243e-02
8.100074e-02
8.102854e-02
8.105686e-02
8.108468e-02
8.111300e-02
8.114082e-02
8.116916e-02
8.119699e-02
8.122534e-02
8.125318e-02
8.128154e-02
8.130938e-02
8.133776e-02
8.136561e-02
8.139400e-02
8.142187e-02
8.145027e-02
8.147815e-02
8.150656e-02
8.153417e-02
8.156259e-02
8.159024e-02
8.161866e-02
8.164645e-02
8.167489e-02
8.170279e-02
8.173122e-02
8.175913e-02
8.178758e-02
8.181549e-02
8.184396e-02
8.187189e-02
8.190039e-02
8.192835e-02
8.195687e-02
8.198486e-02
8.201342e-02
8.204127e-02
8.206987e-02
8.209772e-02
8.212636e-02
8.215429e-02
8.218297e-02
8.221100e-02
8.223972e-02
8.226785e-02
8.229662e-02
8.232482e-02
8.235366e-02
8.238191e-02
8.241082e-02
8.243912e-02
8.246810e-02
8.249645e-02
8.252551e-02
8.255393e-02
8.258306e-02
8.261152e-02
8.264071e-02
8.266872e-02
8.269799e-02
8.272609e-02
8.275549e-02
8.278421e-02
8.281379e-02
8.284470e-02
8.287728e-02
8.291204e-02
8.294917e-02
8.298876e-02
8.303073e-02
8.307461e-02
8.311948e-02
8.316357e-02
8.320821e-02
8.325245e-02
8.329726e-02
8.334164e-02
8.338660e-02
8.343112e-02
8.347613e-02
8.352082e-02
8.356588e-02
8.361077e-02
8.365588e-02
8.370095e-02
8.374612e-02
8.379132e-02
8.383653e-02
8.388178e-02
8.392705e-02
8.397235e-02
8.401766e-02
8.406302e-02
8.410840e-02
8.415382e-02
8.419926e-02
8.424476e-02
8.429028e-02
8.433587e-02
8.438149e-02
8.442718e-02
8.447295e-02
8.451879e-02
8.456473e-02
8.461074e-02
8.465687e-02
8.470309e-02
8.474940e-02
8.479581e-02
8.484235e-02
8.488899e-02
8.493579e-02
8.498273e-02
8.502986e-02
8.507716e-02
8.512469e-02
8.517245e-02
8.522050e-02
8.526884e-02
8.531756e-02
8.536664e-02
8.541624e-02
8.546628e-02
8.551695e-02
8.556504e-02
8.561289e-02
8.566097e-02
8.570902e-02
8.575729e-02
8.580586e-02
8.585461e-02
8.590418e-02
8.595306e-02
8.600389e-02
8.605474e-02
8.610615e-02
8.615423e-02
8.620211e-02
8.625021e-02
8.629840e-02
8.634679e-02
8.639567e-02
8.644470e-02
8.649478e-02
8.654174e-02
8.658879e-02
8.663611e-02
8.668349e-02
8.673123e-02
8.677894e-02
8.682666e-02
8.687450e-02
8.692288e-02
8.697163e-02
8.702097e-02
8.706831e-02
8.711587e-02
8.716358e-02
8.721157e-02
8.725959e-02
8.730783e-02
8.735610e-02
8.740431e-02
8.745266e-02
8.750154e-02
8.755083e-02
8.759997e-02
8.764806e-02
8.769833e-02
8.774825e-02
8.779992e-02
8.784915e-02
8.789988e-02
8.794828e-02
8.799805e-02
8.804575e-02
8.809531e-02
8.814217e-02
8.819067e-02
8.823680e-02
8.828434e-02
8.832983e-02
8.837403e-02
8.841864e-02
8.846285e-02
8.850747e-02
8.855169e-02
8.859632e-02
8.864055e-02
8.868519e-02
8.872944e-02
8.877410e-02
8.881836e-02
8.886303e-02
8.890731e-02
8.895201e-02
8.899631e-02
8.904103e-02
8.908535e-02
8.913010e-02
8.917445e-02
8.921923e-02
8.926361e-02
8.930843e-02
8.935284e-02
8.939770e-02
8.944215e-02
8.948707e-02
8.953157e-02
8.957654e-02
8.962109e-02
8.966614e-02
8.971075e-02
8.975587e-02
8.980056e-02
8.984578e-02
8.989055e-02
8.993589e-02
8.998076e-02
9.002623e-02
9.007122e-02
9.011684e-02
9.016198e-02
9.020835e-02
9.025362e-02
9.030023e-02
9.034569e-02
9.039260e-02
9.043828e-02
9.048321e-02
9.052916e-02
9.057658e-02
9.062286e-02
9.066864e-02
9.071441e-02
9.076020e-02
9.080599e-02
9.085180e-02
9.089761e-02
9.094344e-02
9.098927e-02
9.103510e-02
9.108094e-02
9.112679e-02
9.117266e-02
9.121855e-02
9.126444e-02
9.131034e-02
9.135625e-02
9.140215e-02
9.144806e-02
9.149398e-02
9.153991e-02
9.158584e-02
9.163178e-02
9.167773e-02
9.172369e-02
9.176966e-02
9.181563e-02
9.186163e-02
9.190763e-02
9.195365e-02
9.199968e-02
9.204573e-02
9.209180e-02
9.212273e-02
9.215440e-02
9.218684e-02
9.221729e-02
9.224839e-02
9.227887e-02
9.230999e-02
9.234048e-02
9.237161e-02
9.240211e-02
9.243325e-02
9.246376e-02
9.249492e-02
9.252543e-02
9.255660e-02
9.258712e-02
9.261831e-02
9.264884e-02
9.268004e-02
9.271059e-02
9.274181e-02
9.277237e-02
9.280362e-02
9.283420e-02
9.286548e-02
9.289609e-02
9.292741e-02
9.295804e-02
9.298940e-02
9.302006e-02
9.305147e-02
9.308394e-02
9.311773e-02
9.315322e-02
9.319055e-02
9.322987e-02
9.327118e-02
9.331437e-02
9.335920e-02
9.340527e-02
9.345220e-02
9.349965e-02
9.354741e-02
9.359536e-02
9.364341e-02
9.369153e-02
9.373969e-02
9.378786e-02
9.383604e-02
9.388423e-02
9.393241e-02
9.398060e-02
9.402878e-02
9.407696e-02
9.412514e-02
9.417331e-02
9.422147e-02
9.426959e-02
9.431774e-02
9.436415e-02
9.440792e-02
9.445460e-02
9.450126e-02
9.454937e-02
9.459748e-02
9.464559e-02
9.469368e-02
9.474177e-02
9.478986e-02
9.483794e-02
9.488340e-02
9.493012e-02
9.497584e-02
9.502112e-02
9.506707e-02
9.511256e-02
9.515874e-02
9.518936e-02
9.522066e-02
9.525267e-02
9.528374e-02
9.531547e-02
9.534660e-02
9.537745e-02
9.540893e-02
9.543983e-02
9.547135e-02
9.550230e-02
9.553387e-02
9.556485e-02
9.559648e-02
9.562750e-02
9.565917e-02
9.569024e-02
9.572195e-02
9.575306e-02
9.578483e-02
9.581598e-02
9.584780e-02
9.587900e-02
9.591087e-02
9.594212e-02
9.597405e-02
9.600703e-02
9.604126e-02
9.607714e-02
9.611478e-02
9.615439e-02
9.619599e-02
9.623961e-02
9.628501e-02
9.633175e-02
9.637858e-02
9.642552e-02
9.647256e-02
9.651970e-02
9.656696e-02
9.661432e-02
9.666180e-02
9.669324e-02
9.672539e-02
9.675828e-02
9.679021e-02
9.682285e-02
9.685487e-02
9.688663e-02
9.691905e-02
9.695087e-02
9.698336e-02
9.701524e-02
9.704781e-02
9.707976e-02
9.711239e-02
9.714607e-02
9.718099e-02
9.721750e-02
9.725569e-02
9.729579e-02
9.733778e-02
9.738170e-02
9.742735e-02
9.747453e-02
9.752282e-02
9.757199e-02
9.762168e-02
9.767181e-02
9.772218e-02
9.777285e-02
9.782370e-02
9.787486e-02
9.792622e-02
9.795860e-02
9.799166e-02
9.802543e-02
9.805827e-02
9.809086e-02
9.812409e-02
9.815674e-02
9.819004e-02
9.822275e-02
9.825611e-02
9.829057e-02
9.832629e-02
9.836363e-02
9.840268e-02
9.844369e-02
9.848663e-02
9.853161e-02
9.857785e-02
9.862411e-02
9.867037e-02
9.871666e-02
9.876294e-02
9.880926e-02
9.885560e-02
9.890197e-02
9.894840e-02
9.898153e-02
9.901532e-02
9.904981e-02
9.908336e-02
9.911666e-02
9.915058e-02
9.918393e-02
9.921791e-02
9.925131e-02
9.928533e-02
9.931878e-02
9.935286e-02
9.938635e-02
9.942048e-02
9.945402e-02
9.948818e-02
9.952177e-02
9.955598e-02
9.958961e-02
9.962387e-02
9.965754e-02
9.969184e-02
9.972555e-02
9.975990e-02
9.979365e-02
9.982804e-02
9.986184e-02
9.989627e-02
9.993011e-02
9.996458e-02
9.999846e-02
1.000330e-01
1.000669e-01
1.001014e-01
1.001354e-01
1.001700e-01
1.002040e-01
1.002386e-01
1.002727e-01
1.003073e-01
1.003414e-01
1.003761e-01
1.004102e-01
1.004450e-01
1.004791e-01
1.005139e-01
1.005481e-01
1.005829e-01
1.006171e-01
1.006520e-01
1.006863e-01
1.007212e-01
1.007555e-01
1.007904e-01
1.008247e-01
1.008597e-01
1.008941e-01
1.009291e-01
1.009635e-01
1.009985e-01
1.010330e-01
1.010681e-01
1.011025e-01
1.011377e-01
1.011722e-01
1.012074e-01
1.012419e-01
1.012771e-01
1.013117e-01
1.013470e-01
1.013816e-01
1.014170e-01
1.014517e-01
1.014871e-01
1.015218e-01
1.015572e-01
1.015920e-01
1.016275e-01
1.016624e-01
1.016979e-01
1.017328e-01
1.017685e-01
1.018034e-01
1.018392e-01
1.018742e-01
1.019100e-01
1.019451e-01
1.019810e-01
1.020178e-01
1.020534e-01
1.020900e-01
1.021275e-01
1.021627e-01
1.021990e-01
1.022362e-01
1.022721e-01
1.023091e-01
1.023472e-01
1.023827e-01
1.024193e-01
1.024571e-01
1.024935e-01
1.025310e-01
1.025698e-01
1.026057e-01
1.026429e-01
1.026814e-01
1.027214e-01
1.027630e-01
1.028063e-01
1.028513e-01
1.028979e-01
1.029445e-01
1.029912e-01
1.030378e-01
1.030844e-01
1.031310e-01
1.031777e-01
1.032244e-01
1.032711e-01
1.033179e-01
1.033647e-01
1.034116e-01
1.034586e-01
1.035057e-01
1.035530e-01
1.035883e-01
1.036249e-01
1.036625e-01
1.036989e-01
1.037363e-01
1.037749e-01
1.038108e-01
1.038479e-01
1.038862e-01
1.039229e-01
1.039609e-01
1.040001e-01
1.040363e-01
1.040738e-01
1.041125e-01
1.041497e-01
1.041882e-01
1.042280e-01
1.042693e-01
1.043123e-01
1.043570e-01
1.044032e-01
1.044508e-01
1.044973e-01
1.045439e-01
1.045905e-01
1.046371e-01
1.046838e-01
1.047306e-01
1.047773e-01
1.048240e-01
1.048707e-01
1.049175e-01
1.049642e-01
1.050110e-01
1.050578e-01
1.051047e-01
1.051516e-01
1.051986e-01
1.052456e-01
1.052928e-01
1.053401e-01
1.053875e-01
1.054350e-01
1.054827e-01
1.055305e-01
1.055786e-01
1.056270e-01
1.056754e-01
1.057238e-01
1.057719e-01
1.058200e-01
1.058683e-01
1.059165e-01
1.059647e-01
1.060008e-01
1.060406e-01
1.060795e-01
1.061123e-01
1.061458e-01
1.061801e-01
1.062152e-01
1.062481e-01
1.062817e-01
1.063160e-01
1.063494e-01
1.063827e-01
1.064174e-01
1.064503e-01
1.064842e-01
1.065177e-01
1.065512e-01
1.065841e-01
1.066177e-01
1.066507e-01
1.066842e-01
1.067171e-01
1.067505e-01
1.067837e-01
1.068171e-01
1.068502e-01
1.068840e-01
1.069161e-01
1.069491e-01
1.069824e-01
1.070152e-01
1.070470e-01
1.070798e-01
1.071136e-01
1.071462e-01
1.071797e-01
1.072125e-01
1.072443e-01
1.072773e-01
1.073112e-01
1.073442e-01
1.073777e-01
1.074117e-01
1.074476e-01
1.074822e-01
1.075181e-01
1.075525e-01
1.075883e-01
1.076226e-01
1.076582e-01
1.076925e-01
1.077279e-01
1.077620e-01
1.077949e-01
1.078285e-01
1.078613e-01
1.078952e-01
1.079301e-01
1.079639e-01
1.079988e-01
1.080325e-01
1.080673e-01
1.081008e-01
1.081354e-01
1.081688e-01
1.082013e-01
1.082340e-01
1.082665e-01
1.082992e-01
1.083317e-01
1.083644e-01
1.083976e-01
1.084296e-01
1.084617e-01
1.084941e-01
1.085266e-01
1.085592e-01
1.085918e-01
1.086246e-01
1.086568e-01
1.086890e-01
1.087209e-01
1.087530e-01
1.087851e-01
1.088172e-01
1.088494e-01
1.088817e-01
1.089143e-01
1.089465e-01
1.089797e-01
1.090117e-01
1.090447e-01
1.090766e-01
1.091093e-01
1.091412e-01
1.091737e-01
1.092055e-01
1.092379e-01
1.092696e-01
1.093019e-01
1.093335e-01
1.093658e-01
1.093973e-01
1.094295e-01
1.094611e-01
1.094932e-01
1.095247e-01
1.095569e-01
1.095884e-01
1.096205e-01
1.096520e-01
1.096841e-01
1.097156e-01
1.097478e-01
1.097793e-01
1.098116e-01
1.098432e-01
1.098755e-01
1.099073e-01
1.099398e-01
1.099716e-01
1.100043e-01
1.100364e-01
1.100693e-01
1.101015e-01
1.101347e-01
1.101671e-01
1.102006e-01
1.102332e-01
1.102670e-01
1.102998e-01
1.103339e-01
1.103669e-01
1.104013e-01
1.104344e-01
1.104691e-01
1.105024e-01
1.105369e-01
1.105705e-01
1.106056e-01
1.106393e-01
1.106742e-01
1.107080e-01
1.107430e-01
1.107770e-01
1.108121e-01
1.108461e-01
1.108813e-01
1.109153e-01
1.109505e-01
1.109847e-01
1.110199e-01
1.110541e-01
1.110894e-01
1.111236e-01
1.111589e-01
1.111931e-01
1.112285e-01
1.112627e-01
1.112980e-01
1.113322e-01
1.113675e-01
1.114017e-01
1.114370e-01
1.114712e-01
1.115065e-01
1.115406e-01
1.115758e-01
1.116099e-01
1.116450e-01
1.116791e-01
1.117146e-01
1.117484e-01
1.117838e-01
1.118176e-01
1.118529e-01
1.118866e-01
1.119217e-01
1.119554e-01
1.119903e-01
1.120238e-01
1.120586e-01
1.120920e-01
1.121265e-01
1.121598e-01
1.121941e-01
1.122273e-01
1.122614e-01
1.122944e-01
1.123283e-01
1.123612e-01
1.123949e-01
1.124277e-01
1.124612e-01
1.124939e-01
1.125272e-01
1.125598e-01
1.125930e-01
1.126255e-01
1.126586e-01
1.126910e-01
1.127240e-01
1.127565e-01
1.127894e-01
1.128218e-01
1.128547e-01
1.128870e-01
1.129199e-01
1.129522e-01
1.129851e-01
1.130174e-01
1.130502e-01
1.130826e-01
1.131154e-01
1.131478e-01
1.131806e-01
1.132130e-01
1.132459e-01
1.132783e-01
1.133112e-01
1.133437e-01
1.133766e-01
1.134091e-01
1.134420e-01
1.134746e-01
1.135076e-01
1.135402e-01
1.135732e-01
1.136059e-01
1.136389e-01
1.136717e-01
1.137048e-01
1.137376e-01
1.137708e-01
1.138037e-01
1.138369e-01
1.138699e-01
1.139032e-01
1.139362e-01
1.139697e-01
1.140028e-01
1.140363e-01
1.140695e-01
1.141030e-01
1.141363e-01
1.141700e-01
1.142034e-01
1.142372e-01
1.142707e-01
1.143045e-01
1.143381e-01
1.143721e-01
1.144058e-01
1.144399e-01
1.144737e-01
1.145079e-01
1.145418e-01
1.145761e-01
1.146101e-01
1.146445e-01
1.146787e-01
1.147132e-01
1.147475e-01
1.147822e-01
1.148166e-01
1.148514e-01
1.148860e-01
1.149209e-01
1.149556e-01
1.149907e-01
1.150256e-01
1.150607e-01
1.150958e-01
1.151311e-01
1.151663e-01
1.152018e-01
1.152371e-01
1.152728e-01
1.153083e-01
1.153441e-01
1.153798e-01
1.154158e-01
1.154517e-01
1.154878e-01
1.155239e-01
1.155602e-01
1.155965e-01
1.156331e-01
1.156695e-01
1.157063e-01
1.157429e-01
1.157799e-01
1.158168e-01
1.158539e-01
1.158910e-01
1.159283e-01
1.159656e-01
1.160032e-01
1.160407e-01
1.160784e-01
1.161162e-01
1.161539e-01
1.161915e-01
1.162295e-01
1.162674e-01
1.163056e-01
1.163439e-01
1.163824e-01
1.164209e-01
1.164597e-01
1.164984e-01
1.165372e-01
1.165759e-01
1.166148e-01
1.166538e-01
1.166930e-01
1.167322e-01
1.167715e-01
1.168108e-01
1.168502e-01
1.168896e-01
1.169292e-01
1.169724e-01
1.170121e-01
1.170554e-01
1.170953e-01
1.171387e-01
1.171787e-01
1.172222e-01
1.172624e-01
1.173060e-01
1.173463e-01
1.173899e-01
1.174303e-01
1.174741e-01
1.175146e-01
1.175585e-01
1.176026e-01
1.176466e-01
1.176908e-01
1.177348e-01
1.177792e-01
1.178234e-01
1.178679e-01
1.179122e-01
1.179568e-01
1.180012e-01
1.180460e-01
1.180906e-01
1.181255e-01
1.181613e-01
1.181980e-01
1.182336e-01
1.182699e-01
1.183055e-01
1.183406e-01
1.183763e-01
1.184128e-01
1.184490e-01
1.184847e-01
1.185215e-01
1.185572e-01
1.185938e-01
1.186294e-01
1.186658e-01
1.187015e-01
1.187380e-01
1.187760e-01
1.188156e-01
1.188573e-01
1.189011e-01
1.189472e-01
1.189932e-01
1.190393e-01
1.190853e-01
1.191314e-01
1.191774e-01
1.192235e-01
1.192695e-01
1.193156e-01
1.193616e-01
1.194076e-01
1.194537e-01
1.194997e-01
1.195458e-01
1.195918e-01
1.196378e-01
1.196839e-01
1.197299e-01
1.197661e-01
1.198040e-01
1.198430e-01
1.198802e-01
1.199167e-01
1.199536e-01
1.199899e-01
1.200264e-01
1.200666e-01
1.201108e-01
1.201569e-01
1.202030e-01
1.202491e-01
1.202952e-01
1.203413e-01
1.203875e-01
1.204236e-01
1.204608e-01
1.204971e-01
1.205337e-01
1.205698e-01
1.206096e-01
1.206534e-01
1.206997e-01
1.207460e-01
1.207923e-01
1.208387e-01
1.208852e-01
1.209316e-01
1.209781e-01
1.210141e-01
1.210509e-01
1.210869e-01
1.211266e-01
1.211702e-01
1.212170e-01
1.212638e-01
1.213107e-01
1.213576e-01
1.214047e-01
1.214518e-01
1.214990e-01
1.215335e-01
1.215714e-01
1.216065e-01
1.216417e-01
1.216767e-01
1.217118e-01
1.217467e-01
1.217818e-01
1.218175e-01
1.218568e-01
1.218921e-01
1.219276e-01
1.219628e-01
1.220015e-01
1.220371e-01
1.220762e-01
1.221117e-01
1.221507e-01
1.221844e-01
1.222185e-01
1.222522e-01
1.222860e-01
1.223196e-01
1.223535e-01
1.223871e-01
1.224210e-01
1.224546e-01
1.224884e-01
1.225220e-01
1.225558e-01
1.225894e-01
1.226233e-01
1.226569e-01
1.226938e-01
1.227345e-01
1.227787e-01
1.228233e-01
1.228673e-01
1.229115e-01
1.229553e-01
1.229993e-01
1.230428e-01
1.230866e-01
1.231299e-01
1.231735e-01
1.232167e-01
1.232503e-01
1.232845e-01
1.233182e-01
1.233522e-01
1.233859e-01
1.234199e-01
1.234537e-01
1.234877e-01
1.235215e-01
1.235555e-01
1.235894e-01
1.236235e-01
1.236574e-01
1.236915e-01
1.237254e-01
1.237596e-01
1.237972e-01
1.238386e-01
1.238817e-01
1.239244e-01
1.239675e-01
1.240102e-01
1.240534e-01
1.240961e-01
1.241393e-01
1.241820e-01
1.242252e-01
1.242680e-01
1.243113e-01
1.243541e-01
1.243974e-01
1.244403e-01
1.244837e-01
1.245267e-01
1.245701e-01
1.246131e-01
1.246567e-01
1.246998e-01
1.247434e-01
1.247865e-01
1.248303e-01
1.248735e-01
1.249174e-01
1.249607e-01
1.250047e-01
1.250481e-01
1.250921e-01
1.251356e-01
1.251709e-01
1.252067e-01
1.252420e-01
1.252777e-01
1.253132e-01
1.253489e-01
1.253846e-01
1.254204e-01
1.254562e-01
1.254922e-01
1.255280e-01
1.255641e-01
1.256001e-01
1.256363e-01
1.256724e-01
1.257088e-01
1.257488e-01
1.257928e-01
1.258379e-01
1.258822e-01
1.259180e-01
1.259543e-01
1.259902e-01
1.260264e-01
1.260624e-01
1.260986e-01
1.261347e-01
1.261711e-01
1.262072e-01
1.262437e-01
1.262799e-01
1.263165e-01
1.263528e-01
1.263895e-01
1.264259e-01
1.264627e-01
1.264992e-01
1.265395e-01
1.265837e-01
1.266283e-01
1.266645e-01
1.267012e-01
1.267375e-01
1.267740e-01
1.268104e-01
1.268470e-01
1.268835e-01
1.269202e-01
1.269567e-01
1.269935e-01
1.270301e-01
1.270670e-01
1.271037e-01
1.271407e-01
1.271775e-01
1.272145e-01
1.272514e-01
1.272920e-01
1.273367e-01
1.273810e-01
1.274263e-01
1.274706e-01
1.275158e-01
1.275600e-01
1.275967e-01
1.276341e-01
1.276709e-01
1.277080e-01
1.277450e-01
1.277822e-01
1.278192e-01
1.278565e-01
1.278937e-01
1.279311e-01
1.279683e-01
1.280058e-01
1.280431e-01
1.280807e-01
1.281181e-01
1.281558e-01
1.281933e-01
1.282346e-01
1.282800e-01
1.283246e-01
1.283702e-01
1.284149e-01
1.284609e-01
1.285059e-01
1.285523e-01
1.285976e-01
1.286446e-01
1.286904e-01
1.287373e-01
1.287839e-01
1.288312e-01
1.288784e-01
1.289258e-01
1.289736e-01
1.290209e-01
1.290689e-01
1.291163e-01
1.291644e-01
1.292118e-01
1.292600e-01
1.293075e-01
1.293557e-01
1.294033e-01
1.294516e-01
1.294994e-01
1.295478e-01
1.295956e-01
1.296441e-01
1.296920e-01
1.297407e-01
1.297887e-01
1.298376e-01
1.298800e-01
1.299256e-01
1.299680e-01
1.300123e-01
1.300592e-01
1.301084e-01
1.301509e-01
1.301965e-01
1.302390e-01
1.302835e-01
1.303261e-01
1.303701e-01
1.304127e-01
1.304565e-01
1.304960e-01
1.305361e-01
1.305757e-01
1.306155e-01
1.306551e-01
1.306951e-01
1.307347e-01
1.307747e-01
1.308144e-01
1.308544e-01
1.308941e-01
1.309341e-01
1.309739e-01
1.310139e-01
1.310537e-01
1.310938e-01
1.311379e-01
1.311864e-01
1.312375e-01
1.312889e-01
1.313407e-01
1.313897e-01
1.314390e-01
1.314884e-01
1.315381e-01
1.315879e-01
1.316378e-01
1.316877e-01
1.317375e-01
1.317871e-01
1.318369e-01
1.318868e-01
1.319305e-01
1.319786e-01
1.320222e-01
1.320668e-01
1.321069e-01
1.321476e-01
1.321878e-01
1.322282e-01
1.322684e-01
1.323088e-01
1.323490e-01
1.323895e-01
1.324297e-01
1.324702e-01
1.325104e-01
1.325509e-01
1.325911e-01
1.326316e-01
1.326719e-01
1.327161e-01
1.327602e-01
1.328054e-01
1.328486e-01
1.328927e-01
1.329379e-01
1.329844e-01
1.330275e-01
1.330717e-01
1.331148e-01
1.331589e-01
1.332020e-01
1.332461e-01
1.332918e-01
1.333392e-01
1.333795e-01
1.334204e-01
1.334607e-01
1.335013e-01
1.335416e-01
1.335823e-01
1.336226e-01
1.336632e-01
1.337035e-01
1.337441e-01
1.337844e-01
1.338250e-01
1.338653e-01
1.339059e-01
1.339484e-01
1.339917e-01
1.340342e-01
1.340774e-01
1.341215e-01
1.341665e-01
1.342127e-01
1.342601e-01
1.343080e-01
1.343558e-01
1.344038e-01
1.344517e-01
1.344998e-01
1.345478e-01
1.345881e-01
1.346290e-01
1.346693e-01
1.347098e-01
1.347501e-01
1.347907e-01
1.348309e-01
1.348715e-01
1.349118e-01
1.349523e-01
1.349925e-01
1.350331e-01
1.350733e-01
1.351138e-01
1.351583e-01
1.352074e-01
1.352571e-01
1.353072e-01
1.353575e-01
1.354082e-01
1.354591e-01
1.355106e-01
1.355515e-01
1.355938e-01
1.356376e-01
1.356793e-01
1.357195e-01
1.357608e-01
1.358009e-01
1.358423e-01
1.358825e-01
1.359238e-01
1.359640e-01
1.360051e-01
1.360454e-01
1.360863e-01
1.361264e-01
1.361678e-01
1.362079e-01
1.362494e-01
1.362903e-01
1.363322e-01
1.363730e-01
1.364147e-01
1.364555e-01
1.364971e-01
1.365377e-01
1.365791e-01
1.366196e-01
1.366608e-01
1.367012e-01
1.367422e-01
1.367824e-01
1.368234e-01
1.368634e-01
1.369042e-01
1.369442e-01
1.369844e-01
1.370243e-01
1.370644e-01
1.371042e-01
1.371442e-01
1.371838e-01
1.372237e-01
1.372631e-01
1.373029e-01
1.373423e-01
1.373819e-01
1.374212e-01
1.374607e-01
1.374998e-01
1.375392e-01
1.375783e-01
1.376176e-01
1.376608e-01
1.377084e-01
1.377568e-01
1.378051e-01
1.378530e-01
1.379011e-01
1.379490e-01
1.379970e-01
1.380357e-01
1.380751e-01
1.381138e-01
1.381527e-01
1.381914e-01
1.382302e-01
1.382687e-01
1.383075e-01
1.383459e-01
1.383845e-01
1.384228e-01
1.384614e-01
1.384996e-01
1.385416e-01
1.385878e-01
1.386350e-01
1.386822e-01
1.387294e-01
1.387675e-01
1.388062e-01
1.388443e-01
1.388826e-01
1.389207e-01
1.389589e-01
1.389969e-01
1.390350e-01
1.390729e-01
1.391109e-01
1.391490e-01
1.391877e-01
1.392257e-01
1.392643e-01
1.393022e-01
1.393408e-01
1.393786e-01
1.394170e-01
1.394548e-01
1.394931e-01
1.395311e-01
1.395699e-01
1.396094e-01
1.396478e-01
1.396869e-01
1.397252e-01
1.397631e-01
1.398016e-01
1.398394e-01
1.398778e-01
1.399155e-01
1.399537e-01
1.399926e-01
1.400312e-01
1.400705e-01
1.401090e-01
1.401484e-01
1.401868e-01
1.402259e-01
1.402642e-01
1.403031e-01
1.403427e-01
1.403807e-01
1.404187e-01
1.404572e-01
1.404959e-01
1.405355e-01
1.405742e-01
1.406138e-01
1.406525e-01
1.406919e-01
1.407304e-01
1.407697e-01
1.408097e-01
1.408474e-01
1.408858e-01
1.409249e-01
1.409640e-01
1.410041e-01
1.410432e-01
1.410834e-01
1.411225e-01
1.411627e-01
1.412017e-01
1.412416e-01
1.412803e-01
1.413199e-01
1.413585e-01
1.413977e-01
1.414361e-01
1.414751e-01
1.415132e-01
1.415521e-01
1.415918e-01
1.416304e-01
1.416703e-01
1.417090e-01
1.417489e-01
1.417874e-01
1.418271e-01
1.418654e-01
1.419048e-01
1.419429e-01
1.419819e-01
1.420198e-01
1.420584e-01
1.420960e-01
1.421344e-01
1.421718e-01
1.422098e-01
1.422478e-01
1.422853e-01
1.423234e-01
1.423621e-01
1.424002e-01
1.424396e-01
1.424776e-01
1.425168e-01
1.425546e-01
1.425934e-01
1.426310e-01
1.426694e-01
1.427068e-01
1.427449e-01
1.427820e-01
1.428197e-01
1.428566e-01
1.428941e-01
1.429308e-01
1.429681e-01
1.430059e-01
1.430443e-01
1.430835e-01
1.431218e-01
1.431611e-01
1.431992e-01
1.432381e-01
1.432759e-01
1.433129e-01
1.433508e-01
1.433876e-01
1.434251e-01
1.434617e-01
1.434988e-01
1.435360e-01
1.435726e-01
1.436099e-01
1.436477e-01
1.436849e-01
1.437231e-01
1.437602e-01
1.437982e-01
1.438351e-01
1.438728e-01
1.439094e-01
1.439467e-01
1.439831e-01
1.440201e-01
1.440562e-01
1.440930e-01
1.441303e-01
1.441677e-01
1.442064e-01
1.442458e-01
1.442825e-01
1.443202e-01
1.443569e-01
1.443943e-01
1.444307e-01
1.444677e-01
1.445039e-01
1.445407e-01
1.445767e-01
1.446133e-01
1.446505e-01
1.446883e-01
1.447252e-01
1.447632e-01
1.447999e-01
1.448377e-01
1.448742e-01
1.449116e-01
1.449479e-01
1.449850e-01
1.450211e-01
1.450578e-01
1.450937e-01
1.451302e-01
1.451673e-01
1.452051e-01
1.452419e-01
1.452799e-01
1.453166e-01
1.453544e-01
1.453909e-01
1.454283e-01
1.454646e-01
1.455016e-01
1.455377e-01
1.455744e-01
1.456102e-01
1.456467e-01
1.456838e-01
1.457216e-01
1.457584e-01
1.457965e-01
1.458333e-01
1.458712e-01
1.459077e-01
1.459452e-01
1.459816e-01
1.460187e-01
1.460548e-01
1.460915e-01
1.461274e-01
1.461639e-01
1.462010e-01
1.462383e-01
1.462768e-01
1.463161e-01
1.463526e-01
1.463904e-01
1.464269e-01
1.464644e-01
1.465007e-01
1.465378e-01
1.465739e-01
1.466108e-01
1.466467e-01
1.466832e-01
1.467204e-01
1.467581e-01
1.467966e-01
1.468358e-01
1.468744e-01
1.469153e-01
1.469571e-01
1.470024e-01
1.470424e-01
1.470832e-01
1.471232e-01
1.471640e-01
1.472025e-01
1.472433e-01
1.472834e-01
1.473242e-01
1.473643e-01
1.474051e-01
1.474435e-01
1.474843e-01
1.475245e-01
1.475653e-01
1.476068e-01
1.476473e-01
1.476857e-01
1.477277e-01
1.477661e-01
1.478084e-01
1.478469e-01
1.478892e-01
1.479276e-01
1.479683e-01
1.480068e-01
1.480472e-01
1.480857e-01
1.481261e-01
1.481646e-01
1.482048e-01
1.482432e-01
1.482832e-01
1.483217e-01
1.483616e-01
1.484000e-01
1.484398e-01
1.484783e-01
1.485180e-01
1.485565e-01
1.485985e-01
1.486387e-01
1.486797e-01
1.487214e-01
1.487620e-01
1.488034e-01
1.488456e-01
1.488856e-01
1.489266e-01
1.489687e-01
1.490094e-01
1.490512e-01
1.490921e-01
1.491339e-01
1.491749e-01
1.492168e-01
1.492578e-01
1.492998e-01
1.493409e-01
1.493829e-01
1.494240e-01
1.494660e-01
1.495071e-01
1.495492e-01
1.495903e-01
1.496324e-01
1.496736e-01
1.497158e-01
1.497570e-01
1.497992e-01
1.498405e-01
1.498828e-01
1.499241e-01
1.499664e-01
1.500078e-01
1.500501e-01
1.500915e-01
1.501339e-01
1.501753e-01
1.502177e-01
1.502592e-01
1.503016e-01
1.503431e-01
1.503856e-01
1.504291e-01
1.504701e-01
1.505120e-01
1.505548e-01
1.505963e-01
1.506387e-01
1.506822e-01
1.507231e-01
1.507650e-01
1.508037e-01
1.508442e-01
1.508865e-01
1.509298e-01
1.509686e-01
1.510087e-01
1.510504e-01
1.510918e-01
1.511340e-01
1.511772e-01
1.512180e-01
1.512597e-01
1.513023e-01
1.513458e-01
1.513904e-01
1.514352e-01
1.514741e-01
1.515146e-01
1.515504e-01
1.515870e-01
1.516246e-01
1.516609e-01
1.516968e-01
1.517333e-01
1.517692e-01
1.518053e-01
1.518411e-01
1.518772e-01
1.519130e-01
1.519490e-01
1.519855e-01
1.520222e-01
1.520584e-01
1.520954e-01
1.521315e-01
1.521683e-01
1.522044e-01
1.522408e-01
1.522769e-01
1.523132e-01
1.523491e-01
1.523854e-01
1.524213e-01
1.524575e-01
1.524934e-01
1.525295e-01
1.525655e-01
1.526016e-01
1.526376e-01
1.526744e-01
1.527105e-01
1.527472e-01
1.527834e-01
1.528198e-01
1.528559e-01
1.528923e-01
1.529285e-01
1.529649e-01
1.530010e-01
1.530374e-01
1.530736e-01
1.531100e-01
1.531462e-01
1.531827e-01
1.532228e-01
1.532669e-01
1.533114e-01
1.533560e-01
1.534002e-01
1.534453e-01
1.534897e-01
1.535354e-01
1.535747e-01
1.536154e-01
1.536577e-01
1.537018e-01
1.537412e-01
1.537815e-01
1.538186e-01
1.538594e-01
1.539035e-01
1.539486e-01
1.539931e-01
1.540389e-01
1.540834e-01
1.541281e-01
1.541727e-01
1.542175e-01
1.542563e-01
1.542971e-01
1.543396e-01
1.543838e-01
1.544233e-01
1.544641e-01
1.545033e-01
1.545463e-01
1.545907e-01
1.546358e-01
1.546803e-01
1.547253e-01
1.547699e-01
1.548150e-01
1.548545e-01
1.548956e-01
1.549384e-01
1.549830e-01
1.550226e-01
1.550632e-01
1.551049e-01
1.551480e-01
1.551925e-01
1.552378e-01
1.552823e-01
1.553276e-01
1.553726e-01
1.554180e-01
1.554576e-01
1.554978e-01
1.555375e-01
1.555785e-01
1.556182e-01
1.556581e-01
1.556978e-01
1.557378e-01
1.557775e-01
1.558175e-01
1.558573e-01
1.558973e-01
1.559370e-01
1.559785e-01
1.560219e-01
1.560673e-01
1.561071e-01
1.561483e-01
1.561904e-01
1.562307e-01
1.562704e-01
1.563108e-01
1.563505e-01
1.563906e-01
1.564304e-01
1.564704e-01
1.565102e-01
1.565503e-01
1.565901e-01
1.566301e-01
1.566699e-01
1.567100e-01
1.567516e-01
1.567946e-01
1.568344e-01
1.568748e-01
1.569146e-01
1.569547e-01
1.569945e-01
1.570346e-01
1.570745e-01
1.571146e-01
1.571544e-01
1.571945e-01
1.572343e-01
1.572743e-01
1.573141e-01
1.573542e-01
1.573940e-01
1.574345e-01
1.574743e-01
1.575147e-01
1.575546e-01
1.575947e-01
1.576346e-01
1.576747e-01
1.577145e-01
1.577546e-01
1.577944e-01
1.578345e-01
1.578744e-01
1.579149e-01
1.579548e-01
1.579954e-01
1.580353e-01
1.580755e-01
1.581154e-01
1.581556e-01
1.581954e-01
1.582356e-01
1.582755e-01
1.583156e-01
1.583555e-01
1.583962e-01
1.584362e-01
1.584766e-01
1.585166e-01
1.585573e-01
1.585973e-01
1.586379e-01
1.586778e-01
1.587181e-01
1.587580e-01
1.587982e-01
1.588382e-01
1.588791e-01
1.589192e-01
1.589598e-01
1.589998e-01
1.590408e-01
1.590809e-01
1.591218e-01
1.591619e-01
1.592027e-01
1.592428e-01
1.592835e-01
1.593235e-01
1.593642e-01
1.594043e-01
1.594450e-01
1.594868e-01
1.595277e-01
1.595677e-01
1.596086e-01
1.596487e-01
1.596899e-01
1.597302e-01
1.597713e-01
1.598114e-01
1.598524e-01
1.598926e-01
1.599335e-01
1.599737e-01
1.600153e-01
1.600553e-01
1.600965e-01
1.601366e-01
1.601778e-01
1.602185e-01
1.602601e-01
1.603007e-01
1.603422e-01
1.603823e-01
1.604236e-01
1.604641e-01
1.605053e-01
1.605455e-01
1.605866e-01
1.606290e-01
1.606706e-01
1.607117e-01
1.607527e-01
1.607937e-01
1.608350e-01
1.608759e-01
1.609178e-01
1.609586e-01
1.610003e-01
1.610429e-01
1.610863e-01
1.611270e-01
1.611693e-01
1.612127e-01
1.612546e-01
1.612976e-01
1.613395e-01
1.613825e-01
1.614243e-01
1.614673e-01
1.615091e-01
1.615500e-01
1.615927e-01
1.616368e-01
1.616794e-01
1.617212e-01
1.617644e-01
1.618061e-01
1.618493e-01
1.618902e-01
1.619327e-01
1.619740e-01
1.620175e-01
1.620596e-01
1.621021e-01
1.621444e-01
1.621870e-01
1.622280e-01
1.622702e-01
1.623119e-01
1.623548e-01
1.623966e-01
1.624395e-01
1.624809e-01
1.625249e-01
1.625674e-01
1.626116e-01
1.626546e-01
1.626993e-01
1.627427e-01
1.627879e-01
1.628296e-01
1.628708e-01
1.629129e-01
1.629551e-01
1.629951e-01
1.630373e-01
1.630774e-01
1.631188e-01
1.631596e-01
1.632007e-01
1.632409e-01
1.632816e-01
1.633219e-01
1.633627e-01
1.634042e-01
1.634464e-01
1.634864e-01
1.635276e-01
1.635677e-01
1.636100e-01
1.636501e-01
1.636921e-01
1.637323e-01
1.637744e-01
1.638187e-01
1.638603e-01
1.639038e-01
1.639492e-01
1.639896e-01
1.640314e-01
1.640714e-01
1.641123e-01
1.641544e-01
1.641978e-01
1.642379e-01
1.642796e-01
1.643198e-01
1.643618e-01
1.644020e-01
1.644439e-01
1.644877e-01
1.645292e-01
1.645723e-01
1.646165e-01
1.646565e-01
1.646999e-01
1.647400e-01
1.647827e-01
1.648228e-01
1.648650e-01
1.649094e-01
1.649561e-01
1.649964e-01
1.650382e-01
1.650816e-01
1.651230e-01
1.651642e-01
1.652061e-01
1.652470e-01
1.652883e-01
1.653290e-01
1.653700e-01
1.654105e-01
1.654514e-01
1.654917e-01
1.655324e-01
1.655726e-01
1.656131e-01
1.656543e-01
1.656961e-01
1.657387e-01
1.657805e-01
1.658217e-01
1.658637e-01
1.659046e-01
1.659464e-01
1.659872e-01
1.660287e-01
1.660693e-01
1.661106e-01
1.661511e-01
1.661922e-01
1.662326e-01
1.662735e-01
1.663138e-01
1.663546e-01
1.663961e-01
1.664383e-01
1.664791e-01
1.665208e-01
1.665634e-01
1.666047e-01
1.666454e-01
1.666869e-01
1.667275e-01
1.667688e-01
1.668093e-01
1.668505e-01
1.668908e-01
1.669318e-01
1.669721e-01
1.670129e-01
1.670531e-01
1.670938e-01
1.671352e-01
1.671774e-01
1.672180e-01
1.672596e-01
1.672999e-01
1.673411e-01
1.673830e-01
1.674241e-01
1.674646e-01
1.675059e-01
1.675460e-01
1.675871e-01
1.676273e-01
1.676682e-01
1.677084e-01
1.677493e-01
1.677894e-01
1.678301e-01
1.678704e-01
1.679125e-01
1.679555e-01
1.679971e-01
1.680375e-01
1.680789e-01
1.681191e-01
1.681600e-01
1.682002e-01
1.682428e-01
1.682830e-01
1.683240e-01
1.683643e-01
1.684052e-01
1.684453e-01
1.684862e-01
1.685262e-01
1.685669e-01
1.686073e-01
1.686491e-01
1.686891e-01
1.687300e-01
1.687701e-01
1.688117e-01
1.688518e-01
1.688936e-01
1.689338e-01
1.689758e-01
1.690160e-01
1.690579e-01
1.690982e-01
1.691401e-01
1.691836e-01
1.692244e-01
1.692666e-01
1.693103e-01
1.693504e-01
1.693926e-01
1.694327e-01
1.694749e-01
1.695150e-01
1.695569e-01
1.696009e-01
1.696423e-01
1.696854e-01
1.697304e-01
1.697704e-01
1.698113e-01
1.698512e-01
1.698932e-01
1.699332e-01
1.699754e-01
1.700154e-01
1.700574e-01
1.701015e-01
1.701479e-01
1.701880e-01
1.702297e-01
1.702731e-01
1.703144e-01
1.703565e-01
1.704002e-01
1.704401e-01
1.704827e-01
1.705227e-01
1.705649e-01
1.706094e-01
1.706563e-01
1.706964e-01
1.707381e-01
1.707816e-01
1.708270e-01
1.708672e-01
1.709082e-01
1.709481e-01
1.709887e-01
1.710303e-01
1.710731e-01
1.711131e-01
1.711548e-01
1.711948e-01
1.712365e-01
1.712801e-01
1.713258e-01
1.713659e-01
1.714075e-01
1.714508e-01
1.714914e-01
1.715332e-01
1.715765e-01
1.716164e-01
1.716585e-01
1.716985e-01
1.717404e-01
1.717844e-01
1.718307e-01
1.718708e-01
1.719124e-01
1.719558e-01
1.720010e-01
1.720412e-01
1.720827e-01
1.721226e-01
1.721632e-01
1.722048e-01
1.722476e-01
1.722876e-01
1.723292e-01
1.723692e-01
1.724108e-01
1.724512e-01
1.724924e-01
1.725325e-01
1.725741e-01
1.726166e-01
1.726574e-01
1.726973e-01
1.727381e-01
1.727781e-01
1.728187e-01
1.728603e-01
1.729031e-01
1.729431e-01
1.729845e-01
1.730276e-01
1.730724e-01
1.731126e-01
1.731542e-01
1.731968e-01
1.732410e-01
1.732813e-01
1.733230e-01
1.733630e-01
1.734037e-01
1.734454e-01
1.734883e-01
1.735283e-01
1.735698e-01
1.736129e-01
1.736542e-01
1.736970e-01
1.737409e-01
1.737813e-01
1.738231e-01
1.738630e-01
1.739038e-01
1.739455e-01
1.739886e-01
1.740286e-01
1.740702e-01
1.741111e-01
1.741539e-01
1.741941e-01
1.742358e-01
1.742761e-01
1.743170e-01
1.743572e-01
1.743977e-01
1.744377e-01
1.744794e-01
1.745194e-01
1.745613e-01
1.746041e-01
1.746460e-01
1.746872e-01
1.747295e-01
1.747706e-01
1.748127e-01
1.748538e-01
1.748956e-01
1.749366e-01
1.749779e-01
1.750188e-01
1.750600e-01
1.751007e-01
1.751418e-01
1.751824e-01
1.752233e-01
1.752638e-01
1.753047e-01
1.753451e-01
1.753859e-01
1.754307e-01
1.754798e-01
1.755310e-01
1.755791e-01
1.756287e-01
1.756758e-01
1.757234e-01
1.757696e-01
1.758205e-01
1.758661e-01
1.759162e-01
1.759614e-01
1.760019e-01
1.760432e-01
1.760837e-01
1.761246e-01
1.761651e-01
1.762060e-01
1.762465e-01
1.762873e-01
1.763279e-01
1.763724e-01
1.764214e-01
1.764686e-01
1.765188e-01
1.765712e-01
1.766213e-01
1.766701e-01
1.767151e-01
1.767621e-01
1.768104e-01
1.768543e-01
1.768985e-01
1.769425e-01
1.769908e-01
1.770351e-01
1.770838e-01
1.771279e-01
1.771683e-01
1.772100e-01
1.772535e-01
1.772974e-01
1.773376e-01
1.773785e-01
1.774188e-01
1.774595e-01
1.774997e-01
1.775409e-01
1.775812e-01
1.776226e-01
1.776630e-01
1.777049e-01
1.777453e-01
1.777872e-01
1.778277e-01
1.778691e-01
1.779094e-01
1.779537e-01
1.779940e-01
1.780380e-01
1.780863e-01
1.781312e-01
1.781778e-01
1.782225e-01
1.782682e-01
1.783131e-01
1.783625e-01
1.784070e-01
1.784519e-01
1.785013e-01
1.785555e-01
1.786063e-01
1.786569e-01
1.787076e-01
1.787596e-01
1.788096e-01
1.788605e-01
1.789095e-01
1.789608e-01
1.790087e-01
1.790587e-01
1.791094e-01
1.791585e-01
1.792059e-01
1.792550e-01
1.793019e-01
1.793501e-01
1.793963e-01
1.794430e-01
1.794887e-01
1.795348e-01
1.795799e-01
1.796254e-01
1.796701e-01
1.797193e-01
1.797697e-01
1.798209e-01
1.798701e-01
1.799216e-01
1.799698e-01
1.800201e-01
1.800676e-01
1.801170e-01
1.801639e-01
1.802125e-01
1.802590e-01
1.803068e-01
1.803527e-01
1.803999e-01
1.804454e-01
1.804913e-01
1.805365e-01
1.805820e-01
1.806269e-01
1.806722e-01
1.807170e-01
1.807640e-01
1.808099e-01
1.808558e-01
1.809010e-01
1.809506e-01
1.810037e-01
1.810576e-01
1.811106e-01
1.811647e-01
1.812207e-01
1.812770e-01
1.813336e-01
1.813905e-01
1.814479e-01
1.815054e-01
1.815629e-01
1.816205e-01
1.816762e-01
1.817320e-01
1.817877e-01
1.818430e-01
1.818870e-01
1.819354e-01
1.819809e-01
1.820294e-01
1.820756e-01
1.821237e-01
1.821695e-01
1.822198e-01
1.822651e-01
1.823148e-01
1.823597e-01
1.824092e-01
1.824536e-01
1.825010e-01
1.825489e-01
1.825987e-01
1.826453e-01
1.826918e-01
1.827369e-01
1.827820e-01
1.828264e-01
1.828753e-01
1.829256e-01
1.829776e-01
1.830217e-01
1.830703e-01
1.831150e-01
1.831635e-01
1.832108e-01
1.832587e-01
1.833052e-01
1.833519e-01
1.833977e-01
1.834437e-01
1.834890e-01
1.835380e-01
1.835830e-01
1.836310e-01
1.836783e-01
1.837277e-01
1.837814e-01
1.838350e-01
1.838825e-01
1.839333e-01
1.839864e-01
1.840372e-01
1.840864e-01
1.841379e-01
1.841858e-01
1.842355e-01
1.842824e-01
1.843298e-01
1.843759e-01
1.844221e-01
1.844674e-01
1.845173e-01
1.845623e-01
1.846117e-01
1.846662e-01
1.847227e-01
1.847727e-01
1.848276e-01
1.848799e-01
1.849308e-01
1.849802e-01
1.850296e-01
1.850736e-01
1.851193e-01
1.851672e-01
1.852119e-01
1.852611e-01
1.853131e-01
1.853615e-01
1.854021e-01
1.854436e-01
1.854858e-01
1.855269e-01
1.855676e-01
1.856090e-01
1.856498e-01
1.856912e-01
1.857319e-01
1.857733e-01
1.858140e-01
1.858554e-01
1.858961e-01
1.859375e-01
1.859782e-01
1.860195e-01
1.860602e-01
1.861016e-01
1.861422e-01
1.861836e-01
1.862242e-01
1.862656e-01
1.863062e-01
1.863475e-01
1.863882e-01
1.864295e-01
1.864715e-01
1.865145e-01
1.865584e-01
1.866033e-01
1.866495e-01
1.866969e-01
1.867458e-01
1.867933e-01
1.868339e-01
1.868753e-01
1.869175e-01
1.869585e-01
1.870003e-01
1.870414e-01
1.870820e-01
1.871234e-01
1.871641e-01
1.872055e-01
1.872461e-01
1.872875e-01
1.873282e-01
1.873695e-01
1.874102e-01
1.874515e-01
1.874921e-01
1.875335e-01
1.875756e-01
1.876185e-01
1.876624e-01
1.877074e-01
1.877536e-01
1.878011e-01
1.878500e-01
1.879004e-01
1.879522e-01
1.880011e-01
1.880417e-01
1.880832e-01
1.881254e-01
1.881665e-01
1.882083e-01
1.882494e-01
1.882901e-01
1.883315e-01
1.883722e-01
1.884136e-01
1.884543e-01
1.884956e-01
1.885363e-01
1.885777e-01
1.886184e-01
1.886597e-01
1.887004e-01
1.887418e-01
1.887824e-01
1.888238e-01
1.888644e-01
1.889058e-01
1.889464e-01
1.889878e-01
1.890284e-01
1.890698e-01
1.891104e-01
1.891517e-01
1.891924e-01
1.892334e-01
1.892740e-01
1.893150e-01
1.893556e-01
1.893966e-01
1.894372e-01
1.894782e-01
1.895188e-01
1.895598e-01
1.896004e-01
1.896414e-01
1.896820e-01
1.897230e-01
1.897636e-01
1.898045e-01
1.898452e-01
1.898861e-01
1.899267e-01
1.899677e-01
1.900083e-01
1.900493e-01
1.900899e-01
1.901308e-01
1.901715e-01
1.902161e-01
1.902653e-01
1.903194e-01
1.903765e-01
1.904333e-01
1.904739e-01
1.905185e-01
1.905677e-01
1.906217e-01
1.906777e-01
1.907305e-01
1.907846e-01
1.908359e-01
1.908766e-01
1.909213e-01
1.909705e-01
1.910195e-01
1.910690e-01
1.911170e-01
1.911698e-01
1.912174e-01
1.912698e-01
1.913176e-01
1.913703e-01
1.914183e-01
1.914711e-01
1.915188e-01
1.915597e-01
1.916046e-01
1.916540e-01
1.917084e-01
1.917646e-01
1.918211e-01
1.918779e-01
1.919344e-01
1.919917e-01
1.920357e-01
1.920841e-01
1.921282e-01
1.921766e-01
1.922207e-01
1.922691e-01
1.923199e-01
1.923734e-01
1.924229e-01
1.924741e-01
1.925225e-01
1.925712e-01
1.926186e-01
1.926708e-01
1.927175e-01
1.927690e-01
1.928256e-01
1.928827e-01
1.929398e-01
1.929973e-01
1.930549e-01
1.931127e-01
1.931708e-01
1.932118e-01
1.932570e-01
1.933067e-01
1.933613e-01
1.934188e-01
1.934722e-01
1.935272e-01
1.935788e-01
1.936333e-01
1.936833e-01
1.937358e-01
1.937844e-01
1.938336e-01
1.938811e-01
1.939334e-01
1.939802e-01
1.940317e-01
1.940780e-01
1.941290e-01
1.941850e-01
1.942434e-01
1.942986e-01
1.943574e-01
1.944141e-01
1.944733e-01
1.945287e-01
1.945866e-01
1.946403e-01
1.946960e-01
1.947479e-01
1.948020e-01
1.948522e-01
1.949052e-01
1.949538e-01
1.950029e-01
1.950504e-01
1.950914e-01
1.951332e-01
1.951757e-01
1.952171e-01
1.952592e-01
1.953022e-01
1.953433e-01
1.953850e-01
1.954276e-01
1.954710e-01
1.955121e-01
1.955538e-01
1.955964e-01
1.956399e-01
1.956844e-01
1.957300e-01
1.957769e-01
1.958252e-01
1.958749e-01
1.959246e-01
1.959773e-01
1.960255e-01
1.960785e-01
1.961257e-01
1.961776e-01
1.962247e-01
1.962765e-01
1.963235e-01
1.963751e-01
1.964219e-01
1.964734e-01
1.965199e-01
1.965711e-01
1.966173e-01
1.966681e-01
1.967142e-01
1.967648e-01
1.968205e-01
1.968780e-01
1.969368e-01
1.969970e-01
1.970535e-01
1.971101e-01
1.971552e-01
1.972042e-01
1.972555e-01
1.973111e-01
1.973564e-01
1.974041e-01
1.974535e-01
1.975052e-01
1.975507e-01
1.975984e-01
1.976480e-01
1.976998e-01
1.977456e-01
1.977940e-01
1.978445e-01
1.978925e-01
1.979388e-01
1.979860e-01
1.980316e-01
1.980817e-01
1.981265e-01
1.981757e-01
1.982201e-01
1.982648e-01
1.983089e-01
1.983575e-01
1.984014e-01
1.984497e-01
1.984934e-01
1.985415e-01
1.985852e-01
1.986331e-01
1.986766e-01
1.987245e-01
1.987767e-01
1.988271e-01
1.988773e-01
1.989262e-01
1.989771e-01
1.990249e-01
1.990775e-01
1.991248e-01
1.991768e-01
1.992238e-01
1.992756e-01
1.993227e-01
1.993745e-01
1.994217e-01
1.994737e-01
1.995211e-01
1.995733e-01
1.996146e-01
1.996568e-01
1.996999e-01
1.997418e-01
1.997845e-01
1.998281e-01
1.998695e-01
1.999118e-01
1.999549e-01
1.999967e-01
2.000395e-01
2.000831e-01
2.001246e-01
