#   1 : Date        
# Date        
0.000000e+00
1.807392e-05
2.865299e-05
3.680825e-05
4.331462e-05
4.906367e-05
5.538763e-05
6.204872e-05
6.795979e-05
7.446196e-05
8.161436e-05
8.947053e-05
9.702468e-05
1.053342e-04
1.143002e-04
1.241628e-04
1.337027e-04
1.436480e-04
1.545879e-04
1.657374e-04
1.769297e-04
1.886124e-04
2.010176e-04
2.132284e-04
2.257171e-04
2.388127e-04
2.521957e-04
2.655017e-04
2.797183e-04
2.939297e-04
3.084532e-04
3.235230e-04
3.388720e-04
3.545256e-04
3.707045e-04
3.871136e-04
4.039712e-04
4.213429e-04
4.389057e-04
4.566041e-04
4.748726e-04
4.934284e-04
5.123968e-04
5.317204e-04
5.513472e-04
5.713195e-04
5.916317e-04
6.121877e-04
6.330631e-04
6.541431e-04
6.756129e-04
6.973298e-04
7.193540e-04
7.416524e-04
7.642145e-04
7.870888e-04
8.102207e-04
8.336410e-04
8.572999e-04
8.811975e-04
9.052984e-04
9.296850e-04
9.542344e-04
9.790738e-04
1.004107e-03
1.029433e-03
1.054937e-03
1.080786e-03
1.106828e-03
1.133123e-03
1.159624e-03
1.186464e-03
1.213485e-03
1.240745e-03
1.268213e-03
1.295923e-03
1.323861e-03
1.352053e-03
1.380427e-03
1.409065e-03
1.437917e-03
1.467083e-03
1.496472e-03
1.526126e-03
1.555964e-03
1.586157e-03
1.616605e-03
1.647287e-03
1.678149e-03
1.709331e-03
1.740719e-03
1.772176e-03
1.803794e-03
1.835622e-03
1.867602e-03
1.899875e-03
1.932477e-03
1.965120e-03
1.998093e-03
2.031272e-03
2.064625e-03
2.098278e-03
2.132152e-03
2.166096e-03
2.200218e-03
2.234613e-03
2.269156e-03
2.304035e-03
2.339154e-03
2.374341e-03
2.409910e-03
2.445536e-03
2.481298e-03
2.517257e-03
2.553563e-03
2.589879e-03
2.626441e-03
2.663275e-03
2.700239e-03
2.737218e-03
2.774286e-03
2.811384e-03
2.848464e-03
2.885545e-03
2.922654e-03
2.959773e-03
2.996956e-03
3.034185e-03
3.071426e-03
3.108658e-03
3.145912e-03
3.183198e-03
3.220536e-03
3.257870e-03
3.295200e-03
3.332536e-03
3.369894e-03
3.407260e-03
3.444668e-03
3.482147e-03
3.519673e-03
3.557183e-03
3.594705e-03
3.631642e-03
3.668985e-03
3.705175e-03
3.741956e-03
3.778025e-03
3.813732e-03
3.848681e-03
3.883206e-03
3.917606e-03
3.952041e-03
3.986607e-03
4.021009e-03
4.055023e-03
4.088665e-03
4.122328e-03
4.155884e-03
4.189510e-03
4.223105e-03
4.256872e-03
4.290084e-03
4.323502e-03
4.356781e-03
4.390141e-03
4.423617e-03
4.457236e-03
4.490717e-03
4.524304e-03
4.558023e-03
4.591357e-03
4.625106e-03
4.658188e-03
4.691735e-03
4.724684e-03
4.757952e-03
4.790884e-03
4.823902e-03
4.856912e-03
4.889902e-03
4.923111e-03
4.956282e-03
4.989861e-03
5.023364e-03
5.057318e-03
5.091267e-03
5.125435e-03
5.159606e-03
5.193994e-03
5.228328e-03
5.262926e-03
5.297532e-03
5.332314e-03
5.367290e-03
5.402342e-03
5.437387e-03
5.472736e-03
5.507983e-03
5.543466e-03
5.578960e-03
5.614662e-03
5.650497e-03
5.686475e-03
5.722497e-03
5.758679e-03
5.794857e-03
5.831286e-03
5.867703e-03
5.904293e-03
5.941020e-03
5.977835e-03
6.014856e-03
6.051958e-03
6.089196e-03
6.126462e-03
6.163063e-03
6.198974e-03
6.234350e-03
6.269158e-03
6.303529e-03
6.337425e-03
6.370958e-03
6.404089e-03
6.436917e-03
6.469402e-03
6.501630e-03
6.533563e-03
6.565279e-03
6.596739e-03
6.628015e-03
6.659069e-03
6.689965e-03
6.720669e-03
6.751239e-03
6.781640e-03
6.811929e-03
6.842070e-03
6.872117e-03
6.902037e-03
6.931878e-03
6.961609e-03
6.991277e-03
7.020851e-03
7.050375e-03
7.079821e-03
7.109230e-03
7.138574e-03
7.167894e-03
7.197162e-03
7.226418e-03
7.255635e-03
7.284850e-03
7.314040e-03
7.343238e-03
7.372422e-03
7.401625e-03
7.430824e-03
7.460053e-03
7.489290e-03
7.518567e-03
7.547862e-03
7.577208e-03
7.606584e-03
7.636022e-03
7.665502e-03
7.695054e-03
7.724661e-03
7.754351e-03
7.784108e-03
7.813960e-03
7.843891e-03
7.873930e-03
7.904061e-03
7.934312e-03
7.964667e-03
7.995157e-03
8.025766e-03
8.056522e-03
8.087412e-03
8.118466e-03
8.149669e-03
8.181052e-03
8.212601e-03
8.244349e-03
8.276282e-03
8.307543e-03
8.337611e-03
8.366499e-03
8.394679e-03
8.422144e-03
8.449081e-03
8.475524e-03
8.501470e-03
8.526940e-03
8.552079e-03
8.576878e-03
8.601380e-03
8.625536e-03
8.649387e-03
8.672886e-03
8.695989e-03
8.718922e-03
8.741738e-03
8.764303e-03
8.786575e-03
8.808666e-03
8.830646e-03
8.852588e-03
8.874513e-03
8.896452e-03
8.918382e-03
8.940305e-03
8.962239e-03
8.984181e-03
9.006137e-03
9.028108e-03
9.050093e-03
9.072093e-03
9.094106e-03
9.116134e-03
9.138174e-03
9.160230e-03
9.182265e-03
9.204282e-03
9.226275e-03
9.248241e-03
9.270178e-03
9.292093e-03
9.313985e-03
9.335863e-03
9.357724e-03
9.379580e-03
9.401426e-03
9.423274e-03
9.445119e-03
9.466975e-03
9.488836e-03
9.510694e-03
9.532534e-03
9.554375e-03
9.576210e-03
9.598052e-03
9.619887e-03
9.641730e-03
9.663575e-03
9.685440e-03
9.707317e-03
9.729225e-03
9.751157e-03
9.773130e-03
9.795139e-03
9.817201e-03
9.839311e-03
9.861485e-03
9.883719e-03
9.906029e-03
9.928406e-03
9.950840e-03
9.973336e-03
9.995899e-03
1.001854e-02
1.004125e-02
1.006404e-02
1.008690e-02
1.010984e-02
1.013285e-02
1.015596e-02
1.017915e-02
1.020242e-02
1.022579e-02
1.024925e-02
1.027281e-02
1.029646e-02
1.032022e-02
1.034407e-02
1.036802e-02
1.039207e-02
1.041620e-02
1.044042e-02
1.046471e-02
1.048909e-02
1.051355e-02
1.053809e-02
1.056271e-02
1.058739e-02
1.061215e-02
1.063700e-02
1.066192e-02
1.068693e-02
1.071204e-02
1.073724e-02
1.076255e-02
1.078797e-02
1.081349e-02
1.083911e-02
1.086482e-02
1.089062e-02
1.091651e-02
1.094251e-02
1.096861e-02
1.099483e-02
1.102115e-02
1.104761e-02
1.107418e-02
1.110089e-02
1.112770e-02
1.115463e-02
1.118167e-02
1.120884e-02
1.123614e-02
1.126358e-02
1.129116e-02
1.131890e-02
1.134678e-02
1.137483e-02
1.140299e-02
1.143127e-02
1.145968e-02
1.148822e-02
1.151689e-02
1.154571e-02
1.157466e-02
1.160378e-02
1.163304e-02
1.166243e-02
1.169194e-02
1.172158e-02
1.175134e-02
1.178124e-02
1.181127e-02
1.184145e-02
1.187177e-02
1.190225e-02
1.193288e-02
1.196362e-02
1.199448e-02
1.202545e-02
1.205653e-02
1.208775e-02
1.211909e-02
1.215056e-02
1.218217e-02
1.221391e-02
1.224580e-02
1.227779e-02
1.230989e-02
1.234209e-02
1.237441e-02
1.240685e-02
1.243941e-02
1.247210e-02
1.250491e-02
1.253785e-02
1.257089e-02
1.260402e-02
1.263724e-02
1.267056e-02
1.270398e-02
1.273750e-02
1.277113e-02
1.280488e-02
1.283874e-02
1.287272e-02
1.290679e-02
1.294094e-02
1.297518e-02
1.300950e-02
1.304392e-02
1.307843e-02
1.311304e-02
1.314773e-02
1.318252e-02
1.321741e-02
1.325236e-02
1.328738e-02
1.332246e-02
1.335761e-02
1.339283e-02
1.342813e-02
1.346350e-02
1.349895e-02
1.353447e-02
1.357008e-02
1.360573e-02
1.364142e-02
1.367716e-02
1.371295e-02
1.374879e-02
1.378468e-02
1.382063e-02
1.385664e-02
1.389270e-02
1.392882e-02
1.396496e-02
1.400112e-02
1.403731e-02
1.407352e-02
1.410975e-02
1.414602e-02
1.418232e-02
1.421865e-02
1.425502e-02
1.429143e-02
1.432784e-02
1.436427e-02
1.440070e-02
1.443714e-02
1.447359e-02
1.451007e-02
1.454656e-02
1.458308e-02
1.461962e-02
1.465619e-02
1.469278e-02
1.472936e-02
1.476594e-02
1.480252e-02
1.483911e-02
1.487570e-02
1.491230e-02
1.494891e-02
1.498554e-02
1.502219e-02
1.505886e-02
1.509554e-02
1.513221e-02
1.516889e-02
1.520556e-02
1.524225e-02
1.527894e-02
1.531566e-02
1.535239e-02
1.538914e-02
1.542591e-02
1.546271e-02
1.549953e-02
1.553635e-02
1.557317e-02
1.561000e-02
1.564684e-02
1.568371e-02
1.572059e-02
1.575750e-02
1.579444e-02
1.583142e-02
1.586844e-02
1.590548e-02
1.594254e-02
1.597962e-02
1.601673e-02
1.605385e-02
1.609100e-02
1.612817e-02
1.616538e-02
1.620262e-02
1.623990e-02
1.627723e-02
1.631460e-02
1.635203e-02
1.638948e-02
1.642696e-02
1.646448e-02
1.650204e-02
1.653963e-02
1.657728e-02
1.661497e-02
1.665270e-02
1.669047e-02
1.672830e-02
1.676618e-02
1.680411e-02
1.684210e-02
1.688014e-02
1.691822e-02
1.695634e-02
1.699451e-02
1.703273e-02
1.707100e-02
1.710932e-02
1.714771e-02
1.718616e-02
1.722467e-02
1.726323e-02
1.730185e-02
1.734053e-02
1.737927e-02
1.741806e-02
1.745690e-02
1.749579e-02
1.753472e-02
1.757371e-02
1.761275e-02
1.765185e-02
1.769101e-02
1.773023e-02
1.776952e-02
1.780888e-02
1.784830e-02
1.788777e-02
1.792498e-02
1.796052e-02
1.799719e-02
1.803494e-02
1.807296e-02
1.811126e-02
1.814976e-02
1.818856e-02
1.822756e-02
1.826687e-02
1.830635e-02
1.834612e-02
1.838605e-02
1.842619e-02
1.846639e-02
1.850664e-02
1.854692e-02
1.858724e-02
1.862758e-02
1.866796e-02
1.870838e-02
1.874881e-02
1.878927e-02
1.882973e-02
1.887018e-02
1.891052e-02
1.895073e-02
1.899074e-02
1.903054e-02
1.907005e-02
1.910896e-02
1.914739e-02
1.918545e-02
1.922324e-02
1.926076e-02
1.929808e-02
1.933525e-02
1.937230e-02
1.940926e-02
1.944616e-02
1.948299e-02
1.951976e-02
1.955649e-02
1.959320e-02
1.962989e-02
1.966656e-02
1.970319e-02
1.973978e-02
1.977635e-02
1.981289e-02
1.984939e-02
1.988587e-02
1.992233e-02
1.995877e-02
1.999520e-02
2.003162e-02
2.006801e-02
2.010438e-02
2.014073e-02
2.017705e-02
2.021336e-02
2.024966e-02
2.028594e-02
2.032221e-02
2.035848e-02
2.039475e-02
2.043101e-02
2.046727e-02
2.050354e-02
2.053980e-02
2.057607e-02
2.061235e-02
2.064863e-02
2.068491e-02
2.072120e-02
2.075750e-02
2.079380e-02
2.083011e-02
2.086642e-02
2.090273e-02
2.093902e-02
2.097531e-02
2.101158e-02
2.104785e-02
2.108410e-02
2.112034e-02
2.115657e-02
2.119279e-02
2.122901e-02
2.126521e-02
2.130140e-02
2.133757e-02
2.137373e-02
2.140988e-02
2.144603e-02
2.148217e-02
2.151832e-02
2.155447e-02
2.159062e-02
2.162677e-02
2.166294e-02
2.169911e-02
2.173530e-02
2.177150e-02
2.180772e-02
2.184394e-02
2.188019e-02
2.191646e-02
2.195275e-02
2.198907e-02
2.202542e-02
2.206164e-02
2.209786e-02
2.213414e-02
2.217050e-02
2.220695e-02
2.224350e-02
2.228011e-02
2.231676e-02
2.235345e-02
2.239019e-02
2.242696e-02
2.246379e-02
2.250066e-02
2.253758e-02
2.257455e-02
2.261159e-02
2.264867e-02
2.268582e-02
2.272302e-02
2.276029e-02
2.279600e-02
2.283173e-02
2.286747e-02
2.290325e-02
2.293908e-02
2.297501e-02
2.301106e-02
2.304725e-02
2.308359e-02
2.312010e-02
2.315678e-02
2.319362e-02
2.323065e-02
2.326787e-02
2.330529e-02
2.334293e-02
2.338081e-02
2.341895e-02
2.345440e-02
2.348985e-02
2.352529e-02
2.356074e-02
2.359619e-02
2.363166e-02
2.366716e-02
2.370275e-02
2.373846e-02
2.377430e-02
2.381028e-02
2.384643e-02
2.388273e-02
2.391922e-02
2.395589e-02
2.399252e-02
2.402964e-02
2.406637e-02
2.410129e-02
2.413620e-02
2.417108e-02
2.420598e-02
2.424087e-02
2.427582e-02
2.431084e-02
2.434600e-02
2.438133e-02
2.441685e-02
2.445258e-02
2.448853e-02
2.452473e-02
2.456119e-02
2.459795e-02
2.463255e-02
2.466717e-02
2.470182e-02
2.473648e-02
2.477118e-02
2.480590e-02
2.484069e-02
2.487558e-02
2.491059e-02
2.494576e-02
2.498110e-02
2.501662e-02
2.505233e-02
2.508824e-02
2.512413e-02
2.516047e-02
2.519641e-02
2.523092e-02
2.526542e-02
2.529991e-02
2.533440e-02
2.536889e-02
2.540340e-02
2.543796e-02
2.547261e-02
2.550739e-02
2.554234e-02
2.557747e-02
2.561279e-02
2.564832e-02
2.568409e-02
2.572012e-02
2.575438e-02
2.578863e-02
2.582289e-02
2.585715e-02
2.589143e-02
2.592573e-02
2.596008e-02
2.599452e-02
2.602910e-02
2.606384e-02
2.609877e-02
2.613389e-02
2.616922e-02
2.620479e-02
2.624052e-02
2.627477e-02
2.630903e-02
2.634329e-02
2.637757e-02
2.641184e-02
2.644613e-02
2.648043e-02
2.651477e-02
2.654921e-02
2.658378e-02
2.661850e-02
2.665327e-02
2.668835e-02
2.672318e-02
2.675870e-02
2.679365e-02
2.682788e-02
2.686211e-02
2.689632e-02
2.693055e-02
2.696478e-02
2.699904e-02
2.703335e-02
2.706776e-02
2.710232e-02
2.713707e-02
2.717202e-02
2.720719e-02
2.724261e-02
2.727729e-02
2.731167e-02
2.734606e-02
2.738045e-02
2.741486e-02
2.744927e-02
2.748371e-02
2.751818e-02
2.755272e-02
2.758738e-02
2.762219e-02
2.765718e-02
2.769229e-02
2.772768e-02
2.776298e-02
2.779882e-02
2.783353e-02
2.786823e-02
2.790293e-02
2.793762e-02
2.797231e-02
2.800700e-02
2.804125e-02
2.807602e-02
2.811021e-02
2.814521e-02
2.817930e-02
2.821463e-02
2.824892e-02
2.828432e-02
2.832026e-02
2.835524e-02
2.839021e-02
2.842515e-02
2.846006e-02
2.849495e-02
2.852885e-02
2.856374e-02
2.859866e-02
2.863369e-02
2.866886e-02
2.870421e-02
2.873974e-02
2.877549e-02
2.881146e-02
2.884664e-02
2.888179e-02
2.891688e-02
2.895194e-02
2.898696e-02
2.902196e-02
2.905697e-02
2.909203e-02
2.912721e-02
2.916099e-02
2.919644e-02
2.923079e-02
2.926574e-02
2.929884e-02
2.933240e-02
2.936444e-02
2.939686e-02
2.942803e-02
2.946232e-02
2.949722e-02
2.953219e-02
2.956728e-02
2.960254e-02
2.963742e-02
2.967315e-02
2.970777e-02
2.974284e-02
2.977781e-02
2.981271e-02
2.984759e-02
2.988252e-02
2.991754e-02
2.995272e-02
2.998773e-02
3.002334e-02
3.005816e-02
3.009334e-02
3.012842e-02
3.016342e-02
3.019838e-02
3.023337e-02
3.026790e-02
3.030316e-02
3.033719e-02
3.037221e-02
3.040587e-02
3.044050e-02
3.047391e-02
3.050834e-02
3.054346e-02
3.057798e-02
3.061330e-02
3.064882e-02
3.068429e-02
3.071993e-02
3.075532e-02
3.079076e-02
3.082613e-02
3.086146e-02
3.089683e-02
3.093233e-02
3.096803e-02
3.100400e-02
3.103976e-02
3.107550e-02
3.111116e-02
3.114676e-02
3.118236e-02
3.121804e-02
3.125386e-02
3.128989e-02
3.132602e-02
3.136212e-02
3.139812e-02
3.143406e-02
3.146996e-02
3.150585e-02
3.154180e-02
3.157791e-02
3.161424e-02
3.165085e-02
3.168716e-02
3.172339e-02
3.175957e-02
3.179572e-02
3.183190e-02
3.186817e-02
3.190459e-02
3.194127e-02
3.197807e-02
3.201458e-02
3.205103e-02
3.208745e-02
3.212386e-02
3.216031e-02
3.219687e-02
3.223364e-02
3.227068e-02
3.230744e-02
3.234413e-02
3.238078e-02
3.241743e-02
3.245409e-02
3.249083e-02
3.252774e-02
3.256476e-02
3.260220e-02
3.263915e-02
3.267604e-02
3.271292e-02
3.274980e-02
3.278674e-02
3.282377e-02
3.286098e-02
3.289847e-02
3.293571e-02
3.297281e-02
3.300989e-02
3.304696e-02
3.308407e-02
3.312125e-02
3.315857e-02
3.319614e-02
3.323355e-02
3.327086e-02
3.330813e-02
3.334539e-02
3.338267e-02
3.342001e-02
3.345746e-02
3.349512e-02
3.353275e-02
3.357026e-02
3.360772e-02
3.364517e-02
3.368262e-02
3.372011e-02
3.375770e-02
3.379545e-02
3.383337e-02
3.387168e-02
3.390933e-02
3.394696e-02
3.398459e-02
3.402224e-02
3.405997e-02
3.409782e-02
3.413587e-02
3.417422e-02
3.421206e-02
3.424987e-02
3.428767e-02
3.432549e-02
3.436337e-02
3.440134e-02
3.443949e-02
3.447789e-02
3.451636e-02
3.455436e-02
3.459234e-02
3.463033e-02
3.466838e-02
3.470650e-02
3.474477e-02
3.478326e-02
3.482205e-02
3.486025e-02
3.489843e-02
3.493660e-02
3.497482e-02
3.501311e-02
3.505152e-02
3.509011e-02
3.512839e-02
3.516760e-02
3.520557e-02
3.524394e-02
3.528165e-02
3.532011e-02
3.535749e-02
3.539618e-02
3.543333e-02
3.547205e-02
3.550897e-02
3.554740e-02
3.558409e-02
3.562220e-02
3.565865e-02
3.569642e-02
3.573261e-02
3.577002e-02
3.580592e-02
3.584293e-02
3.587852e-02
3.591511e-02
3.595036e-02
3.598648e-02
3.602137e-02
3.605699e-02
3.609150e-02
3.612662e-02
3.616074e-02
3.619536e-02
3.622908e-02
3.626322e-02
3.629658e-02
3.633029e-02
3.636334e-02
3.639669e-02
3.642949e-02
3.646556e-02
3.650478e-02
3.654399e-02
3.658030e-02
3.661892e-02
3.665723e-02
3.669672e-02
3.673515e-02
3.677445e-02
3.681267e-02
3.685160e-02
3.688942e-02
3.692789e-02
3.696535e-02
3.700347e-02
3.704069e-02
3.707854e-02
3.711554e-02
3.715378e-02
3.719052e-02
3.722924e-02
3.726565e-02
3.730411e-02
3.734035e-02
3.737863e-02
3.741475e-02
3.745290e-02
3.748891e-02
3.752693e-02
3.756285e-02
3.760075e-02
3.763657e-02
3.767436e-02
3.771011e-02
3.774780e-02
3.778348e-02
3.782110e-02
3.785674e-02
3.789431e-02
3.792992e-02
3.796746e-02
3.800304e-02
3.804057e-02
3.807614e-02
3.811367e-02
3.814924e-02
3.818678e-02
3.822236e-02
3.825993e-02
3.829553e-02
3.833313e-02
3.836831e-02
3.840557e-02
3.844039e-02
3.847595e-02
3.851167e-02
3.854701e-02
3.858278e-02
3.862050e-02
3.865552e-02
3.869215e-02
3.872815e-02
3.876565e-02
3.880168e-02
3.883921e-02
3.887526e-02
3.891281e-02
3.894887e-02
3.898643e-02
3.902251e-02
3.906008e-02
3.909618e-02
3.913314e-02
3.916934e-02
3.920694e-02
3.924304e-02
3.928061e-02
3.931671e-02
3.935431e-02
3.939045e-02
3.942745e-02
3.946369e-02
3.950136e-02
3.953752e-02
3.957452e-02
3.961078e-02
3.964846e-02
3.968464e-02
3.972168e-02
3.975796e-02
3.979503e-02
3.983134e-02
3.986906e-02
3.990529e-02
3.994239e-02
3.997875e-02
4.001591e-02
4.005229e-02
4.008946e-02
4.012588e-02
4.016307e-02
4.019950e-02
4.023670e-02
4.027315e-02
4.031038e-02
4.034686e-02
4.038413e-02
4.042065e-02
4.045796e-02
4.049451e-02
4.053185e-02
4.056845e-02
4.060585e-02
4.064249e-02
4.067995e-02
4.071664e-02
4.075414e-02
4.079088e-02
4.082845e-02
4.086523e-02
4.090287e-02
4.093972e-02
4.097743e-02
4.101721e-02
4.105471e-02
4.109239e-02
4.113022e-02
4.116835e-02
4.120669e-02
4.124160e-02
4.127827e-02
4.131486e-02
4.135244e-02
4.138938e-02
4.142724e-02
4.146434e-02
4.150238e-02
4.153963e-02
4.157765e-02
4.161484e-02
4.165243e-02
4.168965e-02
4.172762e-02
4.176487e-02
4.180303e-02
4.184035e-02
4.187849e-02
4.191571e-02
4.195383e-02
4.199107e-02
4.202921e-02
4.206651e-02
4.210449e-02
4.214169e-02
4.217977e-02
4.221754e-02
4.225519e-02
4.229307e-02
4.233113e-02
4.236676e-02
4.240408e-02
4.244116e-02
4.247924e-02
4.251657e-02
4.255476e-02
4.259452e-02
4.263462e-02
4.267493e-02
4.271293e-02
4.274861e-02
4.278604e-02
4.282325e-02
4.286088e-02
4.289838e-02
4.293640e-02
4.297475e-02
4.301336e-02
4.305214e-02
4.309110e-02
4.313030e-02
4.316976e-02
4.320943e-02
4.324938e-02
4.328422e-02
4.332088e-02
4.335892e-02
4.339640e-02
4.343383e-02
4.347137e-02
4.350905e-02
4.354695e-02
4.358472e-02
4.362315e-02
4.366093e-02
4.369954e-02
4.373846e-02
4.377749e-02
4.381668e-02
4.385611e-02
4.389573e-02
4.393566e-02
4.397576e-02
4.401366e-02
4.405163e-02
4.408959e-02
4.412719e-02
4.416462e-02
4.419902e-02
4.423583e-02
4.427393e-02
4.431103e-02
4.434964e-02
4.438772e-02
4.442571e-02
4.446457e-02
4.450269e-02
4.454171e-02
4.457998e-02
4.461904e-02
4.465727e-02
4.469506e-02
4.473291e-02
4.477075e-02
4.480821e-02
4.484549e-02
4.488298e-02
4.492063e-02
4.495859e-02
4.499679e-02
4.503525e-02
4.507392e-02
4.511259e-02
4.515139e-02
4.519033e-02
4.522932e-02
4.526868e-02
4.530761e-02
4.534743e-02
4.538507e-02
4.542225e-02
4.545918e-02
4.549626e-02
4.553346e-02
4.557097e-02
4.560868e-02
4.564666e-02
4.568484e-02
4.572305e-02
4.576136e-02
4.579982e-02
4.583820e-02
4.587701e-02
4.591532e-02
4.595442e-02
4.599184e-02
4.602933e-02
4.606680e-02
4.610392e-02
4.614085e-02
4.617797e-02
4.621519e-02
4.625271e-02
4.629041e-02
4.632836e-02
4.636636e-02
4.640448e-02
4.644245e-02
4.648082e-02
4.651875e-02
4.655741e-02
4.659530e-02
4.663392e-02
4.667124e-02
4.670862e-02
4.674600e-02
4.677808e-02
4.681047e-02
4.684258e-02
4.687499e-02
4.690711e-02
4.693954e-02
4.697168e-02
4.700413e-02
4.703628e-02
4.706874e-02
4.710092e-02
4.713340e-02
4.716558e-02
4.719421e-02
4.722310e-02
4.725170e-02
4.728056e-02
4.730913e-02
4.733796e-02
4.736649e-02
4.739529e-02
4.742380e-02
4.745257e-02
4.748105e-02
4.750980e-02
4.753826e-02
4.756698e-02
4.759541e-02
4.762411e-02
4.765253e-02
4.768121e-02
4.770960e-02
4.773827e-02
4.776665e-02
4.779530e-02
4.782367e-02
4.785232e-02
4.788069e-02
4.790933e-02
4.793769e-02
4.796633e-02
4.799469e-02
4.802333e-02
4.805169e-02
4.808034e-02
4.810871e-02
4.813736e-02
4.816573e-02
4.819438e-02
4.822277e-02
4.825144e-02
4.827983e-02
4.830851e-02
4.833693e-02
4.836563e-02
4.839405e-02
4.842278e-02
4.845124e-02
4.848000e-02
4.850848e-02
4.853726e-02
4.856575e-02
4.859456e-02
4.862310e-02
4.865196e-02
4.868055e-02
4.870948e-02
4.873812e-02
4.876713e-02
4.879586e-02
4.882493e-02
4.885370e-02
4.888285e-02
4.891171e-02
4.894098e-02
4.896996e-02
4.899939e-02
4.902850e-02
4.905812e-02
4.908739e-02
4.911720e-02
4.914660e-02
4.917662e-02
4.920625e-02
4.923656e-02
4.926646e-02
4.929708e-02
4.932725e-02
4.935873e-02
4.938913e-02
4.942100e-02
4.945171e-02
4.948407e-02
4.951514e-02
4.954809e-02
4.957960e-02
4.961207e-02
4.964425e-02
4.967736e-02
4.971008e-02
4.974343e-02
4.977652e-02
4.981021e-02
4.984354e-02
4.987748e-02
4.991101e-02
4.994516e-02
4.997884e-02
5.001348e-02
5.004904e-02
5.008552e-02
5.012281e-02
5.016158e-02
5.020018e-02
5.023936e-02
5.027857e-02
5.031820e-02
5.035765e-02
5.039776e-02
5.043592e-02
5.047417e-02
5.051242e-02
5.055033e-02
5.058807e-02
5.062601e-02
5.066411e-02
5.070252e-02
5.074116e-02
5.078007e-02
5.081919e-02
5.085834e-02
5.089761e-02
5.093705e-02
5.097676e-02
5.101664e-02
5.105684e-02
5.109723e-02
5.113559e-02
5.117403e-02
5.121247e-02
5.125055e-02
5.128845e-02
5.132656e-02
5.136483e-02
5.140343e-02
5.144226e-02
5.148138e-02
5.152071e-02
5.156007e-02
5.159956e-02
5.163921e-02
5.167911e-02
5.171921e-02
5.175963e-02
5.180023e-02
5.183876e-02
5.187684e-02
5.191469e-02
5.195269e-02
5.199081e-02
5.202282e-02
5.205644e-02
5.209117e-02
5.212459e-02
5.215916e-02
5.219321e-02
5.222796e-02
5.226221e-02
5.229708e-02
5.233134e-02
5.236623e-02
5.240051e-02
5.243543e-02
5.246974e-02
5.250471e-02
5.253906e-02
5.257407e-02
5.260845e-02
5.264351e-02
5.267793e-02
5.271303e-02
5.274748e-02
5.278263e-02
5.281712e-02
5.285232e-02
5.288685e-02
5.292209e-02
5.295664e-02
5.299193e-02
5.302651e-02
5.306183e-02
5.309644e-02
5.313180e-02
5.316643e-02
5.320180e-02
5.323645e-02
5.327184e-02
5.330649e-02
5.334189e-02
5.337653e-02
5.341192e-02
5.344654e-02
5.348189e-02
5.351648e-02
5.355179e-02
5.358632e-02
5.362157e-02
5.365603e-02
5.369120e-02
5.372558e-02
5.376065e-02
5.379494e-02
5.382991e-02
5.386410e-02
5.389894e-02
5.393302e-02
5.396774e-02
5.400169e-02
5.403627e-02
5.407011e-02
5.410454e-02
5.413825e-02
5.417253e-02
5.420609e-02
5.424022e-02
5.427364e-02
5.430760e-02
5.434087e-02
5.437474e-02
5.440798e-02
5.444183e-02
5.447505e-02
5.450887e-02
5.454206e-02
5.457585e-02
5.460900e-02
5.464274e-02
5.467584e-02
5.470953e-02
5.474258e-02
5.477621e-02
5.480920e-02
5.484275e-02
5.487568e-02
5.490916e-02
5.494202e-02
5.497542e-02
5.500819e-02
5.504151e-02
5.507420e-02
5.510742e-02
5.514004e-02
5.517315e-02
5.520565e-02
5.523872e-02
5.527125e-02
5.530429e-02
5.533672e-02
5.536971e-02
5.540215e-02
5.543515e-02
5.546760e-02
5.550063e-02
5.553312e-02
5.556611e-02
5.559849e-02
5.563141e-02
5.566377e-02
5.569668e-02
5.572904e-02
5.576194e-02
5.579429e-02
5.582718e-02
5.585953e-02
5.589242e-02
5.592476e-02
5.595763e-02
5.598996e-02
5.602281e-02
5.605512e-02
5.608795e-02
5.612025e-02
5.615305e-02
5.618533e-02
5.621810e-02
5.625034e-02
5.628313e-02
5.631543e-02
5.634825e-02
5.638055e-02
5.641338e-02
5.644573e-02
5.647860e-02
5.651093e-02
5.654376e-02
5.657606e-02
5.660887e-02
5.664121e-02
5.667409e-02
5.670649e-02
5.673939e-02
5.677177e-02
5.680467e-02
5.683708e-02
5.686998e-02
5.690236e-02
5.693526e-02
5.696766e-02
5.700059e-02
5.703304e-02
5.706597e-02
5.709837e-02
5.713129e-02
5.716371e-02
5.719665e-02
5.722910e-02
5.726209e-02
5.729458e-02
5.732756e-02
5.736001e-02
5.739296e-02
5.742542e-02
5.745839e-02
5.749087e-02
5.752388e-02
5.755640e-02
5.758945e-02
5.762201e-02
5.765505e-02
5.768756e-02
5.772056e-02
5.775307e-02
5.778610e-02
5.781863e-02
5.785169e-02
5.788277e-02
5.791446e-02
5.794684e-02
5.797759e-02
5.800889e-02
5.803961e-02
5.807090e-02
5.810159e-02
5.813285e-02
5.816351e-02
5.819474e-02
5.822660e-02
5.825752e-02
5.828904e-02
5.831993e-02
5.835142e-02
5.838228e-02
5.841374e-02
5.844458e-02
5.847601e-02
5.850683e-02
5.853823e-02
5.856902e-02
5.860041e-02
5.863118e-02
5.866254e-02
5.869329e-02
5.872463e-02
5.875536e-02
5.878668e-02
5.881739e-02
5.884869e-02
5.887938e-02
5.891066e-02
5.894133e-02
5.897259e-02
5.900325e-02
5.903449e-02
5.906512e-02
5.909634e-02
5.912695e-02
5.915814e-02
5.918873e-02
5.921991e-02
5.925048e-02
5.928164e-02
5.931219e-02
5.934333e-02
5.937386e-02
5.940497e-02
5.943548e-02
5.946658e-02
5.949707e-02
5.952815e-02
5.955862e-02
5.958968e-02
5.962014e-02
5.965118e-02
5.968162e-02
5.971265e-02
5.974308e-02
5.977409e-02
5.980450e-02
5.983550e-02
5.986590e-02
5.989688e-02
5.992727e-02
5.995824e-02
5.998987e-02
6.002225e-02
6.005510e-02
6.008841e-02
6.012117e-02
6.015437e-02
6.018703e-02
6.022018e-02
6.025283e-02
6.028599e-02
6.031866e-02
6.035181e-02
6.038442e-02
6.041753e-02
6.045014e-02
6.048326e-02
6.051590e-02
6.054900e-02
6.058157e-02
6.061464e-02
6.064721e-02
6.068024e-02
6.071273e-02
6.074320e-02
6.077442e-02
6.080643e-02
6.083741e-02
6.086916e-02
6.090021e-02
6.093205e-02
6.096319e-02
6.099514e-02
6.102637e-02
6.105845e-02
6.109094e-02
6.112180e-02
6.115357e-02
6.118630e-02
6.121781e-02
6.125033e-02
6.128276e-02
6.131386e-02
6.134606e-02
6.137893e-02
6.141088e-02
6.144371e-02
6.147600e-02
6.150746e-02
6.153975e-02
6.157250e-02
6.160471e-02
6.163741e-02
6.166961e-02
6.170164e-02
6.173377e-02
6.176638e-02
6.179849e-02
6.183111e-02
6.186323e-02
6.189582e-02
6.192787e-02
6.196042e-02
6.199245e-02
6.202500e-02
6.205704e-02
6.208956e-02
6.212153e-02
6.215399e-02
6.218594e-02
6.221840e-02
6.225035e-02
6.228278e-02
6.231464e-02
6.234699e-02
6.237882e-02
6.241116e-02
6.244297e-02
6.247530e-02
6.250710e-02
6.253937e-02
6.257107e-02
6.260325e-02
6.263491e-02
6.266705e-02
6.269868e-02
6.273080e-02
6.276241e-02
6.279450e-02
6.282609e-02
6.285817e-02
6.288973e-02
6.292179e-02
6.295333e-02
6.298537e-02
6.301689e-02
6.304891e-02
6.308041e-02
6.311241e-02
6.314390e-02
6.317588e-02
6.320734e-02
6.323931e-02
6.327076e-02
6.330271e-02
6.333414e-02
6.336603e-02
6.339735e-02
6.342914e-02
6.346041e-02
6.349216e-02
6.352339e-02
6.355511e-02
6.358631e-02
6.361800e-02
6.364918e-02
6.368084e-02
6.371199e-02
6.374361e-02
6.377473e-02
6.380632e-02
6.383741e-02
6.386896e-02
6.390001e-02
6.393153e-02
6.396255e-02
6.399403e-02
6.402500e-02
6.405644e-02
6.408737e-02
6.411932e-02
6.415015e-02
6.418152e-02
6.421243e-02
6.424383e-02
6.427473e-02
6.430610e-02
6.433696e-02
6.436883e-02
6.439959e-02
6.443087e-02
6.446170e-02
6.449301e-02
6.452382e-02
6.455564e-02
6.458634e-02
6.461757e-02
6.464834e-02
6.467958e-02
6.471033e-02
6.474208e-02
6.477271e-02
6.480386e-02
6.483456e-02
6.486627e-02
6.489688e-02
6.492800e-02
6.495868e-02
6.499036e-02
6.502093e-02
6.505203e-02
6.508267e-02
6.511432e-02
6.514485e-02
6.517591e-02
6.520651e-02
6.523810e-02
6.526859e-02
6.530013e-02
6.533062e-02
6.536162e-02
6.539218e-02
6.542373e-02
6.545419e-02
6.548568e-02
6.551612e-02
6.554762e-02
6.557806e-02
6.560903e-02
6.563955e-02
6.567105e-02
6.570145e-02
6.573288e-02
6.576326e-02
6.579468e-02
6.582505e-02
6.585647e-02
6.588684e-02
6.591826e-02
6.594863e-02
6.598005e-02
6.601041e-02
6.604183e-02
6.607219e-02
6.610360e-02
6.613394e-02
6.616534e-02
6.619568e-02
6.622706e-02
6.625738e-02
6.628874e-02
6.631904e-02
6.635039e-02
6.638066e-02
6.641198e-02
6.644223e-02
6.647351e-02
6.650373e-02
6.653497e-02
6.656517e-02
6.659636e-02
6.662652e-02
6.665766e-02
6.668778e-02
6.671887e-02
6.674894e-02
6.677996e-02
6.680999e-02
6.684095e-02
6.687092e-02
6.690180e-02
6.693172e-02
6.696252e-02
6.699237e-02
6.702308e-02
6.705287e-02
6.708349e-02
6.711320e-02
6.714372e-02
6.717335e-02
6.720376e-02
6.723330e-02
6.726360e-02
6.729306e-02
6.732322e-02
6.735259e-02
6.738263e-02
6.741189e-02
6.744180e-02
6.747096e-02
6.750072e-02
6.752978e-02
6.755940e-02
6.758835e-02
6.761783e-02
6.764666e-02
6.767599e-02
6.770471e-02
6.773389e-02
6.776249e-02
6.779153e-02
6.782002e-02
6.784892e-02
6.787730e-02
6.790606e-02
6.793434e-02
6.796297e-02
6.799114e-02
6.801965e-02
6.804773e-02
6.807612e-02
6.810411e-02
6.813240e-02
6.816031e-02
6.818851e-02
6.821635e-02
6.824446e-02
6.827224e-02
6.830029e-02
6.832801e-02
6.835600e-02
6.838369e-02
6.841163e-02
6.843928e-02
6.846720e-02
6.849482e-02
6.852271e-02
6.855031e-02
6.857818e-02
6.860577e-02
6.863362e-02
6.866120e-02
6.868904e-02
6.871661e-02
6.874444e-02
6.877199e-02
6.879982e-02
6.882736e-02
6.885518e-02
6.888272e-02
6.891052e-02
6.893806e-02
6.896586e-02
6.899339e-02
6.902118e-02
6.904871e-02
6.907650e-02
6.910401e-02
6.913180e-02
6.915931e-02
6.918709e-02
6.921460e-02
6.924237e-02
6.926988e-02
6.929765e-02
6.932515e-02
6.935292e-02
6.938042e-02
6.940818e-02
6.943568e-02
6.946344e-02
6.949094e-02
6.951870e-02
6.954619e-02
6.957396e-02
6.960145e-02
6.962922e-02
6.965671e-02
6.968448e-02
6.971197e-02
6.973974e-02
6.976724e-02
6.979502e-02
6.982251e-02
6.985029e-02
6.987779e-02
6.990557e-02
6.993307e-02
6.996085e-02
6.998836e-02
7.001615e-02
7.004366e-02
7.007147e-02
7.009898e-02
7.012680e-02
7.015432e-02
7.018215e-02
7.020968e-02
7.023752e-02
7.026507e-02
7.029291e-02
7.032047e-02
7.034833e-02
7.037589e-02
7.040377e-02
7.043135e-02
7.045923e-02
7.048682e-02
7.051473e-02
7.054233e-02
7.057025e-02
7.059786e-02
7.062580e-02
7.065343e-02
7.068138e-02
7.070903e-02
7.073700e-02
7.076466e-02
7.079265e-02
7.082033e-02
7.084834e-02
7.087603e-02
7.090407e-02
7.093178e-02
7.095983e-02
7.098756e-02
7.101564e-02
7.104339e-02
7.107149e-02
7.109926e-02
7.112738e-02
7.115518e-02
7.118333e-02
7.121114e-02
7.123931e-02
7.126715e-02
7.129535e-02
7.132321e-02
7.135144e-02
7.137932e-02
7.140758e-02
7.143549e-02
7.146377e-02
7.149170e-02
7.152002e-02
7.154797e-02
7.157632e-02
7.160430e-02
7.163267e-02
7.166069e-02
7.168909e-02
7.171713e-02
7.174557e-02
7.177364e-02
7.180211e-02
7.183021e-02
7.185871e-02
7.188684e-02
7.191539e-02
7.194355e-02
7.197213e-02
7.200033e-02
7.202895e-02
7.205718e-02
7.208585e-02
7.211412e-02
7.214283e-02
7.217113e-02
7.219990e-02
7.222824e-02
7.225706e-02
7.228545e-02
7.231432e-02
7.234276e-02
7.237168e-02
7.240017e-02
7.242916e-02
7.245770e-02
7.248676e-02
7.251536e-02
7.254449e-02
7.257315e-02
7.260236e-02
7.263109e-02
7.266038e-02
7.268918e-02
7.271857e-02
7.274745e-02
7.277694e-02
7.280591e-02
7.283552e-02
7.286458e-02
7.289431e-02
7.292348e-02
7.295336e-02
7.298264e-02
7.301319e-02
7.304250e-02
7.307318e-02
7.310260e-02
7.313347e-02
7.316303e-02
7.319412e-02
7.322383e-02
7.325518e-02
7.328506e-02
7.331670e-02
7.334678e-02
7.337874e-02
7.340904e-02
7.344020e-02
7.347090e-02
7.350041e-02
7.353126e-02
7.356077e-02
7.359170e-02
7.362121e-02
7.365222e-02
7.368172e-02
7.371281e-02
7.374231e-02
7.377349e-02
7.380299e-02
7.383400e-02
7.386598e-02
7.389727e-02
7.392923e-02
7.396052e-02
7.399245e-02
7.402372e-02
7.405564e-02
7.408690e-02
7.411880e-02
7.415005e-02
7.418195e-02
7.421319e-02
7.424508e-02
7.427632e-02
7.430820e-02
7.433943e-02
7.437131e-02
7.440255e-02
7.443442e-02
7.446566e-02
7.449753e-02
7.452878e-02
7.456065e-02
7.459190e-02
7.462379e-02
7.465504e-02
7.468694e-02
7.471820e-02
7.475011e-02
7.478139e-02
7.481331e-02
7.484460e-02
7.487654e-02
7.490786e-02
7.493981e-02
7.497115e-02
7.500313e-02
7.503450e-02
7.506651e-02
7.509790e-02
7.512994e-02
7.516135e-02
7.519343e-02
7.522488e-02
7.525699e-02
7.528848e-02
7.532063e-02
7.535215e-02
7.538435e-02
7.541591e-02
7.544520e-02
7.547682e-02
7.550612e-02
7.553779e-02
7.556708e-02
7.559831e-02
7.562761e-02
7.565853e-02
7.568782e-02
7.571855e-02
7.575107e-02
7.578295e-02
7.581545e-02
7.584725e-02
7.587967e-02
7.591140e-02
7.594373e-02
7.597540e-02
7.600765e-02
7.603925e-02
7.607151e-02
7.610420e-02
7.613624e-02
7.616878e-02
7.620088e-02
7.623263e-02
7.626494e-02
7.629659e-02
7.632891e-02
7.636165e-02
7.639375e-02
7.642635e-02
7.645937e-02
7.649079e-02
7.652316e-02
7.655609e-02
7.658943e-02
7.662093e-02
7.665007e-02
7.668214e-02
7.671128e-02
7.674259e-02
7.677173e-02
7.680243e-02
7.683157e-02
7.686212e-02
7.689125e-02
7.692181e-02
7.695501e-02
7.698986e-02
7.702247e-02
7.705589e-02
7.708982e-02
7.712205e-02
7.715518e-02
7.718883e-02
7.722288e-02
7.725486e-02
7.728791e-02
7.732158e-02
7.735566e-02
7.739079e-02
7.742350e-02
7.745703e-02
7.749111e-02
7.752344e-02
7.755672e-02
7.759055e-02
7.762479e-02
7.766005e-02
7.769284e-02
7.772647e-02
7.776066e-02
7.779308e-02
7.782644e-02
7.786035e-02
7.789465e-02
7.792999e-02
7.796281e-02
7.799648e-02
7.802541e-02
7.805724e-02
7.808616e-02
7.811675e-02
7.814566e-02
7.817511e-02
7.820402e-02
7.823319e-02
7.826209e-02
7.829125e-02
7.832014e-02
7.834929e-02
7.837818e-02
7.840732e-02
7.843620e-02
7.846534e-02
7.849421e-02
7.852361e-02
7.855248e-02
7.858160e-02
7.861045e-02
7.863957e-02
7.866842e-02
7.869826e-02
7.872710e-02
7.875687e-02
7.878920e-02
7.882359e-02
7.885941e-02
7.889164e-02
7.892553e-02
7.896031e-02
7.899562e-02
7.903136e-02
7.906741e-02
7.910514e-02
7.913844e-02
7.917301e-02
7.920829e-02
7.924150e-02
7.927587e-02
7.931083e-02
7.934620e-02
7.938185e-02
7.941062e-02
7.943992e-02
7.946869e-02
7.949800e-02
7.952677e-02
7.955607e-02
7.958483e-02
7.961413e-02
7.964289e-02
7.967219e-02
7.970094e-02
7.972995e-02
7.975870e-02
7.978802e-02
7.981833e-02
7.984968e-02
7.988245e-02
7.991663e-02
7.995241e-02
7.998972e-02
8.002300e-02
8.005750e-02
8.009268e-02
8.012576e-02
8.016000e-02
8.019486e-02
8.023012e-02
8.026561e-02
8.030218e-02
8.033393e-02
8.036746e-02
8.040198e-02
8.043701e-02
8.047239e-02
8.050886e-02
8.054067e-02
8.057420e-02
8.060868e-02
8.064366e-02
8.067898e-02
8.071537e-02
8.074713e-02
8.078057e-02
8.081495e-02
8.084982e-02
8.088503e-02
8.092197e-02
8.095358e-02
8.098696e-02
8.102135e-02
8.105626e-02
8.109150e-02
8.112782e-02
8.115958e-02
8.119298e-02
8.122728e-02
8.126207e-02
8.129719e-02
8.133404e-02
8.136562e-02
8.139893e-02
8.143322e-02
8.146801e-02
8.150314e-02
8.154000e-02
8.157162e-02
8.160017e-02
8.162928e-02
8.165900e-02
8.168786e-02
8.171729e-02
8.174738e-02
8.177597e-02
8.180510e-02
8.183369e-02
8.186283e-02
8.189143e-02
8.192057e-02
8.194917e-02
8.197833e-02
8.200694e-02
8.203610e-02
8.206588e-02
8.209637e-02
8.212498e-02
8.215415e-02
8.218395e-02
8.221446e-02
8.224308e-02
8.227226e-02
8.230208e-02
8.233261e-02
8.236394e-02
8.239619e-02
8.242944e-02
8.246201e-02
8.249526e-02
8.252771e-02
8.256082e-02
8.259316e-02
8.262614e-02
8.265837e-02
8.269123e-02
8.272336e-02
8.275609e-02
8.278812e-02
8.282084e-02
8.285289e-02
8.288556e-02
8.291753e-02
8.295018e-02
8.298219e-02
8.301489e-02
8.304694e-02
8.307960e-02
8.311157e-02
8.314423e-02
8.317624e-02
8.320895e-02
8.324102e-02
8.327370e-02
8.330569e-02
8.333837e-02
8.337041e-02
8.340306e-02
8.343503e-02
8.346769e-02
8.349971e-02
8.353244e-02
8.356452e-02
8.359705e-02
8.362916e-02
8.366167e-02
8.369372e-02
8.372615e-02
8.375814e-02
8.379058e-02
8.382263e-02
8.385507e-02
8.388708e-02
8.391955e-02
8.395163e-02
8.398411e-02
8.401615e-02
8.404858e-02
8.408057e-02
8.411302e-02
8.414509e-02
8.417755e-02
8.420959e-02
8.424210e-02
8.427422e-02
8.430674e-02
8.433883e-02
8.437132e-02
8.440338e-02
8.443590e-02
8.446804e-02
8.450059e-02
8.453271e-02
8.456523e-02
8.459731e-02
8.462988e-02
8.466206e-02
8.469465e-02
8.472681e-02
8.475938e-02
8.479151e-02
8.482413e-02
8.485636e-02
8.488902e-02
8.492124e-02
8.495387e-02
8.498606e-02
8.501867e-02
8.505084e-02
8.508350e-02
8.511577e-02
8.514847e-02
8.518074e-02
8.521342e-02
8.524567e-02
8.527832e-02
8.531055e-02
8.534327e-02
8.537560e-02
8.540836e-02
8.544069e-02
8.547344e-02
8.550575e-02
8.553848e-02
8.557078e-02
8.560357e-02
8.563597e-02
8.566881e-02
8.570121e-02
8.573404e-02
8.576643e-02
8.579923e-02
8.583161e-02
8.586439e-02
8.589675e-02
8.592960e-02
8.596207e-02
8.599497e-02
8.602743e-02
8.606032e-02
8.609278e-02
8.612565e-02
8.615808e-02
8.619093e-02
8.622335e-02
8.625627e-02
8.628879e-02
8.632175e-02
8.635427e-02
8.638722e-02
8.641973e-02
8.645266e-02
8.648515e-02
8.651814e-02
8.655073e-02
8.658376e-02
8.661635e-02
8.664936e-02
8.668193e-02
8.671492e-02
8.674746e-02
8.678051e-02
8.681315e-02
8.684624e-02
8.687888e-02
8.691194e-02
8.694456e-02
8.697759e-02
8.701018e-02
8.704327e-02
8.707596e-02
8.710909e-02
8.714176e-02
8.717486e-02
8.720751e-02
8.724067e-02
8.727342e-02
8.730661e-02
8.733934e-02
8.737250e-02
8.740520e-02
8.743833e-02
8.747101e-02
8.750418e-02
8.753695e-02
8.757015e-02
8.760290e-02
8.763608e-02
8.766880e-02
8.770203e-02
8.773484e-02
8.776809e-02
8.780088e-02
8.783410e-02
8.786686e-02
8.790012e-02
8.793297e-02
8.796625e-02
8.799908e-02
8.803242e-02
8.806533e-02
8.809869e-02
8.813158e-02
8.816490e-02
8.819775e-02
8.823112e-02
8.826405e-02
8.829743e-02
8.833033e-02
8.836376e-02
8.839675e-02
8.843020e-02
8.846316e-02
8.849656e-02
8.852948e-02
8.856291e-02
8.859591e-02
8.862936e-02
8.866232e-02
8.869581e-02
8.872886e-02
8.876236e-02
8.879537e-02
8.882882e-02
8.886179e-02
8.889527e-02
8.892831e-02
8.896180e-02
8.899480e-02
8.902833e-02
8.906140e-02
8.909494e-02
8.912798e-02
8.916155e-02
8.919466e-02
8.922824e-02
8.926131e-02
8.929483e-02
8.932785e-02
8.936140e-02
8.939448e-02
8.942803e-02
8.946108e-02
8.949466e-02
8.952777e-02
8.956135e-02
8.959442e-02
8.962803e-02
8.966117e-02
8.969478e-02
8.972787e-02
8.976142e-02
8.979446e-02
8.982803e-02
8.986112e-02
8.989469e-02
8.992774e-02
8.996134e-02
8.999446e-02
9.002805e-02
9.006112e-02
9.009474e-02
9.012787e-02
9.016148e-02
9.019457e-02
9.022820e-02
9.026135e-02
9.029498e-02
9.032808e-02
9.036173e-02
9.039489e-02
9.042854e-02
9.046165e-02
9.049523e-02
9.052829e-02
9.056188e-02
9.059500e-02
9.062859e-02
9.066165e-02
9.069527e-02
9.072840e-02
9.076201e-02
9.079510e-02
9.082874e-02
9.086189e-02
9.089553e-02
9.092864e-02
9.096230e-02
9.099548e-02
9.102914e-02
9.106227e-02
9.109588e-02
9.112895e-02
9.116259e-02
9.119573e-02
9.122936e-02
9.126247e-02
9.129605e-02
9.132911e-02
9.136273e-02
9.139586e-02
9.142948e-02
9.146259e-02
9.149626e-02
9.152944e-02
9.156313e-02
9.159629e-02
9.162993e-02
9.166306e-02
9.169666e-02
9.172974e-02
9.176339e-02
9.179657e-02
9.183025e-02
9.186341e-02
9.189706e-02
9.193020e-02
9.196382e-02
9.199693e-02
9.203053e-02
9.206362e-02
9.209728e-02
9.213048e-02
9.216419e-02
9.219739e-02
9.223109e-02
9.226428e-02
9.229796e-02
9.233114e-02
9.236481e-02
9.239798e-02
9.243164e-02
9.246481e-02
9.249847e-02
9.253164e-02
9.256530e-02
9.259847e-02
9.263214e-02
9.266532e-02
9.269899e-02
9.273218e-02
9.276587e-02
9.279907e-02
9.283277e-02
9.286600e-02
9.289972e-02
9.293296e-02
9.296671e-02
9.299997e-02
9.303374e-02
9.306704e-02
9.310083e-02
9.313416e-02
9.316798e-02
9.320134e-02
9.323028e-02
9.326064e-02
9.328958e-02
9.331975e-02
9.334869e-02
9.337872e-02
9.340766e-02
9.343729e-02
9.346623e-02
9.349579e-02
9.352830e-02
9.356215e-02
9.359655e-02
9.363043e-02
9.366487e-02
9.369879e-02
9.373329e-02
9.376726e-02
9.380182e-02
9.383584e-02
9.387046e-02
9.390454e-02
9.393922e-02
9.397336e-02
9.400810e-02
9.404230e-02
9.407711e-02
9.411137e-02
9.414625e-02
9.418058e-02
9.421553e-02
9.424993e-02
9.428495e-02
9.431942e-02
9.435452e-02
9.438905e-02
9.442423e-02
9.445884e-02
9.449410e-02
9.452878e-02
9.456412e-02
9.459888e-02
9.463431e-02
9.466914e-02
9.470465e-02
9.473956e-02
9.477516e-02
9.481015e-02
9.484584e-02
9.488091e-02
9.491670e-02
9.495185e-02
9.498773e-02
9.502296e-02
9.505893e-02
9.509425e-02
9.513032e-02
9.516573e-02
9.520189e-02
9.523739e-02
9.527366e-02
9.530925e-02
9.534562e-02
9.538131e-02
9.541778e-02
9.545356e-02
9.549014e-02
9.552602e-02
9.556271e-02
9.559869e-02
9.563549e-02
9.567157e-02
9.570849e-02
9.574467e-02
9.578170e-02
9.581799e-02
9.585514e-02
9.589154e-02
9.592019e-02
9.594939e-02
9.597920e-02
9.600971e-02
9.604102e-02
9.607323e-02
9.610189e-02
9.613109e-02
9.616091e-02
9.619143e-02
9.622275e-02
9.625498e-02
9.628821e-02
9.632257e-02
9.635812e-02
9.639491e-02
9.643290e-02
9.647018e-02
9.650844e-02
9.654584e-02
9.658422e-02
9.662174e-02
9.666026e-02
9.669789e-02
9.673653e-02
9.677428e-02
9.681305e-02
9.685092e-02
9.688982e-02
9.692780e-02
9.696682e-02
9.700492e-02
9.704407e-02
9.708228e-02
9.712156e-02
9.715987e-02
9.719927e-02
9.723770e-02
9.727722e-02
9.731575e-02
9.735538e-02
9.739402e-02
9.742270e-02
9.745426e-02
9.748897e-02
9.752715e-02
9.755582e-02
9.758503e-02
9.761371e-02
9.764293e-02
9.767161e-02
9.770083e-02
9.772952e-02
9.775875e-02
9.778745e-02
9.781668e-02
9.784538e-02
9.787696e-02
9.790566e-02
9.793724e-02
9.797197e-02
9.801018e-02
9.805075e-02
9.809024e-02
9.813084e-02
9.817042e-02
9.821107e-02
9.825073e-02
9.829139e-02
9.833113e-02
9.837180e-02
9.841161e-02
9.845229e-02
9.849218e-02
9.853281e-02
9.857278e-02
9.861339e-02
9.865343e-02
9.869402e-02
9.873413e-02
9.877472e-02
9.881490e-02
9.884369e-02
9.887535e-02
9.890414e-02
9.893581e-02
9.896460e-02
9.899628e-02
9.902508e-02
9.905676e-02
9.908557e-02
9.911726e-02
9.914607e-02
9.917777e-02
9.920659e-02
9.923829e-02
9.926712e-02
9.929882e-02
9.932766e-02
9.935937e-02
9.938821e-02
9.941993e-02
9.944877e-02
9.948050e-02
9.950935e-02
9.954109e-02
9.956994e-02
9.960157e-02
9.963043e-02
9.966171e-02
9.969057e-02
9.972157e-02
9.975044e-02
9.978119e-02
9.981007e-02
9.984062e-02
9.986951e-02
9.989989e-02
9.992878e-02
9.995903e-02
9.998793e-02
1.000181e-01
1.000470e-01
1.000770e-01
1.001059e-01
1.001359e-01
1.001648e-01
1.001947e-01
1.002236e-01
1.002535e-01
1.002824e-01
1.003122e-01
1.003412e-01
1.003709e-01
1.003999e-01
1.004296e-01
1.004586e-01
1.004883e-01
1.005172e-01
1.005469e-01
1.005759e-01
1.006056e-01
1.006345e-01
1.006642e-01
1.006932e-01
1.007229e-01
1.007518e-01
1.007815e-01
1.008105e-01
1.008401e-01
1.008691e-01
1.008988e-01
1.009278e-01
1.009574e-01
1.009865e-01
1.010161e-01
1.010451e-01
1.010748e-01
1.011038e-01
1.011335e-01
1.011625e-01
1.011922e-01
1.012212e-01
1.012529e-01
1.012862e-01
1.013210e-01
1.013577e-01
1.013962e-01
1.014252e-01
1.014549e-01
1.014839e-01
1.015135e-01
1.015425e-01
1.015722e-01
1.016012e-01
1.016309e-01
1.016599e-01
1.016896e-01
1.017187e-01
1.017483e-01
1.017774e-01
1.018071e-01
1.018362e-01
1.018659e-01
1.018949e-01
1.019246e-01
1.019537e-01
1.019835e-01
1.020126e-01
1.020423e-01
1.020714e-01
1.021012e-01
1.021303e-01
1.021600e-01
1.021892e-01
1.022189e-01
1.022480e-01
1.022778e-01
1.023070e-01
1.023367e-01
1.023672e-01
1.023986e-01
1.024309e-01
1.024647e-01
1.024997e-01
1.025366e-01
1.025748e-01
1.026149e-01
1.026557e-01
1.026964e-01
1.027372e-01
1.027779e-01
1.028186e-01
1.028593e-01
1.029000e-01
1.029408e-01
1.029815e-01
1.030222e-01
1.030630e-01
1.031038e-01
1.031445e-01
1.031853e-01
1.032261e-01
1.032669e-01
1.033077e-01
1.033485e-01
1.033893e-01
1.034302e-01
1.034710e-01
1.035118e-01
1.035526e-01
1.035934e-01
1.036342e-01
1.036751e-01
1.037159e-01
1.037567e-01
1.037975e-01
1.038384e-01
1.038792e-01
1.039200e-01
1.039609e-01
1.040017e-01
1.040425e-01
1.040834e-01
1.041242e-01
1.041650e-01
1.042058e-01
1.042466e-01
1.042874e-01
1.043282e-01
1.043691e-01
1.044099e-01
1.044507e-01
1.044916e-01
1.045324e-01
1.045733e-01
1.046142e-01
1.046550e-01
1.046959e-01
1.047367e-01
1.047776e-01
1.048185e-01
1.048593e-01
1.049002e-01
1.049411e-01
1.049819e-01
1.050228e-01
1.050637e-01
1.051046e-01
1.051455e-01
1.051864e-01
1.052272e-01
1.052681e-01
1.053090e-01
1.053499e-01
1.053908e-01
1.054317e-01
1.054726e-01
1.055135e-01
1.055544e-01
1.055954e-01
1.056363e-01
1.056772e-01
1.057181e-01
1.057590e-01
1.058000e-01
1.058409e-01
1.058818e-01
1.059228e-01
1.059637e-01
1.060047e-01
1.060456e-01
1.060865e-01
1.061275e-01
1.061684e-01
1.062094e-01
1.062503e-01
1.062913e-01
1.063323e-01
1.063732e-01
1.064142e-01
1.064551e-01
1.064961e-01
1.065371e-01
1.065781e-01
1.066190e-01
1.066600e-01
1.067010e-01
1.067420e-01
1.067830e-01
1.068240e-01
1.068650e-01
1.069060e-01
1.069470e-01
1.069880e-01
1.070291e-01
1.070701e-01
1.071111e-01
1.071521e-01
1.071931e-01
1.072341e-01
1.072751e-01
1.073161e-01
1.073571e-01
1.073981e-01
1.074392e-01
1.074802e-01
1.075212e-01
1.075622e-01
1.076033e-01
1.076443e-01
1.076853e-01
1.077264e-01
1.077674e-01
1.078084e-01
1.078495e-01
1.078905e-01
1.079316e-01
1.079726e-01
1.080137e-01
1.080547e-01
1.080958e-01
1.081368e-01
1.081779e-01
1.082190e-01
1.082600e-01
1.083011e-01
1.083421e-01
1.083832e-01
1.084243e-01
1.084653e-01
1.085064e-01
1.085474e-01
1.085885e-01
1.086295e-01
1.086706e-01
1.087116e-01
1.087527e-01
1.087937e-01
1.088348e-01
1.088758e-01
1.089169e-01
1.089579e-01
1.089989e-01
1.090399e-01
1.090810e-01
1.091219e-01
1.091630e-01
1.092040e-01
1.092450e-01
1.092860e-01
1.093270e-01
1.093680e-01
1.094090e-01
1.094499e-01
1.094910e-01
1.095319e-01
1.095729e-01
1.096138e-01
1.096548e-01
1.096957e-01
1.097367e-01
1.097776e-01
1.098186e-01
1.098595e-01
1.099005e-01
1.099414e-01
1.099824e-01
1.100232e-01
1.100642e-01
1.101051e-01
1.101461e-01
1.101869e-01
1.102279e-01
1.102688e-01
1.103097e-01
1.103506e-01
1.103916e-01
1.104324e-01
1.104734e-01
1.105143e-01
1.105552e-01
1.105961e-01
1.106370e-01
1.106779e-01
1.107189e-01
1.107597e-01
1.108007e-01
1.108415e-01
1.108825e-01
1.109233e-01
1.109643e-01
1.110052e-01
1.110461e-01
1.110870e-01
1.111279e-01
1.111688e-01
1.112098e-01
1.112507e-01
1.112916e-01
1.113325e-01
1.113735e-01
1.114144e-01
1.114553e-01
1.114962e-01
1.115372e-01
1.115781e-01
1.116190e-01
1.116599e-01
1.117009e-01
1.117418e-01
1.117827e-01
1.118236e-01
1.118646e-01
1.119055e-01
1.119464e-01
1.119873e-01
1.120283e-01
1.120692e-01
1.121101e-01
1.121510e-01
1.121919e-01
1.122328e-01
1.122738e-01
1.123147e-01
1.123556e-01
1.123965e-01
1.124374e-01
1.124783e-01
1.125193e-01
1.125602e-01
1.126011e-01
1.126420e-01
1.126830e-01
1.127239e-01
1.127648e-01
1.128058e-01
1.128467e-01
1.128876e-01
1.129286e-01
1.129695e-01
1.130104e-01
1.130513e-01
1.130923e-01
1.131332e-01
1.131741e-01
1.132151e-01
1.132560e-01
1.132969e-01
1.133379e-01
1.133788e-01
1.134197e-01
1.134607e-01
1.135016e-01
1.135426e-01
1.135835e-01
1.136244e-01
1.136654e-01
1.137063e-01
1.137473e-01
1.137882e-01
1.138292e-01
1.138701e-01
1.139111e-01
1.139520e-01
1.139930e-01
1.140340e-01
1.140749e-01
1.141159e-01
1.141568e-01
1.141978e-01
1.142388e-01
1.142797e-01
1.143207e-01
1.143617e-01
1.144027e-01
1.144436e-01
1.144846e-01
1.145256e-01
1.145666e-01
1.146076e-01
1.146485e-01
1.146895e-01
1.147305e-01
1.147715e-01
1.148125e-01
1.148535e-01
1.148945e-01
1.149355e-01
1.149765e-01
1.150175e-01
1.150585e-01
1.150995e-01
1.151406e-01
1.151816e-01
1.152226e-01
1.152636e-01
1.153047e-01
1.153457e-01
1.153867e-01
1.154278e-01
1.154688e-01
1.155099e-01
1.155509e-01
1.155919e-01
1.156330e-01
1.156740e-01
1.157151e-01
1.157562e-01
1.157972e-01
1.158275e-01
1.158607e-01
1.158909e-01
1.159241e-01
1.159542e-01
1.159873e-01
1.160237e-01
1.160637e-01
1.161048e-01
1.161459e-01
1.161870e-01
1.162280e-01
1.162691e-01
1.163102e-01
1.163513e-01
1.163924e-01
1.164335e-01
1.164746e-01
1.165157e-01
1.165568e-01
1.165979e-01
1.166390e-01
1.166801e-01
1.167212e-01
1.167623e-01
1.168035e-01
1.168446e-01
1.168857e-01
1.169268e-01
1.169675e-01
1.170087e-01
1.170488e-01
1.170896e-01
1.171294e-01
1.171698e-01
1.172091e-01
1.172489e-01
1.172878e-01
1.173272e-01
1.173658e-01
1.174049e-01
1.174431e-01
1.174825e-01
1.175207e-01
1.175610e-01
1.175994e-01
1.176405e-01
1.176794e-01
1.177205e-01
1.177596e-01
1.178007e-01
1.178395e-01
1.178807e-01
1.179190e-01
1.179593e-01
1.179970e-01
1.180354e-01
1.180724e-01
1.181097e-01
1.181459e-01
1.181825e-01
1.182184e-01
1.182546e-01
1.182902e-01
1.183263e-01
1.183618e-01
1.183978e-01
1.184333e-01
1.184694e-01
1.185049e-01
1.185411e-01
1.185767e-01
1.186130e-01
1.186488e-01
1.186853e-01
1.187213e-01
1.187581e-01
1.187943e-01
1.188314e-01
1.188678e-01
1.189053e-01
1.189420e-01
1.189799e-01
1.190170e-01
1.190554e-01
1.190929e-01
1.191319e-01
1.191698e-01
1.192089e-01
1.192475e-01
1.192873e-01
1.193264e-01
1.193663e-01
1.194059e-01
1.194457e-01
1.194855e-01
1.195252e-01
1.195650e-01
1.196046e-01
1.196443e-01
1.196839e-01
1.197235e-01
1.197631e-01
1.198026e-01
1.198422e-01
1.198816e-01
1.199211e-01
1.199605e-01
1.199999e-01
1.200392e-01
1.200786e-01
1.201178e-01
1.201571e-01
1.201963e-01
1.202355e-01
1.202747e-01
1.203138e-01
1.203529e-01
1.203919e-01
1.204309e-01
1.204699e-01
1.205089e-01
1.205478e-01
1.205866e-01
1.206255e-01
1.206643e-01
1.207030e-01
1.207418e-01
1.207805e-01
1.208191e-01
1.208578e-01
1.208964e-01
1.209350e-01
1.209735e-01
1.210120e-01
1.210505e-01
1.210890e-01
1.211275e-01
1.211660e-01
1.212044e-01
1.212429e-01
1.212813e-01
1.213197e-01
1.213582e-01
1.213966e-01
1.214351e-01
1.214735e-01
1.215120e-01
1.215504e-01
1.215889e-01
1.216274e-01
1.216660e-01
1.217045e-01
1.217431e-01
1.217817e-01
1.218203e-01
1.218590e-01
1.218977e-01
1.219364e-01
1.219752e-01
1.220140e-01
1.220528e-01
1.220917e-01
1.221306e-01
1.221696e-01
1.222086e-01
1.222476e-01
1.222866e-01
1.223257e-01
1.223648e-01
1.224039e-01
1.224431e-01
1.224823e-01
1.225214e-01
1.225605e-01
1.225997e-01
1.226388e-01
1.226779e-01
1.227170e-01
1.227561e-01
1.227952e-01
1.228343e-01
1.228734e-01
1.229125e-01
1.229516e-01
1.229907e-01
1.230299e-01
1.230690e-01
1.231082e-01
1.231473e-01
1.231865e-01
1.232257e-01
1.232649e-01
1.233041e-01
1.233434e-01
1.233826e-01
1.234219e-01
1.234612e-01
1.235004e-01
1.235397e-01
1.235790e-01
1.236183e-01
1.236576e-01
1.236969e-01
1.237361e-01
1.237754e-01
1.238146e-01
1.238538e-01
1.238930e-01
1.239323e-01
1.239715e-01
1.240107e-01
1.240499e-01
1.240891e-01
1.241282e-01
1.241674e-01
1.242066e-01
1.242458e-01
1.242850e-01
1.243242e-01
1.243634e-01
1.244025e-01
1.244417e-01
1.244809e-01
1.245200e-01
1.245592e-01
1.245983e-01
1.246375e-01
1.246766e-01
1.247157e-01
1.247549e-01
1.247940e-01
1.248332e-01
1.248723e-01
1.249114e-01
1.249506e-01
1.249897e-01
1.250289e-01
1.250680e-01
1.251072e-01
1.251464e-01
1.251855e-01
1.252247e-01
1.252639e-01
1.253030e-01
1.253422e-01
1.253814e-01
1.254206e-01
1.254598e-01
1.254989e-01
1.255381e-01
1.255773e-01
1.256164e-01
1.256556e-01
1.256947e-01
1.257339e-01
1.257730e-01
1.258122e-01
1.258513e-01
1.258905e-01
1.259296e-01
1.259688e-01
1.260079e-01
1.260471e-01
1.260862e-01
1.261253e-01
1.261644e-01
1.262036e-01
1.262427e-01
1.262818e-01
1.263209e-01
1.263601e-01
1.263992e-01
1.264383e-01
1.264774e-01
1.265166e-01
1.265557e-01
1.265948e-01
1.266339e-01
1.266730e-01
1.267121e-01
1.267512e-01
1.267903e-01
1.268294e-01
1.268685e-01
1.269077e-01
1.269467e-01
1.269859e-01
1.270250e-01
1.270641e-01
1.271032e-01
1.271423e-01
1.271814e-01
1.272206e-01
1.272597e-01
1.272989e-01
1.273380e-01
1.273772e-01
1.274163e-01
1.274555e-01
1.274946e-01
1.275338e-01
1.275729e-01
1.276122e-01
1.276513e-01
1.276905e-01
1.277297e-01
1.277689e-01
1.278081e-01
1.278473e-01
1.278865e-01
1.279258e-01
1.279650e-01
1.280042e-01
1.280434e-01
1.280827e-01
1.281219e-01
1.281611e-01
1.282003e-01
1.282396e-01
1.282788e-01
1.283181e-01
1.283573e-01
1.283966e-01
1.284359e-01
1.284752e-01
1.285144e-01
1.285537e-01
1.285930e-01
1.286323e-01
1.286716e-01
1.287109e-01
1.287502e-01
1.287895e-01
1.288288e-01
1.288681e-01
1.289074e-01
1.289468e-01
1.289861e-01
1.290254e-01
1.290647e-01
1.291041e-01
1.291434e-01
1.291828e-01
1.292221e-01
1.292615e-01
1.293008e-01
1.293402e-01
1.293796e-01
1.294190e-01
1.294583e-01
1.294978e-01
1.295371e-01
1.295766e-01
1.296159e-01
1.296554e-01
1.296947e-01
1.297342e-01
1.297736e-01
1.298131e-01
1.298525e-01
1.298920e-01
1.299315e-01
1.299710e-01
1.300105e-01
1.300500e-01
1.300895e-01
1.301291e-01
1.301686e-01
1.302082e-01
1.302478e-01
1.302874e-01
1.303270e-01
1.303666e-01
1.304062e-01
1.304459e-01
1.304856e-01
1.305253e-01
1.305650e-01
1.306047e-01
1.306444e-01
1.306841e-01
1.307238e-01
1.307635e-01
1.308031e-01
1.308428e-01
1.308825e-01
1.309223e-01
1.309620e-01
1.310017e-01
1.310415e-01
1.310814e-01
1.311212e-01
1.311611e-01
1.312009e-01
1.312409e-01
1.312808e-01
1.313209e-01
1.313608e-01
1.314009e-01
1.314410e-01
1.314811e-01
1.315212e-01
1.315614e-01
1.316015e-01
1.316418e-01
1.316820e-01
1.317222e-01
1.317624e-01
1.318027e-01
1.318429e-01
1.318832e-01
1.319234e-01
1.319637e-01
1.320039e-01
1.320443e-01
1.320845e-01
1.321249e-01
1.321653e-01
1.322057e-01
1.322461e-01
1.322866e-01
1.323271e-01
1.323676e-01
1.324081e-01
1.324487e-01
1.324893e-01
1.325300e-01
1.325706e-01
1.326113e-01
1.326520e-01
1.326927e-01
1.327335e-01
1.327743e-01
1.328150e-01
1.328559e-01
1.328967e-01
1.329375e-01
1.329783e-01
1.330192e-01
1.330601e-01
1.331010e-01
1.331419e-01
1.331829e-01
1.332238e-01
1.332648e-01
1.333057e-01
1.333467e-01
1.333877e-01
1.334287e-01
1.334697e-01
1.335108e-01
1.335518e-01
1.335929e-01
1.336340e-01
1.336751e-01
1.337162e-01
1.337573e-01
1.337984e-01
1.338396e-01
1.338807e-01
1.339219e-01
1.339630e-01
1.340043e-01
1.340454e-01
1.340867e-01
1.341279e-01
1.341691e-01
1.342104e-01
1.342516e-01
1.342929e-01
1.343342e-01
1.343755e-01
1.344168e-01
1.344581e-01
1.344994e-01
1.345408e-01
1.345821e-01
1.346235e-01
1.346649e-01
1.347062e-01
1.347477e-01
1.347890e-01
1.348305e-01
1.348719e-01
1.349133e-01
1.349547e-01
1.349961e-01
1.350376e-01
1.350790e-01
1.351205e-01
1.351619e-01
1.352034e-01
1.352450e-01
1.352865e-01
1.353281e-01
1.353697e-01
1.354113e-01
1.354528e-01
1.354945e-01
1.355361e-01
1.355777e-01
1.356194e-01
1.356610e-01
1.357027e-01
1.357444e-01
1.357861e-01
1.358278e-01
1.358695e-01
1.359113e-01
1.359530e-01
1.359948e-01
1.360365e-01
1.360783e-01
1.361201e-01
1.361620e-01
1.362038e-01
1.362456e-01
1.362875e-01
1.363253e-01
1.363635e-01
1.364014e-01
1.364431e-01
1.364809e-01
1.365226e-01
1.365646e-01
1.366065e-01
1.366485e-01
1.366905e-01
1.367323e-01
1.367743e-01
1.368160e-01
1.368580e-01
1.368995e-01
1.369415e-01
1.369828e-01
1.370249e-01
1.370661e-01
1.371082e-01
1.371492e-01
1.371913e-01
1.372322e-01
1.372744e-01
1.373166e-01
1.373588e-01
1.374010e-01
1.374432e-01
1.374836e-01
1.375259e-01
1.375681e-01
1.376104e-01
1.376520e-01
1.376943e-01
1.377366e-01
1.377789e-01
1.378213e-01
1.378637e-01
1.379060e-01
1.379484e-01
1.379908e-01
1.380332e-01
1.380757e-01
1.381181e-01
1.381606e-01
1.382030e-01
1.382455e-01
1.382880e-01
1.383305e-01
1.383730e-01
1.384155e-01
1.384581e-01
1.385006e-01
1.385432e-01
1.385858e-01
1.386283e-01
1.386709e-01
1.387136e-01
1.387562e-01
1.387988e-01
1.388414e-01
1.388841e-01
1.389268e-01
1.389694e-01
1.390121e-01
1.390548e-01
1.390975e-01
1.391403e-01
1.391830e-01
1.392258e-01
1.392685e-01
1.393113e-01
1.393541e-01
1.393969e-01
1.394397e-01
1.394825e-01
1.395253e-01
1.395681e-01
1.396110e-01
1.396538e-01
1.396967e-01
1.397396e-01
1.397825e-01
1.398253e-01
1.398682e-01
1.399110e-01
1.399539e-01
1.399967e-01
1.400396e-01
1.400824e-01
1.401252e-01
1.401680e-01
1.402108e-01
1.402536e-01
1.402964e-01
1.403391e-01
1.403819e-01
1.404246e-01
1.404673e-01
1.405100e-01
1.405527e-01
1.405954e-01
1.406381e-01
1.406807e-01
1.407234e-01
1.407660e-01
1.408087e-01
1.408512e-01
1.408939e-01
1.409364e-01
1.409790e-01
1.410215e-01
1.410641e-01
1.411066e-01
1.411492e-01
1.411916e-01
1.412341e-01
1.412766e-01
1.413191e-01
1.413615e-01
1.414039e-01
1.414463e-01
1.414887e-01
1.415307e-01
1.415731e-01
1.416154e-01
1.416578e-01
1.417001e-01
1.417424e-01
1.417847e-01
1.418270e-01
1.418692e-01
1.419115e-01
1.419537e-01
1.419960e-01
1.420382e-01
1.420804e-01
1.421226e-01
1.421648e-01
1.422069e-01
1.422491e-01
1.422912e-01
1.423334e-01
1.423755e-01
1.424176e-01
1.424597e-01
1.425018e-01
1.425438e-01
1.425859e-01
1.426279e-01
1.426700e-01
1.427120e-01
1.427541e-01
1.427960e-01
1.428380e-01
1.428800e-01
1.429220e-01
1.429639e-01
1.430059e-01
1.430478e-01
1.430898e-01
1.431317e-01
1.431736e-01
1.432155e-01
1.432574e-01
1.432993e-01
1.433412e-01
1.433830e-01
1.434249e-01
1.434667e-01
1.435085e-01
1.435503e-01
1.435922e-01
1.436339e-01
1.436758e-01
1.437175e-01
1.437593e-01
1.438010e-01
1.438428e-01
1.438845e-01
1.439263e-01
1.439679e-01
1.440097e-01
1.440513e-01
1.440931e-01
1.441347e-01
1.441764e-01
1.442180e-01
1.442597e-01
1.443013e-01
1.443430e-01
1.443845e-01
1.444261e-01
1.444676e-01
1.445092e-01
1.445507e-01
1.445922e-01
1.446336e-01
1.446751e-01
1.447165e-01
1.447580e-01
1.447993e-01
1.448408e-01
1.448821e-01
1.449235e-01
1.449648e-01
1.450061e-01
1.450474e-01
1.450887e-01
1.451299e-01
1.451712e-01
1.452124e-01
1.452536e-01
1.452947e-01
1.453360e-01
1.453771e-01
1.454183e-01
1.454594e-01
1.455005e-01
1.455416e-01
1.455827e-01
1.456237e-01
1.456648e-01
1.457058e-01
1.457469e-01
1.457879e-01
1.458289e-01
1.458698e-01
1.459109e-01
1.459518e-01
1.459928e-01
1.460337e-01
1.460746e-01
1.461155e-01
1.461565e-01
1.461973e-01
1.462382e-01
1.462791e-01
1.463200e-01
1.463608e-01
1.464016e-01
1.464424e-01
1.464833e-01
1.465240e-01
1.465649e-01
1.466056e-01
1.466464e-01
1.466871e-01
1.467279e-01
1.467686e-01
1.468094e-01
1.468501e-01
1.468908e-01
1.469315e-01
1.469722e-01
1.470129e-01
1.470536e-01
1.470943e-01
1.471350e-01
1.471756e-01
1.472163e-01
1.472569e-01
1.472976e-01
1.473382e-01
1.473789e-01
1.474195e-01
1.474601e-01
1.475007e-01
1.475414e-01
1.475820e-01
1.476226e-01
1.476632e-01
1.477038e-01
1.477444e-01
1.477850e-01
1.478256e-01
1.478662e-01
1.479067e-01
1.479473e-01
1.479879e-01
1.480285e-01
1.480690e-01
1.481096e-01
1.481501e-01
1.481907e-01
1.482312e-01
1.482718e-01
1.483123e-01
1.483529e-01
1.483934e-01
1.484339e-01
1.484744e-01
1.485149e-01
1.485553e-01
1.485959e-01
1.486363e-01
1.486768e-01
1.487172e-01
1.487577e-01
1.487980e-01
1.488385e-01
1.488789e-01
1.489193e-01
1.489596e-01
1.490001e-01
1.490404e-01
1.490808e-01
1.491211e-01
1.491615e-01
1.492018e-01
1.492422e-01
1.492825e-01
1.493228e-01
1.493631e-01
1.494035e-01
1.494437e-01
1.494840e-01
1.495243e-01
1.495646e-01
1.496048e-01
1.496451e-01
1.496853e-01
1.497256e-01
1.497658e-01
1.498061e-01
1.498463e-01
1.498865e-01
1.499267e-01
1.499670e-01
1.500071e-01
1.500473e-01
1.500875e-01
1.501277e-01
1.501678e-01
1.502081e-01
1.502482e-01
1.502884e-01
1.503285e-01
1.503687e-01
1.504088e-01
1.504490e-01
1.504891e-01
1.505292e-01
1.505693e-01
1.506095e-01
1.506495e-01
1.506897e-01
1.507298e-01
1.507699e-01
1.508100e-01
1.508501e-01
1.508901e-01
1.509303e-01
1.509703e-01
1.510104e-01
1.510505e-01
1.510906e-01
1.511306e-01
1.511708e-01
1.512108e-01
1.512509e-01
1.512909e-01
1.513311e-01
1.513711e-01
1.514112e-01
1.514513e-01
1.514914e-01
1.515314e-01
1.515716e-01
1.516116e-01
1.516517e-01
1.516918e-01
1.517319e-01
1.517720e-01
1.518121e-01
1.518522e-01
1.518923e-01
1.519324e-01
1.519726e-01
1.520127e-01
1.520528e-01
1.520929e-01
1.521331e-01
1.521732e-01
1.522134e-01
1.522535e-01
1.522937e-01
1.523338e-01
1.523740e-01
1.524141e-01
1.524543e-01
1.524945e-01
1.525347e-01
1.525749e-01
1.526151e-01
1.526552e-01
1.526955e-01
1.527357e-01
1.527759e-01
1.528161e-01
1.528564e-01
1.528965e-01
1.529368e-01
1.529770e-01
1.530173e-01
1.530575e-01
1.530978e-01
1.531380e-01
1.531784e-01
1.532186e-01
1.532589e-01
1.532991e-01
1.533395e-01
1.533797e-01
1.534201e-01
1.534603e-01
1.535007e-01
1.535410e-01
1.535814e-01
1.536216e-01
1.536620e-01
1.537023e-01
1.537427e-01
1.537830e-01
1.538234e-01
1.538637e-01
1.539041e-01
1.539444e-01
1.539847e-01
1.540250e-01
1.540653e-01
1.541056e-01
1.541459e-01
1.541861e-01
1.542264e-01
1.542666e-01
1.543069e-01
1.543471e-01
1.543874e-01
1.544276e-01
1.544678e-01
1.545080e-01
1.545483e-01
1.545885e-01
1.546288e-01
1.546689e-01
1.547092e-01
1.547494e-01
1.547897e-01
1.548299e-01
1.548702e-01
1.549104e-01
1.549506e-01
1.549908e-01
1.550311e-01
1.550714e-01
1.551117e-01
1.551519e-01
1.551922e-01
1.552324e-01
1.552728e-01
1.553130e-01
1.553534e-01
1.553936e-01
1.554340e-01
1.554742e-01
1.555146e-01
1.555549e-01
1.555953e-01
1.556356e-01
1.556760e-01
1.557163e-01
1.557567e-01
1.557970e-01
1.558374e-01
1.558778e-01
1.559182e-01
1.559585e-01
1.559990e-01
1.560394e-01
1.560798e-01
1.561202e-01
1.561606e-01
1.562010e-01
1.562414e-01
1.562818e-01
1.563222e-01
1.563625e-01
1.564030e-01
1.564433e-01
1.564837e-01
1.565241e-01
1.565645e-01
1.566049e-01
1.566453e-01
1.566857e-01
1.567261e-01
1.567665e-01
1.568069e-01
1.568473e-01
1.568877e-01
1.569281e-01
1.569686e-01
1.570090e-01
1.570495e-01
1.570899e-01
1.571304e-01
1.571708e-01
1.572113e-01
1.572517e-01
1.572922e-01
1.573327e-01
1.573732e-01
1.574137e-01
1.574542e-01
1.574947e-01
1.575353e-01
1.575757e-01
1.576163e-01
1.576568e-01
1.576974e-01
1.577379e-01
1.577785e-01
1.578191e-01
1.578597e-01
1.579002e-01
1.579408e-01
1.579813e-01
1.580219e-01
1.580625e-01
1.581031e-01
1.581437e-01
1.581843e-01
1.582248e-01
1.582655e-01
1.583060e-01
1.583467e-01
1.583873e-01
1.584279e-01
1.584685e-01
1.585092e-01
1.585498e-01
1.585904e-01
1.586310e-01
1.586717e-01
1.587123e-01
1.587530e-01
1.587936e-01
1.588343e-01
1.588750e-01
1.589157e-01
1.589563e-01
1.589970e-01
1.590377e-01
1.590784e-01
1.591190e-01
1.591598e-01
1.592004e-01
1.592412e-01
1.592819e-01
1.593226e-01
1.593633e-01
1.594041e-01
1.594448e-01
1.594856e-01
1.595263e-01
1.595671e-01
1.596078e-01
1.596486e-01
1.596894e-01
1.597302e-01
1.597710e-01
1.598118e-01
1.598526e-01
1.598934e-01
1.599342e-01
1.599751e-01
1.600159e-01
1.600568e-01
1.600976e-01
1.601385e-01
1.601793e-01
1.602202e-01
1.602611e-01
1.603020e-01
1.603428e-01
1.603838e-01
1.604246e-01
1.604656e-01
1.605064e-01
1.605474e-01
1.605883e-01
1.606293e-01
1.606702e-01
1.607112e-01
1.607521e-01
1.607931e-01
1.608340e-01
1.608750e-01
1.609159e-01
1.609570e-01
1.609979e-01
1.610390e-01
1.610799e-01
1.611210e-01
1.611619e-01
1.612030e-01
1.612439e-01
1.612849e-01
1.613258e-01
1.613669e-01
1.614078e-01
1.614488e-01
1.614897e-01
1.615307e-01
1.615716e-01
1.616126e-01
1.616535e-01
1.616944e-01
1.617353e-01
1.617763e-01
1.618172e-01
1.618582e-01
1.618990e-01
1.619400e-01
1.619809e-01
1.620219e-01
1.620627e-01
1.621037e-01
1.621446e-01
1.621856e-01
1.622264e-01
1.622674e-01
1.623083e-01
1.623493e-01
1.623901e-01
1.624311e-01
1.624720e-01
1.625130e-01
1.625539e-01
1.625948e-01
1.626357e-01
1.626767e-01
1.627176e-01
1.627586e-01
1.627995e-01
1.628405e-01
1.628814e-01
1.629224e-01
1.629633e-01
1.630043e-01
1.630452e-01
1.630862e-01
1.631271e-01
1.631681e-01
1.632090e-01
1.632501e-01
1.632910e-01
1.633320e-01
1.633729e-01
1.634139e-01
1.634549e-01
1.634959e-01
1.635368e-01
1.635779e-01
1.636188e-01
1.636599e-01
1.637008e-01
1.637419e-01
1.637828e-01
1.638239e-01
1.638648e-01
1.639059e-01
1.639468e-01
1.639879e-01
1.640289e-01
1.640699e-01
1.641109e-01
1.641520e-01
1.641930e-01
1.642341e-01
1.642750e-01
1.643161e-01
1.643571e-01
1.643982e-01
1.644392e-01
1.644803e-01
1.645213e-01
1.645624e-01
1.646033e-01
1.646444e-01
1.646854e-01
1.647265e-01
1.647675e-01
1.648086e-01
1.648496e-01
1.648907e-01
1.649317e-01
1.649728e-01
1.650138e-01
1.650550e-01
1.650959e-01
1.651371e-01
1.651781e-01
1.652192e-01
1.652602e-01
1.653013e-01
1.653423e-01
1.653835e-01
1.654245e-01
1.654656e-01
1.655066e-01
1.655478e-01
1.655888e-01
1.656299e-01
1.656709e-01
1.657121e-01
1.657531e-01
1.657942e-01
1.658352e-01
1.658764e-01
1.659174e-01
1.659585e-01
1.659995e-01
1.660407e-01
1.660817e-01
1.661228e-01
1.661638e-01
1.662050e-01
1.662460e-01
1.662871e-01
1.663281e-01
1.663693e-01
1.664103e-01
1.664515e-01
1.664925e-01
1.665336e-01
1.665746e-01
1.666158e-01
1.666568e-01
1.666980e-01
1.667390e-01
1.667802e-01
1.668212e-01
1.668623e-01
1.669034e-01
1.669445e-01
1.669856e-01
1.670267e-01
1.670678e-01
1.671089e-01
1.671500e-01
1.671911e-01
1.672321e-01
1.672733e-01
1.673143e-01
1.673555e-01
1.673965e-01
1.674377e-01
1.674788e-01
1.675200e-01
1.675610e-01
1.676022e-01
1.676432e-01
1.676844e-01
1.677255e-01
1.677666e-01
1.678077e-01
1.678489e-01
1.678899e-01
1.679311e-01
1.679722e-01
1.680134e-01
1.680544e-01
1.680956e-01
1.681367e-01
1.681778e-01
1.682189e-01
1.682601e-01
1.683012e-01
1.683423e-01
1.683834e-01
1.684246e-01
1.684656e-01
1.685068e-01
1.685479e-01
1.685891e-01
1.686301e-01
1.686713e-01
1.687124e-01
1.687536e-01
1.687947e-01
1.688358e-01
1.688769e-01
1.689181e-01
1.689592e-01
1.690004e-01
1.690415e-01
1.690827e-01
1.691237e-01
1.691649e-01
1.692060e-01
1.692472e-01
1.692883e-01
1.693295e-01
1.693706e-01
1.694119e-01
1.694530e-01
1.694942e-01
1.695353e-01
1.695765e-01
1.696176e-01
1.696589e-01
1.697000e-01
1.697413e-01
1.697824e-01
1.698237e-01
1.698648e-01
1.699061e-01
1.699472e-01
1.699885e-01
1.700297e-01
1.700710e-01
1.701122e-01
1.701535e-01
1.701947e-01
1.702360e-01
1.702772e-01
1.703186e-01
1.703598e-01
1.704012e-01
1.704424e-01
1.704838e-01
1.705251e-01
1.705665e-01
1.706078e-01
1.706493e-01
1.706906e-01
1.707321e-01
1.707734e-01
1.708149e-01
1.708563e-01
1.708978e-01
1.709392e-01
1.709808e-01
1.710222e-01
1.710638e-01
1.711053e-01
1.711469e-01
1.711884e-01
1.712300e-01
1.712716e-01
1.713133e-01
1.713549e-01
1.713966e-01
1.714382e-01
1.714800e-01
1.715216e-01
1.715634e-01
1.716051e-01
1.716470e-01
1.716887e-01
1.717306e-01
1.717724e-01
1.718143e-01
1.718561e-01
1.718981e-01
1.719399e-01
1.719819e-01
1.720238e-01
1.720658e-01
1.721078e-01
1.721498e-01
1.721918e-01
1.722339e-01
1.722759e-01
1.723180e-01
1.723600e-01
1.724021e-01
1.724442e-01
1.724863e-01
1.725284e-01
1.725706e-01
1.726127e-01
1.726549e-01
1.726970e-01
1.727392e-01
1.727813e-01
1.728235e-01
1.728657e-01
1.729079e-01
1.729500e-01
1.729923e-01
1.730344e-01
1.730767e-01
1.731188e-01
1.731611e-01
1.732033e-01
1.732455e-01
1.732877e-01
1.733300e-01
1.733722e-01
1.734145e-01
1.734567e-01
1.734990e-01
1.735412e-01
1.735835e-01
1.736257e-01
1.736680e-01
1.737103e-01
1.737526e-01
1.737948e-01
1.738371e-01
1.738793e-01
1.739216e-01
1.739639e-01
1.740062e-01
1.740484e-01
1.740907e-01
1.741330e-01
1.741753e-01
1.742175e-01
1.742598e-01
1.743021e-01
1.743444e-01
1.743866e-01
1.744289e-01
1.744711e-01
1.745134e-01
1.745556e-01
1.745980e-01
1.746402e-01
1.746825e-01
1.747247e-01
1.747670e-01
1.748092e-01
1.748515e-01
1.748936e-01
1.749359e-01
1.749781e-01
1.750204e-01
1.750626e-01
1.751048e-01
1.751470e-01
1.751882e-01
1.752303e-01
1.752725e-01
1.753141e-01
1.753554e-01
1.753974e-01
1.754387e-01
1.754803e-01
1.755215e-01
1.755632e-01
1.756044e-01
1.756460e-01
1.756872e-01
1.757288e-01
1.757700e-01
1.758116e-01
1.758528e-01
1.758944e-01
1.759356e-01
1.759771e-01
1.760183e-01
1.760599e-01
1.761010e-01
1.761426e-01
1.761837e-01
1.762252e-01
1.762664e-01
1.763080e-01
1.763498e-01
1.763914e-01
1.764331e-01
1.764747e-01
1.765163e-01
1.765579e-01
1.765996e-01
1.766411e-01
1.766828e-01
1.767243e-01
1.767660e-01
1.768075e-01
1.768492e-01
1.768907e-01
1.769323e-01
1.769738e-01
1.770154e-01
1.770569e-01
1.770985e-01
1.771400e-01
1.771816e-01
1.772231e-01
1.772647e-01
1.773062e-01
1.773478e-01
1.773893e-01
1.774309e-01
1.774723e-01
1.775139e-01
1.775554e-01
1.775970e-01
1.776385e-01
1.776801e-01
1.777216e-01
1.777632e-01
1.778047e-01
1.778462e-01
1.778877e-01
1.779293e-01
1.779709e-01
1.780125e-01
1.780540e-01
1.780956e-01
1.781371e-01
1.781787e-01
1.782202e-01
1.782618e-01
1.783033e-01
1.783449e-01
1.783863e-01
1.784279e-01
1.784694e-01
1.785110e-01
1.785525e-01
1.785940e-01
1.786355e-01
1.786770e-01
1.787185e-01
1.787600e-01
1.788015e-01
1.788430e-01
1.788844e-01
1.789259e-01
1.789673e-01
1.790088e-01
1.790502e-01
1.790917e-01
1.791331e-01
1.791746e-01
1.792160e-01
1.792574e-01
1.792988e-01
1.793402e-01
1.793816e-01
1.794230e-01
1.794643e-01
1.795058e-01
1.795471e-01
1.795885e-01
1.796298e-01
1.796712e-01
1.797125e-01
1.797539e-01
1.797952e-01
1.798365e-01
1.798778e-01
1.799192e-01
1.799605e-01
1.800018e-01
1.800431e-01
1.800844e-01
1.801257e-01
1.801670e-01
1.802082e-01
1.802495e-01
1.802907e-01
1.803321e-01
1.803733e-01
1.804145e-01
1.804557e-01
1.804970e-01
1.805382e-01
1.805795e-01
1.806206e-01
1.806619e-01
1.807030e-01
1.807443e-01
1.807854e-01
1.808266e-01
1.808678e-01
1.809090e-01
1.809501e-01
1.809913e-01
1.810324e-01
1.810736e-01
1.811147e-01
1.811558e-01
1.811969e-01
1.812381e-01
1.812791e-01
1.813203e-01
1.813613e-01
1.814024e-01
1.814434e-01
1.814845e-01
1.815255e-01
1.815666e-01
1.816075e-01
1.816485e-01
1.816895e-01
1.817305e-01
1.817714e-01
1.818123e-01
1.818532e-01
1.818941e-01
1.819350e-01
1.819758e-01
1.820166e-01
1.820575e-01
1.820982e-01
1.821390e-01
1.821797e-01
1.822205e-01
1.822612e-01
1.823019e-01
1.823425e-01
1.823832e-01
1.824237e-01
1.824644e-01
1.825049e-01
1.825455e-01
1.825859e-01
1.826265e-01
1.826669e-01
1.827074e-01
1.827477e-01
1.827882e-01
1.828285e-01
1.828689e-01
1.829092e-01
1.829495e-01
1.829897e-01
1.830300e-01
1.830702e-01
1.831105e-01
1.831506e-01
1.831908e-01
1.832309e-01
1.832711e-01
1.833111e-01
1.833512e-01
1.833912e-01
1.834313e-01
1.834713e-01
1.835113e-01
1.835513e-01
1.835913e-01
1.836311e-01
1.836711e-01
1.837110e-01
1.837509e-01
1.837907e-01
1.838306e-01
1.838704e-01
1.839102e-01
1.839500e-01
1.839898e-01
1.840295e-01
1.840693e-01
1.841090e-01
1.841487e-01
1.841884e-01
1.842281e-01
1.842678e-01
1.843075e-01
1.843471e-01
1.843868e-01
1.844263e-01
1.844660e-01
1.845056e-01
1.845452e-01
1.845847e-01
1.846244e-01
1.846639e-01
1.847035e-01
1.847430e-01
1.847825e-01
1.848220e-01
1.848616e-01
1.849010e-01
1.849406e-01
1.849800e-01
1.850196e-01
1.850590e-01
1.850985e-01
1.851379e-01
1.851774e-01
1.852168e-01
1.852563e-01
1.852957e-01
1.853352e-01
1.853746e-01
1.854141e-01
1.854534e-01
1.854929e-01
1.855323e-01
1.855717e-01
1.856111e-01
1.856505e-01
1.856899e-01
1.857293e-01
1.857686e-01
1.858081e-01
1.858474e-01
1.858868e-01
1.859261e-01
1.859655e-01
1.860048e-01
1.860442e-01
1.860835e-01
1.861229e-01
1.861622e-01
1.862015e-01
1.862408e-01
1.862802e-01
1.863194e-01
1.863588e-01
1.863980e-01
1.864374e-01
1.864766e-01
1.865159e-01
1.865552e-01
1.865945e-01
1.866337e-01
1.866730e-01
1.867122e-01
1.867515e-01
1.867907e-01
1.868300e-01
1.868691e-01
1.869084e-01
1.869476e-01
1.869869e-01
1.870260e-01
1.870653e-01
1.871045e-01
1.871437e-01
1.871829e-01
1.872221e-01
1.872613e-01
1.873005e-01
1.873397e-01
1.873789e-01
1.874180e-01
1.874573e-01
1.874964e-01
1.875356e-01
1.875748e-01
1.876140e-01
1.876532e-01
1.876924e-01
1.877315e-01
1.877707e-01
1.878099e-01
1.878491e-01
1.878883e-01
1.879275e-01
1.879666e-01
1.880058e-01
1.880450e-01
1.880842e-01
1.881234e-01
1.881626e-01
1.882017e-01
1.882410e-01
1.882801e-01
1.883193e-01
1.883585e-01
1.883977e-01
1.884369e-01
1.884761e-01
1.885153e-01
1.885546e-01
1.885937e-01
1.886330e-01
1.886722e-01
1.887114e-01
1.887506e-01
1.887899e-01
1.888291e-01
1.888683e-01
1.889075e-01
1.889468e-01
1.889860e-01
1.890253e-01
1.890645e-01
1.891038e-01
1.891430e-01
1.891823e-01
1.892215e-01
1.892608e-01
1.893000e-01
1.893393e-01
1.893786e-01
1.894179e-01
1.894571e-01
1.894964e-01
1.895357e-01
1.895750e-01
1.896142e-01
1.896535e-01
1.896927e-01
1.897320e-01
1.897713e-01
1.898106e-01
1.898498e-01
1.898891e-01
1.899283e-01
1.899676e-01
1.900068e-01
1.900461e-01
1.900853e-01
1.901246e-01
1.901638e-01
1.902030e-01
1.902423e-01
1.902815e-01
1.903207e-01
1.903600e-01
1.903992e-01
1.904385e-01
1.904777e-01
1.905170e-01
1.905562e-01
1.905954e-01
1.906346e-01
1.906739e-01
1.907130e-01
1.907523e-01
1.907915e-01
1.908307e-01
1.908699e-01
1.909091e-01
1.909483e-01
1.909875e-01
1.910266e-01
1.910659e-01
1.911050e-01
1.911442e-01
1.911834e-01
1.912226e-01
1.912618e-01
1.913010e-01
1.913402e-01
1.913794e-01
1.914185e-01
1.914578e-01
1.914969e-01
1.915362e-01
1.915753e-01
1.916145e-01
1.916537e-01
1.916929e-01
1.917320e-01
1.917713e-01
1.918104e-01
1.918496e-01
1.918887e-01
1.919279e-01
1.919671e-01
1.920063e-01
1.920454e-01
1.920846e-01
1.921238e-01
1.921630e-01
1.922021e-01
1.922414e-01
1.922805e-01
1.923197e-01
1.923589e-01
1.923981e-01
1.924373e-01
1.924765e-01
1.925157e-01
1.925550e-01
1.925942e-01
1.926334e-01
1.926726e-01
1.927119e-01
1.927511e-01
1.927904e-01
1.928296e-01
1.928689e-01
1.929081e-01
1.929474e-01
1.929866e-01
1.930259e-01
1.930651e-01
1.931045e-01
1.931437e-01
1.931830e-01
1.932223e-01
1.932616e-01
1.933009e-01
1.933402e-01
1.933795e-01
1.934189e-01
1.934582e-01
1.934976e-01
1.935369e-01
1.935763e-01
1.936157e-01
1.936551e-01
1.936945e-01
1.937339e-01
1.937733e-01
1.938127e-01
1.938521e-01
1.938916e-01
1.939310e-01
1.939705e-01
1.940100e-01
1.940495e-01
1.940890e-01
1.941285e-01
1.941680e-01
1.942075e-01
1.942470e-01
1.942866e-01
1.943261e-01
1.943657e-01
1.944053e-01
1.944449e-01
1.944845e-01
1.945241e-01
1.945637e-01
1.946033e-01
1.946429e-01
1.946826e-01
1.947222e-01
1.947619e-01
1.948016e-01
1.948413e-01
1.948809e-01
1.949207e-01
1.949604e-01
1.950001e-01
1.950398e-01
1.950796e-01
1.951193e-01
1.951591e-01
1.951988e-01
1.952386e-01
1.952784e-01
1.953182e-01
1.953580e-01
1.953978e-01
1.954376e-01
1.954775e-01
1.955173e-01
1.955572e-01
1.955970e-01
1.956369e-01
1.956768e-01
1.957167e-01
1.957565e-01
1.957965e-01
1.958363e-01
1.958763e-01
1.959162e-01
1.959561e-01
1.959960e-01
1.960360e-01
1.960759e-01
1.961159e-01
1.961558e-01
1.961958e-01
1.962358e-01
1.962758e-01
1.963157e-01
1.963558e-01
1.963957e-01
1.964358e-01
1.964757e-01
1.965158e-01
1.965558e-01
1.965958e-01
1.966358e-01
1.966759e-01
1.967159e-01
1.967560e-01
1.967961e-01
1.968362e-01
1.968762e-01
1.969163e-01
1.969564e-01
1.969965e-01
1.970366e-01
1.970768e-01
1.971168e-01
1.971570e-01
1.971971e-01
1.972373e-01
1.972774e-01
1.973176e-01
1.973577e-01
1.973980e-01
1.974381e-01
1.974783e-01
1.975185e-01
1.975587e-01
1.975989e-01
1.976391e-01
1.976793e-01
1.977195e-01
1.977597e-01
1.978000e-01
1.978402e-01
1.978805e-01
1.979207e-01
1.979610e-01
1.980012e-01
1.980415e-01
1.980817e-01
1.981220e-01
1.981622e-01
1.982026e-01
1.982428e-01
1.982831e-01
1.983234e-01
1.983637e-01
1.984040e-01
1.984443e-01
1.984846e-01
1.985249e-01
1.985652e-01
1.986056e-01
1.986458e-01
1.986862e-01
1.987265e-01
1.987669e-01
1.988072e-01
1.988475e-01
1.988878e-01
1.989282e-01
1.989685e-01
1.990089e-01
1.990492e-01
1.990896e-01
1.991299e-01
1.991703e-01
1.992107e-01
1.992511e-01
1.992914e-01
1.993318e-01
1.993721e-01
1.994125e-01
1.994529e-01
1.994933e-01
1.995336e-01
1.995740e-01
1.996144e-01
1.996548e-01
1.996952e-01
1.997356e-01
1.997759e-01
1.998164e-01
1.998567e-01
1.998972e-01
1.999375e-01
1.999780e-01
2.000184e-01
2.000588e-01
2.000992e-01
2.001397e-01
