# 1  : Date
# 2  : Temps elapsed min (mus)
# 3  : Rang temps elapsed min
# 4  : Noeud temps elapsed min
# 5  : Temps elapsed max (mus)
# 6  : Rang temps elapsed max
# 7  : Noeud temps elapsed max
# 8  : Grind time (mus/maille/cycle)
# 9  : Grind time équivalent séquentiel (#8 X nb_de_coeurs)
#     1     2     3     4      5      6      7       8      9
#   ATTENTION  les temps cpu schémas sont données dans l'ordre alphabétique des schémas WARNING
#  10: TELAPS Hydro (mus)
3.084532e-04   4.115e+04 0 inti1229   4.128e+04 3 inti1229   2.969e-01 4.750e+00  3.236e+04
9.052984e-04   5.578e+04 0 inti1229   5.599e+04 1 inti1229   3.938e-01 6.301e+00  4.268e+04
1.740719e-03   4.658e+04 0 inti1229   4.663e+04 1 inti1229   3.166e-01 5.065e+00  3.704e+04
2.774286e-03   4.735e+04 0 inti1229   4.751e+04 1 inti1229   3.109e-01 4.974e+00  3.773e+04
3.895974e-03   4.827e+04 0 inti1229   4.841e+04 3 inti1229   3.024e-01 4.839e+00  3.846e+04
5.055974e-03   5.008e+04 0 inti1229   5.014e+04 3 inti1229   3.005e-01 4.809e+00  4.001e+04
6.351502e-03   5.095e+04 0 inti1229   5.101e+04 3 inti1229   2.920e-01 4.673e+00  4.078e+04
7.762280e-03   5.362e+04 0 inti1229   5.368e+04 3 inti1229   2.956e-01 4.729e+00  4.328e+04
8.947708e-03   5.387e+04 0 inti1229   5.402e+04 3 inti1229   2.870e-01 4.592e+00  4.346e+04
9.682076e-03   5.599e+04 0 inti1229   5.605e+04 2 inti1229   2.923e-01 4.677e+00  4.530e+04
1.039106e-02   5.630e+04 0 inti1229   5.637e+04 3 inti1229   2.884e-01 4.615e+00  4.507e+04
1.115346e-02   5.682e+04 0 inti1229   5.689e+04 3 inti1229   2.864e-01 4.583e+00  4.578e+04
1.202191e-02   5.754e+04 0 inti1229   5.771e+04 3 inti1229   2.848e-01 4.556e+00  4.640e+04
1.300244e-02   5.858e+04 0 inti1229   5.875e+04 3 inti1229   2.845e-01 4.553e+00  4.714e+04
1.405865e-02   5.947e+04 0 inti1229   5.963e+04 3 inti1229   2.824e-01 4.518e+00  4.818e+04
1.516698e-02   6.051e+04 0 inti1229   6.058e+04 3 inti1229   2.813e-01 4.500e+00  4.898e+04
1.634999e-02   6.205e+04 0 inti1229   6.212e+04 3 inti1229   2.817e-01 4.507e+00  5.048e+04
1.751466e-02   6.372e+04 0 inti1229   6.379e+04 3 inti1229   2.834e-01 4.534e+00  5.206e+04
1.867442e-02   6.452e+04 0 inti1229   6.467e+04 3 inti1229   2.806e-01 4.490e+00  5.273e+04
1.955035e-02   6.854e+04 0 inti1229   6.861e+04 3 inti1229   2.930e-01 4.688e+00  5.663e+04
2.028468e-02   6.452e+04 0 inti1229   6.459e+04 3 inti1229   2.718e-01 4.349e+00  5.255e+04
2.104824e-02   6.516e+04 0 inti1229   6.523e+04 2 inti1229   2.711e-01 4.337e+00  5.291e+04
2.187320e-02   6.605e+04 0 inti1229   6.620e+04 2 inti1229   2.712e-01 4.340e+00  5.388e+04
2.275020e-02   6.671e+04 0 inti1229   6.688e+04 2 inti1229   2.701e-01 4.322e+00  5.439e+04
2.368474e-02   6.739e+04 0 inti1229   6.746e+04 3 inti1229   2.675e-01 4.279e+00  5.493e+04
2.467608e-02   6.789e+04 0 inti1229   6.795e+04 2 inti1229   2.648e-01 4.237e+00  5.540e+04
2.571608e-02   6.911e+04 0 inti1229   6.918e+04 2 inti1229   2.641e-01 4.226e+00  5.650e+04
2.680589e-02   6.993e+04 0 inti1229   7.013e+04 2 inti1229   2.628e-01 4.204e+00  5.721e+04
2.794707e-02   7.099e+04 0 inti1229   7.105e+04 2 inti1229   2.601e-01 4.162e+00  5.813e+04
2.913821e-02   7.141e+04 0 inti1229   7.148e+04 2 inti1229   2.563e-01 4.101e+00  5.835e+04
3.037581e-02   7.501e+04 0 inti1229   7.508e+04 2 inti1229   2.625e-01 4.199e+00  6.170e+04
3.165652e-02   7.427e+04 0 inti1229   7.436e+04 2 inti1229   2.541e-01 4.066e+00  6.077e+04
3.290515e-02   7.547e+04 0 inti1229   7.562e+04 2 inti1229   2.519e-01 4.030e+00  6.197e+04
3.402918e-02   7.706e+04 0 inti1229   7.714e+04 2 inti1229   2.517e-01 4.028e+00  6.332e+04
3.518387e-02   7.761e+04 0 inti1229   7.768e+04 2 inti1229   2.477e-01 3.963e+00  6.398e+04
3.635199e-02   7.880e+04 0 inti1229   7.888e+04 2 inti1229   2.463e-01 3.941e+00  6.524e+04
3.756720e-02   8.096e+04 0 inti1229   8.103e+04 2 inti1229   2.474e-01 3.958e+00  6.661e+04
3.881491e-02   8.102e+04 0 inti1229   8.120e+04 2 inti1229   2.425e-01 3.880e+00  6.717e+04
4.008935e-02   8.240e+04 0 inti1229   8.247e+04 2 inti1229   2.399e-01 3.839e+00  6.816e+04
4.139915e-02   8.392e+04 0 inti1229   8.400e+04 2 inti1229   2.391e-01 3.826e+00  6.973e+04
4.274601e-02   8.596e+04 0 inti1229   8.613e+04 2 inti1229   2.394e-01 3.830e+00  7.151e+04
4.412578e-02   8.672e+04 0 inti1229   8.688e+04 2 inti1229   2.366e-01 3.785e+00  7.238e+04
4.553188e-02   8.789e+04 0 inti1229   8.805e+04 2 inti1229   2.343e-01 3.750e+00  7.329e+04
4.696373e-02   9.094e+04 0 inti1229   9.102e+04 2 inti1229   2.374e-01 3.799e+00  7.624e+04
4.843393e-02   9.196e+04 0 inti1229   9.202e+04 2 inti1229   2.348e-01 3.756e+00  7.697e+04
4.995071e-02   9.208e+04 0 inti1229   9.216e+04 2 inti1229   2.307e-01 3.691e+00  7.698e+04
5.149596e-02   9.492e+04 0 inti1229   9.508e+04 2 inti1229   2.328e-01 3.725e+00  7.943e+04
5.297741e-02   9.550e+04 0 inti1229   9.566e+04 2 inti1229   2.301e-01 3.682e+00  8.001e+04
5.445656e-02   9.859e+04 0 inti1229   9.866e+04 2 inti1229   2.326e-01 3.721e+00  8.245e+04
5.595190e-02   1.013e+05 0 inti1229   1.014e+05 2 inti1229   2.350e-01 3.760e+00  8.519e+04
5.746664e-02   1.019e+05 0 inti1229   1.019e+05 2 inti1229   2.314e-01 3.702e+00  8.566e+04
5.899152e-02   1.034e+05 0 inti1229   1.036e+05 2 inti1229   2.311e-01 3.698e+00  8.682e+04
6.052095e-02   1.057e+05 0 inti1229   1.057e+05 2 inti1229   2.314e-01 3.703e+00  8.872e+04
6.204983e-02   1.062e+05 0 inti1229   1.064e+05 2 inti1229   2.292e-01 3.666e+00  8.934e+04
6.358703e-02   1.073e+05 0 inti1229   1.074e+05 2 inti1229   2.268e-01 3.629e+00  9.014e+04
6.513884e-02   1.093e+05 0 inti1229   1.094e+05 2 inti1229   2.273e-01 3.636e+00  9.207e+04
6.656514e-02   1.122e+05 0 inti1229   1.124e+05 3 inti1229   2.295e-01 3.671e+00  9.466e+04
6.789073e-02   1.131e+05 0 inti1229   1.132e+05 2 inti1229   2.280e-01 3.648e+00  9.550e+04
6.920050e-02   1.180e+05 0 inti1229   1.182e+05 2 inti1229   2.343e-01 3.749e+00  1.003e+05
7.051950e-02   1.125e+05 0 inti1229   1.125e+05 1 inti1229   2.202e-01 3.523e+00  9.503e+04
7.184994e-02   1.129e+05 0 inti1229   1.129e+05 1 inti1229   2.177e-01 3.483e+00  9.524e+04
7.315674e-02   1.155e+05 0 inti1229   1.157e+05 1 inti1229   2.203e-01 3.524e+00  9.795e+04
7.448803e-02   1.179e+05 0 inti1229   1.180e+05 1 inti1229   2.212e-01 3.540e+00  1.002e+05
7.577408e-02   1.177e+05 0 inti1229   1.178e+05 1 inti1229   2.181e-01 3.490e+00  9.987e+04
7.702448e-02   1.192e+05 0 inti1229   1.193e+05 2 inti1229   2.178e-01 3.484e+00  1.011e+05
7.830844e-02   1.209e+05 0 inti1229   1.211e+05 1 inti1229   2.183e-01 3.492e+00  1.026e+05
7.957286e-02   1.224e+05 0 inti1229   1.226e+05 2 inti1229   2.179e-01 3.487e+00  1.041e+05
8.080199e-02   1.242e+05 0 inti1229   1.242e+05 2 inti1229   2.183e-01 3.493e+00  1.052e+05
8.204561e-02   1.263e+05 0 inti1229   1.264e+05 2 inti1229   2.191e-01 3.506e+00  1.067e+05
8.327928e-02   1.259e+05 0 inti1229   1.261e+05 3 inti1229   2.162e-01 3.460e+00  1.063e+05
8.452695e-02   1.273e+05 0 inti1229   1.274e+05 2 inti1229   2.159e-01 3.454e+00  1.078e+05
8.576479e-02   1.285e+05 0 inti1229   1.287e+05 2 inti1229   2.158e-01 3.452e+00  1.091e+05
8.699303e-02   1.277e+05 0 inti1229   1.278e+05 1 inti1229   2.120e-01 3.392e+00  1.082e+05
8.822541e-02   1.285e+05 3 inti1229   1.287e+05 1 inti1229   2.113e-01 3.380e+00  1.090e+05
8.948583e-02   1.298e+05 3 inti1229   1.300e+05 1 inti1229   2.110e-01 3.377e+00  1.100e+05
9.076829e-02   1.308e+05 0 inti1229   1.310e+05 2 inti1229   2.107e-01 3.370e+00  1.111e+05
9.208846e-02   1.312e+05 3 inti1229   1.313e+05 1 inti1229   2.089e-01 3.343e+00  1.114e+05
9.343786e-02   1.336e+05 3 inti1229   1.338e+05 1 inti1229   2.109e-01 3.374e+00  1.135e+05
9.486363e-02   1.354e+05 3 inti1229   1.355e+05 1 inti1229   2.112e-01 3.379e+00  1.151e+05
9.645634e-02   1.369e+05 3 inti1229   1.370e+05 1 inti1229   2.111e-01 3.378e+00  1.163e+05
9.811155e-02   1.387e+05 0 inti1229   1.388e+05 1 inti1229   2.112e-01 3.379e+00  1.181e+05
9.982227e-02   1.398e+05 0 inti1229   1.400e+05 1 inti1229   2.106e-01 3.369e+00  1.191e+05
1.015399e-01   1.426e+05 0 inti1229   1.427e+05 2 inti1229   2.120e-01 3.392e+00  1.214e+05
1.032761e-01   1.451e+05 0 inti1229   1.452e+05 1 inti1229   2.135e-01 3.416e+00  1.236e+05
1.050173e-01   1.471e+05 0 inti1229   1.473e+05 1 inti1229   2.140e-01 3.424e+00  1.254e+05
1.067597e-01   1.482e+05 0 inti1229   1.483e+05 1 inti1229   2.134e-01 3.414e+00  1.266e+05
1.084862e-01   1.510e+05 0 inti1229   1.511e+05 1 inti1229   2.150e-01 3.440e+00  1.290e+05
1.102008e-01   1.532e+05 0 inti1229   1.533e+05 1 inti1229   2.176e-01 3.481e+00  1.312e+05
1.119101e-01   1.554e+05 0 inti1229   1.555e+05 2 inti1229   2.189e-01 3.502e+00  1.333e+05
1.136341e-01   1.532e+05 3 inti1229   1.534e+05 1 inti1229   2.141e-01 3.425e+00  1.309e+05
1.153497e-01   1.541e+05 3 inti1229   1.542e+05 1 inti1229   2.133e-01 3.412e+00  1.314e+05
1.170700e-01   1.590e+05 3 inti1229   1.591e+05 0 inti1229   2.182e-01 3.492e+00  1.364e+05
1.187749e-01   1.544e+05 3 inti1229   1.547e+05 0 inti1229   2.102e-01 3.362e+00  1.321e+05
1.204501e-01   1.591e+05 3 inti1229   1.593e+05 2 inti1229   2.145e-01 3.432e+00  1.363e+05
1.221096e-01   1.580e+05 3 inti1229   1.582e+05 1 inti1229   2.108e-01 3.373e+00  1.354e+05
1.237647e-01   1.611e+05 3 inti1229   1.612e+05 0 inti1229   2.129e-01 3.407e+00  1.383e+05
1.254116e-01   1.627e+05 3 inti1229   1.629e+05 0 inti1229   2.129e-01 3.406e+00  1.402e+05
1.270294e-01   1.651e+05 3 inti1229   1.653e+05 1 inti1229   2.140e-01 3.424e+00  1.421e+05
1.286235e-01   1.679e+05 3 inti1229   1.681e+05 0 inti1229   2.154e-01 3.446e+00  1.447e+05
1.302429e-01   1.709e+05 3 inti1229   1.719e+05 2 inti1229   2.183e-01 3.493e+00  1.478e+05
1.318584e-01   1.729e+05 3 inti1229   1.731e+05 1 inti1229   2.175e-01 3.480e+00  1.494e+05
1.335034e-01   1.758e+05 3 inti1229   1.759e+05 1 inti1229   2.189e-01 3.502e+00  1.519e+05
1.351835e-01   1.774e+05 3 inti1229   1.776e+05 1 inti1229   2.183e-01 3.493e+00  1.536e+05
1.368578e-01   1.805e+05 3 inti1229   1.806e+05 1 inti1229   2.199e-01 3.519e+00  1.561e+05
1.385206e-01   1.761e+05 3 inti1229   1.766e+05 1 inti1229   2.125e-01 3.400e+00  1.514e+05
1.401851e-01   1.843e+05 3 inti1229   1.848e+05 2 inti1229   2.201e-01 3.521e+00  1.575e+05
1.418543e-01   1.786e+05 3 inti1229   1.791e+05 0 inti1229   2.110e-01 3.377e+00  1.541e+05
1.434906e-01   1.809e+05 3 inti1229   1.814e+05 1 inti1229   2.117e-01 3.388e+00  1.561e+05
1.451157e-01   1.837e+05 3 inti1229   1.841e+05 1 inti1229   2.127e-01 3.403e+00  1.588e+05
1.467739e-01   1.870e+05 3 inti1229   1.876e+05 1 inti1229   2.146e-01 3.434e+00  1.624e+05
1.484035e-01   1.919e+05 3 inti1229   1.925e+05 0 inti1229   2.180e-01 3.488e+00  1.670e+05
1.500362e-01   1.929e+05 3 inti1229   1.934e+05 1 inti1229   2.172e-01 3.475e+00  1.680e+05
1.516752e-01   1.973e+05 3 inti1229   1.979e+05 1 inti1229   2.201e-01 3.522e+00  1.721e+05
1.533178e-01   1.913e+05 3 inti1229   1.919e+05 1 inti1229   2.118e-01 3.389e+00  1.653e+05
1.549718e-01   1.963e+05 3 inti1229   1.968e+05 0 inti1229   2.153e-01 3.444e+00  1.702e+05
1.566610e-01   1.969e+05 3 inti1229   1.975e+05 1 inti1229   2.144e-01 3.430e+00  1.711e+05
1.583146e-01   1.959e+05 3 inti1229   1.964e+05 1 inti1229   2.113e-01 3.381e+00  1.699e+05
1.599946e-01   1.982e+05 3 inti1229   1.988e+05 1 inti1229   2.122e-01 3.395e+00  1.722e+05
1.616660e-01   2.018e+05 3 inti1229   2.023e+05 0 inti1229   2.141e-01 3.426e+00  1.760e+05
1.633379e-01   2.037e+05 3 inti1229   2.042e+05 2 inti1229   2.146e-01 3.433e+00  1.778e+05
1.648977e-01   2.061e+05 3 inti1229   2.066e+05 0 inti1229   2.154e-01 3.446e+00  1.799e+05
1.663238e-01   2.067e+05 3 inti1229   2.072e+05 1 inti1229   2.146e-01 3.433e+00  1.804e+05
1.677331e-01   2.067e+05 3 inti1229   2.073e+05 0 inti1229   2.134e-01 3.414e+00  1.802e+05
1.691447e-01   2.081e+05 3 inti1229   2.086e+05 0 inti1229   2.136e-01 3.418e+00  1.818e+05
1.706810e-01   2.098e+05 3 inti1229   2.103e+05 0 inti1229   2.140e-01 3.425e+00  1.832e+05
1.722367e-01   2.085e+05 3 inti1229   2.092e+05 0 inti1229   2.119e-01 3.390e+00  1.813e+05
1.737902e-01   2.097e+05 3 inti1229   2.104e+05 1 inti1229   2.121e-01 3.394e+00  1.823e+05
1.753551e-01   2.119e+05 3 inti1229   2.126e+05 1 inti1229   2.136e-01 3.417e+00  1.845e+05
1.769414e-01   2.115e+05 3 inti1229   2.121e+05 1 inti1229   2.124e-01 3.399e+00  1.840e+05
1.785517e-01   2.123e+05 3 inti1229   2.129e+05 1 inti1229   2.125e-01 3.400e+00  1.849e+05
1.801715e-01   2.146e+05 3 inti1229   2.152e+05 1 inti1229   2.141e-01 3.426e+00  1.869e+05
1.818204e-01   2.151e+05 3 inti1229   2.157e+05 0 inti1229   2.139e-01 3.423e+00  1.877e+05
1.834331e-01   2.155e+05 3 inti1229   2.161e+05 0 inti1229   2.137e-01 3.420e+00  1.878e+05
1.850784e-01   2.174e+05 3 inti1229   2.180e+05 0 inti1229   2.150e-01 3.439e+00  1.899e+05
1.867532e-01   2.169e+05 3 inti1229   2.176e+05 0 inti1229   2.139e-01 3.422e+00  1.895e+05
1.884289e-01   2.190e+05 3 inti1229   2.195e+05 1 inti1229   2.153e-01 3.445e+00  1.913e+05
1.901091e-01   2.176e+05 3 inti1229   2.182e+05 0 inti1229   2.133e-01 3.413e+00  1.902e+05
1.917955e-01   2.186e+05 3 inti1229   2.191e+05 0 inti1229   2.138e-01 3.420e+00  1.912e+05
1.934712e-01   2.171e+05 3 inti1229   2.178e+05 0 inti1229   2.120e-01 3.391e+00  1.897e+05
1.950690e-01   2.208e+05 0 inti1229   2.214e+05 3 inti1229   2.151e-01 3.442e+00  1.929e+05
1.966182e-01   2.185e+05 3 inti1229   2.192e+05 0 inti1229   2.126e-01 3.402e+00  1.910e+05
1.981465e-01   2.192e+05 3 inti1229   2.197e+05 1 inti1229   2.128e-01 3.405e+00  1.918e+05
1.996844e-01   2.193e+05 3 inti1229   2.199e+05 1 inti1229   2.127e-01 3.403e+00  1.920e+05
