# 1  : Date
# 2  : Temps elapsed min (mus)
# 3  : Rang temps elapsed min
# 4  : Noeud temps elapsed min
# 5  : Temps elapsed max (mus)
# 6  : Rang temps elapsed max
# 7  : Noeud temps elapsed max
# 8  : Grind time (mus/maille/cycle)
# 9  : Grind time équivalent séquentiel (#8 X nb_de_coeurs)
#     1     2     3     4      5      6      7       8      9
#   ATTENTION  les temps cpu schémas sont données dans l'ordre alphabétique des schémas WARNING
#  10: TELAPS Hydro (mus)
1.246020e-03   4.540e+04 0 inti1231   4.555e+04 3 inti1231   3.172e-01 5.076e+00  3.618e+04
3.739988e-03   4.884e+04 0 inti1231   4.895e+04 3 inti1231   3.195e-01 5.112e+00  3.917e+04
5.774365e-03   5.042e+04 0 inti1231   5.049e+04 3 inti1231   3.111e-01 4.977e+00  4.055e+04
7.487750e-03   5.247e+04 0 inti1231   5.255e+04 2 inti1231   3.112e-01 4.979e+00  4.234e+04
9.092566e-03   5.405e+04 0 inti1231   5.411e+04 2 inti1231   3.090e-01 4.944e+00  4.360e+04
1.131266e-02   5.616e+04 0 inti1231   5.632e+04 2 inti1231   3.073e-01 4.916e+00  4.558e+04
1.365531e-02   5.887e+04 0 inti1231   5.894e+04 3 inti1231   3.056e-01 4.889e+00  4.815e+04
1.586132e-02   5.864e+04 0 inti1231   5.872e+04 1 inti1231   2.909e-01 4.655e+00  4.740e+04
1.830840e-02   6.197e+04 0 inti1231   6.204e+04 1 inti1231   2.914e-01 4.662e+00  5.028e+04
2.105560e-02   6.463e+04 0 inti1231   6.484e+04 1 inti1231   2.880e-01 4.608e+00  5.292e+04
2.407909e-02   6.451e+04 0 inti1231   6.459e+04 1 inti1231   2.688e-01 4.301e+00  5.264e+04
2.730420e-02   7.176e+04 0 inti1231   7.196e+04 1 inti1231   2.812e-01 4.499e+00  5.970e+04
3.079251e-02   7.007e+04 0 inti1231   7.016e+04 1 inti1231   2.559e-01 4.094e+00  5.762e+04
3.404488e-02   7.365e+04 0 inti1231   7.374e+04 1 inti1231   2.535e-01 4.056e+00  6.088e+04
3.743271e-02   7.795e+04 0 inti1231   7.805e+04 1 inti1231   2.519e-01 4.030e+00  6.414e+04
4.093909e-02   8.122e+04 0 inti1231   8.131e+04 1 inti1231   2.467e-01 3.947e+00  6.698e+04
4.457629e-02   8.482e+04 0 inti1231   8.490e+04 1 inti1231   2.407e-01 3.851e+00  7.030e+04
4.837097e-02   8.894e+04 0 inti1231   8.903e+04 1 inti1231   2.359e-01 3.775e+00  7.388e+04
5.199340e-02   9.560e+04 0 inti1231   9.571e+04 1 inti1231   2.374e-01 3.799e+00  8.018e+04
5.558652e-02   9.791e+04 0 inti1231   9.802e+04 1 inti1231   2.295e-01 3.672e+00  8.182e+04
5.942065e-02   1.050e+05 0 inti1231   1.051e+05 1 inti1231   2.310e-01 3.696e+00  8.809e+04
6.331761e-02   1.072e+05 2 inti1231   1.073e+05 1 inti1231   2.230e-01 3.568e+00  9.051e+04
6.700780e-02   1.117e+05 2 inti1231   1.118e+05 1 inti1231   2.207e-01 3.531e+00  9.434e+04
7.061870e-02   1.146e+05 0 inti1231   1.148e+05 1 inti1231   2.169e-01 3.470e+00  9.702e+04
7.425575e-02   1.190e+05 0 inti1231   1.191e+05 1 inti1231   2.156e-01 3.450e+00  1.008e+05
7.793236e-02   1.234e+05 2 inti1231   1.235e+05 1 inti1231   2.152e-01 3.443e+00  1.050e+05
8.154220e-02   1.281e+05 2 inti1231   1.282e+05 1 inti1231   2.151e-01 3.441e+00  1.089e+05
8.508313e-02   1.324e+05 0 inti1231   1.326e+05 1 inti1231   2.152e-01 3.443e+00  1.129e+05
8.855402e-02   1.372e+05 0 inti1231   1.373e+05 1 inti1231   2.154e-01 3.447e+00  1.173e+05
9.200488e-02   1.387e+05 0 inti1231   1.388e+05 1 inti1231   2.111e-01 3.378e+00  1.189e+05
9.537531e-02   1.436e+05 2 inti1231   1.438e+05 1 inti1231   2.119e-01 3.390e+00  1.234e+05
9.861799e-02   1.464e+05 2 inti1231   1.466e+05 1 inti1231   2.101e-01 3.362e+00  1.261e+05
1.017924e-01   1.496e+05 2 inti1231   1.497e+05 1 inti1231   2.088e-01 3.341e+00  1.286e+05
1.049045e-01   1.536e+05 2 inti1231   1.538e+05 1 inti1231   2.097e-01 3.355e+00  1.323e+05
1.080192e-01   1.586e+05 0 inti1231   1.587e+05 1 inti1231   2.115e-01 3.383e+00  1.367e+05
1.110430e-01   1.638e+05 0 inti1231   1.639e+05 1 inti1231   2.137e-01 3.419e+00  1.421e+05
1.136896e-01   1.660e+05 0 inti1231   1.661e+05 1 inti1231   2.124e-01 3.398e+00  1.436e+05
1.162581e-01   1.681e+05 0 inti1231   1.683e+05 1 inti1231   2.114e-01 3.382e+00  1.457e+05
1.187717e-01   1.719e+05 0 inti1231   1.722e+05 1 inti1231   2.122e-01 3.395e+00  1.493e+05
1.212767e-01   1.750e+05 0 inti1231   1.751e+05 1 inti1231   2.121e-01 3.394e+00  1.517e+05
1.238035e-01   1.767e+05 0 inti1231   1.768e+05 1 inti1231   2.103e-01 3.365e+00  1.537e+05
1.263741e-01   1.808e+05 0 inti1231   1.809e+05 1 inti1231   2.118e-01 3.388e+00  1.574e+05
1.290123e-01   1.840e+05 0 inti1231   1.841e+05 1 inti1231   2.118e-01 3.389e+00  1.604e+05
1.317482e-01   1.875e+05 0 inti1231   1.877e+05 1 inti1231   2.121e-01 3.394e+00  1.631e+05
1.346595e-01   1.949e+05 0 inti1231   1.951e+05 1 inti1231   2.163e-01 3.461e+00  1.692e+05
1.377744e-01   1.967e+05 0 inti1231   1.969e+05 1 inti1231   2.145e-01 3.432e+00  1.712e+05
1.409616e-01   1.989e+05 0 inti1231   1.991e+05 1 inti1231   2.133e-01 3.413e+00  1.731e+05
1.440485e-01   2.049e+05 0 inti1231   2.050e+05 1 inti1231   2.169e-01 3.471e+00  1.789e+05
1.468790e-01   2.055e+05 0 inti1231   2.057e+05 1 inti1231   2.151e-01 3.441e+00  1.790e+05
1.496808e-01   2.114e+05 0 inti1231   2.115e+05 1 inti1231   2.189e-01 3.502e+00  1.842e+05
1.525254e-01   2.125e+05 0 inti1231   2.127e+05 1 inti1231   2.178e-01 3.484e+00  1.855e+05
1.553750e-01   2.141e+05 0 inti1231   2.143e+05 1 inti1231   2.175e-01 3.479e+00  1.869e+05
1.581799e-01   2.162e+05 0 inti1231   2.164e+05 1 inti1231   2.175e-01 3.480e+00  1.887e+05
1.609868e-01   2.170e+05 0 inti1231   2.173e+05 1 inti1231   2.168e-01 3.468e+00  1.893e+05
1.638081e-01   2.177e+05 0 inti1231   2.178e+05 1 inti1231   2.157e-01 3.451e+00  1.903e+05
1.665385e-01   2.190e+05 0 inti1231   2.192e+05 1 inti1231   2.159e-01 3.454e+00  1.915e+05
1.692812e-01   2.234e+05 2 inti1231   2.237e+05 1 inti1231   2.192e-01 3.507e+00  1.953e+05
1.719986e-01   2.297e+05 2 inti1231   2.299e+05 1 inti1231   2.243e-01 3.588e+00  2.010e+05
1.746437e-01   2.280e+05 2 inti1231   2.282e+05 1 inti1231   2.216e-01 3.545e+00  1.997e+05
1.773122e-01   2.297e+05 2 inti1231   2.299e+05 1 inti1231   2.225e-01 3.560e+00  2.014e+05
1.799566e-01   2.292e+05 2 inti1231   2.295e+05 1 inti1231   2.213e-01 3.541e+00  2.008e+05
1.826192e-01   2.301e+05 2 inti1231   2.303e+05 1 inti1231   2.214e-01 3.543e+00  2.013e+05
1.853268e-01   2.303e+05 2 inti1231   2.305e+05 1 inti1231   2.210e-01 3.535e+00  2.015e+05
1.880651e-01   2.307e+05 2 inti1231   2.309e+05 1 inti1231   2.209e-01 3.535e+00  2.022e+05
1.907943e-01   2.319e+05 2 inti1231   2.321e+05 1 inti1231   2.216e-01 3.546e+00  2.033e+05
1.934778e-01   2.322e+05 2 inti1231   2.324e+05 1 inti1231   2.217e-01 3.546e+00  2.034e+05
1.960645e-01   2.318e+05 2 inti1231   2.320e+05 1 inti1231   2.210e-01 3.537e+00  2.032e+05
1.986066e-01   2.326e+05 0 inti1231   2.329e+05 1 inti1231   2.216e-01 3.545e+00  2.039e+05
