#   1 : Date        
# Date        
0.000000e+00
1.807392e-05
3.063775e-05
3.994389e-05
4.696398e-05
5.307616e-05
5.893874e-05
6.538756e-05
7.195757e-05
7.918458e-05
8.713429e-05
9.567609e-05
1.042664e-04
1.137158e-04
1.241101e-04
1.345130e-04
1.447307e-04
1.559701e-04
1.679893e-04
1.796878e-04
1.924202e-04
2.055404e-04
2.185077e-04
2.318901e-04
2.458264e-04
2.596755e-04
2.743191e-04
2.891449e-04
3.043828e-04
3.196963e-04
3.356446e-04
3.517861e-04
3.684829e-04
3.855114e-04
4.029838e-04
4.207710e-04
4.389514e-04
4.575347e-04
4.763626e-04
4.956113e-04
5.152335e-04
5.351047e-04
5.554263e-04
5.760533e-04
5.970174e-04
6.182838e-04
6.399234e-04
6.618733e-04
6.840594e-04
7.066476e-04
7.294829e-04
7.525381e-04
7.759571e-04
7.995716e-04
8.234199e-04
8.476062e-04
8.720560e-04
8.968823e-04
9.219946e-04
9.473617e-04
9.730840e-04
9.990399e-04
1.025278e-03
1.051910e-03
1.078819e-03
1.105929e-03
1.133356e-03
1.161061e-03
1.189065e-03
1.217411e-03
1.246020e-03
1.274873e-03
1.303956e-03
1.333253e-03
1.362890e-03
1.392701e-03
1.422730e-03
1.453159e-03
1.483799e-03
1.514588e-03
1.545737e-03
1.577015e-03
1.608496e-03
1.640312e-03
1.672452e-03
1.704707e-03
1.737346e-03
1.770205e-03
1.803266e-03
1.836667e-03
1.870249e-03
1.903988e-03
1.938058e-03
1.972210e-03
2.006531e-03
2.041220e-03
2.076145e-03
2.111169e-03
2.146567e-03
2.182165e-03
2.217924e-03
2.254048e-03
2.290352e-03
2.326712e-03
2.363336e-03
2.400272e-03
2.437371e-03
2.474842e-03
2.512608e-03
2.550422e-03
2.588393e-03
2.626701e-03
2.665159e-03
2.703857e-03
2.742799e-03
2.781765e-03
2.820761e-03
2.859784e-03
2.898879e-03
2.937959e-03
2.977042e-03
3.016125e-03
3.055242e-03
3.094389e-03
3.133595e-03
3.172852e-03
3.212114e-03
3.251389e-03
3.290692e-03
3.329995e-03
3.369334e-03
3.408709e-03
3.448149e-03
3.487616e-03
3.523745e-03
3.559450e-03
3.596932e-03
3.633139e-03
3.669345e-03
3.704569e-03
3.739988e-03
3.774860e-03
3.808981e-03
3.842745e-03
3.875975e-03
3.904385e-03
3.934713e-03
3.960943e-03
3.989798e-03
4.016884e-03
4.046428e-03
4.076890e-03
4.108608e-03
4.141180e-03
4.174379e-03
4.207716e-03
4.240854e-03
4.274034e-03
4.307216e-03
4.340553e-03
4.373924e-03
4.407071e-03
4.439953e-03
4.472841e-03
4.505757e-03
4.538766e-03
4.571748e-03
4.604896e-03
4.638161e-03
4.671473e-03
4.704795e-03
4.738339e-03
4.771884e-03
4.804709e-03
4.836757e-03
4.867668e-03
4.897642e-03
4.926955e-03
4.955420e-03
4.983360e-03
5.010871e-03
5.037866e-03
5.064612e-03
5.090909e-03
5.117079e-03
5.142765e-03
5.168301e-03
5.193584e-03
5.218690e-03
5.243565e-03
5.268224e-03
5.292808e-03
5.317175e-03
5.341420e-03
5.365417e-03
5.389297e-03
5.413004e-03
5.436571e-03
5.460100e-03
5.483477e-03
5.506788e-03
5.529920e-03
5.552975e-03
5.575902e-03
5.598745e-03
5.621546e-03
5.644254e-03
5.666835e-03
5.689326e-03
5.711738e-03
5.734064e-03
5.756354e-03
5.778587e-03
5.800691e-03
5.822723e-03
5.844632e-03
5.866481e-03
5.888237e-03
5.909942e-03
5.931525e-03
5.953018e-03
5.974405e-03
5.995721e-03
6.016944e-03
6.038144e-03
6.059258e-03
6.080348e-03
6.101390e-03
6.122404e-03
6.143415e-03
6.164391e-03
6.185373e-03
6.206313e-03
6.227239e-03
6.248164e-03
6.269060e-03
6.289968e-03
6.310865e-03
6.331761e-03
6.352550e-03
6.373208e-03
6.393683e-03
6.414000e-03
6.434191e-03
6.454201e-03
6.474080e-03
6.493824e-03
6.513424e-03
6.532923e-03
6.552290e-03
6.571552e-03
6.590728e-03
6.609796e-03
6.628796e-03
6.647707e-03
6.666540e-03
6.685325e-03
6.704036e-03
6.722693e-03
6.741314e-03
6.759923e-03
6.778496e-03
6.797046e-03
6.815571e-03
6.834100e-03
6.852629e-03
6.871179e-03
6.889716e-03
6.908248e-03
6.926759e-03
6.945274e-03
6.963777e-03
6.982286e-03
7.000783e-03
7.019237e-03
7.037619e-03
7.055959e-03
7.074235e-03
7.092479e-03
7.110673e-03
7.128856e-03
7.146983e-03
7.165088e-03
7.183149e-03
7.201220e-03
7.219274e-03
7.237365e-03
7.255460e-03
7.273611e-03
7.291782e-03
7.310022e-03
7.328293e-03
7.346640e-03
7.365027e-03
7.383474e-03
7.401939e-03
7.420456e-03
7.438998e-03
7.457594e-03
7.476220e-03
7.494902e-03
7.513620e-03
7.532398e-03
7.551218e-03
7.570101e-03
7.589032e-03
7.607990e-03
7.626968e-03
7.645984e-03
7.665033e-03
7.684130e-03
7.703271e-03
7.722473e-03
7.741733e-03
7.761045e-03
7.780380e-03
7.799754e-03
7.819168e-03
7.838638e-03
7.858165e-03
7.877763e-03
7.897435e-03
7.917146e-03
7.936893e-03
7.956695e-03
7.976554e-03
7.996486e-03
8.016495e-03
8.036594e-03
8.056730e-03
8.076921e-03
8.097173e-03
8.117502e-03
8.137913e-03
8.158421e-03
8.179001e-03
8.199642e-03
8.220349e-03
8.241141e-03
8.262024e-03
8.283016e-03
8.304106e-03
8.325266e-03
8.346502e-03
8.367833e-03
8.389266e-03
8.410820e-03
8.432495e-03
8.454251e-03
8.476091e-03
8.498037e-03
8.520093e-03
8.542280e-03
8.564600e-03
8.587018e-03
8.609526e-03
8.632147e-03
8.654881e-03
8.677750e-03
8.700754e-03
8.723883e-03
8.747100e-03
8.770431e-03
8.793873e-03
8.817450e-03
8.841159e-03
8.865020e-03
8.888964e-03
8.913018e-03
8.937177e-03
8.961468e-03
8.985883e-03
9.010448e-03
9.035121e-03
9.059898e-03
9.084772e-03
9.109771e-03
9.134886e-03
9.160148e-03
9.185545e-03
9.211040e-03
9.236623e-03
9.262326e-03
9.288138e-03
9.314091e-03
9.340174e-03
9.366387e-03
9.392680e-03
9.419089e-03
9.445602e-03
9.472244e-03
9.499013e-03
9.525917e-03
9.552913e-03
9.580005e-03
9.607205e-03
9.634519e-03
9.661957e-03
9.689525e-03
9.717231e-03
9.745028e-03
9.772928e-03
9.800937e-03
9.829066e-03
9.857319e-03
9.885707e-03
9.914234e-03
9.942860e-03
9.971586e-03
1.000042e-02
1.002938e-02
1.005846e-02
1.008768e-02
1.011703e-02
1.014649e-02
1.017605e-02
1.020571e-02
1.023549e-02
1.026539e-02
1.029542e-02
1.032558e-02
1.035587e-02
1.038624e-02
1.041671e-02
1.044729e-02
1.047798e-02
1.050879e-02
1.053972e-02
1.057075e-02
1.060187e-02
1.063308e-02
1.066438e-02
1.069577e-02
1.072725e-02
1.075883e-02
1.079049e-02
1.082222e-02
1.085402e-02
1.088589e-02
1.091784e-02
1.094987e-02
1.098197e-02
1.101415e-02
1.104642e-02
1.107874e-02
1.111112e-02
1.114356e-02
1.117606e-02
1.120861e-02
1.124124e-02
1.127393e-02
1.130669e-02
1.133952e-02
1.137239e-02
1.140531e-02
1.143827e-02
1.147128e-02
1.150435e-02
1.153747e-02
1.157065e-02
1.160390e-02
1.163718e-02
1.167051e-02
1.170387e-02
1.173727e-02
1.177071e-02
1.180420e-02
1.183774e-02
1.187133e-02
1.190498e-02
1.193865e-02
1.197236e-02
1.200610e-02
1.203987e-02
1.207368e-02
1.210754e-02
1.214144e-02
1.217540e-02
1.220941e-02
1.224344e-02
1.227749e-02
1.231158e-02
1.234571e-02
1.237988e-02
1.241409e-02
1.244836e-02
1.248269e-02
1.251705e-02
1.255144e-02
1.258587e-02
1.262033e-02
1.265485e-02
1.268941e-02
1.272402e-02
1.275871e-02
1.279345e-02
1.282822e-02
1.286303e-02
1.289789e-02
1.293280e-02
1.296778e-02
1.300282e-02
1.303793e-02
1.307312e-02
1.310835e-02
1.314363e-02
1.317896e-02
1.321436e-02
1.324983e-02
1.328537e-02
1.332100e-02
1.335671e-02
1.339248e-02
1.342832e-02
1.346422e-02
1.350019e-02
1.353624e-02
1.357237e-02
1.360859e-02
1.364491e-02
1.368130e-02
1.371776e-02
1.375430e-02
1.379091e-02
1.382761e-02
1.386439e-02
1.390127e-02
1.393823e-02
1.397530e-02
1.401245e-02
1.404967e-02
1.408697e-02
1.412435e-02
1.416181e-02
1.419936e-02
1.423701e-02
1.427474e-02
1.431258e-02
1.435051e-02
1.438852e-02
1.442660e-02
1.446476e-02
1.450299e-02
1.454132e-02
1.457972e-02
1.461823e-02
1.465682e-02
1.469551e-02
1.473430e-02
1.477316e-02
1.481209e-02
1.485109e-02
1.489017e-02
1.492932e-02
1.496856e-02
1.500789e-02
1.504730e-02
1.508681e-02
1.512642e-02
1.516610e-02
1.520585e-02
1.524567e-02
1.528555e-02
1.532551e-02
1.536555e-02
1.540567e-02
1.544587e-02
1.548617e-02
1.552655e-02
1.556704e-02
1.560759e-02
1.564821e-02
1.568890e-02
1.572965e-02
1.577048e-02
1.581139e-02
1.585238e-02
1.589345e-02
1.593462e-02
1.597588e-02
1.601723e-02
1.605866e-02
1.610015e-02
1.614171e-02
1.618334e-02
1.622504e-02
1.626682e-02
1.630867e-02
1.635061e-02
1.639264e-02
1.643475e-02
1.647697e-02
1.651926e-02
1.656162e-02
1.660405e-02
1.664654e-02
1.668910e-02
1.673174e-02
1.677445e-02
1.681724e-02
1.686012e-02
1.690308e-02
1.694614e-02
1.698929e-02
1.703250e-02
1.707578e-02
1.711913e-02
1.716255e-02
1.720604e-02
1.724961e-02
1.729325e-02
1.733698e-02
1.738078e-02
1.742468e-02
1.746866e-02
1.751273e-02
1.755685e-02
1.760104e-02
1.764530e-02
1.768962e-02
1.773401e-02
1.777848e-02
1.782303e-02
1.786766e-02
1.791236e-02
1.795716e-02
1.800204e-02
1.804702e-02
1.809205e-02
1.813714e-02
1.818229e-02
1.822751e-02
1.827279e-02
1.831814e-02
1.836357e-02
1.840907e-02
1.845465e-02
1.850031e-02
1.854606e-02
1.859190e-02
1.863782e-02
1.868379e-02
1.872983e-02
1.877593e-02
1.882210e-02
1.886834e-02
1.891465e-02
1.896104e-02
1.900714e-02
1.905369e-02
1.910031e-02
1.914703e-02
1.919356e-02
1.924043e-02
1.928736e-02
1.933435e-02
1.938141e-02
1.942854e-02
1.947575e-02
1.952303e-02
1.957038e-02
1.961782e-02
1.966533e-02
1.971294e-02
1.976062e-02
1.980834e-02
1.985603e-02
1.990370e-02
1.995136e-02
1.999904e-02
2.004673e-02
2.009446e-02
2.014223e-02
2.019000e-02
2.023778e-02
2.028560e-02
2.033345e-02
2.038137e-02
2.042936e-02
2.047745e-02
2.052563e-02
2.057383e-02
2.062202e-02
2.067021e-02
2.071838e-02
2.076652e-02
2.081465e-02
2.086278e-02
2.091090e-02
2.095904e-02
2.100721e-02
2.105540e-02
2.110365e-02
2.115194e-02
2.120030e-02
2.124873e-02
2.129723e-02
2.134579e-02
2.139440e-02
2.144309e-02
2.149185e-02
2.154069e-02
2.158962e-02
2.163863e-02
2.168773e-02
2.173602e-02
2.178362e-02
2.183072e-02
2.187737e-02
2.192374e-02
2.196994e-02
2.201598e-02
2.206187e-02
2.210770e-02
2.215350e-02
2.219931e-02
2.224513e-02
2.229092e-02
2.233668e-02
2.238245e-02
2.242822e-02
2.247402e-02
2.251986e-02
2.256575e-02
2.261167e-02
2.265763e-02
2.270360e-02
2.274961e-02
2.279567e-02
2.284178e-02
2.288795e-02
2.293420e-02
2.298047e-02
2.302679e-02
2.307316e-02
2.311960e-02
2.316611e-02
2.321271e-02
2.325941e-02
2.330623e-02
2.335316e-02
2.340019e-02
2.344732e-02
2.349457e-02
2.354194e-02
2.358916e-02
2.363619e-02
2.368313e-02
2.373000e-02
2.377700e-02
2.382404e-02
2.387129e-02
2.391853e-02
2.396541e-02
2.401222e-02
2.405909e-02
2.410608e-02
2.415323e-02
2.420059e-02
2.424788e-02
2.429516e-02
2.434248e-02
2.439005e-02
2.443777e-02
2.448554e-02
2.453340e-02
2.458134e-02
2.462944e-02
2.467769e-02
2.472619e-02
2.477486e-02
2.482361e-02
2.487211e-02
2.492044e-02
2.496847e-02
2.501640e-02
2.506421e-02
2.511191e-02
2.515946e-02
2.520731e-02
2.525462e-02
2.530277e-02
2.535124e-02
2.540006e-02
2.544916e-02
2.549912e-02
2.554944e-02
2.559985e-02
2.565046e-02
2.570129e-02
2.575219e-02
2.580316e-02
2.585415e-02
2.590517e-02
2.595622e-02
2.600728e-02
2.605832e-02
2.610935e-02
2.613862e-02
2.616777e-02
2.619653e-02
2.622584e-02
2.625354e-02
2.628142e-02
2.630906e-02
2.633717e-02
2.636489e-02
2.639319e-02
2.642097e-02
2.644905e-02
2.647701e-02
2.650500e-02
2.653281e-02
2.656074e-02
2.658858e-02
2.661662e-02
2.664491e-02
2.667337e-02
2.670285e-02
2.673083e-02
2.675896e-02
2.678748e-02
2.681622e-02
2.684399e-02
2.687174e-02
2.689966e-02
2.692782e-02
2.695637e-02
2.698589e-02
2.701610e-02
2.704570e-02
2.707422e-02
2.710298e-02
2.713195e-02
2.716130e-02
2.719092e-02
2.722089e-02
2.725109e-02
2.728139e-02
2.731167e-02
2.734195e-02
2.737233e-02
2.740288e-02
2.743335e-02
2.746368e-02
2.749386e-02
2.752400e-02
2.755406e-02
2.758416e-02
2.761426e-02
2.764448e-02
2.767490e-02
2.770560e-02
2.773661e-02
2.776802e-02
2.779860e-02
2.782925e-02
2.785990e-02
2.789073e-02
2.792161e-02
2.795274e-02
2.798393e-02
2.801541e-02
2.804695e-02
2.807882e-02
2.811075e-02
2.814307e-02
2.817547e-02
2.820807e-02
2.824053e-02
2.827344e-02
2.830659e-02
2.833984e-02
2.837303e-02
2.840615e-02
2.843910e-02
2.847196e-02
2.850465e-02
2.853725e-02
2.856973e-02
2.860215e-02
2.863447e-02
2.866677e-02
2.869900e-02
2.873124e-02
2.876344e-02
2.879565e-02
2.882786e-02
2.886008e-02
2.889231e-02
2.892456e-02
2.895682e-02
2.898909e-02
2.902138e-02
2.905368e-02
2.908600e-02
2.911833e-02
2.915067e-02
2.918624e-02
2.921862e-02
2.925423e-02
2.928662e-02
2.931964e-02
2.935207e-02
2.938513e-02
2.941760e-02
2.945068e-02
2.948318e-02
2.951600e-02
2.955209e-02
2.958919e-02
2.962179e-02
2.965443e-02
2.968708e-02
2.971976e-02
2.975246e-02
2.978519e-02
2.981794e-02
2.985071e-02
2.988350e-02
2.991631e-02
2.994915e-02
2.998197e-02
3.001482e-02
3.004764e-02
3.008050e-02
3.011334e-02
3.014621e-02
3.017906e-02
3.021193e-02
3.024480e-02
3.027768e-02
3.031056e-02
3.034343e-02
3.037632e-02
3.040920e-02
3.044211e-02
3.047502e-02
3.050796e-02
3.054092e-02
3.057392e-02
3.060695e-02
3.064004e-02
3.067318e-02
3.070639e-02
3.073966e-02
3.077301e-02
3.080641e-02
3.083990e-02
3.087352e-02
3.090727e-02
3.094111e-02
3.097505e-02
3.100904e-02
3.104309e-02
3.107717e-02
3.111149e-02
3.114619e-02
3.118130e-02
3.121664e-02
3.125221e-02
3.128785e-02
3.132350e-02
3.135911e-02
3.139539e-02
3.143272e-02
3.147113e-02
3.151012e-02
3.154946e-02
3.158879e-02
3.162821e-02
3.166754e-02
3.170692e-02
3.174608e-02
3.178512e-02
3.182407e-02
3.186380e-02
3.190356e-02
3.194340e-02
3.198331e-02
3.202327e-02
3.206331e-02
3.210340e-02
3.213709e-02
3.217082e-02
3.220454e-02
3.223829e-02
3.227203e-02
3.230580e-02
3.233956e-02
3.237334e-02
3.240712e-02
3.244092e-02
3.247472e-02
3.250855e-02
3.254238e-02
3.257625e-02
3.261011e-02
3.264402e-02
3.267793e-02
3.271188e-02
3.274584e-02
3.277984e-02
3.281384e-02
3.284788e-02
3.288192e-02
3.291600e-02
3.295008e-02
3.298419e-02
3.301829e-02
3.305242e-02
3.308654e-02
3.312066e-02
3.315475e-02
3.318881e-02
3.322282e-02
3.325680e-02
3.329073e-02
3.332463e-02
3.335849e-02
3.339233e-02
3.342613e-02
3.345991e-02
3.349365e-02
3.352737e-02
3.356108e-02
3.359477e-02
3.362843e-02
3.366210e-02
3.369574e-02
3.372939e-02
3.376302e-02
3.379667e-02
3.383031e-02
3.386396e-02
3.389761e-02
3.393129e-02
3.396496e-02
3.400156e-02
3.403528e-02
3.407194e-02
3.410570e-02
3.414245e-02
3.417626e-02
3.421311e-02
3.424696e-02
3.428393e-02
3.431784e-02
3.435241e-02
3.438638e-02
3.442101e-02
3.445504e-02
3.448973e-02
3.452381e-02
3.455822e-02
3.459608e-02
3.463386e-02
3.467310e-02
3.471113e-02
3.475071e-02
3.478903e-02
3.482901e-02
3.486768e-02
3.490814e-02
3.494720e-02
3.498824e-02
3.502776e-02
3.506562e-02
3.510515e-02
3.514601e-02
3.518858e-02
3.523044e-02
3.527341e-02
3.531631e-02
3.535905e-02
3.540263e-02
3.544586e-02
3.548991e-02
3.553354e-02
3.557827e-02
3.562217e-02
3.566723e-02
3.570164e-02
3.573601e-02
3.577033e-02
3.580457e-02
3.583876e-02
3.587289e-02
3.590700e-02
3.594453e-02
3.598581e-02
3.603122e-02
3.607733e-02
3.612443e-02
3.617097e-02
3.621786e-02
3.626485e-02
3.631128e-02
3.635837e-02
3.640431e-02
3.645100e-02
3.649654e-02
3.654287e-02
3.658803e-02
3.663403e-02
3.667884e-02
3.672452e-02
3.676899e-02
3.681437e-02
3.685851e-02
3.690359e-02
3.694742e-02
3.699222e-02
3.703465e-02
3.707916e-02
3.712148e-02
3.716175e-02
3.720375e-02
3.724413e-02
3.728600e-02
3.732649e-02
3.736825e-02
3.740883e-02
3.745050e-02
3.749118e-02
3.753275e-02
3.757352e-02
3.761501e-02
3.765457e-02
3.769558e-02
3.773652e-02
3.777738e-02
3.781839e-02
3.785929e-02
3.789991e-02
3.794051e-02
3.798161e-02
3.802192e-02
3.806290e-02
3.810291e-02
3.814232e-02
3.818204e-02
3.822146e-02
3.826091e-02
3.830057e-02
3.833988e-02
3.837980e-02
3.841902e-02
3.845884e-02
3.849799e-02
3.853773e-02
3.857681e-02
3.861647e-02
3.865548e-02
3.869506e-02
3.873401e-02
3.877350e-02
3.881235e-02
3.885182e-02
3.889074e-02
3.893024e-02
3.896912e-02
3.900864e-02
3.904763e-02
3.908720e-02
3.912619e-02
3.916575e-02
3.920469e-02
3.924427e-02
3.928333e-02
3.932298e-02
3.936206e-02
3.940172e-02
3.944080e-02
3.948045e-02
3.951952e-02
3.955917e-02
3.959823e-02
3.963788e-02
3.967695e-02
3.971661e-02
3.975570e-02
3.979538e-02
3.983450e-02
3.987422e-02
3.991339e-02
3.995316e-02
3.999238e-02
4.003222e-02
4.007152e-02
4.011144e-02
4.015083e-02
4.019086e-02
4.023036e-02
4.027052e-02
4.031015e-02
4.035046e-02
4.039025e-02
4.043075e-02
4.047072e-02
4.051132e-02
4.055133e-02
4.059194e-02
4.063196e-02
4.067267e-02
4.071283e-02
4.075365e-02
4.079388e-02
4.083474e-02
4.087501e-02
4.091591e-02
4.095621e-02
4.099714e-02
4.103749e-02
4.107846e-02
4.111886e-02
4.115988e-02
4.120033e-02
4.124140e-02
4.128192e-02
4.132306e-02
4.136365e-02
4.140486e-02
4.144552e-02
4.148682e-02
4.152756e-02
4.156895e-02
4.160979e-02
4.165127e-02
4.169221e-02
4.173380e-02
4.177486e-02
4.181657e-02
4.185774e-02
4.189957e-02
4.194087e-02
4.198285e-02
4.202429e-02
4.206642e-02
4.210801e-02
4.215030e-02
4.219205e-02
4.223452e-02
4.227644e-02
4.231909e-02
4.236119e-02
4.240405e-02
4.244599e-02
4.248873e-02
4.253124e-02
4.257453e-02
4.261725e-02
4.266078e-02
4.270373e-02
4.274751e-02
4.279071e-02
4.283476e-02
4.287822e-02
4.292255e-02
4.296629e-02
4.301093e-02
4.305496e-02
4.309993e-02
4.314426e-02
4.318956e-02
4.323422e-02
4.327114e-02
4.330816e-02
4.334525e-02
4.338605e-02
4.343093e-02
4.347656e-02
4.351359e-02
4.355067e-02
4.358768e-02
4.362457e-02
4.366140e-02
4.369811e-02
4.373480e-02
4.377138e-02
4.380803e-02
4.384457e-02
4.388122e-02
4.391779e-02
4.395450e-02
4.399112e-02
4.402789e-02
4.406459e-02
4.410145e-02
4.413833e-02
4.417535e-02
4.421260e-02
4.424999e-02
4.428778e-02
4.432568e-02
4.436415e-02
4.440056e-02
4.443702e-02
4.447346e-02
4.450992e-02
4.454639e-02
4.458288e-02
4.461938e-02
4.465589e-02
4.469243e-02
4.472898e-02
4.476558e-02
4.480219e-02
4.483886e-02
4.487553e-02
4.491226e-02
4.494900e-02
4.498580e-02
4.502262e-02
4.505948e-02
4.509638e-02
4.513331e-02
4.517031e-02
4.520734e-02
4.524458e-02
4.528184e-02
4.531946e-02
4.535708e-02
4.539500e-02
4.543297e-02
4.547093e-02
4.550893e-02
4.554694e-02
4.558499e-02
4.562304e-02
4.566114e-02
4.569808e-02
4.573624e-02
4.577327e-02
4.581035e-02
4.584747e-02
4.588465e-02
4.592186e-02
4.595915e-02
4.599645e-02
4.603383e-02
4.607122e-02
4.610870e-02
4.614618e-02
4.618375e-02
4.622132e-02
4.625897e-02
4.629663e-02
4.633435e-02
4.637209e-02
4.640987e-02
4.644768e-02
4.648549e-02
4.652335e-02
4.656117e-02
4.659902e-02
4.663676e-02
4.667453e-02
4.671214e-02
4.674982e-02
4.678711e-02
4.682455e-02
4.686189e-02
4.689948e-02
4.693717e-02
4.697518e-02
4.701300e-02
4.705135e-02
4.708937e-02
4.712750e-02
4.716579e-02
4.720403e-02
4.724259e-02
4.728094e-02
4.731963e-02
4.735884e-02
4.739766e-02
4.743700e-02
4.747591e-02
4.751474e-02
4.755369e-02
4.759249e-02
4.763147e-02
4.767062e-02
4.770951e-02
4.774830e-02
4.778679e-02
4.782572e-02
4.786414e-02
4.790303e-02
4.794132e-02
4.798013e-02
4.801830e-02
4.805704e-02
4.809508e-02
4.813263e-02
4.817047e-02
4.820829e-02
4.824613e-02
4.828443e-02
4.832233e-02
4.836080e-02
4.839887e-02
4.843752e-02
4.847582e-02
4.851468e-02
4.855320e-02
4.859213e-02
4.863085e-02
4.866960e-02
4.870852e-02
4.874733e-02
4.878611e-02
4.882483e-02
4.886370e-02
4.890131e-02
4.893905e-02
4.897677e-02
4.901465e-02
4.905250e-02
4.909054e-02
4.912854e-02
4.916674e-02
4.920490e-02
4.924302e-02
4.928135e-02
4.931933e-02
4.935773e-02
4.939557e-02
4.943387e-02
4.947161e-02
4.950983e-02
4.954757e-02
4.958582e-02
4.962366e-02
4.966202e-02
4.970000e-02
4.973811e-02
4.977546e-02
4.981327e-02
4.985090e-02
4.988903e-02
4.992643e-02
4.996415e-02
5.000144e-02
5.003909e-02
5.007629e-02
5.011388e-02
5.015102e-02
5.018858e-02
5.022573e-02
5.026332e-02
5.030054e-02
5.033822e-02
5.037554e-02
5.041299e-02
5.045051e-02
5.048810e-02
5.052591e-02
5.056295e-02
5.059957e-02
5.063647e-02
5.067293e-02
5.070969e-02
5.074603e-02
5.078268e-02
5.081906e-02
5.085583e-02
5.089237e-02
5.092933e-02
5.096605e-02
5.100284e-02
5.103983e-02
5.107684e-02
5.111425e-02
5.115161e-02
5.118750e-02
5.122366e-02
5.125944e-02
5.129548e-02
5.133122e-02
5.136731e-02
5.140325e-02
5.143934e-02
5.147562e-02
5.151194e-02
5.154863e-02
5.158526e-02
5.162246e-02
5.165850e-02
5.169418e-02
5.173021e-02
5.176588e-02
5.180195e-02
5.183776e-02
5.187401e-02
5.191004e-02
5.194654e-02
5.198285e-02
5.201917e-02
5.205577e-02
5.209189e-02
5.212764e-02
5.216380e-02
5.219951e-02
5.223567e-02
5.227138e-02
5.230757e-02
5.234331e-02
5.237957e-02
5.241546e-02
5.245139e-02
5.248702e-02
5.252295e-02
5.255852e-02
5.259450e-02
5.263005e-02
5.266611e-02
5.270168e-02
5.273782e-02
5.277343e-02
5.280958e-02
5.284524e-02
5.288108e-02
5.291663e-02
5.295242e-02
5.298787e-02
5.302370e-02
5.305911e-02
5.309501e-02
5.313043e-02
5.316640e-02
5.320187e-02
5.323788e-02
5.327346e-02
5.330958e-02
5.334505e-02
5.338078e-02
5.341620e-02
5.345197e-02
5.348736e-02
5.352321e-02
5.355861e-02
5.359452e-02
5.362998e-02
5.366597e-02
5.370157e-02
5.373771e-02
5.377322e-02
5.380898e-02
5.384446e-02
5.388029e-02
5.391576e-02
5.395168e-02
5.398717e-02
5.402317e-02
5.405873e-02
5.409482e-02
5.413050e-02
5.416674e-02
5.420236e-02
5.423823e-02
5.427381e-02
5.430974e-02
5.434533e-02
5.438136e-02
5.441697e-02
5.445310e-02
5.448877e-02
5.452498e-02
5.456077e-02
5.459711e-02
5.463284e-02
5.466882e-02
5.470451e-02
5.474055e-02
5.477624e-02
5.481238e-02
5.484810e-02
5.488435e-02
5.492016e-02
5.495435e-02
5.498862e-02
5.502291e-02
5.505742e-02
5.509206e-02
5.512691e-02
5.516192e-02
5.519705e-02
5.523246e-02
5.526813e-02
5.530138e-02
5.533464e-02
5.536784e-02
5.540072e-02
5.543351e-02
5.546653e-02
5.549980e-02
5.553343e-02
5.556745e-02
5.560172e-02
5.563642e-02
5.567143e-02
5.570701e-02
5.574287e-02
5.577574e-02
5.580835e-02
5.584092e-02
5.587372e-02
5.590678e-02
5.594015e-02
5.597392e-02
5.600782e-02
5.604214e-02
5.607662e-02
5.611164e-02
5.614679e-02
5.618259e-02
5.621845e-02
5.625488e-02
5.629097e-02
5.632754e-02
5.636380e-02
5.639999e-02
5.643605e-02
5.646993e-02
5.650375e-02
5.653797e-02
5.657218e-02
5.660690e-02
5.664158e-02
5.667680e-02
5.671200e-02
5.674788e-02
5.678381e-02
5.682043e-02
5.685684e-02
5.689378e-02
5.693044e-02
5.696725e-02
5.700419e-02
5.704075e-02
5.707701e-02
5.711353e-02
5.714973e-02
5.718621e-02
5.722237e-02
5.725878e-02
5.729494e-02
5.733113e-02
5.736740e-02
5.740340e-02
5.743956e-02
5.747556e-02
5.751170e-02
5.754780e-02
5.758400e-02
5.762024e-02
5.765650e-02
5.769209e-02
5.772779e-02
5.776366e-02
5.779932e-02
5.783523e-02
5.787112e-02
5.790721e-02
5.794312e-02
5.797938e-02
5.801536e-02
5.805178e-02
5.808811e-02
5.812344e-02
5.815871e-02
5.819411e-02
5.822951e-02
5.826511e-02
5.830077e-02
5.833671e-02
5.837328e-02
5.840821e-02
5.844300e-02
5.847776e-02
5.851258e-02
5.854749e-02
5.858256e-02
5.861782e-02
5.865328e-02
5.868902e-02
5.872501e-02
5.875974e-02
5.879416e-02
5.882842e-02
5.886284e-02
5.889739e-02
5.893213e-02
5.896711e-02
5.900238e-02
5.903670e-02
5.907108e-02
5.910536e-02
5.913938e-02
5.917330e-02
5.920747e-02
5.924189e-02
5.927663e-02
5.931064e-02
5.934471e-02
5.937870e-02
5.941280e-02
5.944685e-02
5.948066e-02
5.951446e-02
5.954860e-02
5.958312e-02
5.961806e-02
5.965180e-02
5.968565e-02
5.971946e-02
5.975303e-02
5.978661e-02
5.982051e-02
5.985479e-02
5.988948e-02
5.992312e-02
5.995689e-02
5.999060e-02
6.002409e-02
6.005757e-02
6.009133e-02
6.012544e-02
6.015999e-02
6.019364e-02
6.022741e-02
6.026114e-02
6.029469e-02
6.032820e-02
6.036202e-02
6.039614e-02
6.043064e-02
6.046448e-02
6.049842e-02
6.053231e-02
6.056632e-02
6.060030e-02
6.063407e-02
6.066786e-02
6.070195e-02
6.073646e-02
6.077144e-02
6.080542e-02
6.083953e-02
6.087359e-02
6.090743e-02
6.094128e-02
6.097541e-02
6.100993e-02
6.104489e-02
6.107911e-02
6.111344e-02
6.114773e-02
6.118182e-02
6.121588e-02
6.125026e-02
6.128495e-02
6.132002e-02
6.135458e-02
6.138923e-02
6.142382e-02
6.145820e-02
6.149251e-02
6.152711e-02
6.156199e-02
6.159720e-02
6.163286e-02
6.166893e-02
6.170385e-02
6.173889e-02
6.177388e-02
6.180865e-02
6.184344e-02
6.187851e-02
6.191399e-02
6.194994e-02
6.198505e-02
6.202028e-02
6.205548e-02
6.209046e-02
6.212546e-02
6.216074e-02
6.219642e-02
6.223256e-02
6.226797e-02
6.230350e-02
6.233900e-02
6.237429e-02
6.240960e-02
6.244518e-02
6.248114e-02
6.251755e-02
6.255324e-02
6.258905e-02
6.262485e-02
6.266047e-02
6.269610e-02
6.273205e-02
6.276835e-02
6.280503e-02
6.284105e-02
6.287718e-02
6.291329e-02
6.294921e-02
6.298512e-02
6.302135e-02
6.305790e-02
6.309482e-02
6.313112e-02
6.316753e-02
6.320391e-02
6.324046e-02
6.327702e-02
6.331340e-02
6.334985e-02
6.338663e-02
6.342390e-02
6.346168e-02
6.349821e-02
6.353491e-02
6.357163e-02
6.360818e-02
6.364482e-02
6.368180e-02
6.371926e-02
6.375724e-02
6.379396e-02
6.383087e-02
6.386780e-02
6.390457e-02
6.394144e-02
6.397863e-02
6.401629e-02
6.405445e-02
6.409139e-02
6.412850e-02
6.416564e-02
6.420262e-02
6.423969e-02
6.427707e-02
6.431491e-02
6.435323e-02
6.439035e-02
6.442764e-02
6.446496e-02
6.450212e-02
6.453936e-02
6.457689e-02
6.461486e-02
6.465330e-02
6.469055e-02
6.472798e-02
6.476543e-02
6.480276e-02
6.484014e-02
6.487788e-02
6.491602e-02
6.495455e-02
6.499196e-02
6.502953e-02
6.506711e-02
6.510455e-02
6.514202e-02
6.517982e-02
6.521800e-02
6.525654e-02
6.529406e-02
6.533172e-02
6.536939e-02
6.540725e-02
6.544516e-02
6.548291e-02
6.552076e-02
6.555894e-02
6.559763e-02
6.563683e-02
6.567447e-02
6.571230e-02
6.575018e-02
6.578792e-02
6.582576e-02
6.586393e-02
6.590258e-02
6.594172e-02
6.597942e-02
6.601730e-02
6.605524e-02
6.609307e-02
6.613096e-02
6.616922e-02
6.620790e-02
6.624696e-02
6.628480e-02
6.632280e-02
6.636083e-02
6.639907e-02
6.643739e-02
6.647553e-02
6.651375e-02
6.655230e-02
6.659131e-02
6.663079e-02
6.666882e-02
6.670703e-02
6.674530e-02
6.678341e-02
6.682152e-02
6.685997e-02
6.689874e-02
6.693783e-02
6.697732e-02
6.701717e-02
6.705558e-02
6.709415e-02
6.713278e-02
6.717157e-02
6.721041e-02
6.724894e-02
6.728739e-02
6.732609e-02
6.736502e-02
6.740420e-02
6.744364e-02
6.748336e-02
6.752336e-02
6.756357e-02
6.760404e-02
6.764466e-02
6.768522e-02
6.772620e-02
6.776536e-02
6.780416e-02
6.784279e-02
6.788158e-02
6.792049e-02
6.795968e-02
6.799907e-02
6.803857e-02
6.807819e-02
6.811803e-02
6.815807e-02
6.819815e-02
6.823837e-02
6.827868e-02
6.831921e-02
6.835982e-02
6.840067e-02
6.844159e-02
6.848091e-02
6.851980e-02
6.855844e-02
6.859718e-02
6.863600e-02
6.867508e-02
6.871435e-02
6.875373e-02
6.879324e-02
6.883301e-02
6.887299e-02
6.891305e-02
6.895328e-02
6.899362e-02
6.903419e-02
6.907486e-02
6.911579e-02
6.915681e-02
6.919614e-02
6.923552e-02
6.927489e-02
6.931387e-02
6.935266e-02
6.939163e-02
6.943075e-02
6.947018e-02
6.950982e-02
6.954959e-02
6.958950e-02
6.962961e-02
6.966995e-02
6.971046e-02
6.975121e-02
6.979184e-02
6.983207e-02
6.987210e-02
6.991149e-02
6.995095e-02
6.999040e-02
7.002947e-02
7.006836e-02
7.010748e-02
7.014674e-02
7.018594e-02
7.022500e-02
7.026402e-02
7.030293e-02
7.034181e-02
7.038062e-02
7.041941e-02
7.045813e-02
7.049684e-02
7.053550e-02
7.057414e-02
7.061273e-02
7.065130e-02
7.068983e-02
7.072891e-02
7.076737e-02
7.080653e-02
7.084493e-02
7.088430e-02
7.092263e-02
7.096179e-02
7.100008e-02
7.103914e-02
7.107805e-02
7.111690e-02
7.115559e-02
7.119424e-02
7.123275e-02
7.127121e-02
7.130955e-02
7.134786e-02
7.138606e-02
7.142424e-02
7.146231e-02
7.150214e-02
7.154224e-02
7.158259e-02
7.162330e-02
7.166424e-02
7.170319e-02
7.174223e-02
7.178125e-02
7.181993e-02
7.185847e-02
7.189724e-02
7.193621e-02
7.197552e-02
7.201511e-02
7.205486e-02
7.209488e-02
7.213514e-02
7.217375e-02
7.221245e-02
7.225113e-02
7.228990e-02
7.232865e-02
7.236704e-02
7.240534e-02
7.244387e-02
7.248266e-02
7.252163e-02
7.256030e-02
7.259884e-02
7.263715e-02
7.267539e-02
7.271345e-02
7.275150e-02
7.278942e-02
7.282734e-02
7.286518e-02
7.290304e-02
7.294083e-02
7.297967e-02
7.301744e-02
7.305682e-02
7.309653e-02
7.313653e-02
7.317454e-02
7.321267e-02
7.325079e-02
7.328861e-02
7.332634e-02
7.336434e-02
7.340260e-02
7.344116e-02
7.348006e-02
7.351932e-02
7.355698e-02
7.359477e-02
7.363257e-02
7.367050e-02
7.370845e-02
7.374613e-02
7.378375e-02
7.382165e-02
7.385985e-02
7.389837e-02
7.393679e-02
7.397518e-02
7.401268e-02
7.405032e-02
7.408798e-02
7.412580e-02
7.416365e-02
7.420123e-02
7.423879e-02
7.427661e-02
7.431478e-02
7.435335e-02
7.439243e-02
7.443192e-02
7.446932e-02
7.450689e-02
7.454451e-02
7.458191e-02
7.461928e-02
7.465696e-02
7.469495e-02
7.473326e-02
7.477197e-02
7.481105e-02
7.484834e-02
7.488579e-02
7.492326e-02
7.496090e-02
7.499859e-02
7.503602e-02
7.507346e-02
7.511116e-02
7.514920e-02
7.518760e-02
7.522591e-02
7.526526e-02
7.530252e-02
7.533995e-02
7.537743e-02
7.541470e-02
7.545195e-02
7.548949e-02
7.552734e-02
7.556549e-02
7.560404e-02
7.564293e-02
7.568010e-02
7.571742e-02
7.575477e-02
7.579228e-02
7.582983e-02
7.586712e-02
7.590439e-02
7.594189e-02
7.597971e-02
7.601790e-02
7.605627e-02
7.609463e-02
7.613174e-02
7.616901e-02
7.620632e-02
7.624379e-02
7.628131e-02
7.631855e-02
7.635580e-02
7.639328e-02
7.643110e-02
7.646930e-02
7.650799e-02
7.654703e-02
7.658409e-02
7.662131e-02
7.665857e-02
7.669561e-02
7.673262e-02
7.676991e-02
7.680749e-02
7.684536e-02
7.688361e-02
7.692194e-02
7.695887e-02
7.699595e-02
7.703304e-02
7.707029e-02
7.710757e-02
7.714460e-02
7.718163e-02
7.721892e-02
7.725655e-02
7.729456e-02
7.733123e-02
7.736805e-02
7.740488e-02
7.744188e-02
7.747893e-02
7.751580e-02
7.755269e-02
7.758991e-02
7.762750e-02
7.766544e-02
7.770200e-02
7.773871e-02
7.777543e-02
7.781232e-02
7.784926e-02
7.788604e-02
7.792289e-02
7.796009e-02
7.799771e-02
7.803571e-02
7.807217e-02
7.810879e-02
7.814543e-02
7.818227e-02
7.821919e-02
7.825597e-02
7.829289e-02
7.833015e-02
7.836795e-02
7.840628e-02
7.844266e-02
7.847924e-02
7.851590e-02
7.855245e-02
7.858915e-02
7.862619e-02
7.866376e-02
7.870185e-02
7.873811e-02
7.877459e-02
7.881114e-02
7.884763e-02
7.888425e-02
7.892127e-02
7.895867e-02
7.899623e-02
7.903248e-02
7.906893e-02
7.910543e-02
7.914186e-02
7.917841e-02
7.921537e-02
7.925279e-02
7.929066e-02
7.932688e-02
7.936330e-02
7.939978e-02
7.943619e-02
7.947272e-02
7.950965e-02
7.954695e-02
7.958444e-02
7.962066e-02
7.965707e-02
7.969355e-02
7.972997e-02
7.976652e-02
7.980343e-02
7.984085e-02
7.987880e-02
7.991501e-02
7.995144e-02
7.998795e-02
8.002443e-02
8.006106e-02
8.009807e-02
8.013552e-02
8.017320e-02
8.020945e-02
8.024593e-02
8.028249e-02
8.031903e-02
8.035575e-02
8.039287e-02
8.043057e-02
8.046884e-02
8.050513e-02
8.054167e-02
8.057830e-02
8.061493e-02
8.065175e-02
8.068901e-02
8.072516e-02
8.076147e-02
8.079780e-02
8.083439e-02
8.087108e-02
8.090774e-02
8.094464e-02
8.098196e-02
8.101812e-02
8.105444e-02
8.109080e-02
8.112713e-02
8.116360e-02
8.120045e-02
8.123781e-02
8.127565e-02
8.131188e-02
8.134834e-02
8.138488e-02
8.142142e-02
8.145814e-02
8.149526e-02
8.153294e-02
8.157096e-02
8.160729e-02
8.164387e-02
8.168053e-02
8.171717e-02
8.175402e-02
8.179128e-02
8.182745e-02
8.186378e-02
8.190013e-02
8.193646e-02
8.197292e-02
8.200975e-02
8.204707e-02
8.208493e-02
8.212117e-02
8.215763e-02
8.219419e-02
8.223074e-02
8.226747e-02
8.230459e-02
8.234227e-02
8.238052e-02
8.241688e-02
8.245348e-02
8.249018e-02
8.252685e-02
8.256374e-02
8.260102e-02
8.263725e-02
8.267362e-02
8.271003e-02
8.274641e-02
8.278292e-02
8.281978e-02
8.285713e-02
8.289500e-02
8.293131e-02
8.296784e-02
8.300446e-02
8.304106e-02
8.307781e-02
8.311495e-02
8.315261e-02
8.319054e-02
8.322698e-02
8.326365e-02
8.330041e-02
8.333714e-02
8.337404e-02
8.341134e-02
8.344920e-02
8.348762e-02
8.352414e-02
8.356091e-02
8.359777e-02
8.363457e-02
8.367158e-02
8.370897e-02
8.374688e-02
8.378499e-02
8.382156e-02
8.385839e-02
8.389531e-02
8.393220e-02
8.396931e-02
8.400683e-02
8.404327e-02
8.407987e-02
8.411649e-02
8.415337e-02
8.419036e-02
8.422732e-02
8.426451e-02
8.430213e-02
8.433861e-02
8.437525e-02
8.441192e-02
8.444855e-02
8.448532e-02
8.452246e-02
8.456010e-02
8.459828e-02
8.463482e-02
8.467158e-02
8.470841e-02
8.474523e-02
8.478221e-02
8.481957e-02
8.485748e-02
8.489573e-02
8.493386e-02
8.497076e-02
8.500936e-02
8.504633e-02
8.508366e-02
8.512127e-02
8.515913e-02
8.519794e-02
8.523602e-02
8.527437e-02
8.531288e-02
8.535121e-02
8.538968e-02
8.542798e-02
8.546620e-02
8.550468e-02
8.554343e-02
8.558248e-02
8.562175e-02
8.566088e-02
8.569990e-02
8.573916e-02
8.577760e-02
8.581619e-02
8.585480e-02
8.589312e-02
8.593136e-02
8.596987e-02
8.600864e-02
8.604779e-02
8.608730e-02
8.612700e-02
8.616706e-02
8.620740e-02
8.624594e-02
8.628461e-02
8.632329e-02
8.636210e-02
8.640094e-02
8.643946e-02
8.647794e-02
8.651670e-02
8.655579e-02
8.659520e-02
8.663501e-02
8.667518e-02
8.671374e-02
8.675245e-02
8.679119e-02
8.683008e-02
8.686901e-02
8.690765e-02
8.694623e-02
8.698509e-02
8.702423e-02
8.706377e-02
8.710366e-02
8.714377e-02
8.718423e-02
8.722496e-02
8.726388e-02
8.730292e-02
8.734199e-02
8.738118e-02
8.742040e-02
8.745928e-02
8.749808e-02
8.753716e-02
8.757654e-02
8.761621e-02
8.765623e-02
8.769659e-02
8.773736e-02
8.777840e-02
8.781755e-02
8.785683e-02
8.789613e-02
8.793501e-02
8.797370e-02
8.801262e-02
8.805173e-02
8.809121e-02
8.813099e-02
8.817096e-02
8.821118e-02
8.825163e-02
8.829240e-02
8.833337e-02
8.837273e-02
8.841218e-02
8.845164e-02
8.849118e-02
8.853071e-02
8.856984e-02
8.860882e-02
8.864802e-02
8.868743e-02
8.872717e-02
8.876719e-02
8.880735e-02
8.884772e-02
8.888828e-02
8.892914e-02
8.897018e-02
8.900965e-02
8.904920e-02
8.908873e-02
8.912789e-02
8.916687e-02
8.920604e-02
8.924535e-02
8.928495e-02
8.932477e-02
8.936469e-02
8.940476e-02
8.944501e-02
8.948548e-02
8.952611e-02
8.956700e-02
8.960805e-02
8.964755e-02
8.968711e-02
8.972662e-02
8.976573e-02
8.980464e-02
8.984375e-02
8.988299e-02
8.992254e-02
8.996231e-02
9.000220e-02
9.004226e-02
9.008251e-02
9.012302e-02
9.016371e-02
9.020471e-02
9.024587e-02
9.028529e-02
9.032477e-02
9.036422e-02
9.040325e-02
9.044212e-02
9.048118e-02
9.052043e-02
9.056001e-02
9.059985e-02
9.063983e-02
9.068004e-02
9.072047e-02
9.076121e-02
9.080218e-02
9.084151e-02
9.088091e-02
9.092029e-02
9.095929e-02
9.099813e-02
9.103719e-02
9.107644e-02
9.111602e-02
9.115586e-02
9.119587e-02
9.123610e-02
9.127656e-02
9.131734e-02
9.135836e-02
9.139772e-02
9.143717e-02
9.147660e-02
9.151566e-02
9.155456e-02
9.159369e-02
9.163302e-02
9.167269e-02
9.171264e-02
9.175276e-02
9.179311e-02
9.183371e-02
9.187465e-02
9.191584e-02
9.195527e-02
9.199480e-02
9.203431e-02
9.207346e-02
9.211246e-02
9.215171e-02
9.219116e-02
9.223097e-02
9.227108e-02
9.231136e-02
9.235190e-02
9.239268e-02
9.243383e-02
9.247522e-02
9.251477e-02
9.255442e-02
9.259407e-02
9.263334e-02
9.267247e-02
9.271184e-02
9.275142e-02
9.279137e-02
9.283161e-02
9.287202e-02
9.291267e-02
9.295357e-02
9.299482e-02
9.303631e-02
9.307600e-02
9.311579e-02
9.315557e-02
9.319498e-02
9.323424e-02
9.327374e-02
9.331345e-02
9.335351e-02
9.339387e-02
9.343440e-02
9.347517e-02
9.351620e-02
9.355756e-02
9.359914e-02
9.363914e-02
9.367924e-02
9.371938e-02
9.375900e-02
9.379835e-02
9.383789e-02
9.387756e-02
9.391756e-02
9.395776e-02
9.399824e-02
9.403889e-02
9.407940e-02
9.411986e-02
9.416048e-02
9.420110e-02
9.424175e-02
9.428231e-02
9.432289e-02
9.436346e-02
9.440407e-02
9.444465e-02
9.448523e-02
9.452579e-02
9.456642e-02
9.460705e-02
9.464776e-02
9.468851e-02
9.472930e-02
9.477006e-02
9.481078e-02
9.485149e-02
9.489230e-02
9.493313e-02
9.497404e-02
9.501493e-02
9.505574e-02
9.509655e-02
9.513745e-02
9.517838e-02
9.521937e-02
9.526035e-02
9.530126e-02
9.534216e-02
9.538316e-02
9.542418e-02
9.546527e-02
9.550632e-02
9.554732e-02
9.558830e-02
9.562937e-02
9.567047e-02
9.571163e-02
9.575275e-02
9.579386e-02
9.583495e-02
9.587610e-02
9.591726e-02
9.595841e-02
9.599953e-02
9.604065e-02
9.608175e-02
9.612291e-02
9.616409e-02
9.620529e-02
9.624646e-02
9.628761e-02
9.632876e-02
9.636996e-02
9.641118e-02
9.645239e-02
9.649360e-02
9.653486e-02
9.657614e-02
9.661739e-02
9.665865e-02
9.669997e-02
9.674129e-02
9.678260e-02
9.682392e-02
9.686530e-02
9.690668e-02
9.694806e-02
9.698944e-02
9.703083e-02
9.707227e-02
9.711371e-02
9.715520e-02
9.719667e-02
9.723819e-02
9.727968e-02
9.732121e-02
9.736272e-02
9.740427e-02
9.744579e-02
9.748736e-02
9.752891e-02
9.757050e-02
9.761206e-02
9.765366e-02
9.769524e-02
9.773687e-02
9.777846e-02
9.782011e-02
9.786172e-02
9.790339e-02
9.794501e-02
9.798669e-02
9.802834e-02
9.807003e-02
9.811170e-02
9.815331e-02
9.819504e-02
9.823689e-02
9.827883e-02
9.832086e-02
9.836300e-02
9.840526e-02
9.844759e-02
9.848999e-02
9.853247e-02
9.857506e-02
9.861771e-02
9.866041e-02
9.870321e-02
9.874614e-02
9.878916e-02
9.883225e-02
9.887556e-02
9.891902e-02
9.896262e-02
9.900631e-02
9.905035e-02
9.909460e-02
9.913904e-02
9.918360e-02
9.922845e-02
9.927375e-02
9.931931e-02
9.936493e-02
9.941105e-02
9.945288e-02
9.949481e-02
9.953685e-02
9.958308e-02
9.963055e-02
9.967882e-02
9.972074e-02
9.976280e-02
9.980493e-02
9.984723e-02
9.988962e-02
9.993213e-02
9.997467e-02
1.000170e-01
1.000592e-01
1.001014e-01
1.001437e-01
1.001862e-01
1.002287e-01
1.002713e-01
1.003139e-01
1.003564e-01
1.003990e-01
1.004413e-01
1.004835e-01
1.005258e-01
1.005681e-01
1.006106e-01
1.006532e-01
1.006959e-01
1.007385e-01
1.007811e-01
1.008237e-01
1.008663e-01
1.009087e-01
1.009512e-01
1.009938e-01
1.010365e-01
1.010792e-01
1.011218e-01
1.011645e-01
1.012072e-01
1.012498e-01
1.012925e-01
1.013352e-01
1.013779e-01
1.014205e-01
1.014632e-01
1.015059e-01
1.015485e-01
1.015912e-01
1.016338e-01
1.016764e-01
1.017191e-01
1.017617e-01
1.018043e-01
1.018469e-01
1.018895e-01
1.019321e-01
1.019746e-01
1.020172e-01
1.020597e-01
1.021023e-01
1.021448e-01
1.021873e-01
1.022298e-01
1.022724e-01
1.023149e-01
1.023574e-01
1.023999e-01
1.024424e-01
1.024849e-01
1.025274e-01
1.025699e-01
1.026124e-01
1.026549e-01
1.026974e-01
1.027399e-01
1.027825e-01
1.028250e-01
1.028675e-01
1.029100e-01
1.029526e-01
1.029992e-01
1.030418e-01
1.030843e-01
1.031269e-01
1.031737e-01
1.032163e-01
1.032589e-01
1.033015e-01
1.033484e-01
1.033910e-01
1.034378e-01
1.034805e-01
1.035267e-01
1.035693e-01
1.036156e-01
1.036583e-01
1.037046e-01
1.037473e-01
1.037929e-01
1.038356e-01
1.038811e-01
1.039278e-01
1.039741e-01
1.040221e-01
1.040696e-01
1.041169e-01
1.041639e-01
1.042107e-01
1.042575e-01
1.043045e-01
1.043514e-01
1.043976e-01
1.044435e-01
1.044891e-01
1.045348e-01
1.045807e-01
1.046268e-01
1.046731e-01
1.047183e-01
1.047642e-01
1.048093e-01
1.048557e-01
1.049015e-01
1.049495e-01
1.049968e-01
1.050445e-01
1.050917e-01
1.051386e-01
1.051855e-01
1.052324e-01
1.052794e-01
1.053258e-01
1.053717e-01
1.054173e-01
1.054629e-01
1.055085e-01
1.055543e-01
1.056007e-01
1.056458e-01
1.056911e-01
1.057356e-01
1.057807e-01
1.058254e-01
1.058714e-01
1.059170e-01
1.059647e-01
1.060119e-01
1.060593e-01
1.061064e-01
1.061534e-01
1.062004e-01
1.062477e-01
1.062943e-01
1.063403e-01
1.063860e-01
1.064315e-01
1.064771e-01
1.065228e-01
1.065687e-01
1.066147e-01
1.066596e-01
1.067047e-01
1.067492e-01
1.067943e-01
1.068390e-01
1.068850e-01
1.069307e-01
1.069786e-01
1.070259e-01
1.070730e-01
1.071199e-01
1.071667e-01
1.072136e-01
1.072604e-01
1.073065e-01
1.073521e-01
1.073975e-01
1.074428e-01
1.074882e-01
1.075338e-01
1.075793e-01
1.076248e-01
1.076693e-01
1.077141e-01
1.077584e-01
1.078035e-01
1.078483e-01
1.078947e-01
1.079408e-01
1.079883e-01
1.080353e-01
1.080819e-01
1.081284e-01
1.081749e-01
1.082215e-01
1.082679e-01
1.083138e-01
1.083591e-01
1.084042e-01
1.084491e-01
1.084941e-01
1.085394e-01
1.085846e-01
1.086297e-01
1.086739e-01
1.087182e-01
1.087619e-01
1.088064e-01
1.088506e-01
1.088962e-01
1.089417e-01
1.089895e-01
1.090370e-01
1.090840e-01
1.091307e-01
1.091772e-01
1.092211e-01
1.092651e-01
1.093090e-01
1.093530e-01
1.093970e-01
1.094411e-01
1.094851e-01
1.095292e-01
1.095732e-01
1.096173e-01
1.096614e-01
1.097055e-01
1.097497e-01
1.097938e-01
1.098377e-01
1.098819e-01
1.099259e-01
1.099701e-01
1.100143e-01
1.100586e-01
1.101029e-01
1.101471e-01
1.101915e-01
1.102358e-01
1.102801e-01
1.103245e-01
1.103688e-01
1.104132e-01
1.104576e-01
1.105020e-01
1.105464e-01
1.105908e-01
1.106352e-01
1.106797e-01
1.107241e-01
1.107686e-01
1.108130e-01
1.108575e-01
1.109019e-01
1.109463e-01
1.109904e-01
1.110349e-01
1.110792e-01
1.111236e-01
1.111678e-01
1.112121e-01
1.112562e-01
1.113003e-01
1.113443e-01
1.113883e-01
1.114322e-01
1.114759e-01
1.115197e-01
1.115633e-01
1.116068e-01
1.116503e-01
1.116939e-01
1.117373e-01
1.117808e-01
1.118242e-01
1.118675e-01
1.119107e-01
1.119539e-01
1.119971e-01
1.120402e-01
1.120833e-01
1.121278e-01
1.121728e-01
1.122172e-01
1.122626e-01
1.123073e-01
1.123533e-01
1.123987e-01
1.124457e-01
1.124919e-01
1.125400e-01
1.125871e-01
1.126362e-01
1.126841e-01
1.127328e-01
1.127810e-01
1.128291e-01
1.128769e-01
1.129247e-01
1.129723e-01
1.130200e-01
1.130675e-01
1.131153e-01
1.131630e-01
1.132110e-01
1.132585e-01
1.133069e-01
1.133538e-01
1.134014e-01
1.134479e-01
1.134951e-01
1.135413e-01
1.135885e-01
1.136348e-01
1.136821e-01
1.137287e-01
1.137765e-01
1.138235e-01
1.138714e-01
1.139173e-01
1.139645e-01
1.140101e-01
1.140576e-01
1.141071e-01
1.141574e-01
1.142079e-01
1.142585e-01
1.143092e-01
1.143593e-01
1.144084e-01
1.144576e-01
1.145065e-01
1.145553e-01
1.146039e-01
1.146526e-01
1.147013e-01
1.147501e-01
1.147990e-01
1.148475e-01
1.148967e-01
1.149449e-01
1.149937e-01
1.150416e-01
1.150898e-01
1.151376e-01
1.151854e-01
1.152330e-01
1.152807e-01
1.153284e-01
1.153762e-01
1.154239e-01
1.154721e-01
1.155198e-01
1.155683e-01
1.156161e-01
1.156637e-01
1.157108e-01
1.157541e-01
1.158008e-01
1.158441e-01
1.158873e-01
1.159306e-01
1.159740e-01
1.160174e-01
1.160607e-01
1.161042e-01
1.161476e-01
1.161911e-01
1.162346e-01
1.162782e-01
1.163218e-01
1.163654e-01
1.164090e-01
1.164528e-01
1.164964e-01
1.165402e-01
1.165839e-01
1.166277e-01
1.166715e-01
1.167154e-01
1.167593e-01
1.168032e-01
1.168471e-01
1.168912e-01
1.169352e-01
1.169793e-01
1.170278e-01
1.170779e-01
1.171274e-01
1.171776e-01
1.172271e-01
1.172774e-01
1.173270e-01
1.173773e-01
1.174269e-01
1.174773e-01
1.175270e-01
1.175770e-01
1.176266e-01
1.176763e-01
1.177258e-01
1.177706e-01
1.178154e-01
1.178602e-01
1.179051e-01
1.179500e-01
1.179949e-01
1.180400e-01
1.180850e-01
1.181301e-01
1.181752e-01
1.182204e-01
1.182656e-01
1.183109e-01
1.183561e-01
1.184015e-01
1.184469e-01
1.184923e-01
1.185378e-01
1.185833e-01
1.186288e-01
1.186745e-01
1.187201e-01
1.187658e-01
1.188116e-01
1.188574e-01
1.189032e-01
1.189491e-01
1.189950e-01
1.190411e-01
1.190871e-01
1.191332e-01
1.191793e-01
1.192255e-01
1.192717e-01
1.193200e-01
1.193679e-01
1.194158e-01
1.194636e-01
1.195116e-01
1.195598e-01
1.196081e-01
1.196570e-01
1.197053e-01
1.197529e-01
1.198002e-01
1.198471e-01
1.198939e-01
1.199407e-01
1.199875e-01
1.200347e-01
1.200820e-01
1.201298e-01
1.201769e-01
1.202232e-01
1.202693e-01
1.203150e-01
1.203607e-01
1.204066e-01
1.204525e-01
1.204989e-01
1.205455e-01
1.205915e-01
1.206369e-01
1.206816e-01
1.207261e-01
1.207706e-01
1.208152e-01
1.208601e-01
1.209052e-01
1.209510e-01
1.209958e-01
1.210402e-01
1.210838e-01
1.211276e-01
1.211708e-01
1.212149e-01
1.212586e-01
1.213038e-01
1.213485e-01
1.213953e-01
1.214413e-01
1.214900e-01
1.215375e-01
1.215860e-01
1.216339e-01
1.216815e-01
1.217286e-01
1.217756e-01
1.218222e-01
1.218689e-01
1.219155e-01
1.219623e-01
1.220089e-01
1.220559e-01
1.221014e-01
1.221474e-01
1.221923e-01
1.222380e-01
1.222828e-01
1.223287e-01
1.223738e-01
1.224204e-01
1.224661e-01
1.225136e-01
1.225600e-01
1.226085e-01
1.226558e-01
1.227053e-01
1.227532e-01
1.228031e-01
1.228516e-01
1.229016e-01
1.229505e-01
1.230006e-01
1.230497e-01
1.231001e-01
1.231492e-01
1.231999e-01
1.232490e-01
1.232999e-01
1.233490e-01
1.233999e-01
1.234471e-01
1.234956e-01
1.235407e-01
1.235869e-01
1.236308e-01
1.236758e-01
1.237192e-01
1.237665e-01
1.238166e-01
1.238686e-01
1.239189e-01
1.239712e-01
1.240217e-01
1.240740e-01
1.241246e-01
1.241765e-01
1.242272e-01
1.242787e-01
1.243247e-01
1.243753e-01
1.244241e-01
1.244751e-01
1.245239e-01
1.245744e-01
1.246234e-01
1.246733e-01
1.247224e-01
1.247719e-01
1.248211e-01
1.248704e-01
1.249195e-01
1.249688e-01
1.250178e-01
1.250672e-01
1.251157e-01
1.251654e-01
1.252135e-01
1.252623e-01
1.253098e-01
1.253578e-01
1.254049e-01
1.254526e-01
1.254995e-01
1.255473e-01
1.255944e-01
1.256428e-01
1.256904e-01
1.257396e-01
1.257879e-01
1.258383e-01
1.258877e-01
1.259391e-01
1.259897e-01
1.260412e-01
1.260928e-01
1.261443e-01
1.261959e-01
1.262475e-01
1.262991e-01
1.263507e-01
1.264022e-01
1.264531e-01
1.265039e-01
1.265543e-01
1.266048e-01
1.266551e-01
1.267057e-01
1.267564e-01
1.268075e-01
1.268589e-01
1.269084e-01
1.269587e-01
1.270053e-01
1.270528e-01
1.270974e-01
1.271428e-01
1.271863e-01
1.272306e-01
1.272737e-01
1.273180e-01
1.273612e-01
1.274058e-01
1.274494e-01
1.274972e-01
1.275412e-01
1.275895e-01
1.276348e-01
1.276824e-01
1.277287e-01
1.277758e-01
1.278231e-01
1.278702e-01
1.279177e-01
1.279654e-01
1.280134e-01
1.280620e-01
1.281111e-01
1.281595e-01
1.282068e-01
1.282538e-01
1.283002e-01
1.283466e-01
1.283926e-01
1.284391e-01
1.284853e-01
1.285323e-01
1.285791e-01
1.286271e-01
1.286749e-01
1.287242e-01
1.287731e-01
1.288241e-01
1.288746e-01
1.289274e-01
1.289796e-01
1.290326e-01
1.290856e-01
1.291386e-01
1.291915e-01
1.292444e-01
1.292972e-01
1.293500e-01
1.294028e-01
1.294555e-01
1.295082e-01
1.295608e-01
1.296135e-01
1.296660e-01
1.297186e-01
1.297711e-01
1.298235e-01
1.298760e-01
1.299283e-01
1.299806e-01
1.300329e-01
1.300851e-01
1.301373e-01
1.301894e-01
1.302415e-01
1.302936e-01
1.303456e-01
1.303976e-01
1.304496e-01
1.305015e-01
1.305534e-01
1.306053e-01
1.306571e-01
1.307089e-01
1.307607e-01
1.308124e-01
1.308641e-01
1.309158e-01
1.309674e-01
1.310190e-01
1.310705e-01
1.311220e-01
1.311735e-01
1.312250e-01
1.312753e-01
1.313264e-01
1.313755e-01
1.314262e-01
1.314745e-01
1.315244e-01
1.315722e-01
1.316216e-01
1.316692e-01
1.317183e-01
1.317657e-01
1.318146e-01
1.318619e-01
1.319107e-01
1.319580e-01
1.320068e-01
1.320541e-01
1.321031e-01
1.321504e-01
1.321995e-01
1.322470e-01
1.322963e-01
1.323440e-01
1.323936e-01
1.324415e-01
1.324915e-01
1.325397e-01
1.325893e-01
1.326379e-01
1.326880e-01
1.327369e-01
1.327873e-01
1.328364e-01
1.328868e-01
1.329361e-01
1.329865e-01
1.330360e-01
1.330863e-01
1.331360e-01
1.331863e-01
1.332364e-01
1.332867e-01
1.333369e-01
1.333872e-01
1.334374e-01
1.334876e-01
1.335378e-01
1.335880e-01
1.336382e-01
1.336884e-01
1.337385e-01
1.337887e-01
1.338388e-01
1.338890e-01
1.339391e-01
1.339892e-01
1.340395e-01
1.340897e-01
1.341399e-01
1.341900e-01
1.342402e-01
1.342904e-01
1.343406e-01
1.343908e-01
1.344411e-01
1.344914e-01
1.345417e-01
1.345921e-01
1.346424e-01
1.346927e-01
1.347431e-01
1.347935e-01
1.348438e-01
1.348942e-01
1.349446e-01
1.349950e-01
1.350455e-01
1.350959e-01
1.351463e-01
1.351968e-01
1.352472e-01
1.352977e-01
1.353482e-01
1.353987e-01
1.354492e-01
1.354997e-01
1.355502e-01
1.356008e-01
1.356514e-01
1.357020e-01
1.357526e-01
1.358032e-01
1.358538e-01
1.359045e-01
1.359551e-01
1.360058e-01
1.360565e-01
1.361072e-01
1.361580e-01
1.362087e-01
1.362595e-01
1.363103e-01
1.363611e-01
1.364119e-01
1.364627e-01
1.365135e-01
1.365644e-01
1.366153e-01
1.366662e-01
1.367171e-01
1.367680e-01
1.368189e-01
1.368698e-01
1.369208e-01
1.369718e-01
1.370227e-01
1.370737e-01
1.371247e-01
1.371757e-01
1.372267e-01
1.372777e-01
1.373287e-01
1.373797e-01
1.374308e-01
1.374818e-01
1.375329e-01
1.375839e-01
1.376350e-01
1.376860e-01
1.377371e-01
1.377882e-01
1.378393e-01
1.378903e-01
1.379414e-01
1.379925e-01
1.380436e-01
1.380947e-01
1.381458e-01
1.381969e-01
1.382480e-01
1.382991e-01
1.383502e-01
1.384014e-01
1.384525e-01
1.385036e-01
1.385548e-01
1.386059e-01
1.386570e-01
1.387082e-01
1.387593e-01
1.388105e-01
1.388617e-01
1.389129e-01
1.389642e-01
1.390154e-01
1.390667e-01
1.391179e-01
1.391692e-01
1.392204e-01
1.392717e-01
1.393230e-01
1.393744e-01
1.394257e-01
1.394770e-01
1.395284e-01
1.395798e-01
1.396312e-01
1.396826e-01
1.397340e-01
1.397855e-01
1.398369e-01
1.398884e-01
1.399399e-01
1.399914e-01
1.400429e-01
1.400944e-01
1.401460e-01
1.401975e-01
1.402491e-01
1.403007e-01
1.403523e-01
1.404039e-01
1.404555e-01
1.405072e-01
1.405588e-01
1.406105e-01
1.406622e-01
1.407138e-01
1.407655e-01
1.408172e-01
1.408689e-01
1.409206e-01
1.409724e-01
1.410241e-01
1.410758e-01
1.411276e-01
1.411793e-01
1.412311e-01
1.412828e-01
1.413346e-01
1.413863e-01
1.414381e-01
1.414899e-01
1.415417e-01
1.415934e-01
1.416452e-01
1.416970e-01
1.417488e-01
1.418006e-01
1.418524e-01
1.419042e-01
1.419560e-01
1.420078e-01
1.420596e-01
1.421114e-01
1.421633e-01
1.422151e-01
1.422669e-01
1.423188e-01
1.423706e-01
1.424225e-01
1.424743e-01
1.425262e-01
1.425780e-01
1.426299e-01
1.426818e-01
1.427337e-01
1.427856e-01
1.428375e-01
1.428894e-01
1.429414e-01
1.429933e-01
1.430452e-01
1.430972e-01
1.431492e-01
1.432011e-01
1.432516e-01
1.433033e-01
1.433553e-01
1.434065e-01
1.434585e-01
1.435104e-01
1.435611e-01
1.436130e-01
1.436638e-01
1.437158e-01
1.437666e-01
1.438187e-01
1.438695e-01
1.439217e-01
1.439726e-01
1.440239e-01
1.440749e-01
1.441257e-01
1.441764e-01
1.442271e-01
1.442779e-01
1.443289e-01
1.443800e-01
1.444315e-01
1.444828e-01
1.445343e-01
1.445841e-01
1.446342e-01
1.446830e-01
1.447324e-01
1.447808e-01
1.448301e-01
1.448785e-01
1.449280e-01
1.449766e-01
1.450266e-01
1.450757e-01
1.451265e-01
1.451762e-01
1.452280e-01
1.452786e-01
1.453311e-01
1.453826e-01
1.454353e-01
1.454877e-01
1.455404e-01
1.455932e-01
1.456460e-01
1.456988e-01
1.457516e-01
1.458042e-01
1.458563e-01
1.459083e-01
1.459601e-01
1.460118e-01
1.460635e-01
1.461151e-01
1.461668e-01
1.462186e-01
1.462706e-01
1.463226e-01
1.463751e-01
1.464276e-01
1.464799e-01
1.465318e-01
1.465832e-01
1.466344e-01
1.466853e-01
1.467361e-01
1.467868e-01
1.468376e-01
1.468884e-01
1.469392e-01
1.469903e-01
1.470414e-01
1.470930e-01
1.471446e-01
1.471963e-01
1.472474e-01
1.472981e-01
1.473485e-01
1.473986e-01
1.474486e-01
1.474985e-01
1.475485e-01
1.475985e-01
1.476485e-01
1.476988e-01
1.477491e-01
1.477997e-01
1.478503e-01
1.479014e-01
1.479521e-01
1.480023e-01
1.480521e-01
1.481015e-01
1.481507e-01
1.481998e-01
1.482488e-01
1.482979e-01
1.483469e-01
1.483962e-01
1.484455e-01
1.484952e-01
1.485449e-01
1.485949e-01
1.486450e-01
1.486955e-01
1.487460e-01
1.487969e-01
1.488477e-01
1.488988e-01
1.489498e-01
1.490011e-01
1.490523e-01
1.491039e-01
1.491552e-01
1.492071e-01
1.492572e-01
1.493078e-01
1.493569e-01
1.494067e-01
1.494552e-01
1.495045e-01
1.495527e-01
1.496019e-01
1.496500e-01
1.496992e-01
1.497473e-01
1.497966e-01
1.498448e-01
1.498942e-01
1.499425e-01
1.499921e-01
1.500404e-01
1.500900e-01
1.501384e-01
1.501879e-01
1.502362e-01
1.502856e-01
1.503337e-01
1.503830e-01
1.504309e-01
1.504800e-01
1.505278e-01
1.505769e-01
1.506247e-01
1.506738e-01
1.507218e-01
1.507712e-01
1.508193e-01
1.508685e-01
1.509170e-01
1.509661e-01
1.510149e-01
1.510642e-01
1.511132e-01
1.511624e-01
1.512111e-01
1.512600e-01
1.513084e-01
1.513574e-01
1.514061e-01
1.514552e-01
1.515040e-01
1.515532e-01
1.516022e-01
1.516516e-01
1.517006e-01
1.517501e-01
1.517993e-01
1.518489e-01
1.518981e-01
1.519479e-01
1.519972e-01
1.520472e-01
1.520967e-01
1.521475e-01
1.521971e-01
1.522486e-01
1.522980e-01
1.523493e-01
1.523985e-01
1.524497e-01
1.524987e-01
1.525498e-01
1.525988e-01
1.526498e-01
1.526987e-01
1.527497e-01
1.527986e-01
1.528497e-01
1.528986e-01
1.529498e-01
1.529989e-01
1.530502e-01
1.530994e-01
1.531506e-01
1.531998e-01
1.532510e-01
1.533004e-01
1.533517e-01
1.534012e-01
1.534526e-01
1.535021e-01
1.535534e-01
1.536030e-01
1.536542e-01
1.537038e-01
1.537549e-01
1.538045e-01
1.538555e-01
1.539052e-01
1.539561e-01
1.540056e-01
1.540565e-01
1.541060e-01
1.541568e-01
1.542062e-01
1.542570e-01
1.543063e-01
1.543572e-01
1.544064e-01
1.544572e-01
1.545065e-01
1.545573e-01
1.546065e-01
1.546574e-01
1.547066e-01
1.547575e-01
1.548067e-01
1.548575e-01
1.549068e-01
1.549576e-01
1.550069e-01
1.550578e-01
1.551071e-01
1.551579e-01
1.552073e-01
1.552581e-01
1.553075e-01
1.553583e-01
1.554077e-01
1.554585e-01
1.555079e-01
1.555586e-01
1.556081e-01
1.556588e-01
1.557082e-01
1.557588e-01
1.558082e-01
1.558587e-01
1.559081e-01
1.559586e-01
1.560079e-01
1.560583e-01
1.561076e-01
1.561580e-01
1.562073e-01
1.562577e-01
1.563069e-01
1.563573e-01
1.564064e-01
1.564569e-01
1.565058e-01
1.565565e-01
1.566053e-01
1.566561e-01
1.567050e-01
1.567557e-01
1.568046e-01
1.568554e-01
1.569043e-01
1.569551e-01
1.570042e-01
1.570550e-01
1.571042e-01
1.571552e-01
1.572047e-01
1.572562e-01
1.573061e-01
1.573584e-01
1.574090e-01
1.574624e-01
1.575140e-01
1.575671e-01
1.576197e-01
1.576729e-01
1.577262e-01
1.577796e-01
1.578330e-01
1.578864e-01
1.579399e-01
1.579933e-01
1.580467e-01
1.581001e-01
1.581535e-01
1.582069e-01
1.582604e-01
1.583138e-01
1.583673e-01
1.584207e-01
1.584741e-01
1.585276e-01
1.585810e-01
1.586345e-01
1.586879e-01
1.587414e-01
1.587949e-01
1.588483e-01
1.589018e-01
1.589553e-01
1.590088e-01
1.590622e-01
1.591158e-01
1.591693e-01
1.592228e-01
1.592763e-01
1.593298e-01
1.593834e-01
1.594369e-01
1.594904e-01
1.595440e-01
1.595975e-01
1.596511e-01
1.597047e-01
1.597583e-01
1.598119e-01
1.598655e-01
1.599191e-01
1.599728e-01
1.600264e-01
1.600801e-01
1.601338e-01
1.601875e-01
1.602412e-01
1.602950e-01
1.603487e-01
1.604025e-01
1.604563e-01
1.605101e-01
1.605639e-01
1.606177e-01
1.606716e-01
1.607255e-01
1.607794e-01
1.608333e-01
1.608873e-01
1.609413e-01
1.609952e-01
1.610493e-01
1.611033e-01
1.611574e-01
1.612115e-01
1.612656e-01
1.613197e-01
1.613739e-01
1.614280e-01
1.614823e-01
1.615365e-01
1.615907e-01
1.616450e-01
1.616993e-01
1.617537e-01
1.618080e-01
1.618624e-01
1.619168e-01
1.619713e-01
1.620257e-01
1.620802e-01
1.621347e-01
1.621892e-01
1.622438e-01
1.622983e-01
1.623529e-01
1.624076e-01
1.624622e-01
1.625169e-01
1.625716e-01
1.626263e-01
1.626810e-01
1.627358e-01
1.627905e-01
1.628453e-01
1.629001e-01
1.629550e-01
1.630098e-01
1.630647e-01
1.631196e-01
1.631745e-01
1.632294e-01
1.632844e-01
1.633393e-01
1.633943e-01
1.634493e-01
1.635043e-01
1.635593e-01
1.636143e-01
1.636693e-01
1.637243e-01
1.637793e-01
1.638342e-01
1.638891e-01
1.639440e-01
1.639989e-01
1.640537e-01
1.641085e-01
1.641633e-01
1.642179e-01
1.642724e-01
1.643268e-01
1.643813e-01
1.644357e-01
1.644902e-01
1.645446e-01
1.645989e-01
1.646533e-01
1.647076e-01
1.647619e-01
1.648162e-01
1.648705e-01
1.649247e-01
1.649790e-01
1.650333e-01
1.650876e-01
1.651419e-01
1.651962e-01
1.652504e-01
1.653047e-01
1.653589e-01
1.654131e-01
1.654672e-01
1.655214e-01
1.655754e-01
1.656295e-01
1.656834e-01
1.657375e-01
1.657914e-01
1.658454e-01
1.658993e-01
1.659534e-01
1.660074e-01
1.660616e-01
1.661157e-01
1.661699e-01
1.662241e-01
1.662783e-01
1.663324e-01
1.663865e-01
1.664406e-01
1.664946e-01
1.665486e-01
1.666026e-01
1.666565e-01
1.667104e-01
1.667642e-01
1.668180e-01
1.668718e-01
1.669256e-01
1.669793e-01
1.670330e-01
1.670866e-01
1.671403e-01
1.671938e-01
1.672474e-01
1.673009e-01
1.673542e-01
1.674075e-01
1.674608e-01
1.675142e-01
1.675675e-01
1.676208e-01
1.676742e-01
1.677276e-01
1.677809e-01
1.678344e-01
1.678878e-01
1.679412e-01
1.679946e-01
1.680481e-01
1.681015e-01
1.681549e-01
1.682084e-01
1.682618e-01
1.683153e-01
1.683689e-01
1.684225e-01
1.684761e-01
1.685298e-01
1.685834e-01
1.686371e-01
1.686907e-01
1.687443e-01
1.687979e-01
1.688514e-01
1.689050e-01
1.689585e-01
1.690120e-01
1.690655e-01
1.691203e-01
1.691751e-01
1.692299e-01
1.692847e-01
1.693395e-01
1.693944e-01
1.694492e-01
1.695040e-01
1.695588e-01
1.696135e-01
1.696668e-01
1.697201e-01
1.697734e-01
1.698267e-01
1.698800e-01
1.699333e-01
1.699867e-01
1.700401e-01
1.700935e-01
1.701468e-01
1.702002e-01
1.702536e-01
1.703070e-01
1.703604e-01
1.704139e-01
1.704674e-01
1.705210e-01
1.705746e-01
1.706283e-01
1.706820e-01
1.707359e-01
1.707899e-01
1.708439e-01
1.708982e-01
1.709526e-01
1.710072e-01
1.710619e-01
1.711166e-01
1.711716e-01
1.712262e-01
1.712812e-01
1.713357e-01
1.713903e-01
1.714435e-01
1.714968e-01
1.715500e-01
1.716033e-01
1.716565e-01
1.717099e-01
1.717631e-01
1.718164e-01
1.718697e-01
1.719230e-01
1.719763e-01
1.720296e-01
1.720830e-01
1.721364e-01
1.721898e-01
1.722433e-01
1.722969e-01
1.723506e-01
1.724044e-01
1.724583e-01
1.725125e-01
1.725667e-01
1.726209e-01
1.726756e-01
1.727298e-01
1.727850e-01
1.728392e-01
1.728938e-01
1.729470e-01
1.730002e-01
1.730534e-01
1.731067e-01
1.731599e-01
1.732132e-01
1.732664e-01
1.733197e-01
1.733729e-01
1.734262e-01
1.734795e-01
1.735328e-01
1.735861e-01
1.736396e-01
1.736930e-01
1.737465e-01
1.738002e-01
1.738539e-01
1.739079e-01
1.739619e-01
1.740162e-01
1.740706e-01
1.741249e-01
1.741796e-01
1.742339e-01
1.742878e-01
1.743419e-01
1.743952e-01
1.744484e-01
1.745014e-01
1.745546e-01
1.746074e-01
1.746607e-01
1.747133e-01
1.747664e-01
1.748175e-01
1.748692e-01
1.749188e-01
1.749688e-01
1.750175e-01
1.750663e-01
1.751142e-01
1.751623e-01
1.752097e-01
1.752573e-01
1.753043e-01
1.753517e-01
1.753984e-01
1.754457e-01
1.754924e-01
1.755398e-01
1.755868e-01
1.756345e-01
1.756818e-01
1.757301e-01
1.757779e-01
1.758270e-01
1.758753e-01
1.759254e-01
1.759745e-01
1.760249e-01
1.760749e-01
1.761263e-01
1.761772e-01
1.762294e-01
1.762809e-01
1.763340e-01
1.763860e-01
1.764395e-01
1.764920e-01
1.765458e-01
1.765985e-01
1.766522e-01
1.767052e-01
1.767588e-01
1.768119e-01
1.768653e-01
1.769186e-01
1.769719e-01
1.770252e-01
1.770784e-01
1.771317e-01
1.771847e-01
1.772378e-01
1.772907e-01
1.773436e-01
1.773965e-01
1.774491e-01
1.775019e-01
1.775543e-01
1.776071e-01
1.776594e-01
1.777121e-01
1.777642e-01
1.778170e-01
1.778690e-01
1.779218e-01
1.779736e-01
1.780263e-01
1.780780e-01
1.781306e-01
1.781823e-01
1.782348e-01
1.782863e-01
1.783387e-01
1.783901e-01
1.784424e-01
1.784937e-01
1.785460e-01
1.785972e-01
1.786494e-01
1.787005e-01
1.787526e-01
1.788035e-01
1.788556e-01
1.789064e-01
1.789584e-01
1.790091e-01
1.790610e-01
1.791116e-01
1.791634e-01
1.792139e-01
1.792656e-01
1.793160e-01
1.793676e-01
1.794179e-01
1.794694e-01
1.795196e-01
1.795698e-01
1.796192e-01
1.796681e-01
1.797160e-01
1.797640e-01
1.798112e-01
1.798587e-01
1.799058e-01
1.799536e-01
1.800012e-01
1.800497e-01
1.800985e-01
1.801485e-01
1.801980e-01
1.802480e-01
1.802975e-01
1.803465e-01
1.803954e-01
1.804434e-01
1.804912e-01
1.805384e-01
1.805857e-01
1.806327e-01
1.806807e-01
1.807286e-01
1.807777e-01
1.808275e-01
1.808765e-01
1.809271e-01
1.809759e-01
1.810264e-01
1.810752e-01
1.811256e-01
1.811744e-01
1.812247e-01
1.812734e-01
1.813236e-01
1.813722e-01
1.814224e-01
1.814710e-01
1.815211e-01
1.815696e-01
1.816198e-01
1.816682e-01
1.817183e-01
1.817666e-01
1.818167e-01
1.818649e-01
1.819143e-01
1.819626e-01
1.820120e-01
1.820602e-01
1.821101e-01
1.821583e-01
1.822082e-01
1.822564e-01
1.823062e-01
1.823544e-01
1.824032e-01
1.824514e-01
1.825002e-01
1.825483e-01
1.825981e-01
1.826462e-01
1.826959e-01
1.827440e-01
1.827938e-01
1.828419e-01
1.828917e-01
1.829398e-01
1.829896e-01
1.830379e-01
1.830877e-01
1.831360e-01
1.831859e-01
1.832342e-01
1.832835e-01
1.833315e-01
1.833802e-01
1.834287e-01
1.834784e-01
1.835269e-01
1.835770e-01
1.836256e-01
1.836744e-01
1.837220e-01
1.837689e-01
1.838161e-01
1.838631e-01
1.839120e-01
1.839606e-01
1.840097e-01
1.840601e-01
1.841091e-01
1.841593e-01
1.842083e-01
1.842577e-01
1.843070e-01
1.843571e-01
1.844065e-01
1.844572e-01
1.845054e-01
1.845534e-01
1.845997e-01
1.846465e-01
1.846931e-01
1.847406e-01
1.847893e-01
1.848387e-01
1.848860e-01
1.849317e-01
1.849762e-01
1.850202e-01
1.850644e-01
1.851086e-01
1.851546e-01
1.852005e-01
1.852499e-01
1.852989e-01
1.853495e-01
1.854008e-01
1.854501e-01
1.854993e-01
1.855476e-01
1.855962e-01
1.856448e-01
1.856940e-01
1.857443e-01
1.857942e-01
1.858417e-01
1.858888e-01
1.859345e-01
1.859806e-01
1.860266e-01
1.860733e-01
1.861211e-01
1.861700e-01
1.862174e-01
1.862632e-01
1.863080e-01
1.863522e-01
1.863968e-01
1.864414e-01
1.864880e-01
1.865347e-01
1.865847e-01
1.866343e-01
1.866842e-01
1.867335e-01
1.867816e-01
1.868297e-01
1.868773e-01
1.869250e-01
1.869728e-01
1.870209e-01
1.870694e-01
1.871182e-01
1.871663e-01
1.872136e-01
1.872595e-01
1.873052e-01
1.873504e-01
1.873958e-01
1.874413e-01
1.874872e-01
1.875337e-01
1.875807e-01
1.876270e-01
1.876715e-01
1.877157e-01
1.877587e-01
1.878022e-01
1.878450e-01
1.878889e-01
1.879322e-01
1.879771e-01
1.880214e-01
1.880679e-01
1.881137e-01
1.881623e-01
1.882099e-01
1.882606e-01
1.883100e-01
1.883598e-01
1.884094e-01
1.884592e-01
1.885088e-01
1.885586e-01
1.886082e-01
1.886579e-01
1.887076e-01
1.887573e-01
1.888070e-01
1.888568e-01
1.889064e-01
1.889562e-01
1.890059e-01
1.890558e-01
1.891055e-01
1.891551e-01
1.892047e-01
1.892542e-01
1.893036e-01
1.893533e-01
1.894029e-01
1.894526e-01
1.895017e-01
1.895514e-01
1.896010e-01
1.896507e-01
1.897003e-01
1.897500e-01
1.897995e-01
1.898492e-01
1.898982e-01
1.899475e-01
1.899963e-01
1.900454e-01
1.900941e-01
1.901436e-01
1.901923e-01
1.902417e-01
1.902906e-01
1.903401e-01
1.903891e-01
1.904386e-01
1.904877e-01
1.905373e-01
1.905865e-01
1.906361e-01
1.906854e-01
1.907350e-01
1.907845e-01
1.908341e-01
1.908837e-01
1.909332e-01
1.909825e-01
1.910315e-01
1.910805e-01
1.911298e-01
1.911790e-01
1.912285e-01
1.912779e-01
1.913274e-01
1.913749e-01
1.914230e-01
1.914696e-01
1.915172e-01
1.915636e-01
1.916116e-01
1.916584e-01
1.917073e-01
1.917548e-01
1.918044e-01
1.918530e-01
1.919024e-01
1.919516e-01
1.920008e-01
1.920501e-01
1.920995e-01
1.921489e-01
1.921983e-01
1.922476e-01
1.922970e-01
1.923463e-01
1.923958e-01
1.924451e-01
1.924945e-01
1.925439e-01
1.925933e-01
1.926427e-01
1.926923e-01
1.927387e-01
1.927855e-01
1.928320e-01
1.928789e-01
1.929253e-01
1.929722e-01
1.930227e-01
1.930737e-01
1.931198e-01
1.931702e-01
1.932163e-01
1.932664e-01
1.933123e-01
1.933614e-01
1.934103e-01
1.934594e-01
1.935052e-01
1.935547e-01
1.936006e-01
1.936488e-01
1.936965e-01
1.937437e-01
1.937912e-01
1.938388e-01
1.938855e-01
1.939324e-01
1.939792e-01
1.940266e-01
1.940737e-01
1.941211e-01
1.941684e-01
1.942157e-01
1.942629e-01
1.943102e-01
1.943576e-01
1.944050e-01
1.944526e-01
1.945002e-01
1.945481e-01
1.945961e-01
1.946443e-01
1.946925e-01
1.947410e-01
1.947894e-01
1.948381e-01
1.948868e-01
1.949341e-01
1.949814e-01
1.950286e-01
1.950759e-01
1.951230e-01
1.951702e-01
1.952173e-01
1.952645e-01
1.953116e-01
1.953588e-01
1.954060e-01
1.954534e-01
1.955009e-01
1.955485e-01
1.955963e-01
1.956439e-01
1.956913e-01
1.957386e-01
1.957854e-01
1.958325e-01
1.958795e-01
1.959267e-01
1.959736e-01
1.960207e-01
1.960676e-01
1.961147e-01
1.961615e-01
1.962085e-01
1.962555e-01
1.963025e-01
1.963496e-01
1.963968e-01
1.964442e-01
1.964916e-01
1.965392e-01
1.965868e-01
1.966340e-01
1.966811e-01
1.967280e-01
1.967749e-01
1.968214e-01
1.968680e-01
1.969143e-01
1.969606e-01
1.970068e-01
1.970536e-01
1.971003e-01
1.971471e-01
1.971940e-01
1.972410e-01
1.972881e-01
1.973352e-01
1.973826e-01
1.974299e-01
1.974772e-01
1.975244e-01
1.975713e-01
1.976182e-01
1.976648e-01
1.977113e-01
1.977577e-01
1.978040e-01
1.978501e-01
1.978968e-01
1.979434e-01
1.979901e-01
1.980368e-01
1.980836e-01
1.981305e-01
1.981775e-01
1.982247e-01
1.982719e-01
1.983191e-01
1.983662e-01
1.984130e-01
1.984598e-01
1.985064e-01
1.985529e-01
1.985992e-01
1.986455e-01
1.986916e-01
1.987382e-01
1.987848e-01
1.988313e-01
1.988780e-01
1.989247e-01
1.989715e-01
1.990184e-01
1.990654e-01
1.991125e-01
1.991596e-01
1.992067e-01
1.992536e-01
1.993003e-01
1.993469e-01
1.993935e-01
1.994398e-01
1.994861e-01
1.995323e-01
1.995789e-01
1.996254e-01
1.996720e-01
1.997185e-01
1.997652e-01
1.998119e-01
1.998587e-01
1.999057e-01
1.999526e-01
1.999998e-01
2.000470e-01
2.000940e-01
2.001410e-01
