# 1  : Date
# 2  : Temps elapsed min (mus)
# 3  : Rang temps elapsed min
# 4  : Noeud temps elapsed min
# 5  : Temps elapsed max (mus)
# 6  : Rang temps elapsed max
# 7  : Noeud temps elapsed max
# 8  : Grind time (mus/maille/cycle)
# 9  : Grind time équivalent séquentiel (#8 X nb_de_coeurs)
#     1     2     3     4      5      6      7       8      9
#   ATTENTION  les temps cpu schémas sont données dans l'ordre alphabétique des schémas WARNING
#  10: TELAPS Hydro (mus)
1.161061e-03   4.292e+04 0 inti1215   4.306e+04 3 inti1215   3.010e-01 4.816e+00  3.410e+04
3.523745e-03   4.610e+04 0 inti1215   4.618e+04 3 inti1215   3.011e-01 4.818e+00  3.685e+04
5.529920e-03   7.699e+04 0 inti1215   7.706e+04 3 inti1215   4.764e-01 7.623e+00  4.005e+04
6.908248e-03   4.955e+04 0 inti1215   4.962e+04 3 inti1215   2.952e-01 4.724e+00  3.997e+04
8.179001e-03   4.964e+04 0 inti1215   4.970e+04 3 inti1215   2.872e-01 4.595e+00  3.996e+04
9.800937e-03   5.175e+04 0 inti1215   5.182e+04 2 inti1215   2.888e-01 4.621e+00  4.170e+04
1.190498e-02   8.420e+04 0 inti1215   8.426e+04 3 inti1215   4.476e-01 7.162e+00  4.435e+04
1.427474e-02   5.453e+04 0 inti1215   5.459e+04 1 inti1215   2.758e-01 4.412e+00  4.384e+04
1.698929e-02   5.723e+04 0 inti1215   5.727e+04 1 inti1215   2.727e-01 4.363e+00  4.645e+04
2.004673e-02   5.996e+04 0 inti1215   6.001e+04 3 inti1215   2.674e-01 4.279e+00  4.856e+04
2.321271e-02   9.881e+04 0 inti1215   9.888e+04 1 inti1215   4.137e-01 6.619e+00  5.332e+04
2.630906e-02   6.370e+04 0 inti1215   6.376e+04 1 inti1215   2.522e-01 4.036e+00  5.203e+04
2.830659e-02   6.563e+04 0 inti1215   6.570e+04 1 inti1215   2.507e-01 4.011e+00  5.388e+04
3.050796e-02   6.801e+04 0 inti1215   6.814e+04 1 inti1215   2.503e-01 4.005e+00  5.577e+04
3.288192e-02   1.677e+05 2 inti1215   1.678e+05 1 inti1215   5.917e-01 9.467e+00  5.934e+04
3.527341e-02   7.150e+04 2 inti1215   7.158e+04 1 inti1215   2.429e-01 3.886e+00  5.860e+04
3.810291e-02   7.364e+04 2 inti1215   7.374e+04 1 inti1215   2.381e-01 3.809e+00  6.080e+04
4.075365e-02   7.729e+04 0 inti1215   7.737e+04 1 inti1215   2.383e-01 3.813e+00  6.385e+04
4.355067e-02   1.228e+05 2 inti1215   1.229e+05 1 inti1215   3.602e-01 5.764e+00  6.738e+04
4.603383e-02   8.262e+04 2 inti1215   8.270e+04 1 inti1215   2.325e-01 3.720e+00  6.809e+04
4.859213e-02   8.630e+04 2 inti1215   8.641e+04 1 inti1215   2.323e-01 3.716e+00  7.173e+04
5.111425e-02   8.724e+04 2 inti1215   8.732e+04 1 inti1215   2.244e-01 3.591e+00  7.209e+04
5.352321e-02   1.378e+05 2 inti1215   1.379e+05 1 inti1215   3.396e-01 5.433e+00  7.592e+04
5.587372e-02   9.272e+04 0 inti1215   9.289e+04 1 inti1215   2.202e-01 3.523e+00  7.702e+04
5.826511e-02   9.528e+04 2 inti1215   9.539e+04 1 inti1215   2.172e-01 3.474e+00  7.969e+04
6.056632e-02   9.916e+04 2 inti1215   9.920e+04 1 inti1215   2.173e-01 3.477e+00  8.305e+04
6.291329e-02   1.544e+05 2 inti1215   1.545e+05 1 inti1215   3.261e-01 5.218e+00  8.794e+04
6.540725e-02   1.048e+05 2 inti1215   1.049e+05 1 inti1215   2.136e-01 3.418e+00  8.796e+04
6.799907e-02   1.071e+05 2 inti1215   1.072e+05 1 inti1215   2.105e-01 3.369e+00  9.060e+04
7.065130e-02   1.115e+05 0 inti1215   1.117e+05 1 inti1215   2.118e-01 3.388e+00  9.428e+04
7.325079e-02   1.688e+05 2 inti1215   1.689e+05 1 inti1215   3.105e-01 4.968e+00  9.825e+04
7.579228e-02   1.171e+05 2 inti1215   1.172e+05 1 inti1215   2.098e-01 3.357e+00  9.939e+04
7.829289e-02   1.207e+05 2 inti1215   1.208e+05 1 inti1215   2.104e-01 3.367e+00  1.029e+05
8.076147e-02   1.232e+05 2 inti1215   1.233e+05 1 inti1215   2.094e-01 3.350e+00  1.048e+05
8.322698e-02   1.912e+05 2 inti1215   1.914e+05 1 inti1215   3.170e-01 5.072e+00  1.087e+05
8.573916e-02   1.270e+05 2 inti1215   1.272e+05 1 inti1215   2.058e-01 3.293e+00  1.083e+05
8.837273e-02   1.305e+05 2 inti1215   1.306e+05 1 inti1215   2.061e-01 3.298e+00  1.113e+05
9.103719e-02   1.341e+05 2 inti1215   1.342e+05 1 inti1215   2.063e-01 3.301e+00  1.140e+05
9.371938e-02   2.091e+05 2 inti1215   2.092e+05 1 inti1215   3.136e-01 5.017e+00  1.191e+05
9.645239e-02   1.422e+05 2 inti1215   1.423e+05 1 inti1215   2.080e-01 3.328e+00  1.216e+05
9.927375e-02   1.433e+05 0 inti1215   1.434e+05 3 inti1215   2.042e-01 3.267e+00  1.230e+05
1.021448e-01   1.480e+05 0 inti1215   1.481e+05 1 inti1215   2.050e-01 3.281e+00  1.270e+05
1.051386e-01   2.289e+05 0 inti1215   2.290e+05 1 inti1215   3.085e-01 4.936e+00  1.318e+05
1.082215e-01   1.547e+05 0 inti1215   1.548e+05 1 inti1215   2.033e-01 3.254e+00  1.334e+05
1.112121e-01   1.596e+05 0 inti1215   1.597e+05 1 inti1215   2.049e-01 3.278e+00  1.378e+05
1.143092e-01   1.654e+05 0 inti1215   1.655e+05 1 inti1215   2.074e-01 3.318e+00  1.431e+05
1.174269e-01   2.620e+05 0 inti1215   2.621e+05 1 inti1215   3.208e-01 5.132e+00  1.506e+05
1.205455e-01   1.760e+05 0 inti1215   1.761e+05 1 inti1215   2.108e-01 3.373e+00  1.526e+05
1.236758e-01   1.828e+05 0 inti1215   1.829e+05 3 inti1215   2.138e-01 3.420e+00  1.593e+05
1.270053e-01   1.859e+05 0 inti1215   1.860e+05 1 inti1215   2.123e-01 3.398e+00  1.617e+05
1.302936e-01   2.761e+05 0 inti1215   2.762e+05 1 inti1215   3.081e-01 4.930e+00  1.658e+05
1.336382e-01   1.926e+05 0 inti1215   1.928e+05 1 inti1215   2.108e-01 3.373e+00  1.672e+05
1.370227e-01   1.972e+05 3 inti1215   1.973e+05 1 inti1215   2.115e-01 3.383e+00  1.720e+05
1.404555e-01   2.001e+05 0 inti1215   2.003e+05 1 inti1215   2.108e-01 3.373e+00  1.744e+05
1.439217e-01   4.623e+05 0 inti1215   4.624e+05 1 inti1215   4.788e-01 7.660e+00  1.780e+05
1.473485e-01   2.064e+05 0 inti1215   2.065e+05 1 inti1215   2.111e-01 3.377e+00  1.793e+05
1.506738e-01   2.086e+05 2 inti1215   2.087e+05 1 inti1215   2.107e-01 3.372e+00  1.818e+05
1.540056e-01   2.099e+05 0 inti1215   2.100e+05 1 inti1215   2.098e-01 3.357e+00  1.828e+05
1.573584e-01   3.037e+05 0 inti1215   3.038e+05 1 inti1215   3.007e-01 4.812e+00  1.879e+05
1.609413e-01   2.135e+05 0 inti1215   2.136e+05 1 inti1215   2.099e-01 3.358e+00  1.863e+05
1.645989e-01   2.178e+05 0 inti1215   2.180e+05 1 inti1215   2.128e-01 3.404e+00  1.910e+05
1.682084e-01   2.189e+05 0 inti1215   2.190e+05 1 inti1215   2.125e-01 3.400e+00  1.917e+05
1.718164e-01   3.089e+05 0 inti1215   3.091e+05 1 inti1215   2.984e-01 4.774e+00  1.931e+05
1.753517e-01   2.216e+05 2 inti1215   2.218e+05 1 inti1215   2.131e-01 3.410e+00  1.932e+05
1.788035e-01   2.215e+05 2 inti1215   2.217e+05 1 inti1215   2.122e-01 3.394e+00  1.936e+05
1.821101e-01   2.268e+05 2 inti1215   2.270e+05 1 inti1215   2.166e-01 3.466e+00  1.961e+05
1.853495e-01   3.130e+05 0 inti1215   3.131e+05 1 inti1215   2.982e-01 4.772e+00  1.974e+05
1.885088e-01   2.241e+05 0 inti1215   2.243e+05 1 inti1215   2.133e-01 3.413e+00  1.958e+05
1.918044e-01   2.253e+05 2 inti1215   2.255e+05 1 inti1215   2.142e-01 3.428e+00  1.971e+05
1.950286e-01   2.253e+05 2 inti1215   2.254e+05 1 inti1215   2.141e-01 3.426e+00  1.970e+05
1.981775e-01   3.069e+05 2 inti1215   3.071e+05 1 inti1215   2.916e-01 4.665e+00  1.987e+05
