#   1 : Date        
# Date        
0.000000e+00
1.807392e-05
2.865299e-05
3.680825e-05
4.331462e-05
4.906367e-05
5.538763e-05
6.204872e-05
6.795979e-05
7.446196e-05
8.161436e-05
8.947053e-05
9.702468e-05
1.053342e-04
1.143002e-04
1.241628e-04
1.337027e-04
1.436480e-04
1.545879e-04
1.657374e-04
1.769297e-04
1.886124e-04
2.010176e-04
2.132284e-04
2.257171e-04
2.388127e-04
2.521957e-04
2.655017e-04
2.797183e-04
2.939297e-04
3.084532e-04
3.235230e-04
3.388720e-04
3.545256e-04
3.707045e-04
3.871136e-04
4.039712e-04
4.213429e-04
4.389057e-04
4.566041e-04
4.748726e-04
4.934284e-04
5.123968e-04
5.317204e-04
5.513472e-04
5.713195e-04
5.916317e-04
6.121877e-04
6.330631e-04
6.541431e-04
6.756129e-04
6.973298e-04
7.193540e-04
7.416524e-04
7.642145e-04
7.870888e-04
8.102207e-04
8.336410e-04
8.572999e-04
8.811975e-04
9.052984e-04
9.296850e-04
9.542344e-04
9.790738e-04
1.004049e-03
1.028487e-03
1.051844e-03
1.074522e-03
1.096623e-03
1.109119e-03
1.121903e-03
1.135235e-03
1.149204e-03
1.161693e-03
1.174447e-03
1.187642e-03
1.201531e-03
1.214145e-03
1.227035e-03
1.240361e-03
1.254341e-03
1.267200e-03
1.280321e-03
1.293830e-03
1.307918e-03
1.321047e-03
1.334406e-03
1.348088e-03
1.362256e-03
1.377138e-03
1.390762e-03
1.404655e-03
1.418934e-03
1.433775e-03
1.449411e-03
1.463527e-03
1.477949e-03
1.492811e-03
1.508296e-03
1.523580e-03
1.538166e-03
1.553091e-03
1.568175e-03
1.583544e-03
1.598874e-03
1.613887e-03
1.629239e-03
1.645064e-03
1.660860e-03
1.676987e-03
1.692385e-03
1.708130e-03
1.724361e-03
1.740948e-03
1.757397e-03
1.773160e-03
1.789275e-03
1.805861e-03
1.823128e-03
1.841429e-03
1.857584e-03
1.874071e-03
1.891035e-03
1.908746e-03
1.927404e-03
1.943879e-03
1.960702e-03
1.977972e-03
1.995881e-03
2.014939e-03
2.035460e-03
2.052664e-03
2.070359e-03
2.088812e-03
2.108220e-03
2.125351e-03
2.142821e-03
2.160719e-03
2.179230e-03
2.198864e-03
2.219930e-03
2.237691e-03
2.255904e-03
2.274822e-03
2.294648e-03
2.312303e-03
2.330269e-03
2.348616e-03
2.367522e-03
2.387523e-03
2.408863e-03
2.427048e-03
2.445644e-03
2.464884e-03
2.484975e-03
2.503058e-03
2.521426e-03
2.540136e-03
2.559358e-03
2.579626e-03
2.601134e-03
2.619697e-03
2.638639e-03
2.658070e-03
2.678175e-03
2.699471e-03
2.722155e-03
2.741301e-03
2.760862e-03
2.781063e-03
2.802121e-03
2.824558e-03
2.843866e-03
2.863520e-03
2.883683e-03
2.904890e-03
2.927304e-03
2.946742e-03
2.966533e-03
2.986763e-03
3.007614e-03
3.029625e-03
3.052920e-03
3.072831e-03
3.093112e-03
3.113853e-03
3.135231e-03
3.157789e-03
3.181633e-03
3.201957e-03
3.222642e-03
3.243774e-03
3.265525e-03
3.288434e-03
3.312603e-03
3.333276e-03
3.354294e-03
3.375729e-03
3.397751e-03
3.420895e-03
3.442971e-03
3.463910e-03
3.485166e-03
3.506793e-03
3.528952e-03
3.552174e-03
3.576555e-03
3.597752e-03
3.619253e-03
3.641107e-03
3.663464e-03
3.686852e-03
3.711367e-03
3.737535e-03
3.759347e-03
3.781529e-03
3.804218e-03
3.827639e-03
3.851915e-03
3.877567e-03
3.904983e-03
3.927403e-03
3.950252e-03
3.973726e-03
3.998216e-03
4.024252e-03
4.051812e-03
4.074490e-03
4.097538e-03
4.121029e-03
4.145111e-03
4.170291e-03
4.196568e-03
4.224476e-03
4.247588e-03
4.271020e-03
4.294890e-03
4.319395e-03
4.344902e-03
4.371915e-03
4.400355e-03
4.423854e-03
4.447674e-03
4.471866e-03
4.496559e-03
4.522245e-03
4.548929e-03
4.577124e-03
4.600877e-03
4.624904e-03
4.649295e-03
4.674104e-03
4.699456e-03
4.725821e-03
4.753160e-03
4.781985e-03
4.812641e-03
4.837246e-03
4.862218e-03
4.887596e-03
4.913495e-03
4.940368e-03
4.968155e-03
4.997358e-03
5.028306e-03
5.053349e-03
5.078725e-03
5.104452e-03
5.130632e-03
5.157411e-03
5.185082e-03
5.214050e-03
5.244127e-03
5.275879e-03
5.307250e-03
5.333255e-03
5.359619e-03
5.386367e-03
5.413589e-03
5.441692e-03
5.470584e-03
5.500732e-03
5.532416e-03
5.558535e-03
5.584928e-03
5.611597e-03
5.638615e-03
5.665989e-03
5.693795e-03
5.722410e-03
5.752120e-03
5.782499e-03
5.814715e-03
5.848591e-03
5.884193e-03
5.911526e-03
5.939175e-03
5.967131e-03
5.995460e-03
6.024258e-03
6.053739e-03
6.083824e-03
6.115012e-03
6.147371e-03
6.181125e-03
6.216718e-03
6.253679e-03
6.281990e-03
6.310596e-03
6.339471e-03
6.368655e-03
6.398135e-03
6.427948e-03
6.458377e-03
6.489598e-03
6.521060e-03
6.553953e-03
6.587945e-03
6.623224e-03
6.660179e-03
6.698414e-03
6.736849e-03
6.775560e-03
6.805533e-03
6.835755e-03
6.866188e-03
6.896858e-03
6.927746e-03
6.958872e-03
6.990443e-03
7.022567e-03
7.055374e-03
7.089036e-03
7.122178e-03
7.157206e-03
7.193066e-03
7.229952e-03
7.268030e-03
7.307409e-03
7.348248e-03
7.382113e-03
7.416353e-03
7.450942e-03
7.485945e-03
7.521138e-03
7.553727e-03
7.586325e-03
7.618544e-03
7.650895e-03
7.683354e-03
7.715934e-03
7.748621e-03
7.781424e-03
7.814333e-03
7.847355e-03
7.878692e-03
7.911926e-03
7.943283e-03
7.976726e-03
8.008156e-03
8.039561e-03
8.073315e-03
8.105813e-03
8.139184e-03
8.172430e-03
8.206612e-03
8.240804e-03
8.274999e-03
8.309196e-03
8.343392e-03
8.377587e-03
8.411774e-03
8.445954e-03
8.480121e-03
8.514273e-03
8.548408e-03
8.582522e-03
8.616612e-03
8.650675e-03
8.684710e-03
8.718714e-03
8.752685e-03
8.786621e-03
8.820523e-03
8.854387e-03
8.888217e-03
8.922010e-03
8.955771e-03
8.989497e-03
9.023198e-03
9.056870e-03
9.091034e-03
9.125201e-03
9.159448e-03
9.193733e-03
9.228127e-03
9.262538e-03
9.297015e-03
9.331527e-03
9.366132e-03
9.400798e-03
9.435581e-03
9.470453e-03
9.505465e-03
9.540591e-03
9.575879e-03
9.611304e-03
9.646911e-03
9.682677e-03
9.718643e-03
9.754785e-03
9.791143e-03
9.822747e-03
9.856541e-03
9.888090e-03
9.921865e-03
9.953388e-03
9.987168e-03
1.001869e-02
1.005250e-02
1.008404e-02
1.011788e-02
1.014945e-02
1.018333e-02
1.021494e-02
1.024887e-02
1.028052e-02
1.031450e-02
1.034619e-02
1.038023e-02
1.041196e-02
1.044605e-02
1.047782e-02
1.051196e-02
1.054377e-02
1.057749e-02
1.060933e-02
1.064263e-02
1.067511e-02
1.070953e-02
1.074140e-02
1.077418e-02
1.080673e-02
1.084123e-02
1.087390e-02
1.090814e-02
1.094089e-02
1.097490e-02
1.100774e-02
1.104155e-02
1.107450e-02
1.110814e-02
1.114127e-02
1.117649e-02
1.120990e-02
1.124546e-02
1.127519e-02
1.130789e-02
1.134215e-02
1.137863e-02
1.141376e-02
1.145082e-02
1.147835e-02
1.150863e-02
1.154194e-02
1.157804e-02
1.161391e-02
1.164949e-02
1.167508e-02
1.170322e-02
1.173417e-02
1.176822e-02
1.180287e-02
1.183732e-02
1.187162e-02
1.190577e-02
1.193311e-02
1.196054e-02
1.198739e-02
1.201455e-02
1.203772e-02
1.206320e-02
1.209101e-02
1.211946e-02
1.214894e-02
1.217929e-02
1.220217e-02
1.222733e-02
1.225501e-02
1.228546e-02
1.231896e-02
1.235580e-02
1.238374e-02
1.241446e-02
1.244108e-02
1.246814e-02
1.249448e-02
1.252228e-02
1.255055e-02
1.257940e-02
1.260898e-02
1.263927e-02
1.266980e-02
1.270188e-02
1.273529e-02
1.276931e-02
1.279966e-02
1.283276e-02
1.286048e-02
1.288990e-02
1.292002e-02
1.295250e-02
1.298024e-02
1.300945e-02
1.303893e-02
1.306887e-02
1.309659e-02
1.312561e-02
1.315542e-02
1.318694e-02
1.321471e-02
1.324361e-02
1.327319e-02
1.330403e-02
1.333669e-02
1.335888e-02
1.338038e-02
1.340134e-02
1.342198e-02
1.344249e-02
1.346301e-02
1.348358e-02
1.350427e-02
1.352485e-02
1.354537e-02
1.356580e-02
1.358623e-02
1.360660e-02
1.362704e-02
1.364745e-02
1.366805e-02
1.368898e-02
1.370698e-02
1.372497e-02
1.374305e-02
1.376121e-02
1.377955e-02
1.379800e-02
1.381493e-02
1.383192e-02
1.384891e-02
1.386599e-02
1.388310e-02
1.390019e-02
1.391741e-02
1.393476e-02
1.395099e-02
1.396730e-02
1.398363e-02
1.400009e-02
1.401663e-02
1.403322e-02
1.405003e-02
1.406704e-02
1.408294e-02
1.409896e-02
1.411505e-02
1.413124e-02
1.414767e-02
1.416435e-02
1.418001e-02
1.419582e-02
1.421173e-02
1.422785e-02
1.424419e-02
1.426069e-02
1.427626e-02
1.429199e-02
1.430779e-02
1.432383e-02
1.433926e-02
1.435478e-02
1.437030e-02
1.438599e-02
1.440177e-02
1.441772e-02
1.443306e-02
1.444852e-02
1.446402e-02
1.447974e-02
1.449564e-02
1.451175e-02
1.452711e-02
1.454262e-02
1.455821e-02
1.457395e-02
1.458998e-02
1.460638e-02
1.462178e-02
1.463737e-02
1.465310e-02
1.466902e-02
1.468429e-02
1.469969e-02
1.471514e-02
1.473072e-02
1.474650e-02
1.476261e-02
1.477785e-02
1.479326e-02
1.480877e-02
1.482442e-02
1.484029e-02
1.485648e-02
1.487181e-02
1.488729e-02
1.490286e-02
1.491852e-02
1.493436e-02
1.495050e-02
1.496701e-02
1.498391e-02
1.499954e-02
1.501534e-02
1.503123e-02
1.504720e-02
1.506333e-02
1.507976e-02
1.509657e-02
1.511377e-02
1.513009e-02
1.514639e-02
1.516273e-02
1.517929e-02
1.519607e-02
1.521314e-02
1.523051e-02
1.524818e-02
1.526573e-02
1.528337e-02
1.530100e-02
1.531856e-02
1.533613e-02
1.535391e-02
1.537189e-02
1.539012e-02
1.540864e-02
1.542745e-02
1.544620e-02
1.546502e-02
1.548381e-02
1.550247e-02
1.552109e-02
1.553992e-02
1.555891e-02
1.557817e-02
1.559767e-02
1.561743e-02
1.563722e-02
1.565760e-02
1.567742e-02
1.569923e-02
1.571886e-02
1.573869e-02
1.575865e-02
1.577885e-02
1.579923e-02
1.581985e-02
1.584069e-02
1.586176e-02
1.588313e-02
1.590449e-02
1.592563e-02
1.594656e-02
1.596737e-02
1.598837e-02
1.600951e-02
1.603092e-02
1.605255e-02
1.607439e-02
1.609654e-02
1.611893e-02
1.614179e-02
1.616493e-02
1.618774e-02
1.621055e-02
1.623343e-02
1.625640e-02
1.627958e-02
1.630278e-02
1.632629e-02
1.634988e-02
1.637375e-02
1.639873e-02
1.642505e-02
1.645233e-02
1.648070e-02
1.650915e-02
1.653748e-02
1.656572e-02
1.659390e-02
1.662197e-02
1.665017e-02
1.667853e-02
1.670738e-02
1.673641e-02
1.676647e-02
1.679669e-02
1.682809e-02
1.685962e-02
1.689201e-02
1.692476e-02
1.695675e-02
1.698902e-02
1.702065e-02
1.705250e-02
1.708381e-02
1.711532e-02
1.714639e-02
1.717848e-02
1.721057e-02
1.724262e-02
1.727479e-02
1.730705e-02
1.733953e-02
1.737223e-02
1.740525e-02
1.743863e-02
1.747184e-02
1.750536e-02
1.753882e-02
1.757094e-02
1.760347e-02
1.763443e-02
1.766564e-02
1.769564e-02
1.772579e-02
1.775508e-02
1.778564e-02
1.781448e-02
1.784620e-02
1.787474e-02
1.790598e-02
1.793438e-02
1.796490e-02
1.799322e-02
1.802332e-02
1.805494e-02
1.808972e-02
1.812475e-02
1.815946e-02
1.819386e-02
1.822795e-02
1.826178e-02
1.829536e-02
1.832881e-02
1.836223e-02
1.839556e-02
1.842882e-02
1.846541e-02
1.849851e-02
1.853300e-02
1.856594e-02
1.860131e-02
1.863408e-02
1.867013e-02
1.870278e-02
1.873868e-02
1.877110e-02
1.880675e-02
1.883889e-02
1.887425e-02
1.891275e-02
1.895122e-02
1.898967e-02
1.902806e-02
1.906640e-02
1.910467e-02
1.914288e-02
1.918103e-02
1.921452e-02
1.924841e-02
1.928271e-02
1.931748e-02
1.935278e-02
1.938862e-02
1.942058e-02
1.945264e-02
1.948484e-02
1.951705e-02
1.954942e-02
1.958182e-02
1.961431e-02
1.964815e-02
1.968316e-02
1.971895e-02
1.975486e-02
1.979070e-02
1.982632e-02
1.986189e-02
1.989726e-02
1.993260e-02
1.996750e-02
2.000264e-02
2.003757e-02
2.007257e-02
2.010747e-02
2.014243e-02
2.017723e-02
2.021164e-02
2.024581e-02
2.028015e-02
2.031457e-02
2.034929e-02
2.038416e-02
2.041934e-02
2.045463e-02
2.049012e-02
2.052397e-02
2.055787e-02
2.059202e-02
2.062636e-02
2.066108e-02
2.069610e-02
2.073166e-02
2.076766e-02
2.080443e-02
2.084119e-02
2.087835e-02
2.091561e-02
2.095254e-02
2.098962e-02
2.102645e-02
2.106356e-02
2.110036e-02
2.113751e-02
2.117328e-02
2.121055e-02
2.124703e-02
2.128311e-02
2.132026e-02
2.135694e-02
2.139413e-02
2.143151e-02
2.146865e-02
2.150270e-02
2.153739e-02
2.157168e-02
2.160675e-02
2.164169e-02
2.167774e-02
2.171365e-02
2.174989e-02
2.178584e-02
2.182190e-02
2.185769e-02
2.189371e-02
2.192941e-02
2.196558e-02
2.200126e-02
2.203762e-02
2.207434e-02
2.211123e-02
2.214866e-02
2.218605e-02
2.222403e-02
2.226148e-02
2.229954e-02
2.233722e-02
2.237548e-02
2.241342e-02
2.245191e-02
2.249008e-02
2.252851e-02
2.256704e-02
2.260595e-02
2.264502e-02
2.268448e-02
2.272416e-02
2.276425e-02
2.280465e-02
2.284550e-02
2.288683e-02
2.292871e-02
2.297122e-02
2.301450e-02
2.305829e-02
2.309901e-02
2.313977e-02
2.318058e-02
2.322145e-02
2.326236e-02
2.330331e-02
2.334428e-02
2.338528e-02
2.342629e-02
2.346731e-02
2.350834e-02
2.354939e-02
2.359045e-02
2.363152e-02
2.367261e-02
2.371371e-02
2.375484e-02
2.379598e-02
2.383717e-02
2.387837e-02
2.391962e-02
2.396091e-02
2.400226e-02
2.404365e-02
2.408513e-02
2.412755e-02
2.417081e-02
2.421469e-02
2.425684e-02
2.429916e-02
2.434157e-02
2.438360e-02
2.442541e-02
2.446740e-02
2.450946e-02
2.455176e-02
2.459419e-02
2.463676e-02
2.467941e-02
2.472190e-02
2.476431e-02
2.480683e-02
2.484942e-02
2.489201e-02
2.493464e-02
2.497732e-02
2.502008e-02
2.506288e-02
2.510576e-02
2.514867e-02
2.519166e-02
2.523523e-02
2.527954e-02
2.532414e-02
2.536732e-02
2.541068e-02
2.545415e-02
2.549732e-02
2.554033e-02
2.558350e-02
2.562675e-02
2.567024e-02
2.571386e-02
2.575765e-02
2.580151e-02
2.584519e-02
2.588876e-02
2.593247e-02
2.597628e-02
2.602007e-02
2.606388e-02
2.610783e-02
2.615190e-02
2.619598e-02
2.624012e-02
2.628430e-02
2.632858e-02
2.637290e-02
2.641735e-02
2.646219e-02
2.650705e-02
2.655193e-02
2.659638e-02
2.664102e-02
2.668579e-02
2.673022e-02
2.677446e-02
2.681889e-02
2.686341e-02
2.690820e-02
2.695314e-02
2.699827e-02
2.704350e-02
2.708858e-02
2.713357e-02
2.717870e-02
2.722393e-02
2.726929e-02
2.731476e-02
2.736012e-02
2.740547e-02
2.745088e-02
2.749638e-02
2.754196e-02
2.758764e-02
2.763343e-02
2.767928e-02
2.772516e-02
2.777110e-02
2.781707e-02
2.786309e-02
2.790873e-02
2.795416e-02
2.799972e-02
2.804536e-02
2.809123e-02
2.813725e-02
2.818349e-02
2.822977e-02
2.827594e-02
2.832196e-02
2.836813e-02
2.841439e-02
2.846083e-02
2.850732e-02
2.855384e-02
2.860041e-02
2.864701e-02
2.869354e-02
2.874019e-02
2.878693e-02
2.883370e-02
2.888053e-02
2.892739e-02
2.897427e-02
2.902121e-02
2.906822e-02
2.911526e-02
2.916237e-02
2.920951e-02
2.925671e-02
2.930395e-02
2.935125e-02
2.939859e-02
2.944599e-02
2.949305e-02
2.953986e-02
2.958678e-02
2.963378e-02
2.968101e-02
2.972840e-02
2.977604e-02
2.982384e-02
2.987127e-02
2.991849e-02
2.996586e-02
3.001332e-02
3.006100e-02
3.010883e-02
3.015681e-02
3.020489e-02
3.025281e-02
3.030066e-02
3.034863e-02
3.039669e-02
3.044487e-02
3.049314e-02
3.054131e-02
3.058944e-02
3.063768e-02
3.068601e-02
3.073433e-02
3.078269e-02
3.083114e-02
3.087967e-02
3.092850e-02
3.097735e-02
3.102625e-02
3.107517e-02
3.112412e-02
3.117310e-02
3.122212e-02
3.127115e-02
3.132023e-02
3.136893e-02
3.141786e-02
3.146700e-02
3.151579e-02
3.156440e-02
3.161319e-02
3.166207e-02
3.171119e-02
3.176045e-02
3.180975e-02
3.185906e-02
3.190840e-02
3.195774e-02
3.200700e-02
3.205596e-02
3.210507e-02
3.215425e-02
3.220359e-02
3.225289e-02
3.230217e-02
3.235144e-02
3.240072e-02
3.245002e-02
3.249934e-02
3.254869e-02
3.259806e-02
3.264726e-02
3.269662e-02
3.274605e-02
3.279552e-02
3.284500e-02
3.289450e-02
3.294401e-02
3.299354e-02
3.304307e-02
3.309262e-02
3.314217e-02
3.319173e-02
3.324129e-02
3.329086e-02
3.334043e-02
3.339000e-02
3.343957e-02
3.348914e-02
3.353871e-02
3.358828e-02
3.363784e-02
3.368740e-02
3.373695e-02
3.378651e-02
3.383605e-02
3.388560e-02
3.393513e-02
3.398467e-02
3.403419e-02
3.408372e-02
3.413323e-02
3.418275e-02
3.423225e-02
3.428176e-02
3.433126e-02
3.438076e-02
3.443025e-02
3.447974e-02
3.452923e-02
3.457871e-02
3.462820e-02
3.467769e-02
3.472717e-02
3.477666e-02
3.482615e-02
3.487564e-02
3.492515e-02
3.497465e-02
3.502381e-02
3.507333e-02
3.512206e-02
3.517161e-02
3.521991e-02
3.526950e-02
3.531740e-02
3.536665e-02
3.541416e-02
3.546302e-02
3.551015e-02
3.555863e-02
3.560539e-02
3.565350e-02
3.569992e-02
3.574767e-02
3.579375e-02
3.584116e-02
3.588691e-02
3.593399e-02
3.597942e-02
3.602617e-02
3.607130e-02
3.611774e-02
3.616257e-02
3.620871e-02
3.625325e-02
3.629910e-02
3.634337e-02
3.638893e-02
3.643293e-02
3.647821e-02
3.652195e-02
3.656697e-02
3.661046e-02
3.665522e-02
3.669847e-02
3.674297e-02
3.678598e-02
3.683024e-02
3.687302e-02
3.691704e-02
3.695959e-02
3.700337e-02
3.704569e-02
3.708924e-02
3.713134e-02
3.717465e-02
3.721654e-02
3.725962e-02
3.730127e-02
3.734411e-02
3.738553e-02
3.742812e-02
3.746928e-02
3.751159e-02
3.755245e-02
3.759442e-02
3.763491e-02
3.767648e-02
3.771647e-02
3.775752e-02
3.779689e-02
3.783727e-02
3.787586e-02
3.791546e-02
3.795329e-02
3.799239e-02
3.802943e-02
3.806793e-02
3.810454e-02
3.814275e-02
3.817921e-02
3.821743e-02
3.825404e-02
3.829258e-02
3.832964e-02
3.836801e-02
3.840582e-02
3.844318e-02
3.848017e-02
3.851663e-02
3.855272e-02
3.858841e-02
3.862382e-02
3.865906e-02
3.869420e-02
3.872932e-02
3.876449e-02
3.879974e-02
3.883513e-02
3.887070e-02
3.890648e-02
3.894251e-02
3.897883e-02
3.901543e-02
3.905237e-02
3.908965e-02
3.912736e-02
3.916537e-02
3.920290e-02
3.924016e-02
3.927699e-02
3.931355e-02
3.934966e-02
3.938555e-02
3.942099e-02
3.945633e-02
3.949126e-02
3.952629e-02
3.956096e-02
3.959580e-02
3.963028e-02
3.966498e-02
3.969935e-02
3.973402e-02
3.976846e-02
3.980327e-02
3.983790e-02
3.987297e-02
3.990790e-02
3.994323e-02
3.997843e-02
4.001410e-02
4.004967e-02
4.008577e-02
4.012179e-02
4.015840e-02
4.019495e-02
4.023149e-02
4.026862e-02
4.030506e-02
4.034264e-02
4.037911e-02
4.041683e-02
4.045350e-02
4.049160e-02
4.052878e-02
4.056746e-02
4.060556e-02
4.064516e-02
4.068475e-02
4.072591e-02
4.076788e-02
4.081116e-02
4.085434e-02
4.089678e-02
4.093761e-02
4.097811e-02
4.101740e-02
4.105664e-02
4.109533e-02
4.113413e-02
4.117301e-02
4.121213e-02
4.125188e-02
4.129195e-02
4.133323e-02
4.137486e-02
4.141826e-02
4.146184e-02
4.150496e-02
4.154758e-02
4.158906e-02
4.163032e-02
4.167058e-02
4.171083e-02
4.175057e-02
4.179048e-02
4.183044e-02
4.187072e-02
4.191164e-02
4.195301e-02
4.199568e-02
4.203884e-02
4.208268e-02
4.212656e-02
4.216967e-02
4.221251e-02
4.225422e-02
4.229598e-02
4.233708e-02
4.237308e-02
4.240890e-02
4.244453e-02
4.248002e-02
4.251536e-02
4.255058e-02
4.258590e-02
4.262141e-02
4.265722e-02
4.269345e-02
4.273017e-02
4.276757e-02
4.280562e-02
4.284397e-02
4.288286e-02
4.292246e-02
4.296289e-02
4.300424e-02
4.304667e-02
4.309017e-02
4.313465e-02
4.317915e-02
4.322368e-02
4.326825e-02
4.330283e-02
4.333747e-02
4.337215e-02
4.340689e-02
4.344167e-02
4.347654e-02
4.351151e-02
4.354669e-02
4.358221e-02
4.361813e-02
4.365454e-02
4.369155e-02
4.372920e-02
4.376763e-02
4.380679e-02
4.384611e-02
4.388595e-02
4.392647e-02
4.396780e-02
4.400999e-02
4.405319e-02
4.409739e-02
4.414253e-02
4.418771e-02
4.423291e-02
4.427814e-02
4.431335e-02
4.434864e-02
4.438397e-02
4.441938e-02
4.445483e-02
4.449036e-02
4.452595e-02
4.456161e-02
4.459732e-02
4.463310e-02
4.466894e-02
4.470484e-02
4.474081e-02
4.477683e-02
4.481294e-02
4.484917e-02
4.488558e-02
4.492218e-02
4.495902e-02
4.499612e-02
4.503350e-02
4.507121e-02
4.510927e-02
4.514776e-02
4.518669e-02
4.522579e-02
4.526523e-02
4.530509e-02
4.534545e-02
4.538635e-02
4.542782e-02
4.546986e-02
4.551248e-02
4.555569e-02
4.559949e-02
4.564390e-02
4.568890e-02
4.573452e-02
4.578031e-02
4.582612e-02
4.586207e-02
4.589806e-02
4.593407e-02
4.597011e-02
4.600618e-02
4.604228e-02
4.607840e-02
4.611454e-02
4.615071e-02
4.618691e-02
4.622312e-02
4.625937e-02
4.629563e-02
4.633192e-02
4.636822e-02
4.640455e-02
4.644090e-02
4.647728e-02
4.651368e-02
4.655010e-02
4.658654e-02
4.662302e-02
4.665951e-02
4.669604e-02
4.673259e-02
4.676919e-02
4.680581e-02
4.684248e-02
4.687918e-02
4.691594e-02
4.695274e-02
4.698960e-02
4.702653e-02
4.706352e-02
4.710059e-02
4.713775e-02
4.717500e-02
4.721236e-02
4.724983e-02
4.728745e-02
4.732520e-02
4.736312e-02
4.740121e-02
4.743951e-02
4.747801e-02
4.751679e-02
4.755580e-02
4.759517e-02
4.763480e-02
4.767443e-02
4.771455e-02
4.775517e-02
4.779622e-02
4.783772e-02
4.787961e-02
4.792192e-02
4.796457e-02
4.800757e-02
4.805085e-02
4.809445e-02
4.813829e-02
4.818247e-02
4.822683e-02
4.827153e-02
4.831641e-02
4.836160e-02
4.840697e-02
4.845265e-02
4.849849e-02
4.854463e-02
4.859089e-02
4.863718e-02
4.868350e-02
4.872985e-02
4.877624e-02
4.882267e-02
4.886914e-02
4.891564e-02
4.896218e-02
4.900877e-02
4.905539e-02
4.910206e-02
4.914877e-02
4.919551e-02
4.924229e-02
4.928912e-02
4.933598e-02
4.938289e-02
4.942983e-02
4.947682e-02
4.952385e-02
4.957092e-02
4.961802e-02
4.966516e-02
4.971234e-02
4.975956e-02
4.980681e-02
4.985409e-02
4.990141e-02
4.994874e-02
4.999611e-02
5.004350e-02
5.009092e-02
5.013836e-02
5.018583e-02
5.023332e-02
5.028083e-02
5.032836e-02
5.037591e-02
5.042349e-02
5.047107e-02
5.051868e-02
5.056631e-02
5.061395e-02
5.066160e-02
5.070926e-02
5.073392e-02
5.076105e-02
5.078572e-02
5.081287e-02
5.083755e-02
5.086471e-02
5.088941e-02
5.091434e-02
5.093905e-02
5.096399e-02
5.098872e-02
5.101367e-02
5.103841e-02
5.106338e-02
5.108814e-02
5.111313e-02
5.113791e-02
5.116293e-02
5.118774e-02
5.121278e-02
5.123761e-02
5.126269e-02
5.128756e-02
5.131267e-02
5.133757e-02
5.136272e-02
5.138765e-02
5.141284e-02
5.143782e-02
5.146305e-02
5.148807e-02
5.151334e-02
5.153841e-02
5.156373e-02
5.158883e-02
5.161420e-02
5.163936e-02
5.166477e-02
5.168997e-02
5.171544e-02
5.174069e-02
5.176626e-02
5.179171e-02
5.181742e-02
5.184291e-02
5.186868e-02
5.189426e-02
5.192012e-02
5.194575e-02
5.197165e-02
5.199731e-02
5.202325e-02
5.204895e-02
5.207492e-02
5.210065e-02
5.212667e-02
5.215244e-02
5.217850e-02
5.220431e-02
5.223041e-02
5.225628e-02
5.228243e-02
5.230834e-02
5.233454e-02
5.236052e-02
5.238679e-02
5.241282e-02
5.243916e-02
5.246526e-02
5.249168e-02
5.251786e-02
5.254434e-02
5.257058e-02
5.259713e-02
5.262343e-02
5.265003e-02
5.267638e-02
5.270304e-02
5.272944e-02
5.275614e-02
5.278258e-02
5.280932e-02
5.283580e-02
5.286257e-02
5.288908e-02
5.291589e-02
5.294244e-02
5.296928e-02
5.299585e-02
5.302272e-02
5.304932e-02
5.307622e-02
5.310284e-02
5.312977e-02
5.315642e-02
5.318338e-02
5.321006e-02
5.323704e-02
5.326373e-02
5.329073e-02
5.331745e-02
5.334447e-02
5.337121e-02
5.339824e-02
5.342498e-02
5.345202e-02
5.347879e-02
5.350585e-02
5.353264e-02
5.355972e-02
5.358653e-02
5.361363e-02
5.364045e-02
5.366758e-02
5.369441e-02
5.372155e-02
5.374839e-02
5.377553e-02
5.380238e-02
5.382952e-02
5.385637e-02
5.388351e-02
5.391035e-02
5.393750e-02
5.396434e-02
5.399149e-02
5.401834e-02
5.404548e-02
5.407232e-02
5.409946e-02
5.412630e-02
5.415343e-02
5.418026e-02
5.420739e-02
5.423420e-02
5.426132e-02
5.428813e-02
5.431523e-02
5.434203e-02
5.436913e-02
5.439592e-02
5.442301e-02
5.444979e-02
5.447686e-02
5.450363e-02
5.453069e-02
5.455744e-02
5.458448e-02
5.461121e-02
5.463823e-02
5.466495e-02
5.469195e-02
5.471865e-02
5.474564e-02
5.477232e-02
5.479929e-02
5.482596e-02
5.485290e-02
5.487955e-02
5.490647e-02
5.493309e-02
5.495998e-02
5.498657e-02
5.501343e-02
5.503999e-02
5.506681e-02
5.509334e-02
5.512013e-02
5.514663e-02
5.517338e-02
5.519985e-02
5.522657e-02
5.525300e-02
5.527970e-02
5.530610e-02
5.533277e-02
5.535915e-02
5.538579e-02
5.541214e-02
5.543876e-02
5.546509e-02
5.549167e-02
5.551797e-02
5.554689e-02
5.557313e-02
5.560200e-02
5.562823e-02
5.565708e-02
5.568332e-02
5.571218e-02
5.573845e-02
5.576735e-02
5.579368e-02
5.582264e-02
5.584906e-02
5.587812e-02
5.590466e-02
5.593385e-02
5.596055e-02
5.598991e-02
5.601679e-02
5.604636e-02
5.607345e-02
5.610326e-02
5.613061e-02
5.616069e-02
5.618833e-02
5.621852e-02
5.624651e-02
5.627667e-02
5.630507e-02
5.633611e-02
5.636501e-02
5.639644e-02
5.642596e-02
5.645806e-02
5.648836e-02
5.652142e-02
5.655271e-02
5.658569e-02
5.662051e-02
5.665436e-02
5.668820e-02
5.672178e-02
5.675634e-02
5.678970e-02
5.682405e-02
5.685722e-02
5.689137e-02
5.692440e-02
5.695836e-02
5.699126e-02
5.702507e-02
5.705786e-02
5.709153e-02
5.712423e-02
5.715778e-02
5.719039e-02
5.722385e-02
5.725639e-02
5.728976e-02
5.732223e-02
5.735553e-02
5.738795e-02
5.742119e-02
5.745357e-02
5.748676e-02
5.751910e-02
5.755226e-02
5.758457e-02
5.761770e-02
5.764999e-02
5.768309e-02
5.771536e-02
5.774844e-02
5.778069e-02
5.781375e-02
5.784600e-02
5.787905e-02
5.791129e-02
5.794432e-02
5.797656e-02
5.800958e-02
5.804181e-02
5.807470e-02
5.810692e-02
5.813934e-02
5.817155e-02
5.820359e-02
5.823579e-02
5.826766e-02
5.829982e-02
5.833164e-02
5.836376e-02
5.839557e-02
5.842768e-02
5.845950e-02
5.849158e-02
5.852336e-02
5.855542e-02
5.858725e-02
5.861930e-02
5.865110e-02
5.868313e-02
5.871500e-02
5.874701e-02
5.877887e-02
5.881086e-02
5.884269e-02
5.887465e-02
5.890640e-02
5.893832e-02
5.897006e-02
5.900192e-02
5.903361e-02
5.906543e-02
5.909701e-02
5.912878e-02
5.916021e-02
5.919191e-02
5.922316e-02
5.925467e-02
5.928575e-02
5.931707e-02
5.934799e-02
5.937915e-02
5.940991e-02
5.944092e-02
5.947158e-02
5.950254e-02
5.953314e-02
5.956399e-02
5.959449e-02
5.962524e-02
5.965563e-02
5.968627e-02
5.971658e-02
5.974713e-02
5.977736e-02
5.980784e-02
5.983802e-02
5.986844e-02
5.989858e-02
5.992896e-02
5.995906e-02
5.998942e-02
6.001950e-02
6.004984e-02
6.007992e-02
6.011026e-02
6.014035e-02
6.017071e-02
6.020082e-02
6.023120e-02
6.026134e-02
6.029170e-02
6.032179e-02
6.035208e-02
6.038212e-02
6.041235e-02
6.044235e-02
6.047254e-02
6.050251e-02
6.053267e-02
6.056263e-02
6.059278e-02
6.062275e-02
6.065291e-02
6.068289e-02
6.071307e-02
6.074309e-02
6.077331e-02
6.080338e-02
6.083365e-02
6.086378e-02
6.089411e-02
6.092432e-02
6.095473e-02
6.098504e-02
6.101554e-02
6.104595e-02
6.107655e-02
6.110708e-02
6.113779e-02
6.116845e-02
6.119928e-02
6.123008e-02
6.126105e-02
6.129201e-02
6.132313e-02
6.135429e-02
6.138559e-02
6.141696e-02
6.144847e-02
6.148010e-02
6.151187e-02
6.154381e-02
6.157589e-02
6.160821e-02
6.164068e-02
6.167347e-02
6.170643e-02
6.173978e-02
6.177331e-02
6.180731e-02
6.184144e-02
6.187607e-02
6.191073e-02
6.194589e-02
6.198100e-02
6.201658e-02
6.205203e-02
6.208806e-02
6.212402e-02
6.216091e-02
6.219802e-02
6.223630e-02
6.227497e-02
6.231409e-02
6.235353e-02
6.239286e-02
6.243254e-02
6.247214e-02
6.251209e-02
6.255201e-02
6.259231e-02
6.263261e-02
6.267329e-02
6.271372e-02
6.275429e-02
6.279465e-02
6.283515e-02
6.287546e-02
6.291592e-02
6.295624e-02
6.299669e-02
6.303705e-02
6.307755e-02
6.311799e-02
6.315860e-02
6.319920e-02
6.323998e-02
6.328080e-02
6.332182e-02
6.336291e-02
6.340423e-02
6.344564e-02
6.348732e-02
6.352911e-02
6.357122e-02
6.361343e-02
6.365600e-02
6.369869e-02
6.374178e-02
6.378481e-02
6.382794e-02
6.387094e-02
6.391404e-02
6.395706e-02
6.400017e-02
6.404323e-02
6.408638e-02
6.412952e-02
6.417276e-02
6.421601e-02
6.425937e-02
6.430276e-02
6.434626e-02
6.438983e-02
6.443352e-02
6.447730e-02
6.452122e-02
6.456525e-02
6.460944e-02
6.465375e-02
6.469826e-02
6.474289e-02
6.478778e-02
6.483281e-02
6.487813e-02
6.492358e-02
6.496937e-02
6.501510e-02
6.506093e-02
6.510662e-02
6.515239e-02
6.519262e-02
6.523655e-02
6.526820e-02
6.530164e-02
6.533660e-02
6.537197e-02
6.540858e-02
6.544527e-02
6.548211e-02
6.551988e-02
6.555767e-02
6.559631e-02
6.563490e-02
6.567461e-02
6.571386e-02
6.575435e-02
6.579438e-02
6.583574e-02
6.587666e-02
6.591898e-02
6.596088e-02
6.600423e-02
6.604719e-02
6.609161e-02
6.613568e-02
6.618119e-02
6.622616e-02
6.627211e-02
6.631732e-02
6.636356e-02
6.640908e-02
6.645566e-02
6.650156e-02
6.654865e-02
6.659498e-02
6.664244e-02
6.668915e-02
6.673661e-02
6.678379e-02
6.683129e-02
6.687881e-02
6.692640e-02
6.697404e-02
6.702175e-02
6.706953e-02
6.711741e-02
6.716537e-02
6.721345e-02
6.726164e-02
6.730995e-02
6.735839e-02
6.740697e-02
6.745568e-02
6.750456e-02
6.755357e-02
6.760278e-02
6.765204e-02
6.770144e-02
6.775070e-02
6.780007e-02
6.784931e-02
6.789863e-02
6.794785e-02
6.799714e-02
6.804634e-02
6.809559e-02
6.814478e-02
6.819401e-02
6.824319e-02
6.829239e-02
6.834157e-02
6.839075e-02
6.843992e-02
6.848908e-02
6.853824e-02
6.858739e-02
6.863653e-02
6.868566e-02
6.873479e-02
6.878392e-02
6.883306e-02
6.888223e-02
6.893141e-02
6.898067e-02
6.902966e-02
6.907854e-02
6.912720e-02
6.917574e-02
6.922412e-02
6.927241e-02
6.932062e-02
6.936877e-02
6.941692e-02
6.946506e-02
6.951327e-02
6.956153e-02
6.960992e-02
6.965845e-02
6.970714e-02
6.975604e-02
6.980515e-02
6.985454e-02
6.990387e-02
6.995338e-02
7.000278e-02
7.005233e-02
7.010183e-02
7.015143e-02
7.020106e-02
7.025076e-02
7.030053e-02
7.035039e-02
7.040037e-02
7.045043e-02
7.050066e-02
7.055100e-02
7.060154e-02
7.065222e-02
7.070311e-02
7.075405e-02
7.080523e-02
7.085615e-02
7.090732e-02
7.095824e-02
7.100941e-02
7.106035e-02
7.111154e-02
7.116251e-02
7.121374e-02
7.126476e-02
7.131604e-02
7.136713e-02
7.141849e-02
7.146968e-02
7.152114e-02
7.157244e-02
7.162403e-02
7.167547e-02
7.172721e-02
7.177882e-02
7.183073e-02
7.188252e-02
7.193462e-02
7.198661e-02
7.203892e-02
7.209113e-02
7.214365e-02
7.219608e-02
7.224882e-02
7.230147e-02
7.235442e-02
7.240730e-02
7.246032e-02
7.251339e-02
7.256652e-02
7.261968e-02
7.267296e-02
7.272630e-02
7.277979e-02
7.283336e-02
7.288713e-02
7.294089e-02
7.299491e-02
7.304879e-02
7.310292e-02
7.315688e-02
7.321111e-02
7.326512e-02
7.331940e-02
7.337343e-02
7.342775e-02
7.348180e-02
7.353615e-02
7.359022e-02
7.364459e-02
7.369868e-02
7.375306e-02
7.380713e-02
7.386151e-02
7.391557e-02
7.396993e-02
7.402396e-02
7.407830e-02
7.413228e-02
7.418659e-02
7.424052e-02
7.429478e-02
7.434866e-02
7.440288e-02
7.445670e-02
7.451086e-02
7.456462e-02
7.461873e-02
7.467243e-02
7.472648e-02
7.478011e-02
7.483409e-02
7.488767e-02
7.494158e-02
7.499509e-02
7.504894e-02
7.510238e-02
7.515616e-02
7.520953e-02
7.526325e-02
7.531656e-02
7.537022e-02
7.542347e-02
7.547707e-02
7.553027e-02
7.558381e-02
7.563695e-02
7.569044e-02
7.574353e-02
7.579695e-02
7.584999e-02
7.590336e-02
7.595635e-02
7.600967e-02
7.606260e-02
7.611587e-02
7.616877e-02
7.622199e-02
7.627484e-02
7.632802e-02
7.638083e-02
7.643397e-02
7.648674e-02
7.653983e-02
7.659256e-02
7.664561e-02
7.669831e-02
7.675132e-02
7.680398e-02
7.685695e-02
7.690957e-02
7.696250e-02
7.701508e-02
7.706797e-02
7.712052e-02
7.717337e-02
7.722589e-02
7.727870e-02
7.733117e-02
7.738394e-02
7.743638e-02
7.748911e-02
7.754150e-02
7.759419e-02
7.764655e-02
7.769919e-02
7.775151e-02
7.780411e-02
7.785638e-02
7.790893e-02
7.796115e-02
7.801365e-02
7.806583e-02
7.811827e-02
7.817040e-02
7.822279e-02
7.827486e-02
7.832720e-02
7.837922e-02
7.843149e-02
7.848345e-02
7.853566e-02
7.858757e-02
7.863972e-02
7.869156e-02
7.874364e-02
7.879542e-02
7.884743e-02
7.889915e-02
7.895109e-02
7.900274e-02
7.905461e-02
7.910619e-02
7.915798e-02
7.920949e-02
7.926120e-02
7.931264e-02
7.936427e-02
7.941563e-02
7.946718e-02
7.951846e-02
7.956993e-02
7.962113e-02
7.967251e-02
7.972363e-02
7.977492e-02
7.982595e-02
7.987715e-02
7.992809e-02
7.997920e-02
8.003005e-02
8.008106e-02
8.013182e-02
8.018273e-02
8.023340e-02
8.028420e-02
8.033478e-02
8.037669e-02
8.042185e-02
8.046917e-02
8.051792e-02
8.056420e-02
8.061205e-02
8.065879e-02
8.070677e-02
8.075315e-02
8.080072e-02
8.084661e-02
8.089367e-02
8.093906e-02
8.098561e-02
8.103054e-02
8.107662e-02
8.112112e-02
8.116676e-02
8.121087e-02
8.125611e-02
8.129985e-02
8.134471e-02
8.138811e-02
8.143261e-02
8.147568e-02
8.151985e-02
8.156262e-02
8.160647e-02
8.164895e-02
8.169250e-02
8.173471e-02
8.177798e-02
8.181992e-02
8.186292e-02
8.190461e-02
8.194734e-02
8.198879e-02
8.203127e-02
8.207249e-02
8.211473e-02
8.215573e-02
8.219775e-02
8.223854e-02
8.228034e-02
8.232093e-02
8.236253e-02
8.240292e-02
8.244431e-02
8.248453e-02
8.252573e-02
8.256576e-02
8.260678e-02
8.264664e-02
8.268748e-02
8.272718e-02
8.276784e-02
8.280738e-02
8.284788e-02
8.288727e-02
8.292760e-02
8.296684e-02
8.300702e-02
8.304611e-02
8.308613e-02
8.312507e-02
8.316494e-02
8.320374e-02
8.324346e-02
8.328212e-02
8.332168e-02
8.336019e-02
8.339959e-02
8.343796e-02
8.347720e-02
8.351542e-02
8.355449e-02
8.359254e-02
8.363144e-02
8.366933e-02
8.370805e-02
8.374576e-02
8.378429e-02
8.382182e-02
8.386015e-02
8.389749e-02
8.393561e-02
8.397276e-02
8.401067e-02
8.404762e-02
8.408531e-02
8.412207e-02
8.415954e-02
8.419610e-02
8.423335e-02
8.426971e-02
8.430675e-02
8.434291e-02
8.437974e-02
8.441572e-02
8.445244e-02
8.448838e-02
8.452509e-02
8.456102e-02
8.459762e-02
8.463342e-02
8.466996e-02
8.470575e-02
8.474230e-02
8.477811e-02
8.481460e-02
8.485031e-02
8.488677e-02
8.492250e-02
8.495891e-02
8.499455e-02
8.503094e-02
8.506663e-02
8.510298e-02
8.513860e-02
8.517497e-02
8.521064e-02
8.524699e-02
8.528261e-02
8.531899e-02
8.535468e-02
8.539105e-02
8.542671e-02
8.546313e-02
8.549887e-02
8.553530e-02
8.557101e-02
8.560740e-02
8.564307e-02
8.567940e-02
8.571503e-02
8.575141e-02
8.578714e-02
8.582355e-02
8.585926e-02
8.589564e-02
8.593132e-02
8.596767e-02
8.600332e-02
8.603973e-02
8.607548e-02
8.611193e-02
8.614769e-02
8.618412e-02
8.621985e-02
8.625625e-02
8.629195e-02
8.632833e-02
8.636401e-02
8.640046e-02
8.643626e-02
8.647276e-02
8.650856e-02
8.654505e-02
8.658084e-02
8.661730e-02
8.665307e-02
8.668951e-02
8.672527e-02
8.676169e-02
8.679743e-02
8.683384e-02
8.686959e-02
8.690600e-02
8.694174e-02
8.697816e-02
8.701392e-02
8.705034e-02
8.708612e-02
8.712256e-02
8.715836e-02
8.719483e-02
8.723067e-02
8.726718e-02
8.730307e-02
8.733963e-02
8.737559e-02
8.741222e-02
8.744824e-02
8.748496e-02
8.752107e-02
8.755789e-02
8.759411e-02
8.762402e-02
8.765693e-02
8.768688e-02
8.771983e-02
8.774982e-02
8.778281e-02
8.781283e-02
8.784586e-02
8.787591e-02
8.790898e-02
8.793907e-02
8.797217e-02
8.800230e-02
8.803544e-02
8.806561e-02
8.809878e-02
8.812898e-02
8.816220e-02
8.819243e-02
8.822568e-02
8.825594e-02
8.828923e-02
8.831952e-02
8.835284e-02
8.838316e-02
8.841652e-02
8.844687e-02
8.848026e-02
8.851064e-02
8.854406e-02
8.857447e-02
8.860792e-02
8.863835e-02
8.867183e-02
8.870229e-02
8.873580e-02
8.876629e-02
8.879982e-02
8.883033e-02
8.886389e-02
8.889442e-02
8.892800e-02
8.896495e-02
8.900558e-02
8.904751e-02
8.908985e-02
8.913142e-02
8.917337e-02
8.921457e-02
8.925615e-02
8.929700e-02
8.933824e-02
8.937879e-02
8.941972e-02
8.945999e-02
8.950064e-02
8.954065e-02
8.958106e-02
8.962084e-02
8.966103e-02
8.970061e-02
8.974059e-02
8.977999e-02
8.981980e-02
8.985904e-02
8.989869e-02
8.993779e-02
8.997731e-02
9.001627e-02
9.005567e-02
9.009452e-02
9.013381e-02
9.017256e-02
9.021176e-02
9.025042e-02
9.028954e-02
9.032811e-02
9.036717e-02
9.040567e-02
9.044466e-02
9.048310e-02
9.052203e-02
9.056041e-02
9.059930e-02
9.063763e-02
9.067648e-02
9.071477e-02
9.075358e-02
9.079182e-02
9.083061e-02
9.086881e-02
9.090757e-02
9.094574e-02
9.098448e-02
9.102262e-02
9.106134e-02
9.109945e-02
9.113815e-02
9.117623e-02
9.121491e-02
9.125298e-02
9.129165e-02
9.132968e-02
9.136834e-02
9.140636e-02
9.144501e-02
9.148301e-02
9.152164e-02
9.155962e-02
9.159825e-02
9.163621e-02
9.167483e-02
9.171278e-02
9.175139e-02
9.178933e-02
9.182793e-02
9.186585e-02
9.190445e-02
9.194236e-02
9.198095e-02
9.201885e-02
9.205744e-02
9.209533e-02
9.213391e-02
9.217179e-02
9.221037e-02
9.224824e-02
9.228682e-02
9.232468e-02
9.236327e-02
9.240112e-02
9.243970e-02
9.247755e-02
9.251613e-02
9.255397e-02
9.259255e-02
9.263039e-02
9.266897e-02
9.270681e-02
9.274539e-02
9.278322e-02
9.282180e-02
9.285963e-02
9.289822e-02
9.293604e-02
9.297463e-02
9.301244e-02
9.305103e-02
9.308884e-02
9.312743e-02
9.316524e-02
9.320383e-02
9.324163e-02
9.328022e-02
9.331802e-02
9.335661e-02
9.339439e-02
9.343298e-02
9.347076e-02
9.350933e-02
9.354710e-02
9.358567e-02
9.362343e-02
9.366199e-02
9.369973e-02
9.373828e-02
9.377601e-02
9.381455e-02
9.385227e-02
9.389080e-02
9.392159e-02
9.395546e-02
9.398626e-02
9.402014e-02
9.405096e-02
9.408486e-02
9.411569e-02
9.414960e-02
9.418045e-02
9.421438e-02
9.424525e-02
9.427920e-02
9.431008e-02
9.434405e-02
9.437494e-02
9.440893e-02
9.443985e-02
9.447386e-02
9.450479e-02
9.453882e-02
9.456978e-02
9.460383e-02
9.463480e-02
9.466887e-02
9.469986e-02
9.473394e-02
9.476495e-02
9.479905e-02
9.483007e-02
9.486420e-02
9.489523e-02
9.492937e-02
9.496042e-02
9.499457e-02
9.502564e-02
9.505980e-02
9.509088e-02
9.512505e-02
9.515614e-02
9.519032e-02
9.522141e-02
9.525561e-02
9.528671e-02
9.532091e-02
9.535201e-02
9.538622e-02
9.541732e-02
9.545153e-02
9.548873e-02
9.552677e-02
9.556398e-02
9.560198e-02
9.563914e-02
9.567707e-02
9.571417e-02
9.575206e-02
9.578910e-02
9.582693e-02
9.586393e-02
9.590172e-02
9.593867e-02
9.597641e-02
9.601333e-02
9.605103e-02
9.608791e-02
9.612558e-02
9.616243e-02
9.620007e-02
9.623689e-02
9.627451e-02
9.631131e-02
9.634891e-02
9.638569e-02
9.642327e-02
9.646003e-02
9.649760e-02
9.653435e-02
9.657190e-02
9.660864e-02
9.664618e-02
9.668291e-02
9.672043e-02
9.675716e-02
9.679468e-02
9.682580e-02
9.686003e-02
9.689116e-02
9.692541e-02
9.695655e-02
9.699082e-02
9.702198e-02
9.705626e-02
9.708744e-02
9.712173e-02
9.715293e-02
9.718724e-02
9.721845e-02
9.725278e-02
9.728400e-02
9.731835e-02
9.734959e-02
9.738396e-02
9.741521e-02
9.744959e-02
9.748087e-02
9.751526e-02
9.754655e-02
9.758097e-02
9.761228e-02
9.764671e-02
9.767803e-02
9.771249e-02
9.774383e-02
9.777830e-02
9.780965e-02
9.784414e-02
9.787552e-02
9.791003e-02
9.794142e-02
9.797594e-02
9.800735e-02
9.804190e-02
9.807332e-02
9.810789e-02
9.813933e-02
9.817392e-02
9.820538e-02
9.823998e-02
9.827146e-02
9.830608e-02
9.833758e-02
9.837222e-02
9.840373e-02
9.843840e-02
9.846993e-02
9.850461e-02
9.853616e-02
9.857086e-02
9.860243e-02
9.863715e-02
9.866873e-02
9.870348e-02
9.873508e-02
9.876984e-02
9.880146e-02
9.883624e-02
9.886788e-02
9.890268e-02
9.893434e-02
9.896916e-02
9.900083e-02
9.903567e-02
9.906737e-02
9.910223e-02
9.913394e-02
9.916875e-02
9.920048e-02
9.923522e-02
9.926697e-02
9.930165e-02
9.933341e-02
9.936803e-02
9.939981e-02
9.943437e-02
9.946617e-02
9.950069e-02
9.953250e-02
9.956698e-02
9.959881e-02
9.963325e-02
9.966510e-02
9.969951e-02
9.973138e-02
9.976577e-02
9.979765e-02
9.983201e-02
9.986391e-02
9.989825e-02
9.993016e-02
9.996449e-02
9.999642e-02
1.000307e-01
1.000627e-01
1.000970e-01
1.001289e-01
1.001632e-01
1.001952e-01
1.002295e-01
1.002615e-01
1.002958e-01
1.003278e-01
1.003621e-01
1.003941e-01
1.004284e-01
1.004604e-01
1.004947e-01
1.005268e-01
1.005611e-01
1.005932e-01
1.006275e-01
1.006596e-01
1.006939e-01
1.007260e-01
1.007604e-01
1.007925e-01
1.008269e-01
1.008590e-01
1.008935e-01
1.009256e-01
1.009601e-01
1.009922e-01
1.010268e-01
1.010589e-01
1.010936e-01
1.011257e-01
1.011605e-01
1.011926e-01
1.012275e-01
1.012597e-01
1.012947e-01
1.013269e-01
1.013622e-01
1.013944e-01
1.014298e-01
1.014621e-01
1.014975e-01
1.015298e-01
1.015653e-01
1.015975e-01
1.016330e-01
1.016706e-01
1.017087e-01
1.017463e-01
1.017845e-01
1.018221e-01
1.018603e-01
1.018980e-01
1.019362e-01
1.019739e-01
1.020121e-01
1.020498e-01
1.020880e-01
1.021258e-01
1.021641e-01
1.022019e-01
1.022402e-01
1.022780e-01
1.023164e-01
1.023543e-01
1.023926e-01
1.024306e-01
1.024690e-01
1.025071e-01
1.025455e-01
1.025836e-01
1.026221e-01
1.026603e-01
1.026989e-01
1.027371e-01
1.027757e-01
1.028140e-01
1.028527e-01
1.028911e-01
1.029299e-01
1.029683e-01
1.030071e-01
1.030456e-01
1.030845e-01
1.031231e-01
1.031621e-01
1.032008e-01
1.032398e-01
1.032786e-01
1.033177e-01
1.033565e-01
1.033957e-01
1.034346e-01
1.034739e-01
1.035128e-01
1.035522e-01
1.035912e-01
1.036306e-01
1.036698e-01
1.037093e-01
1.037484e-01
1.037880e-01
1.038273e-01
1.038669e-01
1.039063e-01
1.039460e-01
1.039854e-01
1.040252e-01
1.040646e-01
1.041045e-01
1.041440e-01
1.041839e-01
1.042235e-01
1.042635e-01
1.043032e-01
1.043432e-01
1.043830e-01
1.044231e-01
1.044628e-01
1.045030e-01
1.045428e-01
1.045831e-01
1.046229e-01
1.046632e-01
1.047031e-01
1.047435e-01
1.047834e-01
1.048238e-01
1.048638e-01
1.049043e-01
1.049443e-01
1.049848e-01
1.050249e-01
1.050654e-01
1.051055e-01
1.051461e-01
1.051862e-01
1.052268e-01
1.052670e-01
1.053076e-01
1.053479e-01
1.053885e-01
1.054288e-01
1.054695e-01
1.055098e-01
1.055505e-01
1.055908e-01
1.056316e-01
1.056719e-01
1.057127e-01
1.057531e-01
1.057940e-01
1.058344e-01
1.058752e-01
1.059157e-01
1.059566e-01
1.059971e-01
1.060380e-01
1.060785e-01
1.061195e-01
1.061601e-01
1.062011e-01
1.062417e-01
1.062827e-01
1.063234e-01
1.063645e-01
1.064052e-01
1.064463e-01
1.064870e-01
1.065282e-01
1.065690e-01
1.066102e-01
1.066511e-01
1.066924e-01
1.067332e-01
1.067746e-01
1.068155e-01
1.068569e-01
1.068979e-01
1.069393e-01
1.069803e-01
1.070218e-01
1.070629e-01
1.071045e-01
1.071456e-01
1.071872e-01
1.072284e-01
1.072701e-01
1.073113e-01
1.073530e-01
1.073944e-01
1.074361e-01
1.074775e-01
1.075193e-01
1.075607e-01
1.076026e-01
1.076441e-01
1.076860e-01
1.077275e-01
1.077695e-01
1.078111e-01
1.078531e-01
1.078947e-01
1.079368e-01
1.079784e-01
1.080205e-01
1.080622e-01
1.081044e-01
1.081461e-01
1.081883e-01
1.082301e-01
1.082723e-01
1.083141e-01
1.083563e-01
1.083982e-01
1.084404e-01
1.084823e-01
1.085246e-01
1.085665e-01
1.086088e-01
1.086507e-01
1.086931e-01
1.087350e-01
1.087774e-01
1.088193e-01
1.088617e-01
1.089037e-01
1.089461e-01
1.089881e-01
1.090305e-01
1.090725e-01
1.091150e-01
1.091570e-01
1.091994e-01
1.092415e-01
1.092840e-01
1.093260e-01
1.093685e-01
1.094106e-01
1.094531e-01
1.094952e-01
1.095377e-01
1.095798e-01
1.096223e-01
1.096644e-01
1.097070e-01
1.097491e-01
1.097916e-01
1.098338e-01
1.098762e-01
1.099184e-01
1.099607e-01
1.100029e-01
1.100452e-01
1.100874e-01
1.101296e-01
1.101718e-01
1.102139e-01
1.102561e-01
1.102982e-01
1.103404e-01
1.103824e-01
1.104246e-01
1.104665e-01
1.105087e-01
1.105505e-01
1.105927e-01
1.106345e-01
1.106766e-01
1.107182e-01
1.107602e-01
1.108017e-01
1.108436e-01
1.108851e-01
1.109269e-01
1.109682e-01
1.110099e-01
1.110511e-01
1.110927e-01
1.111338e-01
1.111753e-01
1.112163e-01
1.112576e-01
1.112985e-01
1.113397e-01
1.113805e-01
1.114216e-01
1.114623e-01
1.115032e-01
1.115438e-01
1.115846e-01
1.116250e-01
1.116657e-01
1.117060e-01
1.117466e-01
1.117867e-01
1.118272e-01
1.118672e-01
1.119075e-01
1.119474e-01
1.119876e-01
1.120274e-01
1.120674e-01
1.121070e-01
1.121469e-01
1.121864e-01
1.122261e-01
1.122655e-01
1.123051e-01
1.123443e-01
1.123838e-01
1.124229e-01
1.124622e-01
1.125011e-01
1.125403e-01
1.125791e-01
1.126181e-01
1.126568e-01
1.126957e-01
1.127342e-01
1.127730e-01
1.128114e-01
1.128500e-01
1.128882e-01
1.129267e-01
1.129648e-01
1.130031e-01
1.130411e-01
1.130793e-01
1.131172e-01
1.131552e-01
1.131929e-01
1.132308e-01
1.132685e-01
1.133062e-01
1.133437e-01
1.133814e-01
1.134188e-01
1.134563e-01
1.134935e-01
1.135309e-01
1.135681e-01
1.136054e-01
1.136424e-01
1.136796e-01
1.137165e-01
1.137536e-01
1.137906e-01
1.138278e-01
1.138647e-01
1.139020e-01
1.139390e-01
1.139762e-01
1.140131e-01
1.140503e-01
1.140872e-01
1.141244e-01
1.141614e-01
1.141986e-01
1.142355e-01
1.142727e-01
1.143097e-01
1.143469e-01
1.143839e-01
1.144210e-01
1.144580e-01
1.144951e-01
1.145321e-01
1.145693e-01
1.146064e-01
1.146436e-01
1.146805e-01
1.147177e-01
1.147548e-01
1.147919e-01
1.148289e-01
1.148661e-01
1.149031e-01
1.149403e-01
1.149774e-01
1.150146e-01
1.150517e-01
1.150888e-01
1.151258e-01
1.151630e-01
1.152000e-01
1.152372e-01
1.152742e-01
1.153115e-01
1.153485e-01
1.153858e-01
1.154228e-01
1.154600e-01
1.154970e-01
1.155341e-01
1.155711e-01
1.156083e-01
1.156454e-01
1.156826e-01
1.157197e-01
1.157568e-01
1.157938e-01
1.158307e-01
1.158675e-01
1.159043e-01
1.159412e-01
1.159779e-01
1.160147e-01
1.160515e-01
1.160883e-01
1.161252e-01
1.161620e-01
1.161987e-01
1.162355e-01
1.162723e-01
1.163091e-01
1.163459e-01
1.163828e-01
1.164195e-01
1.164563e-01
1.164931e-01
1.165298e-01
1.165667e-01
1.166035e-01
1.166404e-01
1.166772e-01
1.167140e-01
1.167508e-01
1.167876e-01
1.168245e-01
1.168613e-01
1.168981e-01
1.169349e-01
1.169717e-01
1.170085e-01
1.170453e-01
1.170821e-01
1.171189e-01
1.171556e-01
1.171924e-01
1.172292e-01
1.172659e-01
1.173027e-01
1.173395e-01
1.173764e-01
1.174132e-01
1.174499e-01
1.174867e-01
1.175235e-01
1.175603e-01
1.175971e-01
1.176339e-01
1.176707e-01
1.177074e-01
1.177442e-01
1.177809e-01
1.178177e-01
1.178545e-01
1.178912e-01
1.179279e-01
1.179646e-01
1.180013e-01
1.180381e-01
1.180748e-01
1.181115e-01
1.181482e-01
1.181849e-01
1.182216e-01
1.182584e-01
1.182951e-01
1.183319e-01
1.183687e-01
1.184054e-01
1.184421e-01
1.184788e-01
1.185156e-01
1.185524e-01
1.185891e-01
1.186259e-01
1.186626e-01
1.186993e-01
1.187360e-01
1.187728e-01
1.188095e-01
1.188463e-01
1.188830e-01
1.189197e-01
1.189564e-01
1.189931e-01
1.190298e-01
1.190665e-01
1.191032e-01
1.191400e-01
1.191766e-01
1.192134e-01
1.192500e-01
1.192868e-01
1.193235e-01
1.193603e-01
1.193969e-01
1.194337e-01
1.194704e-01
1.195072e-01
1.195439e-01
1.195806e-01
1.196173e-01
1.196541e-01
1.196908e-01
1.197276e-01
1.197643e-01
1.198011e-01
1.198378e-01
1.198747e-01
1.199114e-01
1.199482e-01
1.199849e-01
1.200217e-01
1.200585e-01
1.200954e-01
1.201322e-01
1.201690e-01
1.202058e-01
1.202427e-01
1.202795e-01
1.203163e-01
1.203531e-01
1.203900e-01
1.204268e-01
1.204638e-01
1.205006e-01
1.205375e-01
1.205744e-01
1.206113e-01
1.206482e-01
1.206851e-01
1.207219e-01
1.207588e-01
1.207957e-01
1.208325e-01
1.208694e-01
1.209062e-01
1.209431e-01
1.209801e-01
1.210170e-01
1.210539e-01
1.210907e-01
1.211276e-01
1.211645e-01
1.212014e-01
1.212382e-01
1.212751e-01
1.213120e-01
1.213489e-01
1.213858e-01
1.214227e-01
1.214595e-01
1.214964e-01
1.215333e-01
1.215703e-01
1.216072e-01
1.216441e-01
1.216810e-01
1.217179e-01
1.217549e-01
1.217918e-01
1.218288e-01
1.218657e-01
1.219027e-01
1.219396e-01
1.219765e-01
1.220134e-01
1.220503e-01
1.220872e-01
1.221241e-01
1.221611e-01
1.221980e-01
1.222349e-01
1.222718e-01
1.223087e-01
1.223457e-01
1.223826e-01
1.224196e-01
1.224565e-01
1.224934e-01
1.225304e-01
1.225673e-01
1.226042e-01
1.226410e-01
1.226779e-01
1.227148e-01
1.227518e-01
1.227887e-01
1.228256e-01
1.228624e-01
1.228994e-01
1.229362e-01
1.229732e-01
1.230101e-01
1.230471e-01
1.230840e-01
1.231210e-01
1.231579e-01
1.231948e-01
1.232317e-01
1.232686e-01
1.233055e-01
1.233425e-01
1.233794e-01
1.234163e-01
1.234532e-01
1.234902e-01
1.235270e-01
1.235639e-01
1.236008e-01
1.236377e-01
1.236746e-01
1.237116e-01
1.237486e-01
1.237855e-01
1.238225e-01
1.238594e-01
1.238963e-01
1.239333e-01
1.239702e-01
1.240071e-01
1.240440e-01
1.240809e-01
1.241178e-01
1.241547e-01
1.241917e-01
1.242287e-01
1.242656e-01
1.243026e-01
1.243396e-01
1.243766e-01
1.244135e-01
1.244505e-01
1.244874e-01
1.245245e-01
1.245614e-01
1.245983e-01
1.246353e-01
1.246724e-01
1.247094e-01
1.247463e-01
1.247833e-01
1.248204e-01
1.248574e-01
1.248944e-01
1.249313e-01
1.249683e-01
1.250052e-01
1.250422e-01
1.250791e-01
1.251161e-01
1.251530e-01
1.251900e-01
1.252269e-01
1.252638e-01
1.253007e-01
1.253376e-01
1.253746e-01
1.254116e-01
1.254486e-01
1.254856e-01
1.255226e-01
1.255596e-01
1.255965e-01
1.256335e-01
1.256704e-01
1.257074e-01
1.257443e-01
1.257813e-01
1.258182e-01
1.258551e-01
1.258921e-01
1.259290e-01
1.259660e-01
1.260029e-01
1.260399e-01
1.260769e-01
1.261138e-01
1.261507e-01
1.261877e-01
1.262246e-01
1.262616e-01
1.262986e-01
1.263355e-01
1.263725e-01
1.264095e-01
1.264465e-01
1.264835e-01
1.265205e-01
1.265574e-01
1.265944e-01
1.266314e-01
1.266683e-01
1.267053e-01
1.267422e-01
1.267792e-01
1.268162e-01
1.268531e-01
1.268901e-01
1.269270e-01
1.269640e-01
1.270009e-01
1.270378e-01
1.270746e-01
1.271115e-01
1.271484e-01
1.271853e-01
1.272222e-01
1.272592e-01
1.272961e-01
1.273329e-01
1.273698e-01
1.274066e-01
1.274435e-01
1.274803e-01
1.275172e-01
1.275541e-01
1.275910e-01
1.276280e-01
1.276649e-01
1.277017e-01
1.277385e-01
1.277753e-01
1.278121e-01
1.278489e-01
1.278857e-01
1.279225e-01
1.279593e-01
1.279961e-01
1.280329e-01
1.280698e-01
1.281066e-01
1.281434e-01
1.281803e-01
1.282171e-01
1.282540e-01
1.282908e-01
1.283277e-01
1.283646e-01
1.284014e-01
1.284383e-01
1.284751e-01
1.285120e-01
1.285488e-01
1.285857e-01
1.286226e-01
1.286595e-01
1.286964e-01
1.287332e-01
1.287701e-01
1.288070e-01
1.288439e-01
1.288808e-01
1.289177e-01
1.289546e-01
1.289915e-01
1.290284e-01
1.290653e-01
1.291021e-01
1.291388e-01
1.291756e-01
1.292123e-01
1.292490e-01
1.292859e-01
1.293227e-01
1.293595e-01
1.293964e-01
1.294332e-01
1.294701e-01
1.295069e-01
1.295438e-01
1.295807e-01
1.296175e-01
1.296544e-01
1.296913e-01
1.297282e-01
1.297650e-01
1.298019e-01
1.298388e-01
1.298758e-01
1.299127e-01
1.299496e-01
1.299865e-01
1.300235e-01
1.300604e-01
1.300974e-01
1.301342e-01
1.301710e-01
1.302078e-01
1.302446e-01
1.302814e-01
1.303182e-01
1.303550e-01
1.303918e-01
1.304286e-01
1.304654e-01
1.305023e-01
1.305392e-01
1.305762e-01
1.306131e-01
1.306501e-01
1.306872e-01
1.307242e-01
1.307612e-01
1.307981e-01
1.308350e-01
1.308719e-01
1.309088e-01
1.309458e-01
1.309827e-01
1.310196e-01
1.310566e-01
1.310935e-01
1.311305e-01
1.311674e-01
1.312044e-01
1.312414e-01
1.312785e-01
1.313155e-01
1.313526e-01
1.313896e-01
1.314267e-01
1.314639e-01
1.315010e-01
1.315380e-01
1.315750e-01
1.316121e-01
1.316491e-01
1.316862e-01
1.317233e-01
1.317604e-01
1.317975e-01
1.318347e-01
1.318719e-01
1.319091e-01
1.319463e-01
1.319835e-01
1.320206e-01
1.320578e-01
1.320950e-01
1.321322e-01
1.321694e-01
1.322067e-01
1.322440e-01
1.322812e-01
1.323185e-01
1.323557e-01
1.323930e-01
1.324303e-01
1.324677e-01
1.325049e-01
1.325422e-01
1.325795e-01
1.326168e-01
1.326542e-01
1.326916e-01
1.327289e-01
1.327662e-01
1.328036e-01
1.328410e-01
1.328785e-01
1.329159e-01
1.329533e-01
1.329908e-01
1.330282e-01
1.330657e-01
1.331031e-01
1.331405e-01
1.331780e-01
1.332155e-01
1.332529e-01
1.332904e-01
1.333279e-01
1.333654e-01
1.334028e-01
1.334403e-01
1.334778e-01
1.335153e-01
1.335529e-01
1.335904e-01
1.336280e-01
1.336655e-01
1.337032e-01
1.337407e-01
1.337784e-01
1.338159e-01
1.338535e-01
1.338911e-01
1.339287e-01
1.339663e-01
1.340039e-01
1.340415e-01
1.340792e-01
1.341168e-01
1.341545e-01
1.341921e-01
1.342299e-01
1.342676e-01
1.343053e-01
1.343430e-01
1.343808e-01
1.344185e-01
1.344563e-01
1.344940e-01
1.345317e-01
1.345694e-01
1.346072e-01
1.346449e-01
1.346827e-01
1.347204e-01
1.347582e-01
1.347960e-01
1.348338e-01
1.348715e-01
1.349094e-01
1.349472e-01
1.349850e-01
1.350228e-01
1.350607e-01
1.350985e-01
1.351364e-01
1.351743e-01
1.352122e-01
1.352501e-01
1.352879e-01
1.353258e-01
1.353637e-01
1.354017e-01
1.354396e-01
1.354775e-01
1.355154e-01
1.355534e-01
1.355914e-01
1.356293e-01
1.356673e-01
1.357052e-01
1.357432e-01
1.357812e-01
1.358192e-01
1.358571e-01
1.358951e-01
1.359331e-01
1.359711e-01
1.360091e-01
1.360471e-01
1.360851e-01
1.361231e-01
1.361611e-01
1.361991e-01
1.362371e-01
1.362751e-01
1.363131e-01
1.363511e-01
1.363891e-01
1.364271e-01
1.364651e-01
1.365032e-01
1.365413e-01
1.365794e-01
1.366174e-01
1.366555e-01
1.366936e-01
1.367316e-01
1.367696e-01
1.368077e-01
1.368458e-01
1.368839e-01
1.369220e-01
1.369601e-01
1.369982e-01
1.370363e-01
1.370744e-01
1.371125e-01
1.371505e-01
1.371886e-01
1.372267e-01
1.372648e-01
1.373029e-01
1.373410e-01
1.373791e-01
1.374172e-01
1.374553e-01
1.374934e-01
1.375316e-01
1.375697e-01
1.376077e-01
1.376458e-01
1.376840e-01
1.377221e-01
1.377603e-01
1.377985e-01
1.378367e-01
1.378749e-01
1.379130e-01
1.379512e-01
1.379894e-01
1.380276e-01
1.380658e-01
1.381039e-01
1.381421e-01
1.381803e-01
1.382184e-01
1.382566e-01
1.382948e-01
1.383330e-01
1.383711e-01
1.384092e-01
1.384474e-01
1.384855e-01
1.385237e-01
1.385619e-01
1.386002e-01
1.386383e-01
1.386765e-01
1.387146e-01
1.387528e-01
1.387910e-01
1.388292e-01
1.388673e-01
1.389054e-01
1.389435e-01
1.389816e-01
1.390197e-01
1.390579e-01
1.390960e-01
1.391342e-01
1.391724e-01
1.392106e-01
1.392488e-01
1.392869e-01
1.393250e-01
1.393632e-01
1.394013e-01
1.394394e-01
1.394775e-01
1.395157e-01
1.395538e-01
1.395920e-01
1.396302e-01
1.396684e-01
1.397065e-01
1.397446e-01
1.397827e-01
1.398209e-01
1.398591e-01
1.398972e-01
1.399353e-01
1.399734e-01
1.400114e-01
1.400495e-01
1.400876e-01
1.401258e-01
1.401639e-01
1.402021e-01
1.402401e-01
1.402782e-01
1.403163e-01
1.403544e-01
1.403925e-01
1.404306e-01
1.404687e-01
1.405069e-01
1.405449e-01
1.405830e-01
1.406211e-01
1.406591e-01
1.406972e-01
1.407354e-01
1.407735e-01
1.408117e-01
1.408497e-01
1.408878e-01
1.409259e-01
1.409640e-01
1.410021e-01
1.410402e-01
1.410784e-01
1.411165e-01
1.411546e-01
1.411927e-01
1.412308e-01
1.412689e-01
1.413071e-01
1.413452e-01
1.413833e-01
1.414213e-01
1.414594e-01
1.414975e-01
1.415356e-01
1.415738e-01
1.416120e-01
1.416502e-01
1.416883e-01
1.417264e-01
1.417646e-01
1.418027e-01
1.418409e-01
1.418791e-01
1.419172e-01
1.419553e-01
1.419935e-01
1.420316e-01
1.420697e-01
1.421078e-01
1.421459e-01
1.421840e-01
1.422221e-01
1.422603e-01
1.422984e-01
1.423365e-01
1.423746e-01
1.424128e-01
1.424510e-01
1.424891e-01
1.425273e-01
1.425654e-01
1.426036e-01
1.426418e-01
1.426799e-01
1.427180e-01
1.427562e-01
1.427944e-01
1.428326e-01
1.428709e-01
1.429091e-01
1.429472e-01
1.429854e-01
1.430235e-01
1.430617e-01
1.430998e-01
1.431379e-01
1.431761e-01
1.432142e-01
1.432524e-01
1.432905e-01
1.433287e-01
1.433669e-01
1.434051e-01
1.434432e-01
1.434815e-01
1.435197e-01
1.435579e-01
1.435961e-01
1.436343e-01
1.436725e-01
1.437107e-01
1.437489e-01
1.437871e-01
1.438253e-01
1.438635e-01
1.439017e-01
1.439399e-01
1.439781e-01
1.440164e-01
1.440546e-01
1.440928e-01
1.441310e-01
1.441692e-01
1.442074e-01
1.442456e-01
1.442838e-01
1.443221e-01
1.443603e-01
1.443985e-01
1.444368e-01
1.444750e-01
1.445132e-01
1.445514e-01
1.445896e-01
1.446277e-01
1.446659e-01
1.447041e-01
1.447423e-01
1.447806e-01
1.448189e-01
1.448572e-01
1.448955e-01
1.449338e-01
1.449721e-01
1.450103e-01
1.450486e-01
1.450869e-01
1.451251e-01
1.451634e-01
1.452016e-01
1.452399e-01
1.452781e-01
1.453163e-01
1.453546e-01
1.453928e-01
1.454311e-01
1.454693e-01
1.455075e-01
1.455458e-01
1.455840e-01
1.456222e-01
1.456605e-01
1.456987e-01
1.457370e-01
1.457752e-01
1.458135e-01
1.458518e-01
1.458899e-01
1.459281e-01
1.459662e-01
1.460044e-01
1.460426e-01
1.460807e-01
1.461189e-01
1.461570e-01
1.461952e-01
1.462334e-01
1.462716e-01
1.463097e-01
1.463479e-01
1.463861e-01
1.464244e-01
1.464626e-01
1.465008e-01
1.465391e-01
1.465772e-01
1.466154e-01
1.466536e-01
1.466917e-01
1.467298e-01
1.467680e-01
1.468062e-01
1.468443e-01
1.468825e-01
1.469207e-01
1.469590e-01
1.469972e-01
1.470354e-01
1.470735e-01
1.471116e-01
1.471497e-01
1.471879e-01
1.472260e-01
1.472642e-01
1.473024e-01
1.473406e-01
1.473788e-01
1.474169e-01
1.474551e-01
1.474932e-01
1.475313e-01
1.475694e-01
1.476076e-01
1.476458e-01
1.476840e-01
1.477221e-01
1.477602e-01
1.477983e-01
1.478364e-01
1.478746e-01
1.479127e-01
1.479509e-01
1.479891e-01
1.480272e-01
1.480653e-01
1.481034e-01
1.481415e-01
1.481797e-01
1.482178e-01
1.482560e-01
1.482943e-01
1.483324e-01
1.483705e-01
1.484087e-01
1.484468e-01
1.484850e-01
1.485232e-01
1.485613e-01
1.485995e-01
1.486376e-01
1.486757e-01
1.487139e-01
1.487521e-01
1.487902e-01
1.488283e-01
1.488665e-01
1.489046e-01
1.489428e-01
1.489810e-01
1.490191e-01
1.490573e-01
1.490954e-01
1.491336e-01
1.491717e-01
1.492097e-01
1.492478e-01
1.492860e-01
1.493241e-01
1.493623e-01
1.494004e-01
1.494385e-01
1.494766e-01
1.495148e-01
1.495529e-01
1.495909e-01
1.496290e-01
1.496671e-01
1.497053e-01
1.497434e-01
1.497816e-01
1.498197e-01
1.498578e-01
1.498960e-01
1.499341e-01
1.499722e-01
1.500103e-01
1.500484e-01
1.500866e-01
1.501248e-01
1.501630e-01
1.502012e-01
1.502394e-01
1.502776e-01
1.503157e-01
1.503539e-01
1.503921e-01
1.504303e-01
1.504684e-01
1.505066e-01
1.505448e-01
1.505830e-01
1.506211e-01
1.506593e-01
1.506975e-01
1.507357e-01
1.507739e-01
1.508121e-01
1.508503e-01
1.508885e-01
1.509267e-01
1.509649e-01
1.510030e-01
1.510411e-01
1.510792e-01
1.511173e-01
1.511555e-01
1.511936e-01
1.512317e-01
1.512699e-01
1.513080e-01
1.513462e-01
1.513843e-01
1.514225e-01
1.514607e-01
1.514988e-01
1.515370e-01
1.515752e-01
1.516134e-01
1.516516e-01
1.516898e-01
1.517280e-01
1.517662e-01
1.518044e-01
1.518426e-01
1.518807e-01
1.519150e-01
1.519527e-01
1.519869e-01
1.520246e-01
1.520588e-01
1.520965e-01
1.521308e-01
1.521684e-01
1.522069e-01
1.522454e-01
1.522839e-01
1.523223e-01
1.523607e-01
1.523991e-01
1.524374e-01
1.524758e-01
1.525140e-01
1.525523e-01
1.525905e-01
1.526287e-01
1.526630e-01
1.527008e-01
1.527352e-01
1.527731e-01
1.528076e-01
1.528455e-01
1.528800e-01
1.529180e-01
1.529527e-01
1.529907e-01
1.530254e-01
1.530636e-01
1.530984e-01
1.531367e-01
1.531716e-01
1.532100e-01
1.532449e-01
1.532834e-01
1.533185e-01
1.533570e-01
1.533922e-01
1.534307e-01
1.534660e-01
1.535044e-01
1.535398e-01
1.535783e-01
1.536138e-01
1.536523e-01
1.536878e-01
1.537263e-01
1.537619e-01
1.538005e-01
1.538361e-01
1.538747e-01
1.539104e-01
1.539490e-01
1.539876e-01
1.540262e-01
1.540648e-01
1.541035e-01
1.541422e-01
1.541810e-01
1.542198e-01
1.542587e-01
1.542976e-01
1.543366e-01
1.543756e-01
1.544148e-01
1.544539e-01
1.544931e-01
1.545324e-01
1.545718e-01
1.546112e-01
1.546507e-01
1.546903e-01
1.547300e-01
1.547698e-01
1.548097e-01
1.548497e-01
1.548898e-01
1.549300e-01
1.549704e-01
1.550108e-01
1.550515e-01
1.550922e-01
1.551331e-01
1.551742e-01
1.552154e-01
1.552568e-01
1.552983e-01
1.553400e-01
1.553818e-01
1.554196e-01
1.554594e-01
1.555012e-01
1.555434e-01
1.555825e-01
1.556238e-01
1.556667e-01
1.557100e-01
1.557503e-01
1.557933e-01
1.558373e-01
1.558816e-01
1.559234e-01
1.559671e-01
1.560116e-01
1.560565e-01
1.561008e-01
1.561457e-01
1.561906e-01
1.562356e-01
1.562805e-01
1.563254e-01
1.563703e-01
1.564152e-01
1.564601e-01
1.565050e-01
1.565500e-01
1.565949e-01
1.566399e-01
1.566848e-01
1.567298e-01
1.567747e-01
1.568197e-01
1.568646e-01
1.569096e-01
1.569546e-01
1.569996e-01
1.570445e-01
1.570895e-01
1.571344e-01
1.571794e-01
1.572243e-01
1.572694e-01
1.573143e-01
1.573593e-01
1.574043e-01
1.574493e-01
1.574943e-01
1.575393e-01
1.575843e-01
1.576293e-01
1.576743e-01
1.577194e-01
1.577643e-01
1.578093e-01
1.578543e-01
1.578993e-01
1.579443e-01
1.579893e-01
1.580343e-01
1.580793e-01
1.581243e-01
1.581693e-01
1.582143e-01
1.582593e-01
1.583043e-01
1.583493e-01
1.583943e-01
1.584393e-01
1.584843e-01
1.585294e-01
1.585743e-01
1.586194e-01
1.586643e-01
1.587094e-01
1.587544e-01
1.587995e-01
1.588444e-01
1.588895e-01
1.589345e-01
1.589796e-01
1.590245e-01
1.590696e-01
1.591146e-01
1.591597e-01
1.592047e-01
1.592498e-01
1.592948e-01
1.593399e-01
1.593849e-01
1.594300e-01
1.594750e-01
1.595201e-01
1.595651e-01
1.596103e-01
1.596553e-01
1.597004e-01
1.597454e-01
1.597906e-01
1.598356e-01
1.598807e-01
1.599258e-01
1.599709e-01
1.600160e-01
1.600611e-01
1.601061e-01
1.601513e-01
1.601964e-01
1.602415e-01
1.602866e-01
1.603317e-01
1.603768e-01
1.604220e-01
1.604671e-01
1.605122e-01
1.605573e-01
1.606025e-01
1.606476e-01
1.606928e-01
1.607379e-01
1.607831e-01
1.608282e-01
1.608734e-01
1.609185e-01
1.609637e-01
1.610088e-01
1.610541e-01
1.610992e-01
1.611444e-01
1.611896e-01
1.612348e-01
1.612799e-01
1.613251e-01
1.613702e-01
1.614154e-01
1.614605e-01
1.615057e-01
1.615508e-01
1.615961e-01
1.616413e-01
1.616865e-01
1.617317e-01
1.617769e-01
1.618221e-01
1.618673e-01
1.619125e-01
1.619578e-01
1.620030e-01
1.620482e-01
1.620934e-01
1.621387e-01
1.621839e-01
1.622292e-01
1.622744e-01
1.623196e-01
1.623648e-01
1.624101e-01
1.624553e-01
1.625005e-01
1.625457e-01
1.625910e-01
1.626361e-01
1.626814e-01
1.627266e-01
1.627718e-01
1.628170e-01
1.628623e-01
1.629074e-01
1.629527e-01
1.629979e-01
1.630431e-01
1.630883e-01
1.631336e-01
1.631788e-01
1.632240e-01
1.632692e-01
1.633145e-01
1.633597e-01
1.634049e-01
1.634501e-01
1.634954e-01
1.635406e-01
1.635859e-01
1.636311e-01
1.636764e-01
1.637216e-01
1.637669e-01
1.638121e-01
1.638574e-01
1.639026e-01
1.639479e-01
1.639931e-01
1.640384e-01
1.640836e-01
1.641289e-01
1.641741e-01
1.642193e-01
1.642645e-01
1.643097e-01
1.643549e-01
1.644002e-01
1.644453e-01
1.644905e-01
1.645357e-01
1.645809e-01
1.646260e-01
1.646713e-01
1.647164e-01
1.647616e-01
1.648067e-01
1.648519e-01
1.648970e-01
1.649422e-01
1.649874e-01
1.650326e-01
1.650777e-01
1.651229e-01
1.651680e-01
1.652132e-01
1.652584e-01
1.653036e-01
1.653487e-01
1.653939e-01
1.654390e-01
1.654843e-01
1.655294e-01
1.655746e-01
1.656197e-01
1.656649e-01
1.657101e-01
1.657552e-01
1.658003e-01
1.658455e-01
1.658906e-01
1.659358e-01
1.659809e-01
1.660260e-01
1.660711e-01
1.661163e-01
1.661614e-01
1.662065e-01
1.662516e-01
1.662967e-01
1.663418e-01
1.663870e-01
1.664321e-01
1.664772e-01
1.665223e-01
1.665675e-01
1.666126e-01
1.666577e-01
1.667028e-01
1.667478e-01
1.667928e-01
1.668378e-01
1.668827e-01
1.669276e-01
1.669725e-01
1.670173e-01
1.670622e-01
1.671070e-01
1.671517e-01
1.671965e-01
1.672412e-01
1.672859e-01
1.673306e-01
1.673753e-01
1.674200e-01
1.674646e-01
1.675093e-01
1.675539e-01
1.675985e-01
1.676431e-01
1.676877e-01
1.677323e-01
1.677768e-01
1.678214e-01
1.678659e-01
1.679104e-01
1.679549e-01
1.679994e-01
1.680440e-01
1.680885e-01
1.681330e-01
1.681775e-01
1.682220e-01
1.682665e-01
1.683109e-01
1.683554e-01
1.683999e-01
1.684443e-01
1.684888e-01
1.685333e-01
1.685777e-01
1.686222e-01
1.686666e-01
1.687110e-01
1.687555e-01
1.687999e-01
1.688444e-01
1.688888e-01
1.689332e-01
1.689777e-01
1.690221e-01
1.690665e-01
1.691110e-01
1.691554e-01
1.691998e-01
1.692442e-01
1.692886e-01
1.693330e-01
1.693774e-01
1.694218e-01
1.694662e-01
1.695106e-01
1.695549e-01
1.695992e-01
1.696436e-01
1.696879e-01
1.697322e-01
1.697765e-01
1.698207e-01
1.698650e-01
1.699093e-01
1.699536e-01
1.699978e-01
1.700420e-01
1.700862e-01
1.701304e-01
1.701746e-01
1.702187e-01
1.702629e-01
1.703070e-01
1.703511e-01
1.703953e-01
1.704394e-01
1.704835e-01
1.705277e-01
1.705718e-01
1.706159e-01
1.706601e-01
1.707042e-01
1.707484e-01
1.707925e-01
1.708366e-01
1.708807e-01
1.709247e-01
1.709688e-01
1.710129e-01
1.710570e-01
1.711010e-01
1.711451e-01
1.711892e-01
1.712332e-01
1.712772e-01
1.713213e-01
1.713653e-01
1.714093e-01
1.714533e-01
1.714973e-01
1.715413e-01
1.715853e-01
1.716294e-01
1.716735e-01
1.717176e-01
1.717617e-01
1.718057e-01
1.718498e-01
1.718939e-01
1.719380e-01
1.719820e-01
1.720261e-01
1.720701e-01
1.721141e-01
1.721582e-01
1.722022e-01
1.722462e-01
1.722902e-01
1.723343e-01
1.723783e-01
1.724223e-01
1.724663e-01
1.725102e-01
1.725542e-01
1.725984e-01
1.726426e-01
1.726868e-01
1.727310e-01
1.727751e-01
1.728193e-01
1.728635e-01
1.729076e-01
1.729518e-01
1.729959e-01
1.730401e-01
1.730842e-01
1.731283e-01
1.731725e-01
1.732166e-01
1.732607e-01
1.733048e-01
1.733489e-01
1.733930e-01
1.734371e-01
1.734812e-01
1.735253e-01
1.735697e-01
1.736141e-01
1.736586e-01
1.737030e-01
1.737474e-01
1.737918e-01
1.738361e-01
1.738805e-01
1.739249e-01
1.739693e-01
1.740137e-01
1.740580e-01
1.741024e-01
1.741468e-01
1.741911e-01
1.742355e-01
1.742798e-01
1.743242e-01
1.743686e-01
1.744129e-01
1.744573e-01
1.745016e-01
1.745459e-01
1.745903e-01
1.746346e-01
1.746790e-01
1.747233e-01
1.747677e-01
1.748120e-01
1.748563e-01
1.749007e-01
1.749450e-01
1.749894e-01
1.750337e-01
1.750780e-01
1.751224e-01
1.751667e-01
1.752111e-01
1.752554e-01
1.752997e-01
1.753441e-01
1.753884e-01
1.754328e-01
1.754771e-01
1.755215e-01
1.755658e-01
1.756101e-01
1.756545e-01
1.756988e-01
1.757432e-01
1.757875e-01
1.758319e-01
1.758762e-01
1.759206e-01
1.759649e-01
1.760093e-01
1.760537e-01
1.760980e-01
1.761424e-01
1.761867e-01
1.762311e-01
1.762755e-01
1.763198e-01
1.763642e-01
1.764086e-01
1.764529e-01
1.764973e-01
1.765421e-01
1.765869e-01
1.766318e-01
1.766766e-01
1.767214e-01
1.767662e-01
1.768111e-01
1.768559e-01
1.769007e-01
1.769456e-01
1.769904e-01
1.770352e-01
1.770801e-01
1.771249e-01
1.771697e-01
1.772146e-01
1.772594e-01
1.773043e-01
1.773491e-01
1.773940e-01
1.774388e-01
1.774837e-01
1.775285e-01
1.775734e-01
1.776182e-01
1.776631e-01
1.777079e-01
1.777528e-01
1.777980e-01
1.778433e-01
1.778885e-01
1.779337e-01
1.779790e-01
1.780243e-01
1.780695e-01
1.781148e-01
1.781600e-01
1.782053e-01
1.782505e-01
1.782958e-01
1.783410e-01
1.783863e-01
1.784316e-01
1.784768e-01
1.785221e-01
1.785674e-01
1.786126e-01
1.786579e-01
1.787032e-01
1.787484e-01
1.787937e-01
1.788390e-01
1.788843e-01
1.789300e-01
1.789757e-01
1.790214e-01
1.790671e-01
1.791128e-01
1.791585e-01
1.792042e-01
1.792499e-01
1.792956e-01
1.793413e-01
1.793870e-01
1.794328e-01
1.794785e-01
1.795242e-01
1.795699e-01
1.796156e-01
1.796614e-01
1.797071e-01
1.797528e-01
1.797985e-01
1.798443e-01
1.798900e-01
1.799357e-01
1.799814e-01
1.800272e-01
1.800734e-01
1.801196e-01
1.801658e-01
1.802120e-01
1.802582e-01
1.803044e-01
1.803506e-01
1.803968e-01
1.804430e-01
1.804892e-01
1.805354e-01
1.805816e-01
1.806278e-01
1.806740e-01
1.807202e-01
1.807664e-01
1.808126e-01
1.808587e-01
1.809049e-01
1.809511e-01
1.809973e-01
1.810435e-01
1.810896e-01
1.811358e-01
1.811825e-01
1.812292e-01
1.812759e-01
1.813226e-01
1.813692e-01
1.814159e-01
1.814626e-01
1.815092e-01
1.815559e-01
1.816025e-01
1.816491e-01
1.816958e-01
1.817424e-01
1.817890e-01
1.818356e-01
1.818822e-01
1.819288e-01
1.819753e-01
1.820219e-01
1.820684e-01
1.821149e-01
1.821615e-01
1.822080e-01
1.822545e-01
1.823016e-01
1.823487e-01
1.823959e-01
1.824430e-01
1.824901e-01
1.825372e-01
1.825842e-01
1.826313e-01
1.826784e-01
1.827254e-01
1.827724e-01
1.828195e-01
1.828665e-01
1.829135e-01
1.829605e-01
1.830075e-01
1.830544e-01
1.831014e-01
1.831484e-01
1.831954e-01
1.832423e-01
1.832900e-01
1.833377e-01
1.833854e-01
1.834330e-01
1.834808e-01
1.835285e-01
1.835762e-01
1.836239e-01
1.836716e-01
1.837193e-01
1.837670e-01
1.838147e-01
1.838624e-01
1.839101e-01
1.839578e-01
1.840055e-01
1.840532e-01
1.841009e-01
1.841486e-01
1.841963e-01
1.842441e-01
1.842918e-01
1.843396e-01
1.843874e-01
1.844352e-01
1.844830e-01
1.845309e-01
1.845787e-01
1.846266e-01
1.846745e-01
1.847223e-01
1.847702e-01
1.848181e-01
1.848660e-01
1.849139e-01
1.849618e-01
1.850097e-01
1.850576e-01
1.851056e-01
1.851536e-01
1.852016e-01
1.852496e-01
1.852976e-01
1.853457e-01
1.853938e-01
1.854419e-01
1.854901e-01
1.855382e-01
1.855864e-01
1.856346e-01
1.856828e-01
1.857310e-01
1.857792e-01
1.858274e-01
1.858757e-01
1.859240e-01
1.859722e-01
1.860206e-01
1.860689e-01
1.861173e-01
1.861657e-01
1.862141e-01
1.862625e-01
1.863110e-01
1.863595e-01
1.864081e-01
1.864567e-01
1.865053e-01
1.865540e-01
1.866027e-01
1.866514e-01
1.867001e-01
1.867488e-01
1.867976e-01
1.868464e-01
1.868952e-01
1.869440e-01
1.869929e-01
1.870418e-01
1.870908e-01
1.871398e-01
1.871888e-01
1.872378e-01
1.872869e-01
1.873361e-01
1.873853e-01
1.874345e-01
1.874837e-01
1.875331e-01
1.875824e-01
1.876318e-01
1.876812e-01
1.877306e-01
1.877801e-01
1.878295e-01
1.878790e-01
1.879286e-01
1.879781e-01
1.880277e-01
1.880773e-01
1.881270e-01
1.881767e-01
1.882264e-01
1.882761e-01
1.883259e-01
1.883757e-01
1.884256e-01
1.884754e-01
1.885254e-01
1.885753e-01
1.886253e-01
1.886753e-01
1.887254e-01
1.887755e-01
1.888256e-01
1.888758e-01
1.889260e-01
1.889761e-01
1.890263e-01
1.890766e-01
1.891268e-01
1.891771e-01
1.892274e-01
1.892777e-01
1.893280e-01
1.893784e-01
1.894287e-01
1.894791e-01
1.895296e-01
1.895800e-01
1.896305e-01
1.896810e-01
1.897315e-01
1.897821e-01
1.898326e-01
1.898832e-01
1.899339e-01
1.899846e-01
1.900241e-01
1.900663e-01
1.901111e-01
1.901509e-01
1.901935e-01
1.902340e-01
1.902772e-01
1.903182e-01
1.903604e-01
1.904020e-01
1.904447e-01
1.904866e-01
1.905296e-01
1.905716e-01
1.906149e-01
1.906572e-01
1.907006e-01
1.907430e-01
1.907866e-01
1.908291e-01
1.908729e-01
1.909155e-01
1.909595e-01
1.910023e-01
1.910464e-01
1.910895e-01
1.911338e-01
1.911770e-01
1.912214e-01
1.912647e-01
1.913094e-01
1.913528e-01
1.913977e-01
1.914413e-01
1.914864e-01
1.915303e-01
1.915756e-01
1.916198e-01
1.916655e-01
1.917100e-01
1.917561e-01
1.918010e-01
1.918476e-01
1.918929e-01
1.919399e-01
1.919858e-01
1.920333e-01
1.920824e-01
1.921329e-01
1.921844e-01
1.922359e-01
1.922874e-01
1.923390e-01
1.923903e-01
1.924419e-01
1.924933e-01
1.925449e-01
1.925962e-01
1.926479e-01
1.926992e-01
1.927509e-01
1.928023e-01
1.928541e-01
1.929054e-01
1.929572e-01
1.930086e-01
1.930604e-01
1.931119e-01
1.931638e-01
1.932151e-01
1.932671e-01
1.933184e-01
1.933705e-01
1.934219e-01
1.934740e-01
1.935253e-01
1.935774e-01
1.936288e-01
1.936808e-01
1.937323e-01
1.937844e-01
1.938358e-01
1.938879e-01
1.939393e-01
1.939915e-01
1.940430e-01
1.940951e-01
1.941465e-01
1.941987e-01
1.942502e-01
1.943024e-01
1.943539e-01
1.944062e-01
1.944576e-01
1.945099e-01
1.945613e-01
1.946136e-01
1.946652e-01
1.947175e-01
1.947690e-01
1.948213e-01
1.948728e-01
1.949252e-01
1.949767e-01
1.950291e-01
1.950806e-01
1.951330e-01
1.951846e-01
1.952370e-01
1.952887e-01
1.953410e-01
1.953926e-01
1.954449e-01
1.954966e-01
1.955490e-01
1.956007e-01
1.956532e-01
1.957048e-01
1.957572e-01
1.958089e-01
1.958613e-01
1.959129e-01
1.959653e-01
1.960170e-01
1.960693e-01
1.961210e-01
1.961735e-01
1.962251e-01
1.962776e-01
1.963293e-01
1.963818e-01
1.964336e-01
1.964861e-01
1.965378e-01
1.965902e-01
1.966420e-01
1.966945e-01
1.967462e-01
1.967988e-01
1.968505e-01
1.969031e-01
1.969548e-01
1.970074e-01
1.970591e-01
1.971116e-01
1.971635e-01
1.972160e-01
1.972678e-01
1.973204e-01
1.973722e-01
1.974249e-01
1.974767e-01
1.975293e-01
1.975812e-01
1.976338e-01
1.976856e-01
1.977383e-01
1.977901e-01
1.978427e-01
1.978945e-01
1.979471e-01
1.979990e-01
1.980516e-01
1.981035e-01
1.981562e-01
1.982081e-01
1.982608e-01
1.983127e-01
1.983654e-01
1.984173e-01
1.984700e-01
1.985219e-01
1.985746e-01
1.986266e-01
1.986792e-01
1.987312e-01
1.987839e-01
1.988359e-01
1.988887e-01
1.989407e-01
1.989935e-01
1.990454e-01
1.990982e-01
1.991501e-01
1.992029e-01
1.992548e-01
1.993076e-01
1.993596e-01
1.994123e-01
1.994643e-01
1.995170e-01
1.995691e-01
1.996218e-01
1.996739e-01
1.997267e-01
1.997787e-01
1.998315e-01
1.998836e-01
1.999363e-01
1.999884e-01
2.000411e-01
2.000931e-01
2.001457e-01
