#   1 : Date        
# Date        
0.000000e+00
1.807392e-05
2.865299e-05
3.680825e-05
4.331462e-05
4.906367e-05
5.538763e-05
6.204872e-05
6.795979e-05
7.446196e-05
8.161436e-05
8.947053e-05
9.702468e-05
1.053342e-04
1.143002e-04
1.241628e-04
1.337027e-04
1.436480e-04
1.545879e-04
1.657374e-04
1.769297e-04
1.886124e-04
2.010176e-04
2.132284e-04
2.257171e-04
2.388127e-04
2.521957e-04
2.655017e-04
2.797183e-04
2.939297e-04
3.084532e-04
3.235230e-04
3.388720e-04
3.545256e-04
3.707045e-04
3.871136e-04
4.039712e-04
4.213429e-04
4.389057e-04
4.566041e-04
4.748726e-04
4.934284e-04
5.123968e-04
5.317204e-04
5.513472e-04
5.713195e-04
5.916317e-04
6.121877e-04
6.330631e-04
6.541431e-04
6.756129e-04
6.973298e-04
7.193540e-04
7.416524e-04
7.642145e-04
7.870888e-04
8.102207e-04
8.336410e-04
8.572999e-04
8.811975e-04
9.052984e-04
9.296850e-04
9.542344e-04
9.790738e-04
1.004107e-03
1.029433e-03
1.054937e-03
1.080786e-03
1.106828e-03
1.133123e-03
1.159624e-03
1.186464e-03
1.213485e-03
1.240660e-03
1.267814e-03
1.295174e-03
1.322930e-03
1.351116e-03
1.379486e-03
1.407056e-03
1.433920e-03
1.459873e-03
1.485136e-03
1.509913e-03
1.534239e-03
1.558421e-03
1.582302e-03
1.606134e-03
1.629782e-03
1.653435e-03
1.677003e-03
1.700570e-03
1.724071e-03
1.747587e-03
1.770892e-03
1.794256e-03
1.817468e-03
1.840790e-03
1.864056e-03
1.887413e-03
1.910636e-03
1.933875e-03
1.956887e-03
1.980049e-03
2.003007e-03
2.026206e-03
2.049416e-03
2.072626e-03
2.095711e-03
2.118934e-03
2.142197e-03
2.165502e-03
2.188927e-03
2.212490e-03
2.236044e-03
2.259853e-03
2.283757e-03
2.307677e-03
2.331423e-03
2.355171e-03
2.378803e-03
2.402415e-03
2.425970e-03
2.449482e-03
2.472991e-03
2.496435e-03
2.519927e-03
2.543338e-03
2.566831e-03
2.590234e-03
2.613703e-03
2.637124e-03
2.660593e-03
2.684051e-03
2.707543e-03
2.731055e-03
2.754588e-03
2.778170e-03
2.801762e-03
2.825427e-03
2.849091e-03
2.872853e-03
2.896603e-03
2.920445e-03
2.944293e-03
2.968225e-03
2.992180e-03
3.016211e-03
3.040286e-03
3.064424e-03
3.088627e-03
3.112882e-03
3.137223e-03
3.161603e-03
3.186093e-03
3.210607e-03
3.235235e-03
3.259889e-03
3.284648e-03
3.309448e-03
3.334341e-03
3.359295e-03
3.384327e-03
3.409441e-03
3.434619e-03
3.459903e-03
3.485233e-03
3.510686e-03
3.536175e-03
3.561773e-03
3.587430e-03
3.613180e-03
3.639017e-03
3.664925e-03
3.690951e-03
3.717026e-03
3.743233e-03
3.769483e-03
3.795849e-03
3.822284e-03
3.848817e-03
3.875447e-03
3.902155e-03
3.928994e-03
3.955887e-03
3.982899e-03
4.009986e-03
4.037174e-03
4.064468e-03
4.091839e-03
4.119353e-03
4.146917e-03
4.174609e-03
4.202376e-03
4.230250e-03
4.258230e-03
4.286292e-03
4.314493e-03
4.342753e-03
4.371129e-03
4.399595e-03
4.428152e-03
4.456838e-03
4.485588e-03
4.514469e-03
4.543423e-03
4.572487e-03
4.601654e-03
4.630908e-03
4.660297e-03
4.689750e-03
4.719320e-03
4.748982e-03
4.778736e-03
4.808620e-03
4.838568e-03
4.868647e-03
4.898799e-03
4.929060e-03
4.959431e-03
4.989886e-03
5.020472e-03
5.051135e-03
5.081907e-03
5.112789e-03
5.143755e-03
5.174862e-03
5.206033e-03
5.237325e-03
5.268713e-03
5.300199e-03
5.331816e-03
5.363504e-03
5.395308e-03
5.427214e-03
5.459212e-03
5.491351e-03
5.523556e-03
5.555797e-03
5.588091e-03
5.620421e-03
5.652831e-03
5.685304e-03
5.717882e-03
5.750476e-03
5.783102e-03
5.815761e-03
5.848489e-03
5.881285e-03
5.914183e-03
5.947134e-03
5.980113e-03
6.013131e-03
6.046224e-03
6.079400e-03
6.112692e-03
6.146028e-03
6.179408e-03
6.212846e-03
6.246378e-03
6.280017e-03
6.313760e-03
6.347531e-03
6.381371e-03
6.415295e-03
6.449341e-03
6.483498e-03
6.517696e-03
6.551956e-03
6.586324e-03
6.620822e-03
6.655431e-03
6.690095e-03
6.724874e-03
6.759805e-03
6.794929e-03
6.830131e-03
6.865485e-03
6.901042e-03
6.936701e-03
6.972427e-03
7.008229e-03
7.044109e-03
7.080078e-03
7.116136e-03
7.152264e-03
7.188461e-03
7.224734e-03
7.261087e-03
7.297527e-03
7.334051e-03
7.370639e-03
7.407293e-03
7.444024e-03
7.480833e-03
7.517729e-03
7.554700e-03
7.591736e-03
7.628841e-03
7.666027e-03
7.703298e-03
7.740669e-03
7.778110e-03
7.815634e-03
7.853249e-03
7.890973e-03
7.928791e-03
7.966701e-03
8.004716e-03
8.042857e-03
8.081111e-03
8.119471e-03
8.157949e-03
8.196571e-03
8.235315e-03
8.274177e-03
8.313174e-03
8.352333e-03
8.391610e-03
8.431022e-03
8.470584e-03
8.510313e-03
8.550135e-03
8.590062e-03
8.630039e-03
8.670113e-03
8.710282e-03
8.750541e-03
8.790915e-03
8.831349e-03
8.871756e-03
8.912325e-03
8.952855e-03
8.993473e-03
9.034207e-03
9.074986e-03
9.115742e-03
9.156588e-03
9.197395e-03
9.238238e-03
9.279103e-03
9.319960e-03
9.360784e-03
9.401700e-03
9.442601e-03
9.483538e-03
9.524454e-03
9.565397e-03
9.606355e-03
9.647316e-03
9.688250e-03
9.729285e-03
9.770331e-03
9.811428e-03
9.852529e-03
9.893677e-03
9.934867e-03
9.976094e-03
1.001731e-02
1.005867e-02
1.010009e-02
1.014153e-02
1.018299e-02
1.022455e-02
1.026618e-02
1.030788e-02
1.034961e-02
1.039154e-02
1.043348e-02
1.047547e-02
1.051750e-02
1.055968e-02
1.060193e-02
1.064431e-02
1.068680e-02
1.072937e-02
1.077199e-02
1.081466e-02
1.085741e-02
1.090035e-02
1.094336e-02
1.098646e-02
1.102969e-02
1.107296e-02
1.111632e-02
1.115977e-02
1.120334e-02
1.124705e-02
1.129085e-02
1.133473e-02
1.137873e-02
1.142286e-02
1.146709e-02
1.151141e-02
1.155591e-02
1.160047e-02
1.164514e-02
1.168985e-02
1.173469e-02
1.177966e-02
1.182475e-02
1.186996e-02
1.191529e-02
1.196077e-02
1.200635e-02
1.205207e-02
1.209790e-02
1.214376e-02
1.218987e-02
1.223604e-02
1.228235e-02
1.232874e-02
1.237528e-02
1.242196e-02
1.246877e-02
1.251572e-02
1.256283e-02
1.261007e-02
1.265747e-02
1.270502e-02
1.275275e-02
1.280057e-02
1.284855e-02
1.289655e-02
1.294481e-02
1.299318e-02
1.304169e-02
1.309032e-02
1.313912e-02
1.318805e-02
1.323713e-02
1.328637e-02
1.333581e-02
1.338539e-02
1.343517e-02
1.348511e-02
1.353529e-02
1.358562e-02
1.363617e-02
1.368686e-02
1.373763e-02
1.378857e-02
1.383976e-02
1.389105e-02
1.394241e-02
1.399383e-02
1.404532e-02
1.409688e-02
1.414850e-02
1.420017e-02
1.425192e-02
1.430377e-02
1.435571e-02
1.440771e-02
1.443321e-02
1.445865e-02
1.448407e-02
1.450945e-02
1.453484e-02
1.456021e-02
1.458559e-02
1.461098e-02
1.463640e-02
1.466182e-02
1.468729e-02
1.471278e-02
1.473830e-02
1.476350e-02
1.478868e-02
1.481388e-02
1.483909e-02
1.486433e-02
1.488961e-02
1.491491e-02
1.494026e-02
1.496565e-02
1.499097e-02
1.501636e-02
1.504217e-02
1.506693e-02
1.509174e-02
1.511677e-02
1.514226e-02
1.516833e-02
1.519272e-02
1.521731e-02
1.524234e-02
1.526652e-02
1.529075e-02
1.531528e-02
1.533927e-02
1.536332e-02
1.538760e-02
1.541151e-02
1.543542e-02
1.545951e-02
1.548333e-02
1.550714e-02
1.553112e-02
1.555488e-02
1.557862e-02
1.560252e-02
1.562624e-02
1.564994e-02
1.567379e-02
1.569750e-02
1.572118e-02
1.574498e-02
1.576869e-02
1.579238e-02
1.581616e-02
1.583990e-02
1.586361e-02
1.588740e-02
1.591142e-02
1.593518e-02
1.595899e-02
1.598298e-02
1.600679e-02
1.603063e-02
1.605464e-02
1.607853e-02
1.610243e-02
1.612646e-02
1.615045e-02
1.617443e-02
1.619851e-02
1.622281e-02
1.624690e-02
1.627104e-02
1.629537e-02
1.631959e-02
1.634383e-02
1.636821e-02
1.639258e-02
1.641694e-02
1.644140e-02
1.646610e-02
1.649062e-02
1.651518e-02
1.653993e-02
1.656464e-02
1.658935e-02
1.661418e-02
1.663911e-02
1.666402e-02
1.668899e-02
1.671414e-02
1.673931e-02
1.676448e-02
1.678975e-02
1.681530e-02
1.684078e-02
1.686628e-02
1.689191e-02
1.691786e-02
1.694364e-02
1.696952e-02
1.699550e-02
1.702156e-02
1.704755e-02
1.707375e-02
1.709972e-02
1.712583e-02
1.715171e-02
1.717770e-02
1.720349e-02
1.722991e-02
1.725585e-02
1.728194e-02
1.730776e-02
1.733369e-02
1.735938e-02
1.738695e-02
1.741440e-02
1.744266e-02
1.747040e-02
1.749821e-02
1.752376e-02
1.755084e-02
1.757631e-02
1.760191e-02
1.762729e-02
1.765520e-02
1.768311e-02
1.771144e-02
1.773992e-02
1.776863e-02
1.779394e-02
1.782125e-02
1.784647e-02
1.787182e-02
1.789692e-02
1.792452e-02
1.795330e-02
1.798230e-02
1.800755e-02
1.803423e-02
1.805939e-02
1.808471e-02
1.810974e-02
1.813490e-02
1.816258e-02
1.819157e-02
1.822075e-02
1.825030e-02
1.827531e-02
1.830051e-02
1.832542e-02
1.835047e-02
1.837522e-02
1.840244e-02
1.843162e-02
1.846118e-02
1.848607e-02
1.851115e-02
1.853592e-02
1.856084e-02
1.858546e-02
1.861253e-02
1.864174e-02
1.867136e-02
1.869612e-02
1.872107e-02
1.874572e-02
1.877052e-02
1.879501e-02
1.882195e-02
1.885125e-02
1.888103e-02
1.890569e-02
1.893232e-02
1.895687e-02
1.898158e-02
1.900598e-02
1.903282e-02
1.906216e-02
1.909198e-02
1.911660e-02
1.914311e-02
1.916762e-02
1.919231e-02
1.921666e-02
1.924118e-02
1.926815e-02
1.929753e-02
1.932745e-02
1.935808e-02
1.938251e-02
1.940938e-02
1.943369e-02
1.946044e-02
1.948459e-02
1.950892e-02
1.953295e-02
1.955938e-02
1.958846e-02
1.961927e-02
1.965106e-02
1.967947e-02
1.970790e-02
1.973646e-02
1.976052e-02
1.978699e-02
1.981097e-02
1.983736e-02
1.986125e-02
1.988533e-02
1.990916e-02
1.993537e-02
1.996374e-02
1.999218e-02
2.002077e-02
2.004958e-02
2.007873e-02
2.010829e-02
2.013235e-02
2.015881e-02
2.018284e-02
2.020928e-02
2.023325e-02
2.025742e-02
2.028133e-02
2.030544e-02
2.033195e-02
2.036112e-02
2.039099e-02
2.042151e-02
2.045289e-02
2.048129e-02
2.050544e-02
2.053195e-02
2.055608e-02
2.058043e-02
2.060450e-02
2.062877e-02
2.065275e-02
2.067914e-02
2.070816e-02
2.073664e-02
2.076514e-02
2.079369e-02
2.082236e-02
2.085124e-02
2.087535e-02
2.090165e-02
2.092572e-02
2.094999e-02
2.097400e-02
2.099819e-02
2.102212e-02
2.104844e-02
2.107709e-02
2.110581e-02
2.113462e-02
2.116359e-02
2.119278e-02
2.122223e-02
2.124632e-02
2.127283e-02
2.129690e-02
2.132118e-02
2.134521e-02
2.136944e-02
2.139342e-02
2.141980e-02
2.144854e-02
2.147734e-02
2.150623e-02
2.153526e-02
2.156449e-02
2.159395e-02
2.162372e-02
2.165384e-02
2.168443e-02
2.171561e-02
2.173978e-02
2.176637e-02
2.179055e-02
2.181715e-02
2.184132e-02
2.186789e-02
2.189203e-02
2.191639e-02
2.194051e-02
2.196486e-02
2.199163e-02
2.202108e-02
2.205122e-02
2.208178e-02
2.211289e-02
2.214469e-02
2.217720e-02
2.221057e-02
2.223937e-02
2.226822e-02
2.229711e-02
2.232608e-02
2.235515e-02
2.238435e-02
2.241371e-02
2.244326e-02
2.247303e-02
2.250305e-02
2.253341e-02
2.256417e-02
2.259543e-02
2.262735e-02
2.265197e-02
2.267905e-02
2.270374e-02
2.273090e-02
2.275562e-02
2.278281e-02
2.280754e-02
2.283474e-02
2.285947e-02
2.288668e-02
2.291140e-02
2.293860e-02
2.296332e-02
2.298829e-02
2.301301e-02
2.303797e-02
2.306269e-02
2.308987e-02
2.311978e-02
2.315044e-02
2.318156e-02
2.321332e-02
2.324567e-02
2.327872e-02
2.331239e-02
2.334107e-02
2.336978e-02
2.339853e-02
2.342732e-02
2.345616e-02
2.348509e-02
2.351412e-02
2.353925e-02
2.356681e-02
2.359196e-02
2.361962e-02
2.364473e-02
2.367008e-02
2.369512e-02
2.372038e-02
2.374533e-02
2.377049e-02
2.379533e-02
2.382038e-02
2.384793e-02
2.387651e-02
2.390518e-02
2.393396e-02
2.396285e-02
2.399188e-02
2.402107e-02
2.405045e-02
2.408006e-02
2.410993e-02
2.413516e-02
2.416210e-02
2.418742e-02
2.421527e-02
2.424064e-02
2.426855e-02
2.429397e-02
2.432193e-02
2.435071e-02
2.437958e-02
2.440856e-02
2.443769e-02
2.446697e-02
2.449643e-02
2.452610e-02
2.455603e-02
2.458624e-02
2.461679e-02
2.464774e-02
2.467915e-02
2.471112e-02
2.474379e-02
2.477717e-02
2.480623e-02
2.483536e-02
2.486458e-02
2.489391e-02
2.492338e-02
2.495298e-02
2.498275e-02
2.501272e-02
2.504294e-02
2.507344e-02
2.510427e-02
2.513549e-02
2.516717e-02
2.519175e-02
2.521879e-02
2.524336e-02
2.527039e-02
2.529492e-02
2.532190e-02
2.534636e-02
2.537107e-02
2.539548e-02
2.542011e-02
2.544444e-02
2.546899e-02
2.549599e-02
2.552569e-02
2.555635e-02
2.558734e-02
2.561869e-02
2.565048e-02
2.568279e-02
2.571569e-02
2.574492e-02
2.577418e-02
2.579870e-02
2.582568e-02
2.585020e-02
2.587718e-02
2.590166e-02
2.592639e-02
2.595084e-02
2.597551e-02
2.599991e-02
2.602676e-02
2.605629e-02
2.608698e-02
2.611816e-02
2.614988e-02
2.617828e-02
2.620664e-02
2.623497e-02
2.626331e-02
2.628819e-02
2.631545e-02
2.634040e-02
2.636784e-02
2.639280e-02
2.641802e-02
2.644299e-02
2.646820e-02
2.649316e-02
2.651836e-02
2.654573e-02
2.657312e-02
2.660055e-02
2.662807e-02
2.665573e-02
2.668358e-02
2.671171e-02
2.674018e-02
2.676910e-02
2.679856e-02
2.682873e-02
2.685581e-02
2.688293e-02
2.691015e-02
2.693747e-02
2.696494e-02
2.699258e-02
2.702043e-02
2.704589e-02
2.707361e-02
2.709912e-02
2.712488e-02
2.715040e-02
2.717616e-02
2.720167e-02
2.722740e-02
2.725289e-02
2.727858e-02
2.730404e-02
2.733178e-02
2.735967e-02
2.738774e-02
2.741598e-02
2.744443e-02
2.747313e-02
2.750209e-02
2.753140e-02
2.756107e-02
2.759122e-02
2.762193e-02
2.765331e-02
2.768543e-02
2.771345e-02
2.774158e-02
2.776980e-02
2.779814e-02
2.782660e-02
2.785519e-02
2.788392e-02
2.791277e-02
2.794177e-02
2.797091e-02
2.800022e-02
2.802972e-02
2.805947e-02
2.808949e-02
2.811523e-02
2.814209e-02
2.816788e-02
2.819548e-02
2.822129e-02
2.824886e-02
2.827467e-02
2.830199e-02
2.832782e-02
2.835393e-02
2.837977e-02
2.840590e-02
2.843174e-02
2.845787e-02
2.848372e-02
2.850986e-02
2.853572e-02
2.856187e-02
2.858773e-02
2.861389e-02
2.863975e-02
2.866592e-02
2.869179e-02
2.871796e-02
2.874384e-02
2.877002e-02
2.879589e-02
2.882208e-02
2.884796e-02
2.887414e-02
2.890002e-02
2.892620e-02
2.895207e-02
2.897824e-02
2.900411e-02
2.903028e-02
2.905614e-02
2.908230e-02
2.910816e-02
2.913430e-02
2.916016e-02
2.918630e-02
2.921215e-02
2.923828e-02
2.926413e-02
2.929025e-02
2.931610e-02
2.934221e-02
2.936806e-02
2.939416e-02
2.942000e-02
2.944610e-02
2.947194e-02
2.949802e-02
2.952386e-02
2.954993e-02
2.957576e-02
2.960181e-02
2.962763e-02
2.965366e-02
2.967947e-02
2.970548e-02
2.973128e-02
2.975967e-02
2.978955e-02
2.981954e-02
2.984962e-02
2.987979e-02
2.991004e-02
2.994039e-02
2.997083e-02
3.000135e-02
3.003198e-02
3.006270e-02
3.009345e-02
3.012422e-02
3.015501e-02
3.018586e-02
3.021679e-02
3.024784e-02
3.027901e-02
3.031036e-02
3.034190e-02
3.037369e-02
3.040360e-02
3.043349e-02
3.046338e-02
3.049324e-02
3.052311e-02
3.055302e-02
3.058299e-02
3.061302e-02
3.064311e-02
3.067326e-02
3.070348e-02
3.073374e-02
3.076406e-02
3.079441e-02
3.082481e-02
3.085524e-02
3.088144e-02
3.091026e-02
3.093649e-02
3.096534e-02
3.099160e-02
3.102048e-02
3.104676e-02
3.107567e-02
3.110199e-02
3.113093e-02
3.115728e-02
3.118625e-02
3.121262e-02
3.123922e-02
3.126562e-02
3.129224e-02
3.131866e-02
3.134530e-02
3.137174e-02
3.139840e-02
3.142486e-02
3.145154e-02
3.148088e-02
3.151305e-02
3.154542e-02
3.157804e-02
3.161094e-02
3.164146e-02
3.167198e-02
3.170247e-02
3.173297e-02
3.176348e-02
3.179405e-02
3.182469e-02
3.185143e-02
3.188085e-02
3.190763e-02
3.193709e-02
3.196809e-02
3.199917e-02
3.203033e-02
3.206156e-02
3.209287e-02
3.212427e-02
3.215575e-02
3.218733e-02
3.221902e-02
3.225083e-02
3.228277e-02
3.231487e-02
3.234715e-02
3.237963e-02
3.241234e-02
3.244533e-02
3.247620e-02
3.250705e-02
3.253790e-02
3.256873e-02
3.259957e-02
3.263047e-02
3.266146e-02
3.269254e-02
3.272373e-02
3.275502e-02
3.278643e-02
3.281795e-02
3.284959e-02
3.288134e-02
3.291234e-02
3.294333e-02
3.297435e-02
3.300538e-02
3.303644e-02
3.306751e-02
3.309861e-02
3.312974e-02
3.316088e-02
3.319201e-02
3.322314e-02
3.325425e-02
3.328539e-02
3.331658e-02
3.334786e-02
3.337924e-02
3.341069e-02
3.344222e-02
3.347380e-02
3.350550e-02
3.353729e-02
3.356922e-02
3.360125e-02
3.363351e-02
3.366594e-02
3.369867e-02
3.373156e-02
3.376288e-02
3.379421e-02
3.382552e-02
3.385684e-02
3.388815e-02
3.391949e-02
3.395090e-02
3.398242e-02
3.401407e-02
3.404584e-02
3.407774e-02
3.410979e-02
3.414199e-02
3.417425e-02
3.420678e-02
3.423904e-02
3.427159e-02
3.430385e-02
3.433526e-02
3.436666e-02
3.439804e-02
3.442942e-02
3.446080e-02
3.449219e-02
3.452361e-02
3.455110e-02
3.457908e-02
3.460663e-02
3.463576e-02
3.466333e-02
3.469114e-02
3.471872e-02
3.474653e-02
3.477412e-02
3.480192e-02
3.482951e-02
3.485730e-02
3.488488e-02
3.491267e-02
3.494025e-02
3.496803e-02
3.499560e-02
3.502594e-02
3.505737e-02
3.508881e-02
3.512027e-02
3.515178e-02
3.518339e-02
3.521511e-02
3.524695e-02
3.527892e-02
3.531102e-02
3.534325e-02
3.537559e-02
3.540811e-02
3.544046e-02
3.547330e-02
3.550566e-02
3.553887e-02
3.557124e-02
3.560282e-02
3.563440e-02
3.566595e-02
3.569751e-02
3.572905e-02
3.576061e-02
3.579219e-02
3.582383e-02
3.585557e-02
3.588741e-02
3.591936e-02
3.595142e-02
3.598361e-02
3.601162e-02
3.604027e-02
3.606956e-02
3.609802e-02
3.612619e-02
3.615493e-02
3.618309e-02
3.621154e-02
3.623969e-02
3.626808e-02
3.629618e-02
3.632450e-02
3.635254e-02
3.638077e-02
3.640875e-02
3.643953e-02
3.647107e-02
3.650268e-02
3.653439e-02
3.656621e-02
3.659816e-02
3.663024e-02
3.666246e-02
3.669482e-02
3.672734e-02
3.676003e-02
3.679226e-02
3.682534e-02
3.685679e-02
3.688821e-02
3.691961e-02
3.695099e-02
3.698235e-02
3.701369e-02
3.704506e-02
3.707649e-02
3.710801e-02
3.713965e-02
3.717142e-02
3.720332e-02
3.723537e-02
3.726759e-02
3.729964e-02
3.733223e-02
3.736423e-02
3.739539e-02
3.742652e-02
3.745762e-02
3.748870e-02
3.751977e-02
3.754783e-02
3.757635e-02
3.760444e-02
3.763276e-02
3.766087e-02
3.768920e-02
3.771732e-02
3.774566e-02
3.777379e-02
3.780213e-02
3.783025e-02
3.785858e-02
3.788670e-02
3.791503e-02
3.794314e-02
3.797146e-02
3.799957e-02
3.802788e-02
3.805599e-02
3.808690e-02
3.811814e-02
3.814955e-02
3.818115e-02
3.821298e-02
3.824352e-02
3.827404e-02
3.830455e-02
3.833504e-02
3.836324e-02
3.839192e-02
3.842016e-02
3.844863e-02
3.847688e-02
3.850536e-02
3.853362e-02
3.856209e-02
3.859034e-02
3.861880e-02
3.864705e-02
3.867550e-02
3.870375e-02
3.873219e-02
3.876043e-02
3.878887e-02
3.881711e-02
3.884556e-02
3.887380e-02
3.890224e-02
3.893049e-02
3.895895e-02
3.898720e-02
3.901567e-02
3.904394e-02
3.907242e-02
3.910070e-02
3.912919e-02
3.915748e-02
3.918598e-02
3.921437e-02
3.924301e-02
3.927143e-02
3.930009e-02
3.932854e-02
3.935724e-02
3.938571e-02
3.941444e-02
3.944295e-02
3.947201e-02
3.950055e-02
3.952968e-02
3.955825e-02
3.958740e-02
3.961603e-02
3.964522e-02
3.967389e-02
3.970315e-02
3.973186e-02
3.976116e-02
3.978990e-02
3.981923e-02
3.984799e-02
3.987734e-02
3.990611e-02
3.993545e-02
3.996422e-02
3.999327e-02
4.002203e-02
4.005104e-02
4.007978e-02
4.010875e-02
4.013745e-02
4.016637e-02
4.019502e-02
4.022389e-02
4.025251e-02
4.028134e-02
4.031141e-02
4.034153e-02
4.037179e-02
4.040222e-02
4.043287e-02
4.046376e-02
4.049492e-02
4.052488e-02
4.055487e-02
4.058487e-02
4.061491e-02
4.064499e-02
4.067362e-02
4.070383e-02
4.073416e-02
4.076465e-02
4.079536e-02
4.082630e-02
4.085751e-02
4.088758e-02
4.091767e-02
4.094779e-02
4.097794e-02
4.100814e-02
4.103839e-02
4.106870e-02
4.109911e-02
4.112967e-02
4.116041e-02
4.119136e-02
4.122253e-02
4.125395e-02
4.128541e-02
4.131571e-02
4.134604e-02
4.137640e-02
4.140680e-02
4.143724e-02
4.146774e-02
4.149831e-02
4.152710e-02
4.155636e-02
4.158518e-02
4.161423e-02
4.164306e-02
4.167213e-02
4.170096e-02
4.173002e-02
4.175886e-02
4.178792e-02
4.181675e-02
4.184580e-02
4.187463e-02
4.190368e-02
4.193250e-02
4.196154e-02
4.199036e-02
4.201939e-02
4.204820e-02
4.207990e-02
4.211045e-02
4.214101e-02
4.217160e-02
4.220221e-02
4.223286e-02
4.226355e-02
4.229245e-02
4.232184e-02
4.235077e-02
4.237995e-02
4.240889e-02
4.243806e-02
4.246700e-02
4.249617e-02
4.252511e-02
4.255427e-02
4.258319e-02
4.261234e-02
4.264126e-02
4.267040e-02
4.269931e-02
4.272843e-02
4.275734e-02
4.278646e-02
4.281536e-02
4.284447e-02
4.287337e-02
4.290406e-02
4.293477e-02
4.296549e-02
4.299624e-02
4.302702e-02
4.305786e-02
4.308878e-02
4.311984e-02
4.315107e-02
4.318250e-02
4.321416e-02
4.324606e-02
4.327686e-02
4.330766e-02
4.333847e-02
4.336930e-02
4.340015e-02
4.343104e-02
4.346196e-02
4.349094e-02
4.352041e-02
4.354942e-02
4.357867e-02
4.360769e-02
4.363695e-02
4.366597e-02
4.369523e-02
4.372425e-02
4.375350e-02
4.378252e-02
4.381176e-02
4.384076e-02
4.386999e-02
4.389899e-02
4.392820e-02
4.395718e-02
4.398638e-02
4.401534e-02
4.404453e-02
4.407348e-02
4.410265e-02
4.413440e-02
4.416687e-02
4.419793e-02
4.422900e-02
4.426009e-02
4.429120e-02
4.432233e-02
4.435349e-02
4.438470e-02
4.441598e-02
4.444735e-02
4.447887e-02
4.451054e-02
4.454238e-02
4.457416e-02
4.460636e-02
4.463816e-02
4.467064e-02
4.470246e-02
4.473377e-02
4.476511e-02
4.479644e-02
4.482780e-02
4.485915e-02
4.489054e-02
4.492193e-02
4.495337e-02
4.498489e-02
4.501651e-02
4.504828e-02
4.508009e-02
4.511215e-02
4.514397e-02
4.517636e-02
4.520818e-02
4.524074e-02
4.527368e-02
4.530518e-02
4.533667e-02
4.536817e-02
4.539967e-02
4.543116e-02
4.546267e-02
4.549418e-02
4.552572e-02
4.555732e-02
4.558902e-02
4.562083e-02
4.565267e-02
4.568475e-02
4.571658e-02
4.574895e-02
4.578078e-02
4.581341e-02
4.584628e-02
4.587935e-02
4.591264e-02
4.594420e-02
4.597576e-02
4.600730e-02
4.603885e-02
4.607038e-02
4.610193e-02
4.613351e-02
4.616516e-02
4.619692e-02
4.622877e-02
4.626077e-02
4.629289e-02
4.632516e-02
4.635757e-02
4.639013e-02
4.642286e-02
4.645577e-02
4.648772e-02
4.651928e-02
4.655083e-02
4.658236e-02
4.661124e-02
4.664057e-02
4.666945e-02
4.669982e-02
4.672870e-02
4.675943e-02
4.678831e-02
4.681740e-02
4.684628e-02
4.687537e-02
4.690424e-02
4.693332e-02
4.696218e-02
4.699125e-02
4.702010e-02
4.704917e-02
4.707801e-02
4.710706e-02
4.713590e-02
4.716494e-02
4.719639e-02
4.722781e-02
4.725923e-02
4.729064e-02
4.732205e-02
4.735349e-02
4.738500e-02
4.741660e-02
4.744831e-02
4.748014e-02
4.751204e-02
4.754412e-02
4.757600e-02
4.760835e-02
4.764023e-02
4.767288e-02
4.770570e-02
4.773870e-02
4.777192e-02
4.780328e-02
4.783463e-02
4.786596e-02
4.789728e-02
4.792859e-02
4.795990e-02
4.799123e-02
4.802262e-02
4.805410e-02
4.808567e-02
4.811736e-02
4.814915e-02
4.818106e-02
4.821309e-02
4.824524e-02
4.827751e-02
4.830992e-02
4.834168e-02
4.837439e-02
4.840613e-02
4.843920e-02
4.847093e-02
4.850216e-02
4.853338e-02
4.856457e-02
4.859576e-02
4.862692e-02
4.865563e-02
4.868481e-02
4.871352e-02
4.874247e-02
4.877118e-02
4.880012e-02
4.882883e-02
4.885776e-02
4.888645e-02
4.891536e-02
4.894405e-02
4.897295e-02
4.900162e-02
4.903050e-02
4.905916e-02
4.908803e-02
4.911668e-02
4.914554e-02
4.917651e-02
4.920746e-02
4.923838e-02
4.926928e-02
4.930017e-02
4.933104e-02
4.936194e-02
4.939291e-02
4.942162e-02
4.945083e-02
4.947957e-02
4.950854e-02
4.953729e-02
4.956627e-02
4.959501e-02
4.962398e-02
4.965272e-02
4.968169e-02
4.971042e-02
4.973937e-02
4.976810e-02
4.979705e-02
4.982576e-02
4.985470e-02
4.988341e-02
4.991234e-02
4.994105e-02
4.996998e-02
4.999868e-02
5.002760e-02
5.005630e-02
5.008522e-02
5.011392e-02
5.014285e-02
5.017155e-02
5.020047e-02
5.022917e-02
5.025810e-02
5.028681e-02
5.031574e-02
5.034445e-02
5.037339e-02
5.040210e-02
5.043104e-02
5.045976e-02
5.048871e-02
5.051744e-02
5.054639e-02
5.057512e-02
5.060408e-02
5.063353e-02
5.066250e-02
5.069197e-02
5.072113e-02
5.075084e-02
5.078003e-02
5.080978e-02
5.083900e-02
5.086879e-02
5.089805e-02
5.092789e-02
5.095721e-02
5.098715e-02
5.101651e-02
5.104649e-02
5.107590e-02
5.110595e-02
5.113542e-02
5.116556e-02
5.119511e-02
5.122537e-02
5.125501e-02
5.128538e-02
5.131510e-02
5.134558e-02
5.137539e-02
5.140595e-02
5.143583e-02
5.146532e-02
5.149511e-02
5.152467e-02
5.155496e-02
5.158452e-02
5.161476e-02
5.164427e-02
5.167412e-02
5.170358e-02
5.173335e-02
5.176274e-02
5.179241e-02
5.182172e-02
5.185127e-02
5.188049e-02
5.190993e-02
5.193907e-02
5.196841e-02
5.199747e-02
5.202674e-02
5.205783e-02
5.208926e-02
5.212033e-02
5.215202e-02
5.218300e-02
5.221461e-02
5.224549e-02
5.227698e-02
5.230775e-02
5.233914e-02
5.236980e-02
5.240110e-02
5.243169e-02
5.246291e-02
5.249343e-02
5.252459e-02
5.255507e-02
5.258618e-02
5.261661e-02
5.264769e-02
5.267808e-02
5.270913e-02
5.273950e-02
5.277052e-02
5.280087e-02
5.283188e-02
5.286221e-02
5.289320e-02
5.292353e-02
5.295452e-02
5.298483e-02
5.301582e-02
5.304613e-02
5.307713e-02
5.310744e-02
5.313844e-02
5.316877e-02
5.319978e-02
5.323011e-02
5.326114e-02
5.329148e-02
5.332254e-02
5.335290e-02
5.338397e-02
5.341435e-02
5.344546e-02
5.347429e-02
5.350360e-02
5.353243e-02
5.356150e-02
5.359032e-02
5.361938e-02
5.364819e-02
5.367723e-02
5.370602e-02
5.373504e-02
5.376382e-02
5.379282e-02
5.382158e-02
5.385056e-02
5.387930e-02
5.390826e-02
5.393697e-02
5.396591e-02
5.399460e-02
5.402352e-02
5.405219e-02
5.408373e-02
5.411478e-02
5.414690e-02
5.417808e-02
5.421040e-02
5.424172e-02
5.427428e-02
5.430578e-02
5.433861e-02
5.437031e-02
5.440348e-02
5.443543e-02
5.446900e-02
5.450125e-02
5.453531e-02
5.456791e-02
5.460256e-02
5.463560e-02
5.466965e-02
5.469828e-02
5.472738e-02
5.475601e-02
5.478486e-02
5.481347e-02
5.484231e-02
5.487089e-02
5.489971e-02
5.492827e-02
5.495705e-02
5.498559e-02
5.501435e-02
5.504286e-02
5.507159e-02
5.510007e-02
5.512877e-02
5.515722e-02
5.518589e-02
5.521432e-02
5.524296e-02
5.527447e-02
5.530912e-02
5.534499e-02
5.538181e-02
5.541779e-02
5.545478e-02
5.549092e-02
5.552809e-02
5.556440e-02
5.560177e-02
5.563825e-02
5.567583e-02
5.570426e-02
5.573319e-02
5.576162e-02
5.579030e-02
5.581872e-02
5.584738e-02
5.587580e-02
5.590636e-02
5.593475e-02
5.596514e-02
5.599352e-02
5.602394e-02
5.605740e-02
5.609421e-02
5.613471e-02
5.617529e-02
5.621573e-02
5.625607e-02
5.629627e-02
5.633640e-02
5.637641e-02
5.641634e-02
5.645621e-02
5.649596e-02
5.653569e-02
5.657533e-02
5.661496e-02
5.665452e-02
5.669409e-02
5.673363e-02
5.677318e-02
5.681268e-02
5.684070e-02
5.687151e-02
5.689952e-02
5.693033e-02
5.696422e-02
5.700150e-02
5.704109e-02
5.708069e-02
5.712035e-02
5.716001e-02
5.719973e-02
5.723945e-02
5.727923e-02
5.731902e-02
5.735220e-02
5.738763e-02
5.742018e-02
5.745304e-02
5.748563e-02
5.751850e-02
5.755107e-02
5.758390e-02
5.761646e-02
5.764929e-02
5.768187e-02
5.771472e-02
5.775086e-02
5.779061e-02
5.783088e-02
5.787116e-02
5.791148e-02
5.795180e-02
5.799214e-02
5.803247e-02
5.807282e-02
5.810113e-02
5.813005e-02
5.815963e-02
5.818760e-02
5.821614e-02
5.824531e-02
5.827363e-02
5.830256e-02
5.833218e-02
5.836023e-02
5.838890e-02
5.841825e-02
5.844670e-02
5.847584e-02
5.850572e-02
5.853390e-02
5.856278e-02
5.859242e-02
5.862109e-02
5.865054e-02
5.867932e-02
5.870891e-02
5.873782e-02
5.876758e-02
5.879663e-02
5.882659e-02
5.885579e-02
5.888596e-02
5.891535e-02
5.894576e-02
5.897535e-02
5.900604e-02
5.903586e-02
5.906687e-02
5.909695e-02
5.912832e-02
5.915870e-02
5.919047e-02
5.922371e-02
5.925725e-02
5.929377e-02
5.933185e-02
5.937122e-02
5.941105e-02
5.945086e-02
5.949065e-02
5.953042e-02
5.956608e-02
5.960457e-02
5.963846e-02
5.967270e-02
5.970670e-02
5.974100e-02
5.977504e-02
5.980937e-02
5.984713e-02
5.988702e-02
5.992687e-02
5.996669e-02
6.000647e-02
6.004621e-02
6.008293e-02
6.012261e-02
6.015704e-02
6.019183e-02
6.022637e-02
6.026125e-02
6.029586e-02
6.033079e-02
6.036546e-02
6.040360e-02
6.044299e-02
6.048236e-02
6.052169e-02
6.056099e-02
6.060026e-02
6.063951e-02
6.067871e-02
6.071790e-02
6.075704e-02
6.079617e-02
6.083526e-02
6.087433e-02
6.091337e-02
6.095273e-02
6.099205e-02
6.103134e-02
6.107060e-02
6.110983e-02
6.114902e-02
6.118818e-02
6.122731e-02
6.126642e-02
6.130549e-02
6.134453e-02
6.138354e-02
6.142253e-02
6.146148e-02
6.150041e-02
6.153930e-02
6.157817e-02
6.161700e-02
6.165582e-02
6.169460e-02
6.173335e-02
6.176090e-02
6.179120e-02
6.181875e-02
6.184905e-02
6.188238e-02
6.191904e-02
6.195764e-02
6.199621e-02
6.203475e-02
6.207327e-02
6.211177e-02
6.215024e-02
6.218868e-02
6.222711e-02
6.226551e-02
6.230389e-02
6.234225e-02
6.238059e-02
6.241892e-02
6.245723e-02
6.248471e-02
6.251494e-02
6.254244e-02
6.257268e-02
6.260595e-02
6.264254e-02
6.267971e-02
6.271726e-02
6.275449e-02
6.279208e-02
6.282938e-02
6.285683e-02
6.288485e-02
6.291349e-02
6.294059e-02
6.296819e-02
6.299528e-02
6.302288e-02
6.304996e-02
6.307756e-02
6.310464e-02
6.313223e-02
6.315931e-02
6.318690e-02
6.321397e-02
6.324156e-02
6.326863e-02
6.329623e-02
6.332330e-02
6.335089e-02
6.337797e-02
6.340557e-02
6.343265e-02
6.346025e-02
6.348733e-02
6.351494e-02
6.354203e-02
6.356964e-02
6.359673e-02
6.362435e-02
6.365145e-02
6.367908e-02
6.370618e-02
6.373382e-02
6.376093e-02
6.378858e-02
6.381570e-02
6.384336e-02
6.387048e-02
6.389816e-02
6.392529e-02
6.395299e-02
6.398013e-02
6.400784e-02
6.403500e-02
6.406274e-02
6.408991e-02
6.411768e-02
6.414487e-02
6.417267e-02
6.419989e-02
6.422772e-02
6.425497e-02
6.428284e-02
6.431012e-02
6.433805e-02
6.436537e-02
6.439335e-02
6.442071e-02
6.444877e-02
6.447618e-02
6.450431e-02
6.453179e-02
6.456001e-02
6.458756e-02
6.461590e-02
6.464354e-02
6.467201e-02
6.469975e-02
6.472839e-02
6.475625e-02
6.478508e-02
6.481309e-02
6.484216e-02
6.487036e-02
6.489972e-02
6.492815e-02
6.495787e-02
6.498957e-02
6.502372e-02
6.506095e-02
6.510054e-02
6.514013e-02
6.517972e-02
6.521932e-02
6.525892e-02
6.529853e-02
6.533813e-02
6.537775e-02
6.541736e-02
6.545698e-02
6.549660e-02
6.553623e-02
6.557586e-02
6.561550e-02
6.565513e-02
6.569478e-02
6.573443e-02
6.577409e-02
6.581375e-02
6.585340e-02
6.589306e-02
6.593272e-02
6.597239e-02
6.601205e-02
6.605172e-02
6.609138e-02
6.613106e-02
6.617073e-02
6.621041e-02
6.625008e-02
6.628977e-02
6.632945e-02
6.636914e-02
6.640883e-02
6.644853e-02
6.648824e-02
6.652794e-02
6.656765e-02
6.660736e-02
6.664708e-02
6.668679e-02
6.672652e-02
6.676626e-02
6.680601e-02
6.684578e-02
6.688555e-02
6.692533e-02
6.695146e-02
6.698020e-02
6.700633e-02
6.703508e-02
6.706122e-02
6.708998e-02
6.711637e-02
6.714539e-02
6.717179e-02
6.720083e-02
6.722723e-02
6.725628e-02
6.728269e-02
6.731174e-02
6.734370e-02
6.737885e-02
6.741752e-02
6.745738e-02
6.749724e-02
6.753712e-02
6.757700e-02
6.761691e-02
6.765681e-02
6.769675e-02
6.773669e-02
6.777665e-02
6.781662e-02
6.785661e-02
6.789660e-02
6.793663e-02
6.797665e-02
6.801670e-02
6.805676e-02
6.809685e-02
6.813693e-02
6.817703e-02
6.821713e-02
6.825724e-02
6.829735e-02
6.833748e-02
6.837761e-02
6.840401e-02
6.843092e-02
6.845842e-02
6.848657e-02
6.851285e-02
6.853964e-02
6.856698e-02
6.859497e-02
6.862124e-02
6.864801e-02
6.867535e-02
6.870333e-02
6.873202e-02
6.876152e-02
6.879192e-02
6.882328e-02
6.885566e-02
6.888907e-02
6.892347e-02
6.895875e-02
6.899474e-02
6.903129e-02
6.906822e-02
6.909527e-02
6.912503e-02
6.915208e-02
6.918183e-02
6.920887e-02
6.923614e-02
6.926317e-02
6.929044e-02
6.931746e-02
6.934472e-02
6.937174e-02
6.939898e-02
6.942599e-02
6.945323e-02
6.948023e-02
6.950746e-02
6.953445e-02
6.956167e-02
6.958865e-02
6.961586e-02
6.964284e-02
6.967004e-02
6.969700e-02
6.972419e-02
6.975115e-02
6.977833e-02
6.980527e-02
6.983245e-02
6.986234e-02
6.989522e-02
6.993138e-02
6.997116e-02
7.001184e-02
7.005254e-02
7.009324e-02
7.013396e-02
7.017468e-02
7.021542e-02
7.025616e-02
7.029692e-02
7.033769e-02
7.037847e-02
7.041926e-02
7.046006e-02
7.050087e-02
7.054170e-02
7.058253e-02
7.062337e-02
7.066422e-02
7.070507e-02
7.074591e-02
7.078676e-02
7.082761e-02
7.086845e-02
7.090929e-02
7.095013e-02
7.099097e-02
7.103181e-02
7.107265e-02
7.111348e-02
7.115431e-02
7.119514e-02
7.123596e-02
7.127678e-02
7.131760e-02
7.135842e-02
7.139923e-02
7.144004e-02
7.148085e-02
7.152165e-02
7.156246e-02
7.160330e-02
7.164414e-02
7.168497e-02
7.172581e-02
7.176664e-02
7.180748e-02
7.184831e-02
7.188914e-02
7.192997e-02
7.197079e-02
7.201162e-02
7.205244e-02
7.209326e-02
7.213408e-02
7.217489e-02
7.221570e-02
7.225651e-02
7.229732e-02
7.233813e-02
7.237893e-02
7.241973e-02
7.246052e-02
7.250131e-02
7.254210e-02
7.258289e-02
7.262367e-02
7.266445e-02
7.270523e-02
7.274600e-02
7.278677e-02
7.282754e-02
7.286830e-02
7.290907e-02
7.294983e-02
7.299059e-02
7.303134e-02
7.307210e-02
7.311285e-02
7.315361e-02
7.319436e-02
7.323511e-02
7.327586e-02
7.331661e-02
7.335736e-02
7.339810e-02
7.343885e-02
7.347960e-02
7.352034e-02
7.356108e-02
7.360183e-02
7.364257e-02
7.368331e-02
7.372405e-02
7.376479e-02
7.380553e-02
7.384627e-02
7.388701e-02
7.392774e-02
7.396848e-02
7.400922e-02
7.404996e-02
7.409070e-02
7.413144e-02
7.417219e-02
7.421293e-02
7.425367e-02
7.429442e-02
7.433516e-02
7.437591e-02
7.441665e-02
7.445740e-02
7.449814e-02
7.453889e-02
7.456473e-02
7.459075e-02
7.461652e-02
7.464246e-02
7.466815e-02
7.469403e-02
7.471965e-02
7.474546e-02
7.477103e-02
7.479677e-02
7.482293e-02
7.485170e-02
7.488334e-02
7.491815e-02
7.495645e-02
7.499690e-02
7.503722e-02
7.507743e-02
7.510280e-02
7.512857e-02
7.515391e-02
7.517965e-02
7.520496e-02
7.523045e-02
7.525572e-02
7.528139e-02
7.530749e-02
7.533292e-02
7.535876e-02
7.538506e-02
7.541187e-02
7.543927e-02
7.546730e-02
7.549603e-02
7.552552e-02
7.555796e-02
7.558312e-02
7.560871e-02
7.563475e-02
7.566012e-02
7.568591e-02
7.571124e-02
7.573636e-02
7.576187e-02
7.578695e-02
7.581243e-02
7.583834e-02
7.586358e-02
7.588924e-02
7.591535e-02
7.594196e-02
7.596914e-02
7.599695e-02
7.602544e-02
7.605467e-02
7.608468e-02
7.610967e-02
7.613509e-02
7.616096e-02
7.618616e-02
7.621114e-02
7.623651e-02
7.626146e-02
7.628680e-02
7.631172e-02
7.633703e-02
7.636192e-02
7.638719e-02
7.641288e-02
7.643904e-02
7.646572e-02
7.649299e-02
7.652089e-02
7.654948e-02
7.657882e-02
7.660893e-02
7.664205e-02
7.667809e-02
7.671407e-02
7.674999e-02
7.678586e-02
7.682167e-02
7.685742e-02
7.689312e-02
7.692877e-02
7.696436e-02
7.699990e-02
7.703539e-02
7.707083e-02
7.710622e-02
7.714156e-02
7.717686e-02
7.721211e-02
7.724732e-02
7.728249e-02
7.731762e-02
7.735270e-02
7.738775e-02
7.742277e-02
7.745772e-02
7.748441e-02
7.751192e-02
7.754036e-02
7.756992e-02
7.759676e-02
7.762438e-02
7.765129e-02
7.767586e-02
7.770082e-02
7.772622e-02
7.775054e-02
7.777521e-02
7.779948e-02
7.782392e-02
7.784816e-02
7.787256e-02
7.789676e-02
7.792112e-02
7.794584e-02
7.797096e-02
7.799654e-02
7.802261e-02
7.804677e-02
7.807131e-02
7.809626e-02
7.812058e-02
7.814470e-02
7.816917e-02
7.819325e-02
7.821750e-02
7.824155e-02
7.826576e-02
7.828978e-02
7.831397e-02
7.833851e-02
7.836267e-02
7.838719e-02
7.841211e-02
7.843748e-02
7.846334e-02
7.849169e-02
7.851588e-02
7.854046e-02
7.856546e-02
7.858942e-02
7.861374e-02
7.863769e-02
7.866199e-02
7.868594e-02
7.871023e-02
7.873492e-02
7.875903e-02
7.878352e-02
7.880841e-02
7.883375e-02
7.885792e-02
7.888251e-02
7.890753e-02
7.893151e-02
7.895586e-02
7.897985e-02
7.900420e-02
7.902820e-02
7.905255e-02
7.907656e-02
7.910092e-02
7.912568e-02
7.914987e-02
7.917444e-02
7.919865e-02
7.922323e-02
7.924747e-02
7.927214e-02
7.929726e-02
7.932134e-02
7.934580e-02
7.936990e-02
7.939437e-02
7.941849e-02
7.944298e-02
7.946711e-02
7.949160e-02
7.951576e-02
7.954027e-02
7.956518e-02
7.958953e-02
7.961426e-02
7.963864e-02
7.966339e-02
7.968778e-02
7.971260e-02
7.973787e-02
7.976211e-02
7.978674e-02
7.981100e-02
7.983564e-02
7.985993e-02
7.988458e-02
7.990888e-02
7.993355e-02
7.995787e-02
7.998255e-02
8.000764e-02
8.003216e-02
8.005707e-02
8.008161e-02
8.010653e-02
8.013109e-02
8.015607e-02
8.018152e-02
8.020592e-02
8.023070e-02
8.025512e-02
8.027992e-02
8.030436e-02
8.032917e-02
8.035362e-02
8.037844e-02
8.040291e-02
8.042774e-02
8.045297e-02
8.047763e-02
8.050268e-02
8.052814e-02
8.055407e-02
8.058053e-02
8.060755e-02
8.063728e-02
8.066617e-02
8.069644e-02
8.072570e-02
8.075654e-02
8.078627e-02
8.081787e-02
8.084824e-02
8.087632e-02
8.090544e-02
8.093561e-02
8.096276e-02
8.099067e-02
8.101795e-02
8.104590e-02
8.107336e-02
8.110153e-02
8.112921e-02
8.115759e-02
8.118536e-02
8.121380e-02
8.124163e-02
8.127015e-02
8.129804e-02
8.132666e-02
8.135462e-02
8.138336e-02
8.141294e-02
8.144147e-02
8.147086e-02
8.150119e-02
8.152941e-02
8.155859e-02
8.158880e-02
8.161782e-02
8.164796e-02
8.167929e-02
8.170806e-02
8.173819e-02
8.176737e-02
8.179623e-02
8.182342e-02
8.185204e-02
8.187922e-02
8.190769e-02
8.193489e-02
8.196318e-02
8.199256e-02
8.202033e-02
8.204772e-02
8.207584e-02
8.210352e-02
8.213193e-02
8.215982e-02
8.218843e-02
8.221644e-02
8.224517e-02
8.227324e-02
8.230204e-02
8.233163e-02
8.236015e-02
8.238949e-02
8.241978e-02
8.244799e-02
8.247237e-02
8.249715e-02
8.252152e-02
8.254573e-02
8.257012e-02
8.259435e-02
8.261875e-02
8.264299e-02
8.266742e-02
8.269168e-02
8.271612e-02
8.274040e-02
8.276486e-02
8.278917e-02
8.281366e-02
8.283799e-02
8.286475e-02
8.289419e-02
8.292598e-02
8.295872e-02
8.299221e-02
8.301968e-02
8.304796e-02
8.307578e-02
8.310440e-02
8.313252e-02
8.316142e-02
8.318973e-02
8.321880e-02
8.324722e-02
8.327642e-02
8.330491e-02
8.333424e-02
8.336281e-02
8.339229e-02
8.342098e-02
8.345067e-02
8.347573e-02
8.350126e-02
8.352637e-02
8.355166e-02
8.357681e-02
8.360215e-02
8.362734e-02
8.365271e-02
8.367793e-02
8.370334e-02
8.372859e-02
8.375402e-02
8.377929e-02
8.380476e-02
8.383006e-02
8.385789e-02
8.388547e-02
8.391385e-02
8.394158e-02
8.397006e-02
8.399534e-02
8.402102e-02
8.404634e-02
8.407185e-02
8.409720e-02
8.412273e-02
8.414810e-02
8.417366e-02
8.419905e-02
8.422463e-02
8.425004e-02
8.427564e-02
8.430164e-02
8.432726e-02
8.435329e-02
8.437894e-02
8.440499e-02
8.443065e-02
8.445607e-02
8.448188e-02
8.450733e-02
8.453296e-02
8.455843e-02
8.458409e-02
8.460958e-02
8.463527e-02
8.466078e-02
8.468668e-02
8.471221e-02
8.473813e-02
8.476449e-02
8.479024e-02
8.481641e-02
8.484218e-02
8.486838e-02
8.489418e-02
8.491970e-02
8.494562e-02
8.497118e-02
8.499714e-02
8.502264e-02
8.504842e-02
8.507396e-02
8.509970e-02
8.512527e-02
8.515111e-02
8.517669e-02
8.520275e-02
8.522835e-02
8.525444e-02
8.528007e-02
8.530611e-02
8.533169e-02
8.535752e-02
8.538313e-02
8.540895e-02
8.543458e-02
8.546049e-02
8.548614e-02
8.551244e-02
8.553811e-02
8.556460e-02
8.559077e-02
8.561761e-02
8.564385e-02
8.567069e-02
8.569634e-02
8.572243e-02
8.574812e-02
8.577401e-02
8.579974e-02
8.582565e-02
8.585134e-02
8.587726e-02
8.590298e-02
8.592888e-02
8.595467e-02
8.598061e-02
8.600633e-02
8.603230e-02
8.605805e-02
8.608477e-02
8.611168e-02
8.613891e-02
8.616566e-02
8.619263e-02
8.622060e-02
8.624914e-02
8.627714e-02
8.630572e-02
8.633352e-02
8.636185e-02
8.638966e-02
8.641774e-02
8.644557e-02
8.647366e-02
8.650149e-02
8.652960e-02
8.655745e-02
8.658557e-02
8.661343e-02
8.664156e-02
8.666944e-02
8.669758e-02
8.672547e-02
8.675389e-02
8.678180e-02
8.681023e-02
8.683815e-02
8.686660e-02
8.689452e-02
8.692299e-02
8.695093e-02
8.697940e-02
8.700735e-02
8.703584e-02
8.706380e-02
8.709231e-02
8.712028e-02
8.714880e-02
8.717508e-02
8.720358e-02
8.722991e-02
8.725842e-02
8.728477e-02
8.731132e-02
8.733768e-02
8.736424e-02
8.739062e-02
8.741720e-02
8.744360e-02
8.747019e-02
8.749660e-02
8.752320e-02
8.754963e-02
8.757625e-02
8.760269e-02
8.762932e-02
8.765577e-02
8.768243e-02
8.770889e-02
8.773556e-02
8.776204e-02
8.778872e-02
8.781520e-02
8.784209e-02
8.786859e-02
8.789530e-02
8.792182e-02
8.794854e-02
8.797508e-02
8.800181e-02
8.802837e-02
8.805512e-02
8.808165e-02
8.810843e-02
8.813499e-02
8.816213e-02
8.818870e-02
8.821611e-02
8.824270e-02
8.826976e-02
8.829633e-02
8.832314e-02
8.834974e-02
8.837678e-02
8.840331e-02
8.843030e-02
8.845687e-02
8.848392e-02
8.851052e-02
8.853751e-02
8.856415e-02
8.859124e-02
8.861790e-02
8.864502e-02
8.867170e-02
8.869859e-02
8.872517e-02
8.875220e-02
8.877882e-02
8.880578e-02
8.883229e-02
8.885939e-02
8.888592e-02
8.891287e-02
8.893942e-02
8.896640e-02
8.899312e-02
8.902043e-02
8.904873e-02
8.907664e-02
8.910336e-02
8.913052e-02
8.915723e-02
8.918439e-02
8.921114e-02
8.923813e-02
8.926491e-02
8.929198e-02
8.931876e-02
8.934579e-02
8.937258e-02
8.939961e-02
8.942618e-02
8.945317e-02
8.948020e-02
8.950707e-02
8.953349e-02
8.956044e-02
8.958746e-02
8.961511e-02
8.964224e-02
8.967000e-02
8.969845e-02
8.972632e-02
8.975472e-02
8.978253e-02
8.981053e-02
8.983829e-02
8.986601e-02
8.989375e-02
8.992149e-02
8.994915e-02
8.997642e-02
9.000403e-02
9.003170e-02
9.005922e-02
9.008683e-02
9.011444e-02
9.014178e-02
9.016955e-02
9.019705e-02
9.022500e-02
9.025269e-02
9.028110e-02
9.030897e-02
9.033754e-02
9.036557e-02
9.039428e-02
9.042245e-02
9.045130e-02
9.047957e-02
9.050854e-02
9.053688e-02
9.056595e-02
9.059336e-02
9.062133e-02
9.064878e-02
9.067801e-02
9.070543e-02
9.073559e-02
9.076298e-02
9.079310e-02
9.082081e-02
9.084955e-02
9.087950e-02
9.091090e-02
9.094398e-02
9.097892e-02
9.101585e-02
9.105393e-02
9.108129e-02
9.111138e-02
9.113874e-02
9.116884e-02
9.119619e-02
9.122629e-02
9.125364e-02
9.128373e-02
9.131683e-02
9.135324e-02
9.139132e-02
9.142940e-02
9.145677e-02
9.148687e-02
9.151424e-02
9.154434e-02
9.157172e-02
9.160183e-02
9.162920e-02
9.165932e-02
9.169245e-02
9.172888e-02
9.176704e-02
9.180520e-02
9.184335e-02
9.188152e-02
9.191968e-02
9.195785e-02
9.199603e-02
9.203421e-02
9.206162e-02
9.209177e-02
9.211918e-02
9.214934e-02
9.218251e-02
9.221899e-02
9.225721e-02
9.229542e-02
9.233364e-02
9.237187e-02
9.241010e-02
9.244835e-02
9.248659e-02
9.252485e-02
9.256311e-02
9.260139e-02
9.263967e-02
9.267795e-02
9.271625e-02
9.275457e-02
9.279289e-02
9.283122e-02
9.286956e-02
9.290790e-02
9.294627e-02
9.298464e-02
9.302303e-02
9.306142e-02
9.309983e-02
9.313825e-02
9.317668e-02
9.321512e-02
9.325357e-02
9.329203e-02
9.333050e-02
9.336898e-02
9.340746e-02
9.343655e-02
9.346705e-02
9.349564e-02
9.352539e-02
9.355384e-02
9.358332e-02
9.361168e-02
9.364098e-02
9.366929e-02
9.369846e-02
9.372673e-02
9.375581e-02
9.378405e-02
9.381306e-02
9.384129e-02
9.387025e-02
9.389846e-02
9.392629e-02
9.395476e-02
9.398261e-02
9.401108e-02
9.403893e-02
9.406741e-02
9.409528e-02
9.412375e-02
9.415164e-02
9.418012e-02
9.420802e-02
9.423652e-02
9.426444e-02
9.429295e-02
9.432089e-02
9.434942e-02
9.437738e-02
9.440593e-02
9.443391e-02
9.446249e-02
9.449049e-02
9.451910e-02
9.454659e-02
9.457521e-02
9.460269e-02
9.463110e-02
9.465858e-02
9.468689e-02
9.471437e-02
9.474263e-02
9.477011e-02
9.479780e-02
9.482527e-02
9.485296e-02
9.488043e-02
9.490812e-02
9.493559e-02
9.496327e-02
9.499074e-02
9.501842e-02
9.504589e-02
9.507357e-02
9.510104e-02
9.512872e-02
9.515913e-02
9.519041e-02
9.522267e-02
9.525600e-02
9.529049e-02
9.532618e-02
9.536306e-02
9.540101e-02
9.543982e-02
9.547864e-02
9.551745e-02
9.555627e-02
9.558380e-02
9.561191e-02
9.563945e-02
9.566873e-02
9.569628e-02
9.572465e-02
9.575221e-02
9.578057e-02
9.580814e-02
9.583623e-02
9.586381e-02
9.589216e-02
9.591989e-02
9.594824e-02
9.597599e-02
9.600433e-02
9.603189e-02
9.606023e-02
9.608780e-02
9.611578e-02
9.614333e-02
9.617133e-02
9.619888e-02
9.622689e-02
9.625469e-02
9.628271e-02
9.631053e-02
9.633856e-02
9.636637e-02
9.639442e-02
9.642223e-02
9.645029e-02
9.647811e-02
9.650648e-02
9.653430e-02
9.656268e-02
9.659052e-02
9.661891e-02
9.664675e-02
9.667516e-02
9.670301e-02
9.673144e-02
9.675931e-02
9.678775e-02
9.681564e-02
9.684411e-02
9.687203e-02
9.690052e-02
9.692846e-02
9.695699e-02
9.698496e-02
9.701353e-02
9.704153e-02
9.707014e-02
9.709818e-02
9.712685e-02
9.715654e-02
9.718757e-02
9.722036e-02
9.725513e-02
9.729207e-02
9.733081e-02
9.736954e-02
9.740830e-02
9.744704e-02
9.748581e-02
9.752457e-02
9.756336e-02
9.759135e-02
9.761980e-02
9.764781e-02
9.767604e-02
9.770406e-02
9.773231e-02
9.776035e-02
9.778861e-02
9.781667e-02
9.784494e-02
9.787301e-02
9.790130e-02
9.792938e-02
9.795769e-02
9.798578e-02
9.801410e-02
9.804221e-02
9.807055e-02
9.809867e-02
9.812702e-02
9.815516e-02
9.818376e-02
9.821191e-02
9.824053e-02
9.827200e-02
9.830663e-02
9.834471e-02
9.838353e-02
9.841167e-02
9.844028e-02
9.846843e-02
9.849706e-02
9.852523e-02
9.855364e-02
9.858183e-02
9.861025e-02
9.863845e-02
9.866688e-02
9.869510e-02
9.872354e-02
9.875177e-02
9.878023e-02
9.880847e-02
9.883694e-02
9.886449e-02
9.889296e-02
9.892051e-02
9.894899e-02
9.897654e-02
9.900503e-02
9.903257e-02
9.906108e-02
9.908862e-02
9.911713e-02
9.914467e-02
9.917342e-02
9.920096e-02
9.922972e-02
9.925805e-02
9.928684e-02
9.931518e-02
9.934398e-02
9.937330e-02
9.940556e-02
9.944103e-02
9.947999e-02
9.950831e-02
9.953711e-02
9.956544e-02
9.959425e-02
9.962260e-02
9.965118e-02
9.967954e-02
9.970813e-02
9.973649e-02
9.976509e-02
9.979347e-02
9.982208e-02
9.985046e-02
9.987908e-02
9.990748e-02
9.993610e-02
9.996450e-02
9.999314e-02
1.000215e-01
1.000502e-01
1.000786e-01
1.001073e-01
1.001357e-01
1.001643e-01
1.001928e-01
1.002215e-01
1.002499e-01
1.002786e-01
1.003070e-01
1.003357e-01
1.003642e-01
1.003929e-01
1.004214e-01
1.004501e-01
1.004786e-01
1.005073e-01
1.005358e-01
1.005645e-01
1.005961e-01
1.006309e-01
1.006691e-01
1.007084e-01
1.007476e-01
1.007869e-01
1.008262e-01
1.008655e-01
1.009047e-01
1.009440e-01
1.009833e-01
1.010226e-01
1.010619e-01
1.011012e-01
1.011405e-01
1.011798e-01
1.012191e-01
1.012584e-01
1.012977e-01
1.013371e-01
1.013764e-01
1.014157e-01
1.014550e-01
1.014944e-01
1.015337e-01
1.015731e-01
1.016124e-01
1.016518e-01
1.016912e-01
1.017306e-01
1.017700e-01
1.018093e-01
1.018487e-01
1.018881e-01
1.019276e-01
1.019670e-01
1.019957e-01
1.020249e-01
1.020536e-01
1.020828e-01
1.021098e-01
1.021390e-01
1.021661e-01
1.021953e-01
1.022223e-01
1.022515e-01
1.022786e-01
1.023078e-01
1.023349e-01
1.023641e-01
1.023911e-01
1.024203e-01
1.024474e-01
1.024763e-01
1.025034e-01
1.025319e-01
1.025589e-01
1.025871e-01
1.026142e-01
1.026420e-01
1.026691e-01
1.026967e-01
1.027260e-01
1.027570e-01
1.027857e-01
1.028150e-01
1.028437e-01
1.028730e-01
1.029018e-01
1.029311e-01
1.029598e-01
1.029891e-01
1.030179e-01
1.030472e-01
1.030760e-01
1.031053e-01
1.031341e-01
1.031634e-01
1.031922e-01
1.032215e-01
1.032503e-01
1.032796e-01
1.033084e-01
1.033377e-01
1.033647e-01
1.033923e-01
1.034204e-01
1.034491e-01
1.034762e-01
1.035037e-01
1.035308e-01
1.035583e-01
1.035854e-01
1.036130e-01
1.036400e-01
1.036676e-01
1.036946e-01
1.037222e-01
1.037509e-01
1.037809e-01
1.038097e-01
1.038390e-01
1.038679e-01
1.038972e-01
1.039261e-01
1.039554e-01
1.039843e-01
1.040137e-01
1.040426e-01
1.040719e-01
1.041008e-01
1.041302e-01
1.041591e-01
1.041885e-01
1.042174e-01
1.042468e-01
1.042756e-01
1.043051e-01
1.043340e-01
1.043634e-01
1.043923e-01
1.044217e-01
1.044506e-01
1.044800e-01
1.045090e-01
1.045384e-01
1.045673e-01
1.045968e-01
1.046257e-01
1.046552e-01
1.046823e-01
1.047117e-01
1.047388e-01
1.047680e-01
1.047951e-01
1.048243e-01
1.048514e-01
1.048807e-01
1.049078e-01
1.049370e-01
1.049641e-01
1.049934e-01
1.050224e-01
1.050517e-01
1.050807e-01
1.051100e-01
1.051390e-01
1.051683e-01
1.051974e-01
1.052267e-01
1.052558e-01
1.052851e-01
1.053142e-01
1.053435e-01
1.053726e-01
1.054020e-01
1.054311e-01
1.054604e-01
1.054895e-01
1.055189e-01
1.055480e-01
1.055774e-01
1.056047e-01
1.056341e-01
1.056614e-01
1.056908e-01
1.057181e-01
1.057475e-01
1.057748e-01
1.058042e-01
1.058316e-01
1.058610e-01
1.058883e-01
1.059178e-01
1.059451e-01
1.059746e-01
1.060019e-01
1.060311e-01
1.060584e-01
1.060874e-01
1.061166e-01
1.061462e-01
1.061754e-01
1.062050e-01
1.062343e-01
1.062638e-01
1.062963e-01
1.063321e-01
1.063714e-01
1.064116e-01
1.064518e-01
1.064921e-01
1.065323e-01
1.065726e-01
1.066128e-01
1.066531e-01
1.066806e-01
1.067108e-01
1.067384e-01
1.067686e-01
1.067961e-01
1.068264e-01
1.068539e-01
1.068842e-01
1.069118e-01
1.069420e-01
1.069696e-01
1.069999e-01
1.070274e-01
1.070577e-01
1.070853e-01
1.071156e-01
1.071489e-01
1.071856e-01
1.072259e-01
1.072663e-01
1.073067e-01
1.073471e-01
1.073875e-01
1.074279e-01
1.074557e-01
1.074862e-01
1.075140e-01
1.075446e-01
1.075724e-01
1.076024e-01
1.076302e-01
1.076603e-01
1.076881e-01
1.077182e-01
1.077478e-01
1.077779e-01
1.078075e-01
1.078376e-01
1.078672e-01
1.078974e-01
1.079270e-01
1.079571e-01
1.079868e-01
1.080169e-01
1.080466e-01
1.080767e-01
1.081064e-01
1.081366e-01
1.081662e-01
1.081964e-01
1.082261e-01
1.082563e-01
1.082860e-01
1.083162e-01
1.083443e-01
1.083745e-01
1.084025e-01
1.084311e-01
1.084592e-01
1.084878e-01
1.085159e-01
1.085445e-01
1.085726e-01
1.086012e-01
1.086309e-01
1.086612e-01
1.086909e-01
1.087212e-01
1.087509e-01
1.087812e-01
1.088110e-01
1.088413e-01
1.088710e-01
1.089013e-01
1.089311e-01
1.089614e-01
1.089912e-01
1.090215e-01
1.090513e-01
1.090816e-01
1.091114e-01
1.091418e-01
1.091716e-01
1.092019e-01
1.092301e-01
1.092604e-01
1.092886e-01
1.093173e-01
1.093455e-01
1.093742e-01
1.094023e-01
1.094310e-01
1.094592e-01
1.094896e-01
1.095194e-01
1.095498e-01
1.095797e-01
1.096101e-01
1.096400e-01
1.096705e-01
1.096987e-01
1.097291e-01
1.097573e-01
1.097878e-01
1.098160e-01
1.098465e-01
1.098747e-01
1.099052e-01
1.099334e-01
1.099639e-01
1.099939e-01
1.100244e-01
1.100544e-01
1.100850e-01
1.101150e-01
1.101456e-01
1.101756e-01
1.102062e-01
1.102363e-01
1.102669e-01
1.102970e-01
1.103277e-01
1.103578e-01
1.103885e-01
1.104186e-01
1.104494e-01
1.104795e-01
1.105103e-01
1.105405e-01
1.105713e-01
1.106016e-01
1.106342e-01
1.106644e-01
1.106974e-01
1.107259e-01
1.107573e-01
1.107858e-01
1.108171e-01
1.108456e-01
1.108770e-01
1.109055e-01
1.109369e-01
1.109654e-01
1.109968e-01
1.110313e-01
1.110693e-01
1.110995e-01
1.111328e-01
1.111630e-01
1.111963e-01
1.112264e-01
1.112571e-01
1.112858e-01
1.113173e-01
1.113460e-01
1.113775e-01
1.114077e-01
1.114394e-01
1.114696e-01
1.115011e-01
1.115312e-01
1.115625e-01
1.115926e-01
1.116238e-01
1.116539e-01
1.116859e-01
1.117207e-01
1.117584e-01
1.117885e-01
1.118191e-01
1.118492e-01
1.118798e-01
1.119099e-01
1.119405e-01
1.119706e-01
1.120012e-01
1.120313e-01
1.120619e-01
1.120920e-01
1.121226e-01
1.121527e-01
1.121852e-01
1.122153e-01
1.122474e-01
1.122775e-01
1.123093e-01
1.123394e-01
1.123710e-01
1.124011e-01
1.124326e-01
1.124626e-01
1.124931e-01
1.125230e-01
1.125536e-01
1.125834e-01
1.126138e-01
1.126435e-01
1.126737e-01
1.127037e-01
1.127337e-01
1.127637e-01
1.127938e-01
1.128238e-01
1.128539e-01
1.128839e-01
1.129140e-01
1.129440e-01
1.129741e-01
1.130041e-01
1.130341e-01
1.130640e-01
1.130947e-01
1.131243e-01
1.131546e-01
1.131845e-01
1.132153e-01
1.132447e-01
1.132755e-01
1.133054e-01
1.133362e-01
1.133661e-01
1.133969e-01
1.134268e-01
1.134576e-01
1.134875e-01
1.135183e-01
1.135482e-01
1.135789e-01
1.136089e-01
1.136396e-01
1.136695e-01
1.137003e-01
1.137304e-01
1.137606e-01
1.137907e-01
1.138215e-01
1.138514e-01
1.138822e-01
1.139123e-01
1.139431e-01
1.139730e-01
1.140038e-01
1.140339e-01
1.140647e-01
1.140940e-01
1.141238e-01
1.141532e-01
1.141830e-01
1.142123e-01
1.142421e-01
1.142714e-01
1.143013e-01
1.143306e-01
1.143604e-01
1.143898e-01
1.144196e-01
1.144489e-01
1.144788e-01
1.145081e-01
1.145380e-01
1.145673e-01
1.145971e-01
1.146265e-01
1.146563e-01
1.146857e-01
1.147155e-01
1.147449e-01
1.147748e-01
1.148041e-01
1.148340e-01
1.148633e-01
1.148932e-01
1.149237e-01
1.149548e-01
1.149854e-01
1.150168e-01
1.150474e-01
1.150789e-01
1.151096e-01
1.151412e-01
1.151721e-01
1.152038e-01
1.152330e-01
1.152628e-01
1.152932e-01
1.153243e-01
1.153536e-01
1.153834e-01
1.154127e-01
1.154426e-01
1.154719e-01
1.155017e-01
1.155311e-01
1.155609e-01
1.155903e-01
1.156201e-01
1.156495e-01
1.156794e-01
1.157087e-01
1.157386e-01
1.157680e-01
1.157979e-01
1.158273e-01
1.158571e-01
1.158865e-01
1.159164e-01
1.159458e-01
1.159757e-01
1.160059e-01
1.160370e-01
1.160679e-01
1.160993e-01
1.161315e-01
1.161644e-01
1.161952e-01
1.162277e-01
1.162585e-01
1.162907e-01
1.163216e-01
1.163536e-01
1.163830e-01
1.164128e-01
1.164433e-01
1.164744e-01
1.165037e-01
1.165336e-01
1.165630e-01
1.165929e-01
1.166222e-01
1.166521e-01
1.166815e-01
1.167114e-01
1.167408e-01
1.167707e-01
1.168001e-01
1.168301e-01
1.168606e-01
1.168917e-01
1.169211e-01
1.169510e-01
1.169816e-01
1.170127e-01
1.170438e-01
1.170751e-01
1.171061e-01
1.171375e-01
1.171686e-01
1.172016e-01
1.172329e-01
1.172655e-01
1.172995e-01
1.173319e-01
1.173658e-01
1.174007e-01
1.174300e-01
1.174599e-01
1.174904e-01
1.175216e-01
1.175510e-01
1.175809e-01
1.176103e-01
1.176403e-01
1.176697e-01
1.176996e-01
1.177290e-01
1.177590e-01
1.177884e-01
1.178183e-01
1.178478e-01
1.178777e-01
1.179072e-01
1.179371e-01
1.179666e-01
1.179965e-01
1.180260e-01
1.180560e-01
1.180854e-01
1.181154e-01
1.181449e-01
1.181748e-01
1.182043e-01
1.182343e-01
1.182638e-01
1.182937e-01
1.183232e-01
1.183532e-01
1.183838e-01
1.184150e-01
1.184445e-01
1.184744e-01
1.185050e-01
1.185362e-01
1.185660e-01
1.185982e-01
1.186279e-01
1.186596e-01
1.186893e-01
1.187207e-01
1.187501e-01
1.187801e-01
1.188107e-01
1.188421e-01
1.188715e-01
1.189015e-01
1.189310e-01
1.189610e-01
1.189905e-01
1.190205e-01
1.190500e-01
1.190800e-01
1.191095e-01
1.191395e-01
1.191690e-01
1.191991e-01
1.192286e-01
1.192587e-01
1.192882e-01
1.193182e-01
1.193478e-01
1.193778e-01
1.194074e-01
1.194374e-01
1.194670e-01
1.194971e-01
1.195266e-01
1.195567e-01
1.195863e-01
1.196164e-01
1.196460e-01
1.196761e-01
1.197056e-01
1.197357e-01
1.197653e-01
1.197954e-01
1.198250e-01
1.198552e-01
1.198848e-01
1.199149e-01
1.199456e-01
1.199770e-01
1.200080e-01
1.200399e-01
1.200710e-01
1.201022e-01
1.201335e-01
1.201656e-01
1.201971e-01
1.202294e-01
1.202610e-01
1.202935e-01
1.203253e-01
1.203579e-01
1.203899e-01
1.204227e-01
1.204547e-01
1.204878e-01
1.205200e-01
1.205533e-01
1.205857e-01
1.206192e-01
1.206518e-01
1.206857e-01
1.207185e-01
1.207527e-01
1.207858e-01
1.208205e-01
1.208539e-01
1.208891e-01
1.209230e-01
1.209589e-01
1.209934e-01
1.210288e-01
1.210650e-01
1.211008e-01
1.211366e-01
1.211732e-01
1.212045e-01
1.212366e-01
1.212697e-01
1.213036e-01
1.213353e-01
1.213677e-01
1.214011e-01
1.214334e-01
1.214665e-01
1.215007e-01
1.215326e-01
1.215655e-01
1.215976e-01
1.216306e-01
1.216628e-01
1.216960e-01
1.217283e-01
1.217617e-01
1.217913e-01
1.218215e-01
1.218523e-01
1.218822e-01
1.219127e-01
1.219438e-01
1.219735e-01
1.220038e-01
1.220335e-01
1.220637e-01
1.220934e-01
1.221237e-01
1.221534e-01
1.221836e-01
1.222134e-01
1.222436e-01
1.222734e-01
1.223036e-01
1.223334e-01
1.223637e-01
1.223934e-01
1.224237e-01
1.224535e-01
1.224837e-01
1.225135e-01
1.225438e-01
1.225736e-01
1.226038e-01
1.226347e-01
1.226662e-01
1.226960e-01
1.227263e-01
1.227572e-01
1.227887e-01
1.228205e-01
1.228533e-01
1.228853e-01
1.229182e-01
1.229504e-01
1.229835e-01
1.230159e-01
1.230493e-01
1.230790e-01
1.231094e-01
1.231404e-01
1.231705e-01
1.232012e-01
1.232326e-01
1.232625e-01
1.232929e-01
1.233227e-01
1.233531e-01
1.233830e-01
1.234134e-01
1.234433e-01
1.234737e-01
1.235036e-01
1.235341e-01
1.235640e-01
1.235944e-01
1.236243e-01
1.236547e-01
1.236847e-01
1.237151e-01
1.237450e-01
1.237755e-01
1.238054e-01
1.238359e-01
1.238669e-01
1.238987e-01
1.239286e-01
1.239590e-01
1.239901e-01
1.240218e-01
1.240543e-01
1.240876e-01
1.241208e-01
1.241555e-01
1.241891e-01
1.242244e-01
1.242617e-01
1.243010e-01
1.243412e-01
1.243822e-01
1.244235e-01
1.244648e-01
1.245061e-01
1.245474e-01
1.245887e-01
1.246300e-01
1.246712e-01
1.247125e-01
1.247537e-01
1.247950e-01
1.248362e-01
1.248774e-01
1.249187e-01
1.249599e-01
1.250011e-01
1.250423e-01
1.250835e-01
1.251247e-01
1.251658e-01
1.252070e-01
1.252482e-01
1.252893e-01
1.253304e-01
1.253716e-01
1.254127e-01
1.254538e-01
1.254948e-01
1.255359e-01
1.255770e-01
1.256180e-01
1.256590e-01
1.257001e-01
1.257411e-01
1.257821e-01
1.258231e-01
1.258641e-01
1.258940e-01
1.259244e-01
1.259543e-01
1.259847e-01
1.260146e-01
1.260450e-01
1.260749e-01
1.261053e-01
1.261363e-01
1.261665e-01
1.261964e-01
1.262266e-01
1.262565e-01
1.262870e-01
1.263169e-01
1.263472e-01
1.263772e-01
1.264074e-01
1.264374e-01
1.264676e-01
1.264976e-01
1.265279e-01
1.265578e-01
1.265884e-01
1.266184e-01
1.266490e-01
1.266789e-01
1.267095e-01
1.267395e-01
1.267701e-01
1.268002e-01
1.268333e-01
1.268688e-01
1.269063e-01
1.269463e-01
1.269873e-01
1.270282e-01
1.270691e-01
1.271100e-01
1.271510e-01
1.271810e-01
1.272116e-01
1.272416e-01
1.272719e-01
1.273020e-01
1.273323e-01
1.273624e-01
1.273927e-01
1.274227e-01
1.274531e-01
1.274831e-01
1.275135e-01
1.275435e-01
1.275738e-01
1.276039e-01
1.276342e-01
1.276643e-01
1.276946e-01
1.277247e-01
1.277550e-01
1.277851e-01
1.278154e-01
1.278455e-01
1.278758e-01
1.279059e-01
1.279362e-01
1.279663e-01
1.279966e-01
1.280266e-01
1.280572e-01
1.280908e-01
1.281278e-01
1.281685e-01
1.282096e-01
1.282506e-01
1.282917e-01
1.283328e-01
1.283738e-01
1.284149e-01
1.284560e-01
1.284861e-01
1.285166e-01
1.285467e-01
1.285773e-01
1.286073e-01
1.286377e-01
1.286677e-01
1.286980e-01
1.287281e-01
1.287584e-01
1.287885e-01
1.288188e-01
1.288489e-01
1.288792e-01
1.289092e-01
1.289395e-01
1.289696e-01
1.289999e-01
1.290299e-01
1.290602e-01
1.290902e-01
1.291205e-01
1.291505e-01
1.291808e-01
1.292104e-01
1.292406e-01
1.292702e-01
1.293004e-01
1.293300e-01
1.293605e-01
1.293900e-01
1.294205e-01
1.294500e-01
1.294805e-01
1.295100e-01
1.295405e-01
1.295705e-01
1.296010e-01
1.296309e-01
1.296614e-01
1.296917e-01
1.297221e-01
1.297520e-01
1.297826e-01
1.298126e-01
1.298428e-01
1.298728e-01
1.299034e-01
1.299327e-01
1.299633e-01
1.299927e-01
1.300233e-01
1.300533e-01
1.300838e-01
1.301134e-01
1.301439e-01
1.301739e-01
1.302044e-01
1.302344e-01
1.302648e-01
1.302947e-01
1.303252e-01
1.303551e-01
1.303856e-01
1.304149e-01
1.304453e-01
1.304746e-01
1.305051e-01
1.305345e-01
1.305649e-01
1.305944e-01
1.306248e-01
1.306544e-01
1.306847e-01
1.307146e-01
1.307450e-01
1.307747e-01
1.308051e-01
1.308350e-01
1.308653e-01
1.308952e-01
1.309255e-01
1.309548e-01
1.309852e-01
1.310145e-01
1.310448e-01
1.310743e-01
1.311046e-01
1.311344e-01
1.311647e-01
1.311944e-01
1.312247e-01
1.312545e-01
1.312847e-01
1.313145e-01
1.313447e-01
1.313745e-01
1.314047e-01
1.314345e-01
1.314649e-01
1.314958e-01
1.315259e-01
1.315557e-01
1.315861e-01
1.316159e-01
1.316462e-01
1.316760e-01
1.317064e-01
1.317362e-01
1.317665e-01
1.317963e-01
1.318266e-01
1.318564e-01
1.318867e-01
1.319165e-01
1.319468e-01
1.319765e-01
1.320068e-01
1.320366e-01
1.320668e-01
1.320966e-01
1.321268e-01
1.321566e-01
1.321868e-01
1.322165e-01
1.322465e-01
1.322763e-01
1.323062e-01
1.323360e-01
1.323659e-01
1.323956e-01
1.324256e-01
1.324553e-01
1.324853e-01
1.325150e-01
1.325449e-01
1.325746e-01
1.326046e-01
1.326342e-01
1.326642e-01
1.326939e-01
1.327238e-01
1.327535e-01
1.327834e-01
1.328130e-01
1.328429e-01
1.328726e-01
1.329025e-01
1.329322e-01
1.329620e-01
1.329917e-01
1.330216e-01
1.330512e-01
1.330811e-01
1.331107e-01
1.331406e-01
1.331702e-01
1.332001e-01
1.332329e-01
1.332690e-01
1.333088e-01
1.333501e-01
1.333915e-01
1.334328e-01
1.334742e-01
1.335155e-01
1.335569e-01
1.335982e-01
1.336395e-01
1.336809e-01
1.337222e-01
1.337635e-01
1.338049e-01
1.338462e-01
1.338875e-01
1.339288e-01
1.339702e-01
1.340115e-01
1.340528e-01
1.340942e-01
1.341355e-01
1.341768e-01
1.342181e-01
1.342594e-01
1.343008e-01
1.343421e-01
1.343834e-01
1.344247e-01
1.344661e-01
1.345074e-01
1.345487e-01
1.345900e-01
1.346314e-01
1.346727e-01
1.347140e-01
1.347553e-01
1.347967e-01
1.348380e-01
1.348793e-01
1.349206e-01
1.349619e-01
1.350033e-01
1.350446e-01
1.350859e-01
1.351272e-01
1.351686e-01
1.352099e-01
1.352512e-01
1.352806e-01
1.353129e-01
1.353423e-01
1.353746e-01
1.354039e-01
1.354360e-01
1.354654e-01
1.354969e-01
1.355263e-01
1.355574e-01
1.355868e-01
1.356166e-01
1.356477e-01
1.356816e-01
1.357173e-01
1.357559e-01
1.357851e-01
1.358149e-01
1.358441e-01
1.358736e-01
1.359029e-01
1.359324e-01
1.359616e-01
1.359911e-01
1.360204e-01
1.360499e-01
1.360791e-01
1.361086e-01
1.361378e-01
1.361673e-01
1.361966e-01
1.362260e-01
1.362553e-01
1.362847e-01
1.363140e-01
1.363434e-01
1.363727e-01
1.364021e-01
1.364314e-01
1.364608e-01
1.364901e-01
1.365195e-01
1.365488e-01
1.365782e-01
1.366074e-01
1.366369e-01
1.366662e-01
1.366960e-01
1.367252e-01
1.367551e-01
1.367843e-01
1.368142e-01
1.368435e-01
1.368733e-01
1.369026e-01
1.369324e-01
1.369617e-01
1.369915e-01
1.370208e-01
1.370506e-01
1.370799e-01
1.371097e-01
1.371390e-01
1.371688e-01
1.371981e-01
1.372279e-01
1.372572e-01
1.372870e-01
1.373163e-01
1.373461e-01
1.373754e-01
1.374052e-01
1.374344e-01
1.374642e-01
1.374935e-01
1.375233e-01
1.375526e-01
1.375824e-01
1.376116e-01
1.376414e-01
1.376707e-01
1.377005e-01
1.377298e-01
1.377597e-01
1.377903e-01
1.378200e-01
1.378503e-01
1.378801e-01
1.379105e-01
1.379403e-01
1.379708e-01
1.380006e-01
1.380310e-01
1.380609e-01
1.380913e-01
1.381212e-01
1.381516e-01
1.381815e-01
1.382119e-01
1.382418e-01
1.382723e-01
1.383021e-01
1.383326e-01
1.383625e-01
1.383931e-01
1.384230e-01
1.384536e-01
1.384835e-01
1.385141e-01
1.385455e-01
1.385750e-01
1.386053e-01
1.386349e-01
1.386652e-01
1.386944e-01
1.387242e-01
1.387538e-01
1.387841e-01
1.388138e-01
1.388441e-01
1.388738e-01
1.389041e-01
1.389338e-01
1.389642e-01
1.389953e-01
1.390254e-01
1.390563e-01
1.390880e-01
1.391175e-01
1.391480e-01
1.391794e-01
1.392098e-01
1.392395e-01
1.392699e-01
1.393011e-01
1.393317e-01
1.393611e-01
1.393914e-01
1.394208e-01
1.394508e-01
1.394801e-01
1.395098e-01
1.395390e-01
1.395691e-01
1.395984e-01
1.396281e-01
1.396576e-01
1.396876e-01
1.397171e-01
1.397476e-01
1.397774e-01
1.398075e-01
1.398373e-01
1.398672e-01
1.398967e-01
1.399267e-01
1.399563e-01
1.399862e-01
1.400158e-01
1.400456e-01
1.400753e-01
1.401056e-01
1.401353e-01
1.401653e-01
1.401951e-01
1.402254e-01
1.402552e-01
1.402856e-01
1.403153e-01
1.403457e-01
1.403755e-01
1.404061e-01
1.404362e-01
1.404667e-01
1.404965e-01
1.405268e-01
1.405575e-01
1.405876e-01
1.406171e-01
1.406473e-01
1.406773e-01
1.407081e-01
1.407382e-01
1.407690e-01
1.408008e-01
1.408335e-01
1.408639e-01
1.408952e-01
1.409256e-01
1.409568e-01
1.409873e-01
1.410185e-01
1.410485e-01
1.410791e-01
1.411095e-01
1.411398e-01
1.411703e-01
1.412006e-01
1.412307e-01
1.412611e-01
1.412912e-01
1.413218e-01
1.413519e-01
1.413822e-01
1.414123e-01
1.414430e-01
1.414726e-01
1.415032e-01
1.415333e-01
1.415636e-01
1.415937e-01
1.416240e-01
1.416541e-01
1.416844e-01
1.417145e-01
1.417449e-01
1.417750e-01
1.418054e-01
1.418355e-01
1.418659e-01
1.418960e-01
1.419265e-01
1.419566e-01
1.419872e-01
1.420173e-01
1.420479e-01
1.420780e-01
1.421086e-01
1.421399e-01
1.421703e-01
1.422012e-01
1.422321e-01
1.422622e-01
1.422928e-01
1.423241e-01
1.423545e-01
1.423854e-01
1.424166e-01
1.424466e-01
1.424773e-01
1.425086e-01
1.425389e-01
1.425699e-01
1.426014e-01
1.426315e-01
1.426621e-01
1.426934e-01
1.427238e-01
1.427547e-01
1.427864e-01
1.428165e-01
1.428472e-01
1.428785e-01
1.429089e-01
1.429399e-01
1.429716e-01
1.430017e-01
1.430324e-01
1.430625e-01
1.430932e-01
1.431233e-01
1.431541e-01
1.431842e-01
1.432149e-01
1.432450e-01
1.432758e-01
1.433059e-01
1.433367e-01
1.433669e-01
1.433976e-01
1.434278e-01
1.434586e-01
1.434888e-01
1.435196e-01
1.435498e-01
1.435806e-01
1.436108e-01
1.436417e-01
1.436719e-01
1.437028e-01
1.437330e-01
1.437639e-01
1.437941e-01
1.438251e-01
1.438553e-01
1.438863e-01
1.439166e-01
1.439476e-01
1.439779e-01
1.440089e-01
1.440393e-01
1.440703e-01
1.441007e-01
1.441318e-01
1.441622e-01
1.441933e-01
1.442238e-01
1.442550e-01
1.442854e-01
1.443167e-01
1.443488e-01
1.443819e-01
1.444161e-01
1.444516e-01
1.444883e-01
1.445263e-01
1.445644e-01
1.446024e-01
1.446404e-01
1.446783e-01
1.447161e-01
1.447539e-01
1.447915e-01
1.448292e-01
1.448593e-01
1.448901e-01
1.449214e-01
1.449518e-01
1.449820e-01
1.450126e-01
1.450427e-01
1.450733e-01
1.451034e-01
1.451340e-01
1.451640e-01
1.451945e-01
1.452245e-01
1.452550e-01
1.452849e-01
1.453153e-01
1.453452e-01
1.453755e-01
1.454053e-01
1.454357e-01
1.454654e-01
1.454957e-01
1.455253e-01
1.455555e-01
1.455852e-01
1.456153e-01
1.456449e-01
1.456750e-01
1.457045e-01
1.457345e-01
1.457639e-01
1.457939e-01
1.458233e-01
1.458532e-01
1.458825e-01
1.459124e-01
1.459428e-01
1.459739e-01
1.460057e-01
1.460383e-01
1.460718e-01
1.461063e-01
1.461419e-01
1.461784e-01
1.462150e-01
1.462516e-01
1.462881e-01
1.463247e-01
1.463612e-01
1.463977e-01
1.464342e-01
1.464707e-01
1.465073e-01
1.465438e-01
1.465738e-01
1.466049e-01
1.466373e-01
1.466680e-01
1.466999e-01
1.467329e-01
1.467630e-01
1.467939e-01
1.468238e-01
1.468542e-01
1.468841e-01
1.469150e-01
1.469449e-01
1.469760e-01
1.470058e-01
1.470368e-01
1.470703e-01
1.471060e-01
1.471425e-01
1.471790e-01
1.472156e-01
1.472521e-01
1.472886e-01
1.473252e-01
1.473617e-01
1.473983e-01
1.474348e-01
1.474714e-01
1.475080e-01
1.475445e-01
1.475811e-01
1.476177e-01
1.476473e-01
1.476798e-01
1.477155e-01
1.477522e-01
1.477817e-01
1.478119e-01
1.478414e-01
1.478713e-01
1.479008e-01
1.479308e-01
1.479602e-01
1.479900e-01
1.480194e-01
1.480493e-01
1.480787e-01
1.481085e-01
1.481379e-01
1.481677e-01
1.481971e-01
1.482272e-01
1.482566e-01
1.482869e-01
1.483162e-01
1.483464e-01
1.483758e-01
1.484057e-01
1.484350e-01
1.484649e-01
1.484942e-01
1.485244e-01
1.485538e-01
1.485839e-01
1.486135e-01
1.486437e-01
1.486732e-01
1.487034e-01
1.487322e-01
1.487618e-01
1.487910e-01
1.488203e-01
1.488495e-01
1.488788e-01
1.489077e-01
1.489373e-01
1.489663e-01
1.489958e-01
1.490247e-01
1.490542e-01
1.490832e-01
1.491127e-01
1.491416e-01
1.491710e-01
1.491999e-01
1.492294e-01
1.492583e-01
1.492877e-01
1.493165e-01
1.493459e-01
1.493748e-01
1.494041e-01
1.494330e-01
1.494623e-01
1.494911e-01
1.495205e-01
1.495493e-01
1.495786e-01
1.496074e-01
1.496366e-01
1.496654e-01
1.496947e-01
1.497235e-01
1.497527e-01
1.497815e-01
1.498105e-01
1.498400e-01
1.498692e-01
1.498990e-01
1.499282e-01
1.499572e-01
1.499867e-01
1.500156e-01
1.500451e-01
1.500740e-01
1.501035e-01
1.501324e-01
1.501619e-01
1.501908e-01
1.502202e-01
1.502491e-01
1.502785e-01
1.503074e-01
1.503368e-01
1.503656e-01
1.503950e-01
1.504236e-01
1.504530e-01
1.504818e-01
1.505111e-01
1.505399e-01
1.505692e-01
1.505980e-01
1.506272e-01
1.506560e-01
1.506852e-01
1.507140e-01
1.507432e-01
1.507719e-01
1.508009e-01
1.508295e-01
1.508588e-01
1.508874e-01
1.509166e-01
1.509453e-01
1.509745e-01
1.510046e-01
1.510358e-01
1.510683e-01
1.511021e-01
1.511375e-01
1.511743e-01
1.512117e-01
1.512491e-01
1.512865e-01
1.513240e-01
1.513614e-01
1.513989e-01
1.514363e-01
1.514738e-01
1.515113e-01
1.515488e-01
1.515863e-01
1.516238e-01
1.516613e-01
1.516988e-01
1.517364e-01
1.517739e-01
1.518115e-01
1.518490e-01
1.518866e-01
1.519242e-01
1.519618e-01
1.519994e-01
1.520370e-01
1.520747e-01
1.521123e-01
1.521500e-01
1.521876e-01
1.522253e-01
1.522630e-01
1.523007e-01
1.523384e-01
1.523762e-01
1.524139e-01
1.524517e-01
1.524895e-01
1.525272e-01
1.525650e-01
1.526029e-01
1.526407e-01
1.526785e-01
1.527164e-01
1.527543e-01
1.527921e-01
1.528300e-01
1.528680e-01
1.529059e-01
1.529438e-01
1.529818e-01
1.530197e-01
1.530577e-01
1.530957e-01
1.531337e-01
1.531717e-01
1.532097e-01
1.532477e-01
1.532858e-01
1.533238e-01
1.533619e-01
1.534000e-01
1.534380e-01
1.534761e-01
1.535142e-01
1.535524e-01
1.535905e-01
1.536286e-01
1.536668e-01
1.537049e-01
1.537431e-01
1.537813e-01
1.538195e-01
1.538576e-01
1.538958e-01
1.539340e-01
1.539723e-01
1.540105e-01
1.540487e-01
1.540870e-01
1.541252e-01
1.541635e-01
1.542018e-01
1.542400e-01
1.542783e-01
1.543166e-01
1.543550e-01
1.543933e-01
1.544316e-01
1.544699e-01
1.545083e-01
1.545466e-01
1.545850e-01
1.546234e-01
1.546618e-01
1.547002e-01
1.547385e-01
1.547769e-01
1.548154e-01
1.548538e-01
1.548922e-01
1.549306e-01
1.549691e-01
1.550075e-01
1.550460e-01
1.550844e-01
1.551229e-01
1.551614e-01
1.551999e-01
1.552384e-01
1.552769e-01
1.553154e-01
1.553539e-01
1.553924e-01
1.554309e-01
1.554695e-01
1.555080e-01
1.555466e-01
1.555851e-01
1.556237e-01
1.556622e-01
1.557008e-01
1.557393e-01
1.557779e-01
1.558165e-01
1.558551e-01
1.558936e-01
1.559322e-01
1.559708e-01
1.560094e-01
1.560480e-01
1.560866e-01
1.561252e-01
1.561638e-01
1.562025e-01
1.562411e-01
1.562797e-01
1.563183e-01
1.563569e-01
1.563955e-01
1.564342e-01
1.564728e-01
1.565114e-01
1.565500e-01
1.565887e-01
1.566273e-01
1.566659e-01
1.567045e-01
1.567432e-01
1.567818e-01
1.568204e-01
1.568590e-01
1.568977e-01
1.569363e-01
1.569749e-01
1.570136e-01
1.570522e-01
1.570908e-01
1.571295e-01
1.571681e-01
1.572067e-01
1.572454e-01
1.572840e-01
1.573226e-01
1.573613e-01
1.573999e-01
1.574385e-01
1.574771e-01
1.575158e-01
1.575544e-01
1.575930e-01
1.576316e-01
1.576703e-01
1.577089e-01
1.577475e-01
1.577861e-01
1.578248e-01
1.578634e-01
1.579020e-01
1.579406e-01
1.579793e-01
1.580179e-01
1.580565e-01
1.580952e-01
1.581338e-01
1.581724e-01
1.582110e-01
1.582497e-01
1.582883e-01
1.583269e-01
1.583656e-01
1.584042e-01
1.584429e-01
1.584815e-01
1.585202e-01
1.585588e-01
1.585975e-01
1.586361e-01
1.586748e-01
1.587135e-01
1.587521e-01
1.587908e-01
1.588295e-01
1.588682e-01
1.589069e-01
1.589456e-01
1.589843e-01
1.590230e-01
1.590618e-01
1.591005e-01
1.591392e-01
1.591780e-01
1.592167e-01
1.592555e-01
1.592943e-01
1.593330e-01
1.593718e-01
1.594106e-01
1.594494e-01
1.594883e-01
1.595271e-01
1.595659e-01
1.596048e-01
1.596436e-01
1.596825e-01
1.597214e-01
1.597603e-01
1.597992e-01
1.598381e-01
1.598770e-01
1.599159e-01
1.599548e-01
1.599938e-01
1.600328e-01
1.600717e-01
1.601107e-01
1.601497e-01
1.601887e-01
1.602277e-01
1.602667e-01
1.603058e-01
1.603448e-01
1.603838e-01
1.604229e-01
1.604619e-01
1.605010e-01
1.605400e-01
1.605791e-01
1.606182e-01
1.606572e-01
1.606963e-01
1.607355e-01
1.607746e-01
1.608137e-01
1.608529e-01
1.608920e-01
1.609312e-01
1.609594e-01
1.609884e-01
1.610181e-01
1.610469e-01
1.610762e-01
1.611049e-01
1.611333e-01
1.611623e-01
1.611907e-01
1.612196e-01
1.612480e-01
1.612768e-01
1.613051e-01
1.613339e-01
1.613622e-01
1.613910e-01
1.614193e-01
1.614480e-01
1.614764e-01
1.615056e-01
1.615355e-01
1.615645e-01
1.615942e-01
1.616233e-01
1.616519e-01
1.616813e-01
1.617099e-01
1.617391e-01
1.617678e-01
1.617969e-01
1.618255e-01
1.618546e-01
1.618832e-01
1.619122e-01
1.619407e-01
1.619697e-01
1.619982e-01
1.620271e-01
1.620556e-01
1.620845e-01
1.621128e-01
1.621417e-01
1.621701e-01
1.621989e-01
1.622272e-01
1.622560e-01
1.622843e-01
1.623131e-01
1.623424e-01
1.623714e-01
1.624012e-01
1.624303e-01
1.624601e-01
1.624893e-01
1.625180e-01
1.625474e-01
1.625762e-01
1.626055e-01
1.626342e-01
1.626635e-01
1.626922e-01
1.627214e-01
1.627500e-01
1.627792e-01
1.628078e-01
1.628369e-01
1.628654e-01
1.628945e-01
1.629230e-01
1.629520e-01
1.629805e-01
1.630095e-01
1.630379e-01
1.630669e-01
1.630953e-01
1.631242e-01
1.631526e-01
1.631815e-01
1.632100e-01
1.632393e-01
1.632694e-01
1.632984e-01
1.633282e-01
1.633573e-01
1.633860e-01
1.634154e-01
1.634442e-01
1.634736e-01
1.635023e-01
1.635316e-01
1.635603e-01
1.635896e-01
1.636183e-01
1.636475e-01
1.636762e-01
1.637054e-01
1.637340e-01
1.637632e-01
1.637918e-01
1.638210e-01
1.638507e-01
1.638811e-01
1.639122e-01
1.639440e-01
1.639768e-01
1.640105e-01
1.640390e-01
1.640683e-01
1.640982e-01
1.641272e-01
1.641569e-01
1.641872e-01
1.642159e-01
1.642452e-01
1.642752e-01
1.643042e-01
1.643338e-01
1.643641e-01
1.643928e-01
1.644221e-01
1.644520e-01
1.644826e-01
1.645139e-01
1.645460e-01
1.645791e-01
1.646131e-01
1.646417e-01
1.646710e-01
1.647009e-01
1.647315e-01
1.647602e-01
1.647895e-01
1.648194e-01
1.648485e-01
1.648781e-01
1.649084e-01
1.649393e-01
1.649711e-01
1.650036e-01
1.650371e-01
1.650657e-01
1.650951e-01
1.651252e-01
1.651544e-01
1.651842e-01
1.652147e-01
1.652435e-01
1.652730e-01
1.653030e-01
1.653322e-01
1.653619e-01
1.653924e-01
1.654212e-01
1.654506e-01
1.654806e-01
1.655097e-01
1.655394e-01
1.655697e-01
1.655984e-01
1.656280e-01
1.656584e-01
1.656878e-01
1.657180e-01
1.657474e-01
1.657776e-01
1.658071e-01
1.658372e-01
1.658667e-01
1.658969e-01
1.659264e-01
1.659566e-01
1.659861e-01
1.660163e-01
1.660458e-01
1.660760e-01
1.661054e-01
1.661356e-01
1.661666e-01
1.661956e-01
1.662254e-01
1.662559e-01
1.662853e-01
1.663156e-01
1.663466e-01
1.663785e-01
1.664080e-01
1.664368e-01
1.664665e-01
1.664970e-01
1.665264e-01
1.665566e-01
1.665861e-01
1.666150e-01
1.666445e-01
1.666737e-01
1.667036e-01
1.667331e-01
1.667632e-01
1.667926e-01
1.668230e-01
1.668526e-01
1.668830e-01
1.669126e-01
1.669436e-01
1.669745e-01
1.670064e-01
1.670393e-01
1.670731e-01
1.671035e-01
1.671345e-01
1.671647e-01
1.671949e-01
1.672248e-01
1.672576e-01
1.672936e-01
1.673332e-01
1.673728e-01
1.674124e-01
1.674520e-01
1.674916e-01
1.675218e-01
1.675532e-01
1.675836e-01
1.676146e-01
1.676448e-01
1.676751e-01
1.677050e-01
1.677379e-01
1.677677e-01
1.678004e-01
1.678300e-01
1.678625e-01
1.678920e-01
1.679244e-01
1.679601e-01
1.679993e-01
1.680390e-01
1.680786e-01
1.681083e-01
1.681386e-01
1.681683e-01
1.681982e-01
1.682278e-01
1.682604e-01
1.682899e-01
1.683224e-01
1.683519e-01
1.683841e-01
1.684144e-01
1.684476e-01
1.684841e-01
1.685238e-01
1.685634e-01
1.686031e-01
1.686326e-01
1.686627e-01
1.686923e-01
1.687247e-01
1.687542e-01
1.687866e-01
1.688161e-01
1.688484e-01
1.688778e-01
1.689102e-01
1.689457e-01
1.689848e-01
1.690245e-01
1.690642e-01
1.691039e-01
1.691435e-01
1.691729e-01
1.692029e-01
1.692358e-01
1.692720e-01
1.693014e-01
1.693337e-01
1.693631e-01
1.693954e-01
1.694247e-01
1.694570e-01
1.694925e-01
1.695316e-01
1.695713e-01
1.696110e-01
1.696506e-01
1.696903e-01
1.697300e-01
1.697697e-01
1.698094e-01
1.698491e-01
1.698888e-01
1.699285e-01
1.699682e-01
1.700079e-01
1.700476e-01
1.700873e-01
1.701270e-01
1.701667e-01
1.702064e-01
1.702461e-01
1.702858e-01
1.703255e-01
1.703652e-01
1.704050e-01
1.704447e-01
1.704844e-01
1.705241e-01
1.705638e-01
1.706035e-01
1.706433e-01
1.706830e-01
1.707227e-01
1.707624e-01
1.708022e-01
1.708419e-01
1.708816e-01
1.709213e-01
1.709610e-01
1.710008e-01
1.710405e-01
1.710802e-01
1.711199e-01
1.711596e-01
1.711994e-01
1.712282e-01
1.712575e-01
1.712864e-01
1.713155e-01
1.713443e-01
1.713734e-01
1.714023e-01
1.714314e-01
1.714603e-01
1.714894e-01
1.715182e-01
1.715473e-01
1.715762e-01
1.716053e-01
1.716342e-01
1.716633e-01
1.716922e-01
1.717213e-01
1.717502e-01
1.717793e-01
1.718082e-01
1.718373e-01
1.718662e-01
1.718953e-01
1.719242e-01
1.719533e-01
1.719822e-01
1.720113e-01
1.720402e-01
1.720720e-01
1.721069e-01
1.721454e-01
1.721743e-01
1.722037e-01
1.722326e-01
1.722621e-01
1.722910e-01
1.723202e-01
1.723492e-01
1.723784e-01
1.724074e-01
1.724366e-01
1.724655e-01
1.724947e-01
1.725237e-01
1.725536e-01
1.725826e-01
1.726123e-01
1.726413e-01
1.726705e-01
1.726995e-01
1.727287e-01
1.727576e-01
1.727868e-01
1.728158e-01
1.728450e-01
1.728740e-01
1.729031e-01
1.729321e-01
1.729613e-01
1.729903e-01
1.730195e-01
1.730484e-01
1.730803e-01
1.731154e-01
1.731539e-01
1.731938e-01
1.732337e-01
1.732735e-01
1.733134e-01
1.733533e-01
1.733932e-01
1.734331e-01
1.734729e-01
1.735019e-01
1.735315e-01
1.735605e-01
1.735900e-01
1.736206e-01
1.736523e-01
1.736854e-01
1.737200e-01
1.737562e-01
1.737906e-01
1.738238e-01
1.738580e-01
1.738906e-01
1.739237e-01
1.739558e-01
1.739883e-01
1.740200e-01
1.740519e-01
1.740832e-01
1.741147e-01
1.741456e-01
1.741767e-01
1.742058e-01
1.742354e-01
1.742657e-01
1.742951e-01
1.743252e-01
1.743549e-01
1.743843e-01
1.744139e-01
1.744433e-01
1.744734e-01
1.745029e-01
1.745329e-01
1.745624e-01
1.745925e-01
1.746220e-01
1.746521e-01
1.746831e-01
1.747143e-01
1.747461e-01
1.747785e-01
1.748078e-01
1.748373e-01
1.748672e-01
1.748970e-01
1.749264e-01
1.749565e-01
1.749860e-01
1.750159e-01
1.750456e-01
1.750761e-01
1.751077e-01
1.751404e-01
1.751699e-01
1.752024e-01
1.752319e-01
1.752644e-01
1.752971e-01
1.753308e-01
1.753654e-01
1.754008e-01
1.754333e-01
1.754665e-01
1.754990e-01
1.755321e-01
1.755644e-01
1.755974e-01
1.756297e-01
1.756626e-01
1.756948e-01
1.757277e-01
1.757611e-01
1.757953e-01
1.758275e-01
1.758604e-01
1.758939e-01
1.759281e-01
1.759619e-01
1.759969e-01
1.760304e-01
1.760650e-01
1.760984e-01
1.761327e-01
1.761660e-01
1.762001e-01
1.762332e-01
1.762672e-01
1.763002e-01
1.763341e-01
1.763687e-01
1.764043e-01
1.764372e-01
1.764713e-01
1.765073e-01
1.765419e-01
1.765759e-01
1.766112e-01
1.766452e-01
1.766805e-01
1.767102e-01
1.767406e-01
1.767715e-01
1.768048e-01
1.768373e-01
1.768699e-01
1.769015e-01
1.769332e-01
1.769643e-01
1.769956e-01
1.770274e-01
1.770586e-01
1.770884e-01
1.771197e-01
1.771507e-01
1.771847e-01
1.772160e-01
1.772503e-01
1.772803e-01
1.773132e-01
1.773434e-01
1.773756e-01
1.774058e-01
1.774391e-01
1.774693e-01
1.775025e-01
1.775352e-01
1.775710e-01
1.776033e-01
1.776387e-01
1.776707e-01
1.777045e-01
1.777392e-01
1.777774e-01
1.778154e-01
1.778551e-01
1.778860e-01
1.779179e-01
1.779509e-01
1.779851e-01
1.780205e-01
1.780571e-01
1.780932e-01
1.781300e-01
1.781653e-01
1.782019e-01
1.782366e-01
1.782729e-01
1.783071e-01
1.783426e-01
1.783763e-01
1.784113e-01
1.784446e-01
1.784783e-01
1.785112e-01
1.785445e-01
1.785772e-01
1.786101e-01
1.786425e-01
1.786752e-01
1.787111e-01
1.787500e-01
1.787901e-01
1.788302e-01
1.788682e-01
1.789076e-01
1.789452e-01
1.789837e-01
1.790206e-01
1.790581e-01
1.790942e-01
1.791319e-01
1.791671e-01
1.792037e-01
1.792384e-01
1.792742e-01
1.793084e-01
1.793438e-01
1.793774e-01
1.794112e-01
1.794443e-01
1.794777e-01
1.795104e-01
1.795434e-01
1.795760e-01
1.796118e-01
1.796442e-01
1.796799e-01
1.797169e-01
1.797556e-01
1.797918e-01
1.798295e-01
1.798652e-01
1.799022e-01
1.799374e-01
1.799741e-01
1.800090e-01
1.800451e-01
1.800796e-01
1.801158e-01
1.801501e-01
1.801866e-01
1.802205e-01
1.802574e-01
1.802911e-01
1.803282e-01
1.803617e-01
1.803986e-01
1.804322e-01
1.804693e-01
1.805048e-01
1.805428e-01
1.805746e-01
1.806095e-01
1.806414e-01
1.806765e-01
1.807082e-01
1.807402e-01
1.807754e-01
1.808142e-01
1.808444e-01
1.808776e-01
1.809141e-01
1.809529e-01
1.809893e-01
1.810274e-01
1.810632e-01
1.811006e-01
1.811360e-01
1.811727e-01
1.812075e-01
1.812435e-01
1.812779e-01
1.813134e-01
1.813474e-01
1.813823e-01
1.814159e-01
1.814500e-01
1.814834e-01
1.815171e-01
1.815503e-01
1.815839e-01
1.816169e-01
1.816532e-01
1.816868e-01
1.817238e-01
1.817574e-01
1.817945e-01
1.818279e-01
1.818647e-01
1.818979e-01
1.819345e-01
1.819707e-01
1.820104e-01
1.820464e-01
1.820859e-01
1.821216e-01
1.821609e-01
1.821963e-01
1.822353e-01
1.822704e-01
1.823091e-01
1.823497e-01
1.823903e-01
1.824289e-01
1.824695e-01
1.825101e-01
1.825507e-01
1.825914e-01
1.826320e-01
1.826715e-01
1.827121e-01
1.827505e-01
1.827906e-01
1.828282e-01
1.828666e-01
1.829035e-01
1.829409e-01
1.829772e-01
1.830139e-01
1.830496e-01
1.830855e-01
1.831249e-01
1.831656e-01
1.832062e-01
1.832468e-01
1.832875e-01
1.833281e-01
1.833687e-01
1.834094e-01
1.834500e-01
1.834907e-01
1.835313e-01
1.835719e-01
1.836126e-01
1.836532e-01
1.836938e-01
1.837345e-01
1.837751e-01
1.838158e-01
1.838564e-01
1.838971e-01
1.839377e-01
1.839784e-01
1.840190e-01
1.840597e-01
1.841003e-01
1.841410e-01
1.841816e-01
1.842223e-01
1.842630e-01
1.843037e-01
1.843443e-01
1.843850e-01
1.844257e-01
1.844664e-01
1.845071e-01
1.845478e-01
1.845885e-01
1.846292e-01
1.846699e-01
1.847106e-01
1.847513e-01
1.847920e-01
1.848328e-01
1.848735e-01
1.849142e-01
1.849550e-01
1.849957e-01
1.850365e-01
1.850772e-01
1.851180e-01
1.851587e-01
1.851995e-01
1.852402e-01
1.852810e-01
1.853218e-01
1.853625e-01
1.854033e-01
1.854441e-01
1.854849e-01
1.855256e-01
1.855664e-01
1.856072e-01
1.856480e-01
1.856887e-01
1.857295e-01
1.857703e-01
1.858111e-01
1.858519e-01
1.858927e-01
1.859334e-01
1.859742e-01
1.860150e-01
1.860558e-01
1.860966e-01
1.861374e-01
1.861782e-01
1.862190e-01
1.862597e-01
1.863005e-01
1.863413e-01
1.863821e-01
1.864229e-01
1.864637e-01
1.865045e-01
1.865452e-01
1.865860e-01
1.866268e-01
1.866676e-01
1.867084e-01
1.867491e-01
1.867899e-01
1.868307e-01
1.868715e-01
1.869123e-01
1.869530e-01
1.869938e-01
1.870346e-01
1.870754e-01
1.871162e-01
1.871569e-01
1.871977e-01
1.872385e-01
1.872793e-01
1.873201e-01
1.873608e-01
1.874016e-01
1.874424e-01
1.874832e-01
1.875240e-01
1.875648e-01
1.876056e-01
1.876463e-01
1.876871e-01
1.877279e-01
1.877687e-01
1.878095e-01
1.878503e-01
1.878911e-01
1.879319e-01
1.879727e-01
1.880135e-01
1.880544e-01
1.880952e-01
1.881360e-01
1.881768e-01
1.882177e-01
1.882585e-01
1.882993e-01
1.883301e-01
1.883639e-01
1.883948e-01
1.884288e-01
1.884595e-01
1.884933e-01
1.885304e-01
1.885713e-01
1.886022e-01
1.886362e-01
1.886672e-01
1.887012e-01
1.887321e-01
1.887658e-01
1.888029e-01
1.888437e-01
1.888846e-01
1.889254e-01
1.889564e-01
1.889905e-01
1.890214e-01
1.890555e-01
1.890865e-01
1.891196e-01
1.891561e-01
1.891962e-01
1.892371e-01
1.892780e-01
1.893090e-01
1.893431e-01
1.893741e-01
1.894081e-01
1.894387e-01
1.894698e-01
1.895004e-01
1.895315e-01
1.895621e-01
1.895933e-01
1.896239e-01
1.896550e-01
1.896856e-01
1.897167e-01
1.897477e-01
1.897802e-01
1.898112e-01
1.898445e-01
1.898795e-01
1.899156e-01
1.899528e-01
1.899913e-01
1.900309e-01
1.900717e-01
1.901023e-01
1.901335e-01
1.901645e-01
1.901970e-01
1.902276e-01
1.902588e-01
1.902895e-01
1.903206e-01
1.903513e-01
1.903825e-01
1.904131e-01
1.904443e-01
1.904753e-01
1.905078e-01
1.905388e-01
1.905715e-01
1.906025e-01
1.906350e-01
1.906660e-01
1.906984e-01
1.907294e-01
1.907617e-01
1.907927e-01
1.908249e-01
1.908560e-01
1.908881e-01
1.909191e-01
1.909513e-01
1.909823e-01
1.910143e-01
1.910471e-01
1.910811e-01
1.911121e-01
1.911438e-01
1.911762e-01
1.912101e-01
1.912450e-01
1.912816e-01
1.913197e-01
1.913598e-01
1.914010e-01
1.914422e-01
1.914834e-01
1.915247e-01
1.915562e-01
1.915909e-01
1.916229e-01
1.916581e-01
1.916897e-01
1.917246e-01
1.917550e-01
1.917860e-01
1.918176e-01
1.918499e-01
1.918819e-01
1.919146e-01
1.919465e-01
1.919795e-01
1.920103e-01
1.920414e-01
1.920723e-01
1.921034e-01
1.921343e-01
1.921654e-01
1.921963e-01
1.922274e-01
1.922592e-01
1.922929e-01
1.923238e-01
1.923578e-01
1.923883e-01
1.924193e-01
1.924500e-01
1.924824e-01
1.925129e-01
1.925441e-01
1.925747e-01
1.926075e-01
1.926379e-01
1.926687e-01
1.926991e-01
1.927299e-01
1.927604e-01
1.927919e-01
1.928224e-01
1.928531e-01
1.928836e-01
1.929143e-01
1.929448e-01
1.929756e-01
1.930061e-01
1.930368e-01
1.930673e-01
1.930980e-01
1.931288e-01
1.931599e-01
1.931904e-01
1.932210e-01
1.932514e-01
1.932825e-01
1.933130e-01
1.933438e-01
1.933743e-01
1.934050e-01
1.934355e-01
1.934662e-01
1.934967e-01
1.935274e-01
1.935579e-01
1.935887e-01
1.936198e-01
1.936511e-01
1.936817e-01
1.937124e-01
1.937430e-01
1.937737e-01
1.938047e-01
1.938362e-01
1.938668e-01
1.938974e-01
1.939285e-01
1.939589e-01
1.939892e-01
1.940194e-01
1.940494e-01
1.940800e-01
1.941100e-01
1.941407e-01
1.941709e-01
1.942014e-01
1.942317e-01
1.942621e-01
1.942923e-01
1.943227e-01
1.943529e-01
1.943834e-01
1.944137e-01
1.944442e-01
1.944746e-01
1.945052e-01
1.945356e-01
1.945662e-01
1.945967e-01
1.946274e-01
1.946578e-01
1.946885e-01
1.947189e-01
1.947496e-01
1.947800e-01
1.948108e-01
1.948409e-01
1.948716e-01
1.949023e-01
1.949336e-01
1.949638e-01
1.949945e-01
1.950255e-01
1.950559e-01
1.950870e-01
1.951189e-01
1.951490e-01
1.951799e-01
1.952114e-01
1.952419e-01
1.952725e-01
1.953036e-01
1.953338e-01
1.953647e-01
1.953953e-01
1.954259e-01
1.954563e-01
1.954868e-01
1.955178e-01
1.955485e-01
1.955783e-01
1.956083e-01
1.956381e-01
1.956682e-01
1.956980e-01
1.957281e-01
1.957580e-01
1.957881e-01
1.958180e-01
1.958485e-01
1.958784e-01
1.959088e-01
1.959387e-01
1.959691e-01
1.959993e-01
1.960297e-01
1.960597e-01
1.960901e-01
1.961202e-01
1.961505e-01
1.961805e-01
1.962107e-01
1.962407e-01
1.962709e-01
1.963009e-01
1.963311e-01
1.963612e-01
1.963922e-01
1.964222e-01
1.964532e-01
1.964835e-01
1.965146e-01
1.965447e-01
1.965758e-01
1.966061e-01
1.966371e-01
1.966675e-01
1.966986e-01
1.967289e-01
1.967600e-01
1.967903e-01
1.968213e-01
1.968517e-01
1.968827e-01
1.969130e-01
1.969441e-01
1.969744e-01
1.970055e-01
1.970358e-01
1.970670e-01
1.970975e-01
1.971287e-01
1.971590e-01
1.971900e-01
1.972205e-01
1.972516e-01
1.972823e-01
1.973138e-01
1.973445e-01
1.973760e-01
1.974067e-01
1.974383e-01
1.974689e-01
1.975004e-01
1.975309e-01
1.975620e-01
1.975925e-01
1.976235e-01
1.976539e-01
1.976851e-01
1.977154e-01
1.977465e-01
1.977768e-01
1.978078e-01
1.978380e-01
1.978690e-01
1.978991e-01
1.979296e-01
1.979597e-01
1.979902e-01
1.980202e-01
1.980507e-01
1.980806e-01
1.981111e-01
1.981410e-01
1.981714e-01
1.982012e-01
1.982315e-01
1.982612e-01
1.982915e-01
1.983211e-01
1.983513e-01
1.983808e-01
1.984110e-01
1.984405e-01
1.984705e-01
1.985000e-01
1.985300e-01
1.985594e-01
1.985894e-01
1.986187e-01
1.986487e-01
1.986780e-01
1.987079e-01
1.987372e-01
1.987671e-01
1.987976e-01
1.988272e-01
1.988575e-01
1.988886e-01
1.989179e-01
1.989478e-01
1.989785e-01
1.990082e-01
1.990387e-01
1.990700e-01
1.990993e-01
1.991295e-01
1.991598e-01
1.991897e-01
1.992200e-01
1.992513e-01
1.992808e-01
1.993112e-01
1.993415e-01
1.993717e-01
1.994018e-01
1.994326e-01
1.994616e-01
1.994911e-01
1.995203e-01
1.995506e-01
1.995797e-01
1.996094e-01
1.996389e-01
1.996687e-01
1.996974e-01
1.997271e-01
1.997565e-01
1.997861e-01
1.998153e-01
1.998448e-01
1.998745e-01
1.999034e-01
1.999328e-01
1.999628e-01
1.999925e-01
2.000226e-01
2.000521e-01
2.000809e-01
2.001103e-01
