# 1  : Date
# 2  : Temps elapsed min (mus)
# 3  : Rang temps elapsed min
# 4  : Noeud temps elapsed min
# 5  : Temps elapsed max (mus)
# 6  : Rang temps elapsed max
# 7  : Noeud temps elapsed max
# 8  : Grind time (mus/maille/cycle)
# 9  : Grind time équivalent séquentiel (#8 X nb_de_coeurs)
#     1     2     3     4      5      6      7       8      9
#   ATTENTION  les temps cpu schémas sont données dans l'ordre alphabétique des schémas WARNING
#  10: TELAPS Hydro (mus)
7.642145e-04   4.126e+04 0 inti1235   4.133e+04 3 inti1235   2.944e-01 4.710e+00  3.248e+04
2.095711e-03   4.363e+04 0 inti1235   4.372e+04 3 inti1235   3.012e-01 4.820e+00  3.467e+04
3.384327e-03   4.571e+04 1 inti1235   4.581e+04 3 inti1235   3.045e-01 4.871e+00  3.661e+04
4.868647e-03   4.747e+04 1 inti1235   4.757e+04 3 inti1235   3.037e-01 4.859e+00  3.819e+04
6.620822e-03   4.925e+04 0 inti1235   4.940e+04 3 inti1235   2.988e-01 4.781e+00  3.993e+04
8.630039e-03   5.242e+04 0 inti1235   5.250e+04 2 inti1235   2.994e-01 4.791e+00  4.258e+04
1.085741e-02   5.597e+04 0 inti1235   5.605e+04 3 inti1235   2.986e-01 4.778e+00  4.569e+04
1.333581e-02   5.611e+04 0 inti1235   5.614e+04 3 inti1235   2.786e-01 4.457e+00  4.564e+04
1.524234e-02   5.860e+04 0 inti1235   5.874e+04 2 inti1235   2.747e-01 4.395e+00  4.759e+04
1.653993e-02   5.977e+04 0 inti1235   5.982e+04 2 inti1235   2.701e-01 4.322e+00  4.868e+04
1.795330e-02   6.244e+04 0 inti1235   6.261e+04 3 inti1235   2.719e-01 4.350e+00  5.097e+04
1.938251e-02   6.236e+04 1 inti1235   6.245e+04 3 inti1235   2.616e-01 4.186e+00  5.116e+04
2.082236e-02   6.619e+04 0 inti1235   6.625e+04 3 inti1235   2.673e-01 4.277e+00  5.373e+04
2.229711e-02   6.810e+04 0 inti1235   6.814e+04 3 inti1235   2.654e-01 4.247e+00  5.547e+04
2.379533e-02   6.907e+04 0 inti1235   6.912e+04 2 inti1235   2.591e-01 4.146e+00  5.639e+04
2.534636e-02   7.103e+04 0 inti1235   7.117e+04 3 inti1235   2.575e-01 4.120e+00  5.815e+04
2.682873e-02   7.219e+04 0 inti1235   7.231e+04 3 inti1235   2.527e-01 4.042e+00  5.917e+04
2.832782e-02   7.406e+04 0 inti1235   7.408e+04 3 inti1235   2.505e-01 4.009e+00  6.073e+04
2.973128e-02   7.551e+04 0 inti1235   7.558e+04 3 inti1235   2.474e-01 3.958e+00  6.200e+04
3.131866e-02   7.706e+04 0 inti1235   7.712e+04 3 inti1235   2.442e-01 3.907e+00  6.355e+04
3.297435e-02   7.967e+04 0 inti1235   7.970e+04 3 inti1235   2.434e-01 3.894e+00  6.574e+04
3.466333e-02   8.217e+04 0 inti1235   8.229e+04 2 inti1235   2.428e-01 3.885e+00  6.809e+04
3.629618e-02   8.408e+04 0 inti1235   8.411e+04 2 inti1235   2.396e-01 3.834e+00  6.969e+04
3.794314e-02   8.520e+04 0 inti1235   8.524e+04 3 inti1235   2.353e-01 3.764e+00  7.076e+04
3.950055e-02   8.792e+04 0 inti1235   8.796e+04 3 inti1235   2.352e-01 3.764e+00  7.333e+04
4.109911e-02   8.900e+04 0 inti1235   9.993e+04 1 inti1235   2.594e-01 4.150e+00  7.406e+04
4.269931e-02   9.105e+04 0 inti1235   9.117e+04 2 inti1235   2.291e-01 3.666e+00  7.609e+04
4.432233e-02   9.305e+04 0 inti1235   9.316e+04 2 inti1235   2.274e-01 3.639e+00  7.760e+04
4.603885e-02   9.512e+04 0 inti1235   9.515e+04 2 inti1235   2.249e-01 3.598e+00  7.975e+04
4.770570e-02   9.886e+04 0 inti1235   9.901e+04 1 inti1235   2.273e-01 3.636e+00  8.297e+04
4.936194e-02   1.015e+05 0 inti1235   1.016e+05 3 inti1235   2.262e-01 3.619e+00  8.539e+04
5.092789e-02   1.015e+05 0 inti1235   1.016e+05 1 inti1235   2.201e-01 3.521e+00  8.539e+04
5.255507e-02   1.048e+05 0 inti1235   1.050e+05 2 inti1235   2.206e-01 3.529e+00  8.823e+04
5.417808e-02   1.088e+05 0 inti1235   1.090e+05 2 inti1235   2.229e-01 3.567e+00  9.191e+04
5.587580e-02   1.093e+05 0 inti1235   1.093e+05 1 inti1235   2.172e-01 3.476e+00  9.217e+04
5.783088e-02   1.123e+05 0 inti1235   1.123e+05 1 inti1235   2.168e-01 3.468e+00  9.507e+04
5.956608e-02   1.161e+05 0 inti1235   1.162e+05 1 inti1235   2.184e-01 3.494e+00  9.838e+04
6.161700e-02   1.197e+05 0 inti1235   1.197e+05 2 inti1235   2.187e-01 3.500e+00  1.015e+05
6.337797e-02   1.225e+05 0 inti1235   1.227e+05 2 inti1235   2.183e-01 3.493e+00  1.043e+05
6.487036e-02   1.255e+05 0 inti1235   1.257e+05 2 inti1235   2.195e-01 3.512e+00  1.068e+05
6.695146e-02   1.226e+05 2 inti1235   1.227e+05 1 inti1235   2.083e-01 3.333e+00  1.041e+05
6.876152e-02   1.249e+05 0 inti1235   1.250e+05 2 inti1235   2.075e-01 3.320e+00  1.062e+05
7.050087e-02   1.277e+05 0 inti1235   1.278e+05 1 inti1235   2.076e-01 3.322e+00  1.085e+05
7.270523e-02   1.309e+05 0 inti1235   1.310e+05 1 inti1235   2.076e-01 3.322e+00  1.117e+05
7.477103e-02   1.347e+05 0 inti1235   1.349e+05 1 inti1235   2.083e-01 3.332e+00  1.151e+05
7.626146e-02   1.373e+05 0 inti1235   1.374e+05 2 inti1235   2.087e-01 3.338e+00  1.176e+05
7.789676e-02   1.424e+05 0 inti1235   1.425e+05 1 inti1235   2.125e-01 3.399e+00  1.223e+05
7.922323e-02   1.451e+05 0 inti1235   1.452e+05 1 inti1235   2.136e-01 3.417e+00  1.247e+05
8.055407e-02   1.466e+05 0 inti1235   1.466e+05 2 inti1235   2.126e-01 3.401e+00  1.260e+05
8.210352e-02   1.483e+05 0 inti1235   1.484e+05 2 inti1235   2.118e-01 3.390e+00  1.273e+05
8.357681e-02   1.503e+05 0 inti1235   1.504e+05 2 inti1235   2.115e-01 3.384e+00  1.293e+05
8.497118e-02   1.517e+05 0 inti1235   1.518e+05 1 inti1235   2.108e-01 3.373e+00  1.306e+05
8.638966e-02   1.557e+05 0 inti1235   1.559e+05 2 inti1235   2.137e-01 3.420e+00  1.343e+05
8.786859e-02   1.569e+05 0 inti1235   1.571e+05 2 inti1235   2.127e-01 3.403e+00  1.354e+05
8.931876e-02   1.545e+05 0 inti1235   1.546e+05 1 inti1235   2.067e-01 3.307e+00  1.329e+05
9.082081e-02   1.560e+05 0 inti1235   1.562e+05 1 inti1235   2.064e-01 3.303e+00  1.343e+05
9.263967e-02   1.587e+05 0 inti1235   1.589e+05 1 inti1235   2.071e-01 3.313e+00  1.370e+05
9.437738e-02   1.596e+05 0 inti1235   1.597e+05 1 inti1235   2.056e-01 3.289e+00  1.376e+05
9.597599e-02   1.627e+05 3 inti1235   1.627e+05 1 inti1235   2.072e-01 3.315e+00  1.404e+05
9.759135e-02   1.638e+05 3 inti1235   1.639e+05 2 inti1235   2.065e-01 3.304e+00  1.412e+05
9.914467e-02   1.668e+05 3 inti1235   1.669e+05 2 inti1235   2.082e-01 3.331e+00  1.442e+05
1.007476e-01   1.687e+05 0 inti1235   1.688e+05 2 inti1235   2.086e-01 3.338e+00  1.457e+05
1.026142e-01   1.706e+05 0 inti1235   1.707e+05 2 inti1235   2.089e-01 3.343e+00  1.477e+05
1.041591e-01   1.732e+05 3 inti1235   1.733e+05 2 inti1235   2.106e-01 3.370e+00  1.500e+05
1.057181e-01   1.729e+05 3 inti1235   1.729e+05 2 inti1235   2.085e-01 3.337e+00  1.499e+05
1.074557e-01   1.748e+05 0 inti1235   1.750e+05 1 inti1235   2.093e-01 3.349e+00  1.517e+05
1.090513e-01   1.754e+05 0 inti1235   1.756e+05 1 inti1235   2.082e-01 3.331e+00  1.519e+05
1.106644e-01   1.775e+05 0 inti1235   1.776e+05 2 inti1235   2.089e-01 3.343e+00  1.540e+05
1.123394e-01   1.776e+05 0 inti1235   1.776e+05 2 inti1235   2.072e-01 3.315e+00  1.539e+05
1.139730e-01   1.792e+05 0 inti1235   1.793e+05 1 inti1235   2.076e-01 3.321e+00  1.556e+05
1.155903e-01   1.805e+05 0 inti1235   1.806e+05 1 inti1235   2.074e-01 3.318e+00  1.567e+05
1.172329e-01   1.814e+05 0 inti1235   1.815e+05 1 inti1235   2.069e-01 3.311e+00  1.577e+05
1.188715e-01   1.818e+05 0 inti1235   1.819e+05 1 inti1235   2.058e-01 3.293e+00  1.580e+05
1.205200e-01   1.829e+05 0 inti1235   1.831e+05 1 inti1235   2.057e-01 3.291e+00  1.589e+05
1.222734e-01   1.869e+05 0 inti1235   1.869e+05 1 inti1235   2.084e-01 3.334e+00  1.623e+05
1.239286e-01   1.855e+05 0 inti1235   1.856e+05 1 inti1235   2.055e-01 3.288e+00  1.611e+05
1.260146e-01   1.893e+05 0 inti1235   1.894e+05 2 inti1235   2.080e-01 3.327e+00  1.647e+05
1.277247e-01   1.911e+05 0 inti1235   1.912e+05 2 inti1235   2.084e-01 3.335e+00  1.666e+05
1.294500e-01   1.932e+05 0 inti1235   1.933e+05 2 inti1235   2.093e-01 3.348e+00  1.680e+05
1.310743e-01   1.914e+05 0 inti1235   1.915e+05 2 inti1235   2.061e-01 3.298e+00  1.668e+05
1.326939e-01   1.930e+05 0 inti1235   1.932e+05 1 inti1235   2.067e-01 3.307e+00  1.682e+05
1.347140e-01   1.951e+05 0 inti1235   1.952e+05 2 inti1235   2.075e-01 3.320e+00  1.702e+05
1.364901e-01   1.951e+05 0 inti1235   1.952e+05 2 inti1235   2.062e-01 3.299e+00  1.702e+05
1.380913e-01   1.976e+05 0 inti1235   1.978e+05 2 inti1235   2.079e-01 3.326e+00  1.726e+05
1.397171e-01   2.003e+05 0 inti1235   2.005e+05 2 inti1235   2.095e-01 3.352e+00  1.751e+05
1.413519e-01   1.978e+05 0 inti1235   1.978e+05 1 inti1235   2.059e-01 3.295e+00  1.725e+05
1.430017e-01   1.990e+05 0 inti1235   1.991e+05 2 inti1235   2.065e-01 3.304e+00  1.738e+05
1.447161e-01   2.045e+05 3 inti1235   2.046e+05 2 inti1235   2.113e-01 3.380e+00  1.792e+05
1.464342e-01   2.048e+05 0 inti1235   2.050e+05 2 inti1235   2.108e-01 3.373e+00  1.794e+05
1.481971e-01   2.048e+05 1 inti1235   2.049e+05 2 inti1235   2.099e-01 3.358e+00  1.793e+05
1.497815e-01   2.053e+05 0 inti1235   2.054e+05 2 inti1235   2.097e-01 3.356e+00  1.800e+05
1.514363e-01   2.071e+05 0 inti1235   2.072e+05 2 inti1235   2.109e-01 3.375e+00  1.815e+05
1.534761e-01   2.085e+05 0 inti1235   2.086e+05 2 inti1235   2.115e-01 3.384e+00  1.830e+05
1.555466e-01   2.073e+05 0 inti1235   2.075e+05 2 inti1235   2.095e-01 3.352e+00  1.816e+05
1.576316e-01   2.088e+05 0 inti1235   2.088e+05 2 inti1235   2.099e-01 3.359e+00  1.831e+05
1.597214e-01   2.145e+05 0 inti1235   2.145e+05 2 inti1235   2.148e-01 3.437e+00  1.885e+05
1.615942e-01   2.118e+05 0 inti1235   2.119e+05 2 inti1235   2.115e-01 3.384e+00  1.859e+05
1.631526e-01   2.102e+05 3 inti1235   2.103e+05 1 inti1235   2.093e-01 3.350e+00  1.842e+05
1.647602e-01   2.254e+05 3 inti1235   2.255e+05 2 inti1235   2.240e-01 3.583e+00  1.994e+05
1.663785e-01   2.118e+05 3 inti1235   2.119e+05 2 inti1235   2.101e-01 3.362e+00  1.857e+05
1.681083e-01   2.127e+05 0 inti1235   2.127e+05 2 inti1235   2.105e-01 3.368e+00  1.861e+05
1.699682e-01   2.132e+05 3 inti1235   2.132e+05 2 inti1235   2.105e-01 3.368e+00  1.868e+05
1.718662e-01   2.145e+05 1 inti1235   2.146e+05 2 inti1235   2.112e-01 3.380e+00  1.884e+05
1.735605e-01   2.152e+05 0 inti1235   2.154e+05 2 inti1235   2.115e-01 3.384e+00  1.889e+05
1.752319e-01   2.156e+05 0 inti1235   2.156e+05 2 inti1235   2.112e-01 3.379e+00  1.891e+05
1.770274e-01   2.160e+05 3 inti1235   2.161e+05 2 inti1235   2.113e-01 3.381e+00  1.895e+05
1.788682e-01   2.154e+05 0 inti1235   2.155e+05 2 inti1235   2.104e-01 3.366e+00  1.889e+05
1.807754e-01   2.181e+05 0 inti1235   2.182e+05 2 inti1235   2.126e-01 3.402e+00  1.918e+05
1.827505e-01   2.157e+05 0 inti1235   2.159e+05 2 inti1235   2.100e-01 3.360e+00  1.892e+05
1.849142e-01   2.164e+05 0 inti1235   2.166e+05 2 inti1235   2.105e-01 3.368e+00  1.899e+05
1.871162e-01   2.189e+05 0 inti1235   2.190e+05 2 inti1235   2.125e-01 3.401e+00  1.921e+05
1.891561e-01   2.174e+05 0 inti1235   2.175e+05 2 inti1235   2.108e-01 3.373e+00  1.906e+05
1.909191e-01   2.207e+05 0 inti1235   2.208e+05 2 inti1235   2.136e-01 3.418e+00  1.942e+05
1.926991e-01   2.204e+05 0 inti1235   2.205e+05 2 inti1235   2.128e-01 3.406e+00  1.938e+05
1.943529e-01   2.180e+05 0 inti1235   2.181e+05 2 inti1235   2.103e-01 3.364e+00  1.912e+05
1.959993e-01   2.200e+05 0 inti1235   2.201e+05 2 inti1235   2.118e-01 3.389e+00  1.931e+05
1.976539e-01   2.192e+05 1 inti1235   2.193e+05 2 inti1235   2.106e-01 3.369e+00  1.922e+05
1.992808e-01   2.195e+05 0 inti1235   2.196e+05 2 inti1235   2.106e-01 3.370e+00  1.927e+05
