#   1 : Date        
# Date        
0.000000e+00
1.807392e-05
3.063775e-05
3.994389e-05
4.696398e-05
5.307616e-05
5.893874e-05
6.538756e-05
7.195757e-05
7.918458e-05
8.713429e-05
9.567609e-05
1.042664e-04
1.137158e-04
1.241101e-04
1.345130e-04
1.447307e-04
1.559701e-04
1.679893e-04
1.796878e-04
1.924202e-04
2.055404e-04
2.185077e-04
2.318901e-04
2.458264e-04
2.596755e-04
2.743191e-04
2.891449e-04
3.043828e-04
3.196963e-04
3.356446e-04
3.517861e-04
3.684829e-04
3.855114e-04
4.029838e-04
4.207710e-04
4.389514e-04
4.575347e-04
4.763626e-04
4.956113e-04
5.152335e-04
5.351047e-04
5.554263e-04
5.760533e-04
5.970174e-04
6.182838e-04
6.399234e-04
6.618733e-04
6.840594e-04
7.066476e-04
7.294829e-04
7.525381e-04
7.759571e-04
7.995716e-04
8.234199e-04
8.476062e-04
8.720560e-04
8.968823e-04
9.219946e-04
9.473617e-04
9.730840e-04
9.990399e-04
1.025278e-03
1.051910e-03
1.078819e-03
1.105929e-03
1.133356e-03
1.161061e-03
1.189065e-03
1.217411e-03
1.246020e-03
1.274873e-03
1.303956e-03
1.333253e-03
1.362698e-03
1.392487e-03
1.422515e-03
1.452199e-03
1.480817e-03
1.508605e-03
1.535687e-03
1.562279e-03
1.588358e-03
1.614090e-03
1.639611e-03
1.664968e-03
1.690221e-03
1.715399e-03
1.740507e-03
1.765584e-03
1.790481e-03
1.815415e-03
1.840170e-03
1.864989e-03
1.889719e-03
1.914549e-03
1.938999e-03
1.963691e-03
1.988200e-03
2.012840e-03
2.037309e-03
2.061953e-03
2.086401e-03
2.111131e-03
2.135725e-03
2.160217e-03
2.184769e-03
2.209371e-03
2.233861e-03
2.258603e-03
2.283470e-03
2.308404e-03
2.333430e-03
2.358731e-03
2.384065e-03
2.409654e-03
2.435300e-03
2.460838e-03
2.486410e-03
2.511832e-03
2.537265e-03
2.562619e-03
2.587961e-03
2.613289e-03
2.638577e-03
2.663912e-03
2.689177e-03
2.714511e-03
2.739782e-03
2.765098e-03
2.790398e-03
2.815726e-03
2.841079e-03
2.866444e-03
2.891870e-03
2.917295e-03
2.942815e-03
2.968317e-03
2.993921e-03
3.019514e-03
3.045196e-03
3.070891e-03
3.096664e-03
3.122471e-03
3.148345e-03
3.174275e-03
3.200260e-03
3.226321e-03
3.252424e-03
3.278627e-03
3.304856e-03
3.331204e-03
3.357568e-03
3.384037e-03
3.410544e-03
3.437143e-03
3.463803e-03
3.490540e-03
3.517366e-03
3.544252e-03
3.571257e-03
3.598303e-03
3.625483e-03
3.652701e-03
3.680039e-03
3.707440e-03
3.734944e-03
3.762540e-03
3.790220e-03
3.818020e-03
3.845884e-03
3.873886e-03
3.901940e-03
3.930116e-03
3.958369e-03
3.986726e-03
4.015186e-03
4.043729e-03
4.072408e-03
4.101145e-03
4.130026e-03
4.158967e-03
4.188033e-03
4.217190e-03
4.246450e-03
4.275835e-03
4.305295e-03
4.334895e-03
4.364567e-03
4.394355e-03
4.424250e-03
4.454238e-03
4.484367e-03
4.514561e-03
4.544899e-03
4.575309e-03
4.605843e-03
4.636484e-03
4.667224e-03
4.698114e-03
4.729075e-03
4.760169e-03
4.791366e-03
4.822670e-03
4.854116e-03
4.885635e-03
4.917298e-03
4.949047e-03
4.980915e-03
5.012911e-03
5.044998e-03
5.077233e-03
5.109551e-03
5.141991e-03
5.174549e-03
5.207201e-03
5.240003e-03
5.272880e-03
5.305886e-03
5.339001e-03
5.372220e-03
5.405587e-03
5.439030e-03
5.472597e-03
5.506279e-03
5.540059e-03
5.573991e-03
5.607995e-03
5.642130e-03
5.676366e-03
5.710711e-03
5.745197e-03
5.779764e-03
5.814457e-03
5.849260e-03
5.884166e-03
5.919222e-03
5.954355e-03
5.989623e-03
6.024998e-03
6.060484e-03
6.096114e-03
6.131829e-03
6.167674e-03
6.203631e-03
6.239696e-03
6.275911e-03
6.312209e-03
6.348643e-03
6.385188e-03
6.421846e-03
6.458655e-03
6.495554e-03
6.532581e-03
6.569735e-03
6.606991e-03
6.644398e-03
6.681894e-03
6.719519e-03
6.757269e-03
6.795123e-03
6.833116e-03
6.871218e-03
6.909437e-03
6.947805e-03
6.986264e-03
7.024860e-03
7.063571e-03
7.102396e-03
7.141368e-03
7.180438e-03
7.219634e-03
7.258964e-03
7.298399e-03
7.337982e-03
7.377670e-03
7.417485e-03
7.457441e-03
7.497500e-03
7.537694e-03
7.578009e-03
7.618436e-03
7.659016e-03
7.699691e-03
7.740339e-03
7.780941e-03
7.821496e-03
7.862014e-03
7.902513e-03
7.943005e-03
7.983512e-03
8.024047e-03
8.064637e-03
8.105299e-03
8.146047e-03
8.186864e-03
8.227786e-03
8.268849e-03
8.310106e-03
8.351602e-03
8.393313e-03
8.435282e-03
8.477589e-03
8.520298e-03
8.563273e-03
8.606325e-03
8.649438e-03
8.692636e-03
8.735915e-03
8.779274e-03
8.822735e-03
8.866272e-03
8.909862e-03
8.953551e-03
8.997335e-03
9.041216e-03
9.085191e-03
9.129222e-03
9.173359e-03
9.217605e-03
9.261962e-03
9.306430e-03
9.350998e-03
9.395622e-03
9.440367e-03
9.485214e-03
9.530186e-03
9.575278e-03
9.620438e-03
9.665687e-03
9.710965e-03
9.756316e-03
9.801709e-03
9.847187e-03
9.892694e-03
9.938354e-03
9.984034e-03
1.002984e-02
1.007568e-02
1.012160e-02
1.016758e-02
1.021371e-02
1.025991e-02
1.030627e-02
1.035272e-02
1.039925e-02
1.044590e-02
1.049268e-02
1.053957e-02
1.058653e-02
1.063355e-02
1.068064e-02
1.072782e-02
1.077507e-02
1.082240e-02
1.086976e-02
1.091720e-02
1.096470e-02
1.101228e-02
1.105995e-02
1.110764e-02
1.115538e-02
1.120317e-02
1.125101e-02
1.129894e-02
1.134694e-02
1.139499e-02
1.144306e-02
1.149120e-02
1.153938e-02
1.158762e-02
1.163590e-02
1.168426e-02
1.173269e-02
1.178121e-02
1.182981e-02
1.187843e-02
1.192710e-02
1.197582e-02
1.202459e-02
1.207345e-02
1.212239e-02
1.217143e-02
1.222049e-02
1.226966e-02
1.231887e-02
1.236816e-02
1.241751e-02
1.246694e-02
1.251644e-02
1.256603e-02
1.261570e-02
1.266546e-02
1.271525e-02
1.276513e-02
1.281506e-02
1.286483e-02
1.291452e-02
1.296402e-02
1.301351e-02
1.306280e-02
1.311221e-02
1.316142e-02
1.321081e-02
1.326010e-02
1.330961e-02
1.335910e-02
1.340887e-02
1.345865e-02
1.350874e-02
1.355885e-02
1.360928e-02
1.365973e-02
1.371049e-02
1.376127e-02
1.381236e-02
1.386346e-02
1.391486e-02
1.396626e-02
1.401796e-02
1.406965e-02
1.412165e-02
1.417362e-02
1.422588e-02
1.427811e-02
1.433029e-02
1.438243e-02
1.443451e-02
1.448652e-02
1.453840e-02
1.459018e-02
1.464189e-02
1.469357e-02
1.474511e-02
1.479658e-02
1.484796e-02
1.489932e-02
1.495060e-02
1.500178e-02
1.505285e-02
1.510387e-02
1.515487e-02
1.520559e-02
1.525614e-02
1.530670e-02
1.535721e-02
1.540746e-02
1.545782e-02
1.550808e-02
1.555823e-02
1.560824e-02
1.565827e-02
1.570820e-02
1.575879e-02
1.580992e-02
1.586096e-02
1.591182e-02
1.596249e-02
1.601298e-02
1.606355e-02
1.611409e-02
1.616519e-02
1.621675e-02
1.626925e-02
1.632125e-02
1.637383e-02
1.642627e-02
1.647933e-02
1.653242e-02
1.658647e-02
1.664041e-02
1.669341e-02
1.674671e-02
1.679914e-02
1.685182e-02
1.690457e-02
1.695799e-02
1.701169e-02
1.706628e-02
1.712162e-02
1.717732e-02
1.723326e-02
1.728910e-02
1.734514e-02
1.740110e-02
1.745725e-02
1.748337e-02
1.750956e-02
1.753593e-02
1.756245e-02
1.758917e-02
1.761605e-02
1.764311e-02
1.767032e-02
1.769769e-02
1.772518e-02
1.775282e-02
1.777944e-02
1.780637e-02
1.783364e-02
1.786072e-02
1.788789e-02
1.791519e-02
1.794093e-02
1.796673e-02
1.799262e-02
1.801868e-02
1.804496e-02
1.807159e-02
1.809868e-02
1.812641e-02
1.815170e-02
1.817707e-02
1.820259e-02
1.822836e-02
1.825448e-02
1.828111e-02
1.830615e-02
1.833127e-02
1.835654e-02
1.838206e-02
1.840792e-02
1.843274e-02
1.845760e-02
1.848256e-02
1.850766e-02
1.853302e-02
1.855875e-02
1.858342e-02
1.860815e-02
1.863298e-02
1.865800e-02
1.868330e-02
1.870784e-02
1.873241e-02
1.875705e-02
1.878181e-02
1.880674e-02
1.883195e-02
1.885643e-02
1.888096e-02
1.890555e-02
1.893028e-02
1.895519e-02
1.898037e-02
1.900485e-02
1.902938e-02
1.905401e-02
1.907877e-02
1.910374e-02
1.912824e-02
1.915278e-02
1.917739e-02
1.920210e-02
1.922699e-02
1.925211e-02
1.927672e-02
1.930138e-02
1.932613e-02
1.935103e-02
1.937614e-02
1.940088e-02
1.942565e-02
1.945050e-02
1.947548e-02
1.950064e-02
1.952607e-02
1.955100e-02
1.957600e-02
1.960110e-02
1.962637e-02
1.965188e-02
1.967699e-02
1.970214e-02
1.972738e-02
1.975277e-02
1.977838e-02
1.980432e-02
1.982966e-02
1.985507e-02
1.988060e-02
1.990630e-02
1.993227e-02
1.995859e-02
1.998417e-02
2.000984e-02
2.003564e-02
2.006160e-02
2.008678e-02
2.011332e-02
2.013871e-02
2.016436e-02
2.018989e-02
2.021561e-02
2.024119e-02
2.026698e-02
2.029263e-02
2.031847e-02
2.034474e-02
2.037112e-02
2.039762e-02
2.042429e-02
2.045100e-02
2.047814e-02
2.050499e-02
2.053286e-02
2.055964e-02
2.058652e-02
2.061352e-02
2.064066e-02
2.066795e-02
2.069545e-02
2.072301e-02
2.075106e-02
2.077896e-02
2.080774e-02
2.083521e-02
2.086278e-02
2.089045e-02
2.091821e-02
2.094611e-02
2.097414e-02
2.100235e-02
2.103079e-02
2.105949e-02
2.108848e-02
2.111778e-02
2.114742e-02
2.117561e-02
2.120387e-02
2.123220e-02
2.126061e-02
2.128910e-02
2.131767e-02
2.134452e-02
2.137191e-02
2.139890e-02
2.142617e-02
2.145328e-02
2.148065e-02
2.150785e-02
2.153530e-02
2.156258e-02
2.159010e-02
2.161745e-02
2.164505e-02
2.167247e-02
2.170013e-02
2.172762e-02
2.175534e-02
2.178289e-02
2.181068e-02
2.183829e-02
2.186614e-02
2.189381e-02
2.192172e-02
2.194946e-02
2.197870e-02
2.200799e-02
2.203732e-02
2.206670e-02
2.209613e-02
2.212563e-02
2.215520e-02
2.218490e-02
2.221476e-02
2.224480e-02
2.227506e-02
2.230541e-02
2.233614e-02
2.236676e-02
2.239641e-02
2.242609e-02
2.245579e-02
2.248554e-02
2.251532e-02
2.254515e-02
2.257504e-02
2.260500e-02
2.263509e-02
2.266534e-02
2.269577e-02
2.272638e-02
2.275719e-02
2.278737e-02
2.281722e-02
2.284708e-02
2.287694e-02
2.290681e-02
2.293668e-02
2.296657e-02
2.299649e-02
2.302645e-02
2.305652e-02
2.308449e-02
2.311315e-02
2.314126e-02
2.316998e-02
2.319812e-02
2.322685e-02
2.325499e-02
2.328371e-02
2.331183e-02
2.334053e-02
2.336863e-02
2.339731e-02
2.342539e-02
2.345404e-02
2.348209e-02
2.351073e-02
2.353875e-02
2.356737e-02
2.359538e-02
2.362399e-02
2.365198e-02
2.368058e-02
2.370856e-02
2.373716e-02
2.376512e-02
2.379373e-02
2.382168e-02
2.385029e-02
2.387825e-02
2.390687e-02
2.393482e-02
2.396345e-02
2.399140e-02
2.402006e-02
2.404801e-02
2.407669e-02
2.410615e-02
2.413453e-02
2.416372e-02
2.419375e-02
2.422165e-02
2.425041e-02
2.428003e-02
2.430848e-02
2.433784e-02
2.436756e-02
2.439549e-02
2.442438e-02
2.445419e-02
2.448276e-02
2.451230e-02
2.454243e-02
2.457040e-02
2.459940e-02
2.462938e-02
2.465803e-02
2.468770e-02
2.471759e-02
2.474556e-02
2.477458e-02
2.480264e-02
2.483169e-02
2.485974e-02
2.488875e-02
2.491676e-02
2.494570e-02
2.497366e-02
2.500250e-02
2.503038e-02
2.505909e-02
2.508689e-02
2.511548e-02
2.514320e-02
2.517165e-02
2.519928e-02
2.522759e-02
2.525514e-02
2.528302e-02
2.531051e-02
2.533830e-02
2.536571e-02
2.539340e-02
2.542075e-02
2.544835e-02
2.547564e-02
2.550316e-02
2.553016e-02
2.555742e-02
2.558446e-02
2.561189e-02
2.563908e-02
2.566653e-02
2.569449e-02
2.572199e-02
2.574996e-02
2.577833e-02
2.580700e-02
2.583653e-02
2.586488e-02
2.589357e-02
2.592239e-02
2.595190e-02
2.598098e-02
2.601063e-02
2.604001e-02
2.606994e-02
2.610015e-02
2.613039e-02
2.616016e-02
2.619039e-02
2.621989e-02
2.625059e-02
2.628147e-02
2.631257e-02
2.634388e-02
2.637544e-02
2.640581e-02
2.643618e-02
2.646656e-02
2.649695e-02
2.652735e-02
2.655778e-02
2.658816e-02
2.661872e-02
2.664940e-02
2.668023e-02
2.671121e-02
2.674236e-02
2.677274e-02
2.680427e-02
2.683464e-02
2.686659e-02
2.689696e-02
2.692758e-02
2.695795e-02
2.698857e-02
2.701920e-02
2.704984e-02
2.708052e-02
2.711127e-02
2.714165e-02
2.717264e-02
2.720301e-02
2.723430e-02
2.726467e-02
2.729612e-02
2.732650e-02
2.735782e-02
2.738823e-02
2.741902e-02
2.744981e-02
2.748059e-02
2.751137e-02
2.754215e-02
2.757257e-02
2.760341e-02
2.763385e-02
2.766488e-02
2.769533e-02
2.772662e-02
2.775711e-02
2.778848e-02
2.781901e-02
2.785028e-02
2.788087e-02
2.791212e-02
2.794467e-02
2.797562e-02
2.800656e-02
2.803750e-02
2.806809e-02
2.809903e-02
2.812964e-02
2.816065e-02
2.819130e-02
2.822250e-02
2.825318e-02
2.828464e-02
2.831538e-02
2.834685e-02
2.837764e-02
2.840908e-02
2.843993e-02
2.847138e-02
2.850232e-02
2.853416e-02
2.856518e-02
2.859632e-02
2.862536e-02
2.865508e-02
2.868586e-02
2.871700e-02
2.874623e-02
2.877620e-02
2.880699e-02
2.883829e-02
2.886911e-02
2.890062e-02
2.893154e-02
2.896154e-02
2.899257e-02
2.902430e-02
2.905544e-02
2.908722e-02
2.911848e-02
2.915032e-02
2.918167e-02
2.921397e-02
2.924542e-02
2.927783e-02
2.930941e-02
2.934199e-02
2.937339e-02
2.940477e-02
2.943591e-02
2.946728e-02
2.949842e-02
2.952978e-02
2.956093e-02
2.959230e-02
2.962346e-02
2.965493e-02
2.968612e-02
2.971774e-02
2.974909e-02
2.978081e-02
2.981227e-02
2.984407e-02
2.987562e-02
2.990743e-02
2.993905e-02
2.997088e-02
3.000257e-02
3.003443e-02
3.006616e-02
3.009805e-02
3.012984e-02
3.016178e-02
3.019362e-02
3.022562e-02
3.025753e-02
3.028959e-02
3.032159e-02
3.035373e-02
3.038583e-02
3.041808e-02
3.045031e-02
3.048267e-02
3.051245e-02
3.054405e-02
3.057661e-02
3.060926e-02
3.063962e-02
3.067095e-02
3.070265e-02
3.073570e-02
3.076649e-02
3.079851e-02
3.083022e-02
3.086322e-02
3.089444e-02
3.092728e-02
3.095902e-02
3.099081e-02
3.102255e-02
3.105430e-02
3.108605e-02
3.111779e-02
3.114956e-02
3.118139e-02
3.121327e-02
3.124521e-02
3.127722e-02
3.130927e-02
3.134137e-02
3.137351e-02
3.140569e-02
3.143791e-02
3.147016e-02
3.150244e-02
3.153475e-02
3.156708e-02
3.159943e-02
3.163181e-02
3.166421e-02
3.169663e-02
3.172908e-02
3.176156e-02
3.179406e-02
3.182659e-02
3.185915e-02
3.189174e-02
3.192436e-02
3.195700e-02
3.198968e-02
3.202239e-02
3.205514e-02
3.208795e-02
3.211978e-02
3.215271e-02
3.218446e-02
3.221758e-02
3.224928e-02
3.228194e-02
3.231357e-02
3.234591e-02
3.237759e-02
3.240888e-02
3.244012e-02
3.247130e-02
3.250245e-02
3.253362e-02
3.256483e-02
3.259608e-02
3.262740e-02
3.265878e-02
3.269023e-02
3.272174e-02
3.275333e-02
3.278499e-02
3.281674e-02
3.284858e-02
3.288052e-02
3.291256e-02
3.294472e-02
3.297700e-02
3.300879e-02
3.304136e-02
3.307309e-02
3.310604e-02
3.313688e-02
3.316769e-02
3.319849e-02
3.322925e-02
3.326000e-02
3.329073e-02
3.332149e-02
3.335231e-02
3.338320e-02
3.341417e-02
3.344523e-02
3.347637e-02
3.350760e-02
3.353892e-02
3.357032e-02
3.360182e-02
3.363342e-02
3.366512e-02
3.369694e-02
3.372888e-02
3.376096e-02
3.379319e-02
3.382560e-02
3.385822e-02
3.388880e-02
3.391936e-02
3.394991e-02
3.398046e-02
3.401101e-02
3.404156e-02
3.407213e-02
3.410275e-02
3.413345e-02
3.416424e-02
3.419514e-02
3.422615e-02
3.425727e-02
3.428848e-02
3.431981e-02
3.435124e-02
3.438277e-02
3.441442e-02
3.444617e-02
3.447803e-02
3.451002e-02
3.454215e-02
3.457442e-02
3.460685e-02
3.463945e-02
3.467008e-02
3.470070e-02
3.473132e-02
3.476194e-02
3.479254e-02
3.482315e-02
3.485376e-02
3.488438e-02
3.491504e-02
3.494577e-02
3.497658e-02
3.500749e-02
3.503847e-02
3.506955e-02
3.510070e-02
3.513193e-02
3.516322e-02
3.519459e-02
3.522603e-02
3.525753e-02
3.528910e-02
3.532074e-02
3.535244e-02
3.538422e-02
3.541608e-02
3.544802e-02
3.548006e-02
3.551219e-02
3.554446e-02
3.557682e-02
3.560936e-02
3.564202e-02
3.567281e-02
3.570358e-02
3.573433e-02
3.576507e-02
3.579578e-02
3.582649e-02
3.585717e-02
3.588787e-02
3.591861e-02
3.594942e-02
3.598030e-02
3.601125e-02
3.604227e-02
3.607336e-02
3.610451e-02
3.613572e-02
3.616697e-02
3.619828e-02
3.622962e-02
3.626102e-02
3.629246e-02
3.632395e-02
3.635548e-02
3.638706e-02
3.641870e-02
3.645040e-02
3.648217e-02
3.651401e-02
3.654595e-02
3.657796e-02
3.661011e-02
3.664235e-02
3.667477e-02
3.670731e-02
3.674009e-02
3.677174e-02
3.680284e-02
3.683393e-02
3.686499e-02
3.689603e-02
3.692705e-02
3.695809e-02
3.698918e-02
3.702033e-02
3.705155e-02
3.708283e-02
3.711417e-02
3.714558e-02
3.717703e-02
3.720852e-02
3.724006e-02
3.727156e-02
3.730318e-02
3.733468e-02
3.736637e-02
3.739787e-02
3.742963e-02
3.746113e-02
3.749296e-02
3.752447e-02
3.755638e-02
3.758789e-02
3.761985e-02
3.765136e-02
3.768331e-02
3.771550e-02
3.774781e-02
3.778018e-02
3.781269e-02
3.784528e-02
3.787806e-02
3.790939e-02
3.794249e-02
3.797382e-02
3.800604e-02
3.803737e-02
3.806954e-02
3.810087e-02
3.813299e-02
3.816432e-02
3.819646e-02
3.822865e-02
3.826090e-02
3.829322e-02
3.832560e-02
3.835677e-02
3.838924e-02
3.842040e-02
3.845287e-02
3.848402e-02
3.851639e-02
3.854754e-02
3.857963e-02
3.861077e-02
3.864270e-02
3.867384e-02
3.870567e-02
3.873681e-02
3.876856e-02
3.879970e-02
3.883140e-02
3.886253e-02
3.889419e-02
3.892532e-02
3.895694e-02
3.898807e-02
3.901966e-02
3.905080e-02
3.908237e-02
3.911351e-02
3.914507e-02
3.917622e-02
3.920778e-02
3.923893e-02
3.927049e-02
3.930361e-02
3.933684e-02
3.937013e-02
3.940353e-02
3.943450e-02
3.946810e-02
3.949907e-02
3.953184e-02
3.956280e-02
3.959500e-02
3.962596e-02
3.965787e-02
3.968882e-02
3.972055e-02
3.975151e-02
3.978312e-02
3.981408e-02
3.984562e-02
3.987659e-02
3.990808e-02
3.993906e-02
3.997053e-02
4.000153e-02
4.003299e-02
4.006401e-02
4.009548e-02
4.012653e-02
4.015802e-02
4.018911e-02
4.022063e-02
4.025177e-02
4.028377e-02
4.031695e-02
4.035127e-02
4.038559e-02
4.041992e-02
4.045099e-02
4.048518e-02
4.051628e-02
4.054955e-02
4.058067e-02
4.061314e-02
4.064427e-02
4.067638e-02
4.070753e-02
4.073945e-02
4.077060e-02
4.080241e-02
4.083358e-02
4.086532e-02
4.089651e-02
4.092820e-02
4.095941e-02
4.099108e-02
4.102231e-02
4.105397e-02
4.108522e-02
4.111689e-02
4.114817e-02
4.117985e-02
4.121117e-02
4.124287e-02
4.127423e-02
4.130596e-02
4.133736e-02
4.136913e-02
4.140058e-02
4.143241e-02
4.146391e-02
4.149580e-02
4.152738e-02
4.155935e-02
4.159100e-02
4.162307e-02
4.165482e-02
4.168702e-02
4.171888e-02
4.175123e-02
4.178324e-02
4.181579e-02
4.184745e-02
4.188037e-02
4.191205e-02
4.194467e-02
4.197636e-02
4.200887e-02
4.204056e-02
4.207303e-02
4.210473e-02
4.213719e-02
4.216891e-02
4.220137e-02
4.223312e-02
4.226560e-02
4.229738e-02
4.232985e-02
4.236167e-02
4.239398e-02
4.242590e-02
4.245827e-02
4.249029e-02
4.252271e-02
4.255485e-02
4.258742e-02
4.261969e-02
4.265241e-02
4.268480e-02
4.271767e-02
4.275020e-02
4.278322e-02
4.281588e-02
4.284904e-02
4.288181e-02
4.291511e-02
4.294799e-02
4.298144e-02
4.301447e-02
4.304811e-02
4.308131e-02
4.311521e-02
4.314864e-02
4.318287e-02
4.321660e-02
4.325125e-02
4.328536e-02
4.332057e-02
4.335516e-02
4.339180e-02
4.342683e-02
4.346289e-02
4.349874e-02
4.353520e-02
4.357154e-02
4.360840e-02
4.364505e-02
4.368220e-02
4.371911e-02
4.375653e-02
4.379367e-02
4.383136e-02
4.386875e-02
4.390670e-02
4.394433e-02
4.398255e-02
4.402043e-02
4.405891e-02
4.409702e-02
4.413577e-02
4.417411e-02
4.421310e-02
4.425166e-02
4.429088e-02
4.432964e-02
4.436909e-02
4.440805e-02
4.444773e-02
4.448689e-02
4.452679e-02
4.456615e-02
4.460628e-02
4.464583e-02
4.468618e-02
4.472593e-02
4.476650e-02
4.480644e-02
4.484722e-02
4.488735e-02
4.492833e-02
4.496863e-02
4.500982e-02
4.505029e-02
4.509167e-02
4.513230e-02
4.517386e-02
4.521466e-02
4.525638e-02
4.529733e-02
4.533923e-02
4.538031e-02
4.542236e-02
4.546358e-02
4.550578e-02
4.554712e-02
4.558945e-02
4.563090e-02
4.567336e-02
4.571492e-02
4.575749e-02
4.579914e-02
4.584170e-02
4.588344e-02
4.592601e-02
4.596759e-02
4.601016e-02
4.605182e-02
4.609421e-02
4.613592e-02
4.617797e-02
4.621973e-02
4.626142e-02
4.630297e-02
4.634430e-02
4.638549e-02
4.642645e-02
4.646727e-02
4.650786e-02
4.654832e-02
4.658856e-02
4.662866e-02
4.666855e-02
4.670830e-02
4.674791e-02
4.678745e-02
4.682693e-02
4.686636e-02
4.690575e-02
4.694509e-02
4.698444e-02
4.702378e-02
4.706314e-02
4.710249e-02
4.714186e-02
4.718122e-02
4.722060e-02
4.725996e-02
4.729931e-02
4.733872e-02
4.737818e-02
4.741763e-02
4.745709e-02
4.749653e-02
4.753595e-02
4.757541e-02
4.761491e-02
4.765439e-02
4.769385e-02
4.773336e-02
4.777287e-02
4.781244e-02
4.785204e-02
4.789162e-02
4.793117e-02
4.797075e-02
4.801034e-02
4.804996e-02
4.808960e-02
4.812928e-02
4.816898e-02
4.820864e-02
4.824828e-02
4.828793e-02
4.832766e-02
4.836739e-02
4.840720e-02
4.844701e-02
4.848691e-02
4.852679e-02
4.856673e-02
4.860670e-02
4.864676e-02
4.868673e-02
4.872672e-02
4.876665e-02
4.880662e-02
4.884655e-02
4.888654e-02
4.892650e-02
4.896654e-02
4.900649e-02
4.904648e-02
4.908644e-02
4.912647e-02
4.916651e-02
4.920666e-02
4.924675e-02
4.928692e-02
4.932703e-02
4.936720e-02
4.940731e-02
4.944748e-02
4.948766e-02
4.952798e-02
4.956827e-02
4.960867e-02
4.964904e-02
4.968952e-02
4.972997e-02
4.977048e-02
4.981091e-02
4.985145e-02
4.989194e-02
4.993250e-02
4.997299e-02
5.001358e-02
5.005415e-02
5.009479e-02
5.013538e-02
5.017602e-02
5.021660e-02
5.025729e-02
5.029797e-02
5.033875e-02
5.037949e-02
5.042030e-02
5.046108e-02
5.050194e-02
5.054274e-02
5.058354e-02
5.062427e-02
5.066506e-02
5.070582e-02
5.074665e-02
5.078748e-02
5.082840e-02
5.086930e-02
5.091023e-02
5.095112e-02
5.099212e-02
5.103291e-02
5.107393e-02
5.111436e-02
5.115537e-02
5.119542e-02
5.123629e-02
5.127609e-02
5.131663e-02
5.135612e-02
5.139642e-02
5.143578e-02
5.147593e-02
5.151717e-02
5.155839e-02
5.159956e-02
5.164075e-02
5.168193e-02
5.172314e-02
5.176434e-02
5.180559e-02
5.184683e-02
5.188805e-02
5.192922e-02
5.197043e-02
5.201163e-02
5.205291e-02
5.209420e-02
5.213551e-02
5.217679e-02
5.221816e-02
5.225954e-02
5.230094e-02
5.234233e-02
5.238373e-02
5.242510e-02
5.246647e-02
5.250782e-02
5.254926e-02
5.259072e-02
5.263221e-02
5.267367e-02
5.271514e-02
5.275657e-02
5.279800e-02
5.283939e-02
5.288079e-02
5.292216e-02
5.296349e-02
5.300479e-02
5.304613e-02
5.308747e-02
5.312886e-02
5.317026e-02
5.321171e-02
5.325317e-02
5.329469e-02
5.333623e-02
5.337783e-02
5.341942e-02
5.346107e-02
5.350276e-02
5.354447e-02
5.358606e-02
5.362778e-02
5.366888e-02
5.371058e-02
5.375226e-02
5.379339e-02
5.383516e-02
5.387694e-02
5.391871e-02
5.396055e-02
5.400241e-02
5.404428e-02
5.408613e-02
5.412797e-02
5.416978e-02
5.421163e-02
5.425349e-02
5.429536e-02
5.433719e-02
5.437909e-02
5.442100e-02
5.446301e-02
5.450504e-02
5.454708e-02
5.458911e-02
5.463121e-02
5.467333e-02
5.471545e-02
5.475755e-02
5.479971e-02
5.484188e-02
5.488405e-02
5.492620e-02
5.496840e-02
5.501060e-02
5.505279e-02
5.509494e-02
5.513715e-02
5.517935e-02
5.522161e-02
5.526388e-02
5.530614e-02
5.534835e-02
5.539061e-02
5.543284e-02
5.547513e-02
5.551741e-02
5.555975e-02
5.560209e-02
5.564448e-02
5.568686e-02
5.572921e-02
5.577150e-02
5.581381e-02
5.585593e-02
5.589824e-02
5.594052e-02
5.598284e-02
5.602513e-02
5.606639e-02
5.610871e-02
5.615115e-02
5.619359e-02
5.623489e-02
5.627727e-02
5.631976e-02
5.636025e-02
5.640217e-02
5.644349e-02
5.648578e-02
5.652718e-02
5.656943e-02
5.661073e-02
5.665297e-02
5.669430e-02
5.673659e-02
5.677797e-02
5.682032e-02
5.686177e-02
5.690420e-02
5.694577e-02
5.698823e-02
5.702975e-02
5.707225e-02
5.711389e-02
5.715644e-02
5.719805e-02
5.724066e-02
5.728242e-02
5.732511e-02
5.736690e-02
5.740959e-02
5.745140e-02
5.749403e-02
5.753588e-02
5.757850e-02
5.762034e-02
5.766297e-02
5.770499e-02
5.774765e-02
5.778974e-02
5.783242e-02
5.787458e-02
5.791728e-02
5.795951e-02
5.800225e-02
5.804455e-02
5.808732e-02
5.812970e-02
5.817251e-02
5.821499e-02
5.825783e-02
5.830041e-02
5.834330e-02
5.838594e-02
5.842887e-02
5.847158e-02
5.851456e-02
5.855735e-02
5.860028e-02
5.864314e-02
5.868602e-02
5.872887e-02
5.877176e-02
5.881462e-02
5.885753e-02
5.890042e-02
5.894335e-02
5.898627e-02
5.902924e-02
5.907219e-02
5.911520e-02
5.915819e-02
5.920124e-02
5.924428e-02
5.928738e-02
5.933048e-02
5.937364e-02
5.941679e-02
5.945992e-02
5.950299e-02
5.954609e-02
5.958917e-02
5.963231e-02
5.967543e-02
5.971861e-02
5.976178e-02
5.980502e-02
5.984826e-02
5.989156e-02
5.993485e-02
5.997813e-02
6.002136e-02
6.006462e-02
6.010786e-02
6.015117e-02
6.019445e-02
6.023780e-02
6.028112e-02
6.032450e-02
6.036786e-02
6.041118e-02
6.045444e-02
6.049771e-02
6.054096e-02
6.058425e-02
6.062753e-02
6.067087e-02
6.071421e-02
6.075762e-02
6.080103e-02
6.084453e-02
6.088802e-02
6.093151e-02
6.097495e-02
6.101844e-02
6.106191e-02
6.110546e-02
6.114901e-02
6.119254e-02
6.123603e-02
6.127956e-02
6.132308e-02
6.136668e-02
6.141026e-02
6.145384e-02
6.149737e-02
6.154095e-02
6.158451e-02
6.162814e-02
6.167178e-02
6.171540e-02
6.175898e-02
6.180261e-02
6.184622e-02
6.188991e-02
6.193360e-02
6.197729e-02
6.202093e-02
6.206462e-02
6.210830e-02
6.215206e-02
6.219583e-02
6.223959e-02
6.228331e-02
6.232708e-02
6.237085e-02
6.241470e-02
6.245856e-02
6.250241e-02
6.254623e-02
6.259010e-02
6.263397e-02
6.267784e-02
6.272165e-02
6.276553e-02
6.280940e-02
6.285336e-02
6.289732e-02
6.294128e-02
6.298521e-02
6.302920e-02
6.307319e-02
6.311717e-02
6.316111e-02
6.320511e-02
6.324911e-02
6.329311e-02
6.333706e-02
6.338108e-02
6.342509e-02
6.346920e-02
6.351331e-02
6.355744e-02
6.360153e-02
6.364569e-02
6.368985e-02
6.373401e-02
6.377813e-02
6.382232e-02
6.386651e-02
6.391071e-02
6.395486e-02
6.399908e-02
6.404330e-02
6.408752e-02
6.413171e-02
6.417596e-02
6.422021e-02
6.426446e-02
6.430867e-02
6.435295e-02
6.439722e-02
6.444160e-02
6.448217e-02
6.452616e-02
6.457064e-02
6.461429e-02
6.465876e-02
6.470321e-02
6.474737e-02
6.478732e-02
6.482958e-02
6.487306e-02
6.491429e-02
6.495771e-02
6.500061e-02
6.504393e-02
6.508733e-02
6.513130e-02
6.517545e-02
6.522005e-02
6.526460e-02
6.530921e-02
6.535381e-02
6.539841e-02
6.544297e-02
6.548759e-02
6.553222e-02
6.557685e-02
6.562144e-02
6.566610e-02
6.571076e-02
6.575551e-02
6.580028e-02
6.584506e-02
6.588980e-02
6.593462e-02
6.597944e-02
6.602427e-02
6.606905e-02
6.611391e-02
6.615877e-02
6.620363e-02
6.624846e-02
6.629335e-02
6.633825e-02
6.638316e-02
6.642802e-02
6.647296e-02
6.651790e-02
6.656285e-02
6.660776e-02
6.665274e-02
6.669773e-02
6.674273e-02
6.678769e-02
6.683272e-02
6.687776e-02
6.692281e-02
6.696781e-02
6.701280e-02
6.705774e-02
6.710275e-02
6.714775e-02
6.719276e-02
6.723772e-02
6.728277e-02
6.732781e-02
6.737286e-02
6.741787e-02
6.746296e-02
6.750806e-02
6.755316e-02
6.759822e-02
6.764337e-02
6.768852e-02
6.773368e-02
6.777881e-02
6.782401e-02
6.786923e-02
6.791445e-02
6.795965e-02
6.800493e-02
6.805022e-02
6.809552e-02
6.814079e-02
6.818605e-02
6.823126e-02
6.827655e-02
6.832185e-02
6.836716e-02
6.841244e-02
6.845780e-02
6.850318e-02
6.854858e-02
6.859394e-02
6.863930e-02
6.868461e-02
6.873001e-02
6.877541e-02
6.882082e-02
6.886621e-02
6.891169e-02
6.895718e-02
6.900268e-02
6.904816e-02
6.909363e-02
6.913906e-02
6.918457e-02
6.923009e-02
6.927561e-02
6.932111e-02
6.936660e-02
6.941204e-02
6.945756e-02
6.950308e-02
6.954862e-02
6.959412e-02
6.963970e-02
6.968529e-02
6.973089e-02
6.977646e-02
6.982202e-02
6.986752e-02
6.991309e-02
6.995867e-02
7.000425e-02
7.004979e-02
7.009540e-02
7.014102e-02
7.018664e-02
7.023222e-02
7.027788e-02
7.032354e-02
7.036921e-02
7.041483e-02
7.046053e-02
7.050622e-02
7.055192e-02
7.059758e-02
7.064331e-02
7.068903e-02
7.073476e-02
7.078044e-02
7.082619e-02
7.087194e-02
7.091769e-02
7.096339e-02
7.100915e-02
7.105492e-02
7.110067e-02
7.114639e-02
7.119216e-02
7.123793e-02
7.128370e-02
7.132941e-02
7.137519e-02
7.142096e-02
7.146672e-02
7.151243e-02
7.155820e-02
7.160396e-02
7.164981e-02
7.169567e-02
7.174152e-02
7.178733e-02
7.183320e-02
7.187906e-02
7.192491e-02
7.197071e-02
7.201658e-02
7.206242e-02
7.210826e-02
7.215405e-02
7.219989e-02
7.224573e-02
7.229164e-02
7.233756e-02
7.238348e-02
7.242934e-02
7.247527e-02
7.252119e-02
7.256710e-02
7.261295e-02
7.265886e-02
7.270476e-02
7.275073e-02
7.279671e-02
7.284269e-02
7.288861e-02
7.293460e-02
7.298057e-02
7.302652e-02
7.307242e-02
7.311838e-02
7.316432e-02
7.321024e-02
7.325611e-02
7.330202e-02
7.334792e-02
7.339390e-02
7.343987e-02
7.348584e-02
7.353175e-02
7.357772e-02
7.362366e-02
7.366969e-02
7.371572e-02
7.376173e-02
7.380769e-02
7.385371e-02
7.389971e-02
7.394568e-02
7.399160e-02
7.403757e-02
7.408352e-02
7.412955e-02
7.417557e-02
7.422157e-02
7.426752e-02
7.431353e-02
7.435951e-02
7.440557e-02
7.445163e-02
7.449767e-02
7.454366e-02
7.458970e-02
7.463573e-02
7.468183e-02
7.472792e-02
7.477400e-02
7.482003e-02
7.486611e-02
7.491217e-02
7.495821e-02
7.500419e-02
7.505022e-02
7.509622e-02
7.514230e-02
7.518838e-02
7.523444e-02
7.528044e-02
7.532650e-02
7.537253e-02
7.541865e-02
7.546475e-02
7.551085e-02
7.555689e-02
7.560298e-02
7.564905e-02
7.569520e-02
7.574134e-02
7.578747e-02
7.583355e-02
7.587968e-02
7.592579e-02
7.597198e-02
7.601817e-02
7.606434e-02
7.611046e-02
7.615664e-02
7.620279e-02
7.624893e-02
7.629501e-02
7.634114e-02
7.638725e-02
7.643343e-02
7.647961e-02
7.652578e-02
7.657190e-02
7.661807e-02
7.666422e-02
7.671045e-02
7.675668e-02
7.680290e-02
7.684906e-02
7.689528e-02
7.694149e-02
7.698767e-02
7.703380e-02
7.707998e-02
7.712614e-02
7.717237e-02
7.721861e-02
7.726483e-02
7.731100e-02
7.735723e-02
7.740344e-02
7.744973e-02
7.749602e-02
7.754231e-02
7.758854e-02
7.763483e-02
7.768110e-02
7.772736e-02
7.777356e-02
7.781981e-02
7.786605e-02
7.791237e-02
7.795869e-02
7.800500e-02
7.805127e-02
7.809759e-02
7.814389e-02
7.819019e-02
7.823643e-02
7.828272e-02
7.832901e-02
7.837537e-02
7.842174e-02
7.846810e-02
7.851441e-02
7.856078e-02
7.860715e-02
7.865350e-02
7.869980e-02
7.874615e-02
7.879250e-02
7.883883e-02
7.888511e-02
7.893145e-02
7.897778e-02
7.902419e-02
7.907060e-02
7.911701e-02
7.916338e-02
7.920981e-02
7.925623e-02
7.930264e-02
7.934900e-02
7.939541e-02
7.944182e-02
7.948821e-02
7.953456e-02
7.958096e-02
7.962735e-02
7.967382e-02
7.972030e-02
7.976677e-02
7.981320e-02
7.985969e-02
7.990618e-02
7.995265e-02
7.999907e-02
8.004554e-02
8.009201e-02
8.013846e-02
8.018486e-02
8.023132e-02
8.027776e-02
8.032419e-02
8.037057e-02
8.041700e-02
8.046342e-02
8.050992e-02
8.055642e-02
8.060292e-02
8.064937e-02
8.069587e-02
8.074236e-02
8.078884e-02
8.083526e-02
8.088174e-02
8.092820e-02
8.097474e-02
8.102128e-02
8.106781e-02
8.111429e-02
8.116082e-02
8.120734e-02
8.125384e-02
8.130028e-02
8.134677e-02
8.139325e-02
8.143979e-02
8.148634e-02
8.153287e-02
8.157934e-02
8.162586e-02
8.167237e-02
8.171895e-02
8.176552e-02
8.181208e-02
8.185858e-02
8.190513e-02
8.195166e-02
8.199816e-02
8.204460e-02
8.209108e-02
8.213753e-02
8.218405e-02
8.223056e-02
8.227714e-02
8.232372e-02
8.237028e-02
8.241677e-02
8.246332e-02
8.250984e-02
8.255642e-02
8.260299e-02
8.264954e-02
8.269603e-02
8.274256e-02
8.278906e-02
8.283562e-02
8.288217e-02
8.292870e-02
8.297516e-02
8.302166e-02
8.306813e-02
8.311466e-02
8.316117e-02
8.320776e-02
8.325433e-02
8.330088e-02
8.334512e-02
8.339171e-02
8.343594e-02
8.348257e-02
8.352679e-02
8.357342e-02
8.361761e-02
8.366426e-02
8.370843e-02
8.375513e-02
8.379928e-02
8.384595e-02
8.389008e-02
8.393673e-02
8.398085e-02
8.402754e-02
8.407167e-02
8.411838e-02
8.416253e-02
8.420929e-02
8.425346e-02
8.430020e-02
8.434441e-02
8.438864e-02
8.443291e-02
8.447719e-02
8.452153e-02
8.456589e-02
8.461031e-02
8.465476e-02
8.470041e-02
8.474501e-02
8.478696e-02
8.483043e-02
8.487533e-02
8.491860e-02
8.496140e-02
8.500561e-02
8.504863e-02
8.509314e-02
8.513929e-02
8.518623e-02
8.523314e-02
8.528003e-02
8.532684e-02
8.537359e-02
8.542024e-02
8.546690e-02
8.551351e-02
8.556015e-02
8.560675e-02
8.565339e-02
8.570001e-02
8.574667e-02
8.579331e-02
8.584000e-02
8.588666e-02
8.593339e-02
8.597581e-02
8.602058e-02
8.606744e-02
8.611433e-02
8.616121e-02
8.620806e-02
8.625487e-02
8.630172e-02
8.634854e-02
8.639542e-02
8.644227e-02
8.648908e-02
8.653580e-02
8.658253e-02
8.662922e-02
8.667594e-02
8.672262e-02
8.676935e-02
8.681212e-02
8.685774e-02
8.690459e-02
8.695146e-02
8.699832e-02
8.704515e-02
8.709194e-02
8.713877e-02
8.718557e-02
8.723242e-02
8.727924e-02
8.732611e-02
8.737293e-02
8.741970e-02
8.746639e-02
8.751308e-02
8.755971e-02
8.760637e-02
8.764945e-02
8.769586e-02
8.773803e-02
8.778443e-02
8.783128e-02
8.787816e-02
8.792499e-02
8.797189e-02
8.801876e-02
8.806558e-02
8.811231e-02
8.815904e-02
8.820570e-02
8.825238e-02
8.829900e-02
8.834565e-02
8.838907e-02
8.843545e-02
8.847761e-02
8.852015e-02
8.856228e-02
8.860864e-02
8.865573e-02
8.870286e-02
8.874993e-02
8.879695e-02
8.884385e-02
8.889066e-02
8.893733e-02
8.898398e-02
8.902782e-02
8.907422e-02
8.911636e-02
8.915891e-02
8.920110e-02
8.924366e-02
8.928584e-02
8.932837e-02
8.937516e-02
8.942217e-02
8.946915e-02
8.951608e-02
8.956290e-02
8.960962e-02
8.965620e-02
8.970274e-02
8.974917e-02
8.979559e-02
8.984003e-02
8.988648e-02
8.992855e-02
8.997102e-02
9.001313e-02
9.005561e-02
9.009770e-02
9.014400e-02
9.019084e-02
9.023766e-02
9.028440e-02
9.033105e-02
9.037758e-02
9.042410e-02
9.047054e-02
9.051697e-02
9.056334e-02
9.060972e-02
9.065606e-02
9.070250e-02
9.074893e-02
9.079540e-02
9.084183e-02
9.088829e-02
9.093470e-02
9.098112e-02
9.102749e-02
9.107388e-02
9.112020e-02
9.116654e-02
9.121284e-02
9.125925e-02
9.130564e-02
9.135208e-02
9.139848e-02
9.144491e-02
9.149128e-02
9.153768e-02
9.158401e-02
9.163036e-02
9.167665e-02
9.172295e-02
9.176921e-02
9.181557e-02
9.186191e-02
9.190830e-02
9.195464e-02
9.200100e-02
9.204730e-02
9.209362e-02
9.213987e-02
9.218613e-02
9.223235e-02
9.227866e-02
9.232495e-02
9.237128e-02
9.241757e-02
9.246386e-02
9.251010e-02
9.255634e-02
9.260255e-02
9.264884e-02
9.267856e-02
9.271125e-02
9.274721e-02
9.278677e-02
9.281651e-02
9.284890e-02
9.288433e-02
9.291445e-02
9.294673e-02
9.298147e-02
9.301128e-02
9.304316e-02
9.307303e-02
9.310488e-02
9.313405e-02
9.316391e-02
9.319305e-02
9.322287e-02
9.325198e-02
9.328177e-02
9.331085e-02
9.334062e-02
9.336969e-02
9.339945e-02
9.342852e-02
9.345856e-02
9.348771e-02
9.351802e-02
9.354727e-02
9.357777e-02
9.360712e-02
9.363776e-02
9.366663e-02
9.369660e-02
9.372546e-02
9.375507e-02
9.378392e-02
9.381339e-02
9.384222e-02
9.387161e-02
9.390042e-02
9.392976e-02
9.395857e-02
9.398815e-02
9.401697e-02
9.404659e-02
9.407545e-02
9.410516e-02
9.413409e-02
9.416416e-02
9.419340e-02
9.422356e-02
9.425203e-02
9.428193e-02
9.431045e-02
9.434000e-02
9.436858e-02
9.439801e-02
9.442664e-02
9.445660e-02
9.448544e-02
9.451568e-02
9.454474e-02
9.457522e-02
9.460450e-02
9.463352e-02
9.466301e-02
9.469322e-02
9.472171e-02
9.475092e-02
9.477940e-02
9.480857e-02
9.483705e-02
9.486617e-02
9.489474e-02
9.492382e-02
9.495236e-02
9.498113e-02
9.500963e-02
9.503837e-02
9.506683e-02
9.509554e-02
9.512384e-02
9.515251e-02
9.518082e-02
9.520946e-02
9.523783e-02
9.526644e-02
9.529477e-02
9.532335e-02
9.535165e-02
9.538020e-02
9.540848e-02
9.543700e-02
9.546518e-02
9.549369e-02
9.552180e-02
9.555028e-02
9.557848e-02
9.560720e-02
9.563538e-02
9.566408e-02
9.569224e-02
9.572092e-02
9.574908e-02
9.577777e-02
9.580592e-02
9.583461e-02
9.586266e-02
9.589135e-02
9.591936e-02
9.594801e-02
9.597611e-02
9.600476e-02
9.603289e-02
9.606158e-02
9.608977e-02
9.611854e-02
9.614679e-02
9.617563e-02
9.620614e-02
9.623869e-02
9.627390e-02
9.631203e-02
9.635326e-02
9.639761e-02
9.644473e-02
9.649186e-02
9.653890e-02
9.658585e-02
9.663271e-02
9.667948e-02
9.672616e-02
9.677276e-02
9.681927e-02
9.686569e-02
9.691201e-02
9.695823e-02
9.700437e-02
9.705041e-02
9.709634e-02
9.714220e-02
9.718795e-02
9.723362e-02
9.727918e-02
9.732467e-02
9.737006e-02
9.741536e-02
9.746058e-02
9.750571e-02
9.755076e-02
9.759572e-02
9.764062e-02
9.768543e-02
9.773018e-02
9.777485e-02
9.781947e-02
9.786400e-02
9.790848e-02
9.795289e-02
9.799724e-02
9.804153e-02
9.808578e-02
9.812996e-02
9.817411e-02
9.821820e-02
9.826226e-02
9.830627e-02
9.835024e-02
9.839415e-02
9.843803e-02
9.848185e-02
9.852565e-02
9.856939e-02
9.861311e-02
9.865678e-02
9.870042e-02
9.874403e-02
9.878761e-02
9.883115e-02
9.887466e-02
9.891813e-02
9.896159e-02
9.900501e-02
9.904841e-02
9.909178e-02
9.913513e-02
9.917845e-02
9.922175e-02
9.926502e-02
9.930827e-02
9.935150e-02
9.939470e-02
9.943789e-02
9.948106e-02
9.952422e-02
9.956736e-02
9.961048e-02
9.965358e-02
9.969667e-02
9.973973e-02
9.978278e-02
9.982581e-02
9.986882e-02
9.991182e-02
9.995480e-02
9.999777e-02
1.000407e-01
1.000837e-01
1.001266e-01
1.001695e-01
1.002124e-01
1.002553e-01
1.002981e-01
1.003410e-01
1.003838e-01
1.004266e-01
1.004694e-01
1.005122e-01
1.005550e-01
1.005978e-01
1.006406e-01
1.006833e-01
1.007260e-01
1.007688e-01
1.008115e-01
1.008542e-01
1.008969e-01
1.009395e-01
1.009822e-01
1.010249e-01
1.010675e-01
1.011101e-01
1.011528e-01
1.011954e-01
1.012380e-01
1.012805e-01
1.013231e-01
1.013657e-01
1.014082e-01
1.014508e-01
1.014933e-01
1.015358e-01
1.015783e-01
1.016208e-01
1.016633e-01
1.017058e-01
1.017482e-01
1.017907e-01
1.018331e-01
1.018755e-01
1.019179e-01
1.019603e-01
1.020027e-01
1.020451e-01
1.020875e-01
1.021299e-01
1.021722e-01
1.022146e-01
1.022569e-01
1.022992e-01
1.023416e-01
1.023839e-01
1.024262e-01
1.024685e-01
1.025108e-01
1.025530e-01
1.025953e-01
1.026376e-01
1.026799e-01
1.027221e-01
1.027644e-01
1.028066e-01
1.028489e-01
1.028911e-01
1.029334e-01
1.029756e-01
1.030178e-01
1.030601e-01
1.031023e-01
1.031446e-01
1.031868e-01
1.032291e-01
1.032713e-01
1.033136e-01
1.033558e-01
1.033981e-01
1.034403e-01
1.034826e-01
1.035248e-01
1.035671e-01
1.036093e-01
1.036516e-01
1.036938e-01
1.037360e-01
1.037783e-01
1.038205e-01
1.038628e-01
1.039050e-01
1.039472e-01
1.039895e-01
1.040317e-01
1.040741e-01
1.041164e-01
1.041588e-01
1.042012e-01
1.042436e-01
1.042860e-01
1.043284e-01
1.043708e-01
1.044132e-01
1.044556e-01
1.044981e-01
1.045405e-01
1.045830e-01
1.046255e-01
1.046679e-01
1.047104e-01
1.047529e-01
1.047955e-01
1.048380e-01
1.048805e-01
1.049230e-01
1.049656e-01
1.050081e-01
1.050507e-01
1.050932e-01
1.051358e-01
1.051784e-01
1.052210e-01
1.052636e-01
1.053062e-01
1.053488e-01
1.053914e-01
1.054341e-01
1.054767e-01
1.055194e-01
1.055621e-01
1.056048e-01
1.056475e-01
1.056902e-01
1.057329e-01
1.057757e-01
1.058185e-01
1.058613e-01
1.059041e-01
1.059469e-01
1.059898e-01
1.060327e-01
1.060756e-01
1.061185e-01
1.061614e-01
1.062044e-01
1.062474e-01
1.062904e-01
1.063334e-01
1.063764e-01
1.064195e-01
1.064626e-01
1.065057e-01
1.065488e-01
1.065919e-01
1.066351e-01
1.066783e-01
1.067215e-01
1.067648e-01
1.068080e-01
1.068513e-01
1.068946e-01
1.069379e-01
1.069803e-01
1.070226e-01
1.070650e-01
1.071073e-01
1.071496e-01
1.071919e-01
1.072342e-01
1.072764e-01
1.073187e-01
1.073610e-01
1.074033e-01
1.074456e-01
1.074880e-01
1.075303e-01
1.075727e-01
1.076152e-01
1.076577e-01
1.077002e-01
1.077425e-01
1.077845e-01
1.078265e-01
1.078683e-01
1.079100e-01
1.079517e-01
1.079934e-01
1.080350e-01
1.080766e-01
1.081182e-01
1.081600e-01
1.082018e-01
1.082438e-01
1.082859e-01
1.083280e-01
1.083704e-01
1.084128e-01
1.084554e-01
1.084960e-01
1.085390e-01
1.085789e-01
1.086209e-01
1.086644e-01
1.087064e-01
1.087500e-01
1.087928e-01
1.088371e-01
1.088790e-01
1.089226e-01
1.089670e-01
1.090088e-01
1.090523e-01
1.090958e-01
1.091387e-01
1.091817e-01
1.092249e-01
1.092681e-01
1.093115e-01
1.093549e-01
1.093995e-01
1.094440e-01
1.094886e-01
1.095332e-01
1.095761e-01
1.096203e-01
1.096635e-01
1.097064e-01
1.097503e-01
1.097935e-01
1.098378e-01
1.098813e-01
1.099260e-01
1.099699e-01
1.100145e-01
1.100588e-01
1.101032e-01
1.101480e-01
1.101927e-01
1.102375e-01
1.102823e-01
1.103271e-01
1.103719e-01
1.104167e-01
1.104622e-01
1.105060e-01
1.105500e-01
1.105938e-01
1.106377e-01
1.106816e-01
1.107255e-01
1.107696e-01
1.108137e-01
1.108578e-01
1.109019e-01
1.109460e-01
1.109901e-01
1.110343e-01
1.110784e-01
1.111225e-01
1.111666e-01
1.112107e-01
1.112549e-01
1.112990e-01
1.113431e-01
1.113873e-01
1.114314e-01
1.114756e-01
1.115197e-01
1.115639e-01
1.116081e-01
1.116522e-01
1.116981e-01
1.117440e-01
1.117899e-01
1.118358e-01
1.118818e-01
1.119277e-01
1.119736e-01
1.120196e-01
1.120655e-01
1.121115e-01
1.121574e-01
1.122034e-01
1.122494e-01
1.122954e-01
1.123413e-01
1.123873e-01
1.124333e-01
1.124793e-01
1.125253e-01
1.125713e-01
1.126173e-01
1.126633e-01
1.127093e-01
1.127553e-01
1.128014e-01
1.128474e-01
1.128934e-01
1.129395e-01
1.129855e-01
1.130316e-01
1.130777e-01
1.131238e-01
1.131700e-01
1.132161e-01
1.132623e-01
1.133084e-01
1.133546e-01
1.134008e-01
1.134471e-01
1.134933e-01
1.135396e-01
1.135859e-01
1.136322e-01
1.136785e-01
1.137248e-01
1.137712e-01
1.138175e-01
1.138639e-01
1.139103e-01
1.139568e-01
1.140032e-01
1.140497e-01
1.140943e-01
1.141389e-01
1.141835e-01
1.142282e-01
1.142728e-01
1.143174e-01
1.143621e-01
1.144067e-01
1.144514e-01
1.144960e-01
1.145407e-01
1.145854e-01
1.146300e-01
1.146747e-01
1.147195e-01
1.147642e-01
1.148090e-01
1.148538e-01
1.148986e-01
1.149434e-01
1.149883e-01
1.150332e-01
1.150781e-01
1.151231e-01
1.151681e-01
1.152131e-01
1.152582e-01
1.153034e-01
1.153486e-01
1.153939e-01
1.154393e-01
1.154848e-01
1.155303e-01
1.155760e-01
1.156217e-01
1.156677e-01
1.157137e-01
1.157600e-01
1.158064e-01
1.158531e-01
1.159000e-01
1.159470e-01
1.159939e-01
1.160408e-01
1.160878e-01
1.161347e-01
1.161817e-01
1.162287e-01
1.162757e-01
1.163226e-01
1.163696e-01
1.164166e-01
1.164637e-01
1.165107e-01
1.165577e-01
1.166048e-01
1.166500e-01
1.166952e-01
1.167404e-01
1.167857e-01
1.168309e-01
1.168761e-01
1.169210e-01
1.169662e-01
1.170111e-01
1.170564e-01
1.171014e-01
1.171468e-01
1.171918e-01
1.172374e-01
1.172825e-01
1.173283e-01
1.173735e-01
1.174194e-01
1.174647e-01
1.175107e-01
1.175561e-01
1.176023e-01
1.176478e-01
1.176941e-01
1.177399e-01
1.177865e-01
1.178325e-01
1.178794e-01
1.179258e-01
1.179700e-01
1.180143e-01
1.180586e-01
1.181030e-01
1.181475e-01
1.181920e-01
1.182367e-01
1.182814e-01
1.183263e-01
1.183712e-01
1.184161e-01
1.184612e-01
1.185063e-01
1.185515e-01
1.185968e-01
1.186422e-01
1.186878e-01
1.187335e-01
1.187794e-01
1.188255e-01
1.188719e-01
1.189184e-01
1.189653e-01
1.190125e-01
1.190600e-01
1.191052e-01
1.191495e-01
1.191938e-01
1.192380e-01
1.192823e-01
1.193266e-01
1.193709e-01
1.194154e-01
1.194600e-01
1.195047e-01
1.195495e-01
1.195944e-01
1.196395e-01
1.196847e-01
1.197300e-01
1.197754e-01
1.198210e-01
1.198667e-01
1.199125e-01
1.199585e-01
1.200047e-01
1.200511e-01
1.200977e-01
1.201447e-01
1.201890e-01
1.202332e-01
1.202775e-01
1.203216e-01
1.203658e-01
1.204099e-01
1.204541e-01
1.204984e-01
1.205428e-01
1.205874e-01
1.206321e-01
1.206769e-01
1.207220e-01
1.207672e-01
1.208126e-01
1.208583e-01
1.209034e-01
1.209495e-01
1.209948e-01
1.210412e-01
1.210855e-01
1.211298e-01
1.211740e-01
1.212183e-01
1.212625e-01
1.213068e-01
1.213510e-01
1.213953e-01
1.214397e-01
1.214842e-01
1.215289e-01
1.215737e-01
1.216188e-01
1.216640e-01
1.217094e-01
1.217550e-01
1.218008e-01
1.218468e-01
1.218932e-01
1.219374e-01
1.219815e-01
1.220256e-01
1.220697e-01
1.221138e-01
1.221579e-01
1.222019e-01
1.222461e-01
1.222904e-01
1.223349e-01
1.223795e-01
1.224244e-01
1.224695e-01
1.225148e-01
1.225604e-01
1.226063e-01
1.226524e-01
1.226965e-01
1.227406e-01
1.227848e-01
1.228289e-01
1.228729e-01
1.229170e-01
1.229612e-01
1.230053e-01
1.230496e-01
1.230940e-01
1.231386e-01
1.231834e-01
1.232279e-01
1.232731e-01
1.233177e-01
1.233634e-01
1.234082e-01
1.234523e-01
1.234963e-01
1.235403e-01
1.235843e-01
1.236283e-01
1.236723e-01
1.237163e-01
1.237605e-01
1.238047e-01
1.238492e-01
1.238939e-01
1.239388e-01
1.239840e-01
1.240295e-01
1.240752e-01
1.241213e-01
1.241653e-01
1.242094e-01
1.242534e-01
1.242974e-01
1.243414e-01
1.243855e-01
1.244296e-01
1.244738e-01
1.245181e-01
1.245627e-01
1.246075e-01
1.246526e-01
1.246979e-01
1.247436e-01
1.247895e-01
1.248336e-01
1.248776e-01
1.249216e-01
1.249656e-01
1.250097e-01
1.250538e-01
1.250979e-01
1.251422e-01
1.251865e-01
1.252311e-01
1.252756e-01
1.253207e-01
1.253654e-01
1.254110e-01
1.254560e-01
1.255000e-01
1.255441e-01
1.255882e-01
1.256322e-01
1.256763e-01
1.257201e-01
1.257643e-01
1.258077e-01
1.258522e-01
1.258952e-01
1.259396e-01
1.259822e-01
1.260261e-01
1.260684e-01
1.261118e-01
1.261536e-01
1.261965e-01
1.262380e-01
1.262804e-01
1.263214e-01
1.263633e-01
1.264039e-01
1.264452e-01
1.264854e-01
1.265262e-01
1.265659e-01
1.266062e-01
1.266455e-01
1.266853e-01
1.267242e-01
1.267635e-01
1.268020e-01
1.268409e-01
1.268791e-01
1.269176e-01
1.269555e-01
1.269936e-01
1.270313e-01
1.270727e-01
1.271168e-01
1.271615e-01
1.272046e-01
1.272487e-01
1.272911e-01
1.273343e-01
1.273762e-01
1.274189e-01
1.274603e-01
1.275027e-01
1.275438e-01
1.275858e-01
1.276267e-01
1.276684e-01
1.277091e-01
1.277507e-01
1.277912e-01
1.278326e-01
1.278730e-01
1.279143e-01
1.279546e-01
1.279958e-01
1.280360e-01
1.280772e-01
1.281173e-01
1.281584e-01
1.281984e-01
1.282395e-01
1.282795e-01
1.283205e-01
1.283605e-01
1.284015e-01
1.284414e-01
1.284824e-01
1.285223e-01
1.285633e-01
1.286032e-01
1.286442e-01
1.286841e-01
1.287250e-01
1.287649e-01
1.288059e-01
1.288458e-01
1.288868e-01
1.289266e-01
1.289676e-01
1.290075e-01
1.290485e-01
1.290884e-01
1.291295e-01
1.291694e-01
1.292104e-01
1.292504e-01
1.292915e-01
1.293314e-01
1.293725e-01
1.294125e-01
1.294536e-01
1.294937e-01
1.295348e-01
1.295749e-01
1.296161e-01
1.296561e-01
1.296974e-01
1.297375e-01
1.297787e-01
1.298188e-01
1.298601e-01
1.299003e-01
1.299416e-01
1.299818e-01
1.300232e-01
1.300634e-01
1.301049e-01
1.301451e-01
1.301866e-01
1.302269e-01
1.302684e-01
1.303087e-01
1.303502e-01
1.303906e-01
1.304322e-01
1.304726e-01
1.305142e-01
1.305546e-01
1.305963e-01
1.306368e-01
1.306785e-01
1.307190e-01
1.307607e-01
1.308012e-01
1.308430e-01
1.308836e-01
1.309254e-01
1.309660e-01
1.310079e-01
1.310485e-01
1.310902e-01
1.311309e-01
1.311727e-01
1.312134e-01
1.312553e-01
1.312960e-01
1.313380e-01
1.313788e-01
1.314208e-01
1.314616e-01
1.315037e-01
1.315445e-01
1.315866e-01
1.316274e-01
1.316695e-01
1.317104e-01
1.317525e-01
1.317934e-01
1.318356e-01
1.318765e-01
1.319187e-01
1.319596e-01
1.320018e-01
1.320427e-01
1.320850e-01
1.321259e-01
1.321682e-01
1.322091e-01
1.322514e-01
1.322923e-01
1.323346e-01
1.323756e-01
1.324179e-01
1.324588e-01
1.325011e-01
1.325421e-01
1.325844e-01
1.326254e-01
1.326677e-01
1.327087e-01
1.327510e-01
1.327920e-01
1.328343e-01
1.328753e-01
1.329176e-01
1.329586e-01
1.330010e-01
1.330420e-01
1.330844e-01
1.331253e-01
1.331677e-01
1.332087e-01
1.332512e-01
1.332922e-01
1.333346e-01
1.333757e-01
1.334181e-01
1.334592e-01
1.335017e-01
1.335428e-01
1.335853e-01
1.336264e-01
1.336690e-01
1.337101e-01
1.337528e-01
1.337939e-01
1.338366e-01
1.338779e-01
1.339206e-01
1.339619e-01
1.340047e-01
1.340460e-01
1.340889e-01
1.341303e-01
1.341733e-01
1.342147e-01
1.342577e-01
1.342992e-01
1.343424e-01
1.343839e-01
1.344272e-01
1.344688e-01
1.345121e-01
1.345538e-01
1.345972e-01
1.346390e-01
1.346826e-01
1.347244e-01
1.347681e-01
1.348100e-01
1.348538e-01
1.348958e-01
1.349397e-01
1.349819e-01
1.350259e-01
1.350681e-01
1.351122e-01
1.351546e-01
1.351988e-01
1.352413e-01
1.352857e-01
1.353283e-01
1.353728e-01
1.354155e-01
1.354601e-01
1.355029e-01
1.355476e-01
1.355905e-01
1.356325e-01
1.356738e-01
1.357164e-01
1.357583e-01
1.358018e-01
1.358442e-01
1.358885e-01
1.359315e-01
1.359767e-01
1.360203e-01
1.360656e-01
1.361098e-01
1.361551e-01
1.362004e-01
1.362457e-01
1.362910e-01
1.363364e-01
1.363818e-01
1.364272e-01
1.364726e-01
1.365180e-01
1.365634e-01
1.366089e-01
1.366543e-01
1.366998e-01
1.367452e-01
1.367907e-01
1.368362e-01
1.368818e-01
1.369273e-01
1.369729e-01
1.370184e-01
1.370640e-01
1.371096e-01
1.371553e-01
1.372009e-01
1.372466e-01
1.372922e-01
1.373379e-01
1.373836e-01
1.374294e-01
1.374751e-01
1.375208e-01
1.375666e-01
1.376124e-01
1.376581e-01
1.377040e-01
1.377498e-01
1.377956e-01
1.378412e-01
1.378871e-01
1.379322e-01
1.379781e-01
1.380227e-01
1.380686e-01
1.381128e-01
1.381582e-01
1.382019e-01
1.382467e-01
1.382900e-01
1.383342e-01
1.383772e-01
1.384213e-01
1.384640e-01
1.385099e-01
1.385558e-01
1.386001e-01
1.386432e-01
1.386884e-01
1.387321e-01
1.387781e-01
1.388225e-01
1.388685e-01
1.389138e-01
1.389597e-01
1.390056e-01
1.390516e-01
1.390976e-01
1.391435e-01
1.391895e-01
1.392354e-01
1.392814e-01
1.393274e-01
1.393733e-01
1.394193e-01
1.394653e-01
1.395113e-01
1.395572e-01
1.396032e-01
1.396492e-01
1.396952e-01
1.397411e-01
1.397871e-01
1.398331e-01
1.398791e-01
1.399251e-01
1.399711e-01
1.400170e-01
1.400631e-01
1.401058e-01
1.401498e-01
1.401951e-01
1.402388e-01
1.402836e-01
1.403296e-01
1.403728e-01
1.404170e-01
1.404603e-01
1.405046e-01
1.405479e-01
1.405922e-01
1.406355e-01
1.406798e-01
1.407231e-01
1.407674e-01
1.408107e-01
1.408550e-01
1.408984e-01
1.409427e-01
1.409860e-01
1.410303e-01
1.410736e-01
1.411179e-01
1.411613e-01
1.412056e-01
1.412489e-01
1.412932e-01
1.413365e-01
1.413808e-01
1.414242e-01
1.414685e-01
1.415118e-01
1.415561e-01
1.415994e-01
1.416437e-01
1.416870e-01
1.417313e-01
1.417747e-01
1.418190e-01
1.418623e-01
1.419066e-01
1.419499e-01
1.419942e-01
1.420375e-01
1.420818e-01
1.421251e-01
1.421694e-01
1.422128e-01
1.422570e-01
1.423004e-01
1.423446e-01
1.423880e-01
1.424322e-01
1.424756e-01
1.425198e-01
1.425632e-01
1.426074e-01
1.426508e-01
1.426950e-01
1.427383e-01
1.427826e-01
1.428259e-01
1.428701e-01
1.429135e-01
1.429577e-01
1.430010e-01
1.430452e-01
1.430886e-01
1.431328e-01
1.431761e-01
1.432203e-01
1.432654e-01
1.433115e-01
1.433548e-01
1.433990e-01
1.434440e-01
1.434901e-01
1.435334e-01
1.435775e-01
1.436207e-01
1.436652e-01
1.437109e-01
1.437552e-01
1.438006e-01
1.438471e-01
1.438908e-01
1.439358e-01
1.439796e-01
1.440246e-01
1.440685e-01
1.441135e-01
1.441574e-01
1.442025e-01
1.442465e-01
1.442916e-01
1.443355e-01
1.443807e-01
1.444246e-01
1.444697e-01
1.445137e-01
1.445588e-01
1.446028e-01
1.446479e-01
1.446919e-01
1.447370e-01
1.447810e-01
1.448260e-01
1.448700e-01
1.449151e-01
1.449590e-01
1.450040e-01
1.450480e-01
1.450930e-01
1.451369e-01
1.451819e-01
1.452258e-01
1.452707e-01
1.453146e-01
1.453595e-01
1.454034e-01
1.454482e-01
1.454921e-01
1.455369e-01
1.455808e-01
1.456255e-01
1.456693e-01
1.457141e-01
1.457579e-01
1.458026e-01
1.458463e-01
1.458910e-01
1.459347e-01
1.459794e-01
1.460231e-01
1.460677e-01
1.461114e-01
1.461559e-01
1.461996e-01
1.462442e-01
1.462878e-01
1.463323e-01
1.463760e-01
1.464205e-01
1.464641e-01
1.465085e-01
1.465522e-01
1.465966e-01
1.466402e-01
1.466847e-01
1.467283e-01
1.467727e-01
1.468163e-01
1.468607e-01
1.469043e-01
1.469487e-01
1.469923e-01
1.470367e-01
1.470803e-01
1.471247e-01
1.471683e-01
1.472127e-01
1.472564e-01
1.473007e-01
1.473444e-01
1.473888e-01
1.474325e-01
1.474806e-01
1.475326e-01
1.475848e-01
1.476370e-01
1.476892e-01
1.477415e-01
1.477938e-01
1.478461e-01
1.478985e-01
1.479509e-01
1.480033e-01
1.480558e-01
1.481082e-01
1.481607e-01
1.482132e-01
1.482658e-01
1.483183e-01
1.483708e-01
1.484233e-01
1.484702e-01
1.485172e-01
1.485643e-01
1.486114e-01
1.486586e-01
1.487058e-01
1.487530e-01
1.488003e-01
1.488475e-01
1.488948e-01
1.489421e-01
1.489893e-01
1.490366e-01
1.490838e-01
1.491311e-01
1.491783e-01
1.492255e-01
1.492728e-01
1.493200e-01
1.493672e-01
1.494144e-01
1.494616e-01
1.495089e-01
1.495561e-01
1.496033e-01
1.496505e-01
1.496977e-01
1.497449e-01
1.497921e-01
1.498393e-01
1.498865e-01
1.499337e-01
1.499809e-01
1.500281e-01
1.500753e-01
1.501225e-01
1.501698e-01
1.502170e-01
1.502643e-01
1.503115e-01
1.503588e-01
1.504061e-01
1.504534e-01
1.505008e-01
1.505482e-01
1.505956e-01
1.506430e-01
1.506904e-01
1.507379e-01
1.507855e-01
1.508331e-01
1.508808e-01
1.509285e-01
1.509763e-01
1.510242e-01
1.510721e-01
1.511202e-01
1.511683e-01
1.512165e-01
1.512648e-01
1.513133e-01
1.513619e-01
1.514107e-01
1.514597e-01
1.515089e-01
1.515584e-01
1.516082e-01
1.516583e-01
1.517089e-01
1.517599e-01
1.518117e-01
1.518638e-01
1.519165e-01
1.519476e-01
1.519807e-01
1.520160e-01
1.520529e-01
1.520812e-01
1.521123e-01
1.521406e-01
1.521713e-01
1.522038e-01
1.522384e-01
1.522671e-01
1.522975e-01
1.523295e-01
1.523634e-01
1.523926e-01
1.524234e-01
1.524558e-01
1.524867e-01
1.525193e-01
1.525539e-01
1.525849e-01
1.526180e-01
1.526522e-01
1.526851e-01
1.527192e-01
1.527547e-01
1.527892e-01
1.528252e-01
1.528610e-01
1.528980e-01
1.529271e-01
1.529591e-01
1.529884e-01
1.530199e-01
1.530494e-01
1.530807e-01
1.531106e-01
1.531420e-01
1.531752e-01
1.532066e-01
1.532397e-01
1.532748e-01
1.533062e-01
1.533396e-01
1.533753e-01
1.534086e-01
1.534426e-01
1.534777e-01
1.535141e-01
1.535496e-01
1.535867e-01
1.536255e-01
1.536635e-01
1.536961e-01
1.537255e-01
1.537552e-01
1.537850e-01
1.538174e-01
1.538476e-01
1.538802e-01
1.539106e-01
1.539430e-01
1.539767e-01
1.540123e-01
1.540434e-01
1.540766e-01
1.541114e-01
1.541474e-01
1.541803e-01
1.542148e-01
1.542509e-01
1.542883e-01
1.543246e-01
1.543626e-01
1.544001e-01
1.544390e-01
1.544688e-01
1.544989e-01
1.545291e-01
1.545595e-01
1.545900e-01
1.546208e-01
1.546516e-01
1.546841e-01
1.547153e-01
1.547496e-01
1.547873e-01
1.548288e-01
1.548610e-01
1.548950e-01
1.549313e-01
1.549699e-01
1.550038e-01
1.550392e-01
1.550758e-01
1.551136e-01
1.551502e-01
1.551882e-01
1.552274e-01
1.552664e-01
1.553066e-01
1.553468e-01
1.553774e-01
1.554083e-01
1.554391e-01
1.554703e-01
1.555013e-01
1.555327e-01
1.555640e-01
1.555956e-01
1.556272e-01
1.556590e-01
1.556908e-01
1.557258e-01
1.557578e-01
1.557931e-01
1.558319e-01
1.558746e-01
1.559216e-01
1.559690e-01
1.560167e-01
1.560645e-01
1.561126e-01
1.561609e-01
1.562094e-01
1.562551e-01
1.563007e-01
1.563464e-01
1.563921e-01
1.564378e-01
1.564836e-01
1.565293e-01
1.565751e-01
1.566209e-01
1.566666e-01
1.567125e-01
1.567583e-01
1.568042e-01
1.568502e-01
1.568964e-01
1.569429e-01
1.569897e-01
1.570368e-01
1.570844e-01
1.571324e-01
1.571806e-01
1.572292e-01
1.572778e-01
1.573266e-01
1.573752e-01
1.574240e-01
1.574727e-01
1.575216e-01
1.575703e-01
1.576193e-01
1.576680e-01
1.577171e-01
1.577649e-01
1.578137e-01
1.578615e-01
1.579104e-01
1.579582e-01
1.580065e-01
1.580544e-01
1.581027e-01
1.581505e-01
1.581989e-01
1.582467e-01
1.582950e-01
1.583429e-01
1.583887e-01
1.584346e-01
1.584804e-01
1.585262e-01
1.585721e-01
1.586179e-01
1.586637e-01
1.587096e-01
1.587554e-01
1.588012e-01
1.588321e-01
1.588641e-01
1.588972e-01
1.589315e-01
1.589628e-01
1.589949e-01
1.590279e-01
1.590598e-01
1.590929e-01
1.591251e-01
1.591585e-01
1.591913e-01
1.592256e-01
1.592592e-01
1.592947e-01
1.593284e-01
1.593643e-01
1.594025e-01
1.594372e-01
1.594746e-01
1.595145e-01
1.595536e-01
1.595946e-01
1.596291e-01
1.596663e-01
1.597063e-01
1.597504e-01
1.597988e-01
1.598465e-01
1.598943e-01
1.599420e-01
1.599896e-01
1.600374e-01
1.600851e-01
1.601330e-01
1.601807e-01
1.602288e-01
1.602771e-01
1.603252e-01
1.603736e-01
1.604194e-01
1.604652e-01
1.605004e-01
1.605376e-01
1.605767e-01
1.606179e-01
1.606543e-01
1.606922e-01
1.607319e-01
1.607622e-01
1.607930e-01
1.608244e-01
1.608551e-01
1.608860e-01
1.609169e-01
1.609482e-01
1.609794e-01
1.610109e-01
1.610422e-01
1.610739e-01
1.611054e-01
1.611373e-01
1.611689e-01
1.612009e-01
1.612327e-01
1.612649e-01
1.612969e-01
1.613293e-01
1.613614e-01
1.613940e-01
1.614263e-01
1.614616e-01
1.614961e-01
1.615316e-01
1.615664e-01
1.616023e-01
1.616374e-01
1.616738e-01
1.617093e-01
1.617463e-01
1.617823e-01
1.618199e-01
1.618564e-01
1.618949e-01
1.619321e-01
1.619703e-01
1.620093e-01
1.620489e-01
1.620876e-01
1.621273e-01
1.621680e-01
1.622084e-01
1.622497e-01
1.622910e-01
1.623323e-01
1.623747e-01
1.624167e-01
1.624598e-01
1.624952e-01
1.625317e-01
1.625696e-01
1.626091e-01
1.626452e-01
1.626825e-01
1.627213e-01
1.627616e-01
1.627984e-01
1.628371e-01
1.628777e-01
1.629201e-01
1.629578e-01
1.629981e-01
1.630408e-01
1.630805e-01
1.631211e-01
1.631629e-01
1.632035e-01
1.632452e-01
1.632867e-01
1.633292e-01
1.633715e-01
1.634148e-01
1.634579e-01
1.635021e-01
1.635452e-01
1.635878e-01
1.636320e-01
1.636774e-01
1.637222e-01
1.637675e-01
1.638137e-01
1.638482e-01
1.638861e-01
1.639279e-01
1.639586e-01
1.639903e-01
1.640198e-01
1.640521e-01
1.640818e-01
1.641125e-01
1.641448e-01
1.641787e-01
1.642087e-01
1.642403e-01
1.642738e-01
1.643094e-01
1.643473e-01
1.643879e-01
1.644312e-01
1.644770e-01
1.645246e-01
1.645721e-01
1.646197e-01
1.646673e-01
1.647150e-01
1.647629e-01
1.648110e-01
1.648591e-01
1.649077e-01
1.649372e-01
1.649672e-01
1.649964e-01
1.650254e-01
1.650547e-01
1.650837e-01
1.651129e-01
1.651419e-01
1.651711e-01
1.652001e-01
1.652293e-01
1.652583e-01
1.652875e-01
1.653165e-01
1.653457e-01
1.653746e-01
1.654038e-01
1.654328e-01
1.654620e-01
1.654918e-01
1.655210e-01
1.655507e-01
1.655811e-01
1.656110e-01
1.656420e-01
1.656721e-01
1.657035e-01
1.657342e-01
1.657635e-01
1.657934e-01
1.658240e-01
1.658530e-01
1.658827e-01
1.659129e-01
1.659423e-01
1.659722e-01
1.660028e-01
1.660319e-01
1.660616e-01
1.660919e-01
1.661228e-01
1.661545e-01
1.661871e-01
1.662188e-01
1.662517e-01
1.662859e-01
1.663214e-01
1.663538e-01
1.663872e-01
1.664220e-01
1.664582e-01
1.664908e-01
1.665204e-01
1.665505e-01
1.665812e-01
1.666105e-01
1.666402e-01
1.666695e-01
1.666990e-01
1.667282e-01
1.667577e-01
1.667869e-01
1.668166e-01
1.668458e-01
1.668753e-01
1.669045e-01
1.669340e-01
1.669632e-01
1.669938e-01
1.670252e-01
1.670573e-01
1.670895e-01
1.671229e-01
1.671578e-01
1.671939e-01
1.672265e-01
1.672604e-01
1.672954e-01
1.673293e-01
1.673646e-01
1.674013e-01
1.674327e-01
1.674653e-01
1.674992e-01
1.675339e-01
1.675698e-01
1.676069e-01
1.676384e-01
1.676712e-01
1.677054e-01
1.677383e-01
1.677726e-01
1.678084e-01
1.678412e-01
1.678754e-01
1.679065e-01
1.679393e-01
1.679735e-01
1.680093e-01
1.680407e-01
1.680734e-01
1.681075e-01
1.681425e-01
1.681787e-01
1.682162e-01
1.682477e-01
1.682806e-01
1.683148e-01
1.683477e-01
1.683821e-01
1.684180e-01
1.684509e-01
1.684853e-01
1.685166e-01
1.685495e-01
1.685839e-01
1.686201e-01
1.686515e-01
1.686843e-01
1.687187e-01
1.687539e-01
1.687903e-01
1.688282e-01
1.688598e-01
1.688927e-01
1.689271e-01
1.689601e-01
1.689946e-01
1.690308e-01
1.690638e-01
1.690984e-01
1.691296e-01
1.691627e-01
1.691972e-01
1.692334e-01
1.692649e-01
1.692977e-01
1.693318e-01
1.693677e-01
1.693994e-01
1.694324e-01
1.694644e-01
1.694977e-01
1.695301e-01
1.695637e-01
1.695989e-01
1.696324e-01
1.696674e-01
1.697037e-01
1.697351e-01
1.697683e-01
1.698030e-01
1.698379e-01
1.698741e-01
1.699119e-01
1.699434e-01
1.699760e-01
1.700098e-01
1.700449e-01
1.700766e-01
1.701096e-01
1.701418e-01
1.701753e-01
1.702080e-01
1.702421e-01
1.702752e-01
1.703097e-01
1.703410e-01
1.703741e-01
1.704055e-01
1.704384e-01
1.704697e-01
1.705025e-01
1.705368e-01
1.705692e-01
1.706028e-01
1.706377e-01
1.706695e-01
1.707026e-01
1.707349e-01
1.707685e-01
1.708012e-01
1.708354e-01
1.708685e-01
1.709030e-01
1.709343e-01
1.709642e-01
1.709947e-01
1.710247e-01
1.710553e-01
1.710866e-01
1.711164e-01
1.711463e-01
1.711760e-01
1.712059e-01
1.712355e-01
1.712654e-01
1.712951e-01
1.713250e-01
1.713547e-01
1.713846e-01
1.714151e-01
1.714485e-01
1.714834e-01
1.715197e-01
1.715509e-01
1.715846e-01
1.716158e-01
1.716486e-01
1.716829e-01
1.717190e-01
1.717503e-01
1.717830e-01
1.718146e-01
1.718475e-01
1.718793e-01
1.719124e-01
1.719468e-01
1.719797e-01
1.720138e-01
1.720494e-01
1.720818e-01
1.721155e-01
1.721506e-01
1.721840e-01
1.722186e-01
1.722545e-01
1.722856e-01
1.723181e-01
1.723521e-01
1.723841e-01
1.724175e-01
1.724525e-01
1.724838e-01
1.725162e-01
1.725478e-01
1.725807e-01
1.726126e-01
1.726457e-01
1.726779e-01
1.727114e-01
1.727462e-01
1.727794e-01
1.728136e-01
1.728494e-01
1.728803e-01
1.729128e-01
1.729467e-01
1.729814e-01
1.730171e-01
1.730545e-01
1.730855e-01
1.731178e-01
1.731492e-01
1.731818e-01
1.732134e-01
1.732463e-01
1.732782e-01
1.733113e-01
1.733458e-01
1.733787e-01
1.734126e-01
1.734481e-01
1.734788e-01
1.735110e-01
1.735446e-01
1.735787e-01
1.736140e-01
1.736507e-01
1.736815e-01
1.737135e-01
1.737467e-01
1.737815e-01
1.738126e-01
1.738450e-01
1.738766e-01
1.739094e-01
1.739414e-01
1.739747e-01
1.740070e-01
1.740406e-01
1.740710e-01
1.741012e-01
1.741317e-01
1.741619e-01
1.741918e-01
1.742219e-01
1.742525e-01
1.742827e-01
1.743134e-01
1.743436e-01
1.743743e-01
1.744045e-01
1.744352e-01
1.744654e-01
1.744961e-01
1.745262e-01
1.745569e-01
1.745871e-01
1.746174e-01
1.746475e-01
1.746783e-01
1.747097e-01
1.747401e-01
1.747721e-01
1.748055e-01
1.748371e-01
1.748677e-01
1.748995e-01
1.749304e-01
1.749625e-01
1.749935e-01
1.750258e-01
1.750570e-01
1.750873e-01
1.751182e-01
1.751497e-01
1.751797e-01
1.752103e-01
1.752406e-01
1.752709e-01
1.753011e-01
1.753326e-01
1.753626e-01
1.753932e-01
1.754235e-01
1.754538e-01
1.754843e-01
1.755159e-01
1.755459e-01
1.755764e-01
1.756064e-01
1.756370e-01
1.756671e-01
1.756977e-01
1.757290e-01
1.757593e-01
1.757903e-01
1.758220e-01
1.758521e-01
1.758836e-01
1.759162e-01
1.759503e-01
1.759805e-01
1.760121e-01
1.760425e-01
1.760743e-01
1.761048e-01
1.761367e-01
1.761673e-01
1.761992e-01
1.762294e-01
1.762601e-01
1.762915e-01
1.763236e-01
1.763538e-01
1.763846e-01
1.764149e-01
1.764457e-01
1.764772e-01
1.765095e-01
1.765398e-01
1.765708e-01
1.766027e-01
1.766336e-01
1.766655e-01
1.766967e-01
1.767267e-01
1.767572e-01
1.767884e-01
1.768188e-01
1.768490e-01
1.768794e-01
1.769104e-01
1.769409e-01
1.769711e-01
1.770018e-01
1.770321e-01
1.770629e-01
1.770935e-01
1.771250e-01
1.771556e-01
1.771870e-01
1.772173e-01
1.772483e-01
1.772787e-01
1.773097e-01
1.773405e-01
1.773713e-01
1.774022e-01
1.774331e-01
1.774640e-01
1.774951e-01
1.775261e-01
1.775573e-01
1.775885e-01
1.776199e-01
1.776512e-01
1.776829e-01
1.777139e-01
1.777460e-01
1.777774e-01
1.778100e-01
1.778416e-01
1.778744e-01
1.779085e-01
1.779446e-01
1.779836e-01
1.780256e-01
1.780707e-01
1.781185e-01
1.781673e-01
1.782162e-01
1.782650e-01
1.783138e-01
1.783626e-01
1.784114e-01
1.784602e-01
1.785090e-01
1.785577e-01
1.786065e-01
1.786552e-01
1.787040e-01
1.787527e-01
1.788015e-01
1.788503e-01
1.788991e-01
1.789479e-01
1.789967e-01
1.790455e-01
1.790943e-01
1.791432e-01
1.791920e-01
1.792409e-01
1.792898e-01
1.793386e-01
1.793875e-01
1.794365e-01
1.794854e-01
1.795343e-01
1.795832e-01
1.796322e-01
1.796812e-01
1.797301e-01
1.797791e-01
1.798281e-01
1.798771e-01
1.799261e-01
1.799751e-01
1.800241e-01
1.800732e-01
1.801222e-01
1.801712e-01
1.802203e-01
1.802694e-01
1.803184e-01
1.803675e-01
1.804166e-01
1.804657e-01
1.805148e-01
1.805639e-01
1.806130e-01
1.806622e-01
1.807109e-01
1.807600e-01
1.808082e-01
1.808573e-01
1.809053e-01
1.809540e-01
1.810017e-01
1.810502e-01
1.810976e-01
1.811458e-01
1.811931e-01
1.812412e-01
1.812884e-01
1.813364e-01
1.813835e-01
1.814314e-01
1.814784e-01
1.815262e-01
1.815731e-01
1.816216e-01
1.816684e-01
1.817160e-01
1.817629e-01
1.818106e-01
1.818574e-01
1.819051e-01
1.819519e-01
1.819995e-01
1.820463e-01
1.820939e-01
1.821406e-01
1.821881e-01
1.822348e-01
1.822823e-01
1.823289e-01
1.823764e-01
1.824230e-01
1.824704e-01
1.825170e-01
1.825644e-01
1.826110e-01
1.826584e-01
1.827049e-01
1.827523e-01
1.827988e-01
1.828462e-01
1.828926e-01
1.829399e-01
1.829862e-01
1.830334e-01
1.830797e-01
1.831270e-01
1.831732e-01
1.832204e-01
1.832666e-01
1.833137e-01
1.833598e-01
1.834068e-01
1.834530e-01
1.835000e-01
1.835461e-01
1.835931e-01
1.836391e-01
1.836860e-01
1.837320e-01
1.837789e-01
1.838248e-01
1.838717e-01
1.839177e-01
1.839645e-01
1.840104e-01
1.840571e-01
1.841029e-01
1.841497e-01
1.841955e-01
1.842422e-01
1.842880e-01
1.843347e-01
1.843804e-01
1.844270e-01
1.844726e-01
1.845192e-01
1.845649e-01
1.846115e-01
1.846571e-01
1.847036e-01
1.847492e-01
1.847956e-01
1.848411e-01
1.848876e-01
1.849330e-01
1.849795e-01
1.850250e-01
1.850714e-01
1.851169e-01
1.851633e-01
1.852087e-01
1.852550e-01
1.853003e-01
1.853466e-01
1.853920e-01
1.854383e-01
1.854836e-01
1.855299e-01
1.855753e-01
1.856216e-01
1.856670e-01
1.857133e-01
1.857585e-01
1.858047e-01
1.858500e-01
1.858962e-01
1.859414e-01
1.859876e-01
1.860328e-01
1.860791e-01
1.861243e-01
1.861705e-01
1.862156e-01
1.862617e-01
1.863069e-01
1.863529e-01
1.863981e-01
1.864442e-01
1.864893e-01
1.865354e-01
1.865806e-01
1.866267e-01
1.866718e-01
1.867178e-01
1.867628e-01
1.868089e-01
1.868539e-01
1.869000e-01
1.869450e-01
1.869911e-01
1.870362e-01
1.870823e-01
1.871273e-01
1.871733e-01
1.872183e-01
1.872643e-01
1.873094e-01
1.873554e-01
1.874005e-01
1.874465e-01
1.874916e-01
1.875377e-01
1.875827e-01
1.876287e-01
1.876737e-01
1.877197e-01
1.877647e-01
1.878109e-01
1.878563e-01
1.879030e-01
1.879487e-01
1.879957e-01
1.880417e-01
1.880890e-01
1.881352e-01
1.881826e-01
1.882290e-01
1.882767e-01
1.883232e-01
1.883711e-01
1.884177e-01
1.884658e-01
1.885126e-01
1.885609e-01
1.886079e-01
1.886562e-01
1.887031e-01
1.887516e-01
1.887986e-01
1.888471e-01
1.888940e-01
1.889424e-01
1.889893e-01
1.890376e-01
1.890843e-01
1.891322e-01
1.891786e-01
1.892261e-01
1.892722e-01
1.893193e-01
1.893650e-01
1.894117e-01
1.894570e-01
1.895033e-01
1.895484e-01
1.895944e-01
1.896393e-01
1.896852e-01
1.897300e-01
1.897758e-01
1.898205e-01
1.898668e-01
1.899114e-01
1.899577e-01
1.900022e-01
1.900485e-01
1.900931e-01
1.901387e-01
1.901835e-01
1.902299e-01
1.902747e-01
1.903204e-01
1.903653e-01
1.904118e-01
1.904567e-01
1.905025e-01
1.905475e-01
1.905942e-01
1.906392e-01
1.906859e-01
1.907309e-01
1.907770e-01
1.908223e-01
1.908692e-01
1.909145e-01
1.909607e-01
1.910061e-01
1.910532e-01
1.910985e-01
1.911449e-01
1.911904e-01
1.912376e-01
1.912831e-01
1.913303e-01
1.913759e-01
1.914232e-01
1.914689e-01
1.915156e-01
1.915615e-01
1.916090e-01
1.916549e-01
1.917024e-01
1.917484e-01
1.917960e-01
1.918421e-01
1.918899e-01
1.919361e-01
1.919832e-01
1.920295e-01
1.920775e-01
1.921239e-01
1.921718e-01
1.922182e-01
1.922663e-01
1.923128e-01
1.923609e-01
1.924075e-01
1.924557e-01
1.925024e-01
1.925507e-01
1.925975e-01
1.926459e-01
1.926928e-01
1.927413e-01
1.927883e-01
1.928368e-01
1.928839e-01
1.929320e-01
1.929796e-01
1.930283e-01
1.930764e-01
1.931257e-01
1.931744e-01
1.932242e-01
1.932731e-01
1.933233e-01
1.933725e-01
1.934230e-01
1.934726e-01
1.935230e-01
1.935728e-01
1.936241e-01
1.936747e-01
1.937262e-01
1.937775e-01
1.938275e-01
1.938790e-01
1.939305e-01
1.939821e-01
1.940337e-01
1.940853e-01
1.941369e-01
1.941885e-01
1.942401e-01
1.942917e-01
1.943434e-01
1.943950e-01
1.944467e-01
1.944984e-01
1.945501e-01
1.946018e-01
1.946536e-01
1.947053e-01
1.947571e-01
1.948089e-01
1.948607e-01
1.949125e-01
1.949643e-01
1.950161e-01
1.950680e-01
1.951198e-01
1.951717e-01
1.952236e-01
1.952755e-01
1.953275e-01
1.953794e-01
1.954314e-01
1.954833e-01
1.955353e-01
1.955873e-01
1.956393e-01
1.956914e-01
1.957434e-01
1.957955e-01
1.958475e-01
1.958996e-01
1.959517e-01
1.960038e-01
1.960560e-01
1.961081e-01
1.961598e-01
1.962120e-01
1.962632e-01
1.963154e-01
1.963662e-01
1.964181e-01
1.964686e-01
1.965201e-01
1.965703e-01
1.966213e-01
1.966712e-01
1.967218e-01
1.967714e-01
1.968216e-01
1.968710e-01
1.969208e-01
1.969699e-01
1.970194e-01
1.970683e-01
1.971175e-01
1.971663e-01
1.972152e-01
1.972639e-01
1.973163e-01
1.973687e-01
1.974211e-01
1.974735e-01
1.975259e-01
1.975780e-01
1.976305e-01
1.976824e-01
1.977320e-01
1.977815e-01
1.978321e-01
1.978822e-01
1.979337e-01
1.979847e-01
1.980372e-01
1.980894e-01
1.981419e-01
1.981944e-01
1.982470e-01
1.982995e-01
1.983521e-01
1.984046e-01
1.984572e-01
1.985098e-01
1.985624e-01
1.986150e-01
1.986675e-01
1.987201e-01
1.987727e-01
1.988253e-01
1.988780e-01
1.989306e-01
1.989832e-01
1.990358e-01
1.990885e-01
1.991411e-01
1.991937e-01
1.992464e-01
1.992991e-01
1.993517e-01
1.994044e-01
1.994571e-01
1.995097e-01
1.995624e-01
1.996151e-01
1.996678e-01
1.997205e-01
1.997732e-01
1.998259e-01
1.998787e-01
1.999314e-01
1.999841e-01
2.000368e-01
2.000896e-01
2.001423e-01
