#   1 : Date        
# Date        
0.000000e+00
1.807392e-05
2.865299e-05
3.680825e-05
4.331462e-05
4.906367e-05
5.538763e-05
6.204872e-05
6.795979e-05
7.446196e-05
8.161436e-05
8.947053e-05
9.702468e-05
1.053342e-04
1.143002e-04
1.241628e-04
1.337027e-04
1.436480e-04
1.545879e-04
1.657374e-04
1.769297e-04
1.886124e-04
2.010176e-04
2.132284e-04
2.257171e-04
2.388127e-04
2.521957e-04
2.655017e-04
2.797183e-04
2.939297e-04
3.084532e-04
3.235230e-04
3.388720e-04
3.545256e-04
3.707045e-04
3.871136e-04
4.039712e-04
4.213429e-04
4.389057e-04
4.566041e-04
4.748726e-04
4.934284e-04
5.123968e-04
5.317204e-04
5.513472e-04
5.713195e-04
5.916317e-04
6.121877e-04
6.330631e-04
6.541431e-04
6.756129e-04
6.973298e-04
7.193540e-04
7.416524e-04
7.642145e-04
7.870888e-04
8.102207e-04
8.336410e-04
8.572999e-04
8.811975e-04
9.052984e-04
9.296850e-04
9.542344e-04
9.790738e-04
1.004107e-03
1.029433e-03
1.054937e-03
1.080786e-03
1.106828e-03
1.133123e-03
1.159624e-03
1.186464e-03
1.213485e-03
1.240745e-03
1.268213e-03
1.295923e-03
1.323861e-03
1.352053e-03
1.380427e-03
1.409065e-03
1.437917e-03
1.467083e-03
1.496472e-03
1.526126e-03
1.555964e-03
1.586157e-03
1.616605e-03
1.647009e-03
1.677870e-03
1.709049e-03
1.740375e-03
1.756400e-03
1.773036e-03
1.790619e-03
1.806181e-03
1.821571e-03
1.837026e-03
1.852598e-03
1.868381e-03
1.884423e-03
1.899565e-03
1.914526e-03
1.929493e-03
1.944560e-03
1.959770e-03
1.974689e-03
1.989675e-03
2.004444e-03
2.019294e-03
2.034288e-03
2.049431e-03
2.064351e-03
2.079363e-03
2.094150e-03
2.109054e-03
2.124130e-03
2.139408e-03
2.154892e-03
2.169719e-03
2.184655e-03
2.199726e-03
2.214978e-03
2.230442e-03
2.245378e-03
2.260413e-03
2.275573e-03
2.290877e-03
2.306366e-03
2.322065e-03
2.337232e-03
2.352513e-03
2.367926e-03
2.383485e-03
2.399228e-03
2.415179e-03
2.430611e-03
2.446166e-03
2.461857e-03
2.477697e-03
2.493722e-03
2.509956e-03
2.525693e-03
2.541560e-03
2.557565e-03
2.573721e-03
2.590060e-03
2.606571e-03
2.623213e-03
2.639996e-03
2.656360e-03
2.672876e-03
2.689572e-03
2.706474e-03
2.723530e-03
2.740520e-03
2.757642e-03
2.774905e-03
2.792314e-03
2.809877e-03
2.827251e-03
2.844895e-03
2.862239e-03
2.879714e-03
2.897323e-03
2.914932e-03
2.932804e-03
2.950842e-03
2.969029e-03
2.986748e-03
3.004590e-03
3.022561e-03
3.040661e-03
3.058893e-03
3.077258e-03
3.095757e-03
3.114243e-03
3.133014e-03
3.151922e-03
3.170970e-03
3.190157e-03
3.209485e-03
3.228793e-03
3.248407e-03
3.268166e-03
3.288076e-03
3.307387e-03
3.327138e-03
3.347499e-03
3.368022e-03
3.388705e-03
3.409556e-03
3.429789e-03
3.450611e-03
3.471993e-03
3.493575e-03
3.513790e-03
3.534473e-03
3.555798e-03
3.578170e-03
3.598425e-03
3.619031e-03
3.640072e-03
3.661697e-03
3.684439e-03
3.708194e-03
3.729187e-03
3.750650e-03
3.772765e-03
3.795939e-03
3.816901e-03
3.838202e-03
3.859921e-03
3.882211e-03
3.905620e-03
3.930092e-03
3.951680e-03
3.973714e-03
3.996380e-03
4.020055e-03
4.041539e-03
4.063329e-03
4.085493e-03
4.108186e-03
4.131973e-03
4.156938e-03
4.178915e-03
4.201295e-03
4.224169e-03
4.247689e-03
4.272298e-03
4.297072e-03
4.319591e-03
4.342515e-03
4.366021e-03
4.390444e-03
4.416053e-03
4.441852e-03
4.464819e-03
4.488273e-03
4.512421e-03
4.537567e-03
4.563067e-03
4.588738e-03
4.612128e-03
4.636000e-03
4.660542e-03
4.685841e-03
4.711294e-03
4.736904e-03
4.760595e-03
4.784732e-03
4.809493e-03
4.834804e-03
4.860257e-03
4.885857e-03
4.909761e-03
4.934080e-03
4.958987e-03
4.984333e-03
5.009810e-03
5.035426e-03
5.059487e-03
5.083939e-03
5.108946e-03
5.134337e-03
5.159851e-03
5.185496e-03
5.209676e-03
5.234226e-03
5.259201e-03
5.284638e-03
5.310189e-03
5.335866e-03
5.360221e-03
5.384846e-03
5.409758e-03
5.435083e-03
5.460666e-03
5.486367e-03
5.512192e-03
5.538152e-03
5.563011e-03
5.588195e-03
5.613736e-03
5.639460e-03
5.665299e-03
5.691265e-03
5.717363e-03
5.743605e-03
5.769012e-03
5.794754e-03
5.820601e-03
5.846563e-03
5.872644e-03
5.898855e-03
5.925198e-03
5.950952e-03
5.976797e-03
6.002743e-03
6.028792e-03
6.054953e-03
6.081228e-03
6.107624e-03
6.134143e-03
6.160079e-03
6.186103e-03
6.212222e-03
6.238439e-03
6.264757e-03
6.291181e-03
6.317714e-03
6.344360e-03
6.371122e-03
6.397589e-03
6.424373e-03
6.451484e-03
6.478738e-03
6.506124e-03
6.533644e-03
6.561301e-03
6.589100e-03
6.617042e-03
6.645133e-03
6.672458e-03
6.700144e-03
6.727683e-03
6.755350e-03
6.783149e-03
6.811084e-03
6.839157e-03
6.867371e-03
6.894890e-03
6.922693e-03
6.950772e-03
6.979224e-03
7.008052e-03
7.037132e-03
7.066358e-03
7.095737e-03
7.125261e-03
7.154934e-03
7.183127e-03
7.211583e-03
7.240290e-03
7.269330e-03
7.298698e-03
7.328464e-03
7.358700e-03
7.389566e-03
7.420600e-03
7.451800e-03
7.483142e-03
7.514639e-03
7.543872e-03
7.573377e-03
7.603135e-03
7.633212e-03
7.663593e-03
7.694339e-03
7.725511e-03
7.757253e-03
7.789829e-03
7.823145e-03
7.856653e-03
7.890342e-03
7.920423e-03
7.950749e-03
7.981301e-03
8.012128e-03
8.043202e-03
8.074569e-03
8.106208e-03
8.138160e-03
8.170468e-03
8.203304e-03
8.236860e-03
8.269769e-03
8.302880e-03
8.336210e-03
8.369792e-03
8.403633e-03
8.437767e-03
8.472238e-03
8.504128e-03
8.536235e-03
8.568531e-03
8.601042e-03
8.633739e-03
8.666647e-03
8.699738e-03
8.732840e-03
8.765765e-03
8.798564e-03
8.831197e-03
8.863711e-03
8.896076e-03
8.928337e-03
8.960471e-03
8.992525e-03
9.024480e-03
9.056384e-03
9.088226e-03
9.120052e-03
9.151855e-03
9.183680e-03
9.215524e-03
9.247429e-03
9.279393e-03
9.311457e-03
9.343618e-03
9.375916e-03
9.408348e-03
9.440858e-03
9.473434e-03
9.506107e-03
9.538864e-03
9.571734e-03
9.604704e-03
9.637798e-03
9.671005e-03
9.704346e-03
9.737809e-03
9.771411e-03
9.805141e-03
9.839014e-03
9.873018e-03
9.907167e-03
9.941447e-03
9.975871e-03
1.001043e-02
1.004512e-02
1.007995e-02
1.011490e-02
1.014999e-02
1.018521e-02
1.022054e-02
1.025599e-02
1.029154e-02
1.032719e-02
1.036293e-02
1.039877e-02
1.043470e-02
1.047073e-02
1.050684e-02
1.054305e-02
1.057935e-02
1.061573e-02
1.065221e-02
1.068877e-02
1.072542e-02
1.076217e-02
1.079901e-02
1.083594e-02
1.087296e-02
1.091008e-02
1.094728e-02
1.098458e-02
1.102197e-02
1.105947e-02
1.109707e-02
1.113479e-02
1.117263e-02
1.121061e-02
1.124872e-02
1.128699e-02
1.132537e-02
1.136386e-02
1.140248e-02
1.144124e-02
1.148015e-02
1.151921e-02
1.155843e-02
1.159782e-02
1.163739e-02
1.167714e-02
1.171703e-02
1.175702e-02
1.179711e-02
1.183732e-02
1.187766e-02
1.191811e-02
1.195871e-02
1.199945e-02
1.204033e-02
1.208137e-02
1.212257e-02
1.216391e-02
1.220538e-02
1.224698e-02
1.228873e-02
1.233020e-02
1.237126e-02
1.241193e-02
1.245215e-02
1.249197e-02
1.253133e-02
1.257043e-02
1.260922e-02
1.264783e-02
1.268617e-02
1.272433e-02
1.276223e-02
1.279994e-02
1.283741e-02
1.287468e-02
1.291171e-02
1.294855e-02
1.298517e-02
1.302160e-02
1.305783e-02
1.309390e-02
1.312980e-02
1.316555e-02
1.320117e-02
1.323668e-02
1.327208e-02
1.330739e-02
1.334623e-02
1.338896e-02
1.343459e-02
1.348034e-02
1.352621e-02
1.357221e-02
1.361831e-02
1.366453e-02
1.371087e-02
1.375732e-02
1.380388e-02
1.385054e-02
1.389728e-02
1.394369e-02
1.399033e-02
1.403624e-02
1.408227e-02
1.412765e-02
1.417303e-02
1.421781e-02
1.426248e-02
1.430660e-02
1.435049e-02
1.439386e-02
1.443691e-02
1.447944e-02
1.452155e-02
1.456315e-02
1.460424e-02
1.464481e-02
1.468486e-02
1.472441e-02
1.476348e-02
1.480224e-02
1.484071e-02
1.487901e-02
1.491710e-02
1.495504e-02
1.499277e-02
1.503035e-02
1.506770e-02
1.510489e-02
1.514186e-02
1.517865e-02
1.521524e-02
1.525167e-02
1.528792e-02
1.532402e-02
1.535996e-02
1.539578e-02
1.543147e-02
1.546705e-02
1.550254e-02
1.553795e-02
1.557330e-02
1.560808e-02
1.564299e-02
1.567809e-02
1.571320e-02
1.574809e-02
1.578291e-02
1.581770e-02
1.585266e-02
1.588785e-02
1.592345e-02
1.595944e-02
1.599601e-02
1.603319e-02
1.607112e-02
1.610992e-02
1.614961e-02
1.618987e-02
1.623017e-02
1.627046e-02
1.630172e-02
1.633339e-02
1.636558e-02
1.639850e-02
1.643237e-02
1.646733e-02
1.650356e-02
1.654119e-02
1.658033e-02
1.661941e-02
1.665836e-02
1.668916e-02
1.672012e-02
1.675152e-02
1.678344e-02
1.681607e-02
1.684963e-02
1.688427e-02
1.692019e-02
1.695750e-02
1.699638e-02
1.703548e-02
1.707478e-02
1.711445e-02
1.715447e-02
1.718600e-02
1.721770e-02
1.724961e-02
1.728189e-02
1.731471e-02
1.734808e-02
1.738215e-02
1.741707e-02
1.745297e-02
1.749001e-02
1.752826e-02
1.756787e-02
1.760888e-02
1.765089e-02
1.769369e-02
1.773737e-02
1.776965e-02
1.780207e-02
1.783460e-02
1.786726e-02
1.790007e-02
1.793317e-02
1.796667e-02
1.800058e-02
1.803497e-02
1.806996e-02
1.810506e-02
1.814026e-02
1.817559e-02
1.821100e-02
1.824655e-02
1.828233e-02
1.831847e-02
1.835500e-02
1.839207e-02
1.842969e-02
1.846805e-02
1.850640e-02
1.853927e-02
1.857221e-02
1.860521e-02
1.863829e-02
1.867148e-02
1.870490e-02
1.873867e-02
1.877279e-02
1.880735e-02
1.884252e-02
1.887842e-02
1.891515e-02
1.895275e-02
1.899131e-02
1.903085e-02
1.907145e-02
1.910624e-02
1.914105e-02
1.917591e-02
1.921080e-02
1.924350e-02
1.927626e-02
1.930908e-02
1.934197e-02
1.937492e-02
1.940796e-02
1.944111e-02
1.947450e-02
1.950826e-02
1.954240e-02
1.957700e-02
1.961226e-02
1.964831e-02
1.968527e-02
1.972316e-02
1.976210e-02
1.980210e-02
1.984325e-02
1.988556e-02
1.992905e-02
1.997373e-02
2.001953e-02
2.005245e-02
2.008547e-02
2.011855e-02
2.015172e-02
2.018496e-02
2.021828e-02
2.025186e-02
2.028581e-02
2.032020e-02
2.035501e-02
2.039037e-02
2.042643e-02
2.046328e-02
2.050103e-02
2.053971e-02
2.057944e-02
2.062022e-02
2.066214e-02
2.070519e-02
2.074940e-02
2.079474e-02
2.084115e-02
2.087432e-02
2.090758e-02
2.094090e-02
2.097429e-02
2.100774e-02
2.104127e-02
2.107503e-02
2.110914e-02
2.114367e-02
2.117859e-02
2.121400e-02
2.124984e-02
2.128577e-02
2.132179e-02
2.135800e-02
2.139445e-02
2.143121e-02
2.146831e-02
2.150584e-02
2.154382e-02
2.158238e-02
2.162154e-02
2.165473e-02
2.168800e-02
2.172131e-02
2.175471e-02
2.178815e-02
2.182167e-02
2.185524e-02
2.188887e-02
2.192274e-02
2.195693e-02
2.199152e-02
2.202646e-02
2.206185e-02
2.209789e-02
2.213468e-02
2.217237e-02
2.221094e-02
2.225051e-02
2.229109e-02
2.233276e-02
2.237551e-02
2.241939e-02
2.246437e-02
2.251044e-02
2.254389e-02
2.257742e-02
2.261099e-02
2.264464e-02
2.267833e-02
2.271208e-02
2.274588e-02
2.277973e-02
2.281367e-02
2.284780e-02
2.288220e-02
2.291699e-02
2.295218e-02
2.298771e-02
2.302367e-02
2.306027e-02
2.309761e-02
2.313581e-02
2.317483e-02
2.321480e-02
2.325523e-02
2.329601e-02
2.333724e-02
2.337905e-02
2.342159e-02
2.346487e-02
2.350902e-02
2.355396e-02
2.359982e-02
2.364646e-02
2.369399e-02
2.374226e-02
2.379135e-02
2.384109e-02
2.387525e-02
2.390945e-02
2.394378e-02
2.397831e-02
2.401307e-02
2.404813e-02
2.408349e-02
2.411927e-02
2.415545e-02
2.419196e-02
2.422888e-02
2.426638e-02
2.430448e-02
2.434330e-02
2.438279e-02
2.442307e-02
2.446406e-02
2.450590e-02
2.454850e-02
2.459198e-02
2.463627e-02
2.468145e-02
2.472744e-02
2.477428e-02
2.482185e-02
2.487009e-02
2.491885e-02
2.496804e-02
2.500196e-02
2.503591e-02
2.506991e-02
2.510407e-02
2.513848e-02
2.517324e-02
2.520838e-02
2.524383e-02
2.527970e-02
2.531620e-02
2.535341e-02
2.539147e-02
2.543037e-02
2.547026e-02
2.551113e-02
2.555310e-02
2.559616e-02
2.564039e-02
2.568575e-02
2.573219e-02
2.577956e-02
2.582766e-02
2.586125e-02
2.589488e-02
2.592853e-02
2.596223e-02
2.599613e-02
2.603032e-02
2.606487e-02
2.609989e-02
2.613541e-02
2.617131e-02
2.620775e-02
2.624484e-02
2.628017e-02
2.631549e-02
2.635090e-02
2.638633e-02
2.642188e-02
2.645747e-02
2.649321e-02
2.652900e-02
2.656497e-02
2.660102e-02
2.663728e-02
2.667364e-02
2.671025e-02
2.674701e-02
2.678407e-02
2.682134e-02
2.685899e-02
2.689695e-02
2.693541e-02
2.697429e-02
2.701384e-02
2.705392e-02
2.709408e-02
2.713454e-02
2.717542e-02
2.720904e-02
2.724273e-02
2.727653e-02
2.731043e-02
2.734447e-02
2.737864e-02
2.741298e-02
2.744746e-02
2.748215e-02
2.751702e-02
2.755214e-02
2.758748e-02
2.762302e-02
2.765873e-02
2.769482e-02
2.773131e-02
2.776840e-02
2.780595e-02
2.784406e-02
2.788261e-02
2.792171e-02
2.796126e-02
2.800136e-02
2.804192e-02
2.808306e-02
2.812466e-02
2.816687e-02
2.820955e-02
2.825286e-02
2.829664e-02
2.834104e-02
2.838591e-02
2.842223e-02
2.845866e-02
2.849522e-02
2.853194e-02
2.856883e-02
2.860593e-02
2.864326e-02
2.868087e-02
2.871876e-02
2.875704e-02
2.879570e-02
2.883489e-02
2.887463e-02
2.891508e-02
2.895619e-02
2.899748e-02
2.903920e-02
2.908150e-02
2.912457e-02
2.916859e-02
2.921365e-02
2.925991e-02
2.929356e-02
2.932726e-02
2.936105e-02
2.939492e-02
2.942892e-02
2.946302e-02
2.949727e-02
2.953160e-02
2.956610e-02
2.960077e-02
2.963569e-02
2.967085e-02
2.970633e-02
2.974211e-02
2.977832e-02
2.981492e-02
2.985210e-02
2.988970e-02
2.992780e-02
2.996629e-02
3.000525e-02
3.004459e-02
3.008441e-02
3.012461e-02
3.016530e-02
3.020210e-02
3.023901e-02
3.027608e-02
3.031331e-02
3.035076e-02
3.038842e-02
3.042638e-02
3.046461e-02
3.050323e-02
3.054223e-02
3.058175e-02
3.062181e-02
3.066256e-02
3.070396e-02
3.074553e-02
3.078752e-02
3.083008e-02
3.087339e-02
3.091763e-02
3.096289e-02
3.100932e-02
3.105693e-02
3.110582e-02
3.115591e-02
3.120629e-02
3.125692e-02
3.130764e-02
3.135834e-02
3.138146e-02
3.140506e-02
3.142823e-02
3.145162e-02
3.147483e-02
3.149828e-02
3.152154e-02
3.154505e-02
3.156839e-02
3.159369e-02
3.162144e-02
3.165094e-02
3.168153e-02
3.171318e-02
3.173757e-02
3.176221e-02
3.178661e-02
3.181125e-02
3.183566e-02
3.186032e-02
3.188475e-02
3.190944e-02
3.193393e-02
3.195867e-02
3.198322e-02
3.200804e-02
3.203266e-02
3.205757e-02
3.208229e-02
3.210730e-02
3.213213e-02
3.215725e-02
3.218220e-02
3.220745e-02
3.223252e-02
3.225791e-02
3.228312e-02
3.230866e-02
3.233401e-02
3.235970e-02
3.238520e-02
3.241105e-02
3.243671e-02
3.246271e-02
3.248853e-02
3.251469e-02
3.254067e-02
3.256701e-02
3.259315e-02
3.261965e-02
3.264595e-02
3.267262e-02
3.269909e-02
3.272593e-02
3.275256e-02
3.277957e-02
3.280637e-02
3.283355e-02
3.286051e-02
3.288786e-02
3.291499e-02
3.294251e-02
3.296980e-02
3.299749e-02
3.302495e-02
3.305281e-02
3.308042e-02
3.310845e-02
3.313622e-02
3.316442e-02
3.319235e-02
3.322071e-02
3.324880e-02
3.327732e-02
3.330556e-02
3.333426e-02
3.336265e-02
3.339150e-02
3.342005e-02
3.344907e-02
3.347777e-02
3.350694e-02
3.353579e-02
3.356513e-02
3.359412e-02
3.362362e-02
3.365277e-02
3.368243e-02
3.371172e-02
3.374155e-02
3.377099e-02
3.380099e-02
3.383058e-02
3.386120e-02
3.389089e-02
3.392170e-02
3.395153e-02
3.398258e-02
3.401259e-02
3.404391e-02
3.407413e-02
3.410578e-02
3.413624e-02
3.416828e-02
3.419902e-02
3.423152e-02
3.426260e-02
3.428623e-02
3.431031e-02
3.433395e-02
3.435804e-02
3.438171e-02
3.440559e-02
3.442928e-02
3.445320e-02
3.447760e-02
3.450255e-02
3.452813e-02
3.455443e-02
3.458155e-02
3.460955e-02
3.463853e-02
3.466854e-02
3.469957e-02
3.473157e-02
3.476438e-02
3.479785e-02
3.483178e-02
3.486519e-02
3.489938e-02
3.493276e-02
3.496691e-02
3.500023e-02
3.502410e-02
3.504841e-02
3.507324e-02
3.509866e-02
3.512257e-02
3.514671e-02
3.517064e-02
3.519480e-02
3.521944e-02
3.524462e-02
3.526857e-02
3.529298e-02
3.531790e-02
3.534342e-02
3.536746e-02
3.539173e-02
3.541582e-02
3.544015e-02
3.546428e-02
3.548865e-02
3.551285e-02
3.553732e-02
3.556159e-02
3.558612e-02
3.561046e-02
3.563505e-02
3.566015e-02
3.568590e-02
3.571029e-02
3.573494e-02
3.575938e-02
3.578407e-02
3.580928e-02
3.583509e-02
3.585967e-02
3.588459e-02
3.590929e-02
3.593429e-02
3.595909e-02
3.598417e-02
3.600904e-02
3.603445e-02
3.605943e-02
3.608475e-02
3.610984e-02
3.613527e-02
3.616047e-02
3.618599e-02
3.621126e-02
3.623715e-02
3.626256e-02
3.628832e-02
3.631385e-02
3.633975e-02
3.636539e-02
3.639174e-02
3.641748e-02
3.644397e-02
3.646989e-02
3.649623e-02
3.652229e-02
3.654920e-02
3.657541e-02
3.660257e-02
3.662895e-02
3.665638e-02
3.668305e-02
3.671082e-02
3.673772e-02
3.676593e-02
3.679319e-02
3.682193e-02
3.684958e-02
3.687898e-02
3.690718e-02
3.693622e-02
3.696590e-02
3.699527e-02
3.702520e-02
3.705560e-02
3.708492e-02
3.711503e-02
3.714495e-02
3.717530e-02
3.720555e-02
3.723646e-02
3.726697e-02
3.729820e-02
3.732895e-02
3.736044e-02
3.739244e-02
3.742484e-02
3.745536e-02
3.748690e-02
3.751908e-02
3.755168e-02
3.758239e-02
3.761416e-02
3.764657e-02
3.767941e-02
3.771029e-02
3.774229e-02
3.777494e-02
3.780803e-02
3.784144e-02
3.787516e-02
3.790983e-02
3.794143e-02
3.797422e-02
3.800784e-02
3.804183e-02
3.807620e-02
3.810742e-02
3.814021e-02
3.817384e-02
3.820797e-02
3.824241e-02
3.827715e-02
3.831209e-02
3.834851e-02
3.837891e-02
3.840630e-02
3.843541e-02
3.846606e-02
3.849819e-02
3.852641e-02
3.855638e-02
3.858791e-02
3.862092e-02
3.864957e-02
3.868018e-02
3.871248e-02
3.874630e-02
3.878151e-02
3.881779e-02
3.885439e-02
3.889121e-02
3.892935e-02
3.896816e-02
3.900733e-02
3.904662e-02
3.908603e-02
3.912543e-02
3.916488e-02
3.920429e-02
3.924373e-02
3.928312e-02
3.932255e-02
3.936194e-02
3.940132e-02
3.944069e-02
3.948004e-02
3.951939e-02
3.955871e-02
3.959804e-02
3.963734e-02
3.967665e-02
3.971593e-02
3.975522e-02
3.979449e-02
3.983376e-02
3.987301e-02
3.991226e-02
3.995149e-02
3.999073e-02
4.002995e-02
4.006917e-02
4.010837e-02
4.014757e-02
4.018676e-02
4.022596e-02
4.026514e-02
4.030432e-02
4.034349e-02
4.038267e-02
4.042183e-02
4.046097e-02
4.050011e-02
4.053921e-02
4.057830e-02
4.061735e-02
4.065639e-02
4.069539e-02
4.073439e-02
4.077334e-02
4.081229e-02
4.085121e-02
4.089011e-02
4.092898e-02
4.096784e-02
4.100666e-02
4.104548e-02
4.108426e-02
4.112303e-02
4.116177e-02
4.120050e-02
4.123920e-02
4.127788e-02
4.131654e-02
4.135519e-02
4.139381e-02
4.143242e-02
4.147100e-02
4.150957e-02
4.154812e-02
4.158665e-02
4.162581e-02
4.166496e-02
4.170411e-02
4.174325e-02
4.178240e-02
4.182155e-02
4.186070e-02
4.189984e-02
4.193899e-02
4.197813e-02
4.201727e-02
4.205641e-02
4.209556e-02
4.213644e-02
4.217732e-02
4.221820e-02
4.225908e-02
4.229996e-02
4.234084e-02
4.238173e-02
4.242261e-02
4.246350e-02
4.250439e-02
4.254529e-02
4.258619e-02
4.262709e-02
4.266800e-02
4.270891e-02
4.274983e-02
4.279075e-02
4.282027e-02
4.285034e-02
4.287987e-02
4.290996e-02
4.293950e-02
4.296960e-02
4.299916e-02
4.302927e-02
4.305884e-02
4.308896e-02
4.311854e-02
4.314867e-02
4.317826e-02
4.320812e-02
4.323772e-02
4.326759e-02
4.329720e-02
4.332708e-02
4.335671e-02
4.338661e-02
4.341624e-02
4.344615e-02
4.347580e-02
4.350573e-02
4.353540e-02
4.356534e-02
4.359502e-02
4.362498e-02
4.365468e-02
4.368466e-02
4.371437e-02
4.374437e-02
4.377410e-02
4.380413e-02
4.383388e-02
4.386393e-02
4.389371e-02
4.392378e-02
4.395358e-02
4.398368e-02
4.401351e-02
4.404365e-02
4.407350e-02
4.410367e-02
4.413356e-02
4.416377e-02
4.419369e-02
4.422394e-02
4.425390e-02
4.428420e-02
4.431419e-02
4.434455e-02
4.437459e-02
4.440500e-02
4.443510e-02
4.446557e-02
4.449573e-02
4.452628e-02
4.455651e-02
4.458714e-02
4.461744e-02
4.464818e-02
4.467857e-02
4.470981e-02
4.474027e-02
4.477165e-02
4.480221e-02
4.483376e-02
4.486445e-02
4.489620e-02
4.492704e-02
4.495903e-02
4.499006e-02
4.502234e-02
4.505359e-02
4.508621e-02
4.511772e-02
4.515077e-02
4.518261e-02
4.521617e-02
4.524840e-02
4.528259e-02
4.531529e-02
4.534520e-02
4.537567e-02
4.540677e-02
4.543860e-02
4.547325e-02
4.550746e-02
4.554238e-02
4.557678e-02
4.561193e-02
4.564653e-02
4.568191e-02
4.571672e-02
4.575234e-02
4.578738e-02
4.582326e-02
4.585853e-02
4.589469e-02
4.593020e-02
4.596664e-02
4.600242e-02
4.603916e-02
4.607521e-02
4.611226e-02
4.614860e-02
4.618597e-02
4.622260e-02
4.626030e-02
4.629723e-02
4.633527e-02
4.637252e-02
4.641090e-02
4.644847e-02
4.648720e-02
4.652509e-02
4.656417e-02
4.660239e-02
4.664182e-02
4.668037e-02
4.672014e-02
4.675900e-02
4.679909e-02
4.683826e-02
4.687867e-02
4.691814e-02
4.695884e-02
4.699860e-02
4.703849e-02
4.707845e-02
4.711851e-02
4.715869e-02
4.719903e-02
4.723955e-02
4.728031e-02
4.732099e-02
4.736157e-02
4.740206e-02
4.744247e-02
4.748392e-02
4.752587e-02
4.756749e-02
4.760990e-02
4.765170e-02
4.769433e-02
4.773628e-02
4.777905e-02
4.781919e-02
4.785937e-02
4.789959e-02
4.793989e-02
4.798027e-02
4.802078e-02
4.806150e-02
4.810249e-02
4.814384e-02
4.818557e-02
4.822779e-02
4.827057e-02
4.831191e-02
4.835339e-02
4.839504e-02
4.843688e-02
4.847895e-02
4.852096e-02
4.856292e-02
4.860483e-02
4.864674e-02
4.868868e-02
4.873065e-02
4.877273e-02
4.881491e-02
4.885729e-02
4.889986e-02
4.894274e-02
4.898586e-02
4.902962e-02
4.907277e-02
4.911658e-02
4.915976e-02
4.920360e-02
4.924524e-02
4.928704e-02
4.932903e-02
4.937123e-02
4.941367e-02
4.945637e-02
4.949936e-02
4.954267e-02
4.958607e-02
4.963004e-02
4.967350e-02
4.971754e-02
4.976096e-02
4.980501e-02
4.984852e-02
4.989261e-02
4.993618e-02
4.998031e-02
5.002396e-02
5.006812e-02
5.011186e-02
5.015382e-02
5.019591e-02
5.023816e-02
5.028060e-02
5.032327e-02
5.036620e-02
5.040941e-02
5.045293e-02
5.049679e-02
5.054102e-02
5.058558e-02
5.063017e-02
5.067476e-02
5.071937e-02
5.076399e-02
5.080868e-02
5.085339e-02
5.089812e-02
5.094284e-02
5.098758e-02
5.103218e-02
5.107445e-02
5.111685e-02
5.115939e-02
5.120210e-02
5.124502e-02
5.128819e-02
5.133163e-02
5.137540e-02
5.141950e-02
5.144871e-02
5.147892e-02
5.151026e-02
5.154290e-02
5.157220e-02
5.160243e-02
5.163230e-02
5.166267e-02
5.169205e-02
5.172218e-02
5.175204e-02
5.178202e-02
5.181184e-02
5.184234e-02
5.187194e-02
5.190207e-02
5.193190e-02
5.196198e-02
5.199271e-02
5.202423e-02
5.205408e-02
5.208454e-02
5.211437e-02
5.214477e-02
5.217591e-02
5.220799e-02
5.223789e-02
5.226849e-02
5.229840e-02
5.232899e-02
5.236048e-02
5.239310e-02
5.242320e-02
5.245415e-02
5.248613e-02
5.251676e-02
5.254828e-02
5.258125e-02
5.261185e-02
5.264380e-02
5.267717e-02
5.270916e-02
5.274281e-02
5.277546e-02
5.280998e-02
5.284293e-02
5.287743e-02
5.291118e-02
5.294573e-02
5.298002e-02
5.300989e-02
5.304078e-02
5.307278e-02
5.310362e-02
5.313559e-02
5.316875e-02
5.319949e-02
5.323147e-02
5.326123e-02
5.329297e-02
5.332581e-02
5.336009e-02
5.338999e-02
5.342117e-02
5.345366e-02
5.348733e-02
5.351730e-02
5.354826e-02
5.358030e-02
5.361097e-02
5.364263e-02
5.367536e-02
5.370574e-02
5.373705e-02
5.376937e-02
5.380051e-02
5.383266e-02
5.386591e-02
5.389679e-02
5.392875e-02
5.396191e-02
5.399370e-02
5.402681e-02
5.406121e-02
5.409107e-02
5.412267e-02
5.415575e-02
5.418890e-02
5.422341e-02
5.425674e-02
5.429096e-02
5.432739e-02
5.435729e-02
5.438822e-02
5.442028e-02
5.445349e-02
5.448357e-02
5.451471e-02
5.454702e-02
5.457807e-02
5.461034e-02
5.464393e-02
5.467494e-02
5.470731e-02
5.473672e-02
5.476890e-02
5.480226e-02
5.483714e-02
5.486676e-02
5.489790e-02
5.493053e-02
5.496404e-02
5.499868e-02
5.503434e-02
5.506413e-02
5.509490e-02
5.512676e-02
5.515740e-02
5.518911e-02
5.522196e-02
5.525242e-02
5.528397e-02
5.531673e-02
5.534820e-02
5.538099e-02
5.541507e-02
5.544433e-02
5.547571e-02
5.550495e-02
5.553580e-02
5.556809e-02
5.560194e-02
5.563135e-02
5.566189e-02
5.569360e-02
5.572662e-02
5.575622e-02
5.578686e-02
5.581866e-02
5.584907e-02
5.588065e-02
5.591349e-02
5.594375e-02
5.597525e-02
5.600595e-02
5.603799e-02
5.606684e-02
5.609857e-02
5.612748e-02
5.615807e-02
5.618705e-02
5.621754e-02
5.624659e-02
5.627683e-02
5.630828e-02
5.633816e-02
5.636914e-02
5.640130e-02
5.643084e-02
5.646139e-02
5.649305e-02
5.652353e-02
5.655513e-02
5.658795e-02
5.661827e-02
5.664985e-02
5.668278e-02
5.671428e-02
5.674683e-02
5.678078e-02
5.680950e-02
5.683977e-02
5.687152e-02
5.690410e-02
5.693774e-02
5.697249e-02
5.700138e-02
5.703126e-02
5.706223e-02
5.709203e-02
5.712290e-02
5.715299e-02
5.718420e-02
5.721463e-02
5.724627e-02
5.727907e-02
5.730741e-02
5.733777e-02
5.736609e-02
5.739593e-02
5.742713e-02
5.745985e-02
5.748837e-02
5.751804e-02
5.754896e-02
5.758097e-02
5.761422e-02
5.764885e-02
5.767769e-02
5.770761e-02
5.773874e-02
5.776863e-02
5.779978e-02
5.783227e-02
5.786025e-02
5.789083e-02
5.791880e-02
5.794828e-02
5.797632e-02
5.800574e-02
5.803388e-02
5.806312e-02
5.809137e-02
5.812062e-02
5.814910e-02
5.817857e-02
5.820730e-02
5.823704e-02
5.826603e-02
5.829608e-02
5.832533e-02
5.835576e-02
5.838350e-02
5.841401e-02
5.844177e-02
5.847133e-02
5.849914e-02
5.852835e-02
5.855623e-02
5.858538e-02
5.861337e-02
5.864246e-02
5.867273e-02
5.870157e-02
5.873153e-02
5.876267e-02
5.879126e-02
5.882098e-02
5.885195e-02
5.888165e-02
5.891239e-02
5.894403e-02
5.897159e-02
5.900074e-02
5.902829e-02
5.905719e-02
5.908745e-02
5.911868e-02
5.915105e-02
5.918465e-02
5.921256e-02
5.924147e-02
5.927147e-02
5.930031e-02
5.933026e-02
5.936137e-02
5.939006e-02
5.941990e-02
5.945074e-02
5.947977e-02
5.951008e-02
5.954188e-02
5.956938e-02
5.959818e-02
5.962569e-02
5.965425e-02
5.968185e-02
5.971044e-02
5.973825e-02
5.976677e-02
5.979391e-02
5.982268e-02
5.984985e-02
5.987864e-02
5.990585e-02
5.993457e-02
5.996359e-02
5.999397e-02
6.002347e-02
6.005456e-02
6.008468e-02
6.011665e-02
6.014419e-02
6.017301e-02
6.020311e-02
6.023430e-02
6.026608e-02
6.029455e-02
6.032408e-02
6.035472e-02
6.038282e-02
6.041193e-02
6.044218e-02
6.047124e-02
6.050137e-02
6.053086e-02
6.056144e-02
6.059320e-02
6.062250e-02
6.065295e-02
6.068466e-02
6.071491e-02
6.074675e-02
6.077780e-02
6.081076e-02
6.084223e-02
6.087513e-02
6.090750e-02
6.094002e-02
6.097334e-02
6.100644e-02
6.104024e-02
6.107371e-02
6.110792e-02
6.114169e-02
6.117626e-02
6.121173e-02
6.124803e-02
6.128514e-02
6.132295e-02
6.136220e-02
6.140263e-02
6.144229e-02
6.148308e-02
6.152295e-02
6.156389e-02
6.160384e-02
6.164490e-02
6.168497e-02
6.172619e-02
6.176640e-02
6.180779e-02
6.184807e-02
6.188959e-02
6.193194e-02
6.197487e-02
6.201797e-02
6.206104e-02
6.210412e-02
6.214720e-02
6.219031e-02
6.223353e-02
6.227689e-02
6.232041e-02
6.236379e-02
6.240767e-02
6.245107e-02
6.249534e-02
6.253875e-02
6.258314e-02
6.262654e-02
6.266914e-02
6.271182e-02
6.275460e-02
6.279748e-02
6.284048e-02
6.288362e-02
6.292676e-02
6.296993e-02
6.301310e-02
6.305633e-02
6.309973e-02
6.314289e-02
6.318663e-02
6.322972e-02
6.327386e-02
6.331686e-02
6.336097e-02
6.340388e-02
6.344792e-02
6.349075e-02
6.353403e-02
6.357677e-02
6.362004e-02
6.366268e-02
6.370594e-02
6.374849e-02
6.379177e-02
6.383422e-02
6.387665e-02
6.391902e-02
6.396158e-02
6.400385e-02
6.404662e-02
6.408880e-02
6.413185e-02
6.417395e-02
6.421722e-02
6.425924e-02
6.430243e-02
6.434439e-02
6.438751e-02
6.442941e-02
6.447247e-02
6.451432e-02
6.455732e-02
6.459913e-02
6.464209e-02
6.468387e-02
6.472680e-02
6.476856e-02
6.481146e-02
6.485321e-02
6.489609e-02
6.493783e-02
6.498070e-02
6.502246e-02
6.506533e-02
6.510710e-02
6.514969e-02
6.519148e-02
6.523416e-02
6.527598e-02
6.531880e-02
6.536065e-02
6.540359e-02
6.544547e-02
6.548844e-02
6.553037e-02
6.557337e-02
6.561534e-02
6.565838e-02
6.570040e-02
6.574349e-02
6.578556e-02
6.582869e-02
6.587081e-02
6.591399e-02
6.595617e-02
6.599941e-02
6.604164e-02
6.608493e-02
6.612722e-02
6.617056e-02
6.621290e-02
6.625630e-02
6.629870e-02
6.634214e-02
6.638459e-02
6.642809e-02
6.647059e-02
6.651414e-02
6.655669e-02
6.659956e-02
6.664217e-02
6.668508e-02
6.672773e-02
6.677074e-02
6.681344e-02
6.685666e-02
6.689939e-02
6.694291e-02
6.698567e-02
6.702946e-02
6.707226e-02
6.711609e-02
6.715892e-02
6.720278e-02
6.724565e-02
6.728954e-02
6.733244e-02
6.737635e-02
6.741929e-02
6.746323e-02
6.750620e-02
6.755017e-02
6.759316e-02
6.763715e-02
6.768017e-02
6.772419e-02
6.776723e-02
6.781127e-02
6.785433e-02
6.789839e-02
6.794148e-02
6.798556e-02
6.802867e-02
6.807184e-02
6.811498e-02
6.815816e-02
6.820131e-02
6.824453e-02
6.828769e-02
6.833100e-02
6.837418e-02
6.841762e-02
6.846080e-02
6.850444e-02
6.854762e-02
6.859155e-02
6.863474e-02
6.867889e-02
6.872207e-02
6.876622e-02
6.880940e-02
6.885355e-02
6.889672e-02
6.894086e-02
6.898402e-02
6.902815e-02
6.907129e-02
6.911541e-02
6.915854e-02
6.920264e-02
6.924575e-02
6.928983e-02
6.933291e-02
6.937697e-02
6.942002e-02
6.946406e-02
6.950707e-02
6.955108e-02
6.959407e-02
6.963746e-02
6.968041e-02
6.972380e-02
6.976670e-02
6.981010e-02
6.985296e-02
6.989639e-02
6.993921e-02
6.998271e-02
7.002547e-02
7.006909e-02
7.011179e-02
7.015552e-02
7.019816e-02
7.024183e-02
7.028441e-02
7.032803e-02
7.037055e-02
7.041411e-02
7.045656e-02
7.050005e-02
7.054244e-02
7.058587e-02
7.062818e-02
7.067155e-02
7.071379e-02
7.075709e-02
7.079926e-02
7.084249e-02
7.088458e-02
7.092774e-02
7.096976e-02
7.101285e-02
7.105479e-02
7.109780e-02
7.113968e-02
7.118261e-02
7.122441e-02
7.126727e-02
7.130898e-02
7.135177e-02
7.139341e-02
7.143611e-02
7.147768e-02
7.152031e-02
7.156179e-02
7.160434e-02
7.164575e-02
7.168822e-02
7.172955e-02
7.177194e-02
7.181320e-02
7.185551e-02
7.189668e-02
7.193892e-02
7.198001e-02
7.202216e-02
7.206318e-02
7.210525e-02
7.214618e-02
7.218817e-02
7.222886e-02
7.227077e-02
7.231155e-02
7.235338e-02
7.239408e-02
7.243582e-02
7.247645e-02
7.251811e-02
7.255866e-02
7.260025e-02
7.264072e-02
7.268222e-02
7.272262e-02
7.276404e-02
7.280436e-02
7.284571e-02
7.288595e-02
7.292722e-02
7.296739e-02
7.300857e-02
7.304868e-02
7.308978e-02
7.312981e-02
7.317083e-02
7.321078e-02
7.325173e-02
7.329161e-02
7.333248e-02
7.337228e-02
7.341307e-02
7.345281e-02
7.349351e-02
7.353318e-02
7.357381e-02
7.361340e-02
7.365395e-02
7.369346e-02
7.373394e-02
7.377338e-02
7.381378e-02
7.385316e-02
7.389348e-02
7.393279e-02
7.397304e-02
7.401228e-02
7.405246e-02
7.409164e-02
7.413175e-02
7.417088e-02
7.421092e-02
7.424999e-02
7.428997e-02
7.432899e-02
7.436891e-02
7.440788e-02
7.444774e-02
7.448666e-02
7.452648e-02
7.456535e-02
7.460511e-02
7.464394e-02
7.468365e-02
7.472243e-02
7.476209e-02
7.480083e-02
7.484044e-02
7.487913e-02
7.491869e-02
7.495734e-02
7.499685e-02
7.503545e-02
7.507491e-02
7.511346e-02
7.515287e-02
7.519138e-02
7.523073e-02
7.526918e-02
7.530848e-02
7.534689e-02
7.538613e-02
7.542448e-02
7.546366e-02
7.550196e-02
7.554108e-02
7.557932e-02
7.561838e-02
7.565657e-02
7.569557e-02
7.573369e-02
7.577263e-02
7.581069e-02
7.584956e-02
7.588757e-02
7.592637e-02
7.596431e-02
7.600305e-02
7.604093e-02
7.607959e-02
7.611741e-02
7.615600e-02
7.619376e-02
7.623228e-02
7.626997e-02
7.630842e-02
7.634605e-02
7.638442e-02
7.642199e-02
7.646030e-02
7.649780e-02
7.653604e-02
7.657348e-02
7.661164e-02
7.664902e-02
7.668712e-02
7.672445e-02
7.676248e-02
7.679975e-02
7.683772e-02
7.687493e-02
7.691284e-02
7.695000e-02
7.698785e-02
7.702496e-02
7.706276e-02
7.709982e-02
7.713757e-02
7.717459e-02
7.721228e-02
7.724926e-02
7.728690e-02
7.732384e-02
7.736144e-02
7.739833e-02
7.743589e-02
7.747275e-02
7.751026e-02
7.754708e-02
7.758456e-02
7.762135e-02
7.765879e-02
7.769555e-02
7.773295e-02
7.776968e-02
7.780705e-02
7.784374e-02
7.788108e-02
7.791775e-02
7.795505e-02
7.799169e-02
7.802897e-02
7.806558e-02
7.810282e-02
7.813941e-02
7.817662e-02
7.821318e-02
7.825036e-02
7.828689e-02
7.832405e-02
7.836055e-02
7.839768e-02
7.843416e-02
7.847125e-02
7.850770e-02
7.854476e-02
7.858119e-02
7.861822e-02
7.865461e-02
7.869161e-02
7.872797e-02
7.876493e-02
7.880126e-02
7.883819e-02
7.887448e-02
7.891137e-02
7.894763e-02
7.898448e-02
7.902070e-02
7.905750e-02
7.909367e-02
7.913043e-02
7.916656e-02
7.920327e-02
7.923935e-02
7.927609e-02
7.931225e-02
7.934900e-02
7.938511e-02
7.942180e-02
7.945786e-02
7.949456e-02
7.953067e-02
7.956736e-02
7.960341e-02
7.964010e-02
7.967619e-02
7.971286e-02
7.974887e-02
7.978553e-02
7.982156e-02
7.985817e-02
7.989412e-02
7.993070e-02
7.996666e-02
8.000326e-02
8.003923e-02
8.007585e-02
8.011183e-02
8.014846e-02
8.018443e-02
8.022105e-02
8.025701e-02
8.029361e-02
8.032954e-02
8.036611e-02
8.040201e-02
8.043853e-02
8.047437e-02
8.051083e-02
8.054661e-02
8.058300e-02
8.061872e-02
8.065502e-02
8.069065e-02
8.072685e-02
8.076239e-02
8.079848e-02
8.083391e-02
8.086989e-02
8.090521e-02
8.094105e-02
8.097622e-02
8.101197e-02
8.104711e-02
8.108284e-02
8.111795e-02
8.115366e-02
8.118874e-02
8.122441e-02
8.125945e-02
8.129506e-02
8.133004e-02
8.136558e-02
8.140050e-02
8.143596e-02
8.147079e-02
8.150621e-02
8.154104e-02
8.157642e-02
8.161119e-02
8.164651e-02
8.168125e-02
8.171657e-02
8.175130e-02
8.178661e-02
8.182132e-02
8.185661e-02
8.189130e-02
8.192655e-02
8.196121e-02
8.199642e-02
8.203102e-02
8.206617e-02
8.210072e-02
8.213579e-02
8.217027e-02
8.220582e-02
8.224017e-02
8.227568e-02
8.231001e-02
8.234552e-02
8.237986e-02
8.241538e-02
8.244973e-02
8.248524e-02
8.251958e-02
8.255508e-02
8.258941e-02
8.262488e-02
8.265918e-02
8.269461e-02
8.272887e-02
8.276424e-02
8.279846e-02
8.283376e-02
8.286791e-02
8.290312e-02
8.293721e-02
8.297232e-02
8.300633e-02
8.304132e-02
8.307524e-02
8.311011e-02
8.314394e-02
8.317867e-02
8.321240e-02
8.324701e-02
8.328065e-02
8.331513e-02
8.334868e-02
8.338303e-02
8.341649e-02
8.345072e-02
8.348410e-02
8.351822e-02
8.355152e-02
8.358553e-02
8.361876e-02
8.365268e-02
8.368584e-02
8.371967e-02
8.375278e-02
8.378653e-02
8.381958e-02
8.385327e-02
8.388628e-02
8.391662e-02
8.394761e-02
8.397932e-02
8.401183e-02
8.404226e-02
8.407333e-02
8.410381e-02
8.413493e-02
8.416545e-02
8.419662e-02
8.422718e-02
8.425841e-02
8.428902e-02
8.432032e-02
8.435098e-02
8.438235e-02
8.441307e-02
8.444452e-02
8.447532e-02
8.450687e-02
8.453775e-02
8.456942e-02
8.460039e-02
8.463220e-02
8.466328e-02
8.469526e-02
8.472648e-02
8.475866e-02
8.478903e-02
8.482086e-02
8.485125e-02
8.488289e-02
8.491327e-02
8.494474e-02
8.497511e-02
8.500648e-02
8.503684e-02
8.506814e-02
8.509849e-02
8.512920e-02
8.515968e-02
8.519050e-02
8.522105e-02
8.525190e-02
8.528249e-02
8.531338e-02
8.534401e-02
8.537495e-02
8.540561e-02
8.543657e-02
8.546726e-02
8.549856e-02
8.552927e-02
8.556059e-02
8.559263e-02
8.562368e-02
8.565541e-02
8.568791e-02
8.571867e-02
8.575010e-02
8.578226e-02
8.581341e-02
8.584527e-02
8.587794e-02
8.590881e-02
8.594038e-02
8.597273e-02
8.600405e-02
8.603612e-02
8.606750e-02
8.609967e-02
8.613113e-02
8.616341e-02
8.619497e-02
8.622739e-02
8.625907e-02
8.629165e-02
8.632348e-02
8.635627e-02
8.638828e-02
8.642133e-02
8.645357e-02
8.648671e-02
8.651847e-02
8.655130e-02
8.658281e-02
8.661541e-02
8.664871e-02
8.668275e-02
8.671411e-02
8.674657e-02
8.677996e-02
8.681394e-02
8.684512e-02
8.687738e-02
8.691073e-02
8.694142e-02
8.697302e-02
8.700390e-02
8.703569e-02
8.706681e-02
8.709888e-02
8.713026e-02
8.716265e-02
8.719430e-02
8.722703e-02
8.725897e-02
8.729211e-02
8.732438e-02
8.735761e-02
8.738842e-02
8.742092e-02
8.745177e-02
8.748389e-02
8.751478e-02
8.754678e-02
8.757774e-02
8.760957e-02
8.764054e-02
8.767251e-02
8.770350e-02
8.773520e-02
8.776620e-02
8.779801e-02
8.782953e-02
8.786183e-02
8.789349e-02
8.792594e-02
8.795701e-02
8.798959e-02
8.802068e-02
8.805338e-02
8.808451e-02
8.811737e-02
8.814944e-02
8.818252e-02
8.821360e-02
8.824671e-02
8.827780e-02
8.831092e-02
8.834203e-02
8.837514e-02
8.840626e-02
8.843938e-02
8.847050e-02
8.850362e-02
8.853475e-02
8.856787e-02
8.859898e-02
8.863211e-02
8.866322e-02
8.869635e-02
8.872745e-02
8.876043e-02
8.879152e-02
8.882427e-02
8.885536e-02
8.888793e-02
8.891903e-02
8.895147e-02
8.898259e-02
8.901574e-02
8.904940e-02
8.908255e-02
8.911620e-02
8.914936e-02
8.918036e-02
8.921352e-02
8.924454e-02
8.927770e-02
8.930875e-02
8.934192e-02
8.937299e-02
8.940615e-02
8.943724e-02
8.947041e-02
8.950152e-02
8.953469e-02
8.956581e-02
8.959899e-02
8.963012e-02
8.966305e-02
8.969418e-02
8.972689e-02
8.975803e-02
8.979056e-02
8.982170e-02
8.985406e-02
8.988521e-02
8.991744e-02
8.994859e-02
8.998070e-02
9.001187e-02
9.004388e-02
9.007506e-02
9.010732e-02
9.013851e-02
9.017072e-02
9.020193e-02
9.023373e-02
9.026495e-02
9.029689e-02
9.032812e-02
9.036024e-02
9.039150e-02
9.042360e-02
9.045488e-02
9.048697e-02
9.051826e-02
9.055035e-02
9.058165e-02
9.061374e-02
9.064505e-02
9.067714e-02
9.071007e-02
9.074186e-02
9.077353e-02
9.080605e-02
9.083783e-02
9.086954e-02
9.090157e-02
9.093454e-02
9.096574e-02
9.099707e-02
9.102826e-02
9.105955e-02
9.109075e-02
9.112201e-02
9.115291e-02
9.118441e-02
9.121532e-02
9.124700e-02
9.127794e-02
9.130969e-02
9.134066e-02
9.137242e-02
9.140342e-02
9.143516e-02
9.146620e-02
9.149824e-02
9.152931e-02
9.156133e-02
9.159244e-02
9.162418e-02
9.165494e-02
9.168640e-02
9.171718e-02
9.174850e-02
9.177929e-02
9.181055e-02
9.184136e-02
9.187260e-02
9.190342e-02
9.193465e-02
9.196549e-02
9.199672e-02
9.202758e-02
9.205883e-02
9.208971e-02
9.212097e-02
9.215188e-02
9.218317e-02
9.221411e-02
9.224571e-02
9.227669e-02
9.230833e-02
9.233934e-02
9.237102e-02
9.240207e-02
9.243387e-02
9.246502e-02
9.249694e-02
9.252822e-02
9.256023e-02
9.259161e-02
9.262371e-02
9.265519e-02
9.268738e-02
9.271893e-02
9.275120e-02
9.278282e-02
9.281516e-02
9.284683e-02
9.287924e-02
9.291250e-02
9.294463e-02
9.297751e-02
9.301133e-02
9.304314e-02
9.307581e-02
9.310942e-02
9.314183e-02
9.317521e-02
9.320927e-02
9.324137e-02
9.327453e-02
9.330882e-02
9.334179e-02
9.337598e-02
9.341012e-02
9.344106e-02
9.347294e-02
9.350583e-02
9.353953e-02
9.357275e-02
9.360696e-02
9.364194e-02
9.367617e-02
9.371118e-02
9.374543e-02
9.378047e-02
9.381475e-02
9.384581e-02
9.387789e-02
9.391110e-02
9.394311e-02
9.397618e-02
9.400865e-02
9.404067e-02
9.407320e-02
9.410526e-02
9.413787e-02
9.416859e-02
9.420117e-02
9.423199e-02
9.426444e-02
9.429530e-02
9.432748e-02
9.435834e-02
9.439059e-02
9.442332e-02
9.445505e-02
9.448798e-02
9.452195e-02
9.455294e-02
9.458494e-02
9.461804e-02
9.464988e-02
9.468278e-02
9.471484e-02
9.474801e-02
9.478035e-02
9.481386e-02
9.484653e-02
9.488048e-02
9.491359e-02
9.494814e-02
9.498179e-02
9.501662e-02
9.505092e-02
9.508627e-02
9.512072e-02
9.515607e-02
9.519061e-02
9.522597e-02
9.526051e-02
9.529129e-02
9.532303e-02
9.535583e-02
9.538735e-02
9.541986e-02
9.545155e-02
9.548424e-02
9.551613e-02
9.554905e-02
9.558117e-02
9.561438e-02
9.564676e-02
9.568032e-02
9.571303e-02
9.574705e-02
9.578020e-02
9.581466e-02
9.584838e-02
9.588341e-02
9.591783e-02
9.595326e-02
9.598785e-02
9.602329e-02
9.605792e-02
9.609338e-02
9.612468e-02
9.615698e-02
9.619036e-02
9.622143e-02
9.625337e-02
9.628466e-02
9.631682e-02
9.634831e-02
9.638069e-02
9.641237e-02
9.644498e-02
9.647685e-02
9.650970e-02
9.654177e-02
9.657490e-02
9.660720e-02
9.664069e-02
9.667327e-02
9.670717e-02
9.674010e-02
9.677455e-02
9.680792e-02
9.684283e-02
9.687678e-02
9.691172e-02
9.694637e-02
9.697828e-02
9.701147e-02
9.704591e-02
9.707682e-02
9.710866e-02
9.713973e-02
9.717168e-02
9.720291e-02
9.723502e-02
9.726641e-02
9.729868e-02
9.733023e-02
9.736268e-02
9.739438e-02
9.742702e-02
9.745889e-02
9.749174e-02
9.752379e-02
9.755691e-02
9.758918e-02
9.762262e-02
9.765516e-02
9.768903e-02
9.772191e-02
9.775631e-02
9.778963e-02
9.782472e-02
9.785862e-02
9.789430e-02
9.792891e-02
9.796452e-02
9.800010e-02
9.803591e-02
9.806677e-02
9.809851e-02
9.813121e-02
9.816273e-02
9.819510e-02
9.822845e-02
9.825968e-02
9.829172e-02
9.832464e-02
9.835856e-02
9.839000e-02
9.842225e-02
9.845541e-02
9.848962e-02
9.852125e-02
9.855379e-02
9.858734e-02
9.861968e-02
9.865306e-02
9.868757e-02
9.871966e-02
9.875291e-02
9.878741e-02
9.882053e-02
9.885503e-02
9.889093e-02
9.892380e-02
9.895832e-02
9.899169e-02
9.902687e-02
9.906083e-02
9.909690e-02
9.912773e-02
9.916002e-02
9.919362e-02
9.922845e-02
9.925938e-02
9.929115e-02
9.932222e-02
9.935407e-02
9.938526e-02
9.941721e-02
9.944851e-02
9.948056e-02
9.951194e-02
9.954407e-02
9.957704e-02
9.960890e-02
9.964159e-02
9.967520e-02
9.970681e-02
9.973924e-02
9.977261e-02
9.980700e-02
9.983878e-02
9.987149e-02
9.990525e-02
9.993776e-02
9.997137e-02
1.000061e-01
1.000384e-01
1.000718e-01
1.001066e-01
1.001399e-01
1.001746e-01
1.002107e-01
1.002438e-01
1.002785e-01
1.003121e-01
1.003475e-01
1.003817e-01
1.004178e-01
1.004487e-01
1.004811e-01
1.005148e-01
1.005498e-01
1.005808e-01
1.006126e-01
1.006437e-01
1.006756e-01
1.007069e-01
1.007389e-01
1.007702e-01
1.008023e-01
1.008337e-01
1.008659e-01
1.008989e-01
1.009308e-01
1.009635e-01
1.009972e-01
1.010289e-01
1.010613e-01
1.010948e-01
1.011270e-01
1.011603e-01
1.011945e-01
1.012265e-01
1.012596e-01
1.012938e-01
1.013266e-01
1.013607e-01
1.013961e-01
1.014287e-01
1.014628e-01
1.014957e-01
1.015302e-01
1.015636e-01
1.015987e-01
1.016297e-01
1.016631e-01
1.016977e-01
1.017332e-01
1.017687e-01
1.018046e-01
1.018356e-01
1.018674e-01
1.018985e-01
1.019304e-01
1.019616e-01
1.019935e-01
1.020248e-01
1.020568e-01
1.020881e-01
1.021202e-01
1.021530e-01
1.021866e-01
1.022180e-01
1.022501e-01
1.022830e-01
1.023168e-01
1.023515e-01
1.023874e-01
1.024241e-01
1.024603e-01
1.024970e-01
1.025330e-01
1.025696e-01
1.026055e-01
1.026420e-01
1.026780e-01
1.027145e-01
1.027504e-01
1.027869e-01
1.028228e-01
1.028593e-01
1.028952e-01
1.029316e-01
1.029675e-01
1.030040e-01
1.030399e-01
1.030763e-01
1.031122e-01
1.031487e-01
1.031846e-01
1.032211e-01
1.032570e-01
1.032935e-01
1.033295e-01
1.033660e-01
1.034020e-01
1.034385e-01
1.034746e-01
1.035111e-01
1.035471e-01
1.035836e-01
1.036195e-01
1.036561e-01
1.036921e-01
1.037287e-01
1.037647e-01
1.038012e-01
1.038372e-01
1.038738e-01
1.039097e-01
1.039462e-01
1.039823e-01
1.040188e-01
1.040548e-01
1.040914e-01
1.041274e-01
1.041640e-01
1.042000e-01
1.042366e-01
1.042726e-01
1.043091e-01
1.043450e-01
1.043815e-01
1.044176e-01
1.044541e-01
1.044902e-01
1.045267e-01
1.045627e-01
1.045992e-01
1.046352e-01
1.046717e-01
1.047077e-01
1.047442e-01
1.047802e-01
1.048115e-01
1.048433e-01
1.048784e-01
1.049144e-01
1.049511e-01
1.049872e-01
1.050239e-01
1.050600e-01
1.050967e-01
1.051328e-01
1.051696e-01
1.052057e-01
1.052425e-01
1.052787e-01
1.053155e-01
1.053518e-01
1.053886e-01
1.054249e-01
1.054618e-01
1.054981e-01
1.055350e-01
1.055713e-01
1.056081e-01
1.056445e-01
1.056813e-01
1.057175e-01
1.057544e-01
1.057907e-01
1.058275e-01
1.058637e-01
1.059005e-01
1.059368e-01
1.059737e-01
1.060099e-01
1.060468e-01
1.060831e-01
1.061200e-01
1.061563e-01
1.061931e-01
1.062293e-01
1.062662e-01
1.063025e-01
1.063394e-01
1.063757e-01
1.064125e-01
1.064488e-01
1.064856e-01
1.065219e-01
1.065587e-01
1.065951e-01
1.066320e-01
1.066684e-01
1.067053e-01
1.067416e-01
1.067785e-01
1.068148e-01
1.068517e-01
1.068881e-01
1.069249e-01
1.069613e-01
1.069982e-01
1.070346e-01
1.070715e-01
1.071078e-01
1.071448e-01
1.071812e-01
1.072181e-01
1.072546e-01
1.072916e-01
1.073281e-01
1.073652e-01
1.074017e-01
1.074388e-01
1.074754e-01
1.075126e-01
1.075493e-01
1.075866e-01
1.076234e-01
1.076607e-01
1.076976e-01
1.077351e-01
1.077720e-01
1.078096e-01
1.078467e-01
1.078844e-01
1.079217e-01
1.079595e-01
1.079969e-01
1.080349e-01
1.080724e-01
1.081106e-01
1.081483e-01
1.081867e-01
1.082246e-01
1.082632e-01
1.083013e-01
1.083401e-01
1.083784e-01
1.084175e-01
1.084561e-01
1.084954e-01
1.085342e-01
1.085739e-01
1.086130e-01
1.086529e-01
1.086923e-01
1.087326e-01
1.087724e-01
1.088130e-01
1.088531e-01
1.088941e-01
1.089346e-01
1.089760e-01
1.090169e-01
1.090587e-01
1.091000e-01
1.091422e-01
1.091840e-01
1.092267e-01
1.092689e-01
1.093119e-01
1.093546e-01
1.093975e-01
1.094404e-01
1.094833e-01
1.095260e-01
1.095687e-01
1.096114e-01
1.096540e-01
1.096966e-01
1.097391e-01
1.097815e-01
1.098238e-01
1.098661e-01
1.099083e-01
1.099504e-01
1.099925e-01
1.100345e-01
1.100765e-01
1.101184e-01
1.101604e-01
1.102023e-01
1.102443e-01
1.102862e-01
1.103171e-01
1.103511e-01
1.103820e-01
1.104159e-01
1.104468e-01
1.104808e-01
1.105181e-01
1.105592e-01
1.105901e-01
1.106241e-01
1.106550e-01
1.106870e-01
1.107179e-01
1.107520e-01
1.107829e-01
1.108170e-01
1.108479e-01
1.108820e-01
1.109130e-01
1.109470e-01
1.109780e-01
1.110120e-01
1.110430e-01
1.110770e-01
1.111080e-01
1.111420e-01
1.111730e-01
1.112070e-01
1.112380e-01
1.112717e-01
1.113026e-01
1.113360e-01
1.113669e-01
1.114000e-01
1.114309e-01
1.114637e-01
1.114998e-01
1.115395e-01
1.115809e-01
1.116222e-01
1.116533e-01
1.116874e-01
1.117184e-01
1.117526e-01
1.117836e-01
1.118177e-01
1.118488e-01
1.118829e-01
1.119139e-01
1.119481e-01
1.119791e-01
1.120132e-01
1.120443e-01
1.120784e-01
1.121094e-01
1.121436e-01
1.121746e-01
1.122060e-01
1.122370e-01
1.122685e-01
1.122995e-01
1.123310e-01
1.123621e-01
1.123940e-01
1.124250e-01
1.124564e-01
1.124871e-01
1.125185e-01
1.125493e-01
1.125807e-01
1.126117e-01
1.126432e-01
1.126755e-01
1.127071e-01
1.127397e-01
1.127715e-01
1.128024e-01
1.128338e-01
1.128647e-01
1.128967e-01
1.129277e-01
1.129595e-01
1.129906e-01
1.130247e-01
1.130557e-01
1.130876e-01
1.131186e-01
1.131519e-01
1.131830e-01
1.132149e-01
1.132459e-01
1.132779e-01
1.133089e-01
1.133408e-01
1.133722e-01
1.134041e-01
1.134355e-01
1.134674e-01
1.134985e-01
1.135304e-01
1.135614e-01
1.135933e-01
1.136247e-01
1.136566e-01
1.136879e-01
1.137198e-01
1.137511e-01
1.137830e-01
1.138144e-01
1.138463e-01
1.138773e-01
1.139092e-01
1.139402e-01
1.139721e-01
1.140032e-01
1.140351e-01
1.140661e-01
1.140980e-01
1.141290e-01
1.141610e-01
1.141923e-01
1.142243e-01
1.142556e-01
1.142877e-01
1.143190e-01
1.143512e-01
1.143852e-01
1.144212e-01
1.144602e-01
1.145011e-01
1.145420e-01
1.145829e-01
1.146237e-01
1.146646e-01
1.147054e-01
1.147463e-01
1.147871e-01
1.148279e-01
1.148687e-01
1.149095e-01
1.149503e-01
1.149911e-01
1.150319e-01
1.150727e-01
1.151135e-01
1.151543e-01
1.151951e-01
1.152358e-01
1.152766e-01
1.153174e-01
1.153581e-01
1.153989e-01
1.154396e-01
1.154804e-01
1.155211e-01
1.155618e-01
1.156026e-01
1.156433e-01
1.156840e-01
1.157247e-01
1.157654e-01
1.158061e-01
1.158468e-01
1.158874e-01
1.159281e-01
1.159687e-01
1.160094e-01
1.160500e-01
1.160907e-01
1.161313e-01
1.161719e-01
1.162125e-01
1.162530e-01
1.162936e-01
1.163342e-01
1.163747e-01
1.164152e-01
1.164558e-01
1.164963e-01
1.165368e-01
1.165773e-01
1.166177e-01
1.166579e-01
1.166982e-01
1.167383e-01
1.167784e-01
1.168183e-01
1.168582e-01
1.168979e-01
1.169374e-01
1.169768e-01
1.170161e-01
1.170552e-01
1.170943e-01
1.171333e-01
1.171722e-01
1.172110e-01
1.172498e-01
1.172883e-01
1.173268e-01
1.173652e-01
1.174035e-01
1.174418e-01
1.174800e-01
1.175182e-01
1.175564e-01
1.175946e-01
1.176328e-01
1.176613e-01
1.176927e-01
1.177211e-01
1.177524e-01
1.177809e-01
1.178117e-01
1.178402e-01
1.178707e-01
1.178992e-01
1.179283e-01
1.179568e-01
1.179859e-01
1.180145e-01
1.180451e-01
1.180737e-01
1.181046e-01
1.181334e-01
1.181641e-01
1.181979e-01
1.182351e-01
1.182639e-01
1.182955e-01
1.183244e-01
1.183562e-01
1.183851e-01
1.184170e-01
1.184459e-01
1.184753e-01
1.185042e-01
1.185336e-01
1.185625e-01
1.185917e-01
1.186206e-01
1.186497e-01
1.186786e-01
1.187077e-01
1.187366e-01
1.187658e-01
1.187947e-01
1.188238e-01
1.188528e-01
1.188819e-01
1.189109e-01
1.189401e-01
1.189690e-01
1.189966e-01
1.190256e-01
1.190532e-01
1.190821e-01
1.191096e-01
1.191387e-01
1.191662e-01
1.191953e-01
1.192229e-01
1.192516e-01
1.192791e-01
1.193083e-01
1.193358e-01
1.193645e-01
1.193920e-01
1.194222e-01
1.194497e-01
1.194789e-01
1.195065e-01
1.195342e-01
1.195617e-01
1.195910e-01
1.196185e-01
1.196463e-01
1.196738e-01
1.197017e-01
1.197292e-01
1.197571e-01
1.197847e-01
1.198128e-01
1.198405e-01
1.198686e-01
1.198963e-01
1.199245e-01
1.199522e-01
1.199804e-01
1.200082e-01
1.200364e-01
1.200642e-01
1.200925e-01
1.201203e-01
1.201485e-01
1.201763e-01
1.202046e-01
1.202325e-01
1.202608e-01
1.202886e-01
1.203170e-01
1.203449e-01
1.203735e-01
1.204042e-01
1.204363e-01
1.204677e-01
1.204999e-01
1.205314e-01
1.205635e-01
1.205950e-01
1.206278e-01
1.206592e-01
1.206914e-01
1.207229e-01
1.207552e-01
1.207867e-01
1.208190e-01
1.208506e-01
1.208829e-01
1.209145e-01
1.209469e-01
1.209786e-01
1.210110e-01
1.210428e-01
1.210754e-01
1.211073e-01
1.211400e-01
1.211720e-01
1.212048e-01
1.212368e-01
1.212696e-01
1.213018e-01
1.213347e-01
1.213669e-01
1.213999e-01
1.214322e-01
1.214653e-01
1.214978e-01
1.215310e-01
1.215635e-01
1.215914e-01
1.216199e-01
1.216491e-01
1.216766e-01
1.217048e-01
1.217324e-01
1.217605e-01
1.217881e-01
1.218162e-01
1.218438e-01
1.218720e-01
1.218996e-01
1.219277e-01
1.219553e-01
1.219835e-01
1.220111e-01
1.220392e-01
1.220668e-01
1.220950e-01
1.221226e-01
1.221508e-01
1.221784e-01
1.222066e-01
1.222343e-01
1.222625e-01
1.222901e-01
1.223183e-01
1.223460e-01
1.223742e-01
1.224019e-01
1.224301e-01
1.224579e-01
1.224861e-01
1.225138e-01
1.225421e-01
1.225699e-01
1.225982e-01
1.226260e-01
1.226543e-01
1.226821e-01
1.227104e-01
1.227383e-01
1.227667e-01
1.227945e-01
1.228229e-01
1.228508e-01
1.228793e-01
1.229072e-01
1.229356e-01
1.229636e-01
1.229921e-01
1.230201e-01
1.230487e-01
1.230767e-01
1.231053e-01
1.231333e-01
1.231620e-01
1.231901e-01
1.232188e-01
1.232470e-01
1.232757e-01
1.233049e-01
1.233347e-01
1.233631e-01
1.233921e-01
1.234207e-01
1.234500e-01
1.234788e-01
1.235085e-01
1.235375e-01
1.235674e-01
1.235967e-01
1.236269e-01
1.236563e-01
1.236868e-01
1.237164e-01
1.237471e-01
1.237770e-01
1.238080e-01
1.238381e-01
1.238695e-01
1.238999e-01
1.239318e-01
1.239626e-01
1.239951e-01
1.240263e-01
1.240596e-01
1.240915e-01
1.241210e-01
1.241518e-01
1.241836e-01
1.242115e-01
1.242401e-01
1.242693e-01
1.242992e-01
1.243272e-01
1.243558e-01
1.243845e-01
1.244138e-01
1.244425e-01
1.244717e-01
1.245004e-01
1.245297e-01
1.245584e-01
1.245873e-01
1.246160e-01
1.246450e-01
1.246737e-01
1.247026e-01
1.247313e-01
1.247602e-01
1.247889e-01
1.248178e-01
1.248465e-01
1.248754e-01
1.249041e-01
1.249330e-01
1.249616e-01
1.249905e-01
1.250192e-01
1.250481e-01
1.250767e-01
1.251056e-01
1.251343e-01
1.251632e-01
1.251918e-01
1.252211e-01
1.252488e-01
1.252772e-01
1.253061e-01
1.253358e-01
1.253636e-01
1.253919e-01
1.254197e-01
1.254477e-01
1.254755e-01
1.255035e-01
1.255313e-01
1.255592e-01
1.255870e-01
1.256149e-01
1.256426e-01
1.256708e-01
1.256985e-01
1.257267e-01
1.257544e-01
1.257826e-01
1.258103e-01
1.258385e-01
1.258661e-01
1.258943e-01
1.259220e-01
1.259501e-01
1.259778e-01
1.260059e-01
1.260336e-01
1.260617e-01
1.260894e-01
1.261175e-01
1.261452e-01
1.261733e-01
1.262020e-01
1.262313e-01
1.262601e-01
1.262894e-01
1.263181e-01
1.263475e-01
1.263762e-01
1.264056e-01
1.264343e-01
1.264637e-01
1.264925e-01
1.265218e-01
1.265506e-01
1.265800e-01
1.266088e-01
1.266382e-01
1.266670e-01
1.266964e-01
1.267265e-01
1.267575e-01
1.267896e-01
1.268227e-01
1.268573e-01
1.268932e-01
1.269306e-01
1.269693e-01
1.270095e-01
1.270497e-01
1.270899e-01
1.271301e-01
1.271703e-01
1.272105e-01
1.272507e-01
1.272910e-01
1.273312e-01
1.273715e-01
1.274117e-01
1.274520e-01
1.274923e-01
1.275326e-01
1.275729e-01
1.276132e-01
1.276535e-01
1.276939e-01
1.277342e-01
1.277746e-01
1.278149e-01
1.278553e-01
1.278957e-01
1.279361e-01
1.279765e-01
1.280169e-01
1.280574e-01
1.280978e-01
1.281383e-01
1.281788e-01
1.282193e-01
1.282598e-01
1.283003e-01
1.283408e-01
1.283814e-01
1.284220e-01
1.284626e-01
1.285032e-01
1.285438e-01
1.285735e-01
1.286036e-01
1.286333e-01
1.286632e-01
1.286928e-01
1.287227e-01
1.287524e-01
1.287823e-01
1.288120e-01
1.288419e-01
1.288715e-01
1.289015e-01
1.289311e-01
1.289611e-01
1.289907e-01
1.290207e-01
1.290503e-01
1.290803e-01
1.291132e-01
1.291494e-01
1.291893e-01
1.292308e-01
1.292725e-01
1.293143e-01
1.293562e-01
1.293850e-01
1.294143e-01
1.294443e-01
1.294749e-01
1.295064e-01
1.295387e-01
1.295721e-01
1.296065e-01
1.296422e-01
1.296791e-01
1.297172e-01
1.297564e-01
1.297995e-01
1.298292e-01
1.298620e-01
1.298980e-01
1.299377e-01
1.299813e-01
1.300252e-01
1.300691e-01
1.301131e-01
1.301571e-01
1.302011e-01
1.302451e-01
1.302891e-01
1.303331e-01
1.303771e-01
1.304211e-01
1.304652e-01
1.305092e-01
1.305532e-01
1.305973e-01
1.306414e-01
1.306854e-01
1.307295e-01
1.307736e-01
1.308177e-01
1.308476e-01
1.308781e-01
1.309092e-01
1.309410e-01
1.309735e-01
1.310093e-01
1.310486e-01
1.310888e-01
1.311290e-01
1.311693e-01
1.312095e-01
1.312497e-01
1.312900e-01
1.313302e-01
1.313705e-01
1.314108e-01
1.314511e-01
1.314913e-01
1.315316e-01
1.315719e-01
1.316123e-01
1.316526e-01
1.316929e-01
1.317332e-01
1.317736e-01
1.318139e-01
1.318543e-01
1.318947e-01
1.319350e-01
1.319754e-01
1.320158e-01
1.320562e-01
1.320966e-01
1.321370e-01
1.321775e-01
1.322179e-01
1.322583e-01
1.322988e-01
1.323393e-01
1.323797e-01
1.324202e-01
1.324607e-01
1.325012e-01
1.325417e-01
1.325822e-01
1.326227e-01
1.326633e-01
1.327038e-01
1.327443e-01
1.327849e-01
1.328255e-01
1.328661e-01
1.329066e-01
1.329472e-01
1.329879e-01
1.330285e-01
1.330691e-01
1.331098e-01
1.331504e-01
1.331911e-01
1.332318e-01
1.332725e-01
1.333132e-01
1.333539e-01
1.333838e-01
1.334142e-01
1.334441e-01
1.334745e-01
1.335044e-01
1.335345e-01
1.335644e-01
1.335946e-01
1.336245e-01
1.336547e-01
1.336846e-01
1.337148e-01
1.337447e-01
1.337749e-01
1.338060e-01
1.338377e-01
1.338703e-01
1.339037e-01
1.339380e-01
1.339734e-01
1.340100e-01
1.340502e-01
1.340916e-01
1.341330e-01
1.341745e-01
1.342161e-01
1.342578e-01
1.342996e-01
1.343414e-01
1.343834e-01
1.344255e-01
1.344678e-01
1.345101e-01
1.345527e-01
1.345954e-01
1.346384e-01
1.346810e-01
1.347244e-01
1.347669e-01
1.348108e-01
1.348531e-01
1.348969e-01
1.349390e-01
1.349827e-01
1.350248e-01
1.350683e-01
1.351103e-01
1.351538e-01
1.351957e-01
1.352392e-01
1.352691e-01
1.352996e-01
1.353296e-01
1.353598e-01
1.353898e-01
1.354200e-01
1.354500e-01
1.354803e-01
1.355102e-01
1.355408e-01
1.355744e-01
1.356114e-01
1.356418e-01
1.356752e-01
1.357119e-01
1.357523e-01
1.357947e-01
1.358378e-01
1.358802e-01
1.359233e-01
1.359656e-01
1.360086e-01
1.360509e-01
1.360938e-01
1.361359e-01
1.361794e-01
1.362214e-01
1.362656e-01
1.363073e-01
1.363514e-01
1.363930e-01
1.364370e-01
1.364785e-01
1.365225e-01
1.365510e-01
1.365803e-01
1.366104e-01
1.366385e-01
1.366674e-01
1.366970e-01
1.367257e-01
1.367552e-01
1.367855e-01
1.368134e-01
1.368419e-01
1.368710e-01
1.369001e-01
1.369301e-01
1.369613e-01
1.369893e-01
1.370178e-01
1.370470e-01
1.370768e-01
1.371076e-01
1.371392e-01
1.371673e-01
1.371959e-01
1.372252e-01
1.372555e-01
1.372867e-01
1.373157e-01
1.373458e-01
1.373772e-01
1.374063e-01
1.374350e-01
1.374644e-01
1.374939e-01
1.375224e-01
1.375515e-01
1.375800e-01
1.376092e-01
1.376378e-01
1.376671e-01
1.376957e-01
1.377251e-01
1.377537e-01
1.377832e-01
1.378119e-01
1.378414e-01
1.378702e-01
1.378998e-01
1.379286e-01
1.379583e-01
1.379872e-01
1.380170e-01
1.380460e-01
1.380759e-01
1.381050e-01
1.381351e-01
1.381643e-01
1.381945e-01
1.382239e-01
1.382543e-01
1.382838e-01
1.383145e-01
1.383442e-01
1.383752e-01
1.384052e-01
1.384365e-01
1.384667e-01
1.384985e-01
1.385290e-01
1.385613e-01
1.385922e-01
1.386246e-01
1.386560e-01
1.386884e-01
1.387204e-01
1.387532e-01
1.387854e-01
1.388184e-01
1.388508e-01
1.388839e-01
1.389164e-01
1.389495e-01
1.389821e-01
1.390153e-01
1.390480e-01
1.390812e-01
1.391139e-01
1.391473e-01
1.391800e-01
1.392134e-01
1.392461e-01
1.392796e-01
1.393124e-01
1.393459e-01
1.393787e-01
1.394123e-01
1.394452e-01
1.394788e-01
1.395117e-01
1.395453e-01
1.395783e-01
1.396120e-01
1.396450e-01
1.396787e-01
1.397118e-01
1.397456e-01
1.397799e-01
1.398148e-01
1.398510e-01
1.398891e-01
1.399289e-01
1.399701e-01
1.400122e-01
1.400550e-01
1.400978e-01
1.401405e-01
1.401832e-01
1.402258e-01
1.402683e-01
1.403108e-01
1.403533e-01
1.403958e-01
1.404382e-01
1.404806e-01
1.405231e-01
1.405655e-01
1.406080e-01
1.406504e-01
1.406929e-01
1.407353e-01
1.407778e-01
1.408202e-01
1.408627e-01
1.408931e-01
1.409241e-01
1.409558e-01
1.409865e-01
1.410179e-01
1.410486e-01
1.410791e-01
1.411102e-01
1.411407e-01
1.411718e-01
1.412023e-01
1.412334e-01
1.412639e-01
1.412950e-01
1.413256e-01
1.413567e-01
1.413873e-01
1.414184e-01
1.414490e-01
1.414801e-01
1.415107e-01
1.415418e-01
1.415739e-01
1.416070e-01
1.416415e-01
1.416773e-01
1.417147e-01
1.417537e-01
1.417942e-01
1.418361e-01
1.418779e-01
1.419198e-01
1.419618e-01
1.420040e-01
1.420464e-01
1.420890e-01
1.421316e-01
1.421741e-01
1.422058e-01
1.422407e-01
1.422791e-01
1.423211e-01
1.423637e-01
1.424063e-01
1.424489e-01
1.424915e-01
1.425341e-01
1.425767e-01
1.426194e-01
1.426620e-01
1.427046e-01
1.427473e-01
1.427899e-01
1.428326e-01
1.428648e-01
1.429002e-01
1.429325e-01
1.429667e-01
1.429990e-01
1.430330e-01
1.430653e-01
1.430991e-01
1.431315e-01
1.431652e-01
1.431976e-01
1.432312e-01
1.432635e-01
1.432971e-01
1.433295e-01
1.433629e-01
1.433954e-01
1.434288e-01
1.434612e-01
1.434946e-01
1.435271e-01
1.435604e-01
1.435929e-01
1.436262e-01
1.436587e-01
1.436920e-01
1.437246e-01
1.437579e-01
1.437904e-01
1.438237e-01
1.438562e-01
1.438890e-01
1.439216e-01
1.439545e-01
1.439870e-01
1.440199e-01
1.440525e-01
1.440854e-01
1.441180e-01
1.441508e-01
1.441835e-01
1.442164e-01
1.442490e-01
1.442819e-01
1.443146e-01
1.443478e-01
1.443805e-01
1.444137e-01
1.444464e-01
1.444797e-01
1.445124e-01
1.445457e-01
1.445796e-01
1.446142e-01
1.446497e-01
1.446861e-01
1.447234e-01
1.447620e-01
1.448017e-01
1.448427e-01
1.448849e-01
1.449276e-01
1.449704e-01
1.450132e-01
1.450559e-01
1.450975e-01
1.451390e-01
1.451806e-01
1.452221e-01
1.452637e-01
1.453053e-01
1.453469e-01
1.453885e-01
1.454302e-01
1.454718e-01
1.455135e-01
1.455552e-01
1.455969e-01
1.456388e-01
1.456809e-01
1.457233e-01
1.457661e-01
1.458089e-01
1.458517e-01
1.458945e-01
1.459372e-01
1.459800e-01
1.460227e-01
1.460655e-01
1.461082e-01
1.461510e-01
1.461937e-01
1.462364e-01
1.462791e-01
1.463218e-01
1.463645e-01
1.464072e-01
1.464499e-01
1.464926e-01
1.465353e-01
1.465780e-01
1.466207e-01
1.466634e-01
1.467060e-01
1.467487e-01
1.467914e-01
1.468341e-01
1.468768e-01
1.469184e-01
1.469600e-01
1.470016e-01
1.470433e-01
1.470849e-01
1.471266e-01
1.471683e-01
1.472100e-01
1.472518e-01
1.472936e-01
1.473355e-01
1.473774e-01
1.474193e-01
1.474615e-01
1.475038e-01
1.475465e-01
1.475895e-01
1.476188e-01
1.476499e-01
1.476832e-01
1.477146e-01
1.477475e-01
1.477798e-01
1.478120e-01
1.478449e-01
1.478773e-01
1.479103e-01
1.479428e-01
1.479759e-01
1.480084e-01
1.480416e-01
1.480741e-01
1.481072e-01
1.481395e-01
1.481723e-01
1.482042e-01
1.482367e-01
1.482672e-01
1.482983e-01
1.483292e-01
1.483611e-01
1.483916e-01
1.484226e-01
1.484531e-01
1.484839e-01
1.485144e-01
1.485456e-01
1.485772e-01
1.486094e-01
1.486396e-01
1.486692e-01
1.486983e-01
1.487277e-01
1.487568e-01
1.487861e-01
1.488151e-01
1.488443e-01
1.488734e-01
1.489027e-01
1.489320e-01
1.489615e-01
1.489908e-01
1.490205e-01
1.490503e-01
1.490802e-01
1.491107e-01
1.491407e-01
1.491704e-01
1.492007e-01
1.492315e-01
1.492630e-01
1.492926e-01
1.493248e-01
1.493550e-01
1.493860e-01
1.494155e-01
1.494476e-01
1.494781e-01
1.495093e-01
1.495387e-01
1.495709e-01
1.496002e-01
1.496316e-01
1.496609e-01
1.496921e-01
1.497242e-01
1.497564e-01
1.497875e-01
1.498170e-01
1.498473e-01
1.498782e-01
1.499075e-01
1.499374e-01
1.499667e-01
1.499966e-01
1.500259e-01
1.500559e-01
1.500852e-01
1.501151e-01
1.501444e-01
1.501743e-01
1.502036e-01
1.502336e-01
1.502642e-01
1.502939e-01
1.503242e-01
1.503552e-01
1.503846e-01
1.504145e-01
1.504447e-01
1.504744e-01
1.505048e-01
1.505360e-01
1.505664e-01
1.505962e-01
1.506267e-01
1.506580e-01
1.506903e-01
1.507202e-01
1.507509e-01
1.507825e-01
1.508120e-01
1.508424e-01
1.508737e-01
1.509039e-01
1.509349e-01
1.509669e-01
1.509967e-01
1.510275e-01
1.510590e-01
1.510896e-01
1.511212e-01
1.511538e-01
1.511839e-01
1.512153e-01
1.512477e-01
1.512788e-01
1.513113e-01
1.513439e-01
1.513746e-01
1.514069e-01
1.514370e-01
1.514683e-01
1.515010e-01
1.515336e-01
1.515652e-01
1.515978e-01
1.516313e-01
1.516637e-01
1.516969e-01
1.517292e-01
1.517621e-01
1.517943e-01
1.518275e-01
1.518596e-01
1.518926e-01
1.519247e-01
1.519576e-01
1.519894e-01
1.520222e-01
1.520540e-01
1.520865e-01
1.521182e-01
1.521506e-01
1.521821e-01
1.522143e-01
1.522457e-01
1.522777e-01
1.523089e-01
1.523408e-01
1.523718e-01
1.524035e-01
1.524344e-01
1.524659e-01
1.524966e-01
1.525279e-01
1.525585e-01
1.525896e-01
1.526201e-01
1.526510e-01
1.526813e-01
1.527121e-01
1.527423e-01
1.527729e-01
1.528030e-01
1.528334e-01
1.528634e-01
1.528937e-01
1.529236e-01
1.529538e-01
1.529836e-01
1.530137e-01
1.530434e-01
1.530735e-01
1.531031e-01
1.531331e-01
1.531628e-01
1.531927e-01
1.532223e-01
1.532522e-01
1.532818e-01
1.533117e-01
1.533413e-01
1.533711e-01
1.534007e-01
1.534306e-01
1.534601e-01
1.534900e-01
1.535195e-01
1.535494e-01
1.535789e-01
1.536088e-01
1.536383e-01
1.536682e-01
1.536977e-01
1.537276e-01
1.537571e-01
1.537870e-01
1.538165e-01
1.538463e-01
1.538759e-01
1.539084e-01
1.539379e-01
1.539705e-01
1.540000e-01
1.540325e-01
1.540621e-01
1.540946e-01
1.541241e-01
1.541566e-01
1.541862e-01
1.542187e-01
1.542483e-01
1.542808e-01
1.543104e-01
1.543429e-01
1.543725e-01
1.544023e-01
1.544319e-01
1.544618e-01
1.544913e-01
1.545212e-01
1.545508e-01
1.545807e-01
1.546103e-01
1.546401e-01
1.546697e-01
1.546996e-01
1.547292e-01
1.547591e-01
1.547887e-01
1.548186e-01
1.548483e-01
1.548782e-01
1.549078e-01
1.549377e-01
1.549674e-01
1.549973e-01
1.550269e-01
1.550569e-01
1.550865e-01
1.551165e-01
1.551461e-01
1.551761e-01
1.552057e-01
1.552357e-01
1.552654e-01
1.552953e-01
1.553250e-01
1.553550e-01
1.553847e-01
1.554147e-01
1.554443e-01
1.554743e-01
1.555040e-01
1.555340e-01
1.555637e-01
1.555937e-01
1.556234e-01
1.556534e-01
1.556832e-01
1.557132e-01
1.557429e-01
1.557729e-01
1.558026e-01
1.558327e-01
1.558624e-01
1.558924e-01
1.559222e-01
1.559522e-01
1.559819e-01
1.560120e-01
1.560417e-01
1.560718e-01
1.561015e-01
1.561316e-01
1.561614e-01
1.561914e-01
1.562212e-01
1.562513e-01
1.562810e-01
1.563111e-01
1.563409e-01
1.563710e-01
1.564007e-01
1.564308e-01
1.564606e-01
1.564907e-01
1.565205e-01
1.565506e-01
1.565804e-01
1.566105e-01
1.566403e-01
1.566704e-01
1.567002e-01
1.567303e-01
1.567601e-01
1.567902e-01
1.568200e-01
1.568501e-01
1.568799e-01
1.569100e-01
1.569398e-01
1.569699e-01
1.569997e-01
1.570299e-01
1.570597e-01
1.570898e-01
1.571196e-01
1.571497e-01
1.571795e-01
1.572096e-01
1.572394e-01
1.572696e-01
1.572994e-01
1.573295e-01
1.573593e-01
1.573894e-01
1.574192e-01
1.574493e-01
1.574791e-01
1.575093e-01
1.575391e-01
1.575692e-01
1.575990e-01
1.576291e-01
1.576589e-01
1.576890e-01
1.577188e-01
1.577489e-01
1.577787e-01
1.578088e-01
1.578386e-01
1.578687e-01
1.578986e-01
1.579287e-01
1.579585e-01
1.579886e-01
1.580184e-01
1.580485e-01
1.580783e-01
1.581083e-01
1.581382e-01
1.581682e-01
1.581980e-01
1.582281e-01
1.582579e-01
1.582880e-01
1.583178e-01
1.583479e-01
1.583777e-01
1.584078e-01
1.584376e-01
1.584677e-01
1.584975e-01
1.585276e-01
1.585574e-01
1.585874e-01
1.586173e-01
1.586500e-01
1.586799e-01
1.587126e-01
1.587454e-01
1.587787e-01
1.588115e-01
1.588449e-01
1.588766e-01
1.589100e-01
1.589399e-01
1.589694e-01
1.589996e-01
1.590304e-01
1.590604e-01
1.590910e-01
1.591225e-01
1.591548e-01
1.591877e-01
1.592211e-01
1.592539e-01
1.592873e-01
1.593173e-01
1.593469e-01
1.593773e-01
1.594085e-01
1.594386e-01
1.594694e-01
1.595012e-01
1.595338e-01
1.595667e-01
1.596002e-01
1.596332e-01
1.596629e-01
1.596936e-01
1.597251e-01
1.597555e-01
1.597868e-01
1.598191e-01
1.598492e-01
1.598802e-01
1.599122e-01
1.599430e-01
1.599748e-01
1.600077e-01
1.600381e-01
1.600696e-01
1.601023e-01
1.601336e-01
1.601661e-01
1.601999e-01
1.602307e-01
1.602630e-01
1.602967e-01
1.603319e-01
1.603672e-01
1.604025e-01
1.604379e-01
1.604731e-01
1.605085e-01
1.605438e-01
1.605791e-01
1.606144e-01
1.606496e-01
1.606848e-01
1.607200e-01
1.607551e-01
1.607903e-01
1.608254e-01
1.608605e-01
1.608956e-01
1.609307e-01
1.609658e-01
1.610009e-01
1.610359e-01
1.610711e-01
1.611061e-01
1.611413e-01
1.611763e-01
1.612115e-01
1.612466e-01
1.612817e-01
1.613168e-01
1.613520e-01
1.613871e-01
1.614223e-01
1.614574e-01
1.614927e-01
1.615278e-01
1.615631e-01
1.615982e-01
1.616335e-01
1.616686e-01
1.617039e-01
1.617391e-01
1.617744e-01
1.618095e-01
1.618448e-01
1.618800e-01
1.619154e-01
1.619506e-01
1.619859e-01
1.620211e-01
1.620565e-01
1.620917e-01
1.621271e-01
1.621623e-01
1.621976e-01
1.622304e-01
1.622639e-01
1.622981e-01
1.623313e-01
1.623652e-01
1.623984e-01
1.624323e-01
1.624656e-01
1.624985e-01
1.625321e-01
1.625650e-01
1.625986e-01
1.626316e-01
1.626652e-01
1.626982e-01
1.627318e-01
1.627648e-01
1.627984e-01
1.628315e-01
1.628651e-01
1.628981e-01
1.629318e-01
1.629648e-01
1.629985e-01
1.630316e-01
1.630652e-01
1.630984e-01
1.631320e-01
1.631652e-01
1.631989e-01
1.632320e-01
1.632657e-01
1.632989e-01
1.633324e-01
1.633656e-01
1.633991e-01
1.634323e-01
1.634658e-01
1.634991e-01
1.635326e-01
1.635659e-01
1.635995e-01
1.636328e-01
1.636664e-01
1.636997e-01
1.637334e-01
1.637667e-01
1.638004e-01
1.638338e-01
1.638675e-01
1.639010e-01
1.639347e-01
1.639682e-01
1.640020e-01
1.640356e-01
1.640694e-01
1.641030e-01
1.641368e-01
1.641704e-01
1.642043e-01
1.642380e-01
1.642719e-01
1.643057e-01
1.643396e-01
1.643744e-01
1.644099e-01
1.644448e-01
1.644803e-01
1.645151e-01
1.645505e-01
1.645853e-01
1.646207e-01
1.646555e-01
1.646909e-01
1.647257e-01
1.647612e-01
1.647960e-01
1.648314e-01
1.648662e-01
1.649017e-01
1.649366e-01
1.649720e-01
1.650068e-01
1.650423e-01
1.650772e-01
1.651127e-01
1.651475e-01
1.651830e-01
1.652179e-01
1.652534e-01
1.652882e-01
1.653238e-01
1.653587e-01
1.653942e-01
1.654291e-01
1.654646e-01
1.654995e-01
1.655350e-01
1.655699e-01
1.656055e-01
1.656404e-01
1.656759e-01
1.657108e-01
1.657463e-01
1.657813e-01
1.658169e-01
1.658519e-01
1.658876e-01
1.659225e-01
1.659582e-01
1.659932e-01
1.660288e-01
1.660638e-01
1.660995e-01
1.661345e-01
1.661701e-01
1.662051e-01
1.662407e-01
1.662758e-01
1.663114e-01
1.663463e-01
1.663820e-01
1.664170e-01
1.664527e-01
1.664878e-01
1.665235e-01
1.665585e-01
1.665942e-01
1.666291e-01
1.666645e-01
1.666994e-01
1.667349e-01
1.667698e-01
1.668052e-01
1.668401e-01
1.668756e-01
1.669105e-01
1.669460e-01
1.669809e-01
1.670164e-01
1.670513e-01
1.670871e-01
1.671220e-01
1.671578e-01
1.671927e-01
1.672285e-01
1.672635e-01
1.672990e-01
1.673339e-01
1.673694e-01
1.674043e-01
1.674398e-01
1.674747e-01
1.675102e-01
1.675452e-01
1.675807e-01
1.676156e-01
1.676511e-01
1.676861e-01
1.677216e-01
1.677565e-01
1.677920e-01
1.678273e-01
1.678632e-01
1.678981e-01
1.679335e-01
1.679689e-01
1.680049e-01
1.680398e-01
1.680753e-01
1.681102e-01
1.681457e-01
1.681806e-01
1.682162e-01
1.682515e-01
1.682876e-01
1.683230e-01
1.683590e-01
1.683943e-01
1.684303e-01
1.684652e-01
1.685007e-01
1.685360e-01
1.685721e-01
1.686070e-01
1.686425e-01
1.686775e-01
1.687130e-01
1.687479e-01
1.687834e-01
1.688183e-01
1.688539e-01
1.688888e-01
1.689243e-01
1.689593e-01
1.689948e-01
1.690297e-01
1.690653e-01
1.691002e-01
1.691358e-01
1.691707e-01
1.692063e-01
1.692413e-01
1.692768e-01
1.693118e-01
1.693473e-01
1.693823e-01
1.694179e-01
1.694529e-01
1.694884e-01
1.695234e-01
1.695590e-01
1.695940e-01
1.696296e-01
1.696645e-01
1.697000e-01
1.697350e-01
1.697706e-01
1.698055e-01
1.698411e-01
1.698761e-01
1.699116e-01
1.699466e-01
1.699822e-01
1.700172e-01
1.700528e-01
1.700878e-01
1.701233e-01
1.701583e-01
1.701940e-01
1.702290e-01
1.702646e-01
1.703004e-01
1.703369e-01
1.703720e-01
1.704085e-01
1.704436e-01
1.704801e-01
1.705151e-01
1.705505e-01
1.705856e-01
1.706209e-01
1.706560e-01
1.706914e-01
1.707264e-01
1.707629e-01
1.707980e-01
1.708346e-01
1.708697e-01
1.709062e-01
1.709422e-01
1.709788e-01
1.710148e-01
1.710514e-01
1.710874e-01
1.711241e-01
1.711601e-01
1.711969e-01
1.712329e-01
1.712697e-01
1.713058e-01
1.713426e-01
1.713787e-01
1.714155e-01
1.714517e-01
1.714885e-01
1.715247e-01
1.715616e-01
1.715968e-01
1.716337e-01
1.716699e-01
1.717068e-01
1.717430e-01
1.717799e-01
1.718162e-01
1.718531e-01
1.718894e-01
1.719264e-01
1.719627e-01
1.719997e-01
1.720361e-01
1.720730e-01
1.721095e-01
1.721465e-01
1.721829e-01
1.722199e-01
1.722563e-01
1.722933e-01
1.723298e-01
1.723668e-01
1.724033e-01
1.724403e-01
1.724769e-01
1.725140e-01
1.725507e-01
1.725877e-01
1.726243e-01
1.726614e-01
1.726981e-01
1.727352e-01
1.727719e-01
1.728090e-01
1.728458e-01
1.728829e-01
1.729197e-01
1.729570e-01
1.729937e-01
1.730310e-01
1.730678e-01
1.731051e-01
1.731419e-01
1.731792e-01
1.732162e-01
1.732535e-01
1.732904e-01
1.733278e-01
1.733631e-01
1.733990e-01
1.734343e-01
1.734702e-01
1.735055e-01
1.735414e-01
1.735767e-01
1.736126e-01
1.736480e-01
1.736839e-01
1.737192e-01
1.737551e-01
1.737905e-01
1.738264e-01
1.738617e-01
1.738977e-01
1.739343e-01
1.739716e-01
1.740090e-01
1.740468e-01
1.740841e-01
1.741220e-01
1.741593e-01
1.741972e-01
1.742326e-01
1.742685e-01
1.743051e-01
1.743425e-01
1.743778e-01
1.744138e-01
1.744504e-01
1.744878e-01
1.745254e-01
1.745636e-01
1.746012e-01
1.746394e-01
1.746771e-01
1.747153e-01
1.747530e-01
1.747913e-01
1.748289e-01
1.748672e-01
1.749049e-01
1.749432e-01
1.749808e-01
1.750192e-01
1.750568e-01
1.750951e-01
1.751328e-01
1.751711e-01
1.752088e-01
1.752471e-01
1.752848e-01
1.753232e-01
1.753609e-01
1.753992e-01
1.754370e-01
1.754757e-01
1.755134e-01
1.755523e-01
1.755902e-01
1.756237e-01
1.756607e-01
1.756943e-01
1.757277e-01
1.757614e-01
1.757949e-01
1.758286e-01
1.758621e-01
1.758958e-01
1.759293e-01
1.759631e-01
1.759966e-01
1.760304e-01
1.760639e-01
1.760977e-01
1.761312e-01
1.761650e-01
1.761985e-01
1.762323e-01
1.762658e-01
1.762996e-01
1.763331e-01
1.763669e-01
1.764005e-01
1.764343e-01
1.764679e-01
1.765017e-01
1.765353e-01
1.765691e-01
1.766027e-01
1.766366e-01
1.766702e-01
1.767040e-01
1.767376e-01
1.767715e-01
1.768052e-01
1.768391e-01
1.768727e-01
1.769066e-01
1.769403e-01
1.769742e-01
1.770078e-01
1.770418e-01
1.770755e-01
1.771094e-01
1.771431e-01
1.771771e-01
1.772108e-01
1.772448e-01
1.772785e-01
1.773125e-01
1.773463e-01
1.773803e-01
1.774141e-01
1.774481e-01
1.774819e-01
1.775160e-01
1.775498e-01
1.775839e-01
1.776177e-01
1.776518e-01
1.776857e-01
1.777199e-01
1.777537e-01
1.777879e-01
1.778218e-01
1.778561e-01
1.778900e-01
1.779243e-01
1.779583e-01
1.779926e-01
1.780266e-01
1.780610e-01
1.780951e-01
1.781296e-01
1.781637e-01
1.781982e-01
1.782323e-01
1.782669e-01
1.783012e-01
1.783358e-01
1.783701e-01
1.784049e-01
1.784392e-01
1.784741e-01
1.785085e-01
1.785434e-01
1.785780e-01
1.786130e-01
1.786476e-01
1.786828e-01
1.787175e-01
1.787528e-01
1.787876e-01
1.788231e-01
1.788580e-01
1.788937e-01
1.789287e-01
1.789645e-01
1.789997e-01
1.790357e-01
1.790711e-01
1.791074e-01
1.791429e-01
1.791794e-01
1.792152e-01
1.792519e-01
1.792879e-01
1.793250e-01
1.793613e-01
1.793987e-01
1.794353e-01
1.794732e-01
1.795101e-01
1.795477e-01
1.795850e-01
1.796229e-01
1.796603e-01
1.796984e-01
1.797360e-01
1.797742e-01
1.798119e-01
1.798501e-01
1.798878e-01
1.799261e-01
1.799638e-01
1.800021e-01
1.800398e-01
1.800781e-01
1.801158e-01
1.801541e-01
1.801918e-01
1.802302e-01
1.802679e-01
1.803063e-01
1.803440e-01
1.803823e-01
1.804201e-01
1.804584e-01
1.804961e-01
1.805343e-01
1.805720e-01
1.806102e-01
1.806477e-01
1.806858e-01
1.807220e-01
1.807587e-01
1.807949e-01
1.808318e-01
1.808680e-01
1.809049e-01
1.809411e-01
1.809781e-01
1.810143e-01
1.810513e-01
1.810875e-01
1.811245e-01
1.811606e-01
1.811976e-01
1.812338e-01
1.812708e-01
1.813070e-01
1.813440e-01
1.813802e-01
1.814172e-01
1.814534e-01
1.814904e-01
1.815266e-01
1.815636e-01
1.816001e-01
1.816374e-01
1.816737e-01
1.817107e-01
1.817468e-01
1.817836e-01
1.818194e-01
1.818559e-01
1.818915e-01
1.819277e-01
1.819632e-01
1.819991e-01
1.820343e-01
1.820699e-01
1.821049e-01
1.821403e-01
1.821750e-01
1.822102e-01
1.822447e-01
1.822796e-01
1.823140e-01
1.823487e-01
1.823830e-01
1.824175e-01
1.824516e-01
1.824860e-01
1.825200e-01
1.825543e-01
1.825882e-01
1.826224e-01
1.826563e-01
1.826905e-01
1.827243e-01
1.827585e-01
1.827923e-01
1.828265e-01
1.828603e-01
1.828945e-01
1.829283e-01
1.829624e-01
1.829963e-01
1.830304e-01
1.830643e-01
1.830984e-01
1.831322e-01
1.831664e-01
1.832002e-01
1.832344e-01
1.832682e-01
1.833023e-01
1.833362e-01
1.833703e-01
1.834042e-01
1.834383e-01
1.834722e-01
1.835063e-01
1.835401e-01
1.835743e-01
1.836081e-01
1.836423e-01
1.836762e-01
1.837104e-01
1.837443e-01
1.837785e-01
1.838125e-01
1.838468e-01
1.838808e-01
1.839152e-01
1.839492e-01
1.839837e-01
1.840179e-01
1.840525e-01
1.840867e-01
1.841215e-01
1.841558e-01
1.841907e-01
1.842252e-01
1.842603e-01
1.842950e-01
1.843302e-01
1.843651e-01
1.844006e-01
1.844357e-01
1.844715e-01
1.845068e-01
1.845429e-01
1.845785e-01
1.846151e-01
1.846510e-01
1.846880e-01
1.847244e-01
1.847619e-01
1.847987e-01
1.848363e-01
1.848737e-01
1.849119e-01
1.849497e-01
1.849882e-01
1.850263e-01
1.850650e-01
1.851031e-01
1.851420e-01
1.851803e-01
1.852132e-01
1.852467e-01
1.852835e-01
1.853219e-01
1.853609e-01
1.853993e-01
1.854383e-01
1.854765e-01
1.855154e-01
1.855536e-01
1.855923e-01
1.856304e-01
1.856691e-01
1.857071e-01
1.857457e-01
1.857836e-01
1.858219e-01
1.858596e-01
1.858979e-01
1.859355e-01
1.859737e-01
1.860113e-01
1.860494e-01
1.860870e-01
1.861250e-01
1.861624e-01
1.862003e-01
1.862377e-01
1.862756e-01
1.863130e-01
1.863509e-01
1.863883e-01
1.864268e-01
1.864641e-01
1.865020e-01
1.865394e-01
1.865773e-01
1.866148e-01
1.866533e-01
1.866906e-01
1.867285e-01
1.867659e-01
1.868045e-01
1.868419e-01
1.868798e-01
1.869173e-01
1.869553e-01
1.869927e-01
1.870313e-01
1.870687e-01
1.871067e-01
1.871442e-01
1.871822e-01
1.872197e-01
1.872577e-01
1.872952e-01
1.873333e-01
1.873708e-01
1.874088e-01
1.874463e-01
1.874844e-01
1.875220e-01
1.875601e-01
1.875977e-01
1.876358e-01
1.876735e-01
1.877117e-01
1.877494e-01
1.877876e-01
1.878253e-01
1.878636e-01
1.879013e-01
1.879396e-01
1.879774e-01
1.880158e-01
1.880536e-01
1.880866e-01
1.881223e-01
1.881554e-01
1.881887e-01
1.882217e-01
1.882551e-01
1.882917e-01
1.883299e-01
1.883687e-01
1.884070e-01
1.884400e-01
1.884764e-01
1.885151e-01
1.885534e-01
1.885921e-01
1.886303e-01
1.886690e-01
1.887072e-01
1.887459e-01
1.887841e-01
1.888229e-01
1.888612e-01
1.889000e-01
1.889382e-01
1.889770e-01
1.890153e-01
1.890484e-01
1.890848e-01
1.891179e-01
1.891543e-01
1.891875e-01
1.892239e-01
1.892631e-01
1.893019e-01
1.893413e-01
1.893800e-01
1.894193e-01
1.894580e-01
1.894973e-01
1.895361e-01
1.895754e-01
1.896141e-01
1.896534e-01
1.896922e-01
1.897314e-01
1.897702e-01
1.898094e-01
1.898482e-01
1.898875e-01
1.899262e-01
1.899656e-01
1.900044e-01
1.900437e-01
1.900826e-01
1.901221e-01
1.901610e-01
1.902005e-01
1.902396e-01
1.902728e-01
1.903093e-01
1.903425e-01
1.903791e-01
1.904190e-01
1.904585e-01
1.904986e-01
1.905382e-01
1.905785e-01
1.906182e-01
1.906586e-01
1.906984e-01
1.907390e-01
1.907790e-01
1.908197e-01
1.908599e-01
1.909008e-01
1.909411e-01
1.909822e-01
1.910227e-01
1.910640e-01
1.911046e-01
1.911461e-01
1.911870e-01
1.912287e-01
1.912697e-01
1.913116e-01
1.913529e-01
1.913950e-01
1.914364e-01
1.914788e-01
1.915204e-01
1.915630e-01
1.916048e-01
1.916476e-01
1.916897e-01
1.917230e-01
1.917597e-01
1.917930e-01
1.918297e-01
1.918631e-01
1.918998e-01
1.919331e-01
1.919698e-01
1.920032e-01
1.920399e-01
1.920732e-01
1.921096e-01
1.921430e-01
1.921791e-01
1.922124e-01
1.922483e-01
1.922816e-01
1.923173e-01
1.923507e-01
1.923861e-01
1.924195e-01
1.924549e-01
1.924883e-01
1.925235e-01
1.925622e-01
1.926043e-01
1.926495e-01
1.926939e-01
1.927392e-01
1.927838e-01
1.928293e-01
1.928740e-01
1.929197e-01
1.929646e-01
1.930105e-01
1.930555e-01
1.931015e-01
1.931467e-01
1.931929e-01
1.932382e-01
1.932845e-01
1.933300e-01
1.933765e-01
1.934221e-01
1.934687e-01
1.935144e-01
1.935612e-01
1.936071e-01
1.936540e-01
1.937000e-01
1.937334e-01
1.937701e-01
1.938035e-01
1.938403e-01
1.938737e-01
1.939104e-01
1.939438e-01
1.939806e-01
1.940140e-01
1.940505e-01
1.940839e-01
1.941200e-01
1.941534e-01
1.941891e-01
1.942225e-01
1.942580e-01
1.942914e-01
1.943267e-01
1.943602e-01
1.943954e-01
1.944341e-01
1.944759e-01
1.945218e-01
1.945687e-01
1.946156e-01
1.946625e-01
1.947094e-01
1.947562e-01
1.948031e-01
1.948500e-01
1.948968e-01
1.949437e-01
1.949905e-01
1.950232e-01
1.950588e-01
1.950969e-01
1.951322e-01
1.951686e-01
1.952059e-01
1.952419e-01
1.952790e-01
1.953169e-01
1.953554e-01
1.953945e-01
1.954356e-01
1.954786e-01
1.955230e-01
1.955685e-01
1.956146e-01
1.956611e-01
1.957077e-01
1.957543e-01
1.958009e-01
1.958475e-01
1.958941e-01
1.959406e-01
1.959739e-01
1.960105e-01
1.960438e-01
1.960774e-01
1.961106e-01
1.961442e-01
1.961775e-01
1.962111e-01
1.962443e-01
1.962810e-01
1.963142e-01
1.963509e-01
1.963841e-01
1.964205e-01
1.964537e-01
1.964903e-01
1.965235e-01
1.965601e-01
1.965933e-01
1.966299e-01
1.966632e-01
1.966998e-01
1.967330e-01
1.967696e-01
1.968029e-01
1.968395e-01
1.968727e-01
1.969090e-01
1.969423e-01
1.969782e-01
1.970115e-01
1.970454e-01
1.970787e-01
1.971123e-01
1.971456e-01
1.971792e-01
1.972125e-01
1.972462e-01
1.972795e-01
1.973131e-01
1.973464e-01
1.973801e-01
1.974134e-01
1.974471e-01
1.974804e-01
1.975141e-01
1.975475e-01
1.975812e-01
1.976146e-01
1.976487e-01
1.976842e-01
1.977213e-01
1.977605e-01
1.978019e-01
1.978458e-01
1.978923e-01
1.979390e-01
1.979857e-01
1.980325e-01
1.980792e-01
1.981260e-01
1.981727e-01
1.982195e-01
1.982662e-01
1.983130e-01
1.983597e-01
1.984065e-01
1.984532e-01
1.985000e-01
1.985467e-01
1.985935e-01
1.986402e-01
1.986870e-01
1.987337e-01
1.987805e-01
1.988272e-01
1.988740e-01
1.989207e-01
1.989675e-01
1.990142e-01
1.990610e-01
1.991077e-01
1.991545e-01
1.992012e-01
1.992480e-01
1.992947e-01
1.993415e-01
1.993883e-01
1.994350e-01
1.994818e-01
1.995285e-01
1.995753e-01
1.996221e-01
1.996688e-01
1.997156e-01
1.997623e-01
1.998091e-01
1.998559e-01
1.999027e-01
1.999494e-01
1.999962e-01
2.000430e-01
2.000897e-01
2.001365e-01
