# 1  : Date
# 2  : Temps elapsed min (mus)
# 3  : Rang temps elapsed min
# 4  : Noeud temps elapsed min
# 5  : Temps elapsed max (mus)
# 6  : Rang temps elapsed max
# 7  : Noeud temps elapsed max
# 8  : Grind time (mus/maille/cycle)
# 9  : Grind time équivalent séquentiel (#8 X nb_de_coeurs)
#     1     2     3     4      5      6      7       8      9
#   ATTENTION  les temps cpu schémas sont données dans l'ordre alphabétique des schémas WARNING
#  10: TELAPS Hydro (mus)
1.213485e-03   4.236e+04 0 inti1211   4.254e+04 3 inti1211   2.964e-01 4.742e+00  3.357e+04
3.669785e-03   4.559e+04 0 inti1211   4.585e+04 3 inti1211   2.907e-01 4.652e+00  3.659e+04
6.599369e-03   5.022e+04 0 inti1211   5.042e+04 3 inti1211   2.948e-01 4.717e+00  4.081e+04
9.236172e-03   5.318e+04 0 inti1211   5.326e+04 3 inti1211   2.879e-01 4.607e+00  4.334e+04
1.100110e-02   5.446e+04 0 inti1211   5.459e+04 2 inti1211   2.822e-01 4.515e+00  4.444e+04
1.307646e-02   5.816e+04 0 inti1211   5.820e+04 3 inti1211   2.861e-01 4.578e+00  4.754e+04
1.533094e-02   6.146e+04 0 inti1211   6.149e+04 1 inti1211   2.865e-01 4.584e+00  5.066e+04
1.755433e-02   6.485e+04 0 inti1211   6.492e+04 3 inti1211   2.871e-01 4.593e+00  5.272e+04
2.002508e-02   6.656e+04 0 inti1211   6.670e+04 3 inti1211   2.786e-01 4.457e+00  5.451e+04
2.262877e-02   6.973e+04 0 inti1211   6.989e+04 3 inti1211   2.744e-01 4.391e+00  5.757e+04
2.536301e-02   7.276e+04 0 inti1211   7.294e+04 3 inti1211   2.687e-01 4.299e+00  5.963e+04
2.831552e-02   7.568e+04 0 inti1211   7.584e+04 3 inti1211   2.608e-01 4.173e+00  6.245e+04
3.143790e-02   7.953e+04 0 inti1211   7.961e+04 3 inti1211   2.545e-01 4.071e+00  6.592e+04
3.449465e-02   8.231e+04 0 inti1211   8.236e+04 3 inti1211   2.453e-01 3.924e+00  6.799e+04
3.760935e-02   8.850e+04 0 inti1211   8.853e+04 1 inti1211   2.458e-01 3.933e+00  7.377e+04
4.087672e-02   9.243e+04 0 inti1211   9.258e+04 3 inti1211   2.402e-01 3.844e+00  7.670e+04
4.411873e-02   9.522e+04 0 inti1211   9.530e+04 3 inti1211   2.331e-01 3.730e+00  7.978e+04
4.747430e-02   9.849e+04 0 inti1211   9.859e+04 3 inti1211   2.282e-01 3.651e+00  8.292e+04
5.095341e-02   1.082e+05 0 inti1211   1.083e+05 3 inti1211   2.381e-01 3.810e+00  9.179e+04
5.442128e-02   1.049e+05 0 inti1211   1.051e+05 3 inti1211   2.200e-01 3.521e+00  8.856e+04
5.781475e-02   1.097e+05 0 inti1211   1.099e+05 3 inti1211   2.197e-01 3.516e+00  9.282e+04
6.115527e-02   1.113e+05 0 inti1211   1.115e+05 3 inti1211   2.136e-01 3.417e+00  9.399e+04
6.435118e-02   1.154e+05 0 inti1211   1.154e+05 1 inti1211   2.127e-01 3.403e+00  9.766e+04
6.743190e-02   1.186e+05 0 inti1211   1.186e+05 3 inti1211   2.114e-01 3.382e+00  1.006e+05
7.063343e-02   1.229e+05 2 inti1211   1.229e+05 3 inti1211   2.122e-01 3.396e+00  1.042e+05
7.410553e-02   1.263e+05 0 inti1211   1.264e+05 3 inti1211   2.113e-01 3.380e+00  1.074e+05
7.751934e-02   1.319e+05 0 inti1211   1.319e+05 3 inti1211   2.140e-01 3.424e+00  1.119e+05
8.095532e-02   1.355e+05 0 inti1211   1.357e+05 3 inti1211   2.140e-01 3.424e+00  1.152e+05
8.432821e-02   1.379e+05 0 inti1211   1.381e+05 3 inti1211   2.122e-01 3.395e+00  1.175e+05
8.773465e-02   1.421e+05 0 inti1211   1.422e+05 2 inti1211   2.136e-01 3.417e+00  1.212e+05
9.132804e-02   1.448e+05 0 inti1211   1.450e+05 2 inti1211   2.128e-01 3.404e+00  1.237e+05
9.498377e-02   1.486e+05 0 inti1211   1.488e+05 2 inti1211   2.137e-01 3.419e+00  1.273e+05
9.865441e-02   1.511e+05 0 inti1211   1.512e+05 2 inti1211   2.126e-01 3.401e+00  1.294e+05
1.023332e-01   1.539e+05 0 inti1211   1.540e+05 2 inti1211   2.122e-01 3.395e+00  1.317e+05
1.060446e-01   1.561e+05 0 inti1211   1.562e+05 2 inti1211   2.111e-01 3.377e+00  1.335e+05
1.097938e-01   1.592e+05 1 inti1211   1.593e+05 2 inti1211   2.112e-01 3.379e+00  1.364e+05
1.129952e-01   1.645e+05 0 inti1211   1.646e+05 2 inti1211   2.147e-01 3.436e+00  1.413e+05
1.166938e-01   1.676e+05 0 inti1211   1.678e+05 2 inti1211   2.146e-01 3.434e+00  1.443e+05
1.199085e-01   1.707e+05 0 inti1211   1.708e+05 2 inti1211   2.149e-01 3.439e+00  1.469e+05
1.233071e-01   1.726e+05 1 inti1211   1.727e+05 2 inti1211   2.138e-01 3.421e+00  1.481e+05
1.271475e-01   1.774e+05 0 inti1211   1.777e+05 2 inti1211   2.158e-01 3.453e+00  1.534e+05
1.309748e-01   1.798e+05 0 inti1211   1.801e+05 2 inti1211   2.146e-01 3.433e+00  1.557e+05
1.348039e-01   1.834e+05 0 inti1211   1.836e+05 2 inti1211   2.145e-01 3.432e+00  1.590e+05
1.387093e-01   1.872e+05 0 inti1211   1.875e+05 2 inti1211   2.145e-01 3.431e+00  1.624e+05
1.417678e-01   1.886e+05 0 inti1211   1.888e+05 2 inti1211   2.125e-01 3.400e+00  1.632e+05
1.447055e-01   1.909e+05 0 inti1211   1.911e+05 2 inti1211   2.122e-01 3.395e+00  1.654e+05
1.480369e-01   1.940e+05 0 inti1211   1.941e+05 2 inti1211   2.124e-01 3.398e+00  1.686e+05
1.509649e-01   1.985e+05 1 inti1211   1.986e+05 2 inti1211   2.146e-01 3.433e+00  1.727e+05
1.537612e-01   2.011e+05 1 inti1211   2.012e+05 2 inti1211   2.149e-01 3.438e+00  1.751e+05
1.566876e-01   2.030e+05 0 inti1211   2.031e+05 2 inti1211   2.144e-01 3.431e+00  1.767e+05
1.597682e-01   2.069e+05 0 inti1211   2.071e+05 2 inti1211   2.160e-01 3.457e+00  1.801e+05
1.632177e-01   2.088e+05 0 inti1211   2.090e+05 2 inti1211   2.156e-01 3.449e+00  1.817e+05
1.664657e-01   2.100e+05 0 inti1211   2.101e+05 2 inti1211   2.147e-01 3.435e+00  1.824e+05
1.696160e-01   2.098e+05 0 inti1211   2.100e+05 2 inti1211   2.129e-01 3.407e+00  1.826e+05
1.730244e-01   2.106e+05 0 inti1211   2.107e+05 2 inti1211   2.121e-01 3.393e+00  1.834e+05
1.769555e-01   2.101e+05 0 inti1211   2.102e+05 2 inti1211   2.100e-01 3.360e+00  1.830e+05
1.809095e-01   2.113e+05 0 inti1211   2.114e+05 2 inti1211   2.098e-01 3.357e+00  1.844e+05
1.837987e-01   2.127e+05 0 inti1211   2.128e+05 2 inti1211   2.104e-01 3.366e+00  1.856e+05
1.870516e-01   2.124e+05 0 inti1211   2.126e+05 2 inti1211   2.092e-01 3.347e+00  1.854e+05
1.903175e-01   2.158e+05 0 inti1211   2.159e+05 2 inti1211   2.115e-01 3.384e+00  1.888e+05
1.938476e-01   2.173e+05 0 inti1211   2.174e+05 2 inti1211   2.120e-01 3.391e+00  1.898e+05
1.967374e-01   2.173e+05 0 inti1211   2.174e+05 2 inti1211   2.113e-01 3.381e+00  1.898e+05
1.997957e-01   2.175e+05 0 inti1211   2.176e+05 2 inti1211   2.108e-01 3.373e+00  1.901e+05
