# 1  : Date
# 2  : Temps elapsed min (mus)
# 3  : Rang temps elapsed min
# 4  : Noeud temps elapsed min
# 5  : Temps elapsed max (mus)
# 6  : Rang temps elapsed max
# 7  : Noeud temps elapsed max
# 8  : Grind time (mus/maille/cycle)
# 9  : Grind time équivalent séquentiel (#8 X nb_de_coeurs)
#     1     2     3     4      5      6      7       8      9
#   ATTENTION  les temps cpu schémas sont données dans l'ordre alphabétique des schémas WARNING
#  10: TELAPS Hydro (mus)
5.991381e-05   4.023e+04 0 inti1223   4.034e+04 3 inti1223   2.924e-01 4.679e+00  3.163e+04
1.241108e-04   4.030e+04 0 inti1223   4.038e+04 3 inti1223   2.924e-01 4.678e+00  3.172e+04
2.218364e-04   4.078e+04 0 inti1223   4.098e+04 3 inti1223   2.959e-01 4.734e+00  3.209e+04
3.450484e-04   4.085e+04 0 inti1223   4.095e+04 3 inti1223   2.946e-01 4.714e+00  3.216e+04
4.928567e-04   4.111e+04 0 inti1223   4.119e+04 3 inti1223   2.950e-01 4.719e+00  3.247e+04
6.633414e-04   4.106e+04 0 inti1223   4.124e+04 3 inti1223   2.937e-01 4.700e+00  3.237e+04
8.544971e-04   4.263e+04 0 inti1223   4.274e+04 3 inti1223   3.025e-01 4.840e+00  3.364e+04
1.066414e-03   4.258e+04 0 inti1223   4.268e+04 3 inti1223   3.001e-01 4.802e+00  3.368e+04
1.298076e-03   4.331e+04 0 inti1223   4.350e+04 3 inti1223   3.033e-01 4.852e+00  3.433e+04
1.546896e-03   4.379e+04 0 inti1223   4.386e+04 3 inti1223   3.035e-01 4.855e+00  3.481e+04
1.813064e-03   4.473e+04 1 inti1223   4.482e+04 3 inti1223   3.072e-01 4.915e+00  3.547e+04
2.095157e-03   4.433e+04 0 inti1223   4.452e+04 3 inti1223   3.026e-01 4.841e+00  3.521e+04
2.393563e-03   4.476e+04 0 inti1223   4.486e+04 3 inti1223   3.023e-01 4.837e+00  3.549e+04
2.707820e-03   5.266e+04 0 inti1223   5.280e+04 3 inti1223   3.522e-01 5.634e+00  3.737e+04
3.030938e-03   4.623e+04 0 inti1223   4.643e+04 3 inti1223   3.070e-01 4.912e+00  3.711e+04
3.355991e-03   4.514e+04 0 inti1223   4.530e+04 3 inti1223   2.965e-01 4.744e+00  3.595e+04
3.683649e-03   4.543e+04 0 inti1223   4.568e+04 3 inti1223   2.962e-01 4.739e+00  3.626e+04
4.014755e-03   4.543e+04 0 inti1223   4.570e+04 3 inti1223   2.935e-01 4.696e+00  3.633e+04
4.351346e-03   4.603e+04 0 inti1223   4.620e+04 3 inti1223   2.938e-01 4.701e+00  3.687e+04
4.668462e-03   4.631e+04 0 inti1223   4.648e+04 3 inti1223   2.946e-01 4.713e+00  3.710e+04
4.958424e-03   4.794e+04 0 inti1223   4.812e+04 3 inti1223   3.022e-01 4.835e+00  3.851e+04
5.225774e-03   4.933e+04 0 inti1223   4.950e+04 3 inti1223   3.086e-01 4.938e+00  3.988e+04
5.516662e-03   5.070e+04 0 inti1223   5.086e+04 3 inti1223   3.141e-01 5.026e+00  4.124e+04
5.817655e-03   4.969e+04 0 inti1223   4.996e+04 3 inti1223   3.058e-01 4.893e+00  4.033e+04
6.103704e-03   5.101e+04 0 inti1223   5.118e+04 3 inti1223   3.099e-01 4.959e+00  4.141e+04
6.365734e-03   5.158e+04 0 inti1223   5.177e+04 3 inti1223   3.106e-01 4.969e+00  4.198e+04
6.596972e-03   5.295e+04 0 inti1223   5.325e+04 3 inti1223   3.171e-01 5.073e+00  4.320e+04
6.809909e-03   5.255e+04 0 inti1223   5.274e+04 3 inti1223   3.118e-01 4.989e+00  4.265e+04
7.016281e-03   5.290e+04 0 inti1223   5.321e+04 3 inti1223   3.125e-01 5.000e+00  4.299e+04
7.218255e-03   5.700e+04 0 inti1223   5.721e+04 3 inti1223   3.338e-01 5.341e+00  4.712e+04
7.400787e-03   5.042e+04 1 inti1223   5.049e+04 3 inti1223   2.932e-01 4.691e+00  4.064e+04
7.560410e-03   4.998e+04 0 inti1223   5.014e+04 3 inti1223   2.897e-01 4.636e+00  4.025e+04
7.712229e-03   5.112e+04 1 inti1223   5.119e+04 2 inti1223   2.945e-01 4.712e+00  4.128e+04
7.864003e-03   5.039e+04 1 inti1223   5.047e+04 3 inti1223   2.892e-01 4.627e+00  4.059e+04
8.015427e-03   5.135e+04 1 inti1223   5.142e+04 3 inti1223   2.932e-01 4.690e+00  4.154e+04
8.166069e-03   5.439e+04 0 inti1223   5.465e+04 3 inti1223   3.103e-01 4.965e+00  4.453e+04
8.317603e-03   5.160e+04 1 inti1223   5.169e+04 2 inti1223   2.920e-01 4.672e+00  4.172e+04
8.472810e-03   5.128e+04 0 inti1223   5.142e+04 3 inti1223   2.896e-01 4.634e+00  4.140e+04
8.634742e-03   5.142e+04 1 inti1223   5.152e+04 3 inti1223   2.884e-01 4.614e+00  4.156e+04
8.806401e-03   5.451e+04 0 inti1223   5.470e+04 3 inti1223   3.050e-01 4.879e+00  4.473e+04
8.987666e-03   5.240e+04 1 inti1223   5.249e+04 3 inti1223   2.912e-01 4.659e+00  4.244e+04
9.179576e-03   5.217e+04 1 inti1223   5.225e+04 3 inti1223   2.883e-01 4.613e+00  4.236e+04
9.383054e-03   5.228e+04 1 inti1223   5.238e+04 3 inti1223   2.876e-01 4.601e+00  4.238e+04
9.598689e-03   5.261e+04 0 inti1223   5.279e+04 3 inti1223   2.879e-01 4.606e+00  4.273e+04
9.826526e-03   5.326e+04 1 inti1223   5.336e+04 3 inti1223   2.892e-01 4.627e+00  4.335e+04
1.006513e-02   5.406e+04 1 inti1223   5.410e+04 2 inti1223   2.913e-01 4.661e+00  4.387e+04
1.031234e-02   5.398e+04 0 inti1223   5.410e+04 3 inti1223   2.895e-01 4.631e+00  4.381e+04
1.056714e-02   5.460e+04 0 inti1223   5.472e+04 2 inti1223   2.907e-01 4.651e+00  4.441e+04
1.082863e-02   5.453e+04 1 inti1223   5.458e+04 3 inti1223   2.876e-01 4.601e+00  4.432e+04
1.109617e-02   5.466e+04 1 inti1223   5.472e+04 3 inti1223   2.862e-01 4.580e+00  4.446e+04
1.136953e-02   5.568e+04 1 inti1223   5.576e+04 3 inti1223   2.896e-01 4.634e+00  4.543e+04
1.164791e-02   5.560e+04 0 inti1223   5.574e+04 3 inti1223   2.871e-01 4.593e+00  4.534e+04
1.193109e-02   5.612e+04 1 inti1223   5.617e+04 3 inti1223   2.871e-01 4.593e+00  4.578e+04
1.221848e-02   5.740e+04 1 inti1223   5.744e+04 3 inti1223   2.912e-01 4.660e+00  4.700e+04
1.250994e-02   6.035e+04 1 inti1223   6.040e+04 2 inti1223   3.037e-01 4.859e+00  4.995e+04
1.280512e-02   5.864e+04 3 inti1223   5.868e+04 1 inti1223   2.926e-01 4.682e+00  4.761e+04
1.310420e-02   5.865e+04 0 inti1223   5.880e+04 1 inti1223   2.910e-01 4.656e+00  4.758e+04
1.340680e-02   6.138e+04 0 inti1223   6.158e+04 3 inti1223   3.027e-01 4.844e+00  4.967e+04
1.371339e-02   5.954e+04 0 inti1223   5.969e+04 3 inti1223   2.907e-01 4.651e+00  4.832e+04
1.402372e-02   6.024e+04 0 inti1223   6.031e+04 1 inti1223   2.914e-01 4.663e+00  4.916e+04
1.433847e-02   6.022e+04 0 inti1223   6.026e+04 1 inti1223   2.890e-01 4.624e+00  4.905e+04
1.465742e-02   6.100e+04 0 inti1223   6.103e+04 1 inti1223   2.904e-01 4.646e+00  4.982e+04
1.498113e-02   6.092e+04 0 inti1223   6.105e+04 1 inti1223   2.880e-01 4.607e+00  4.978e+04
1.530921e-02   6.195e+04 0 inti1223   6.198e+04 3 inti1223   2.901e-01 4.641e+00  5.080e+04
1.564131e-02   6.686e+04 0 inti1223   6.690e+04 3 inti1223   3.104e-01 4.967e+00  5.562e+04
1.597749e-02   6.318e+04 0 inti1223   6.320e+04 1 inti1223   2.909e-01 4.655e+00  5.174e+04
1.631722e-02   6.313e+04 0 inti1223   6.327e+04 3 inti1223   2.890e-01 4.624e+00  5.167e+04
1.665965e-02   6.350e+04 0 inti1223   6.363e+04 3 inti1223   2.882e-01 4.612e+00  5.205e+04
1.700444e-02   6.393e+04 0 inti1223   6.397e+04 2 inti1223   2.873e-01 4.596e+00  5.246e+04
1.735116e-02   6.432e+04 0 inti1223   6.435e+04 1 inti1223   2.867e-01 4.587e+00  5.274e+04
1.769929e-02   6.441e+04 0 inti1223   6.449e+04 3 inti1223   2.850e-01 4.560e+00  5.262e+04
1.804840e-02   6.519e+04 0 inti1223   6.528e+04 3 inti1223   2.860e-01 4.576e+00  5.347e+04
1.839837e-02   6.548e+04 0 inti1223   6.558e+04 3 inti1223   2.848e-01 4.557e+00  5.369e+04
1.874929e-02   6.534e+04 0 inti1223   6.552e+04 3 inti1223   2.822e-01 4.515e+00  5.369e+04
1.910141e-02   6.575e+04 0 inti1223   6.596e+04 3 inti1223   2.817e-01 4.508e+00  5.406e+04
1.945494e-02   6.583e+04 0 inti1223   6.592e+04 3 inti1223   2.792e-01 4.467e+00  5.405e+04
1.981009e-02   6.697e+04 0 inti1223   6.706e+04 3 inti1223   2.819e-01 4.510e+00  5.505e+04
2.016704e-02   6.697e+04 0 inti1223   6.706e+04 3 inti1223   2.795e-01 4.473e+00  5.496e+04
2.052572e-02   6.715e+04 0 inti1223   6.724e+04 3 inti1223   2.779e-01 4.447e+00  5.514e+04
2.088680e-02   6.694e+04 0 inti1223   6.702e+04 3 inti1223   2.748e-01 4.396e+00  5.515e+04
2.125128e-02   6.712e+04 0 inti1223   6.721e+04 3 inti1223   2.733e-01 4.373e+00  5.530e+04
2.161992e-02   6.823e+04 0 inti1223   6.840e+04 3 inti1223   2.758e-01 4.413e+00  5.627e+04
2.199290e-02   6.875e+04 0 inti1223   6.892e+04 3 inti1223   2.754e-01 4.406e+00  5.669e+04
2.236970e-02   7.378e+04 1 inti1223   7.394e+04 3 inti1223   2.930e-01 4.689e+00  6.130e+04
2.274995e-02   6.977e+04 1 inti1223   6.986e+04 3 inti1223   2.744e-01 4.391e+00  5.749e+04
2.313323e-02   7.023e+04 0 inti1223   7.041e+04 3 inti1223   2.743e-01 4.389e+00  5.801e+04
2.351918e-02   7.079e+04 0 inti1223   7.089e+04 3 inti1223   2.739e-01 4.382e+00  5.855e+04
2.390549e-02   7.146e+04 0 inti1223   7.155e+04 3 inti1223   2.741e-01 4.386e+00  5.932e+04
2.429143e-02   7.136e+04 0 inti1223   7.144e+04 3 inti1223   2.714e-01 4.343e+00  5.913e+04
2.467717e-02   7.186e+04 0 inti1223   7.205e+04 3 inti1223   2.714e-01 4.343e+00  5.954e+04
2.506237e-02   7.558e+04 0 inti1223   7.562e+04 3 inti1223   2.824e-01 4.519e+00  6.200e+04
2.544724e-02   7.394e+04 0 inti1223   7.398e+04 3 inti1223   2.741e-01 4.386e+00  6.068e+04
2.583206e-02   7.455e+04 0 inti1223   7.468e+04 3 inti1223   2.742e-01 4.388e+00  6.118e+04
2.621706e-02   7.499e+04 0 inti1223   7.516e+04 3 inti1223   2.738e-01 4.381e+00  6.171e+04
2.660232e-02   7.555e+04 0 inti1223   7.563e+04 3 inti1223   2.734e-01 4.374e+00  6.218e+04
2.698727e-02   7.605e+04 0 inti1223   7.622e+04 3 inti1223   2.732e-01 4.371e+00  6.265e+04
2.737188e-02   7.732e+04 0 inti1223   7.739e+04 3 inti1223   2.752e-01 4.403e+00  6.371e+04
2.775647e-02   7.685e+04 0 inti1223   7.704e+04 3 inti1223   2.720e-01 4.352e+00  6.336e+04
2.814139e-02   7.728e+04 0 inti1223   7.744e+04 3 inti1223   2.713e-01 4.341e+00  6.377e+04
2.852644e-02   8.074e+04 0 inti1223   8.084e+04 3 inti1223   2.810e-01 4.496e+00  6.711e+04
2.891210e-02   7.866e+04 0 inti1223   7.884e+04 3 inti1223   2.721e-01 4.354e+00  6.496e+04
2.929915e-02   7.972e+04 0 inti1223   7.992e+04 3 inti1223   2.738e-01 4.381e+00  6.615e+04
2.968788e-02   7.893e+04 0 inti1223   7.902e+04 3 inti1223   2.688e-01 4.301e+00  6.529e+04
3.007809e-02   7.919e+04 0 inti1223   7.926e+04 3 inti1223   2.677e-01 4.284e+00  6.568e+04
3.047021e-02   8.002e+04 0 inti1223   8.023e+04 3 inti1223   2.690e-01 4.304e+00  6.619e+04
3.086452e-02   8.007e+04 0 inti1223   8.022e+04 3 inti1223   2.671e-01 4.273e+00  6.648e+04
3.126097e-02   8.105e+04 0 inti1223   8.119e+04 3 inti1223   2.684e-01 4.294e+00  6.718e+04
3.165965e-02   8.086e+04 0 inti1223   8.104e+04 3 inti1223   2.660e-01 4.256e+00  6.711e+04
3.206100e-02   8.190e+04 0 inti1223   8.199e+04 3 inti1223   2.673e-01 4.277e+00  6.806e+04
3.246517e-02   8.241e+04 0 inti1223   8.258e+04 3 inti1223   2.673e-01 4.276e+00  6.861e+04
3.287207e-02   8.238e+04 0 inti1223   8.247e+04 3 inti1223   2.651e-01 4.241e+00  6.847e+04
3.328086e-02   8.230e+04 0 inti1223   8.246e+04 3 inti1223   2.631e-01 4.210e+00  6.845e+04
3.368438e-02   8.391e+04 0 inti1223   8.398e+04 3 inti1223   2.661e-01 4.257e+00  7.000e+04
3.408025e-02   8.456e+04 0 inti1223   8.476e+04 3 inti1223   2.668e-01 4.268e+00  7.063e+04
3.447726e-02   8.378e+04 0 inti1223   8.387e+04 3 inti1223   2.623e-01 4.196e+00  6.976e+04
3.488048e-02   8.504e+04 0 inti1223   8.514e+04 3 inti1223   2.644e-01 4.230e+00  7.100e+04
3.528927e-02   8.501e+04 0 inti1223   8.511e+04 3 inti1223   2.626e-01 4.202e+00  7.080e+04
3.570076e-02   8.527e+04 0 inti1223   8.537e+04 3 inti1223   2.618e-01 4.188e+00  7.114e+04
3.611323e-02   8.556e+04 0 inti1223   8.577e+04 3 inti1223   2.611e-01 4.178e+00  7.139e+04
3.651720e-02   8.584e+04 0 inti1223   8.595e+04 3 inti1223   2.600e-01 4.159e+00  7.167e+04
3.689538e-02   8.650e+04 0 inti1223   8.662e+04 3 inti1223   2.603e-01 4.165e+00  7.223e+04
3.724949e-02   8.722e+04 0 inti1223   8.732e+04 3 inti1223   2.609e-01 4.175e+00  7.290e+04
3.759542e-02   8.798e+04 0 inti1223   8.820e+04 3 inti1223   2.620e-01 4.192e+00  7.331e+04
3.794056e-02   8.815e+04 0 inti1223   8.824e+04 3 inti1223   2.608e-01 4.173e+00  7.359e+04
3.828880e-02   8.923e+04 0 inti1223   8.933e+04 3 inti1223   2.626e-01 4.202e+00  7.468e+04
3.864007e-02   8.886e+04 0 inti1223   8.896e+04 3 inti1223   2.603e-01 4.164e+00  7.422e+04
3.899376e-02   9.000e+04 0 inti1223   9.017e+04 3 inti1223   2.625e-01 4.201e+00  7.533e+04
3.934942e-02   8.899e+04 0 inti1223   8.907e+04 3 inti1223   2.580e-01 4.129e+00  7.435e+04
3.970685e-02   9.047e+04 0 inti1223   9.053e+04 3 inti1223   2.610e-01 4.176e+00  7.581e+04
4.006623e-02   9.144e+04 0 inti1223   9.153e+04 3 inti1223   2.627e-01 4.203e+00  7.646e+04
4.042715e-02   8.929e+04 0 inti1223   8.937e+04 3 inti1223   2.552e-01 4.084e+00  7.440e+04
4.078876e-02   8.977e+04 0 inti1223   8.987e+04 3 inti1223   2.555e-01 4.088e+00  7.479e+04
4.115083e-02   8.964e+04 0 inti1223   8.971e+04 3 inti1223   2.538e-01 4.061e+00  7.477e+04
4.151383e-02   9.041e+04 0 inti1223   9.048e+04 3 inti1223   2.549e-01 4.079e+00  7.519e+04
4.187841e-02   8.945e+04 0 inti1223   8.952e+04 3 inti1223   2.509e-01 4.015e+00  7.455e+04
4.224643e-02   9.051e+04 0 inti1223   9.060e+04 3 inti1223   2.529e-01 4.046e+00  7.504e+04
4.261871e-02   9.034e+04 0 inti1223   9.042e+04 3 inti1223   2.513e-01 4.020e+00  7.545e+04
4.299511e-02   9.036e+04 0 inti1223   9.045e+04 3 inti1223   2.501e-01 4.002e+00  7.544e+04
4.337516e-02   9.083e+04 0 inti1223   9.091e+04 3 inti1223   2.503e-01 4.005e+00  7.591e+04
4.375807e-02   9.171e+04 0 inti1223   9.179e+04 3 inti1223   2.516e-01 4.026e+00  7.674e+04
4.414317e-02   9.539e+04 0 inti1223   9.548e+04 1 inti1223   2.605e-01 4.169e+00  8.048e+04
4.452998e-02   9.278e+04 0 inti1223   9.285e+04 3 inti1223   2.522e-01 4.036e+00  7.767e+04
4.491854e-02   9.233e+04 0 inti1223   9.251e+04 3 inti1223   2.501e-01 4.002e+00  7.707e+04
4.530808e-02   9.250e+04 0 inti1223   9.259e+04 3 inti1223   2.493e-01 3.989e+00  7.731e+04
4.569755e-02   9.286e+04 0 inti1223   9.294e+04 3 inti1223   2.492e-01 3.987e+00  7.761e+04
4.608667e-02   9.281e+04 0 inti1223   9.298e+04 3 inti1223   2.481e-01 3.970e+00  7.773e+04
4.647588e-02   9.276e+04 0 inti1223   9.285e+04 3 inti1223   2.466e-01 3.946e+00  7.772e+04
4.686563e-02   9.503e+04 2 inti1223   9.508e+04 0 inti1223   2.514e-01 4.023e+00  7.917e+04
4.725622e-02   9.364e+04 0 inti1223   9.380e+04 3 inti1223   2.470e-01 3.952e+00  7.832e+04
4.764821e-02   9.413e+04 0 inti1223   9.421e+04 3 inti1223   2.470e-01 3.952e+00  7.887e+04
4.804205e-02   9.389e+04 0 inti1223   9.397e+04 3 inti1223   2.453e-01 3.924e+00  7.849e+04
4.843840e-02   9.430e+04 0 inti1223   9.439e+04 3 inti1223   2.452e-01 3.924e+00  7.884e+04
4.883745e-02   9.506e+04 0 inti1223   9.515e+04 3 inti1223   2.461e-01 3.938e+00  7.967e+04
4.923910e-02   9.430e+04 0 inti1223   9.438e+04 3 inti1223   2.431e-01 3.890e+00  7.895e+04
4.964299e-02   9.428e+04 1 inti1223   9.508e+04 3 inti1223   2.438e-01 3.900e+00  7.893e+04
5.004886e-02   9.480e+04 0 inti1223   9.488e+04 3 inti1223   2.422e-01 3.875e+00  7.956e+04
5.045662e-02   9.475e+04 0 inti1223   9.482e+04 3 inti1223   2.409e-01 3.855e+00  7.940e+04
5.086628e-02   9.561e+04 0 inti1223   9.568e+04 3 inti1223   2.420e-01 3.872e+00  8.029e+04
5.127787e-02   9.516e+04 0 inti1223   9.524e+04 3 inti1223   2.399e-01 3.838e+00  7.981e+04
5.169115e-02   9.583e+04 0 inti1223   9.591e+04 3 inti1223   2.405e-01 3.849e+00  8.036e+04
5.210597e-02   9.578e+04 0 inti1223   9.585e+04 3 inti1223   2.393e-01 3.828e+00  8.034e+04
5.252250e-02   9.639e+04 0 inti1223   9.649e+04 3 inti1223   2.398e-01 3.836e+00  8.078e+04
5.294087e-02   9.646e+04 0 inti1223   9.655e+04 3 inti1223   2.388e-01 3.821e+00  8.077e+04
5.336104e-02   9.646e+04 0 inti1223   9.654e+04 3 inti1223   2.378e-01 3.804e+00  8.075e+04
5.378299e-02   9.680e+04 0 inti1223   9.690e+04 3 inti1223   2.376e-01 3.801e+00  8.105e+04
5.420640e-02   9.738e+04 0 inti1223   9.758e+04 3 inti1223   2.382e-01 3.811e+00  8.155e+04
5.463048e-02   9.816e+04 0 inti1223   9.823e+04 3 inti1223   2.388e-01 3.820e+00  8.227e+04
5.505484e-02   9.837e+04 0 inti1223   9.847e+04 3 inti1223   2.382e-01 3.811e+00  8.240e+04
5.547931e-02   9.884e+04 0 inti1223   9.901e+04 3 inti1223   2.384e-01 3.815e+00  8.228e+04
5.590375e-02   9.870e+04 0 inti1223   9.889e+04 3 inti1223   2.370e-01 3.792e+00  8.244e+04
5.632809e-02   9.858e+04 0 inti1223   9.867e+04 3 inti1223   2.355e-01 3.767e+00  8.257e+04
5.675238e-02   9.890e+04 0 inti1223   9.899e+04 3 inti1223   2.352e-01 3.763e+00  8.282e+04
5.717706e-02   9.935e+04 0 inti1223   9.943e+04 3 inti1223   2.352e-01 3.763e+00  8.314e+04
5.760270e-02   1.003e+05 0 inti1223   1.003e+05 3 inti1223   2.363e-01 3.781e+00  8.402e+04
5.802947e-02   9.979e+04 0 inti1223   9.989e+04 3 inti1223   2.341e-01 3.746e+00  8.353e+04
5.845743e-02   1.009e+05 0 inti1223   1.009e+05 3 inti1223   2.355e-01 3.768e+00  8.449e+04
5.888657e-02   1.003e+05 0 inti1223   1.004e+05 3 inti1223   2.331e-01 3.730e+00  8.404e+04
5.931711e-02   1.007e+05 0 inti1223   1.007e+05 3 inti1223   2.329e-01 3.727e+00  8.426e+04
5.974918e-02   1.009e+05 0 inti1223   1.010e+05 3 inti1223   2.324e-01 3.718e+00  8.436e+04
6.018281e-02   1.103e+05 0 inti1223   1.105e+05 3 inti1223   2.530e-01 4.049e+00  9.215e+04
6.061825e-02   1.020e+05 0 inti1223   1.021e+05 3 inti1223   2.326e-01 3.722e+00  8.565e+04
6.105553e-02   1.021e+05 0 inti1223   1.022e+05 3 inti1223   2.318e-01 3.709e+00  8.560e+04
6.149453e-02   1.030e+05 0 inti1223   1.032e+05 3 inti1223   2.330e-01 3.728e+00  8.641e+04
6.193500e-02   1.031e+05 0 inti1223   1.032e+05 3 inti1223   2.320e-01 3.712e+00  8.647e+04
6.237674e-02   1.034e+05 0 inti1223   1.036e+05 3 inti1223   2.316e-01 3.706e+00  8.666e+04
6.281973e-02   1.035e+05 0 inti1223   1.037e+05 3 inti1223   2.308e-01 3.694e+00  8.681e+04
6.326392e-02   1.043e+05 0 inti1223   1.044e+05 3 inti1223   2.314e-01 3.702e+00  8.757e+04
6.370931e-02   1.050e+05 0 inti1223   1.051e+05 3 inti1223   2.317e-01 3.708e+00  8.817e+04
6.411403e-02   1.052e+05 0 inti1223   1.054e+05 3 inti1223   2.313e-01 3.701e+00  8.778e+04
6.447839e-02   1.052e+05 0 inti1223   1.053e+05 3 inti1223   2.301e-01 3.681e+00  8.826e+04
6.484479e-02   1.059e+05 0 inti1223   1.059e+05 3 inti1223   2.306e-01 3.690e+00  8.899e+04
6.521346e-02   1.056e+05 0 inti1223   1.058e+05 3 inti1223   2.294e-01 3.671e+00  8.872e+04
6.558476e-02   1.053e+05 0 inti1223   1.053e+05 3 inti1223   2.275e-01 3.640e+00  8.830e+04
6.595841e-02   1.056e+05 0 inti1223   1.057e+05 3 inti1223   2.274e-01 3.639e+00  8.874e+04
6.633459e-02   1.064e+05 0 inti1223   1.065e+05 3 inti1223   2.283e-01 3.652e+00  8.935e+04
6.671420e-02   1.061e+05 0 inti1223   1.062e+05 3 inti1223   2.266e-01 3.625e+00  8.899e+04
6.709798e-02   1.067e+05 0 inti1223   1.068e+05 3 inti1223   2.268e-01 3.630e+00  8.957e+04
6.753173e-02   1.079e+05 0 inti1223   1.081e+05 3 inti1223   2.288e-01 3.660e+00  9.066e+04
6.796910e-02   1.071e+05 0 inti1223   1.073e+05 3 inti1223   2.259e-01 3.614e+00  8.990e+04
6.840256e-02   1.072e+05 0 inti1223   1.073e+05 3 inti1223   2.247e-01 3.595e+00  8.997e+04
6.883478e-02   1.088e+05 0 inti1223   1.090e+05 3 inti1223   2.274e-01 3.639e+00  9.124e+04
6.926742e-02   1.096e+05 0 inti1223   1.097e+05 3 inti1223   2.277e-01 3.644e+00  9.221e+04
6.970128e-02   1.094e+05 0 inti1223   1.095e+05 3 inti1223   2.263e-01 3.621e+00  9.218e+04
7.013625e-02   1.092e+05 0 inti1223   1.094e+05 3 inti1223   2.249e-01 3.599e+00  9.199e+04
7.057185e-02   1.114e+05 0 inti1223   1.115e+05 3 inti1223   2.282e-01 3.651e+00  9.379e+04
7.100803e-02   1.110e+05 0 inti1223   1.111e+05 3 inti1223   2.264e-01 3.622e+00  9.367e+04
7.144531e-02   1.114e+05 0 inti1223   1.115e+05 3 inti1223   2.261e-01 3.618e+00  9.387e+04
7.188434e-02   1.148e+05 0 inti1223   1.149e+05 3 inti1223   2.320e-01 3.712e+00  9.662e+04
7.232556e-02   1.138e+05 0 inti1223   1.139e+05 3 inti1223   2.290e-01 3.664e+00  9.588e+04
7.276906e-02   1.125e+05 0 inti1223   1.125e+05 3 inti1223   2.252e-01 3.604e+00  9.482e+04
7.321480e-02   1.141e+05 0 inti1223   1.141e+05 3 inti1223   2.273e-01 3.637e+00  9.634e+04
7.366272e-02   1.136e+05 0 inti1223   1.137e+05 3 inti1223   2.254e-01 3.607e+00  9.584e+04
7.411268e-02   1.153e+05 0 inti1223   1.154e+05 3 inti1223   2.277e-01 3.643e+00  9.718e+04
7.456447e-02   1.147e+05 0 inti1223   1.147e+05 3 inti1223   2.255e-01 3.608e+00  9.659e+04
7.501785e-02   1.151e+05 0 inti1223   1.152e+05 3 inti1223   2.253e-01 3.605e+00  9.712e+04
7.547284e-02   1.154e+05 0 inti1223   1.155e+05 3 inti1223   2.249e-01 3.598e+00  9.745e+04
7.592946e-02   1.181e+05 0 inti1223   1.182e+05 3 inti1223   2.291e-01 3.665e+00  9.972e+04
7.638741e-02   1.211e+05 0 inti1223   1.212e+05 3 inti1223   2.340e-01 3.743e+00  1.023e+05
7.683104e-02   1.201e+05 0 inti1223   1.202e+05 3 inti1223   2.311e-01 3.697e+00  1.011e+05
7.728746e-02   1.186e+05 0 inti1223   1.186e+05 3 inti1223   2.271e-01 3.633e+00  9.985e+04
7.770513e-02   1.189e+05 0 inti1223   1.189e+05 3 inti1223   2.266e-01 3.626e+00  1.003e+05
7.816093e-02   1.204e+05 0 inti1223   1.204e+05 3 inti1223   2.286e-01 3.658e+00  1.020e+05
7.859123e-02   1.220e+05 0 inti1223   1.221e+05 3 inti1223   2.307e-01 3.692e+00  1.030e+05
7.899945e-02   1.222e+05 0 inti1223   1.224e+05 3 inti1223   2.304e-01 3.687e+00  1.033e+05
7.941650e-02   1.197e+05 0 inti1223   1.197e+05 3 inti1223   2.246e-01 3.594e+00  1.010e+05
7.980248e-02   1.237e+05 0 inti1223   1.238e+05 3 inti1223   2.313e-01 3.701e+00  1.046e+05
8.020402e-02   1.226e+05 0 inti1223   1.226e+05 3 inti1223   2.284e-01 3.655e+00  1.033e+05
8.058418e-02   1.218e+05 0 inti1223   1.220e+05 3 inti1223   2.264e-01 3.622e+00  1.025e+05
8.094305e-02   1.230e+05 0 inti1223   1.232e+05 3 inti1223   2.278e-01 3.645e+00  1.034e+05
8.130659e-02   1.230e+05 0 inti1223   1.230e+05 3 inti1223   2.268e-01 3.629e+00  1.032e+05
8.167943e-02   1.214e+05 0 inti1223   1.216e+05 3 inti1223   2.235e-01 3.576e+00  1.019e+05
8.205290e-02   1.218e+05 0 inti1223   1.219e+05 3 inti1223   2.234e-01 3.574e+00  1.021e+05
8.244747e-02   1.221e+05 0 inti1223   1.222e+05 3 inti1223   2.231e-01 3.570e+00  1.023e+05
8.285140e-02   1.325e+05 0 inti1223   1.326e+05 3 inti1223   2.413e-01 3.861e+00  1.117e+05
8.324460e-02   1.227e+05 0 inti1223   1.229e+05 3 inti1223   2.228e-01 3.565e+00  1.031e+05
8.364630e-02   1.249e+05 1 inti1223   1.250e+05 2 inti1223   2.259e-01 3.614e+00  1.067e+05
8.404204e-02   1.250e+05 0 inti1223   1.252e+05 2 inti1223   2.254e-01 3.606e+00  1.067e+05
8.444987e-02   1.234e+05 1 inti1223   1.235e+05 2 inti1223   2.217e-01 3.547e+00  1.052e+05
8.484053e-02   1.247e+05 0 inti1223   1.248e+05 2 inti1223   2.232e-01 3.571e+00  1.066e+05
8.522681e-02   1.258e+05 0 inti1223   1.259e+05 2 inti1223   2.244e-01 3.591e+00  1.077e+05
8.560977e-02   1.242e+05 0 inti1223   1.244e+05 2 inti1223   2.210e-01 3.536e+00  1.061e+05
8.600224e-02   1.247e+05 0 inti1223   1.249e+05 3 inti1223   2.211e-01 3.537e+00  1.064e+05
8.638045e-02   1.249e+05 0 inti1223   1.250e+05 2 inti1223   2.207e-01 3.531e+00  1.068e+05
8.678887e-02   1.245e+05 0 inti1223   1.246e+05 2 inti1223   2.191e-01 3.506e+00  1.062e+05
8.716165e-02   1.252e+05 0 inti1223   1.254e+05 2 inti1223   2.198e-01 3.517e+00  1.068e+05
8.755098e-02   1.254e+05 0 inti1223   1.256e+05 2 inti1223   2.196e-01 3.513e+00  1.069e+05
8.792406e-02   1.247e+05 0 inti1223   1.248e+05 2 inti1223   2.174e-01 3.479e+00  1.065e+05
8.829696e-02   1.253e+05 1 inti1223   1.254e+05 2 inti1223   2.177e-01 3.484e+00  1.068e+05
8.867085e-02   1.255e+05 0 inti1223   1.257e+05 2 inti1223   2.177e-01 3.482e+00  1.071e+05
8.904135e-02   1.252e+05 1 inti1223   1.253e+05 2 inti1223   2.163e-01 3.460e+00  1.068e+05
8.941317e-02   1.255e+05 0 inti1223   1.257e+05 2 inti1223   2.163e-01 3.461e+00  1.069e+05
8.978170e-02   1.258e+05 0 inti1223   1.259e+05 2 inti1223   2.159e-01 3.455e+00  1.072e+05
9.015090e-02   1.265e+05 0 inti1223   1.267e+05 2 inti1223   2.168e-01 3.468e+00  1.080e+05
9.051771e-02   1.261e+05 0 inti1223   1.262e+05 2 inti1223   2.152e-01 3.444e+00  1.075e+05
9.088186e-02   1.265e+05 0 inti1223   1.267e+05 2 inti1223   2.156e-01 3.449e+00  1.080e+05
9.125629e-02   1.263e+05 1 inti1223   1.264e+05 2 inti1223   2.144e-01 3.430e+00  1.077e+05
9.161561e-02   1.267e+05 0 inti1223   1.269e+05 2 inti1223   2.145e-01 3.433e+00  1.081e+05
9.198498e-02   1.274e+05 0 inti1223   1.275e+05 2 inti1223   2.151e-01 3.441e+00  1.084e+05
9.235685e-02   1.273e+05 0 inti1223   1.274e+05 2 inti1223   2.142e-01 3.427e+00  1.084e+05
9.271984e-02   1.271e+05 0 inti1223   1.273e+05 2 inti1223   2.135e-01 3.415e+00  1.083e+05
9.309174e-02   1.279e+05 0 inti1223   1.281e+05 2 inti1223   2.142e-01 3.427e+00  1.089e+05
9.345924e-02   1.276e+05 0 inti1223   1.277e+05 2 inti1223   2.130e-01 3.408e+00  1.089e+05
9.382473e-02   1.281e+05 0 inti1223   1.283e+05 2 inti1223   2.133e-01 3.412e+00  1.093e+05
9.419973e-02   1.339e+05 0 inti1223   1.342e+05 2 inti1223   2.224e-01 3.559e+00  1.151e+05
9.455929e-02   1.295e+05 1 inti1223   1.296e+05 2 inti1223   2.143e-01 3.429e+00  1.106e+05
9.493060e-02   1.293e+05 0 inti1223   1.295e+05 2 inti1223   2.135e-01 3.417e+00  1.104e+05
9.529703e-02   1.291e+05 0 inti1223   1.292e+05 2 inti1223   2.123e-01 3.397e+00  1.101e+05
9.566286e-02   1.296e+05 0 inti1223   1.298e+05 2 inti1223   2.128e-01 3.405e+00  1.107e+05
9.603845e-02   1.300e+05 0 inti1223   1.301e+05 2 inti1223   2.127e-01 3.403e+00  1.108e+05
9.639785e-02   1.310e+05 0 inti1223   1.312e+05 2 inti1223   2.139e-01 3.422e+00  1.115e+05
9.676935e-02   1.319e+05 1 inti1223   1.319e+05 2 inti1223   2.146e-01 3.433e+00  1.126e+05
9.713578e-02   1.321e+05 1 inti1223   1.322e+05 2 inti1223   2.144e-01 3.431e+00  1.128e+05
9.750147e-02   1.320e+05 0 inti1223   1.322e+05 2 inti1223   2.138e-01 3.421e+00  1.127e+05
9.787834e-02   1.323e+05 0 inti1223   1.324e+05 2 inti1223   2.137e-01 3.419e+00  1.129e+05
9.823922e-02   1.328e+05 0 inti1223   1.329e+05 2 inti1223   2.138e-01 3.421e+00  1.132e+05
9.861148e-02   1.328e+05 0 inti1223   1.329e+05 2 inti1223   2.133e-01 3.412e+00  1.133e+05
9.897145e-02   1.333e+05 0 inti1223   1.335e+05 2 inti1223   2.136e-01 3.418e+00  1.137e+05
9.933803e-02   1.334e+05 0 inti1223   1.336e+05 2 inti1223   2.132e-01 3.411e+00  1.137e+05
9.970698e-02   1.336e+05 0 inti1223   1.338e+05 2 inti1223   2.131e-01 3.410e+00  1.141e+05
1.000678e-01   1.337e+05 1 inti1223   1.338e+05 2 inti1223   2.125e-01 3.399e+00  1.141e+05
1.004395e-01   1.350e+05 1 inti1223   1.351e+05 2 inti1223   2.140e-01 3.425e+00  1.144e+05
1.007994e-01   1.355e+05 0 inti1223   1.357e+05 2 inti1223   2.144e-01 3.430e+00  1.147e+05
1.011651e-01   1.349e+05 1 inti1223   1.350e+05 3 inti1223   2.128e-01 3.405e+00  1.143e+05
1.015404e-01   1.357e+05 1 inti1223   1.358e+05 2 inti1223   2.135e-01 3.416e+00  1.151e+05
1.019006e-01   1.357e+05 0 inti1223   1.359e+05 2 inti1223   2.132e-01 3.411e+00  1.150e+05
1.022702e-01   1.368e+05 1 inti1223   1.368e+05 3 inti1223   2.141e-01 3.426e+00  1.162e+05
1.026345e-01   1.362e+05 1 inti1223   1.363e+05 3 inti1223   2.128e-01 3.405e+00  1.156e+05
1.029971e-01   1.372e+05 0 inti1223   1.373e+05 2 inti1223   2.139e-01 3.423e+00  1.164e+05
1.033692e-01   1.368e+05 1 inti1223   1.369e+05 2 inti1223   2.126e-01 3.402e+00  1.164e+05
1.037309e-01   1.369e+05 1 inti1223   1.370e+05 2 inti1223   2.124e-01 3.398e+00  1.163e+05
1.040952e-01   1.430e+05 0 inti1223   1.432e+05 2 inti1223   2.213e-01 3.541e+00  1.175e+05
1.044671e-01   1.375e+05 1 inti1223   1.376e+05 2 inti1223   2.123e-01 3.397e+00  1.167e+05
1.048250e-01   1.379e+05 0 inti1223   1.380e+05 2 inti1223   2.123e-01 3.397e+00  1.173e+05
1.051913e-01   1.381e+05 0 inti1223   1.382e+05 2 inti1223   2.121e-01 3.394e+00  1.174e+05
1.055590e-01   1.387e+05 1 inti1223   1.388e+05 2 inti1223   2.126e-01 3.401e+00  1.179e+05
1.059194e-01   1.475e+05 0 inti1223   1.476e+05 2 inti1223   2.257e-01 3.610e+00  1.268e+05
1.062888e-01   1.417e+05 0 inti1223   1.419e+05 2 inti1223   2.163e-01 3.461e+00  1.216e+05
1.066530e-01   1.416e+05 1 inti1223   1.417e+05 2 inti1223   2.155e-01 3.448e+00  1.215e+05
1.070159e-01   1.424e+05 1 inti1223   1.425e+05 2 inti1223   2.163e-01 3.461e+00  1.222e+05
1.073876e-01   1.425e+05 0 inti1223   1.427e+05 2 inti1223   2.160e-01 3.457e+00  1.224e+05
1.077483e-01   1.426e+05 0 inti1223   1.428e+05 2 inti1223   2.158e-01 3.453e+00  1.224e+05
1.081127e-01   1.429e+05 0 inti1223   1.431e+05 2 inti1223   2.157e-01 3.452e+00  1.228e+05
1.084866e-01   1.428e+05 1 inti1223   1.429e+05 2 inti1223   2.150e-01 3.440e+00  1.227e+05
1.088500e-01   1.426e+05 0 inti1223   1.427e+05 2 inti1223   2.142e-01 3.427e+00  1.226e+05
1.092155e-01   1.453e+05 0 inti1223   1.454e+05 2 inti1223   2.179e-01 3.487e+00  1.250e+05
1.095871e-01   1.441e+05 0 inti1223   1.443e+05 2 inti1223   2.157e-01 3.451e+00  1.235e+05
1.099466e-01   1.430e+05 0 inti1223   1.431e+05 2 inti1223   2.135e-01 3.416e+00  1.228e+05
1.103131e-01   1.430e+05 0 inti1223   1.431e+05 2 inti1223   2.130e-01 3.409e+00  1.228e+05
1.106854e-01   1.429e+05 0 inti1223   1.431e+05 2 inti1223   2.125e-01 3.400e+00  1.227e+05
1.110480e-01   1.428e+05 0 inti1223   1.430e+05 3 inti1223   2.120e-01 3.392e+00  1.226e+05
1.114138e-01   1.437e+05 0 inti1223   1.439e+05 2 inti1223   2.128e-01 3.404e+00  1.235e+05
1.117867e-01   1.452e+05 0 inti1223   1.454e+05 2 inti1223   2.147e-01 3.434e+00  1.248e+05
1.121484e-01   1.439e+05 0 inti1223   1.440e+05 2 inti1223   2.120e-01 3.393e+00  1.235e+05
1.125136e-01   1.442e+05 0 inti1223   1.445e+05 2 inti1223   2.123e-01 3.397e+00  1.238e+05
1.128876e-01   1.437e+05 0 inti1223   1.439e+05 2 inti1223   2.110e-01 3.376e+00  1.234e+05
1.132514e-01   1.443e+05 0 inti1223   1.444e+05 2 inti1223   2.114e-01 3.382e+00  1.238e+05
1.136189e-01   1.440e+05 0 inti1223   1.441e+05 3 inti1223   2.106e-01 3.369e+00  1.236e+05
1.139933e-01   1.445e+05 0 inti1223   1.447e+05 2 inti1223   2.109e-01 3.374e+00  1.240e+05
1.143692e-01   1.450e+05 1 inti1223   1.451e+05 2 inti1223   2.110e-01 3.377e+00  1.245e+05
1.147366e-01   1.451e+05 0 inti1223   1.453e+05 2 inti1223   2.110e-01 3.376e+00  1.246e+05
1.151096e-01   1.452e+05 1 inti1223   1.453e+05 2 inti1223   2.105e-01 3.369e+00  1.247e+05
1.154896e-01   1.460e+05 0 inti1223   1.462e+05 2 inti1223   2.114e-01 3.383e+00  1.254e+05
1.158552e-01   1.462e+05 1 inti1223   1.463e+05 2 inti1223   2.113e-01 3.381e+00  1.257e+05
1.162263e-01   1.486e+05 0 inti1223   1.488e+05 2 inti1223   2.144e-01 3.431e+00  1.280e+05
1.166080e-01   1.466e+05 0 inti1223   1.467e+05 2 inti1223   2.110e-01 3.376e+00  1.260e+05
1.169716e-01   1.467e+05 0 inti1223   1.469e+05 2 inti1223   2.109e-01 3.374e+00  1.260e+05
1.173416e-01   1.474e+05 0 inti1223   1.475e+05 2 inti1223   2.114e-01 3.382e+00  1.266e+05
1.177186e-01   1.471e+05 0 inti1223   1.473e+05 2 inti1223   2.106e-01 3.370e+00  1.264e+05
1.180809e-01   1.473e+05 1 inti1223   1.474e+05 2 inti1223   2.104e-01 3.366e+00  1.265e+05
1.184480e-01   1.479e+05 0 inti1223   1.481e+05 2 inti1223   2.111e-01 3.377e+00  1.272e+05
1.188193e-01   1.482e+05 1 inti1223   1.483e+05 2 inti1223   2.110e-01 3.376e+00  1.275e+05
1.191974e-01   1.488e+05 0 inti1223   1.490e+05 2 inti1223   2.115e-01 3.384e+00  1.279e+05
1.195611e-01   1.492e+05 1 inti1223   1.493e+05 2 inti1223   2.117e-01 3.386e+00  1.283e+05
1.199286e-01   1.490e+05 1 inti1223   1.491e+05 2 inti1223   2.110e-01 3.377e+00  1.281e+05
1.203034e-01   1.493e+05 1 inti1223   1.493e+05 2 inti1223   2.109e-01 3.375e+00  1.276e+05
1.206679e-01   1.507e+05 0 inti1223   1.509e+05 2 inti1223   2.128e-01 3.404e+00  1.290e+05
1.210329e-01   1.499e+05 1 inti1223   1.500e+05 2 inti1223   2.111e-01 3.377e+00  1.282e+05
1.214022e-01   1.500e+05 0 inti1223   1.501e+05 3 inti1223   2.110e-01 3.376e+00  1.283e+05
1.217759e-01   1.500e+05 0 inti1223   1.503e+05 2 inti1223   2.108e-01 3.373e+00  1.285e+05
1.221379e-01   1.502e+05 1 inti1223   1.503e+05 2 inti1223   2.105e-01 3.368e+00  1.285e+05
1.225048e-01   1.503e+05 0 inti1223   1.505e+05 2 inti1223   2.104e-01 3.366e+00  1.288e+05
1.228785e-01   1.510e+05 0 inti1223   1.512e+05 2 inti1223   2.110e-01 3.376e+00  1.293e+05
1.232417e-01   1.506e+05 0 inti1223   1.508e+05 2 inti1223   2.100e-01 3.360e+00  1.289e+05
1.236068e-01   1.526e+05 0 inti1223   1.527e+05 2 inti1223   2.124e-01 3.398e+00  1.312e+05
1.239753e-01   1.518e+05 0 inti1223   1.519e+05 2 inti1223   2.109e-01 3.375e+00  1.300e+05
1.243473e-01   1.515e+05 0 inti1223   1.517e+05 3 inti1223   2.102e-01 3.363e+00  1.300e+05
1.247088e-01   1.543e+05 0 inti1223   1.544e+05 2 inti1223   2.137e-01 3.419e+00  1.325e+05
1.250742e-01   1.523e+05 1 inti1223   1.524e+05 2 inti1223   2.104e-01 3.367e+00  1.306e+05
1.254465e-01   1.526e+05 0 inti1223   1.527e+05 2 inti1223   2.105e-01 3.367e+00  1.308e+05
1.258180e-01   1.529e+05 0 inti1223   1.530e+05 2 inti1223   2.106e-01 3.369e+00  1.310e+05
1.261818e-01   1.534e+05 0 inti1223   1.536e+05 2 inti1223   2.110e-01 3.376e+00  1.315e+05
1.265497e-01   1.544e+05 1 inti1223   1.544e+05 2 inti1223   2.118e-01 3.389e+00  1.325e+05
1.269256e-01   1.548e+05 1 inti1223   1.549e+05 2 inti1223   2.120e-01 3.392e+00  1.328e+05
1.272865e-01   1.541e+05 0 inti1223   1.543e+05 2 inti1223   2.108e-01 3.372e+00  1.323e+05
1.276533e-01   1.560e+05 0 inti1223   1.562e+05 2 inti1223   2.130e-01 3.409e+00  1.342e+05
1.280251e-01   1.544e+05 0 inti1223   1.546e+05 2 inti1223   2.105e-01 3.367e+00  1.326e+05
1.283980e-01   1.553e+05 0 inti1223   1.556e+05 2 inti1223   2.114e-01 3.383e+00  1.333e+05
1.287658e-01   1.567e+05 0 inti1223   1.568e+05 3 inti1223   2.128e-01 3.405e+00  1.345e+05
1.291433e-01   1.565e+05 0 inti1223   1.567e+05 2 inti1223   2.122e-01 3.396e+00  1.343e+05
1.295326e-01   1.568e+05 1 inti1223   1.569e+05 2 inti1223   2.121e-01 3.394e+00  1.346e+05
1.299474e-01   1.566e+05 0 inti1223   1.568e+05 2 inti1223   2.116e-01 3.386e+00  1.345e+05
1.303154e-01   1.584e+05 0 inti1223   1.585e+05 2 inti1223   2.135e-01 3.415e+00  1.363e+05
1.306850e-01   1.594e+05 0 inti1223   1.596e+05 2 inti1223   2.146e-01 3.433e+00  1.372e+05
1.310537e-01   1.574e+05 0 inti1223   1.576e+05 2 inti1223   2.116e-01 3.385e+00  1.353e+05
1.314378e-01   1.577e+05 0 inti1223   1.578e+05 2 inti1223   2.115e-01 3.384e+00  1.356e+05
1.318406e-01   1.577e+05 0 inti1223   1.579e+05 2 inti1223   2.112e-01 3.379e+00  1.355e+05
1.322330e-01   1.592e+05 0 inti1223   1.594e+05 3 inti1223   2.128e-01 3.405e+00  1.369e+05
1.326328e-01   1.585e+05 0 inti1223   1.587e+05 2 inti1223   2.114e-01 3.383e+00  1.363e+05
1.330168e-01   1.587e+05 0 inti1223   1.589e+05 2 inti1223   2.113e-01 3.381e+00  1.362e+05
1.334000e-01   1.585e+05 0 inti1223   1.586e+05 3 inti1223   2.106e-01 3.370e+00  1.362e+05
1.337872e-01   1.589e+05 0 inti1223   1.591e+05 2 inti1223   2.109e-01 3.374e+00  1.364e+05
1.341855e-01   1.600e+05 0 inti1223   1.603e+05 2 inti1223   2.121e-01 3.394e+00  1.377e+05
1.345765e-01   1.595e+05 0 inti1223   1.596e+05 3 inti1223   2.108e-01 3.373e+00  1.371e+05
1.349738e-01   1.595e+05 0 inti1223   1.596e+05 2 inti1223   2.105e-01 3.368e+00  1.371e+05
1.353712e-01   1.598e+05 0 inti1223   1.599e+05 2 inti1223   2.105e-01 3.369e+00  1.371e+05
1.357706e-01   1.603e+05 0 inti1223   1.605e+05 2 inti1223   2.109e-01 3.375e+00  1.378e+05
1.361723e-01   1.608e+05 0 inti1223   1.609e+05 2 inti1223   2.110e-01 3.376e+00  1.381e+05
1.365795e-01   1.605e+05 0 inti1223   1.607e+05 2 inti1223   2.104e-01 3.366e+00  1.379e+05
1.369825e-01   1.605e+05 1 inti1223   1.606e+05 2 inti1223   2.099e-01 3.358e+00  1.375e+05
1.373901e-01   1.613e+05 0 inti1223   1.615e+05 2 inti1223   2.107e-01 3.372e+00  1.386e+05
1.377954e-01   1.625e+05 0 inti1223   1.627e+05 2 inti1223   2.118e-01 3.389e+00  1.397e+05
1.382033e-01   1.623e+05 0 inti1223   1.624e+05 3 inti1223   2.111e-01 3.377e+00  1.393e+05
1.386098e-01   1.622e+05 1 inti1223   1.623e+05 2 inti1223   2.105e-01 3.368e+00  1.395e+05
1.390229e-01   1.631e+05 0 inti1223   1.633e+05 3 inti1223   2.114e-01 3.382e+00  1.402e+05
1.394305e-01   1.637e+05 0 inti1223   1.639e+05 2 inti1223   2.117e-01 3.387e+00  1.407e+05
1.398492e-01   1.648e+05 1 inti1223   1.649e+05 2 inti1223   2.126e-01 3.402e+00  1.417e+05
1.402578e-01   1.655e+05 1 inti1223   1.657e+05 2 inti1223   2.132e-01 3.412e+00  1.422e+05
1.406753e-01   1.643e+05 0 inti1223   1.645e+05 2 inti1223   2.113e-01 3.381e+00  1.414e+05
1.410847e-01   1.654e+05 0 inti1223   1.656e+05 2 inti1223   2.123e-01 3.397e+00  1.426e+05
1.415008e-01   1.662e+05 1 inti1223   1.664e+05 2 inti1223   2.130e-01 3.408e+00  1.430e+05
1.419144e-01   1.668e+05 1 inti1223   1.669e+05 2 inti1223   2.132e-01 3.412e+00  1.435e+05
1.423291e-01   1.670e+05 0 inti1223   1.672e+05 2 inti1223   2.133e-01 3.413e+00  1.437e+05
1.427474e-01   1.677e+05 1 inti1223   1.678e+05 2 inti1223   2.136e-01 3.418e+00  1.448e+05
1.431606e-01   1.677e+05 0 inti1223   1.678e+05 2 inti1223   2.132e-01 3.411e+00  1.448e+05
1.435842e-01   1.682e+05 0 inti1223   1.684e+05 2 inti1223   2.135e-01 3.416e+00  1.451e+05
1.439976e-01   1.712e+05 0 inti1223   1.713e+05 2 inti1223   2.168e-01 3.468e+00  1.476e+05
1.444179e-01   1.673e+05 0 inti1223   1.674e+05 2 inti1223   2.114e-01 3.383e+00  1.444e+05
1.448365e-01   1.680e+05 0 inti1223   1.682e+05 2 inti1223   2.121e-01 3.394e+00  1.452e+05
1.452532e-01   1.683e+05 0 inti1223   1.685e+05 2 inti1223   2.121e-01 3.393e+00  1.453e+05
1.456800e-01   1.687e+05 0 inti1223   1.688e+05 2 inti1223   2.120e-01 3.393e+00  1.457e+05
1.460958e-01   1.774e+05 0 inti1223   1.775e+05 2 inti1223   2.225e-01 3.560e+00  1.544e+05
1.465179e-01   1.701e+05 0 inti1223   1.704e+05 2 inti1223   2.131e-01 3.410e+00  1.471e+05
1.469418e-01   1.698e+05 0 inti1223   1.700e+05 2 inti1223   2.122e-01 3.395e+00  1.467e+05
1.473593e-01   1.700e+05 0 inti1223   1.701e+05 2 inti1223   2.120e-01 3.392e+00  1.470e+05
1.477858e-01   1.731e+05 0 inti1223   1.733e+05 2 inti1223   2.155e-01 3.448e+00  1.497e+05
1.482051e-01   1.700e+05 0 inti1223   1.700e+05 3 inti1223   2.110e-01 3.376e+00  1.469e+05
1.486257e-01   1.714e+05 0 inti1223   1.716e+05 2 inti1223   2.125e-01 3.400e+00  1.484e+05
1.490543e-01   1.709e+05 0 inti1223   1.711e+05 2 inti1223   2.115e-01 3.383e+00  1.478e+05
1.494709e-01   1.720e+05 0 inti1223   1.721e+05 2 inti1223   2.123e-01 3.397e+00  1.489e+05
1.498973e-01   1.716e+05 0 inti1223   1.717e+05 2 inti1223   2.114e-01 3.382e+00  1.485e+05
1.503155e-01   1.723e+05 0 inti1223   1.726e+05 2 inti1223   2.120e-01 3.393e+00  1.491e+05
1.507359e-01   1.748e+05 0 inti1223   1.749e+05 2 inti1223   2.144e-01 3.431e+00  1.516e+05
1.511615e-01   1.731e+05 0 inti1223   1.732e+05 2 inti1223   2.119e-01 3.390e+00  1.500e+05
1.515783e-01   1.733e+05 0 inti1223   1.734e+05 2 inti1223   2.118e-01 3.389e+00  1.501e+05
1.520057e-01   1.728e+05 0 inti1223   1.730e+05 2 inti1223   2.109e-01 3.374e+00  1.497e+05
1.524219e-01   1.762e+05 0 inti1223   1.764e+05 2 inti1223   2.145e-01 3.432e+00  1.525e+05
1.528452e-01   1.749e+05 0 inti1223   1.751e+05 2 inti1223   2.125e-01 3.400e+00  1.516e+05
1.532697e-01   1.746e+05 0 inti1223   1.748e+05 2 inti1223   2.117e-01 3.387e+00  1.512e+05
1.536891e-01   1.746e+05 0 inti1223   1.748e+05 2 inti1223   2.113e-01 3.381e+00  1.514e+05
1.541193e-01   1.756e+05 0 inti1223   1.758e+05 2 inti1223   2.121e-01 3.393e+00  1.523e+05
1.545414e-01   1.751e+05 0 inti1223   1.753e+05 2 inti1223   2.111e-01 3.377e+00  1.518e+05
1.549655e-01   1.753e+05 0 inti1223   1.755e+05 2 inti1223   2.108e-01 3.373e+00  1.518e+05
1.554028e-01   1.756e+05 0 inti1223   1.757e+05 2 inti1223   2.106e-01 3.370e+00  1.521e+05
1.558246e-01   1.790e+05 0 inti1223   1.792e+05 2 inti1223   2.144e-01 3.430e+00  1.556e+05
1.562517e-01   1.752e+05 0 inti1223   1.753e+05 2 inti1223   2.092e-01 3.348e+00  1.517e+05
1.566898e-01   1.759e+05 0 inti1223   1.762e+05 2 inti1223   2.098e-01 3.357e+00  1.524e+05
1.571165e-01   1.760e+05 0 inti1223   1.761e+05 2 inti1223   2.093e-01 3.348e+00  1.525e+05
1.575434e-01   1.766e+05 0 inti1223   1.768e+05 2 inti1223   2.097e-01 3.356e+00  1.532e+05
1.579801e-01   1.767e+05 0 inti1223   1.768e+05 2 inti1223   2.092e-01 3.346e+00  1.532e+05
1.584191e-01   1.774e+05 0 inti1223   1.775e+05 2 inti1223   2.096e-01 3.353e+00  1.534e+05
1.588449e-01   1.773e+05 0 inti1223   1.775e+05 2 inti1223   2.090e-01 3.345e+00  1.538e+05
1.592784e-01   1.779e+05 0 inti1223   1.782e+05 2 inti1223   2.094e-01 3.351e+00  1.544e+05
1.597221e-01   1.790e+05 0 inti1223   1.791e+05 2 inti1223   2.101e-01 3.361e+00  1.554e+05
1.601514e-01   1.790e+05 0 inti1223   1.792e+05 2 inti1223   2.097e-01 3.355e+00  1.555e+05
1.605810e-01   1.787e+05 0 inti1223   1.788e+05 2 inti1223   2.088e-01 3.341e+00  1.554e+05
1.610191e-01   1.801e+05 0 inti1223   1.802e+05 2 inti1223   2.099e-01 3.359e+00  1.566e+05
1.614590e-01   1.803e+05 0 inti1223   1.804e+05 2 inti1223   2.097e-01 3.355e+00  1.569e+05
1.618858e-01   1.822e+05 0 inti1223   1.823e+05 2 inti1223   2.114e-01 3.382e+00  1.587e+05
1.623196e-01   1.812e+05 0 inti1223   1.813e+05 2 inti1223   2.098e-01 3.356e+00  1.578e+05
1.627632e-01   1.821e+05 0 inti1223   1.822e+05 2 inti1223   2.103e-01 3.365e+00  1.585e+05
1.631904e-01   1.819e+05 0 inti1223   1.820e+05 2 inti1223   2.095e-01 3.352e+00  1.584e+05
1.636206e-01   1.829e+05 0 inti1223   1.830e+05 2 inti1223   2.102e-01 3.363e+00  1.593e+05
1.640606e-01   1.833e+05 0 inti1223   1.834e+05 2 inti1223   2.101e-01 3.361e+00  1.596e+05
1.644922e-01   1.841e+05 0 inti1223   1.842e+05 2 inti1223   2.105e-01 3.367e+00  1.605e+05
1.649208e-01   1.844e+05 0 inti1223   1.845e+05 2 inti1223   2.103e-01 3.365e+00  1.605e+05
1.653604e-01   1.841e+05 0 inti1223   1.842e+05 2 inti1223   2.094e-01 3.350e+00  1.604e+05
1.657888e-01   1.849e+05 0 inti1223   1.850e+05 2 inti1223   2.098e-01 3.357e+00  1.612e+05
1.662183e-01   1.852e+05 0 inti1223   1.853e+05 2 inti1223   2.097e-01 3.355e+00  1.615e+05
1.666579e-01   1.862e+05 0 inti1223   1.864e+05 2 inti1223   2.104e-01 3.366e+00  1.624e+05
1.670835e-01   1.865e+05 0 inti1223   1.866e+05 2 inti1223   2.102e-01 3.363e+00  1.627e+05
1.675164e-01   1.869e+05 0 inti1223   1.870e+05 2 inti1223   2.102e-01 3.363e+00  1.630e+05
1.679540e-01   1.875e+05 0 inti1223   1.876e+05 2 inti1223   2.103e-01 3.365e+00  1.636e+05
1.683811e-01   1.894e+05 0 inti1223   1.895e+05 2 inti1223   2.120e-01 3.392e+00  1.653e+05
1.688187e-01   1.883e+05 0 inti1223   1.884e+05 2 inti1223   2.103e-01 3.364e+00  1.642e+05
1.692540e-01   1.882e+05 0 inti1223   1.883e+05 2 inti1223   2.097e-01 3.356e+00  1.642e+05
1.696841e-01   1.881e+05 0 inti1223   1.882e+05 2 inti1223   2.091e-01 3.346e+00  1.640e+05
1.701269e-01   2.048e+05 0 inti1223   2.049e+05 2 inti1223   2.272e-01 3.634e+00  1.766e+05
1.705590e-01   1.896e+05 0 inti1223   1.898e+05 2 inti1223   2.099e-01 3.359e+00  1.652e+05
1.709930e-01   1.904e+05 0 inti1223   1.905e+05 2 inti1223   2.103e-01 3.365e+00  1.659e+05
1.714397e-01   1.916e+05 0 inti1223   1.917e+05 2 inti1223   2.111e-01 3.378e+00  1.671e+05
1.718740e-01   1.918e+05 0 inti1223   1.919e+05 2 inti1223   2.109e-01 3.374e+00  1.673e+05
1.723099e-01   1.928e+05 0 inti1223   1.929e+05 2 inti1223   2.115e-01 3.384e+00  1.682e+05
1.727572e-01   1.937e+05 0 inti1223   1.938e+05 2 inti1223   2.121e-01 3.393e+00  1.689e+05
1.731930e-01   1.941e+05 0 inti1223   1.942e+05 2 inti1223   2.120e-01 3.392e+00  1.694e+05
1.736289e-01   1.951e+05 0 inti1223   1.952e+05 2 inti1223   2.127e-01 3.403e+00  1.704e+05
1.740750e-01   1.972e+05 0 inti1223   1.973e+05 2 inti1223   2.146e-01 3.434e+00  1.725e+05
1.745204e-01   1.954e+05 0 inti1223   1.955e+05 2 inti1223   2.123e-01 3.396e+00  1.707e+05
1.749556e-01   1.964e+05 0 inti1223   1.965e+05 2 inti1223   2.128e-01 3.405e+00  1.717e+05
1.753992e-01   1.975e+05 0 inti1223   1.976e+05 2 inti1223   2.137e-01 3.419e+00  1.727e+05
1.758509e-01   1.998e+05 0 inti1223   1.999e+05 2 inti1223   2.157e-01 3.452e+00  1.735e+05
1.762859e-01   1.987e+05 0 inti1223   1.989e+05 2 inti1223   2.142e-01 3.427e+00  1.740e+05
1.767263e-01   1.991e+05 0 inti1223   1.992e+05 2 inti1223   2.141e-01 3.426e+00  1.742e+05
1.771757e-01   1.994e+05 0 inti1223   1.995e+05 2 inti1223   2.140e-01 3.425e+00  1.745e+05
1.776232e-01   2.010e+05 0 inti1223   2.011e+05 2 inti1223   2.154e-01 3.446e+00  1.761e+05
1.780601e-01   1.992e+05 0 inti1223   1.993e+05 2 inti1223   2.131e-01 3.410e+00  1.743e+05
1.785003e-01   1.995e+05 0 inti1223   1.996e+05 2 inti1223   2.130e-01 3.408e+00  1.746e+05
1.789406e-01   2.000e+05 0 inti1223   2.002e+05 2 inti1223   2.133e-01 3.412e+00  1.750e+05
1.793837e-01   2.006e+05 0 inti1223   2.008e+05 2 inti1223   2.136e-01 3.417e+00  1.756e+05
1.798334e-01   2.002e+05 0 inti1223   2.004e+05 2 inti1223   2.127e-01 3.403e+00  1.752e+05
1.802810e-01   2.053e+05 0 inti1223   2.054e+05 2 inti1223   2.177e-01 3.482e+00  1.792e+05
1.807194e-01   2.058e+05 0 inti1223   2.059e+05 2 inti1223   2.178e-01 3.485e+00  1.791e+05
1.811585e-01   2.033e+05 0 inti1223   2.034e+05 2 inti1223   2.148e-01 3.436e+00  1.770e+05
1.815975e-01   2.040e+05 0 inti1223   2.042e+05 2 inti1223   2.154e-01 3.446e+00  1.778e+05
1.820372e-01   2.030e+05 0 inti1223   2.032e+05 2 inti1223   2.139e-01 3.422e+00  1.768e+05
1.824781e-01   2.043e+05 0 inti1223   2.045e+05 2 inti1223   2.149e-01 3.439e+00  1.781e+05
1.829213e-01   2.052e+05 0 inti1223   2.054e+05 2 inti1223   2.155e-01 3.449e+00  1.791e+05
1.833691e-01   2.044e+05 0 inti1223   2.046e+05 2 inti1223   2.144e-01 3.430e+00  1.781e+05
1.838232e-01   2.037e+05 0 inti1223   2.039e+05 2 inti1223   2.134e-01 3.414e+00  1.778e+05
1.842632e-01   2.039e+05 0 inti1223   2.041e+05 2 inti1223   2.132e-01 3.412e+00  1.778e+05
1.847023e-01   2.079e+05 0 inti1223   2.080e+05 2 inti1223   2.170e-01 3.472e+00  1.818e+05
1.851402e-01   2.054e+05 0 inti1223   2.057e+05 2 inti1223   2.143e-01 3.428e+00  1.794e+05
1.855774e-01   2.056e+05 0 inti1223   2.058e+05 2 inti1223   2.141e-01 3.426e+00  1.793e+05
1.860143e-01   2.048e+05 0 inti1223   2.049e+05 2 inti1223   2.130e-01 3.407e+00  1.788e+05
1.864516e-01   2.046e+05 0 inti1223   2.048e+05 2 inti1223   2.125e-01 3.399e+00  1.784e+05
1.868912e-01   2.053e+05 0 inti1223   2.061e+05 2 inti1223   2.136e-01 3.418e+00  1.792e+05
1.873338e-01   2.044e+05 0 inti1223   2.046e+05 2 inti1223   2.117e-01 3.387e+00  1.785e+05
1.877748e-01   2.053e+05 0 inti1223   2.055e+05 2 inti1223   2.124e-01 3.399e+00  1.793e+05
1.882096e-01   2.050e+05 0 inti1223   2.051e+05 2 inti1223   2.117e-01 3.386e+00  1.790e+05
1.886460e-01   2.060e+05 0 inti1223   2.061e+05 2 inti1223   2.125e-01 3.400e+00  1.800e+05
1.890823e-01   2.056e+05 0 inti1223   2.057e+05 2 inti1223   2.119e-01 3.390e+00  1.795e+05
1.895191e-01   2.063e+05 0 inti1223   2.065e+05 2 inti1223   2.125e-01 3.400e+00  1.801e+05
1.899558e-01   2.055e+05 0 inti1223   2.056e+05 2 inti1223   2.113e-01 3.380e+00  1.795e+05
1.903920e-01   2.081e+05 0 inti1223   2.083e+05 2 inti1223   2.139e-01 3.422e+00  1.815e+05
1.908277e-01   2.069e+05 0 inti1223   2.070e+05 2 inti1223   2.123e-01 3.397e+00  1.808e+05
1.912628e-01   2.071e+05 0 inti1223   2.073e+05 2 inti1223   2.123e-01 3.397e+00  1.809e+05
1.916974e-01   2.083e+05 0 inti1223   2.084e+05 2 inti1223   2.133e-01 3.413e+00  1.822e+05
1.921318e-01   2.070e+05 0 inti1223   2.071e+05 2 inti1223   2.117e-01 3.388e+00  1.811e+05
1.925660e-01   2.072e+05 0 inti1223   2.074e+05 2 inti1223   2.118e-01 3.389e+00  1.811e+05
1.930002e-01   2.088e+05 0 inti1223   2.090e+05 2 inti1223   2.132e-01 3.411e+00  1.826e+05
1.934343e-01   2.067e+05 0 inti1223   2.069e+05 2 inti1223   2.109e-01 3.374e+00  1.807e+05
1.938684e-01   2.080e+05 0 inti1223   2.082e+05 2 inti1223   2.120e-01 3.392e+00  1.817e+05
1.943026e-01   2.074e+05 0 inti1223   2.075e+05 2 inti1223   2.111e-01 3.378e+00  1.814e+05
1.947370e-01   2.083e+05 0 inti1223   2.085e+05 2 inti1223   2.119e-01 3.390e+00  1.822e+05
1.951716e-01   2.078e+05 0 inti1223   2.080e+05 2 inti1223   2.112e-01 3.379e+00  1.819e+05
1.956063e-01   2.078e+05 0 inti1223   2.080e+05 2 inti1223   2.110e-01 3.375e+00  1.819e+05
1.960410e-01   2.084e+05 0 inti1223   2.086e+05 2 inti1223   2.115e-01 3.383e+00  1.824e+05
1.964760e-01   2.088e+05 0 inti1223   2.091e+05 2 inti1223   2.117e-01 3.387e+00  1.829e+05
1.969111e-01   2.097e+05 0 inti1223   2.099e+05 2 inti1223   2.123e-01 3.397e+00  1.837e+05
1.973463e-01   2.110e+05 0 inti1223   2.112e+05 2 inti1223   2.135e-01 3.416e+00  1.842e+05
1.977817e-01   2.100e+05 0 inti1223   2.101e+05 2 inti1223   2.122e-01 3.395e+00  1.838e+05
1.982171e-01   2.098e+05 0 inti1223   2.100e+05 2 inti1223   2.119e-01 3.391e+00  1.838e+05
1.986532e-01   2.103e+05 0 inti1223   2.106e+05 2 inti1223   2.123e-01 3.396e+00  1.842e+05
1.990896e-01   2.106e+05 0 inti1223   2.107e+05 2 inti1223   2.122e-01 3.395e+00  1.844e+05
1.995253e-01   2.108e+05 0 inti1223   2.110e+05 2 inti1223   2.124e-01 3.398e+00  1.845e+05
1.999603e-01   2.114e+05 0 inti1223   2.116e+05 2 inti1223   2.129e-01 3.406e+00  1.852e+05
