#   1 : Date        
# Date        
0.000000e+00
1.807392e-05
2.865299e-05
3.680825e-05
4.331462e-05
4.906367e-05
5.538763e-05
6.204872e-05
6.795979e-05
7.446196e-05
8.161436e-05
8.947053e-05
9.702468e-05
1.053342e-04
1.143002e-04
1.241628e-04
1.337027e-04
1.436480e-04
1.545879e-04
1.657374e-04
1.769297e-04
1.886124e-04
2.010176e-04
2.132284e-04
2.257171e-04
2.388127e-04
2.521957e-04
2.655017e-04
2.797183e-04
2.939297e-04
3.084532e-04
3.235230e-04
3.388720e-04
3.545256e-04
3.707045e-04
3.871136e-04
4.039712e-04
4.213429e-04
4.389057e-04
4.566041e-04
4.748726e-04
4.934284e-04
5.123968e-04
5.317204e-04
5.513472e-04
5.713195e-04
5.916317e-04
6.121877e-04
6.330631e-04
6.541431e-04
6.756129e-04
6.973298e-04
7.193540e-04
7.416524e-04
7.642145e-04
7.870888e-04
8.102207e-04
8.336410e-04
8.572999e-04
8.811975e-04
9.052984e-04
9.296850e-04
9.542344e-04
9.790738e-04
1.004107e-03
1.029433e-03
1.054937e-03
1.080786e-03
1.106828e-03
1.133123e-03
1.159624e-03
1.186464e-03
1.213485e-03
1.240745e-03
1.268213e-03
1.295923e-03
1.323861e-03
1.352053e-03
1.380427e-03
1.409065e-03
1.437917e-03
1.467083e-03
1.496472e-03
1.526126e-03
1.555964e-03
1.585778e-03
1.615146e-03
1.644588e-03
1.674220e-03
1.704224e-03
1.734051e-03
1.763856e-03
1.779832e-03
1.795738e-03
1.810272e-03
1.826260e-03
1.843016e-03
1.858422e-03
1.873558e-03
1.888489e-03
1.903205e-03
1.917775e-03
1.932418e-03
1.947428e-03
1.963850e-03
1.979042e-03
1.994268e-03
2.009586e-03
2.025026e-03
2.040632e-03
2.056441e-03
2.072484e-03
2.087702e-03
2.103019e-03
2.118451e-03
2.134019e-03
2.149734e-03
2.165609e-03
2.181650e-03
2.197864e-03
2.213746e-03
2.229544e-03
2.245468e-03
2.261526e-03
2.277602e-03
2.293938e-03
2.310421e-03
2.327058e-03
2.343241e-03
2.359925e-03
2.377033e-03
2.394305e-03
2.410776e-03
2.427713e-03
2.445263e-03
2.463177e-03
2.479965e-03
2.497183e-03
2.514957e-03
2.533527e-03
2.550638e-03
2.568141e-03
2.586155e-03
2.604919e-03
2.622342e-03
2.640119e-03
2.658362e-03
2.677307e-03
2.697609e-03
2.719112e-03
2.737774e-03
2.757159e-03
2.775246e-03
2.793672e-03
2.812515e-03
2.832017e-03
2.852727e-03
2.874289e-03
2.893445e-03
2.913252e-03
2.934243e-03
2.956354e-03
2.975791e-03
2.995862e-03
3.017072e-03
3.039367e-03
3.059040e-03
3.079320e-03
3.100668e-03
3.123034e-03
3.142901e-03
3.163339e-03
3.184753e-03
3.207072e-03
3.227093e-03
3.247638e-03
3.268981e-03
3.291227e-03
3.311299e-03
3.331776e-03
3.352861e-03
3.374692e-03
3.394837e-03
3.415286e-03
3.436194e-03
3.457741e-03
3.477966e-03
3.498441e-03
3.519258e-03
3.540622e-03
3.560940e-03
3.581550e-03
3.602291e-03
3.623398e-03
3.645068e-03
3.667436e-03
3.688199e-03
3.709237e-03
3.730673e-03
3.752697e-03
3.773499e-03
3.794610e-03
3.815876e-03
3.837518e-03
3.859766e-03
3.882724e-03
3.903950e-03
3.925447e-03
3.947358e-03
3.969859e-03
3.991083e-03
4.012615e-03
4.034312e-03
4.056365e-03
4.079012e-03
4.102349e-03
4.123969e-03
4.145840e-03
4.168110e-03
4.190948e-03
4.212547e-03
4.234440e-03
4.256501e-03
4.278879e-03
4.301798e-03
4.325368e-03
4.347336e-03
4.369526e-03
4.392073e-03
4.415143e-03
4.437088e-03
4.459304e-03
4.481676e-03
4.504318e-03
4.527429e-03
4.551132e-03
4.573415e-03
4.595886e-03
4.618662e-03
4.641902e-03
4.664174e-03
4.686688e-03
4.709343e-03
4.732239e-03
4.755513e-03
4.779308e-03
4.801903e-03
4.824769e-03
4.847795e-03
4.871062e-03
4.894769e-03
4.919028e-03
4.941922e-03
4.965105e-03
4.988470e-03
5.012093e-03
5.036208e-03
5.060909e-03
5.084091e-03
5.107443e-03
5.131094e-03
5.155197e-03
5.178327e-03
5.201687e-03
5.225181e-03
5.248883e-03
5.272929e-03
5.297456e-03
5.320865e-03
5.344521e-03
5.368322e-03
5.392334e-03
5.416704e-03
5.441565e-03
5.465240e-03
5.489165e-03
5.513239e-03
5.537520e-03
5.562164e-03
5.587307e-03
5.611236e-03
5.635417e-03
5.659745e-03
5.684273e-03
5.709157e-03
5.734537e-03
5.758711e-03
5.783133e-03
5.807700e-03
5.832455e-03
5.857552e-03
5.883134e-03
5.907547e-03
5.932201e-03
5.956992e-03
5.981958e-03
6.007242e-03
6.032993e-03
6.057634e-03
6.082506e-03
6.107507e-03
6.132667e-03
6.158117e-03
6.184009e-03
6.208874e-03
6.233956e-03
6.259155e-03
6.284654e-03
6.310345e-03
6.336218e-03
6.362496e-03
6.389271e-03
6.414630e-03
6.440241e-03
6.465996e-03
6.491887e-03
6.518112e-03
6.544792e-03
6.570304e-03
6.596044e-03
6.621907e-03
6.647905e-03
6.674170e-03
6.700865e-03
6.726573e-03
6.752486e-03
6.778507e-03
6.804809e-03
6.831283e-03
6.857890e-03
6.884825e-03
6.912204e-03
6.938369e-03
6.964758e-03
6.991265e-03
7.017881e-03
7.044735e-03
7.071996e-03
7.099798e-03
7.128155e-03
7.154812e-03
7.181736e-03
7.208817e-03
7.236014e-03
7.263472e-03
7.291353e-03
7.318162e-03
7.345172e-03
7.372281e-03
7.399655e-03
7.427181e-03
7.454804e-03
7.482676e-03
7.510993e-03
7.538217e-03
7.565639e-03
7.593149e-03
7.620909e-03
7.648805e-03
7.676771e-03
7.704956e-03
7.733568e-03
7.762700e-03
7.792313e-03
7.820197e-03
7.848319e-03
7.876568e-03
7.904863e-03
7.933346e-03
7.962234e-03
7.991592e-03
8.021398e-03
8.049630e-03
8.078086e-03
8.106654e-03
8.135477e-03
8.164448e-03
8.193432e-03
8.222633e-03
8.252215e-03
8.282336e-03
8.312966e-03
8.341759e-03
8.370787e-03
8.399942e-03
8.429112e-03
8.458436e-03
8.488151e-03
8.518296e-03
8.548868e-03
8.577986e-03
8.607313e-03
8.636742e-03
8.666405e-03
8.696192e-03
8.725956e-03
8.755846e-03
8.786109e-03
8.816775e-03
8.847845e-03
8.877512e-03
8.907373e-03
8.937328e-03
8.967501e-03
8.997785e-03
9.028015e-03
9.058330e-03
9.088990e-03
9.120002e-03
9.151385e-03
9.183212e-03
9.215198e-03
9.245645e-03
9.276291e-03
9.307035e-03
9.337983e-03
9.369036e-03
9.399970e-03
9.430971e-03
9.462296e-03
9.493970e-03
9.525996e-03
9.558456e-03
9.591211e-03
9.622294e-03
9.653567e-03
9.684934e-03
9.716490e-03
9.748144e-03
9.779663e-03
9.811204e-03
9.843056e-03
9.875210e-03
9.907764e-03
9.940689e-03
9.973878e-03
1.000742e-02
1.004128e-02
1.007327e-02
1.010543e-02
1.013767e-02
1.017007e-02
1.020255e-02
1.023485e-02
1.026711e-02
1.029965e-02
1.033245e-02
1.036563e-02
1.039913e-02
1.043286e-02
1.046686e-02
1.050113e-02
1.053574e-02
1.057059e-02
1.060361e-02
1.063677e-02
1.067001e-02
1.070337e-02
1.073680e-02
1.077000e-02
1.080309e-02
1.083641e-02
1.086993e-02
1.090378e-02
1.093789e-02
1.097229e-02
1.100692e-02
1.104162e-02
1.107645e-02
1.111151e-02
1.114680e-02
1.118221e-02
1.121784e-02
1.125361e-02
1.128963e-02
1.132580e-02
1.136225e-02
1.139982e-02
1.143374e-02
1.146783e-02
1.150204e-02
1.153652e-02
1.157120e-02
1.160589e-02
1.164062e-02
1.167558e-02
1.171075e-02
1.174618e-02
1.178183e-02
1.181756e-02
1.185343e-02
1.188943e-02
1.192563e-02
1.196195e-02
1.199846e-02
1.203509e-02
1.207194e-02
1.210887e-02
1.214606e-02
1.218420e-02
1.221905e-02
1.225408e-02
1.228924e-02
1.232464e-02
1.236022e-02
1.239571e-02
1.243119e-02
1.246692e-02
1.250287e-02
1.253912e-02
1.257562e-02
1.261225e-02
1.264904e-02
1.268605e-02
1.272329e-02
1.276018e-02
1.279755e-02
1.283420e-02
1.287127e-02
1.290776e-02
1.294454e-02
1.298098e-02
1.301657e-02
1.305230e-02
1.308814e-02
1.312425e-02
1.316058e-02
1.319691e-02
1.323329e-02
1.326978e-02
1.330643e-02
1.334326e-02
1.338035e-02
1.341752e-02
1.345493e-02
1.348641e-02
1.351797e-02
1.354961e-02
1.358134e-02
1.361146e-02
1.364296e-02
1.367313e-02
1.370403e-02
1.373447e-02
1.376487e-02
1.379508e-02
1.382512e-02
1.385507e-02
1.388495e-02
1.391487e-02
1.394487e-02
1.397505e-02
1.400546e-02
1.403615e-02
1.406720e-02
1.409869e-02
1.413074e-02
1.416121e-02
1.419174e-02
1.422234e-02
1.425304e-02
1.428388e-02
1.431489e-02
1.434469e-02
1.437543e-02
1.440597e-02
1.443620e-02
1.446617e-02
1.449593e-02
1.452553e-02
1.455501e-02
1.458439e-02
1.461372e-02
1.464293e-02
1.467183e-02
1.470057e-02
1.472923e-02
1.475773e-02
1.478594e-02
1.481408e-02
1.484223e-02
1.487052e-02
1.489900e-02
1.492758e-02
1.495629e-02
1.498500e-02
1.501368e-02
1.504240e-02
1.507095e-02
1.509928e-02
1.512748e-02
1.515560e-02
1.518362e-02
1.521135e-02
1.523887e-02
1.526625e-02
1.529354e-02
1.532080e-02
1.534807e-02
1.537491e-02
1.540159e-02
1.542818e-02
1.545470e-02
1.548121e-02
1.550772e-02
1.553429e-02
1.556092e-02
1.558766e-02
1.561451e-02
1.564150e-02
1.566865e-02
1.569600e-02
1.572354e-02
1.575133e-02
1.577935e-02
1.580766e-02
1.583622e-02
1.586317e-02
1.589027e-02
1.591754e-02
1.594498e-02
1.597263e-02
1.600048e-02
1.602856e-02
1.605687e-02
1.608544e-02
1.611427e-02
1.614337e-02
1.617273e-02
1.620238e-02
1.623230e-02
1.626251e-02
1.629300e-02
1.632382e-02
1.635497e-02
1.638647e-02
1.641833e-02
1.644776e-02
1.647739e-02
1.650723e-02
1.653728e-02
1.656755e-02
1.659801e-02
1.662868e-02
1.665953e-02
1.669059e-02
1.672160e-02
1.675276e-02
1.678410e-02
1.681562e-02
1.684734e-02
1.687930e-02
1.691153e-02
1.694396e-02
1.697669e-02
1.700969e-02
1.704292e-02
1.707637e-02
1.710730e-02
1.713829e-02
1.716934e-02
1.720049e-02
1.723178e-02
1.726323e-02
1.729486e-02
1.732669e-02
1.735872e-02
1.739098e-02
1.742348e-02
1.745624e-02
1.748927e-02
1.752261e-02
1.755628e-02
1.758732e-02
1.761837e-02
1.764944e-02
1.768051e-02
1.771163e-02
1.774283e-02
1.777414e-02
1.780560e-02
1.783724e-02
1.786906e-02
1.790108e-02
1.793333e-02
1.796582e-02
1.799857e-02
1.803160e-02
1.806251e-02
1.809345e-02
1.812441e-02
1.815540e-02
1.818642e-02
1.821749e-02
1.824863e-02
1.827987e-02
1.831125e-02
1.834276e-02
1.837444e-02
1.840626e-02
1.843825e-02
1.847040e-02
1.850272e-02
1.853520e-02
1.856789e-02
1.860077e-02
1.863389e-02
1.866726e-02
1.870094e-02
1.873494e-02
1.876922e-02
1.880290e-02
1.883738e-02
1.887120e-02
1.890586e-02
1.893850e-02
1.897116e-02
1.900385e-02
1.903657e-02
1.906934e-02
1.910215e-02
1.913502e-02
1.916796e-02
1.920100e-02
1.923411e-02
1.926733e-02
1.930065e-02
1.933408e-02
1.936760e-02
1.939973e-02
1.943346e-02
1.946561e-02
1.949953e-02
1.953169e-02
1.956545e-02
1.959755e-02
1.962970e-02
1.966191e-02
1.969419e-02
1.972655e-02
1.975901e-02
1.979158e-02
1.982426e-02
1.985707e-02
1.988999e-02
1.992302e-02
1.995620e-02
1.998948e-02
2.002292e-02
2.005649e-02
2.009019e-02
2.012403e-02
2.015799e-02
2.019209e-02
2.022635e-02
2.025813e-02
2.029043e-02
2.032222e-02
2.035472e-02
2.038655e-02
2.041929e-02
2.045134e-02
2.048413e-02
2.051639e-02
2.054929e-02
2.058169e-02
2.061518e-02
2.064882e-02
2.068257e-02
2.071647e-02
2.075047e-02
2.078460e-02
2.081885e-02
2.085322e-02
2.088771e-02
2.092239e-02
2.095725e-02
2.099002e-02
2.102288e-02
2.105585e-02
2.108893e-02
2.112214e-02
2.115548e-02
2.118895e-02
2.122254e-02
2.125629e-02
2.129017e-02
2.132421e-02
2.135838e-02
2.139271e-02
2.142718e-02
2.146182e-02
2.149658e-02
2.153150e-02
2.156654e-02
2.159860e-02
2.163170e-02
2.166355e-02
2.169578e-02
2.172762e-02
2.175966e-02
2.179135e-02
2.182327e-02
2.185489e-02
2.188673e-02
2.191831e-02
2.195216e-02
2.198526e-02
2.201963e-02
2.205143e-02
2.208613e-02
2.211803e-02
2.215032e-02
2.218234e-02
2.221757e-02
2.224963e-02
2.228298e-02
2.231502e-02
2.234854e-02
2.238059e-02
2.241400e-02
2.244610e-02
2.247933e-02
2.251152e-02
2.254474e-02
2.257705e-02
2.261036e-02
2.264282e-02
2.267629e-02
2.270892e-02
2.274261e-02
2.277544e-02
2.280944e-02
2.284251e-02
2.287591e-02
2.290925e-02
2.294283e-02
2.297650e-02
2.301028e-02
2.304418e-02
2.307820e-02
2.311239e-02
2.314672e-02
2.318123e-02
2.321588e-02
2.325071e-02
2.328569e-02
2.332085e-02
2.335617e-02
2.339168e-02
2.342736e-02
2.346079e-02
2.349431e-02
2.352793e-02
2.356165e-02
2.359549e-02
2.362944e-02
2.366353e-02
2.369776e-02
2.373213e-02
2.376665e-02
2.380134e-02
2.383618e-02
2.387121e-02
2.390641e-02
2.394182e-02
2.397741e-02
2.401323e-02
2.404924e-02
2.408286e-02
2.411659e-02
2.415042e-02
2.418436e-02
2.421843e-02
2.425262e-02
2.428695e-02
2.432143e-02
2.435610e-02
2.439094e-02
2.442599e-02
2.446124e-02
2.449674e-02
2.453246e-02
2.456842e-02
2.460453e-02
2.463822e-02
2.467200e-02
2.470588e-02
2.473989e-02
2.477403e-02
2.480832e-02
2.484279e-02
2.487744e-02
2.491230e-02
2.494738e-02
2.498271e-02
2.501828e-02
2.505401e-02
2.508985e-02
2.512587e-02
2.516211e-02
2.519590e-02
2.522980e-02
2.526385e-02
2.529805e-02
2.533245e-02
2.536703e-02
2.540185e-02
2.543689e-02
2.547220e-02
2.550764e-02
2.554319e-02
2.557891e-02
2.561484e-02
2.565104e-02
2.568757e-02
2.572446e-02
2.575851e-02
2.579273e-02
2.582715e-02
2.586178e-02
2.589667e-02
2.593178e-02
2.596706e-02
2.600244e-02
2.603799e-02
2.607376e-02
2.610983e-02
2.614623e-02
2.618304e-02
2.622028e-02
2.625440e-02
2.628871e-02
2.632327e-02
2.635807e-02
2.639301e-02
2.642807e-02
2.646328e-02
2.649872e-02
2.653446e-02
2.657054e-02
2.660703e-02
2.664397e-02
2.668140e-02
2.671553e-02
2.674990e-02
2.678450e-02
2.681926e-02
2.685413e-02
2.688916e-02
2.692440e-02
2.695994e-02
2.699579e-02
2.703205e-02
2.706873e-02
2.710590e-02
2.714359e-02
2.717791e-02
2.721248e-02
2.724717e-02
2.728196e-02
2.731689e-02
2.735202e-02
2.738740e-02
2.742308e-02
2.745913e-02
2.749557e-02
2.753247e-02
2.756986e-02
2.760779e-02
2.764632e-02
2.768103e-02
2.771581e-02
2.775069e-02
2.778576e-02
2.782106e-02
2.785665e-02
2.789258e-02
2.792889e-02
2.796565e-02
2.800287e-02
2.804061e-02
2.807893e-02
2.811367e-02
2.814843e-02
2.818328e-02
2.821826e-02
2.825343e-02
2.828885e-02
2.832456e-02
2.836060e-02
2.839702e-02
2.843385e-02
2.847111e-02
2.850886e-02
2.854729e-02
2.858663e-02
2.862118e-02
2.865583e-02
2.869062e-02
2.872559e-02
2.876078e-02
2.879621e-02
2.883191e-02
2.886790e-02
2.890419e-02
2.894081e-02
2.897776e-02
2.901507e-02
2.905269e-02
2.909082e-02
2.912960e-02
2.916924e-02
2.920378e-02
2.923841e-02
2.927315e-02
2.930803e-02
2.934307e-02
2.937828e-02
2.941369e-02
2.944929e-02
2.948512e-02
2.952118e-02
2.955749e-02
2.959407e-02
2.963091e-02
2.966806e-02
2.970547e-02
2.974335e-02
2.978181e-02
2.982103e-02
2.986115e-02
2.990229e-02
2.993693e-02
2.997169e-02
3.000659e-02
3.004165e-02
3.007688e-02
3.011231e-02
3.014794e-02
3.018379e-02
3.021988e-02
3.025623e-02
3.029284e-02
3.032976e-02
3.036714e-02
3.040508e-02
3.044375e-02
3.048333e-02
3.052392e-02
3.056563e-02
3.060853e-02
3.065048e-02
3.068537e-02
3.072043e-02
3.075568e-02
3.079112e-02
3.082677e-02
3.086264e-02
3.089873e-02
3.093508e-02
3.097168e-02
3.100889e-02
3.104662e-02
3.108504e-02
3.112430e-02
3.116444e-02
3.120569e-02
3.124555e-02
3.128662e-02
3.132625e-02
3.136114e-02
3.139619e-02
3.143140e-02
3.146678e-02
3.150232e-02
3.153805e-02
3.157395e-02
3.161006e-02
3.164637e-02
3.168290e-02
3.171965e-02
3.175693e-02
3.179461e-02
3.183283e-02
3.187174e-02
3.191032e-02
3.195000e-02
3.198847e-02
3.202804e-02
3.206642e-02
3.210589e-02
3.214418e-02
3.217929e-02
3.221453e-02
3.224991e-02
3.228542e-02
3.232105e-02
3.235683e-02
3.239274e-02
3.242879e-02
3.246498e-02
3.250133e-02
3.253783e-02
3.257450e-02
3.261134e-02
3.264843e-02
3.268587e-02
3.272274e-02
3.276058e-02
3.279709e-02
3.283453e-02
3.287064e-02
3.290767e-02
3.294337e-02
3.297996e-02
3.301521e-02
3.305132e-02
3.308611e-02
3.312171e-02
3.315602e-02
3.319110e-02
3.322493e-02
3.325949e-02
3.329284e-02
3.332688e-02
3.335975e-02
3.339326e-02
3.342566e-02
3.345865e-02
3.349059e-02
3.352306e-02
3.355455e-02
3.358651e-02
3.361754e-02
3.364898e-02
3.367957e-02
3.371050e-02
3.374065e-02
3.377117e-02
3.380100e-02
3.383117e-02
3.386069e-02
3.389059e-02
3.391992e-02
3.394966e-02
3.397891e-02
3.400858e-02
3.403778e-02
3.406739e-02
3.409655e-02
3.412612e-02
3.415525e-02
3.418478e-02
3.421386e-02
3.424388e-02
3.427287e-02
3.430235e-02
3.433144e-02
3.436096e-02
3.439006e-02
3.442008e-02
3.444911e-02
3.447862e-02
3.450775e-02
3.453783e-02
3.456692e-02
3.459650e-02
3.462571e-02
3.465587e-02
3.468505e-02
3.471471e-02
3.474401e-02
3.477427e-02
3.480354e-02
3.483329e-02
3.486269e-02
3.489304e-02
3.492241e-02
3.495227e-02
3.498177e-02
3.501222e-02
3.504169e-02
3.507165e-02
3.510125e-02
3.513180e-02
3.516136e-02
3.519195e-02
3.522158e-02
3.525171e-02
3.528149e-02
3.531224e-02
3.534199e-02
3.537223e-02
3.540210e-02
3.543293e-02
3.546277e-02
3.549362e-02
3.552350e-02
3.555443e-02
3.558439e-02
3.561487e-02
3.564497e-02
3.567605e-02
3.570611e-02
3.573720e-02
3.576731e-02
3.579846e-02
3.582863e-02
3.585986e-02
3.589009e-02
3.592138e-02
3.595167e-02
3.598302e-02
3.601337e-02
3.604477e-02
3.607517e-02
3.610661e-02
3.613704e-02
3.616851e-02
3.619897e-02
3.623045e-02
3.626093e-02
3.629241e-02
3.632289e-02
3.635434e-02
3.638481e-02
3.641622e-02
3.644666e-02
3.647800e-02
3.650840e-02
3.653966e-02
3.657000e-02
3.660114e-02
3.663140e-02
3.666241e-02
3.669258e-02
3.672344e-02
3.675349e-02
3.678418e-02
3.681411e-02
3.684461e-02
3.687440e-02
3.690470e-02
3.693436e-02
3.696447e-02
3.699398e-02
3.702390e-02
3.705327e-02
3.708300e-02
3.711223e-02
3.714179e-02
3.717089e-02
3.720030e-02
3.722930e-02
3.725857e-02
3.728749e-02
3.731668e-02
3.734554e-02
3.737729e-02
3.741221e-02
3.744981e-02
3.748727e-02
3.752496e-02
3.756253e-02
3.760034e-02
3.763803e-02
3.766734e-02
3.769958e-02
3.772886e-02
3.775781e-02
3.778708e-02
3.781606e-02
3.784536e-02
3.787437e-02
3.790369e-02
3.793271e-02
3.796206e-02
3.799111e-02
3.802047e-02
3.804955e-02
3.807894e-02
3.810803e-02
3.813745e-02
3.816657e-02
3.819601e-02
3.822514e-02
3.825461e-02
3.828377e-02
3.831326e-02
3.834244e-02
3.837196e-02
3.840117e-02
3.843071e-02
3.845995e-02
3.848952e-02
3.851878e-02
3.854838e-02
3.857767e-02
3.860730e-02
3.863662e-02
3.866629e-02
3.869564e-02
3.872534e-02
3.875472e-02
3.878445e-02
3.881387e-02
3.884364e-02
3.887309e-02
3.890290e-02
3.893239e-02
3.896224e-02
3.899177e-02
3.902167e-02
3.905124e-02
3.908118e-02
3.911079e-02
3.914078e-02
3.917044e-02
3.920049e-02
3.923019e-02
3.926029e-02
3.929004e-02
3.932020e-02
3.935001e-02
3.938023e-02
3.941009e-02
3.944038e-02
3.947030e-02
3.950065e-02
3.953063e-02
3.956106e-02
3.959111e-02
3.962162e-02
3.965174e-02
3.968233e-02
3.971253e-02
3.974321e-02
3.977349e-02
3.980427e-02
3.983463e-02
3.986552e-02
3.989598e-02
3.992698e-02
3.995754e-02
3.998867e-02
4.001933e-02
4.005060e-02
4.008138e-02
4.011280e-02
4.014372e-02
4.017530e-02
4.020636e-02
4.023813e-02
4.026936e-02
4.030134e-02
4.033275e-02
4.036449e-02
4.039611e-02
4.042794e-02
4.045980e-02
4.049171e-02
4.052368e-02
4.055568e-02
4.058773e-02
4.061983e-02
4.065198e-02
4.068417e-02
4.071642e-02
4.074872e-02
4.078109e-02
4.081352e-02
4.084601e-02
4.087857e-02
4.091120e-02
4.094391e-02
4.097675e-02
4.100976e-02
4.104300e-02
4.107642e-02
4.111009e-02
4.114401e-02
4.117826e-02
4.121282e-02
4.124743e-02
4.128259e-02
4.131724e-02
4.135244e-02
4.138714e-02
4.142239e-02
4.145715e-02
4.149247e-02
4.152731e-02
4.156271e-02
4.159763e-02
4.163312e-02
4.166813e-02
4.170373e-02
4.173885e-02
4.177456e-02
4.180979e-02
4.184563e-02
4.188098e-02
4.191696e-02
4.195245e-02
4.198858e-02
4.202422e-02
4.206052e-02
4.209631e-02
4.213279e-02
4.216875e-02
4.220542e-02
4.224157e-02
4.227843e-02
4.231477e-02
4.235185e-02
4.238839e-02
4.242569e-02
4.246244e-02
4.249535e-02
4.252826e-02
4.256118e-02
4.259410e-02
4.262703e-02
4.265997e-02
4.269291e-02
4.272585e-02
4.275880e-02
4.279176e-02
4.282472e-02
4.285768e-02
4.289065e-02
4.292363e-02
4.295661e-02
4.298959e-02
4.302259e-02
4.305559e-02
4.308859e-02
4.312160e-02
4.315462e-02
4.318765e-02
4.322068e-02
4.325372e-02
4.328677e-02
4.331982e-02
4.335289e-02
4.338596e-02
4.341904e-02
4.345213e-02
4.348523e-02
4.351833e-02
4.355144e-02
4.358456e-02
4.361769e-02
4.365086e-02
4.368408e-02
4.371737e-02
4.375069e-02
4.378404e-02
4.381742e-02
4.385084e-02
4.388429e-02
4.391777e-02
4.395128e-02
4.398482e-02
4.401838e-02
4.405198e-02
4.408559e-02
4.411924e-02
4.415292e-02
4.418663e-02
4.422037e-02
4.425414e-02
4.428795e-02
4.432179e-02
4.435567e-02
4.438959e-02
4.442354e-02
4.445754e-02
4.449158e-02
4.452567e-02
4.455980e-02
4.459399e-02
4.462822e-02
4.466252e-02
4.469686e-02
4.473127e-02
4.476573e-02
4.480027e-02
4.483486e-02
4.486954e-02
4.490428e-02
4.493911e-02
4.497401e-02
4.500902e-02
4.504410e-02
4.507930e-02
4.511459e-02
4.515000e-02
4.518262e-02
4.521649e-02
4.525168e-02
4.528540e-02
4.532035e-02
4.535427e-02
4.538944e-02
4.542356e-02
4.545895e-02
4.549327e-02
4.552894e-02
4.556351e-02
4.559951e-02
4.563440e-02
4.567084e-02
4.570614e-02
4.574315e-02
4.577898e-02
4.581672e-02
4.585254e-02
4.589044e-02
4.592701e-02
4.596440e-02
4.600233e-02
4.603285e-02
4.606368e-02
4.609423e-02
4.612505e-02
4.615559e-02
4.618639e-02
4.621690e-02
4.624768e-02
4.627420e-02
4.630136e-02
4.632931e-02
4.635845e-02
4.638512e-02
4.641248e-02
4.644076e-02
4.646787e-02
4.649578e-02
4.652480e-02
4.655168e-02
4.657932e-02
4.660786e-02
4.663530e-02
4.666357e-02
4.669298e-02
4.672018e-02
4.674833e-02
4.677748e-02
4.680547e-02
4.683456e-02
4.686286e-02
4.689205e-02
4.692075e-02
4.695035e-02
4.697954e-02
4.700987e-02
4.703911e-02
4.706986e-02
4.709981e-02
4.713052e-02
4.716201e-02
4.719446e-02
4.722669e-02
4.726008e-02
4.729483e-02
4.732743e-02
4.736138e-02
4.739684e-02
4.743097e-02
4.746670e-02
4.750408e-02
4.753803e-02
4.757382e-02
4.761133e-02
4.764694e-02
4.768439e-02
4.772056e-02
4.775874e-02
4.779476e-02
4.783069e-02
4.786753e-02
4.790571e-02
4.794272e-02
4.797956e-02
4.801712e-02
4.805408e-02
4.809172e-02
4.812877e-02
4.816651e-02
4.820362e-02
4.824144e-02
4.827860e-02
4.831647e-02
4.835367e-02
4.839158e-02
4.842882e-02
4.846678e-02
4.850405e-02
4.854205e-02
4.857933e-02
4.861735e-02
4.865462e-02
4.869262e-02
4.872985e-02
4.876782e-02
4.880501e-02
4.884293e-02
4.888007e-02
4.891792e-02
4.895499e-02
4.899279e-02
4.902984e-02
4.906762e-02
4.910464e-02
4.914238e-02
4.917939e-02
4.921712e-02
4.925413e-02
4.928905e-02
4.932403e-02
4.935906e-02
4.939411e-02
4.942918e-02
4.946428e-02
4.949939e-02
4.953453e-02
4.956967e-02
4.960483e-02
4.964001e-02
4.967519e-02
4.971038e-02
4.974559e-02
4.978080e-02
4.981602e-02
4.985125e-02
4.988648e-02
4.992172e-02
4.995697e-02
4.999222e-02
5.002748e-02
5.006275e-02
5.009802e-02
5.013330e-02
5.016858e-02
5.020387e-02
5.023916e-02
5.027447e-02
5.030977e-02
5.034509e-02
5.038042e-02
5.041575e-02
5.045110e-02
5.048645e-02
5.052182e-02
5.055721e-02
5.059260e-02
5.062802e-02
5.066345e-02
5.069891e-02
5.073439e-02
5.076989e-02
5.080542e-02
5.084099e-02
5.087658e-02
5.091221e-02
5.094788e-02
5.098359e-02
5.101935e-02
5.105517e-02
5.109102e-02
5.112694e-02
5.116290e-02
5.119893e-02
5.123493e-02
5.127091e-02
5.130687e-02
5.134279e-02
5.137869e-02
5.141456e-02
5.145040e-02
5.148621e-02
5.152199e-02
5.155774e-02
5.159346e-02
5.162914e-02
5.166480e-02
5.170041e-02
5.173600e-02
5.177155e-02
5.180709e-02
5.184263e-02
5.187821e-02
5.191384e-02
5.194951e-02
5.198523e-02
5.202099e-02
5.205679e-02
5.209263e-02
5.212849e-02
5.216438e-02
5.220029e-02
5.223623e-02
5.227218e-02
5.230816e-02
5.234416e-02
5.238018e-02
5.241623e-02
5.245229e-02
5.248838e-02
5.252450e-02
5.256065e-02
5.259683e-02
5.263303e-02
5.266928e-02
5.270556e-02
5.274188e-02
5.277824e-02
5.281464e-02
5.285109e-02
5.288759e-02
5.292414e-02
5.296074e-02
5.299739e-02
5.303405e-02
5.307080e-02
5.310759e-02
5.314443e-02
5.318131e-02
5.321823e-02
5.325520e-02
5.329221e-02
5.332926e-02
5.336636e-02
5.340350e-02
5.344068e-02
5.347790e-02
5.351517e-02
5.355247e-02
5.358983e-02
5.362722e-02
5.366468e-02
5.370217e-02
5.373972e-02
5.377731e-02
5.381496e-02
5.385266e-02
5.389043e-02
5.392824e-02
5.396613e-02
5.400406e-02
5.404207e-02
5.408013e-02
5.411828e-02
5.415649e-02
5.419479e-02
5.423314e-02
5.427160e-02
5.431012e-02
5.434876e-02
5.438746e-02
5.442629e-02
5.446519e-02
5.450424e-02
5.454337e-02
5.458267e-02
5.462207e-02
5.466167e-02
5.470140e-02
5.474137e-02
5.478151e-02
5.482193e-02
5.486250e-02
5.490330e-02
5.494418e-02
5.498519e-02
5.502623e-02
5.506731e-02
5.510836e-02
5.514943e-02
5.518705e-02
5.522814e-02
5.526924e-02
5.531037e-02
5.534800e-02
5.538563e-02
5.542684e-02
5.546815e-02
5.550948e-02
5.555084e-02
5.558330e-02
5.561694e-02
5.565176e-02
5.568528e-02
5.571995e-02
5.575375e-02
5.578874e-02
5.582281e-02
5.585816e-02
5.589253e-02
5.592828e-02
5.596302e-02
5.599927e-02
5.603445e-02
5.607131e-02
5.610705e-02
5.614468e-02
5.618044e-02
5.621830e-02
5.625483e-02
5.629218e-02
5.633021e-02
5.636203e-02
5.639418e-02
5.642597e-02
5.645814e-02
5.649001e-02
5.652217e-02
5.655403e-02
5.658620e-02
5.661796e-02
5.665014e-02
5.668202e-02
5.671421e-02
5.674601e-02
5.677820e-02
5.681009e-02
5.684226e-02
5.687372e-02
5.690589e-02
5.693732e-02
5.696903e-02
5.700044e-02
5.703213e-02
5.706350e-02
5.709515e-02
5.712649e-02
5.715813e-02
5.718946e-02
5.722107e-02
5.725237e-02
5.728394e-02
5.731522e-02
5.734679e-02
5.737807e-02
5.740962e-02
5.744086e-02
5.747237e-02
5.750360e-02
5.753513e-02
5.756637e-02
5.759789e-02
5.762910e-02
5.766057e-02
5.769189e-02
5.772338e-02
5.775460e-02
5.778644e-02
5.781772e-02
5.784963e-02
5.788090e-02
5.791256e-02
5.794382e-02
5.797645e-02
5.800770e-02
5.804007e-02
5.807132e-02
5.810348e-02
5.813509e-02
5.816710e-02
5.819875e-02
5.823187e-02
5.826638e-02
5.830254e-02
5.833427e-02
5.836707e-02
5.840095e-02
5.843615e-02
5.846796e-02
5.850067e-02
5.853430e-02
5.856908e-02
5.860100e-02
5.863373e-02
5.866732e-02
5.870186e-02
5.873393e-02
5.876678e-02
5.880047e-02
5.883509e-02
5.886732e-02
5.890036e-02
5.893426e-02
5.896914e-02
5.900151e-02
5.903473e-02
5.906887e-02
5.910182e-02
5.913569e-02
5.917058e-02
5.920245e-02
5.923495e-02
5.926818e-02
5.930034e-02
5.933320e-02
5.936688e-02
5.939882e-02
5.943137e-02
5.946240e-02
5.949489e-02
5.952608e-02
5.956018e-02
5.959140e-02
5.962401e-02
5.965525e-02
5.968716e-02
5.971829e-02
5.974989e-02
5.978104e-02
5.981311e-02
5.984429e-02
5.987615e-02
5.990734e-02
5.993937e-02
5.997059e-02
6.000243e-02
6.003367e-02
6.006537e-02
6.009663e-02
6.012835e-02
6.015964e-02
6.019137e-02
6.022268e-02
6.025443e-02
6.028575e-02
6.031753e-02
6.034887e-02
6.038079e-02
6.041215e-02
6.044409e-02
6.047891e-02
6.051506e-02
6.054679e-02
6.058034e-02
6.061540e-02
6.064833e-02
6.068256e-02
6.071802e-02
6.074973e-02
6.078236e-02
6.081598e-02
6.084828e-02
6.088141e-02
6.091381e-02
6.094704e-02
6.097958e-02
6.101296e-02
6.104728e-02
6.107958e-02
6.111273e-02
6.114681e-02
6.117971e-02
6.121356e-02
6.124843e-02
6.128103e-02
6.131464e-02
6.134933e-02
6.138271e-02
6.141724e-02
6.145299e-02
6.148605e-02
6.152042e-02
6.155615e-02
6.159036e-02
6.162605e-02
6.166069e-02
6.169649e-02
6.173166e-02
6.176827e-02
6.180411e-02
6.184184e-02
6.187768e-02
6.191439e-02
6.195178e-02
6.198374e-02
6.201628e-02
6.204826e-02
6.208099e-02
6.211305e-02
6.214548e-02
6.217759e-02
6.221008e-02
6.224222e-02
6.227510e-02
6.230727e-02
6.234019e-02
6.237238e-02
6.240534e-02
6.243755e-02
6.247057e-02
6.250282e-02
6.253590e-02
6.256776e-02
6.260041e-02
6.263280e-02
6.266609e-02
6.269799e-02
6.273057e-02
6.276318e-02
6.279628e-02
6.282904e-02
6.286233e-02
6.289529e-02
6.292875e-02
6.296196e-02
6.299561e-02
6.302912e-02
6.306298e-02
6.309459e-02
6.312866e-02
6.316027e-02
6.319380e-02
6.322542e-02
6.325838e-02
6.328998e-02
6.332283e-02
6.335445e-02
6.338704e-02
6.341880e-02
6.345144e-02
6.348332e-02
6.351606e-02
6.354805e-02
6.358089e-02
6.361296e-02
6.364559e-02
6.367775e-02
6.371019e-02
6.374232e-02
6.377474e-02
6.380685e-02
6.383924e-02
6.387133e-02
6.390371e-02
6.393579e-02
6.396815e-02
6.400019e-02
6.403252e-02
6.406453e-02
6.409714e-02
6.412911e-02
6.416168e-02
6.419323e-02
6.422575e-02
6.425733e-02
6.428982e-02
6.432143e-02
6.435388e-02
6.438543e-02
6.441785e-02
6.444940e-02
6.448124e-02
6.451299e-02
6.454535e-02
6.457710e-02
6.460943e-02
6.464266e-02
6.467686e-02
6.470897e-02
6.474192e-02
6.477579e-02
6.480846e-02
6.484203e-02
6.487663e-02
6.490902e-02
6.494234e-02
6.497670e-02
6.500980e-02
6.504398e-02
6.507934e-02
6.511217e-02
6.514620e-02
6.518152e-02
6.521540e-02
6.525072e-02
6.528751e-02
6.532109e-02
6.535642e-02
6.538806e-02
6.542197e-02
6.545748e-02
6.549463e-02
6.552635e-02
6.555959e-02
6.559418e-02
6.562995e-02
6.566162e-02
6.569419e-02
6.572607e-02
6.575878e-02
6.579083e-02
6.582368e-02
6.585586e-02
6.588884e-02
6.592114e-02
6.595424e-02
6.598665e-02
6.601987e-02
6.605237e-02
6.608570e-02
6.611828e-02
6.615175e-02
6.618352e-02
6.621710e-02
6.624889e-02
6.628266e-02
6.631447e-02
6.634847e-02
6.638028e-02
6.641458e-02
6.644641e-02
6.648106e-02
6.651290e-02
6.654793e-02
6.657971e-02
6.661421e-02
6.664598e-02
6.667947e-02
6.671124e-02
6.674461e-02
6.677642e-02
6.680952e-02
6.684141e-02
6.687390e-02
6.690581e-02
6.694029e-02
6.697222e-02
6.700506e-02
6.703681e-02
6.706906e-02
6.710083e-02
6.713310e-02
6.716489e-02
6.719716e-02
6.722896e-02
6.726125e-02
6.729323e-02
6.732604e-02
6.735803e-02
6.739128e-02
6.742328e-02
6.745638e-02
6.748837e-02
6.752192e-02
6.755392e-02
6.758739e-02
6.761938e-02
6.765270e-02
6.768469e-02
6.771786e-02
6.774985e-02
6.778322e-02
6.781521e-02
6.784846e-02
6.788045e-02
6.791360e-02
6.794559e-02
6.797867e-02
6.801065e-02
6.804367e-02
6.807543e-02
6.810838e-02
6.814038e-02
6.817281e-02
6.820481e-02
6.823730e-02
6.826958e-02
6.830227e-02
6.833597e-02
6.836888e-02
6.840274e-02
6.843587e-02
6.846990e-02
6.850316e-02
6.853736e-02
6.857076e-02
6.860515e-02
6.863870e-02
6.867331e-02
6.870704e-02
6.874189e-02
6.877584e-02
6.881100e-02
6.884522e-02
6.888077e-02
6.891533e-02
6.895137e-02
6.898636e-02
6.901813e-02
6.905088e-02
6.908278e-02
6.911563e-02
6.914772e-02
6.918077e-02
6.921310e-02
6.924639e-02
6.927851e-02
6.931130e-02
6.934347e-02
6.937595e-02
6.940814e-02
6.944063e-02
6.947283e-02
6.950532e-02
6.953751e-02
6.956999e-02
6.960187e-02
6.963433e-02
6.966620e-02
6.969950e-02
6.973135e-02
6.976349e-02
6.979533e-02
6.982743e-02
6.985923e-02
6.989128e-02
6.992304e-02
6.995507e-02
6.998682e-02
7.001886e-02
7.005063e-02
7.008270e-02
7.011451e-02
7.014662e-02
7.017846e-02
7.021059e-02
7.024247e-02
7.027461e-02
7.030650e-02
7.033865e-02
7.037054e-02
7.040269e-02
7.043458e-02
7.046678e-02
7.049866e-02
7.053122e-02
7.056311e-02
7.059585e-02
7.062777e-02
7.066054e-02
7.069250e-02
7.072550e-02
7.075748e-02
7.079044e-02
7.082248e-02
7.085559e-02
7.088761e-02
7.092091e-02
7.095292e-02
7.098642e-02
7.101841e-02
7.105218e-02
7.108416e-02
7.111827e-02
7.114996e-02
7.118448e-02
7.121618e-02
7.125104e-02
7.128277e-02
7.131767e-02
7.134943e-02
7.138332e-02
7.141503e-02
7.144839e-02
7.148011e-02
7.151213e-02
7.154385e-02
7.157582e-02
7.160748e-02
7.163938e-02
7.167104e-02
7.170290e-02
7.173452e-02
7.176637e-02
7.179797e-02
7.182983e-02
7.186142e-02
7.189328e-02
7.192487e-02
7.195674e-02
7.198848e-02
7.202038e-02
7.205214e-02
7.208463e-02
7.211629e-02
7.214855e-02
7.218039e-02
7.221322e-02
7.224493e-02
7.227728e-02
7.230912e-02
7.234115e-02
7.237304e-02
7.240486e-02
7.243641e-02
7.246826e-02
7.249989e-02
7.253184e-02
7.256356e-02
7.259558e-02
7.262737e-02
7.265944e-02
7.269125e-02
7.272332e-02
7.275514e-02
7.278760e-02
7.281940e-02
7.285188e-02
7.288366e-02
7.291616e-02
7.294794e-02
7.298044e-02
7.301224e-02
7.304474e-02
7.307655e-02
7.310905e-02
7.314090e-02
7.317339e-02
7.320522e-02
7.323772e-02
7.326956e-02
7.330209e-02
7.333397e-02
7.336655e-02
7.339847e-02
7.343114e-02
7.346313e-02
7.349591e-02
7.352799e-02
7.356090e-02
7.359311e-02
7.362619e-02
7.365818e-02
7.369140e-02
7.372395e-02
7.375706e-02
7.378979e-02
7.382327e-02
7.385618e-02
7.389000e-02
7.392316e-02
7.395736e-02
7.399090e-02
7.402559e-02
7.406217e-02
7.410114e-02
7.414356e-02
7.418731e-02
7.423274e-02
7.428036e-02
7.432877e-02
7.437720e-02
7.442562e-02
7.447406e-02
7.452249e-02
7.457093e-02
7.461937e-02
7.466782e-02
7.471626e-02
7.476471e-02
7.481316e-02
7.486162e-02
7.491007e-02
7.495854e-02
7.500699e-02
7.505546e-02
7.510392e-02
7.515239e-02
7.520086e-02
7.524934e-02
7.529781e-02
7.534630e-02
7.539479e-02
7.544329e-02
7.549179e-02
7.554030e-02
7.558881e-02
7.563734e-02
7.568585e-02
7.573439e-02
7.578292e-02
7.583147e-02
7.588001e-02
7.592857e-02
7.597712e-02
7.602569e-02
7.607425e-02
7.612285e-02
7.617142e-02
7.622003e-02
7.626863e-02
7.631726e-02
7.636587e-02
7.641453e-02
7.646316e-02
7.651184e-02
7.656050e-02
7.660920e-02
7.665788e-02
7.670660e-02
7.675529e-02
7.680404e-02
7.685275e-02
7.690151e-02
7.695025e-02
7.699903e-02
7.704779e-02
7.709659e-02
7.714537e-02
7.719418e-02
7.724297e-02
7.729179e-02
7.734060e-02
7.738943e-02
7.743824e-02
7.748708e-02
7.753590e-02
7.758474e-02
7.763357e-02
7.768241e-02
7.773124e-02
7.778009e-02
7.782892e-02
7.787777e-02
7.792660e-02
7.797544e-02
7.802426e-02
7.807309e-02
7.812190e-02
7.817072e-02
7.821954e-02
7.826836e-02
7.831717e-02
7.836600e-02
7.841482e-02
7.846365e-02
7.851248e-02
7.856132e-02
7.861017e-02
7.865903e-02
7.870790e-02
7.875679e-02
7.880568e-02
7.885459e-02
7.890351e-02
7.895244e-02
7.900139e-02
7.905036e-02
7.909935e-02
7.914835e-02
7.919737e-02
7.924641e-02
7.929547e-02
7.934455e-02
7.939364e-02
7.944275e-02
7.949187e-02
7.954101e-02
7.959017e-02
7.963935e-02
7.968854e-02
7.973775e-02
7.978698e-02
7.983624e-02
7.988550e-02
7.993479e-02
7.998410e-02
8.003343e-02
8.008277e-02
8.013214e-02
8.018153e-02
8.023093e-02
8.028036e-02
8.032981e-02
8.037928e-02
8.042877e-02
8.047828e-02
8.052781e-02
8.057737e-02
8.062694e-02
8.067654e-02
8.072616e-02
8.077580e-02
8.082546e-02
8.087514e-02
8.092485e-02
8.097457e-02
8.102432e-02
8.107409e-02
8.112387e-02
8.117368e-02
8.122351e-02
8.127336e-02
8.132323e-02
8.137312e-02
8.142303e-02
8.147296e-02
8.152291e-02
8.157287e-02
8.162286e-02
8.167287e-02
8.172290e-02
8.177294e-02
8.182301e-02
8.187309e-02
8.192319e-02
8.197331e-02
8.202346e-02
8.207362e-02
8.212380e-02
8.217399e-02
8.222421e-02
8.227444e-02
8.232470e-02
8.237497e-02
8.242525e-02
8.247555e-02
8.252586e-02
8.257617e-02
8.262649e-02
8.267681e-02
8.272715e-02
8.277748e-02
8.282783e-02
8.287817e-02
8.292853e-02
8.297888e-02
8.302926e-02
8.307962e-02
8.313001e-02
8.318039e-02
8.323078e-02
8.328117e-02
8.333157e-02
8.338198e-02
8.343238e-02
8.348279e-02
8.353320e-02
8.358362e-02
8.363404e-02
8.368447e-02
8.373490e-02
8.378534e-02
8.383578e-02
8.388622e-02
8.393666e-02
8.398711e-02
8.403756e-02
8.408801e-02
8.413846e-02
8.418892e-02
8.423937e-02
8.428983e-02
8.434029e-02
8.439075e-02
8.444121e-02
8.449167e-02
8.454214e-02
8.459260e-02
8.464308e-02
8.469355e-02
8.474402e-02
8.479449e-02
8.484497e-02
8.489544e-02
8.494591e-02
8.499639e-02
8.504686e-02
8.509734e-02
8.514780e-02
8.519827e-02
8.524873e-02
8.529920e-02
8.534966e-02
8.540012e-02
8.545058e-02
8.550104e-02
8.555151e-02
8.560197e-02
8.565244e-02
8.570291e-02
8.575338e-02
8.580385e-02
8.585431e-02
8.590477e-02
8.595524e-02
8.600570e-02
8.605616e-02
8.610662e-02
8.615707e-02
8.620753e-02
8.625798e-02
8.630843e-02
8.635887e-02
8.640932e-02
8.645975e-02
8.651019e-02
8.656062e-02
8.661105e-02
8.666147e-02
8.671189e-02
8.676231e-02
8.680835e-02
8.685440e-02
8.690046e-02
8.694653e-02
8.699260e-02
8.703869e-02
8.708479e-02
8.713089e-02
8.717699e-02
8.722310e-02
8.726921e-02
8.731531e-02
8.736141e-02
8.740750e-02
8.745358e-02
8.749966e-02
8.754573e-02
8.759180e-02
8.763786e-02
8.768393e-02
8.772998e-02
8.777604e-02
8.782209e-02
8.786814e-02
8.791418e-02
8.796024e-02
8.800629e-02
8.805234e-02
8.809844e-02
8.814459e-02
8.819081e-02
8.823712e-02
8.828352e-02
8.833003e-02
8.837665e-02
8.842341e-02
8.847029e-02
8.851735e-02
8.856456e-02
8.861198e-02
8.865959e-02
8.870746e-02
8.875558e-02
8.880407e-02
8.885289e-02
8.890222e-02
8.895200e-02
8.900245e-02
8.905292e-02
8.910338e-02
8.915385e-02
8.920432e-02
8.925479e-02
8.930527e-02
8.935575e-02
8.940624e-02
8.945673e-02
8.950721e-02
8.955437e-02
8.960350e-02
8.965148e-02
8.970138e-02
8.974991e-02
8.979972e-02
8.984891e-02
8.989944e-02
8.994472e-02
8.999001e-02
9.003531e-02
9.008063e-02
9.012598e-02
9.017133e-02
9.021671e-02
9.026213e-02
9.030760e-02
9.035314e-02
9.039875e-02
9.044445e-02
9.049024e-02
9.053613e-02
9.058211e-02
9.062820e-02
9.067439e-02
9.072070e-02
9.076713e-02
9.081370e-02
9.086040e-02
9.090728e-02
9.095432e-02
9.100157e-02
9.104903e-02
9.109677e-02
9.114478e-02
9.119316e-02
9.124190e-02
9.129114e-02
9.134086e-02
9.139127e-02
9.144189e-02
9.149251e-02
9.154313e-02
9.159375e-02
9.164437e-02
9.169498e-02
9.174560e-02
9.179626e-02
9.184693e-02
9.189759e-02
9.194825e-02
9.199892e-02
9.204959e-02
9.210026e-02
9.214758e-02
9.219617e-02
9.224380e-02
9.228953e-02
9.233526e-02
9.238097e-02
9.242670e-02
9.247244e-02
9.251819e-02
9.256396e-02
9.260977e-02
9.265561e-02
9.270149e-02
9.274741e-02
9.279338e-02
9.283939e-02
9.288547e-02
9.293160e-02
9.297780e-02
9.302407e-02
9.307043e-02
9.311687e-02
9.316342e-02
9.321007e-02
9.325686e-02
9.330381e-02
9.335093e-02
9.339829e-02
9.344589e-02
9.349380e-02
9.354201e-02
9.359061e-02
9.363959e-02
9.368907e-02
9.373901e-02
9.378961e-02
9.384032e-02
9.389103e-02
9.394174e-02
9.399245e-02
9.404317e-02
9.409388e-02
9.414460e-02
9.419532e-02
9.424603e-02
9.429675e-02
9.434746e-02
9.439336e-02
9.443928e-02
9.448519e-02
9.453112e-02
9.457704e-02
9.462298e-02
9.466892e-02
9.471487e-02
9.476083e-02
9.480682e-02
9.485282e-02
9.489884e-02
9.494487e-02
9.499094e-02
9.503704e-02
9.508319e-02
9.512940e-02
9.517566e-02
9.522200e-02
9.526842e-02
9.531493e-02
9.536154e-02
9.540826e-02
9.545510e-02
9.550207e-02
9.554919e-02
9.559647e-02
9.564394e-02
9.569161e-02
9.573952e-02
9.578769e-02
9.583618e-02
9.588503e-02
9.593429e-02
9.598405e-02
9.603437e-02
9.608508e-02
9.613579e-02
9.618114e-02
9.622655e-02
9.627203e-02
9.631759e-02
9.636323e-02
9.640893e-02
9.645471e-02
9.650055e-02
9.654644e-02
9.659239e-02
9.663838e-02
9.668441e-02
9.673047e-02
9.677657e-02
9.682270e-02
9.686887e-02
9.691507e-02
9.696130e-02
9.700758e-02
9.705391e-02
9.710028e-02
9.714672e-02
9.719323e-02
9.723981e-02
9.728648e-02
9.733324e-02
9.738010e-02
9.742708e-02
9.747420e-02
9.752147e-02
9.756891e-02
9.761655e-02
9.766443e-02
9.771241e-02
9.776084e-02
9.780890e-02
9.785755e-02
9.790569e-02
9.795113e-02
9.799654e-02
9.804191e-02
9.808729e-02
9.813275e-02
9.817828e-02
9.822389e-02
9.826959e-02
9.831537e-02
9.836122e-02
9.840714e-02
9.845312e-02
9.849916e-02
9.854524e-02
9.859138e-02
9.863756e-02
9.868380e-02
9.873010e-02
9.877646e-02
9.882289e-02
9.886941e-02
9.891602e-02
9.896274e-02
9.900957e-02
9.905656e-02
9.910371e-02
9.915106e-02
9.919866e-02
9.924655e-02
9.929475e-02
9.934334e-02
9.939233e-02
9.943775e-02
9.948318e-02
9.952859e-02
9.957401e-02
9.961946e-02
9.966497e-02
9.971059e-02
9.975632e-02
9.980216e-02
9.984811e-02
9.989416e-02
9.994030e-02
9.998652e-02
1.000328e-01
1.000792e-01
1.001256e-01
1.001721e-01
1.002187e-01
1.002654e-01
1.003121e-01
1.003589e-01
1.004058e-01
1.004528e-01
1.005000e-01
1.005473e-01
1.005947e-01
1.006423e-01
1.006901e-01
1.007381e-01
1.007862e-01
1.008348e-01
1.008805e-01
1.009261e-01
1.009717e-01
1.010172e-01
1.010628e-01
1.011083e-01
1.011539e-01
1.011995e-01
1.012452e-01
1.012911e-01
1.013371e-01
1.013832e-01
1.014293e-01
1.014756e-01
1.015220e-01
1.015685e-01
1.016150e-01
1.016617e-01
1.017084e-01
1.017552e-01
1.018021e-01
1.018492e-01
1.018963e-01
1.019436e-01
1.019910e-01
1.020386e-01
1.020864e-01
1.021344e-01
1.021822e-01
1.022308e-01
1.022765e-01
1.023222e-01
1.023679e-01
1.024134e-01
1.024590e-01
1.025046e-01
1.025502e-01
1.025959e-01
1.026417e-01
1.026877e-01
1.027338e-01
1.027800e-01
1.028264e-01
1.028728e-01
1.029195e-01
1.029662e-01
1.030130e-01
1.030599e-01
1.031069e-01
1.031540e-01
1.032013e-01
1.032486e-01
1.032961e-01
1.033437e-01
1.033914e-01
1.034393e-01
1.034874e-01
1.035358e-01
1.035839e-01
1.036326e-01
1.036787e-01
1.037247e-01
1.037707e-01
1.038167e-01
1.038626e-01
1.039085e-01
1.039544e-01
1.040004e-01
1.040465e-01
1.040926e-01
1.041389e-01
1.041853e-01
1.042318e-01
1.042784e-01
1.043251e-01
1.043718e-01
1.044186e-01
1.044656e-01
1.045125e-01
1.045596e-01
1.046068e-01
1.046540e-01
1.047013e-01
1.047487e-01
1.047962e-01
1.048439e-01
1.048917e-01
1.049396e-01
1.049878e-01
1.050361e-01
1.050841e-01
1.051330e-01
1.051810e-01
1.052272e-01
1.052733e-01
1.053194e-01
1.053654e-01
1.054115e-01
1.054575e-01
1.055036e-01
1.055498e-01
1.055961e-01
1.056425e-01
1.056891e-01
1.057357e-01
1.057825e-01
1.058293e-01
1.058763e-01
1.059233e-01
1.059704e-01
1.060176e-01
1.060649e-01
1.061123e-01
1.061597e-01
1.062072e-01
1.062549e-01
1.063025e-01
1.063503e-01
1.063957e-01
1.064437e-01
1.064918e-01
1.065401e-01
1.065883e-01
1.066370e-01
1.066852e-01
1.067340e-01
1.067823e-01
1.068289e-01
1.068754e-01
1.069220e-01
1.069685e-01
1.070150e-01
1.070614e-01
1.071079e-01
1.071544e-01
1.072011e-01
1.072478e-01
1.072947e-01
1.073409e-01
1.073880e-01
1.074351e-01
1.074823e-01
1.075295e-01
1.075768e-01
1.076240e-01
1.076713e-01
1.077185e-01
1.077658e-01
1.078131e-01
1.078604e-01
1.079078e-01
1.079552e-01
1.080026e-01
1.080501e-01
1.080976e-01
1.081452e-01
1.081928e-01
1.082405e-01
1.082883e-01
1.083361e-01
1.083841e-01
1.084322e-01
1.084803e-01
1.085286e-01
1.085771e-01
1.086257e-01
1.086745e-01
1.087235e-01
1.087727e-01
1.088222e-01
1.088719e-01
1.089190e-01
1.089661e-01
1.090131e-01
1.090602e-01
1.091071e-01
1.091541e-01
1.092011e-01
1.092482e-01
1.092954e-01
1.093427e-01
1.093900e-01
1.094372e-01
1.094845e-01
1.095317e-01
1.095789e-01
1.096261e-01
1.096733e-01
1.097205e-01
1.097677e-01
1.098149e-01
1.098621e-01
1.099093e-01
1.099565e-01
1.100037e-01
1.100509e-01
1.100981e-01
1.101453e-01
1.101925e-01
1.102397e-01
1.102870e-01
1.103342e-01
1.103814e-01
1.104287e-01
1.104760e-01
1.105232e-01
1.105705e-01
1.106178e-01
1.106651e-01
1.107125e-01
1.107598e-01
1.108072e-01
1.108545e-01
1.109019e-01
1.109493e-01
1.109968e-01
1.110443e-01
1.110918e-01
1.111393e-01
1.111869e-01
1.112344e-01
1.112821e-01
1.113298e-01
1.113775e-01
1.114253e-01
1.114731e-01
1.115210e-01
1.115689e-01
1.116169e-01
1.116650e-01
1.117132e-01
1.117615e-01
1.118098e-01
1.118583e-01
1.119066e-01
1.119553e-01
1.119889e-01
1.120235e-01
1.120592e-01
1.120936e-01
1.121291e-01
1.121637e-01
1.121995e-01
1.122344e-01
1.122689e-01
1.123040e-01
1.123405e-01
1.123784e-01
1.124135e-01
1.124488e-01
1.124842e-01
1.125208e-01
1.125558e-01
1.125927e-01
1.126247e-01
1.126573e-01
1.126906e-01
1.127246e-01
1.127567e-01
1.127893e-01
1.128213e-01
1.128539e-01
1.128860e-01
1.129181e-01
1.129506e-01
1.129846e-01
1.130175e-01
1.130536e-01
1.130870e-01
1.131195e-01
1.131525e-01
1.131850e-01
1.132175e-01
1.132502e-01
1.132823e-01
1.133152e-01
1.133473e-01
1.133804e-01
1.134126e-01
1.134457e-01
1.134781e-01
1.135113e-01
1.135442e-01
1.135775e-01
1.136105e-01
1.136438e-01
1.136769e-01
1.137103e-01
1.137434e-01
1.137769e-01
1.138100e-01
1.138435e-01
1.138767e-01
1.139103e-01
1.139435e-01
1.139771e-01
1.140103e-01
1.140428e-01
1.140759e-01
1.141087e-01
1.141420e-01
1.141756e-01
1.142089e-01
1.142415e-01
1.142743e-01
1.143069e-01
1.143401e-01
1.143727e-01
1.144057e-01
1.144384e-01
1.144716e-01
1.145055e-01
1.145387e-01
1.145726e-01
1.146058e-01
1.146396e-01
1.146727e-01
1.147067e-01
1.147398e-01
1.147737e-01
1.148069e-01
1.148408e-01
1.148739e-01
1.149078e-01
1.149400e-01
1.149732e-01
1.150063e-01
1.150402e-01
1.150751e-01
1.151087e-01
1.151407e-01
1.151738e-01
1.152070e-01
1.152396e-01
1.152735e-01
1.153071e-01
1.153393e-01
1.153728e-01
1.154075e-01
1.154408e-01
1.154757e-01
1.155096e-01
1.155446e-01
1.155788e-01
1.156140e-01
1.156483e-01
1.156837e-01
1.157182e-01
1.157538e-01
1.157885e-01
1.158245e-01
1.158585e-01
1.158922e-01
1.159263e-01
1.159601e-01
1.159941e-01
1.160280e-01
1.160621e-01
1.160959e-01
1.161301e-01
1.161640e-01
1.161982e-01
1.162322e-01
1.162665e-01
1.163005e-01
1.163349e-01
1.163680e-01
1.164021e-01
1.164362e-01
1.164702e-01
1.165038e-01
1.165385e-01
1.165723e-01
1.166073e-01
1.166413e-01
1.166765e-01
1.167108e-01
1.167464e-01
1.167809e-01
1.168168e-01
1.168516e-01
1.168881e-01
1.169232e-01
1.169603e-01
1.169981e-01
1.170378e-01
1.170782e-01
1.171199e-01
1.171606e-01
1.172028e-01
1.172443e-01
1.172780e-01
1.173131e-01
1.173495e-01
1.173831e-01
1.174170e-01
1.174527e-01
1.174876e-01
1.175216e-01
1.175571e-01
1.175917e-01
1.176279e-01
1.176632e-01
1.177008e-01
1.177371e-01
1.177745e-01
1.178088e-01
1.178453e-01
1.178835e-01
1.179234e-01
1.179656e-01
1.180102e-01
1.180569e-01
1.181055e-01
1.181523e-01
1.182009e-01
1.182477e-01
1.182962e-01
1.183430e-01
1.183914e-01
1.184382e-01
1.184867e-01
1.185334e-01
1.185818e-01
1.186286e-01
1.186770e-01
1.187237e-01
1.187721e-01
1.188189e-01
1.188673e-01
1.189140e-01
1.189624e-01
1.190092e-01
1.190576e-01
1.191044e-01
1.191528e-01
1.191996e-01
1.192480e-01
1.192948e-01
1.193432e-01
1.193900e-01
1.194385e-01
1.194853e-01
1.195338e-01
1.195807e-01
1.196292e-01
1.196761e-01
1.197246e-01
1.197715e-01
1.198201e-01
1.198670e-01
1.199156e-01
1.199625e-01
1.200111e-01
1.200581e-01
1.201067e-01
1.201537e-01
1.202024e-01
1.202494e-01
1.202981e-01
1.203451e-01
1.203939e-01
1.204409e-01
1.204897e-01
1.205368e-01
1.205856e-01
1.206327e-01
1.206815e-01
1.207287e-01
1.207775e-01
1.208247e-01
1.208736e-01
1.209208e-01
1.209697e-01
1.210170e-01
1.210660e-01
1.211132e-01
1.211622e-01
1.212095e-01
1.212586e-01
1.213059e-01
1.213550e-01
1.214023e-01
1.214514e-01
1.214988e-01
1.215480e-01
1.215954e-01
1.216445e-01
1.216920e-01
1.217412e-01
1.217886e-01
1.218379e-01
1.218853e-01
1.219346e-01
1.219821e-01
1.220314e-01
1.220789e-01
1.221282e-01
1.221757e-01
1.222250e-01
1.222725e-01
1.223218e-01
1.223693e-01
1.224186e-01
1.224661e-01
1.225154e-01
1.225629e-01
1.226122e-01
1.226597e-01
1.227073e-01
1.227548e-01
1.228025e-01
1.228499e-01
1.228976e-01
1.229450e-01
1.229927e-01
1.230401e-01
1.230878e-01
1.231352e-01
1.231829e-01
1.232303e-01
1.232780e-01
1.233253e-01
1.233730e-01
1.234203e-01
1.234681e-01
1.235154e-01
1.235631e-01
1.236104e-01
1.236581e-01
1.237054e-01
1.237532e-01
1.238005e-01
1.238482e-01
1.238955e-01
1.239432e-01
1.239905e-01
1.240382e-01
1.240855e-01
1.241333e-01
1.241806e-01
1.242283e-01
1.242756e-01
1.243233e-01
1.243706e-01
1.244184e-01
1.244657e-01
1.245134e-01
1.245607e-01
1.246085e-01
1.246558e-01
1.247035e-01
1.247508e-01
1.247986e-01
1.248459e-01
1.248936e-01
1.249409e-01
1.249887e-01
1.250360e-01
1.250838e-01
1.251311e-01
1.251789e-01
1.252262e-01
1.252741e-01
1.253213e-01
1.253692e-01
1.254165e-01
1.254644e-01
1.255116e-01
1.255596e-01
1.256069e-01
1.256549e-01
1.257021e-01
1.257503e-01
1.257975e-01
1.258457e-01
1.258929e-01
1.259412e-01
1.259883e-01
1.260367e-01
1.260839e-01
1.261324e-01
1.261795e-01
1.262282e-01
1.262753e-01
1.263241e-01
1.263712e-01
1.264201e-01
1.264672e-01
1.265161e-01
1.265632e-01
1.266121e-01
1.266592e-01
1.267081e-01
1.267551e-01
1.268040e-01
1.268510e-01
1.268999e-01
1.269469e-01
1.269957e-01
1.270428e-01
1.270916e-01
1.271386e-01
1.271873e-01
1.272343e-01
1.272831e-01
1.273301e-01
1.273788e-01
1.274258e-01
1.274745e-01
1.275214e-01
1.275701e-01
1.276171e-01
1.276658e-01
1.277127e-01
1.277614e-01
1.278083e-01
1.278569e-01
1.279038e-01
1.279525e-01
1.279994e-01
1.280480e-01
1.280949e-01
1.281435e-01
1.281904e-01
1.282390e-01
1.282859e-01
1.283345e-01
1.283814e-01
1.284300e-01
1.284769e-01
1.285255e-01
1.285723e-01
1.286209e-01
1.286678e-01
1.287164e-01
1.287633e-01
1.288119e-01
1.288587e-01
1.289073e-01
1.289542e-01
1.290028e-01
1.290496e-01
1.290983e-01
1.291451e-01
1.291937e-01
1.292406e-01
1.292892e-01
1.293361e-01
1.293847e-01
1.294316e-01
1.294802e-01
1.295271e-01
1.295757e-01
1.296226e-01
1.296713e-01
1.297182e-01
1.297668e-01
1.298137e-01
1.298624e-01
1.299093e-01
1.299580e-01
1.300050e-01
1.300537e-01
1.301006e-01
1.301493e-01
1.301963e-01
1.302451e-01
1.302921e-01
1.303409e-01
1.303879e-01
1.304367e-01
1.304838e-01
1.305326e-01
1.305797e-01
1.306285e-01
1.306756e-01
1.307245e-01
1.307717e-01
1.308206e-01
1.308678e-01
1.309168e-01
1.309640e-01
1.310130e-01
1.310603e-01
1.311093e-01
1.311566e-01
1.312057e-01
1.312531e-01
1.313022e-01
1.313496e-01
1.313988e-01
1.314463e-01
1.314955e-01
1.315430e-01
1.315923e-01
1.316399e-01
1.316892e-01
1.317368e-01
1.317862e-01
1.318339e-01
1.318834e-01
1.319311e-01
1.319806e-01
1.320284e-01
1.320780e-01
1.321258e-01
1.321754e-01
1.322233e-01
1.322730e-01
1.323210e-01
1.323708e-01
1.324188e-01
1.324686e-01
1.325167e-01
1.325666e-01
1.326147e-01
1.326647e-01
1.327129e-01
1.327629e-01
1.328112e-01
1.328613e-01
1.329097e-01
1.329598e-01
1.330082e-01
1.330585e-01
1.331070e-01
1.331572e-01
1.332057e-01
1.332560e-01
1.333046e-01
1.333548e-01
1.334035e-01
1.334537e-01
1.335025e-01
1.335527e-01
1.336015e-01
1.336518e-01
1.337006e-01
1.337509e-01
1.337998e-01
1.338501e-01
1.338991e-01
1.339493e-01
1.339984e-01
1.340487e-01
1.340978e-01
1.341480e-01
1.341973e-01
1.342475e-01
1.342968e-01
1.343470e-01
1.343964e-01
1.344466e-01
1.344961e-01
1.345463e-01
1.345958e-01
1.346460e-01
1.346956e-01
1.347459e-01
1.347955e-01
1.348457e-01
1.348954e-01
1.349457e-01
1.349955e-01
1.350457e-01
1.350956e-01
1.351458e-01
1.351958e-01
1.352460e-01
1.352960e-01
1.353463e-01
1.353963e-01
1.354466e-01
1.354968e-01
1.355470e-01
1.355972e-01
1.356475e-01
1.356978e-01
1.357480e-01
1.357983e-01
1.358486e-01
1.358988e-01
1.359491e-01
1.359993e-01
1.360496e-01
1.360999e-01
1.361501e-01
1.362004e-01
1.362506e-01
1.363009e-01
1.363512e-01
1.364014e-01
1.364517e-01
1.365019e-01
1.365522e-01
1.366024e-01
1.366527e-01
1.367029e-01
1.367532e-01
1.368034e-01
1.368537e-01
1.369039e-01
1.369542e-01
1.370044e-01
1.370547e-01
1.371049e-01
1.371551e-01
1.372054e-01
1.372556e-01
1.373059e-01
1.373561e-01
1.374063e-01
1.374566e-01
1.375068e-01
1.375571e-01
1.376073e-01
1.376576e-01
1.377078e-01
1.377580e-01
1.378083e-01
1.378585e-01
1.379088e-01
1.379590e-01
1.380092e-01
1.380595e-01
1.381097e-01
1.381599e-01
1.382102e-01
1.382604e-01
1.383106e-01
1.383609e-01
1.384111e-01
1.384614e-01
1.385116e-01
1.385618e-01
1.386121e-01
1.386623e-01
1.387125e-01
1.387628e-01
1.388130e-01
1.388632e-01
1.389135e-01
1.389637e-01
1.390139e-01
1.390642e-01
1.391144e-01
1.391646e-01
1.392148e-01
1.392651e-01
1.393153e-01
1.393655e-01
1.394157e-01
1.394660e-01
1.395162e-01
1.395664e-01
1.396166e-01
1.396669e-01
1.397171e-01
1.397673e-01
1.398175e-01
1.398677e-01
1.399179e-01
1.399682e-01
1.400184e-01
1.400686e-01
1.401188e-01
1.401690e-01
1.402192e-01
1.402694e-01
1.403196e-01
1.403698e-01
1.404201e-01
1.404703e-01
1.405205e-01
1.405707e-01
1.406209e-01
1.406711e-01
1.407213e-01
1.407715e-01
1.408217e-01
1.408719e-01
1.409221e-01
1.409723e-01
1.410224e-01
1.410726e-01
1.411228e-01
1.411730e-01
1.412232e-01
1.412734e-01
1.413236e-01
1.413738e-01
1.414239e-01
1.414741e-01
1.415243e-01
1.415745e-01
1.416247e-01
1.416748e-01
1.417247e-01
1.417749e-01
1.418251e-01
1.418753e-01
1.419254e-01
1.419756e-01
1.420257e-01
1.420759e-01
1.421261e-01
1.421762e-01
1.422264e-01
1.422765e-01
1.423267e-01
1.423768e-01
1.424270e-01
1.424771e-01
1.425272e-01
1.425774e-01
1.426275e-01
1.426776e-01
1.427271e-01
1.427772e-01
1.428273e-01
1.428774e-01
1.429275e-01
1.429777e-01
1.430278e-01
1.430779e-01
1.431280e-01
1.431781e-01
1.432282e-01
1.432783e-01
1.433284e-01
1.433785e-01
1.434286e-01
1.434787e-01
1.435287e-01
1.435788e-01
1.436289e-01
1.436790e-01
1.437290e-01
1.437791e-01
1.438292e-01
1.438792e-01
1.439293e-01
1.439793e-01
1.440294e-01
1.440794e-01
1.441295e-01
1.441795e-01
1.442295e-01
1.442796e-01
1.443296e-01
1.443796e-01
1.444296e-01
1.444797e-01
1.445297e-01
1.445797e-01
1.446297e-01
1.446797e-01
1.447277e-01
1.447777e-01
1.448277e-01
1.448777e-01
1.449277e-01
1.449777e-01
1.450277e-01
1.450778e-01
1.451278e-01
1.451778e-01
1.452278e-01
1.452777e-01
1.453277e-01
1.453777e-01
1.454277e-01
1.454777e-01
1.455277e-01
1.455776e-01
1.456276e-01
1.456776e-01
1.457275e-01
1.457775e-01
1.458274e-01
1.458774e-01
1.459273e-01
1.459773e-01
1.460272e-01
1.460772e-01
1.461271e-01
1.461770e-01
1.462270e-01
1.462769e-01
1.463268e-01
1.463768e-01
1.464267e-01
1.464766e-01
1.465265e-01
1.465764e-01
1.466264e-01
1.466763e-01
1.467262e-01
1.467762e-01
1.468261e-01
1.468760e-01
1.469260e-01
1.469759e-01
1.470258e-01
1.470757e-01
1.471256e-01
1.471755e-01
1.472254e-01
1.472753e-01
1.473252e-01
1.473751e-01
1.474250e-01
1.474749e-01
1.475248e-01
1.475747e-01
1.476246e-01
1.476745e-01
1.477244e-01
1.477743e-01
1.478242e-01
1.478740e-01
1.479239e-01
1.479738e-01
1.480237e-01
1.480735e-01
1.481234e-01
1.481733e-01
1.482231e-01
1.482730e-01
1.483229e-01
1.483727e-01
1.484226e-01
1.484725e-01
1.485224e-01
1.485723e-01
1.486222e-01
1.486721e-01
1.487219e-01
1.487718e-01
1.488217e-01
1.488716e-01
1.489214e-01
1.489713e-01
1.490212e-01
1.490710e-01
1.491209e-01
1.491708e-01
1.492206e-01
1.492705e-01
1.493203e-01
1.493701e-01
1.494200e-01
1.494698e-01
1.495197e-01
1.495695e-01
1.496193e-01
1.496691e-01
1.497190e-01
1.497688e-01
1.498186e-01
1.498684e-01
1.499183e-01
1.499681e-01
1.500179e-01
1.500677e-01
1.501175e-01
1.501674e-01
1.502172e-01
1.502670e-01
1.503168e-01
1.503667e-01
1.504165e-01
1.504663e-01
1.505161e-01
1.505659e-01
1.506157e-01
1.506655e-01
1.507153e-01
1.507651e-01
1.508149e-01
1.508646e-01
1.509144e-01
1.509642e-01
1.510140e-01
1.510637e-01
1.511135e-01
1.511633e-01
1.512130e-01
1.512628e-01
1.513125e-01
1.513623e-01
1.514096e-01
1.514577e-01
1.515074e-01
1.515558e-01
1.516036e-01
1.516521e-01
1.517000e-01
1.517493e-01
1.517974e-01
1.518468e-01
1.518949e-01
1.519445e-01
1.519927e-01
1.520424e-01
1.520907e-01
1.521404e-01
1.521888e-01
1.522385e-01
1.522869e-01
1.523366e-01
1.523851e-01
1.524348e-01
1.524834e-01
1.525331e-01
1.525818e-01
1.526315e-01
1.526803e-01
1.527300e-01
1.527789e-01
1.528286e-01
1.528777e-01
1.529274e-01
1.529767e-01
1.530264e-01
1.530759e-01
1.531255e-01
1.531752e-01
1.532248e-01
1.532745e-01
1.533241e-01
1.533738e-01
1.534234e-01
1.534730e-01
1.535227e-01
1.535723e-01
1.536219e-01
1.536715e-01
1.537211e-01
1.537707e-01
1.538203e-01
1.538699e-01
1.539195e-01
1.539691e-01
1.540187e-01
1.540683e-01
1.541178e-01
1.541674e-01
1.542170e-01
1.542665e-01
1.543161e-01
1.543656e-01
1.544151e-01
1.544646e-01
1.545142e-01
1.545637e-01
1.546132e-01
1.546628e-01
1.547123e-01
1.547618e-01
1.548113e-01
1.548609e-01
1.549104e-01
1.549599e-01
1.550095e-01
1.550590e-01
1.551085e-01
1.551581e-01
1.552076e-01
1.552572e-01
1.553067e-01
1.553563e-01
1.554058e-01
1.554554e-01
1.555049e-01
1.555545e-01
1.556041e-01
1.556537e-01
1.557032e-01
1.557528e-01
1.558024e-01
1.558520e-01
1.559015e-01
1.559511e-01
1.560007e-01
1.560503e-01
1.560998e-01
1.561494e-01
1.561990e-01
1.562485e-01
1.562980e-01
1.563476e-01
1.563971e-01
1.564466e-01
1.564961e-01
1.565456e-01
1.565950e-01
1.566445e-01
1.566939e-01
1.567434e-01
1.567928e-01
1.568422e-01
1.568916e-01
1.569410e-01
1.569904e-01
1.570397e-01
1.570891e-01
1.571384e-01
1.571877e-01
1.572370e-01
1.572863e-01
1.573356e-01
1.573849e-01
1.574342e-01
1.574834e-01
1.575327e-01
1.575819e-01
1.576312e-01
1.576804e-01
1.577296e-01
1.577789e-01
1.578281e-01
1.578773e-01
1.579265e-01
1.579757e-01
1.580249e-01
1.580740e-01
1.581232e-01
1.581724e-01
1.582215e-01
1.582707e-01
1.583198e-01
1.583689e-01
1.584180e-01
1.584671e-01
1.585162e-01
1.585653e-01
1.586143e-01
1.586634e-01
1.587124e-01
1.587614e-01
1.588105e-01
1.588594e-01
1.589084e-01
1.589574e-01
1.590064e-01
1.590553e-01
1.591043e-01
1.591532e-01
1.592021e-01
1.592511e-01
1.593000e-01
1.593489e-01
1.593978e-01
1.594466e-01
1.594955e-01
1.595444e-01
1.595932e-01
1.596421e-01
1.596909e-01
1.597398e-01
1.597886e-01
1.598374e-01
1.598863e-01
1.599351e-01
1.599681e-01
1.600025e-01
1.600383e-01
1.600727e-01
1.601085e-01
1.601434e-01
1.601778e-01
1.602137e-01
1.602484e-01
1.602842e-01
1.603186e-01
1.603545e-01
1.603892e-01
1.604262e-01
1.604618e-01
1.604989e-01
1.605360e-01
1.605736e-01
1.606109e-01
1.606492e-01
1.606872e-01
1.607262e-01
1.607648e-01
1.608043e-01
1.608434e-01
1.608835e-01
1.609231e-01
1.609636e-01
1.610035e-01
1.610443e-01
1.610844e-01
1.611254e-01
1.611658e-01
1.612072e-01
1.612479e-01
1.612896e-01
1.613306e-01
1.613727e-01
1.614156e-01
1.614593e-01
1.615037e-01
1.615486e-01
1.615941e-01
1.616400e-01
1.616873e-01
1.617359e-01
1.617846e-01
1.618333e-01
1.618820e-01
1.619307e-01
1.619794e-01
1.620281e-01
1.620768e-01
1.621255e-01
1.621742e-01
1.622229e-01
1.622716e-01
1.623203e-01
1.623690e-01
1.624177e-01
1.624665e-01
1.625152e-01
1.625639e-01
1.626127e-01
1.626614e-01
1.627101e-01
1.627589e-01
1.628076e-01
1.628564e-01
1.629051e-01
1.629539e-01
1.630026e-01
1.630514e-01
1.631002e-01
1.631489e-01
1.631977e-01
1.632465e-01
1.632953e-01
1.633440e-01
1.633928e-01
1.634416e-01
1.634904e-01
1.635392e-01
1.635880e-01
1.636368e-01
1.636856e-01
1.637344e-01
1.637833e-01
1.638321e-01
1.638809e-01
1.639297e-01
1.639786e-01
1.640274e-01
1.640762e-01
1.641251e-01
1.641739e-01
1.642227e-01
1.642716e-01
1.643205e-01
1.643693e-01
1.644182e-01
1.644671e-01
1.645160e-01
1.645649e-01
1.646138e-01
1.646620e-01
1.647108e-01
1.647597e-01
1.648077e-01
1.648565e-01
1.649048e-01
1.649537e-01
1.650023e-01
1.650511e-01
1.651000e-01
1.651489e-01
1.651977e-01
1.652405e-01
1.652834e-01
1.653262e-01
1.653689e-01
1.654117e-01
1.654545e-01
1.654972e-01
1.655399e-01
1.655826e-01
1.656253e-01
1.656680e-01
1.657107e-01
1.657535e-01
1.657962e-01
1.658390e-01
1.658818e-01
1.659246e-01
1.659674e-01
1.660103e-01
1.660531e-01
1.660960e-01
1.661388e-01
1.661817e-01
1.662245e-01
1.662674e-01
1.663102e-01
1.663530e-01
1.663959e-01
1.664387e-01
1.664815e-01
1.665244e-01
1.665672e-01
1.666100e-01
1.666529e-01
1.666957e-01
1.667385e-01
1.667814e-01
1.668242e-01
1.668671e-01
1.669099e-01
1.669528e-01
1.669957e-01
1.670385e-01
1.670814e-01
1.671243e-01
1.671671e-01
1.672100e-01
1.672528e-01
1.672957e-01
1.673386e-01
1.673816e-01
1.674245e-01
1.674675e-01
1.675106e-01
1.675537e-01
1.675968e-01
1.676399e-01
1.676831e-01
1.677263e-01
1.677695e-01
1.678128e-01
1.678561e-01
1.678994e-01
1.679428e-01
1.679862e-01
1.680296e-01
1.680731e-01
1.681166e-01
1.681602e-01
1.682039e-01
1.682476e-01
1.682914e-01
1.683353e-01
1.683792e-01
1.684232e-01
1.684673e-01
1.685115e-01
1.685558e-01
1.686003e-01
1.686448e-01
1.686896e-01
1.687344e-01
1.687795e-01
1.688247e-01
1.688701e-01
1.689089e-01
1.689515e-01
1.689965e-01
1.690415e-01
1.690775e-01
1.691159e-01
1.691558e-01
1.691940e-01
1.692332e-01
1.692730e-01
1.693134e-01
1.693551e-01
1.693985e-01
1.694433e-01
1.694881e-01
1.695344e-01
1.695800e-01
1.696269e-01
1.696730e-01
1.697205e-01
1.697672e-01
1.698152e-01
1.698641e-01
1.699131e-01
1.699621e-01
1.700110e-01
1.700600e-01
1.701089e-01
1.701577e-01
1.702066e-01
1.702554e-01
1.703042e-01
1.703530e-01
1.704017e-01
1.704504e-01
1.704991e-01
1.705477e-01
1.705963e-01
1.706448e-01
1.706933e-01
1.707417e-01
1.707902e-01
1.708385e-01
1.708868e-01
1.709351e-01
1.709833e-01
1.710314e-01
1.710795e-01
1.711276e-01
1.711755e-01
1.712235e-01
1.712713e-01
1.713191e-01
1.713668e-01
1.714145e-01
1.714621e-01
1.715096e-01
1.715570e-01
1.716044e-01
1.716517e-01
1.716989e-01
1.717461e-01
1.717932e-01
1.718403e-01
1.718874e-01
1.719345e-01
1.719817e-01
1.720288e-01
1.720758e-01
1.721229e-01
1.721700e-01
1.722171e-01
1.722642e-01
1.723113e-01
1.723583e-01
1.724054e-01
1.724524e-01
1.724994e-01
1.725463e-01
1.725933e-01
1.726402e-01
1.726872e-01
1.727342e-01
1.727811e-01
1.728280e-01
1.728749e-01
1.729218e-01
1.729687e-01
1.730156e-01
1.730625e-01
1.731094e-01
1.731562e-01
1.732031e-01
1.732500e-01
1.732969e-01
1.733437e-01
1.733905e-01
1.734373e-01
1.734841e-01
1.735310e-01
1.735778e-01
1.736247e-01
1.736714e-01
1.737182e-01
1.737649e-01
1.738118e-01
1.738586e-01
1.739053e-01
1.739520e-01
1.739988e-01
1.740455e-01
1.740923e-01
1.741390e-01
1.741858e-01
1.742325e-01
1.742792e-01
1.743258e-01
1.743726e-01
1.744193e-01
1.744661e-01
1.745129e-01
1.745597e-01
1.746064e-01
1.746531e-01
1.746998e-01
1.747466e-01
1.747933e-01
1.748401e-01
1.748867e-01
1.749334e-01
1.749801e-01
1.750269e-01
1.750736e-01
1.751203e-01
1.751669e-01
1.752136e-01
1.752603e-01
1.753070e-01
1.753537e-01
1.754003e-01
1.754469e-01
1.754936e-01
1.755402e-01
1.755869e-01
1.756335e-01
1.756801e-01
1.757267e-01
1.757733e-01
1.758198e-01
1.758664e-01
1.759130e-01
1.759597e-01
1.760063e-01
1.760529e-01
1.760994e-01
1.761460e-01
1.761925e-01
1.762391e-01
1.762857e-01
1.763323e-01
1.763789e-01
1.764254e-01
1.764719e-01
1.765184e-01
1.765648e-01
1.766113e-01
1.766578e-01
1.767043e-01
1.767507e-01
1.767972e-01
1.768435e-01
1.768898e-01
1.769361e-01
1.769824e-01
1.770286e-01
1.770749e-01
1.771212e-01
1.771674e-01
1.772137e-01
1.772599e-01
1.773061e-01
1.773523e-01
1.773985e-01
1.774447e-01
1.774908e-01
1.775369e-01
1.775830e-01
1.776290e-01
1.776750e-01
1.777210e-01
1.777669e-01
1.778129e-01
1.778587e-01
1.779045e-01
1.779503e-01
1.779961e-01
1.780419e-01
1.780877e-01
1.781334e-01
1.781791e-01
1.782247e-01
1.782703e-01
1.783158e-01
1.783614e-01
1.784069e-01
1.784524e-01
1.784978e-01
1.785433e-01
1.785887e-01
1.786341e-01
1.786794e-01
1.787248e-01
1.787701e-01
1.788154e-01
1.788606e-01
1.789058e-01
1.789510e-01
1.789962e-01
1.790413e-01
1.790864e-01
1.791315e-01
1.791766e-01
1.792216e-01
1.792667e-01
1.793117e-01
1.793568e-01
1.794018e-01
1.794469e-01
1.794919e-01
1.795370e-01
1.795821e-01
1.796271e-01
1.796721e-01
1.797171e-01
1.797620e-01
1.798070e-01
1.798520e-01
1.798970e-01
1.799420e-01
1.799870e-01
1.800321e-01
1.800772e-01
1.801223e-01
1.801673e-01
1.802124e-01
1.802575e-01
1.803025e-01
1.803475e-01
1.803926e-01
1.804376e-01
1.804826e-01
1.805277e-01
1.805727e-01
1.806178e-01
1.806628e-01
1.807078e-01
1.807527e-01
1.807977e-01
1.808426e-01
1.808875e-01
1.809324e-01
1.809773e-01
1.810222e-01
1.810672e-01
1.811122e-01
1.811571e-01
1.812020e-01
1.812469e-01
1.812918e-01
1.813368e-01
1.813817e-01
1.814266e-01
1.814716e-01
1.815166e-01
1.815615e-01
1.816065e-01
1.816515e-01
1.816965e-01
1.817414e-01
1.817865e-01
1.818315e-01
1.818766e-01
1.819217e-01
1.819668e-01
1.820119e-01
1.820570e-01
1.821021e-01
1.821473e-01
1.821925e-01
1.822377e-01
1.822829e-01
1.823281e-01
1.823733e-01
1.824185e-01
1.824638e-01
1.825090e-01
1.825542e-01
1.825995e-01
1.826448e-01
1.826901e-01
1.827355e-01
1.827808e-01
1.828263e-01
1.828717e-01
1.829172e-01
1.829627e-01
1.830082e-01
1.830537e-01
1.830992e-01
1.831447e-01
1.831903e-01
1.832358e-01
1.832814e-01
1.833270e-01
1.833728e-01
1.834185e-01
1.834643e-01
1.835102e-01
1.835560e-01
1.836019e-01
1.836477e-01
1.836936e-01
1.837394e-01
1.837852e-01
1.838311e-01
1.838769e-01
1.839227e-01
1.839686e-01
1.840146e-01
1.840605e-01
1.841066e-01
1.841526e-01
1.841986e-01
1.842447e-01
1.842908e-01
1.843369e-01
1.843832e-01
1.844295e-01
1.844758e-01
1.845222e-01
1.845685e-01
1.846149e-01
1.846613e-01
1.847078e-01
1.847542e-01
1.848006e-01
1.848471e-01
1.848937e-01
1.849403e-01
1.849870e-01
1.850337e-01
1.850804e-01
1.851272e-01
1.851740e-01
1.852207e-01
1.852675e-01
1.853143e-01
1.853611e-01
1.854078e-01
1.854547e-01
1.855016e-01
1.855486e-01
1.855956e-01
1.856426e-01
1.856895e-01
1.857365e-01
1.857835e-01
1.858304e-01
1.858773e-01
1.859244e-01
1.859714e-01
1.860185e-01
1.860656e-01
1.861127e-01
1.861598e-01
1.862068e-01
1.862539e-01
1.863010e-01
1.863482e-01
1.863954e-01
1.864426e-01
1.864898e-01
1.865369e-01
1.865842e-01
1.866315e-01
1.866789e-01
1.867262e-01
1.867735e-01
1.868209e-01
1.868682e-01
1.869155e-01
1.869629e-01
1.870104e-01
1.870578e-01
1.871053e-01
1.871528e-01
1.872003e-01
1.872478e-01
1.872952e-01
1.873428e-01
1.873902e-01
1.874377e-01
1.874853e-01
1.875330e-01
1.875806e-01
1.876283e-01
1.876759e-01
1.877237e-01
1.877715e-01
1.878193e-01
1.878672e-01
1.879151e-01
1.879629e-01
1.880108e-01
1.880587e-01
1.881066e-01
1.881545e-01
1.882023e-01
1.882502e-01
1.882981e-01
1.883459e-01
1.883939e-01
1.884419e-01
1.884900e-01
1.885381e-01
1.885861e-01
1.886342e-01
1.886823e-01
1.887304e-01
1.887784e-01
1.888265e-01
1.888746e-01
1.889226e-01
1.889706e-01
1.890186e-01
1.890667e-01
1.891149e-01
1.891631e-01
1.892113e-01
1.892594e-01
1.893076e-01
1.893558e-01
1.894039e-01
1.894520e-01
1.895001e-01
1.895482e-01
1.895963e-01
1.896444e-01
1.896925e-01
1.897407e-01
1.897889e-01
1.898370e-01
1.898851e-01
1.899333e-01
1.899815e-01
1.900298e-01
1.900780e-01
1.901262e-01
1.901743e-01
1.902225e-01
1.902707e-01
1.903190e-01
1.903672e-01
1.904154e-01
1.904635e-01
1.905118e-01
1.905600e-01
1.906082e-01
1.906564e-01
1.907047e-01
1.907530e-01
1.908013e-01
1.908495e-01
1.908979e-01
1.909462e-01
1.909946e-01
1.910429e-01
1.910913e-01
1.911398e-01
1.911882e-01
1.912366e-01
1.912851e-01
1.913336e-01
1.913821e-01
1.914306e-01
1.914791e-01
1.915276e-01
1.915762e-01
1.916247e-01
1.916733e-01
1.917219e-01
1.917705e-01
1.918192e-01
1.918679e-01
1.919167e-01
1.919655e-01
1.920143e-01
1.920632e-01
1.921121e-01
1.921610e-01
1.922099e-01
1.922589e-01
1.923079e-01
1.923570e-01
1.924060e-01
1.924551e-01
1.925043e-01
1.925535e-01
1.926027e-01
1.926520e-01
1.927013e-01
1.927506e-01
1.927999e-01
1.928493e-01
1.928986e-01
1.929480e-01
1.929974e-01
1.930469e-01
1.930963e-01
1.931459e-01
1.931954e-01
1.932451e-01
1.932947e-01
1.933443e-01
1.933939e-01
1.934436e-01
1.934933e-01
1.935431e-01
1.935929e-01
1.936427e-01
1.936927e-01
1.937426e-01
1.937926e-01
1.938425e-01
1.938925e-01
1.939425e-01
1.939924e-01
1.940424e-01
1.940925e-01
1.941426e-01
1.941928e-01
1.942429e-01
1.942930e-01
1.943432e-01
1.943935e-01
1.944438e-01
1.944942e-01
1.945445e-01
1.945948e-01
1.946453e-01
1.946957e-01
1.947463e-01
1.947968e-01
1.948474e-01
1.948979e-01
1.949485e-01
1.949990e-01
1.950497e-01
1.951004e-01
1.951511e-01
1.952019e-01
1.952527e-01
1.953035e-01
1.953543e-01
1.954050e-01
1.954559e-01
1.955069e-01
1.955579e-01
1.956089e-01
1.956599e-01
1.957109e-01
1.957620e-01
1.958130e-01
1.958641e-01
1.959151e-01
1.959661e-01
1.960172e-01
1.960682e-01
1.961194e-01
1.961706e-01
1.962219e-01
1.962732e-01
1.963245e-01
1.963758e-01
1.964271e-01
1.964784e-01
1.965298e-01
1.965811e-01
1.966324e-01
1.966839e-01
1.967354e-01
1.967870e-01
1.968386e-01
1.968902e-01
1.969419e-01
1.969936e-01
1.970452e-01
1.970962e-01
1.971474e-01
1.971989e-01
1.972506e-01
1.973023e-01
1.973540e-01
1.974058e-01
1.974575e-01
1.975093e-01
1.975611e-01
1.976129e-01
1.976647e-01
1.977165e-01
1.977683e-01
1.978202e-01
1.978720e-01
1.979240e-01
1.979761e-01
1.980282e-01
1.980803e-01
1.981325e-01
1.981847e-01
1.982363e-01
1.982879e-01
1.983397e-01
1.983916e-01
1.984438e-01
1.984961e-01
1.985484e-01
1.986007e-01
1.986531e-01
1.987055e-01
1.987579e-01
1.988103e-01
1.988627e-01
1.989152e-01
1.989676e-01
1.990201e-01
1.990726e-01
1.991251e-01
1.991777e-01
1.992302e-01
1.992821e-01
1.993341e-01
1.993861e-01
1.994383e-01
1.994907e-01
1.995433e-01
1.995960e-01
1.996487e-01
1.997015e-01
1.997542e-01
1.998070e-01
1.998598e-01
1.999126e-01
1.999655e-01
2.000184e-01
2.000713e-01
2.001242e-01
