#   1 : Date        
# Date        
0.000000e+00
1.807392e-05
2.865299e-05
3.680825e-05
4.331462e-05
4.906367e-05
5.538763e-05
6.204872e-05
6.795979e-05
7.446196e-05
8.161436e-05
8.947053e-05
9.702468e-05
1.053342e-04
1.143002e-04
1.241628e-04
1.337027e-04
1.436480e-04
1.545879e-04
1.657374e-04
1.769297e-04
1.886124e-04
2.010176e-04
2.132284e-04
2.257171e-04
2.388127e-04
2.521957e-04
2.655017e-04
2.797183e-04
2.939297e-04
3.084532e-04
3.235230e-04
3.388720e-04
3.545256e-04
3.707045e-04
3.871136e-04
4.039712e-04
4.213429e-04
4.389057e-04
4.566041e-04
4.748726e-04
4.934284e-04
5.123968e-04
5.317204e-04
5.513472e-04
5.713195e-04
5.916317e-04
6.121877e-04
6.330631e-04
6.541431e-04
6.756129e-04
6.973298e-04
7.193540e-04
7.416524e-04
7.642145e-04
7.870888e-04
8.102207e-04
8.336410e-04
8.572999e-04
8.811975e-04
9.052984e-04
9.296850e-04
9.542344e-04
9.790738e-04
1.004107e-03
1.029433e-03
1.054937e-03
1.080786e-03
1.106828e-03
1.133123e-03
1.159624e-03
1.186464e-03
1.213485e-03
1.240745e-03
1.268213e-03
1.295923e-03
1.323861e-03
1.352053e-03
1.380427e-03
1.409065e-03
1.437917e-03
1.466828e-03
1.494905e-03
1.510463e-03
1.525861e-03
1.541285e-03
1.556614e-03
1.571177e-03
1.585662e-03
1.600115e-03
1.614649e-03
1.629316e-03
1.643395e-03
1.657483e-03
1.671631e-03
1.685878e-03
1.700249e-03
1.714767e-03
1.728818e-03
1.742945e-03
1.757164e-03
1.771488e-03
1.785930e-03
1.800499e-03
1.815207e-03
1.830058e-03
1.845060e-03
1.860215e-03
1.875528e-03
1.890997e-03
1.906627e-03
1.922276e-03
1.938208e-03
1.954314e-03
1.970588e-03
1.986418e-03
2.002508e-03
2.018958e-03
2.035939e-03
2.053151e-03
2.069435e-03
2.086010e-03
2.103019e-03
2.120700e-03
2.137152e-03
2.153845e-03
2.170885e-03
2.188441e-03
2.206722e-03
2.223564e-03
2.240683e-03
2.258200e-03
2.276284e-03
2.294203e-03
2.311430e-03
2.328945e-03
2.346865e-03
2.365405e-03
2.384827e-03
2.402404e-03
2.420310e-03
2.438718e-03
2.457831e-03
2.476890e-03
2.494837e-03
2.513153e-03
2.531984e-03
2.551616e-03
2.572325e-03
2.590651e-03
2.609357e-03
2.628636e-03
2.648715e-03
2.667036e-03
2.685641e-03
2.704673e-03
2.724300e-03
2.744098e-03
2.762697e-03
2.781593e-03
2.800915e-03
2.820903e-03
2.841840e-03
2.860707e-03
2.879891e-03
2.899553e-03
2.919880e-03
2.940413e-03
2.959554e-03
2.979011e-03
2.998906e-03
3.019486e-03
3.041044e-03
3.060428e-03
3.080123e-03
3.100289e-03
3.121106e-03
3.142197e-03
3.161819e-03
3.181735e-03
3.202060e-03
3.223028e-03
3.244908e-03
3.264727e-03
3.284830e-03
3.305355e-03
3.326468e-03
3.347952e-03
3.367982e-03
3.388268e-03
3.408922e-03
3.430146e-03
3.452175e-03
3.474550e-03
3.495057e-03
3.515894e-03
3.537176e-03
3.559146e-03
3.582086e-03
3.602765e-03
3.623723e-03
3.645083e-03
3.667001e-03
3.689469e-03
3.710311e-03
3.731375e-03
3.752759e-03
3.774625e-03
3.797175e-03
3.820401e-03
3.841631e-03
3.863121e-03
3.884969e-03
3.907348e-03
3.930482e-03
3.954348e-03
3.975949e-03
3.997863e-03
4.020212e-03
4.043218e-03
4.067151e-03
4.088881e-03
4.110856e-03
4.133166e-03
4.155936e-03
4.179400e-03
4.203833e-03
4.225917e-03
4.248245e-03
4.270907e-03
4.294027e-03
4.317831e-03
4.342585e-03
4.368135e-03
4.390828e-03
4.413856e-03
4.437341e-03
4.461499e-03
4.486589e-03
4.512610e-03
4.535640e-03
4.558982e-03
4.582754e-03
4.607150e-03
4.632406e-03
4.658734e-03
4.682057e-03
4.705660e-03
4.729651e-03
4.754190e-03
4.779496e-03
4.805956e-03
4.829531e-03
4.853352e-03
4.877520e-03
4.902166e-03
4.927483e-03
4.953935e-03
4.981297e-03
5.005360e-03
5.029765e-03
5.054634e-03
5.080151e-03
5.106642e-03
5.134219e-03
5.163406e-03
5.188076e-03
5.213112e-03
5.238659e-03
5.265011e-03
5.292581e-03
5.320974e-03
5.345863e-03
5.371068e-03
5.396695e-03
5.422910e-03
5.449916e-03
5.477828e-03
5.507544e-03
5.532856e-03
5.558488e-03
5.584543e-03
5.611183e-03
5.638711e-03
5.667531e-03
5.697764e-03
5.723516e-03
5.749560e-03
5.776009e-03
5.803010e-03
5.830752e-03
5.859351e-03
5.889581e-03
5.915643e-03
5.941984e-03
5.968686e-03
5.995887e-03
6.023862e-03
6.053051e-03
6.082439e-03
6.108822e-03
6.135468e-03
6.162454e-03
6.189905e-03
6.217975e-03
6.246966e-03
6.277271e-03
6.307314e-03
6.334272e-03
6.361501e-03
6.389067e-03
6.417101e-03
6.445750e-03
6.475317e-03
6.506186e-03
6.536585e-03
6.564017e-03
6.591699e-03
6.619693e-03
6.648118e-03
6.677107e-03
6.706951e-03
6.738052e-03
6.768539e-03
6.796354e-03
6.824399e-03
6.852732e-03
6.881468e-03
6.910718e-03
6.940661e-03
6.971488e-03
7.001984e-03
7.034486e-03
7.062876e-03
7.091487e-03
7.120384e-03
7.149637e-03
7.179368e-03
7.209708e-03
7.240921e-03
7.273384e-03
7.304885e-03
7.333783e-03
7.362875e-03
7.392207e-03
7.421864e-03
7.451927e-03
7.482534e-03
7.513819e-03
7.546048e-03
7.579564e-03
7.611599e-03
7.641153e-03
7.670895e-03
7.700861e-03
7.731132e-03
7.761780e-03
7.792936e-03
7.824717e-03
7.857290e-03
7.890251e-03
7.922550e-03
7.955787e-03
7.986052e-03
8.016497e-03
8.047163e-03
8.078098e-03
8.109397e-03
8.141136e-03
8.173441e-03
8.206434e-03
8.240346e-03
8.274933e-03
8.308042e-03
8.341159e-03
8.372224e-03
8.403468e-03
8.434933e-03
8.466662e-03
8.498748e-03
8.531260e-03
8.564313e-03
8.598012e-03
8.631894e-03
8.665927e-03
8.700148e-03
8.734568e-03
8.768851e-03
8.800798e-03
8.832918e-03
8.865215e-03
8.897757e-03
8.930596e-03
8.963827e-03
8.997432e-03
9.031015e-03
9.064613e-03
9.098250e-03
9.131893e-03
9.165622e-03
9.199310e-03
9.233085e-03
9.265853e-03
9.298770e-03
9.331839e-03
9.365092e-03
9.398543e-03
9.432256e-03
9.466153e-03
9.500170e-03
9.534158e-03
9.568289e-03
9.602398e-03
9.636676e-03
9.670940e-03
9.705404e-03
9.739864e-03
9.774568e-03
9.809278e-03
9.844291e-03
9.878309e-03
9.912458e-03
9.946734e-03
9.981160e-03
1.001574e-02
1.004893e-02
1.008212e-02
1.011529e-02
1.014845e-02
1.018159e-02
1.021472e-02
1.024782e-02
1.028150e-02
1.031554e-02
1.034931e-02
1.038646e-02
1.042034e-02
1.045761e-02
1.049762e-02
1.053823e-02
1.057889e-02
1.062018e-02
1.065563e-02
1.069121e-02
1.072692e-02
1.076276e-02
1.079870e-02
1.083475e-02
1.087092e-02
1.090721e-02
1.094363e-02
1.098021e-02
1.101694e-02
1.105385e-02
1.109094e-02
1.112826e-02
1.116579e-02
1.120358e-02
1.124164e-02
1.127999e-02
1.131866e-02
1.135770e-02
1.139028e-02
1.142314e-02
1.145570e-02
1.148853e-02
1.152106e-02
1.155388e-02
1.158640e-02
1.161920e-02
1.165172e-02
1.168452e-02
1.171702e-02
1.174981e-02
1.178231e-02
1.181509e-02
1.184757e-02
1.188034e-02
1.191281e-02
1.194557e-02
1.197802e-02
1.201077e-02
1.204321e-02
1.207594e-02
1.210837e-02
1.214109e-02
1.217350e-02
1.220622e-02
1.223863e-02
1.227135e-02
1.230376e-02
1.233649e-02
1.236890e-02
1.240166e-02
1.243410e-02
1.246689e-02
1.249933e-02
1.253219e-02
1.256437e-02
1.259657e-02
1.262882e-02
1.266114e-02
1.269346e-02
1.272584e-02
1.275759e-02
1.278968e-02
1.282170e-02
1.285370e-02
1.288579e-02
1.291804e-02
1.295062e-02
1.298113e-02
1.301126e-02
1.304108e-02
1.307063e-02
1.309998e-02
1.312918e-02
1.315827e-02
1.318735e-02
1.321646e-02
1.324574e-02
1.327391e-02
1.330174e-02
1.332930e-02
1.335668e-02
1.338398e-02
1.341129e-02
1.343867e-02
1.346559e-02
1.349223e-02
1.351866e-02
1.354492e-02
1.357109e-02
1.359724e-02
1.362345e-02
1.364977e-02
1.367534e-02
1.370078e-02
1.372613e-02
1.375143e-02
1.377672e-02
1.380204e-02
1.382745e-02
1.385300e-02
1.387874e-02
1.390351e-02
1.392830e-02
1.395316e-02
1.397810e-02
1.400314e-02
1.402833e-02
1.405368e-02
1.407923e-02
1.410504e-02
1.413115e-02
1.415760e-02
1.418306e-02
1.420866e-02
1.423442e-02
1.426032e-02
1.428639e-02
1.431262e-02
1.433902e-02
1.436559e-02
1.439237e-02
1.441939e-02
1.444666e-02
1.447420e-02
1.450200e-02
1.453007e-02
1.455821e-02
1.458665e-02
1.461396e-02
1.464273e-02
1.467035e-02
1.469937e-02
1.472727e-02
1.475625e-02
1.478447e-02
1.481362e-02
1.484221e-02
1.487166e-02
1.490067e-02
1.493053e-02
1.496004e-02
1.498573e-02
1.501170e-02
1.503778e-02
1.506401e-02
1.509027e-02
1.511656e-02
1.514297e-02
1.516946e-02
1.519610e-02
1.522286e-02
1.524979e-02
1.527684e-02
1.530335e-02
1.532953e-02
1.535558e-02
1.538161e-02
1.540737e-02
1.543287e-02
1.545819e-02
1.548346e-02
1.550871e-02
1.553388e-02
1.555878e-02
1.558353e-02
1.560819e-02
1.563280e-02
1.565740e-02
1.568204e-02
1.570672e-02
1.573150e-02
1.575633e-02
1.578127e-02
1.580631e-02
1.583067e-02
1.585509e-02
1.587959e-02
1.590420e-02
1.592891e-02
1.595374e-02
1.597871e-02
1.600382e-02
1.602912e-02
1.605459e-02
1.608027e-02
1.610616e-02
1.613228e-02
1.615851e-02
1.618365e-02
1.620885e-02
1.623415e-02
1.625953e-02
1.628502e-02
1.631068e-02
1.633652e-02
1.636259e-02
1.638877e-02
1.641499e-02
1.644117e-02
1.646738e-02
1.649360e-02
1.651907e-02
1.654464e-02
1.657032e-02
1.659613e-02
1.662207e-02
1.664818e-02
1.667449e-02
1.670105e-02
1.672768e-02
1.675433e-02
1.678104e-02
1.680685e-02
1.683276e-02
1.685879e-02
1.688494e-02
1.691123e-02
1.693768e-02
1.696431e-02
1.699117e-02
1.701831e-02
1.704577e-02
1.707187e-02
1.709806e-02
1.712436e-02
1.715077e-02
1.717732e-02
1.720401e-02
1.723087e-02
1.725794e-02
1.728525e-02
1.731289e-02
1.733925e-02
1.736570e-02
1.739224e-02
1.741890e-02
1.744570e-02
1.747266e-02
1.749982e-02
1.752724e-02
1.755374e-02
1.758029e-02
1.760693e-02
1.763367e-02
1.766053e-02
1.768753e-02
1.771472e-02
1.774213e-02
1.776984e-02
1.779659e-02
1.782341e-02
1.785031e-02
1.787732e-02
1.790446e-02
1.793177e-02
1.795927e-02
1.798698e-02
1.801397e-02
1.804100e-02
1.806809e-02
1.809527e-02
1.812255e-02
1.814997e-02
1.817754e-02
1.820531e-02
1.823334e-02
1.826060e-02
1.828789e-02
1.831524e-02
1.834266e-02
1.837017e-02
1.839777e-02
1.842550e-02
1.845337e-02
1.848144e-02
1.850976e-02
1.853837e-02
1.856594e-02
1.859355e-02
1.862120e-02
1.864892e-02
1.867671e-02
1.870458e-02
1.873255e-02
1.876066e-02
1.878895e-02
1.881747e-02
1.884623e-02
1.887401e-02
1.890181e-02
1.892964e-02
1.895750e-02
1.898540e-02
1.901334e-02
1.904134e-02
1.906942e-02
1.909761e-02
1.912595e-02
1.915442e-02
1.918310e-02
1.921153e-02
1.924052e-02
1.926889e-02
1.929781e-02
1.932613e-02
1.935498e-02
1.938324e-02
1.941203e-02
1.944022e-02
1.946893e-02
1.949705e-02
1.952566e-02
1.955483e-02
1.958464e-02
1.961519e-02
1.964657e-02
1.967870e-02
1.971094e-02
1.974328e-02
1.977573e-02
1.980828e-02
1.984097e-02
1.987377e-02
1.990672e-02
1.993981e-02
1.997220e-02
2.000456e-02
2.003690e-02
2.006923e-02
2.010157e-02
2.013391e-02
2.016628e-02
2.019867e-02
2.023108e-02
2.026353e-02
2.029600e-02
2.032850e-02
2.036101e-02
2.038780e-02
2.041726e-02
2.044400e-02
2.047240e-02
2.049911e-02
2.052684e-02
2.055336e-02
2.058051e-02
2.060716e-02
2.063460e-02
2.066132e-02
2.068888e-02
2.071562e-02
2.074323e-02
2.077001e-02
2.079724e-02
2.082430e-02
2.085178e-02
2.087865e-02
2.090643e-02
2.093406e-02
2.096264e-02
2.099234e-02
2.102323e-02
2.105423e-02
2.108525e-02
2.111629e-02
2.114735e-02
2.117845e-02
2.120956e-02
2.124071e-02
2.127189e-02
2.130311e-02
2.133440e-02
2.136472e-02
2.139506e-02
2.142273e-02
2.145221e-02
2.148267e-02
2.151316e-02
2.154373e-02
2.157434e-02
2.160503e-02
2.163577e-02
2.166658e-02
2.169745e-02
2.172838e-02
2.175938e-02
2.178665e-02
2.181528e-02
2.184455e-02
2.187003e-02
2.189594e-02
2.192133e-02
2.194694e-02
2.197226e-02
2.199779e-02
2.202306e-02
2.204852e-02
2.207373e-02
2.209914e-02
2.212431e-02
2.214967e-02
2.217480e-02
2.220012e-02
2.222521e-02
2.225049e-02
2.227617e-02
2.230143e-02
2.232708e-02
2.235230e-02
2.238006e-02
2.240730e-02
2.243266e-02
2.245846e-02
2.248381e-02
2.250938e-02
2.253472e-02
2.256029e-02
2.258563e-02
2.261119e-02
2.263652e-02
2.266207e-02
2.268740e-02
2.271295e-02
2.273827e-02
2.276381e-02
2.278913e-02
2.281465e-02
2.283996e-02
2.286548e-02
2.289078e-02
2.291629e-02
2.294159e-02
2.296941e-02
2.300002e-02
2.302760e-02
2.305794e-02
2.308596e-02
2.311439e-02
2.314297e-02
2.316853e-02
2.319451e-02
2.322008e-02
2.324588e-02
2.327146e-02
2.329727e-02
2.332288e-02
2.334870e-02
2.337431e-02
2.340015e-02
2.342577e-02
2.345161e-02
2.347724e-02
2.350309e-02
2.352872e-02
2.355457e-02
2.358020e-02
2.360840e-02
2.363942e-02
2.367025e-02
2.370120e-02
2.373254e-02
2.376414e-02
2.379589e-02
2.382793e-02
2.385821e-02
2.388978e-02
2.392131e-02
2.395203e-02
2.398287e-02
2.401403e-02
2.404581e-02
2.407181e-02
2.410041e-02
2.412645e-02
2.415510e-02
2.418117e-02
2.420749e-02
2.423360e-02
2.425996e-02
2.428610e-02
2.431248e-02
2.433866e-02
2.436506e-02
2.439126e-02
2.441768e-02
2.444390e-02
2.447034e-02
2.449656e-02
2.452302e-02
2.455212e-02
2.458261e-02
2.461355e-02
2.464377e-02
2.467402e-02
2.470439e-02
2.473503e-02
2.476613e-02
2.479648e-02
2.482686e-02
2.485735e-02
2.488807e-02
2.491919e-02
2.495088e-02
2.498142e-02
2.501204e-02
2.504282e-02
2.507389e-02
2.510537e-02
2.513741e-02
2.516821e-02
2.519908e-02
2.523010e-02
2.526136e-02
2.529297e-02
2.532507e-02
2.535610e-02
2.538720e-02
2.541840e-02
2.544977e-02
2.548138e-02
2.551331e-02
2.553982e-02
2.556898e-02
2.559551e-02
2.562468e-02
2.565122e-02
2.567799e-02
2.570453e-02
2.573131e-02
2.575786e-02
2.578464e-02
2.581119e-02
2.583797e-02
2.586452e-02
2.589130e-02
2.591784e-02
2.594460e-02
2.597113e-02
2.599789e-02
2.602441e-02
2.605358e-02
2.608567e-02
2.611731e-02
2.614897e-02
2.618065e-02
2.621238e-02
2.624419e-02
2.627617e-02
2.630835e-02
2.634082e-02
2.637361e-02
2.640526e-02
2.643691e-02
2.646858e-02
2.650029e-02
2.653205e-02
2.656393e-02
2.659599e-02
2.662830e-02
2.666089e-02
2.669381e-02
2.672543e-02
2.675706e-02
2.678871e-02
2.682039e-02
2.685213e-02
2.688398e-02
2.691601e-02
2.694825e-02
2.698077e-02
2.701359e-02
2.704678e-02
2.707836e-02
2.710994e-02
2.714156e-02
2.717323e-02
2.720499e-02
2.723689e-02
2.726897e-02
2.730129e-02
2.733387e-02
2.736048e-02
2.738975e-02
2.741638e-02
2.744567e-02
2.747232e-02
2.750163e-02
2.752830e-02
2.755520e-02
2.758189e-02
2.760881e-02
2.763551e-02
2.766245e-02
2.768916e-02
2.771611e-02
2.774283e-02
2.776979e-02
2.779653e-02
2.782349e-02
2.785023e-02
2.787721e-02
2.790395e-02
2.793093e-02
2.795769e-02
2.798468e-02
2.801436e-02
2.804628e-02
2.807841e-02
2.811081e-02
2.814351e-02
2.817658e-02
2.820843e-02
2.824032e-02
2.827224e-02
2.830422e-02
2.833623e-02
2.836830e-02
2.840041e-02
2.843260e-02
2.846491e-02
2.849725e-02
2.852985e-02
2.856263e-02
2.859556e-02
2.862866e-02
2.866193e-02
2.869537e-02
2.872898e-02
2.876277e-02
2.879678e-02
2.883078e-02
2.886524e-02
2.889947e-02
2.893193e-02
2.896442e-02
2.899692e-02
2.902945e-02
2.906198e-02
2.909453e-02
2.912708e-02
2.915968e-02
2.919234e-02
2.922500e-02
2.925763e-02
2.929022e-02
2.932277e-02
2.935529e-02
2.938777e-02
2.942022e-02
2.945264e-02
2.948503e-02
2.951740e-02
2.954975e-02
2.958207e-02
2.961436e-02
2.964664e-02
2.967890e-02
2.971114e-02
2.974336e-02
2.977557e-02
2.980776e-02
2.983993e-02
2.987209e-02
2.990423e-02
2.993636e-02
2.996848e-02
3.000058e-02
3.003267e-02
3.006475e-02
3.009682e-02
3.012888e-02
3.016094e-02
3.019299e-02
3.022503e-02
3.025707e-02
3.028911e-02
3.032114e-02
3.035317e-02
3.038520e-02
3.041722e-02
3.044925e-02
3.048126e-02
3.051328e-02
3.054529e-02
3.057729e-02
3.061177e-02
3.064666e-02
3.068208e-02
3.071826e-02
3.075536e-02
3.079351e-02
3.083281e-02
3.087341e-02
3.091485e-02
3.095641e-02
3.099801e-02
3.103074e-02
3.106365e-02
3.109671e-02
3.112995e-02
3.116338e-02
3.119699e-02
3.123099e-02
3.126549e-02
3.130052e-02
3.133630e-02
3.137303e-02
3.141084e-02
3.144987e-02
3.149023e-02
3.153164e-02
3.157321e-02
3.160569e-02
3.163833e-02
3.167113e-02
3.170411e-02
3.173726e-02
3.177060e-02
3.180416e-02
3.183807e-02
3.187254e-02
3.190758e-02
3.194332e-02
3.197991e-02
3.201750e-02
3.205622e-02
3.209623e-02
3.213759e-02
3.218041e-02
3.222309e-02
3.225568e-02
3.228842e-02
3.232132e-02
3.235438e-02
3.238760e-02
3.242100e-02
3.245458e-02
3.248849e-02
3.252289e-02
3.255780e-02
3.259332e-02
3.262963e-02
3.266686e-02
3.270513e-02
3.274453e-02
3.278514e-02
3.282706e-02
3.286994e-02
3.290243e-02
3.293506e-02
3.296780e-02
3.300068e-02
3.303368e-02
3.306683e-02
3.310010e-02
3.313353e-02
3.316711e-02
3.320097e-02
3.323525e-02
3.326995e-02
3.330514e-02
3.334099e-02
3.337767e-02
3.341526e-02
3.345380e-02
3.348617e-02
3.351315e-02
3.354283e-02
3.356981e-02
3.359894e-02
3.362593e-02
3.365470e-02
3.368169e-02
3.371020e-02
3.373719e-02
3.376551e-02
3.379251e-02
3.382068e-02
3.384769e-02
3.387574e-02
3.390275e-02
3.393070e-02
3.395772e-02
3.398560e-02
3.401262e-02
3.404044e-02
3.406748e-02
3.409523e-02
3.412229e-02
3.415000e-02
3.417707e-02
3.420475e-02
3.423184e-02
3.425950e-02
3.428660e-02
3.431424e-02
3.434137e-02
3.436900e-02
3.439615e-02
3.442379e-02
3.445097e-02
3.447861e-02
3.450583e-02
3.453349e-02
3.456074e-02
3.458879e-02
3.461815e-02
3.464913e-02
3.468206e-02
3.471509e-02
3.474819e-02
3.478137e-02
3.481461e-02
3.484793e-02
3.488132e-02
3.491478e-02
3.494831e-02
3.498192e-02
3.501562e-02
3.504947e-02
3.508353e-02
3.511784e-02
3.515240e-02
3.518729e-02
3.522255e-02
3.525829e-02
3.529454e-02
3.533144e-02
3.536891e-02
3.540699e-02
3.544561e-02
3.548480e-02
3.552454e-02
3.556485e-02
3.560571e-02
3.564717e-02
3.568922e-02
3.573187e-02
3.576486e-02
3.579788e-02
3.583093e-02
3.586403e-02
3.589715e-02
3.593032e-02
3.596351e-02
3.599675e-02
3.603001e-02
3.606332e-02
3.609666e-02
3.613004e-02
3.616345e-02
3.619690e-02
3.623038e-02
3.626391e-02
3.629746e-02
3.633106e-02
3.636469e-02
3.639836e-02
3.643209e-02
3.646589e-02
3.649976e-02
3.653374e-02
3.656785e-02
3.660210e-02
3.663650e-02
3.667105e-02
3.670577e-02
3.674067e-02
3.677574e-02
3.681103e-02
3.684652e-02
3.688228e-02
3.691827e-02
3.695459e-02
3.699120e-02
3.702824e-02
3.706564e-02
3.710353e-02
3.714175e-02
3.718030e-02
3.721913e-02
3.725826e-02
3.729763e-02
3.733727e-02
3.737345e-02
3.741324e-02
3.744956e-02
3.748950e-02
3.752599e-02
3.756563e-02
3.760236e-02
3.764177e-02
3.767879e-02
3.771810e-02
3.775154e-02
3.778500e-02
3.781847e-02
3.785196e-02
3.788546e-02
3.791897e-02
3.795251e-02
3.798608e-02
3.801967e-02
3.805328e-02
3.808691e-02
3.812054e-02
3.815420e-02
3.818784e-02
3.822124e-02
3.825488e-02
3.828849e-02
3.832220e-02
3.835587e-02
3.838967e-02
3.842340e-02
3.845731e-02
3.849107e-02
3.852506e-02
3.855883e-02
3.859291e-02
3.862658e-02
3.866075e-02
3.869434e-02
3.872861e-02
3.876212e-02
3.879651e-02
3.883096e-02
3.886550e-02
3.890010e-02
3.893481e-02
3.896959e-02
3.900451e-02
3.903951e-02
3.907467e-02
3.910995e-02
3.914542e-02
3.918103e-02
3.921690e-02
3.925292e-02
3.928924e-02
3.932575e-02
3.936256e-02
3.939963e-02
3.943721e-02
3.947509e-02
3.951332e-02
3.955179e-02
3.959052e-02
3.962942e-02
3.966854e-02
3.970782e-02
3.974729e-02
3.978692e-02
3.982675e-02
3.986674e-02
3.990696e-02
3.994735e-02
3.998797e-02
4.002879e-02
4.006987e-02
4.011115e-02
4.015270e-02
4.019446e-02
4.023651e-02
4.027876e-02
4.032132e-02
4.036407e-02
4.040712e-02
4.045036e-02
4.049390e-02
4.053761e-02
4.058159e-02
4.062575e-02
4.067012e-02
4.071464e-02
4.075935e-02
4.080383e-02
4.084882e-02
4.089265e-02
4.093788e-02
4.097986e-02
4.102210e-02
4.106459e-02
4.110739e-02
4.115049e-02
4.119393e-02
4.123763e-02
4.128180e-02
4.132667e-02
4.137187e-02
4.141718e-02
4.146238e-02
4.150769e-02
4.153627e-02
4.156771e-02
4.159626e-02
4.162768e-02
4.165621e-02
4.168760e-02
4.172213e-02
4.176011e-02
4.180189e-02
4.184422e-02
4.188680e-02
4.192965e-02
4.197279e-02
4.201618e-02
4.206000e-02
4.210448e-02
4.214972e-02
4.219498e-02
4.224025e-02
4.228553e-02
4.233083e-02
4.236889e-02
4.240997e-02
4.245337e-02
4.249704e-02
4.254133e-02
4.258671e-02
4.263211e-02
4.267753e-02
4.272298e-02
4.276581e-02
4.280887e-02
4.285217e-02
4.289567e-02
4.293956e-02
4.298403e-02
4.302929e-02
4.307486e-02
4.312042e-02
4.315980e-02
4.319918e-02
4.323859e-02
4.327800e-02
4.330426e-02
4.333315e-02
4.336492e-02
4.339988e-02
4.343832e-02
4.347789e-02
4.351752e-02
4.355717e-02
4.358343e-02
4.361122e-02
4.364178e-02
4.367540e-02
4.370166e-02
4.373049e-02
4.376219e-02
4.379707e-02
4.382335e-02
4.385151e-02
4.387780e-02
4.390579e-02
4.393210e-02
4.395995e-02
4.398627e-02
4.401400e-02
4.404035e-02
4.406799e-02
4.409436e-02
4.412194e-02
4.414834e-02
4.417588e-02
4.420231e-02
4.422982e-02
4.425629e-02
4.428380e-02
4.431032e-02
4.433784e-02
4.436440e-02
4.439194e-02
4.441857e-02
4.444615e-02
4.447284e-02
4.450047e-02
4.452724e-02
4.455495e-02
4.458180e-02
4.460961e-02
4.463657e-02
4.466451e-02
4.469160e-02
4.471970e-02
4.474694e-02
4.477523e-02
4.480265e-02
4.483122e-02
4.486081e-02
4.489172e-02
4.491936e-02
4.494856e-02
4.497924e-02
4.501152e-02
4.504556e-02
4.508146e-02
4.510961e-02
4.513948e-02
4.517129e-02
4.520511e-02
4.523448e-02
4.526524e-02
4.529692e-02
4.532940e-02
4.536046e-02
4.539252e-02
4.542537e-02
4.545895e-02
4.549321e-02
4.552813e-02
4.556367e-02
4.560058e-02
4.563928e-02
4.567866e-02
4.571808e-02
4.575754e-02
4.579704e-02
4.583659e-02
4.587619e-02
4.591585e-02
4.595558e-02
4.599538e-02
4.603526e-02
4.607526e-02
4.611544e-02
4.614445e-02
4.617637e-02
4.620541e-02
4.623469e-02
4.626377e-02
4.629308e-02
4.632218e-02
4.635152e-02
4.638065e-02
4.641001e-02
4.644231e-02
4.647783e-02
4.651691e-02
4.655990e-02
4.660397e-02
4.664870e-02
4.669345e-02
4.673823e-02
4.678304e-02
4.682789e-02
4.686646e-02
4.690512e-02
4.694384e-02
4.698264e-02
4.702151e-02
4.706048e-02
4.709953e-02
4.713870e-02
4.717798e-02
4.721738e-02
4.725692e-02
4.729662e-02
4.733647e-02
4.737650e-02
4.741671e-02
4.745714e-02
4.749792e-02
4.753917e-02
4.758097e-02
4.762352e-02
4.766684e-02
4.771105e-02
4.775167e-02
4.779565e-02
4.783856e-02
4.788372e-02
4.792928e-02
4.797525e-02
4.802128e-02
4.806736e-02
4.811351e-02
4.815213e-02
4.819084e-02
4.822966e-02
4.826857e-02
4.830759e-02
4.834672e-02
4.838598e-02
4.842536e-02
4.846489e-02
4.850456e-02
4.854439e-02
4.858437e-02
4.862454e-02
4.866506e-02
4.870605e-02
4.874761e-02
4.878992e-02
4.883308e-02
4.887663e-02
4.891791e-02
4.896152e-02
4.900516e-02
4.904883e-02
4.909252e-02
4.913625e-02
4.916623e-02
4.919669e-02
4.922670e-02
4.925694e-02
4.928697e-02
4.931723e-02
4.934727e-02
4.937756e-02
4.940762e-02
4.943792e-02
4.946800e-02
4.949831e-02
4.952841e-02
4.955874e-02
4.958885e-02
4.961919e-02
4.964932e-02
4.967967e-02
4.970981e-02
4.974018e-02
4.977359e-02
4.981034e-02
4.985077e-02
4.989366e-02
4.993750e-02
4.998244e-02
5.002443e-02
5.006914e-02
5.011530e-02
5.016175e-02
5.020858e-02
5.025576e-02
5.030320e-02
5.035065e-02
5.038974e-02
5.042897e-02
5.046833e-02
5.050781e-02
5.054743e-02
5.058718e-02
5.062707e-02
5.066710e-02
5.070727e-02
5.074760e-02
5.078831e-02
5.082950e-02
5.087132e-02
5.091393e-02
5.094423e-02
5.097503e-02
5.100536e-02
5.103592e-02
5.106626e-02
5.109685e-02
5.112720e-02
5.115780e-02
5.118817e-02
5.121877e-02
5.124915e-02
5.127977e-02
5.131015e-02
5.134078e-02
5.137117e-02
5.140180e-02
5.143220e-02
5.146284e-02
5.149325e-02
5.152389e-02
5.155759e-02
5.159467e-02
5.163468e-02
5.167485e-02
5.171523e-02
5.175596e-02
5.179721e-02
5.183914e-02
5.188185e-02
5.192561e-02
5.196754e-02
5.201207e-02
5.205751e-02
5.210017e-02
5.214282e-02
5.218547e-02
5.222812e-02
5.227077e-02
5.231341e-02
5.235604e-02
5.239551e-02
5.243512e-02
5.247487e-02
5.251476e-02
5.255477e-02
5.259493e-02
5.263522e-02
5.267567e-02
5.271652e-02
5.275790e-02
5.279996e-02
5.284261e-02
5.287310e-02
5.290408e-02
5.293458e-02
5.296533e-02
5.299584e-02
5.302659e-02
5.305711e-02
5.308787e-02
5.311840e-02
5.314916e-02
5.317969e-02
5.321046e-02
5.324099e-02
5.327176e-02
5.330230e-02
5.333307e-02
5.336362e-02
5.339439e-02
5.342494e-02
5.345854e-02
5.349549e-02
5.353570e-02
5.357613e-02
5.361693e-02
5.365829e-02
5.370027e-02
5.374323e-02
5.378494e-02
5.382720e-02
5.386873e-02
5.391160e-02
5.395293e-02
5.399561e-02
5.403679e-02
5.407931e-02
5.412034e-02
5.416272e-02
5.420216e-02
5.424175e-02
5.428149e-02
5.432137e-02
5.436139e-02
5.440154e-02
5.444184e-02
5.447243e-02
5.450352e-02
5.453412e-02
5.456496e-02
5.459557e-02
5.462641e-02
5.465703e-02
5.468788e-02
5.471849e-02
5.474934e-02
5.477996e-02
5.481081e-02
5.484142e-02
5.487227e-02
5.490289e-02
5.493374e-02
5.496435e-02
5.499520e-02
5.502913e-02
5.506646e-02
5.510596e-02
5.514563e-02
5.518544e-02
5.522542e-02
5.526553e-02
5.530568e-02
5.534609e-02
5.538618e-02
5.542715e-02
5.546720e-02
5.550858e-02
5.554859e-02
5.558994e-02
5.562991e-02
5.567122e-02
5.571117e-02
5.575246e-02
5.579238e-02
5.583364e-02
5.587354e-02
5.591478e-02
5.595466e-02
5.599589e-02
5.603575e-02
5.607554e-02
5.611542e-02
5.615543e-02
5.619529e-02
5.623551e-02
5.627536e-02
5.630598e-02
5.633710e-02
5.636773e-02
5.639860e-02
5.642923e-02
5.646010e-02
5.649073e-02
5.652159e-02
5.655221e-02
5.658307e-02
5.661369e-02
5.664454e-02
5.667515e-02
5.670600e-02
5.673660e-02
5.676744e-02
5.679803e-02
5.682886e-02
5.685944e-02
5.689026e-02
5.692416e-02
5.696145e-02
5.700247e-02
5.704230e-02
5.708217e-02
5.712199e-02
5.716204e-02
5.720185e-02
5.724206e-02
5.728186e-02
5.732230e-02
5.736209e-02
5.740319e-02
5.744296e-02
5.748407e-02
5.752385e-02
5.756496e-02
5.760473e-02
5.764584e-02
5.768562e-02
5.772673e-02
5.776651e-02
5.780763e-02
5.784742e-02
5.788854e-02
5.792834e-02
5.795887e-02
5.798989e-02
5.802043e-02
5.805121e-02
5.808174e-02
5.811442e-02
5.814494e-02
5.817571e-02
5.820622e-02
5.823698e-02
5.826748e-02
5.829823e-02
5.832872e-02
5.835945e-02
5.838994e-02
5.842065e-02
5.845112e-02
5.848183e-02
5.851229e-02
5.854298e-02
5.857343e-02
5.860410e-02
5.863785e-02
5.867497e-02
5.871581e-02
5.875572e-02
5.879695e-02
5.883683e-02
5.887805e-02
5.891793e-02
5.895915e-02
5.899902e-02
5.904023e-02
5.908009e-02
5.912130e-02
5.916116e-02
5.920236e-02
5.924222e-02
5.928341e-02
5.932327e-02
5.936446e-02
5.940431e-02
5.944448e-02
5.948434e-02
5.952460e-02
5.956438e-02
5.960418e-02
5.964399e-02
5.968382e-02
5.972366e-02
5.976354e-02
5.980337e-02
5.984330e-02
5.988312e-02
5.992310e-02
5.996291e-02
6.000297e-02
6.004275e-02
6.008290e-02
6.012267e-02
6.016293e-02
6.020269e-02
6.024324e-02
6.028298e-02
6.032404e-02
6.036375e-02
6.040479e-02
6.044449e-02
6.048552e-02
6.052520e-02
6.056621e-02
6.060588e-02
6.064687e-02
6.068653e-02
6.072751e-02
6.076716e-02
6.080736e-02
6.084701e-02
6.088730e-02
6.092665e-02
6.096604e-02
6.100547e-02
6.104494e-02
6.108444e-02
6.112399e-02
6.116357e-02
6.120320e-02
6.124284e-02
6.128256e-02
6.132219e-02
6.136201e-02
6.140165e-02
6.144158e-02
6.148122e-02
6.152129e-02
6.156092e-02
6.160114e-02
6.164078e-02
6.168143e-02
6.172106e-02
6.176202e-02
6.180166e-02
6.184262e-02
6.188227e-02
6.192324e-02
6.196290e-02
6.199271e-02
6.202301e-02
6.205283e-02
6.208288e-02
6.211269e-02
6.214405e-02
6.217385e-02
6.220511e-02
6.223490e-02
6.226492e-02
6.229470e-02
6.232471e-02
6.235447e-02
6.238447e-02
6.241421e-02
6.244419e-02
6.247392e-02
6.250388e-02
6.253360e-02
6.256354e-02
6.259324e-02
6.262316e-02
6.265284e-02
6.268275e-02
6.271242e-02
6.274232e-02
6.277520e-02
6.281137e-02
6.285116e-02
6.289109e-02
6.293116e-02
6.297108e-02
6.301127e-02
6.305120e-02
6.309151e-02
6.313145e-02
6.317204e-02
6.321200e-02
6.325296e-02
6.329294e-02
6.333419e-02
6.337419e-02
6.341547e-02
6.345550e-02
6.349681e-02
6.353687e-02
6.357821e-02
6.361831e-02
6.365968e-02
6.369980e-02
6.374121e-02
6.378137e-02
6.382281e-02
6.386300e-02
6.389255e-02
6.392259e-02
6.395214e-02
6.398193e-02
6.401147e-02
6.404124e-02
6.407077e-02
6.410052e-02
6.413003e-02
6.415976e-02
6.418925e-02
6.421897e-02
6.424843e-02
6.427813e-02
6.430758e-02
6.433725e-02
6.436668e-02
6.439633e-02
6.442574e-02
6.445538e-02
6.448477e-02
6.451439e-02
6.454697e-02
6.458280e-02
6.462222e-02
6.466290e-02
6.470431e-02
6.474495e-02
6.478688e-02
6.482755e-02
6.485700e-02
6.488695e-02
6.491641e-02
6.494611e-02
6.497556e-02
6.500525e-02
6.503469e-02
6.506437e-02
6.509380e-02
6.512346e-02
6.515288e-02
6.518253e-02
6.521194e-02
6.524157e-02
6.527096e-02
6.530058e-02
6.532995e-02
6.535956e-02
6.538891e-02
6.541850e-02
6.544784e-02
6.547741e-02
6.550673e-02
6.553628e-02
6.556879e-02
6.560455e-02
6.564388e-02
6.568452e-02
6.572520e-02
6.576590e-02
6.580663e-02
6.584738e-02
6.588814e-02
6.592891e-02
6.596970e-02
6.601050e-02
6.605091e-02
6.609134e-02
6.613179e-02
6.617225e-02
6.621272e-02
6.625322e-02
6.629372e-02
6.633425e-02
6.637479e-02
6.641536e-02
6.645594e-02
6.649655e-02
6.653726e-02
6.657809e-02
6.661891e-02
6.665973e-02
6.670054e-02
6.674134e-02
6.677055e-02
6.680025e-02
6.682946e-02
6.685892e-02
6.688813e-02
6.691757e-02
6.694678e-02
6.697621e-02
6.700541e-02
6.703483e-02
6.706402e-02
6.709343e-02
6.712260e-02
6.715200e-02
6.718116e-02
6.721055e-02
6.723970e-02
6.726908e-02
6.729823e-02
6.732760e-02
6.735674e-02
6.738611e-02
6.741841e-02
6.745395e-02
6.749303e-02
6.753333e-02
6.757360e-02
6.761383e-02
6.765404e-02
6.769420e-02
6.773434e-02
6.777444e-02
6.781451e-02
6.785455e-02
6.789456e-02
6.793454e-02
6.797449e-02
6.801441e-02
6.805431e-02
6.809418e-02
6.813402e-02
6.817385e-02
6.821444e-02
6.825505e-02
6.829567e-02
6.833631e-02
6.837696e-02
6.841762e-02
6.845830e-02
6.849898e-02
6.852812e-02
6.855775e-02
6.858690e-02
6.861629e-02
6.864545e-02
6.867484e-02
6.870400e-02
6.873339e-02
6.876254e-02
6.879192e-02
6.882107e-02
6.885044e-02
6.887958e-02
6.890895e-02
6.893808e-02
6.896745e-02
6.899658e-02
6.902593e-02
6.905506e-02
6.908441e-02
6.911353e-02
6.914288e-02
6.917199e-02
6.920134e-02
6.923046e-02
6.926249e-02
6.929772e-02
6.933648e-02
6.937792e-02
6.941952e-02
6.946125e-02
6.950316e-02
6.954522e-02
6.958749e-02
6.961665e-02
6.964633e-02
6.967551e-02
6.970495e-02
6.973415e-02
6.976359e-02
6.979280e-02
6.982224e-02
6.985144e-02
6.988089e-02
6.991009e-02
6.993952e-02
6.996872e-02
6.999816e-02
7.002735e-02
7.005678e-02
7.008598e-02
7.011541e-02
7.014460e-02
7.017403e-02
7.020323e-02
7.023266e-02
7.026186e-02
7.029128e-02
7.032049e-02
7.034992e-02
7.037912e-02
7.040855e-02
7.044093e-02
7.047655e-02
7.051572e-02
7.055882e-02
7.060356e-02
7.064688e-02
7.069159e-02
7.073493e-02
7.077947e-02
7.082282e-02
7.086705e-02
7.091041e-02
7.095432e-02
7.099770e-02
7.104130e-02
7.108469e-02
7.111707e-02
7.115268e-02
7.118505e-02
7.122065e-02
7.125301e-02
7.128861e-02
7.132777e-02
7.137082e-02
7.140322e-02
7.143886e-02
7.147105e-02
7.150646e-02
7.153865e-02
7.157324e-02
7.160562e-02
7.163969e-02
7.166903e-02
7.169889e-02
7.172827e-02
7.175790e-02
7.178730e-02
7.181695e-02
7.184637e-02
7.187603e-02
7.190546e-02
7.193513e-02
7.196457e-02
7.199425e-02
7.202370e-02
7.205339e-02
7.208286e-02
7.211256e-02
7.214203e-02
7.217174e-02
7.220122e-02
7.223094e-02
7.226044e-02
7.229018e-02
7.231969e-02
7.234943e-02
7.237896e-02
7.240872e-02
7.243826e-02
7.247076e-02
7.250651e-02
7.254583e-02
7.257813e-02
7.261366e-02
7.264596e-02
7.268146e-02
7.271375e-02
7.274800e-02
7.278028e-02
7.281402e-02
7.284629e-02
7.287975e-02
7.290932e-02
7.293942e-02
7.296903e-02
7.299891e-02
7.302855e-02
7.305845e-02
7.308811e-02
7.311802e-02
7.314770e-02
7.317762e-02
7.320731e-02
7.323725e-02
7.326695e-02
7.329690e-02
7.332661e-02
7.335657e-02
7.338630e-02
7.341626e-02
7.344601e-02
7.347599e-02
7.350574e-02
7.353574e-02
7.356551e-02
7.359552e-02
7.362531e-02
7.365534e-02
7.368514e-02
7.371518e-02
7.374501e-02
7.377507e-02
7.380721e-02
7.384257e-02
7.388146e-02
7.392424e-02
7.395628e-02
7.399153e-02
7.402357e-02
7.405589e-02
7.408793e-02
7.412317e-02
7.415521e-02
7.419045e-02
7.422248e-02
7.425739e-02
7.428943e-02
7.432361e-02
7.435565e-02
7.438797e-02
7.442000e-02
7.445233e-02
7.448437e-02
7.451669e-02
7.454873e-02
7.458105e-02
7.461309e-02
7.464542e-02
7.467746e-02
7.471126e-02
7.474330e-02
7.477659e-02
7.480863e-02
7.484177e-02
7.487372e-02
7.490676e-02
7.493870e-02
7.497385e-02
7.500578e-02
7.504091e-02
7.507283e-02
7.510534e-02
7.513726e-02
7.516976e-02
7.520168e-02
7.523417e-02
7.526608e-02
7.529858e-02
7.533048e-02
7.536297e-02
7.539487e-02
7.542735e-02
7.545925e-02
7.549173e-02
7.552363e-02
7.555610e-02
7.558799e-02
7.562046e-02
7.565234e-02
7.568510e-02
7.571701e-02
7.574976e-02
7.578167e-02
7.581441e-02
7.584632e-02
7.587904e-02
7.591096e-02
7.594367e-02
7.597558e-02
7.600828e-02
7.604015e-02
7.607284e-02
7.610655e-02
7.614129e-02
7.617746e-02
7.621498e-02
7.625431e-02
7.629528e-02
7.633818e-02
7.638132e-02
7.642539e-02
7.646847e-02
7.651299e-02
7.655604e-02
7.660052e-02
7.664354e-02
7.668799e-02
7.673098e-02
7.677541e-02
7.681838e-02
7.686279e-02
7.690574e-02
7.695014e-02
7.699307e-02
7.702529e-02
7.706073e-02
7.709294e-02
7.712819e-02
7.716040e-02
7.719497e-02
7.722719e-02
7.726128e-02
7.729349e-02
7.732725e-02
7.736318e-02
7.740143e-02
7.744230e-02
7.748324e-02
7.752417e-02
7.756513e-02
7.760610e-02
7.764708e-02
7.768807e-02
7.772908e-02
7.777009e-02
7.781113e-02
7.785217e-02
7.789324e-02
7.792411e-02
7.795570e-02
7.798743e-02
7.802029e-02
7.805428e-02
7.808573e-02
7.811748e-02
7.815020e-02
7.818138e-02
7.821330e-02
7.824507e-02
7.827674e-02
7.830853e-02
7.834119e-02
7.837253e-02
7.840471e-02
7.843654e-02
7.846843e-02
7.850120e-02
7.853489e-02
7.856641e-02
7.859883e-02
7.863217e-02
7.866431e-02
7.869738e-02
7.873144e-02
7.876311e-02
7.879575e-02
7.882936e-02
7.886168e-02
7.889498e-02
7.892930e-02
7.896108e-02
7.899386e-02
7.902596e-02
7.905836e-02
7.909172e-02
7.912416e-02
7.915597e-02
7.918870e-02
7.922057e-02
7.925332e-02
7.928518e-02
7.931791e-02
7.934973e-02
7.938239e-02
7.941417e-02
7.944674e-02
7.947845e-02
7.951092e-02
7.954256e-02
7.957492e-02
7.960649e-02
7.963873e-02
7.967023e-02
7.970236e-02
7.973379e-02
7.976582e-02
7.979717e-02
7.982887e-02
7.986105e-02
7.989386e-02
7.992521e-02
7.995684e-02
7.998817e-02
8.001976e-02
8.005106e-02
8.008262e-02
8.011388e-02
8.014540e-02
8.017663e-02
8.020812e-02
8.023934e-02
8.027081e-02
8.030303e-02
8.033593e-02
8.036816e-02
8.040108e-02
8.043331e-02
8.046625e-02
8.049850e-02
8.053146e-02
8.056372e-02
8.059670e-02
8.062888e-02
8.066189e-02
8.069417e-02
8.072721e-02
8.075930e-02
8.079090e-02
8.082224e-02
8.085385e-02
8.088519e-02
8.091681e-02
8.094882e-02
8.098166e-02
8.101362e-02
8.104639e-02
8.107833e-02
8.111109e-02
8.114354e-02
8.117598e-02
8.120847e-02
8.124188e-02
8.127442e-02
8.130791e-02
8.134050e-02
8.137409e-02
8.140674e-02
8.144043e-02
8.147315e-02
8.150696e-02
8.153976e-02
8.157372e-02
8.160661e-02
8.164073e-02
8.167230e-02
8.170657e-02
8.174215e-02
8.177836e-02
8.181374e-02
8.185266e-02
8.188761e-02
8.192288e-02
8.196167e-02
8.200184e-02
8.203651e-02
8.207463e-02
8.211369e-02
8.215389e-02
8.219161e-02
8.223078e-02
8.226821e-02
8.230607e-02
8.234322e-02
8.238022e-02
8.241712e-02
8.245415e-02
8.249113e-02
8.252831e-02
8.256551e-02
8.260299e-02
8.264050e-02
8.268100e-02
8.271940e-02
8.275998e-02
8.280060e-02
8.284128e-02
8.287276e-02
8.290427e-02
8.293893e-02
8.297705e-02
8.300868e-02
8.304071e-02
8.307346e-02
8.310655e-02
8.313835e-02
8.317279e-02
8.320470e-02
8.323702e-02
8.326956e-02
8.330192e-02
8.333441e-02
8.336715e-02
8.339988e-02
8.343272e-02
8.346594e-02
8.349978e-02
8.353386e-02
8.357135e-02
8.360593e-02
8.364398e-02
8.367502e-02
8.370720e-02
8.374044e-02
8.377242e-02
8.380541e-02
8.383754e-02
8.387069e-02
8.390295e-02
8.393626e-02
8.396865e-02
8.400212e-02
8.403465e-02
8.406832e-02
8.410101e-02
8.413491e-02
8.416778e-02
8.420195e-02
8.423504e-02
8.426952e-02
8.430287e-02
8.433770e-02
8.437136e-02
8.440662e-02
8.444063e-02
8.447638e-02
8.451016e-02
8.454580e-02
8.458000e-02
8.461550e-02
8.465002e-02
8.468418e-02
8.471917e-02
8.475336e-02
8.478833e-02
8.482248e-02
8.485740e-02
8.489150e-02
8.492634e-02
8.496033e-02
8.499515e-02
8.502917e-02
8.506396e-02
8.509788e-02
8.513264e-02
8.516855e-02
8.520612e-02
8.524515e-02
8.528549e-02
8.532686e-02
8.536810e-02
8.541021e-02
8.545146e-02
8.549349e-02
8.553477e-02
8.556602e-02
8.559950e-02
8.563482e-02
8.566834e-02
8.570367e-02
8.573713e-02
8.577239e-02
8.580627e-02
8.584194e-02
8.587611e-02
8.591212e-02
8.594654e-02
8.598226e-02
8.601690e-02
8.605280e-02
8.608754e-02
8.612354e-02
8.615836e-02
8.619445e-02
8.622933e-02
8.626549e-02
8.629567e-02
8.632887e-02
8.635905e-02
8.639225e-02
8.642242e-02
8.645562e-02
8.648579e-02
8.651897e-02
8.654913e-02
8.658231e-02
8.661247e-02
8.664563e-02
8.667578e-02
8.670894e-02
8.673907e-02
8.677222e-02
8.680235e-02
8.683549e-02
8.686561e-02
8.689874e-02
8.692885e-02
8.696197e-02
8.699207e-02
8.702518e-02
8.705527e-02
8.708827e-02
8.711835e-02
8.715105e-02
8.718112e-02
8.721356e-02
8.724362e-02
8.727584e-02
8.730589e-02
8.733792e-02
8.736796e-02
8.739982e-02
8.742986e-02
8.746157e-02
8.749160e-02
8.752318e-02
8.755320e-02
8.758467e-02
8.761468e-02
8.764605e-02
8.767605e-02
8.770734e-02
8.773732e-02
8.776853e-02
8.779851e-02
8.782965e-02
8.785962e-02
8.789069e-02
8.792065e-02
8.795168e-02
8.798163e-02
8.801260e-02
8.804254e-02
8.807347e-02
8.810341e-02
8.813430e-02
8.816424e-02
8.819509e-02
8.822503e-02
8.825553e-02
8.828546e-02
8.831582e-02
8.834575e-02
8.837604e-02
8.840596e-02
8.843704e-02
8.846694e-02
8.849843e-02
8.852834e-02
8.855988e-02
8.858978e-02
8.862266e-02
8.865884e-02
8.869331e-02
8.872911e-02
8.876565e-02
8.880404e-02
8.883837e-02
8.887397e-02
8.891098e-02
8.894654e-02
8.898348e-02
8.902219e-02
8.905643e-02
8.909196e-02
8.912888e-02
8.916439e-02
8.920125e-02
8.923987e-02
8.927409e-02
8.930956e-02
8.934638e-02
8.938181e-02
8.941853e-02
8.945698e-02
8.949116e-02
8.952650e-02
8.956377e-02
8.959906e-02
8.963567e-02
8.967401e-02
8.970817e-02
8.974345e-02
8.978060e-02
8.981580e-02
8.985226e-02
8.989041e-02
8.992450e-02
8.996027e-02
8.999782e-02
9.003283e-02
9.006973e-02
9.010832e-02
9.014228e-02
9.017795e-02
9.021541e-02
9.024527e-02
9.027812e-02
9.030799e-02
9.034083e-02
9.037069e-02
9.040353e-02
9.043339e-02
9.046622e-02
9.049607e-02
9.052891e-02
9.055875e-02
9.059159e-02
9.062143e-02
9.065426e-02
9.069037e-02
9.072457e-02
9.076045e-02
9.079815e-02
9.083335e-02
9.086991e-02
9.090822e-02
9.094256e-02
9.097803e-02
9.101541e-02
9.104525e-02
9.107808e-02
9.110791e-02
9.114074e-02
9.117057e-02
9.120339e-02
9.123323e-02
9.126605e-02
9.129588e-02
9.132870e-02
9.135854e-02
9.139136e-02
9.142119e-02
9.145401e-02
9.148385e-02
9.151667e-02
9.155278e-02
9.158888e-02
9.162637e-02
9.166489e-02
9.170441e-02
9.174552e-02
9.178332e-02
9.182242e-02
9.186188e-02
9.190294e-02
9.194234e-02
9.197568e-02
9.200552e-02
9.203833e-02
9.206817e-02
9.210099e-02
9.213083e-02
9.216365e-02
9.219349e-02
9.222631e-02
9.225615e-02
9.228897e-02
9.231881e-02
9.235163e-02
9.238147e-02
9.241430e-02
9.244414e-02
9.247697e-02
9.250682e-02
9.253965e-02
9.256950e-02
9.260233e-02
9.263218e-02
9.266469e-02
9.269455e-02
9.272679e-02
9.275664e-02
9.278866e-02
9.281852e-02
9.285034e-02
9.288021e-02
9.291187e-02
9.294174e-02
9.297328e-02
9.300315e-02
9.303457e-02
9.306445e-02
9.309576e-02
9.312562e-02
9.315605e-02
9.318591e-02
9.321876e-02
9.325489e-02
9.329464e-02
9.333382e-02
9.337462e-02
9.341371e-02
9.345443e-02
9.349347e-02
9.353414e-02
9.357314e-02
9.361375e-02
9.364363e-02
9.367473e-02
9.370720e-02
9.374125e-02
9.377113e-02
9.380210e-02
9.383199e-02
9.386291e-02
9.389280e-02
9.392325e-02
9.395315e-02
9.398381e-02
9.401371e-02
9.404453e-02
9.407444e-02
9.410523e-02
9.413505e-02
9.416544e-02
9.419525e-02
9.422619e-02
9.425601e-02
9.428729e-02
9.431711e-02
9.434847e-02
9.437830e-02
9.440961e-02
9.443944e-02
9.447065e-02
9.450339e-02
9.453790e-02
9.456773e-02
9.459871e-02
9.463097e-02
9.466471e-02
9.469454e-02
9.472536e-02
9.475730e-02
9.479050e-02
9.482033e-02
9.485106e-02
9.488278e-02
9.491528e-02
9.494513e-02
9.497579e-02
9.500721e-02
9.503952e-02
9.506936e-02
9.509999e-02
9.513149e-02
9.516159e-02
9.519145e-02
9.522206e-02
9.525351e-02
9.528386e-02
9.531373e-02
9.534434e-02
9.537515e-02
9.540546e-02
9.543654e-02
9.546850e-02
9.549841e-02
9.552904e-02
9.555897e-02
9.558962e-02
9.561957e-02
9.565024e-02
9.568022e-02
9.571092e-02
9.574093e-02
9.577166e-02
9.580113e-02
9.583116e-02
9.586064e-02
9.589067e-02
9.592016e-02
9.594992e-02
9.597941e-02
9.600918e-02
9.603868e-02
9.606846e-02
9.609797e-02
9.612776e-02
9.615728e-02
9.618708e-02
9.621662e-02
9.624643e-02
9.627598e-02
9.630581e-02
9.633538e-02
9.636522e-02
9.639481e-02
9.642467e-02
9.645428e-02
9.648416e-02
9.651379e-02
9.654370e-02
9.657336e-02
9.660329e-02
9.663298e-02
9.666294e-02
9.669266e-02
9.672508e-02
9.675478e-02
9.678512e-02
9.681620e-02
9.684819e-02
9.687797e-02
9.690859e-02
9.693828e-02
9.696903e-02
9.699874e-02
9.702958e-02
9.705931e-02
9.709024e-02
9.711992e-02
9.715080e-02
9.718049e-02
9.721092e-02
9.724062e-02
9.727113e-02
9.730157e-02
9.733293e-02
9.736350e-02
9.739504e-02
9.742578e-02
9.745756e-02
9.748850e-02
9.751867e-02
9.754966e-02
9.758146e-02
9.761124e-02
9.764140e-02
9.767119e-02
9.770234e-02
9.773205e-02
9.776251e-02
9.779227e-02
9.782293e-02
9.785265e-02
9.788344e-02
9.791311e-02
9.794390e-02
9.797351e-02
9.800430e-02
9.803386e-02
9.806466e-02
9.809415e-02
9.812497e-02
9.815440e-02
9.818523e-02
9.821532e-02
9.824619e-02
9.827629e-02
9.830721e-02
9.833641e-02
9.836736e-02
9.839750e-02
9.842854e-02
9.845762e-02
9.848829e-02
9.851731e-02
9.854686e-02
9.857583e-02
9.860542e-02
9.863435e-02
9.866416e-02
9.869305e-02
9.872301e-02
9.875187e-02
9.878172e-02
9.881057e-02
9.884033e-02
9.886900e-02
9.889966e-02
9.892831e-02
9.895838e-02
9.898704e-02
9.901854e-02
9.904833e-02
9.907875e-02
9.910740e-02
9.913778e-02
9.916644e-02
9.919796e-02
9.922663e-02
9.925816e-02
9.928681e-02
9.931834e-02
9.934700e-02
9.937853e-02
9.940721e-02
9.943875e-02
9.946745e-02
9.949901e-02
9.952772e-02
9.955930e-02
9.958802e-02
9.961961e-02
9.964835e-02
9.967996e-02
9.970872e-02
9.974035e-02
9.976914e-02
9.980080e-02
9.982962e-02
9.986133e-02
9.989018e-02
9.992192e-02
9.995082e-02
9.998251e-02
1.000114e-01
1.000433e-01
1.000783e-01
1.001168e-01
1.001591e-01
1.002036e-01
1.002466e-01
1.002912e-01
1.003345e-01
1.003793e-01
1.004227e-01
1.004678e-01
1.005115e-01
1.005567e-01
1.006006e-01
1.006459e-01
1.006901e-01
1.007353e-01
1.007798e-01
1.008252e-01
1.008699e-01
1.009153e-01
1.009604e-01
1.010058e-01
1.010512e-01
1.010967e-01
1.011422e-01
1.011876e-01
1.012332e-01
1.012787e-01
1.013243e-01
1.013699e-01
1.014155e-01
1.014611e-01
1.015068e-01
1.015525e-01
1.015982e-01
1.016440e-01
1.016898e-01
1.017356e-01
1.017815e-01
1.018274e-01
1.018733e-01
1.019193e-01
1.019653e-01
1.020114e-01
1.020575e-01
1.021036e-01
1.021496e-01
1.021954e-01
1.022412e-01
1.022868e-01
1.023324e-01
1.023778e-01
1.024231e-01
1.024683e-01
1.025134e-01
1.025584e-01
1.026034e-01
1.026482e-01
1.026930e-01
1.027377e-01
1.027823e-01
1.028269e-01
1.028715e-01
1.029159e-01
1.029603e-01
1.030047e-01
1.030489e-01
1.030932e-01
1.031374e-01
1.031815e-01
1.032256e-01
1.032696e-01
1.033136e-01
1.033576e-01
1.034015e-01
1.034454e-01
1.034892e-01
1.035330e-01
1.035768e-01
1.036205e-01
1.036642e-01
1.037079e-01
1.037516e-01
1.037953e-01
1.038389e-01
1.038826e-01
1.039262e-01
1.039698e-01
1.040134e-01
1.040571e-01
1.041007e-01
1.041409e-01
1.041833e-01
1.042268e-01
1.042690e-01
1.043125e-01
1.043551e-01
1.043985e-01
1.044413e-01
1.044848e-01
1.045278e-01
1.045713e-01
1.046147e-01
1.046581e-01
1.047012e-01
1.047447e-01
1.047882e-01
1.048316e-01
1.048751e-01
1.049185e-01
1.049620e-01
1.050054e-01
1.050488e-01
1.050860e-01
1.051151e-01
1.051449e-01
1.051742e-01
1.052037e-01
1.052339e-01
1.052634e-01
1.052927e-01
1.053227e-01
1.053520e-01
1.053820e-01
1.054114e-01
1.054414e-01
1.054708e-01
1.055008e-01
1.055301e-01
1.055600e-01
1.055893e-01
1.056193e-01
1.056487e-01
1.056788e-01
1.057084e-01
1.057387e-01
1.057684e-01
1.057989e-01
1.058287e-01
1.058593e-01
1.058892e-01
1.059200e-01
1.059502e-01
1.059815e-01
1.060122e-01
1.060444e-01
1.060759e-01
1.061091e-01
1.061395e-01
1.061721e-01
1.062064e-01
1.062421e-01
1.062801e-01
1.063199e-01
1.063610e-01
1.064016e-01
1.064424e-01
1.064835e-01
1.065245e-01
1.065662e-01
1.066074e-01
1.066500e-01
1.066914e-01
1.067343e-01
1.067760e-01
1.068193e-01
1.068614e-01
1.069051e-01
1.069477e-01
1.069915e-01
1.070346e-01
1.070784e-01
1.071222e-01
1.071660e-01
1.072099e-01
1.072538e-01
1.072977e-01
1.073416e-01
1.073855e-01
1.074245e-01
1.074639e-01
1.075029e-01
1.075423e-01
1.075813e-01
1.076207e-01
1.076597e-01
1.076990e-01
1.077379e-01
1.077772e-01
1.078162e-01
1.078555e-01
1.078945e-01
1.079338e-01
1.079729e-01
1.080122e-01
1.080513e-01
1.080907e-01
1.081297e-01
1.081692e-01
1.082083e-01
1.082477e-01
1.082868e-01
1.083298e-01
1.083735e-01
1.084172e-01
1.084571e-01
1.084982e-01
1.085405e-01
1.085813e-01
1.086233e-01
1.086645e-01
1.087052e-01
1.087470e-01
1.087878e-01
1.088297e-01
1.088705e-01
1.089124e-01
1.089533e-01
1.089954e-01
1.090364e-01
1.090786e-01
1.091197e-01
1.091621e-01
1.092034e-01
1.092460e-01
1.092875e-01
1.093305e-01
1.093721e-01
1.094155e-01
1.094574e-01
1.095009e-01
1.095432e-01
1.095868e-01
1.096262e-01
1.096695e-01
1.097086e-01
1.097490e-01
1.097911e-01
1.098311e-01
1.098727e-01
1.099129e-01
1.099546e-01
1.099949e-01
1.100368e-01
1.100773e-01
1.101195e-01
1.101603e-01
1.102029e-01
1.102442e-01
1.102867e-01
1.103272e-01
1.103657e-01
1.104057e-01
1.104444e-01
1.104850e-01
1.105283e-01
1.105719e-01
1.106155e-01
1.106591e-01
1.107028e-01
1.107464e-01
1.107900e-01
1.108336e-01
1.108772e-01
1.109208e-01
1.109644e-01
1.110080e-01
1.110464e-01
1.110856e-01
1.111240e-01
1.111627e-01
1.112011e-01
1.112397e-01
1.112783e-01
1.113178e-01
1.113585e-01
1.114007e-01
1.114444e-01
1.114881e-01
1.115319e-01
1.115756e-01
1.116194e-01
1.116632e-01
1.117070e-01
1.117508e-01
1.117946e-01
1.118384e-01
1.118822e-01
1.119260e-01
1.119698e-01
1.120137e-01
1.120576e-01
1.121015e-01
1.121395e-01
1.121786e-01
1.122167e-01
1.122557e-01
1.122938e-01
1.123329e-01
1.123709e-01
1.124099e-01
1.124479e-01
1.124869e-01
1.125249e-01
1.125638e-01
1.126017e-01
1.126406e-01
1.126785e-01
1.127173e-01
1.127552e-01
1.127940e-01
1.128319e-01
1.128706e-01
1.129085e-01
1.129472e-01
1.129850e-01
1.130237e-01
1.130619e-01
1.131002e-01
1.131383e-01
1.131787e-01
1.132169e-01
1.132589e-01
1.132970e-01
1.133357e-01
1.133738e-01
1.134125e-01
1.134505e-01
1.134888e-01
1.135268e-01
1.135651e-01
1.136029e-01
1.136411e-01
1.136790e-01
1.137172e-01
1.137550e-01
1.137929e-01
1.138340e-01
1.138781e-01
1.139192e-01
1.139617e-01
1.140043e-01
1.140408e-01
1.140801e-01
1.141219e-01
1.141610e-01
1.142014e-01
1.142420e-01
1.142829e-01
1.143235e-01
1.143650e-01
1.144041e-01
1.144448e-01
1.144882e-01
1.145288e-01
1.145708e-01
1.146127e-01
1.146472e-01
1.146840e-01
1.147235e-01
1.147583e-01
1.147947e-01
1.148327e-01
1.148701e-01
1.149078e-01
1.149469e-01
1.149861e-01
1.150234e-01
1.150614e-01
1.150988e-01
1.151368e-01
1.151741e-01
1.152121e-01
1.152493e-01
1.152873e-01
1.153246e-01
1.153625e-01
1.153998e-01
1.154377e-01
1.154749e-01
1.155128e-01
1.155500e-01
1.155879e-01
1.156251e-01
1.156630e-01
1.157002e-01
1.157394e-01
1.157766e-01
1.158175e-01
1.158547e-01
1.158951e-01
1.159322e-01
1.159702e-01
1.160073e-01
1.160469e-01
1.160840e-01
1.161248e-01
1.161697e-01
1.162161e-01
1.162624e-01
1.163088e-01
1.163551e-01
1.163898e-01
1.164280e-01
1.164628e-01
1.165010e-01
1.165358e-01
1.165741e-01
1.166089e-01
1.166472e-01
1.166821e-01
1.167204e-01
1.167553e-01
1.167937e-01
1.168286e-01
1.168670e-01
1.169020e-01
1.169404e-01
1.169754e-01
1.170139e-01
1.170562e-01
1.171015e-01
1.171455e-01
1.171825e-01
1.172201e-01
1.172571e-01
1.172978e-01
1.173426e-01
1.173861e-01
1.174308e-01
1.174743e-01
1.175188e-01
1.175621e-01
1.176065e-01
1.176497e-01
1.176940e-01
1.177371e-01
1.177812e-01
1.178243e-01
1.178683e-01
1.179113e-01
1.179553e-01
1.179982e-01
1.180422e-01
1.180851e-01
1.181290e-01
1.181719e-01
1.182157e-01
1.182586e-01
1.183025e-01
1.183454e-01
1.183893e-01
1.184322e-01
1.184761e-01
1.185190e-01
1.185629e-01
1.186059e-01
1.186498e-01
1.186929e-01
1.187369e-01
1.187800e-01
1.188240e-01
1.188672e-01
1.189113e-01
1.189546e-01
1.189988e-01
1.190422e-01
1.190862e-01
1.191297e-01
1.191737e-01
1.192173e-01
1.192614e-01
1.193051e-01
1.193491e-01
1.193930e-01
1.194370e-01
1.194809e-01
1.195247e-01
1.195687e-01
1.196123e-01
1.196565e-01
1.196998e-01
1.197439e-01
1.197888e-01
1.198340e-01
1.198798e-01
1.199218e-01
1.199636e-01
1.200053e-01
1.200469e-01
1.200885e-01
1.201299e-01
1.201713e-01
1.202127e-01
1.202541e-01
1.202956e-01
1.203369e-01
1.203770e-01
1.204168e-01
1.204563e-01
1.204956e-01
1.205347e-01
1.205738e-01
1.206128e-01
1.206503e-01
1.206890e-01
1.207284e-01
1.207657e-01
1.208031e-01
1.208412e-01
1.208789e-01
1.209169e-01
1.209540e-01
1.209919e-01
1.210303e-01
1.210678e-01
1.211057e-01
1.211447e-01
1.211733e-01
1.212024e-01
1.212321e-01
1.212610e-01
1.212895e-01
1.213187e-01
1.213473e-01
1.213764e-01
1.214050e-01
1.214341e-01
1.214627e-01
1.214918e-01
1.215204e-01
1.215495e-01
1.215781e-01
1.216073e-01
1.216359e-01
1.216650e-01
1.216936e-01
1.217228e-01
1.217513e-01
1.217805e-01
1.218091e-01
1.218383e-01
1.218669e-01
1.218962e-01
1.219248e-01
1.219540e-01
1.219827e-01
1.220120e-01
1.220407e-01
1.220700e-01
1.220987e-01
1.221280e-01
1.221568e-01
1.221862e-01
1.222150e-01
1.222445e-01
1.222733e-01
1.223028e-01
1.223339e-01
1.223668e-01
1.224021e-01
1.224372e-01
1.224721e-01
1.225093e-01
1.225454e-01
1.225836e-01
1.226245e-01
1.226636e-01
1.227039e-01
1.227426e-01
1.227826e-01
1.228209e-01
1.228605e-01
1.228985e-01
1.229377e-01
1.229754e-01
1.230142e-01
1.230518e-01
1.230902e-01
1.231276e-01
1.231658e-01
1.232030e-01
1.232316e-01
1.232630e-01
1.232917e-01
1.233231e-01
1.233578e-01
1.233947e-01
1.234323e-01
1.234691e-01
1.235067e-01
1.235434e-01
1.235808e-01
1.236121e-01
1.236408e-01
1.236723e-01
1.237010e-01
1.237322e-01
1.237609e-01
1.237917e-01
1.238243e-01
1.238591e-01
1.238888e-01
1.239201e-01
1.239486e-01
1.239795e-01
1.240081e-01
1.240385e-01
1.240671e-01
1.240969e-01
1.241255e-01
1.241555e-01
1.241842e-01
1.242140e-01
1.242427e-01
1.242725e-01
1.243012e-01
1.243309e-01
1.243597e-01
1.243893e-01
1.244181e-01
1.244478e-01
1.244766e-01
1.245057e-01
1.245345e-01
1.245638e-01
1.245927e-01
1.246220e-01
1.246508e-01
1.246801e-01
1.247090e-01
1.247382e-01
1.247671e-01
1.247963e-01
1.248251e-01
1.248543e-01
1.248832e-01
1.249123e-01
1.249412e-01
1.249704e-01
1.249993e-01
1.250284e-01
1.250573e-01
1.250865e-01
1.251154e-01
1.251446e-01
1.251735e-01
1.252027e-01
1.252316e-01
1.252630e-01
1.252919e-01
1.253231e-01
1.253554e-01
1.253874e-01
1.254177e-01
1.254495e-01
1.254825e-01
1.255141e-01
1.255470e-01
1.255796e-01
1.256108e-01
1.256437e-01
1.256755e-01
1.257088e-01
1.257412e-01
1.257744e-01
1.258034e-01
1.258330e-01
1.258619e-01
1.258929e-01
1.259218e-01
1.259515e-01
1.259805e-01
1.260101e-01
1.260389e-01
1.260683e-01
1.260971e-01
1.261265e-01
1.261552e-01
1.261846e-01
1.262134e-01
1.262428e-01
1.262715e-01
1.263009e-01
1.263296e-01
1.263590e-01
1.263877e-01
1.264170e-01
1.264458e-01
1.264751e-01
1.265039e-01
1.265332e-01
1.265619e-01
1.265913e-01
1.266201e-01
1.266490e-01
1.266777e-01
1.267067e-01
1.267354e-01
1.267644e-01
1.267931e-01
1.268221e-01
1.268509e-01
1.268802e-01
1.269089e-01
1.269381e-01
1.269669e-01
1.269959e-01
1.270246e-01
1.270539e-01
1.270827e-01
1.271120e-01
1.271408e-01
1.271702e-01
1.271990e-01
1.272285e-01
1.272574e-01
1.272869e-01
1.273159e-01
1.273454e-01
1.273743e-01
1.274039e-01
1.274328e-01
1.274623e-01
1.274913e-01
1.275208e-01
1.275498e-01
1.275794e-01
1.276084e-01
1.276380e-01
1.276671e-01
1.276967e-01
1.277258e-01
1.277554e-01
1.277845e-01
1.278142e-01
1.278432e-01
1.278729e-01
1.279020e-01
1.279318e-01
1.279609e-01
1.279907e-01
1.280200e-01
1.280500e-01
1.280793e-01
1.281095e-01
1.281389e-01
1.281693e-01
1.281989e-01
1.282295e-01
1.282593e-01
1.282902e-01
1.283213e-01
1.283544e-01
1.283845e-01
1.284159e-01
1.284482e-01
1.284813e-01
1.285144e-01
1.285481e-01
1.285790e-01
1.286122e-01
1.286461e-01
1.286809e-01
1.287133e-01
1.287472e-01
1.287816e-01
1.288172e-01
1.288538e-01
1.288915e-01
1.289302e-01
1.289697e-01
1.290100e-01
1.290509e-01
1.290929e-01
1.291349e-01
1.291769e-01
1.292189e-01
1.292609e-01
1.293029e-01
1.293449e-01
1.293869e-01
1.294289e-01
1.294709e-01
1.295132e-01
1.295554e-01
1.295976e-01
1.296398e-01
1.296820e-01
1.297242e-01
1.297664e-01
1.298087e-01
1.298509e-01
1.298931e-01
1.299354e-01
1.299776e-01
1.300198e-01
1.300622e-01
1.301045e-01
1.301468e-01
1.301892e-01
1.302315e-01
1.302740e-01
1.303164e-01
1.303589e-01
1.304013e-01
1.304438e-01
1.304862e-01
1.305287e-01
1.305712e-01
1.306137e-01
1.306562e-01
1.306987e-01
1.307414e-01
1.307841e-01
1.308268e-01
1.308695e-01
1.309122e-01
1.309549e-01
1.309976e-01
1.310403e-01
1.310830e-01
1.311257e-01
1.311684e-01
1.312111e-01
1.312539e-01
1.312966e-01
1.313393e-01
1.313822e-01
1.314249e-01
1.314678e-01
1.315067e-01
1.315496e-01
1.315886e-01
1.316301e-01
1.316691e-01
1.317099e-01
1.317489e-01
1.317893e-01
1.318283e-01
1.318676e-01
1.319067e-01
1.319460e-01
1.319850e-01
1.320244e-01
1.320634e-01
1.321028e-01
1.321418e-01
1.321812e-01
1.322203e-01
1.322596e-01
1.322987e-01
1.323384e-01
1.323775e-01
1.324172e-01
1.324563e-01
1.324960e-01
1.325350e-01
1.325748e-01
1.326133e-01
1.326527e-01
1.326918e-01
1.327310e-01
1.327701e-01
1.328093e-01
1.328482e-01
1.328876e-01
1.329265e-01
1.329659e-01
1.330048e-01
1.330442e-01
1.330832e-01
1.331226e-01
1.331615e-01
1.332013e-01
1.332402e-01
1.332799e-01
1.333188e-01
1.333585e-01
1.333975e-01
1.334371e-01
1.334760e-01
1.335157e-01
1.335545e-01
1.335938e-01
1.336326e-01
1.336719e-01
1.337107e-01
1.337499e-01
1.337888e-01
1.338279e-01
1.338668e-01
1.339059e-01
1.339447e-01
1.339839e-01
1.340227e-01
1.340618e-01
1.341006e-01
1.341398e-01
1.341786e-01
1.342177e-01
1.342566e-01
1.342957e-01
1.343345e-01
1.343773e-01
1.344206e-01
1.344639e-01
1.345072e-01
1.345505e-01
1.345938e-01
1.346372e-01
1.346805e-01
1.347239e-01
1.347673e-01
1.348107e-01
1.348541e-01
1.348975e-01
1.349409e-01
1.349844e-01
1.350278e-01
1.350713e-01
1.351148e-01
1.351583e-01
1.352018e-01
1.352453e-01
1.352888e-01
1.353323e-01
1.353759e-01
1.354194e-01
1.354630e-01
1.355066e-01
1.355502e-01
1.355938e-01
1.356374e-01
1.356810e-01
1.357207e-01
1.357643e-01
1.358041e-01
1.358445e-01
1.358843e-01
1.359280e-01
1.359716e-01
1.360153e-01
1.360590e-01
1.361026e-01
1.361463e-01
1.361900e-01
1.362336e-01
1.362773e-01
1.363210e-01
1.363647e-01
1.364043e-01
1.364447e-01
1.364844e-01
1.365247e-01
1.365645e-01
1.366049e-01
1.366446e-01
1.366850e-01
1.367248e-01
1.367652e-01
1.368050e-01
1.368454e-01
1.368852e-01
1.369257e-01
1.369655e-01
1.370060e-01
1.370458e-01
1.370863e-01
1.371261e-01
1.371666e-01
1.372065e-01
1.372470e-01
1.372869e-01
1.373274e-01
1.373688e-01
1.374110e-01
1.374542e-01
1.374978e-01
1.375414e-01
1.375849e-01
1.376285e-01
1.376721e-01
1.377157e-01
1.377592e-01
1.378028e-01
1.378464e-01
1.378899e-01
1.379334e-01
1.379770e-01
1.380205e-01
1.380640e-01
1.381075e-01
1.381511e-01
1.381946e-01
1.382381e-01
1.382816e-01
1.383217e-01
1.383626e-01
1.384028e-01
1.384436e-01
1.384838e-01
1.385243e-01
1.385645e-01
1.386051e-01
1.386453e-01
1.386858e-01
1.387260e-01
1.387666e-01
1.388068e-01
1.388473e-01
1.388875e-01
1.389281e-01
1.389683e-01
1.390089e-01
1.390491e-01
1.390896e-01
1.391299e-01
1.391704e-01
1.392106e-01
1.392512e-01
1.392914e-01
1.393320e-01
1.393723e-01
1.394129e-01
1.394531e-01
1.394937e-01
1.395339e-01
1.395745e-01
1.396148e-01
1.396554e-01
1.396957e-01
1.397363e-01
1.397766e-01
1.398172e-01
1.398575e-01
1.398981e-01
1.399384e-01
1.399791e-01
1.400194e-01
1.400600e-01
1.401003e-01
1.401410e-01
1.401813e-01
1.402220e-01
1.402623e-01
1.403030e-01
1.403433e-01
1.403840e-01
1.404244e-01
1.404651e-01
1.405055e-01
1.405462e-01
1.405866e-01
1.406273e-01
1.406677e-01
1.407085e-01
1.407500e-01
1.407911e-01
1.408318e-01
1.408734e-01
1.409142e-01
1.409550e-01
1.409955e-01
1.410363e-01
1.410768e-01
1.411176e-01
1.411581e-01
1.411990e-01
1.412395e-01
1.412803e-01
1.413208e-01
1.413617e-01
1.414022e-01
1.414431e-01
1.414837e-01
1.415249e-01
1.415655e-01
1.416068e-01
1.416474e-01
1.416888e-01
1.417294e-01
1.417708e-01
1.418115e-01
1.418530e-01
1.418937e-01
1.419353e-01
1.419764e-01
1.420177e-01
1.420589e-01
1.420994e-01
1.421402e-01
1.421819e-01
1.422228e-01
1.422639e-01
1.423049e-01
1.423468e-01
1.423879e-01
1.424302e-01
1.424716e-01
1.425142e-01
1.425560e-01
1.425990e-01
1.426412e-01
1.426847e-01
1.427257e-01
1.427685e-01
1.428116e-01
1.428545e-01
1.428974e-01
1.429407e-01
1.429816e-01
1.430246e-01
1.430672e-01
1.431108e-01
1.431529e-01
1.431964e-01
1.432390e-01
1.432824e-01
1.433250e-01
1.433672e-01
1.434084e-01
1.434515e-01
1.434922e-01
1.435352e-01
1.435777e-01
1.436212e-01
1.436637e-01
1.437071e-01
1.437495e-01
1.437928e-01
1.438352e-01
1.438784e-01
1.439207e-01
1.439639e-01
1.440061e-01
1.440492e-01
1.440913e-01
1.441343e-01
1.441763e-01
1.442192e-01
1.442611e-01
1.443039e-01
1.443458e-01
1.443885e-01
1.444303e-01
1.444729e-01
1.445147e-01
1.445572e-01
1.445989e-01
1.446414e-01
1.446847e-01
1.447287e-01
1.447727e-01
1.448167e-01
1.448608e-01
1.449048e-01
1.449489e-01
1.449929e-01
1.450370e-01
1.450810e-01
1.451251e-01
1.451692e-01
1.452133e-01
1.452574e-01
1.453015e-01
1.453456e-01
1.453897e-01
1.454338e-01
1.454779e-01
1.455220e-01
1.455662e-01
1.456103e-01
1.456545e-01
1.456986e-01
1.457428e-01
1.457869e-01
1.458311e-01
1.458752e-01
1.459194e-01
1.459636e-01
1.460077e-01
1.460519e-01
1.460961e-01
1.461402e-01
1.461845e-01
1.462288e-01
1.462731e-01
1.463174e-01
1.463618e-01
1.464061e-01
1.464504e-01
1.464947e-01
1.465390e-01
1.465833e-01
1.466251e-01
1.466682e-01
1.467125e-01
1.467553e-01
1.467992e-01
1.468420e-01
1.468843e-01
1.469277e-01
1.469700e-01
1.470134e-01
1.470557e-01
1.470990e-01
1.471413e-01
1.471846e-01
1.472269e-01
1.472702e-01
1.473125e-01
1.473558e-01
1.473980e-01
1.474413e-01
1.474836e-01
1.475268e-01
1.475691e-01
1.476124e-01
1.476547e-01
1.476979e-01
1.477402e-01
1.477835e-01
1.478258e-01
1.478691e-01
1.479113e-01
1.479546e-01
1.479969e-01
1.480403e-01
1.480826e-01
1.481259e-01
1.481682e-01
1.482116e-01
1.482540e-01
1.482974e-01
1.483397e-01
1.483831e-01
1.484255e-01
1.484690e-01
1.485114e-01
1.485548e-01
1.485973e-01
1.486408e-01
1.486832e-01
1.487268e-01
1.487692e-01
1.488128e-01
1.488553e-01
1.488990e-01
1.489415e-01
1.489852e-01
1.490278e-01
1.490715e-01
1.491141e-01
1.491579e-01
1.492006e-01
1.492444e-01
1.492871e-01
1.493310e-01
1.493738e-01
1.494178e-01
1.494606e-01
1.495046e-01
1.495475e-01
1.495917e-01
1.496345e-01
1.496788e-01
1.497218e-01
1.497662e-01
1.498092e-01
1.498537e-01
1.498982e-01
1.499427e-01
1.499872e-01
1.500317e-01
1.500762e-01
1.501208e-01
1.501653e-01
1.502099e-01
1.502544e-01
1.502990e-01
1.503436e-01
1.503882e-01
1.504327e-01
1.504773e-01
1.505219e-01
1.505665e-01
1.506111e-01
1.506558e-01
1.507004e-01
1.507450e-01
1.507896e-01
1.508343e-01
1.508789e-01
1.509236e-01
1.509682e-01
1.510129e-01
1.510576e-01
1.511022e-01
1.511469e-01
1.511916e-01
1.512331e-01
1.512756e-01
1.513190e-01
1.513612e-01
1.514042e-01
1.514464e-01
1.514895e-01
1.515317e-01
1.515735e-01
1.516161e-01
1.516579e-01
1.517005e-01
1.517423e-01
1.517849e-01
1.518267e-01
1.518693e-01
1.519111e-01
1.519537e-01
1.519954e-01
1.520380e-01
1.520797e-01
1.521223e-01
1.521640e-01
1.522066e-01
1.522483e-01
1.522908e-01
1.523325e-01
1.523750e-01
1.524167e-01
1.524592e-01
1.525009e-01
1.525434e-01
1.525851e-01
1.526275e-01
1.526692e-01
1.527116e-01
1.527533e-01
1.527957e-01
1.528373e-01
1.528797e-01
1.529213e-01
1.529637e-01
1.530053e-01
1.530476e-01
1.530892e-01
1.531315e-01
1.531731e-01
1.532154e-01
1.532569e-01
1.532992e-01
1.533407e-01
1.533830e-01
1.534245e-01
1.534668e-01
1.535082e-01
1.535505e-01
1.535919e-01
1.536341e-01
1.536756e-01
1.537178e-01
1.537592e-01
1.538013e-01
1.538428e-01
1.538849e-01
1.539263e-01
1.539684e-01
1.540098e-01
1.540519e-01
1.540932e-01
1.541353e-01
1.541766e-01
1.542187e-01
1.542600e-01
1.543020e-01
1.543433e-01
1.543853e-01
1.544266e-01
1.544686e-01
1.545099e-01
1.545519e-01
1.545931e-01
1.546351e-01
1.546763e-01
1.547182e-01
1.547595e-01
1.548014e-01
1.548426e-01
1.548845e-01
1.549272e-01
1.549707e-01
1.550153e-01
1.550606e-01
1.551059e-01
1.551513e-01
1.551966e-01
1.552420e-01
1.552874e-01
1.553327e-01
1.553781e-01
1.554235e-01
1.554689e-01
1.555143e-01
1.555597e-01
1.556051e-01
1.556505e-01
1.556959e-01
1.557413e-01
1.557867e-01
1.558321e-01
1.558775e-01
1.559229e-01
1.559684e-01
1.560138e-01
1.560592e-01
1.561047e-01
1.561501e-01
1.561956e-01
1.562410e-01
1.562865e-01
1.563319e-01
1.563774e-01
1.564228e-01
1.564683e-01
1.565138e-01
1.565592e-01
1.566047e-01
1.566502e-01
1.566956e-01
1.567412e-01
1.567867e-01
1.568322e-01
1.568778e-01
1.569233e-01
1.569688e-01
1.570144e-01
1.570599e-01
1.571054e-01
1.571510e-01
1.571965e-01
1.572421e-01
1.572876e-01
1.573331e-01
1.573787e-01
1.574242e-01
1.574698e-01
1.575153e-01
1.575609e-01
1.576064e-01
1.576475e-01
1.576893e-01
1.577321e-01
1.577736e-01
1.578159e-01
1.578574e-01
1.578985e-01
1.579404e-01
1.579815e-01
1.580234e-01
1.580645e-01
1.581063e-01
1.581474e-01
1.581893e-01
1.582304e-01
1.582722e-01
1.583132e-01
1.583550e-01
1.583961e-01
1.584378e-01
1.584789e-01
1.585207e-01
1.585617e-01
1.586034e-01
1.586445e-01
1.586862e-01
1.587287e-01
1.587720e-01
1.588163e-01
1.588617e-01
1.589028e-01
1.589447e-01
1.589875e-01
1.590291e-01
1.590716e-01
1.591150e-01
1.591562e-01
1.591981e-01
1.592393e-01
1.592812e-01
1.593224e-01
1.593643e-01
1.594055e-01
1.594474e-01
1.594885e-01
1.595304e-01
1.595716e-01
1.596135e-01
1.596562e-01
1.596998e-01
1.597409e-01
1.597827e-01
1.598254e-01
1.598689e-01
1.599130e-01
1.599576e-01
1.600031e-01
1.600490e-01
1.600948e-01
1.601407e-01
1.601866e-01
1.602325e-01
1.602784e-01
1.603243e-01
1.603685e-01
1.604132e-01
1.604588e-01
1.605048e-01
1.605491e-01
1.605939e-01
1.606382e-01
1.606836e-01
1.607296e-01
1.607755e-01
1.608215e-01
1.608675e-01
1.609135e-01
1.609452e-01
1.609774e-01
1.610103e-01
1.610440e-01
1.610756e-01
1.611079e-01
1.611395e-01
1.611717e-01
1.612034e-01
1.612356e-01
1.612672e-01
1.612995e-01
1.613311e-01
1.613634e-01
1.613950e-01
1.614273e-01
1.614590e-01
1.614913e-01
1.615229e-01
1.615553e-01
1.615869e-01
1.616193e-01
1.616510e-01
1.616833e-01
1.617150e-01
1.617474e-01
1.617792e-01
1.618116e-01
1.618433e-01
1.618758e-01
1.619076e-01
1.619401e-01
1.619719e-01
1.620045e-01
1.620364e-01
1.620690e-01
1.621009e-01
1.621336e-01
1.621656e-01
1.621984e-01
1.622324e-01
1.622679e-01
1.623053e-01
1.623449e-01
1.623867e-01
1.624279e-01
1.624697e-01
1.625108e-01
1.625526e-01
1.625936e-01
1.626354e-01
1.626765e-01
1.627182e-01
1.627593e-01
1.628010e-01
1.628420e-01
1.628837e-01
1.629247e-01
1.629664e-01
1.630074e-01
1.630490e-01
1.630900e-01
1.631316e-01
1.631726e-01
1.632142e-01
1.632551e-01
1.632967e-01
1.633376e-01
1.633792e-01
1.634201e-01
1.634616e-01
1.635025e-01
1.635440e-01
1.635849e-01
1.636264e-01
1.636673e-01
1.637088e-01
1.637511e-01
1.637941e-01
1.638350e-01
1.638766e-01
1.639192e-01
1.639605e-01
1.640026e-01
1.640456e-01
1.640865e-01
1.641282e-01
1.641691e-01
1.642108e-01
1.642517e-01
1.642933e-01
1.643342e-01
1.643759e-01
1.644168e-01
1.644584e-01
1.644992e-01
1.645408e-01
1.645817e-01
1.646232e-01
1.646641e-01
1.647056e-01
1.647479e-01
1.647911e-01
1.648350e-01
1.648801e-01
1.649210e-01
1.649627e-01
1.650054e-01
1.650468e-01
1.650891e-01
1.651323e-01
1.651733e-01
1.652150e-01
1.652560e-01
1.652978e-01
1.653387e-01
1.653804e-01
1.654214e-01
1.654631e-01
1.655040e-01
1.655457e-01
1.655867e-01
1.656283e-01
1.656692e-01
1.657109e-01
1.657533e-01
1.657965e-01
1.658407e-01
1.658860e-01
1.659310e-01
1.659776e-01
1.660243e-01
1.660705e-01
1.661172e-01
1.661640e-01
1.662081e-01
1.662544e-01
1.662984e-01
1.663439e-01
1.663907e-01
1.664375e-01
1.664816e-01
1.665272e-01
1.665741e-01
1.666209e-01
1.666653e-01
1.667111e-01
1.667580e-01
1.668049e-01
1.668518e-01
1.668987e-01
1.669432e-01
1.669889e-01
1.670359e-01
1.670828e-01
1.671274e-01
1.671733e-01
1.672203e-01
1.672658e-01
1.673127e-01
1.673597e-01
1.674046e-01
1.674510e-01
1.674980e-01
1.675440e-01
1.675911e-01
1.676381e-01
1.676822e-01
1.677277e-01
1.677717e-01
1.678168e-01
1.678634e-01
1.679105e-01
1.679546e-01
1.680001e-01
1.680473e-01
1.680944e-01
1.681388e-01
1.681846e-01
1.682318e-01
1.682789e-01
1.683235e-01
1.683693e-01
1.684166e-01
1.684638e-01
1.685084e-01
1.685544e-01
1.686016e-01
1.686472e-01
1.686944e-01
1.687416e-01
1.687866e-01
1.688331e-01
1.688740e-01
1.689157e-01
1.689584e-01
1.689998e-01
1.690420e-01
1.690834e-01
1.691256e-01
1.691670e-01
1.692080e-01
1.692497e-01
1.692908e-01
1.693325e-01
1.693735e-01
1.694153e-01
1.694563e-01
1.694980e-01
1.695390e-01
1.695807e-01
1.696217e-01
1.696634e-01
1.697043e-01
1.697460e-01
1.697870e-01
1.698287e-01
1.698696e-01
1.699113e-01
1.699523e-01
1.699942e-01
1.700370e-01
1.700786e-01
1.701210e-01
1.701627e-01
1.702052e-01
1.702468e-01
1.702893e-01
1.703310e-01
1.703735e-01
1.704151e-01
1.704575e-01
1.704991e-01
1.705416e-01
1.705832e-01
1.706256e-01
1.706672e-01
1.707096e-01
1.707512e-01
1.707936e-01
1.708352e-01
1.708776e-01
1.709208e-01
1.709620e-01
1.710040e-01
1.710451e-01
1.710871e-01
1.711282e-01
1.711701e-01
1.712113e-01
1.712532e-01
1.712943e-01
1.713362e-01
1.713773e-01
1.714192e-01
1.714603e-01
1.715021e-01
1.715447e-01
1.715881e-01
1.716293e-01
1.716714e-01
1.717145e-01
1.717563e-01
1.717990e-01
1.718428e-01
1.718841e-01
1.719264e-01
1.719677e-01
1.720099e-01
1.720513e-01
1.720846e-01
1.721212e-01
1.721545e-01
1.721911e-01
1.722244e-01
1.722610e-01
1.722943e-01
1.723279e-01
1.723612e-01
1.723948e-01
1.724281e-01
1.724617e-01
1.724951e-01
1.725287e-01
1.725620e-01
1.725956e-01
1.726289e-01
1.726626e-01
1.726959e-01
1.727295e-01
1.727628e-01
1.727965e-01
1.728298e-01
1.728634e-01
1.728968e-01
1.729304e-01
1.729638e-01
1.729974e-01
1.730307e-01
1.730644e-01
1.730977e-01
1.731314e-01
1.731647e-01
1.731984e-01
1.732318e-01
1.732654e-01
1.732988e-01
1.733324e-01
1.733658e-01
1.733995e-01
1.734365e-01
1.734773e-01
1.735106e-01
1.735473e-01
1.735807e-01
1.736174e-01
1.736508e-01
1.736875e-01
1.737209e-01
1.737576e-01
1.737910e-01
1.738277e-01
1.738611e-01
1.738978e-01
1.739312e-01
1.739679e-01
1.740083e-01
1.740528e-01
1.741011e-01
1.741495e-01
1.741978e-01
1.742460e-01
1.742943e-01
1.743423e-01
1.743906e-01
1.744383e-01
1.744718e-01
1.745085e-01
1.745419e-01
1.745786e-01
1.746191e-01
1.746635e-01
1.747119e-01
1.747592e-01
1.748073e-01
1.748544e-01
1.749022e-01
1.749491e-01
1.749967e-01
1.750433e-01
1.750906e-01
1.751370e-01
1.751842e-01
1.752306e-01
1.752640e-01
1.752996e-01
1.753330e-01
1.753698e-01
1.754102e-01
1.754546e-01
1.755020e-01
1.755486e-01
1.755959e-01
1.756425e-01
1.756898e-01
1.757364e-01
1.757837e-01
1.758303e-01
1.758776e-01
1.759241e-01
1.759715e-01
1.760180e-01
1.760654e-01
1.761120e-01
1.761594e-01
1.762060e-01
1.762534e-01
1.763000e-01
1.763474e-01
1.763941e-01
1.764416e-01
1.764883e-01
1.765217e-01
1.765557e-01
1.765890e-01
1.766230e-01
1.766564e-01
1.766904e-01
1.767238e-01
1.767578e-01
1.767912e-01
1.768252e-01
1.768586e-01
1.768927e-01
1.769261e-01
1.769601e-01
1.769935e-01
1.770275e-01
1.770609e-01
1.770950e-01
1.771284e-01
1.771624e-01
1.771959e-01
1.772299e-01
1.772633e-01
1.772974e-01
1.773308e-01
1.773649e-01
1.773984e-01
1.774324e-01
1.774659e-01
1.775000e-01
1.775335e-01
1.775676e-01
1.776010e-01
1.776351e-01
1.776686e-01
1.777027e-01
1.777362e-01
1.777704e-01
1.778039e-01
1.778380e-01
1.778716e-01
1.779057e-01
1.779393e-01
1.779734e-01
1.780070e-01
1.780412e-01
1.780748e-01
1.781090e-01
1.781426e-01
1.781768e-01
1.782104e-01
1.782447e-01
1.782783e-01
1.783126e-01
1.783463e-01
1.783806e-01
1.784143e-01
1.784487e-01
1.784841e-01
1.785208e-01
1.785592e-01
1.785994e-01
1.786416e-01
1.786846e-01
1.787265e-01
1.787692e-01
1.788111e-01
1.788526e-01
1.788949e-01
1.789364e-01
1.789787e-01
1.790202e-01
1.790625e-01
1.791040e-01
1.791463e-01
1.791878e-01
1.792300e-01
1.792716e-01
1.793138e-01
1.793553e-01
1.793891e-01
1.794236e-01
1.794591e-01
1.794934e-01
1.795285e-01
1.795629e-01
1.795981e-01
1.796326e-01
1.796680e-01
1.797026e-01
1.797381e-01
1.797728e-01
1.798085e-01
1.798434e-01
1.798792e-01
1.799163e-01
1.799551e-01
1.799958e-01
1.800377e-01
1.800793e-01
1.801148e-01
1.801523e-01
1.801923e-01
1.802338e-01
1.802701e-01
1.803084e-01
1.803426e-01
1.803783e-01
1.804153e-01
1.804509e-01
1.804879e-01
1.805240e-01
1.805616e-01
1.805982e-01
1.806365e-01
1.806737e-01
1.807128e-01
1.807468e-01
1.807818e-01
1.808179e-01
1.808511e-01
1.808845e-01
1.809176e-01
1.809510e-01
1.809841e-01
1.810175e-01
1.810505e-01
1.810839e-01
1.811169e-01
1.811506e-01
1.811853e-01
1.812218e-01
1.812566e-01
1.812929e-01
1.813277e-01
1.813642e-01
1.813992e-01
1.814357e-01
1.814709e-01
1.815076e-01
1.815430e-01
1.815799e-01
1.816157e-01
1.816530e-01
1.816891e-01
1.817252e-01
1.817611e-01
1.817976e-01
1.818338e-01
1.818705e-01
1.819071e-01
1.819441e-01
1.819808e-01
1.820180e-01
1.820561e-01
1.820936e-01
1.821322e-01
1.821700e-01
1.822088e-01
1.822467e-01
1.822858e-01
1.823262e-01
1.823639e-01
1.824029e-01
1.824433e-01
1.824822e-01
1.825226e-01
1.825646e-01
1.826032e-01
1.826436e-01
1.826859e-01
1.827263e-01
1.827687e-01
1.828133e-01
1.828467e-01
1.828808e-01
1.829156e-01
1.829498e-01
1.829873e-01
1.830286e-01
1.830621e-01
1.830991e-01
1.831327e-01
1.831697e-01
1.832033e-01
1.832403e-01
1.832739e-01
1.833109e-01
1.833486e-01
1.833853e-01
1.834228e-01
1.834610e-01
1.835000e-01
1.835402e-01
1.835766e-01
1.836136e-01
1.836514e-01
1.836880e-01
1.837256e-01
1.837645e-01
1.838005e-01
1.838377e-01
1.838741e-01
1.839117e-01
1.839486e-01
1.839869e-01
1.840244e-01
1.840606e-01
1.840967e-01
1.841332e-01
1.841695e-01
1.842061e-01
1.842426e-01
1.842797e-01
1.843194e-01
1.843612e-01
1.844014e-01
1.844440e-01
1.844849e-01
1.845277e-01
1.845693e-01
1.846120e-01
1.846557e-01
1.846987e-01
1.847428e-01
1.847864e-01
1.848301e-01
1.848747e-01
1.849189e-01
1.849636e-01
1.850006e-01
1.850413e-01
1.850860e-01
1.851308e-01
1.851679e-01
1.852077e-01
1.852515e-01
1.852963e-01
1.853335e-01
1.853721e-01
1.854134e-01
1.854576e-01
1.854949e-01
1.855330e-01
1.855730e-01
1.856151e-01
1.856526e-01
1.856910e-01
1.857309e-01
1.857726e-01
1.858104e-01
1.858492e-01
1.858893e-01
1.859310e-01
1.859690e-01
1.860084e-01
1.860493e-01
1.860917e-01
1.861285e-01
1.861686e-01
1.862105e-01
1.862507e-01
1.862928e-01
1.863371e-01
1.863738e-01
1.864107e-01
1.864513e-01
1.864931e-01
1.865363e-01
1.865804e-01
1.866171e-01
1.866540e-01
1.866907e-01
1.867277e-01
1.867644e-01
1.868014e-01
1.868391e-01
1.868806e-01
1.869243e-01
1.869677e-01
1.870115e-01
1.870549e-01
1.870987e-01
1.871421e-01
1.871791e-01
1.872168e-01
1.872538e-01
1.872920e-01
1.873291e-01
1.873675e-01
1.874047e-01
1.874432e-01
1.874805e-01
1.875191e-01
1.875593e-01
1.876014e-01
1.876386e-01
1.876772e-01
1.877176e-01
1.877598e-01
1.877973e-01
1.878363e-01
1.878771e-01
1.879161e-01
1.879568e-01
1.879995e-01
1.880386e-01
1.880798e-01
1.881232e-01
1.881647e-01
1.882088e-01
1.882525e-01
1.882937e-01
1.883367e-01
1.883808e-01
1.884246e-01
1.884685e-01
1.885123e-01
1.885569e-01
1.886023e-01
1.886473e-01
1.886891e-01
1.887346e-01
1.887748e-01
1.888191e-01
1.888582e-01
1.889009e-01
1.889392e-01
1.889806e-01
1.890253e-01
1.890732e-01
1.891170e-01
1.891616e-01
1.892054e-01
1.892500e-01
1.892939e-01
1.893385e-01
1.893824e-01
1.894270e-01
1.894709e-01
1.895152e-01
1.895592e-01
1.896035e-01
1.896474e-01
1.896918e-01
1.897357e-01
1.897801e-01
1.898241e-01
1.898685e-01
1.899125e-01
1.899569e-01
1.900010e-01
1.900454e-01
1.900895e-01
1.901339e-01
1.901780e-01
1.902225e-01
1.902666e-01
1.903111e-01
1.903553e-01
1.903998e-01
1.904440e-01
1.904885e-01
1.905327e-01
1.905777e-01
1.906219e-01
1.906669e-01
1.907111e-01
1.907562e-01
1.908004e-01
1.908455e-01
1.908898e-01
1.909348e-01
1.909792e-01
1.910243e-01
1.910686e-01
1.911138e-01
1.911598e-01
1.912068e-01
1.912512e-01
1.912963e-01
1.913424e-01
1.913895e-01
1.914376e-01
1.914871e-01
1.915374e-01
1.915878e-01
1.916340e-01
1.916844e-01
1.917307e-01
1.917797e-01
1.918260e-01
1.918743e-01
1.919206e-01
1.919684e-01
1.920147e-01
1.920637e-01
1.921100e-01
1.921581e-01
1.922044e-01
1.922521e-01
1.922984e-01
1.923461e-01
1.923924e-01
1.924400e-01
1.924864e-01
1.925340e-01
1.925803e-01
1.926279e-01
1.926743e-01
1.927218e-01
1.927682e-01
1.928157e-01
1.928621e-01
1.929096e-01
1.929560e-01
1.930035e-01
1.930499e-01
1.930974e-01
1.931421e-01
1.931876e-01
1.932340e-01
1.932792e-01
1.933252e-01
1.933704e-01
1.934152e-01
1.934608e-01
1.935056e-01
1.935512e-01
1.935961e-01
1.936417e-01
1.936866e-01
1.937323e-01
1.937772e-01
1.938228e-01
1.938677e-01
1.939135e-01
1.939584e-01
1.940041e-01
1.940491e-01
1.940948e-01
1.941398e-01
1.941855e-01
1.942305e-01
1.942763e-01
1.943213e-01
1.943671e-01
1.944122e-01
1.944580e-01
1.945030e-01
1.945489e-01
1.945939e-01
1.946398e-01
1.946849e-01
1.947308e-01
1.947759e-01
1.948218e-01
1.948669e-01
1.949128e-01
1.949580e-01
1.950039e-01
1.950491e-01
1.950950e-01
1.951402e-01
1.951862e-01
1.952314e-01
1.952774e-01
1.953226e-01
1.953686e-01
1.954139e-01
1.954599e-01
1.955052e-01
1.955512e-01
1.955965e-01
1.956426e-01
1.956879e-01
1.957340e-01
1.957793e-01
1.958250e-01
1.958703e-01
1.959161e-01
1.959614e-01
1.960072e-01
1.960525e-01
1.960983e-01
1.961437e-01
1.961900e-01
1.962354e-01
1.962817e-01
1.963271e-01
1.963734e-01
1.964189e-01
1.964651e-01
1.965128e-01
1.965621e-01
1.966130e-01
1.966638e-01
1.967147e-01
1.967656e-01
1.968164e-01
1.968673e-01
1.969182e-01
1.969690e-01
1.970199e-01
1.970708e-01
1.971216e-01
1.971725e-01
1.972234e-01
1.972743e-01
1.973252e-01
1.973761e-01
1.974270e-01
1.974779e-01
1.975288e-01
1.975797e-01
1.976306e-01
1.976814e-01
1.977323e-01
1.977832e-01
1.978341e-01
1.978850e-01
1.979359e-01
1.979868e-01
1.980377e-01
1.980886e-01
1.981395e-01
1.981905e-01
1.982414e-01
1.982923e-01
1.983432e-01
1.983941e-01
1.984450e-01
1.984959e-01
1.985417e-01
1.985883e-01
1.986358e-01
1.986844e-01
1.987302e-01
1.987769e-01
1.988227e-01
1.988694e-01
1.989152e-01
1.989619e-01
1.990078e-01
1.990545e-01
1.991004e-01
1.991471e-01
1.991930e-01
1.992394e-01
1.992853e-01
1.993316e-01
1.993776e-01
1.994239e-01
1.994699e-01
1.995163e-01
1.995623e-01
1.996087e-01
1.996547e-01
1.997011e-01
1.997471e-01
1.997935e-01
1.998396e-01
1.998881e-01
1.999341e-01
1.999825e-01
2.000285e-01
2.000769e-01
2.001230e-01
