# 1  : Date
# 2  : Temps elapsed min (mus)
# 3  : Rang temps elapsed min
# 4  : Noeud temps elapsed min
# 5  : Temps elapsed max (mus)
# 6  : Rang temps elapsed max
# 7  : Noeud temps elapsed max
# 8  : Grind time (mus/maille/cycle)
# 9  : Grind time équivalent séquentiel (#8 X nb_de_coeurs)
#     1     2     3     4      5      6      7       8      9
#   ATTENTION  les temps cpu schémas sont données dans l'ordre alphabétique des schémas WARNING
#  10: TELAPS Hydro (mus)
1.320846e-04   6.470e+04 0 inti1216   6.480e+04 3 inti1216   4.685e-01 7.495e+00  3.333e+04
3.390784e-04   4.202e+04 0 inti1216   4.212e+04 3 inti1216   3.021e-01 4.834e+00  3.313e+04
6.387948e-04   4.254e+04 0 inti1216   4.263e+04 3 inti1216   3.028e-01 4.845e+00  3.365e+04
1.016050e-03   4.346e+04 0 inti1216   4.357e+04 3 inti1216   3.055e-01 4.889e+00  3.445e+04
1.453696e-03   1.099e+05 1 inti1216   1.100e+05 3 inti1216   7.551e-01 1.208e+01  3.602e+04
1.951088e-03   4.570e+04 0 inti1216   4.587e+04 3 inti1216   3.097e-01 4.955e+00  3.638e+04
2.510637e-03   4.695e+04 1 inti1216   4.705e+04 3 inti1216   3.119e-01 4.991e+00  3.744e+04
3.115353e-03   4.655e+04 0 inti1216   4.669e+04 3 inti1216   3.032e-01 4.852e+00  3.719e+04
3.709984e-03   7.829e+04 0 inti1216   7.844e+04 3 inti1216   5.037e-01 8.059e+00  3.815e+04
4.191568e-03   4.844e+04 0 inti1216   4.858e+04 3 inti1216   3.071e-01 4.914e+00  3.898e+04
4.702978e-03   4.922e+04 0 inti1216   4.936e+04 3 inti1216   3.067e-01 4.908e+00  3.948e+04
5.196026e-03   5.020e+04 0 inti1216   5.036e+04 3 inti1216   3.070e-01 4.912e+00  4.068e+04
5.654513e-03   7.496e+04 0 inti1216   7.500e+04 3 inti1216   4.480e-01 7.168e+00  4.086e+04
6.101819e-03   5.076e+04 0 inti1216   5.080e+04 3 inti1216   2.981e-01 4.770e+00  4.105e+04
6.544400e-03   5.107e+04 0 inti1216   5.121e+04 3 inti1216   2.948e-01 4.716e+00  4.130e+04
6.981301e-03   5.240e+04 0 inti1216   5.247e+04 3 inti1216   2.976e-01 4.762e+00  4.246e+04
7.424590e-03   8.418e+04 1 inti1216   8.422e+04 2 inti1216   4.688e-01 7.501e+00  4.340e+04
7.877614e-03   5.332e+04 1 inti1216   5.337e+04 2 inti1216   2.928e-01 4.685e+00  4.322e+04
8.345988e-03   5.348e+04 1 inti1216   5.353e+04 3 inti1216   2.893e-01 4.628e+00  4.340e+04
8.779243e-03   5.431e+04 1 inti1216   5.436e+04 2 inti1216   2.899e-01 4.638e+00  4.418e+04
9.196131e-03   8.795e+04 1 inti1216   8.802e+04 3 inti1216   4.613e-01 7.380e+00  4.616e+04
9.628294e-03   5.571e+04 1 inti1216   5.576e+04 3 inti1216   2.881e-01 4.609e+00  4.541e+04
1.007710e-02   5.602e+04 1 inti1216   5.608e+04 2 inti1216   2.859e-01 4.575e+00  4.559e+04
1.054580e-02   6.041e+04 0 inti1216   6.044e+04 3 inti1216   3.034e-01 4.854e+00  4.903e+04
1.103688e-02   9.396e+04 0 inti1216   9.398e+04 1 inti1216   4.634e-01 7.415e+00  5.044e+04
1.158002e-02   6.147e+04 0 inti1216   6.150e+04 3 inti1216   2.986e-01 4.777e+00  5.011e+04
1.220251e-02   6.258e+04 0 inti1216   6.263e+04 3 inti1216   2.987e-01 4.780e+00  5.144e+04
1.287973e-02   6.369e+04 0 inti1216   6.385e+04 2 inti1216   2.993e-01 4.789e+00  5.219e+04
1.355632e-02   1.021e+05 0 inti1216   1.021e+05 1 inti1216   4.675e-01 7.479e+00  5.509e+04
1.422427e-02   6.550e+04 0 inti1216   6.552e+04 1 inti1216   2.946e-01 4.713e+00  5.379e+04
1.487952e-02   6.905e+04 1 inti1216   6.915e+04 3 inti1216   3.056e-01 4.889e+00  5.686e+04
1.552350e-02   6.566e+04 0 inti1216   6.584e+04 3 inti1216   2.861e-01 4.578e+00  5.343e+04
1.616860e-02   1.034e+05 1 inti1216   1.035e+05 3 inti1216   4.405e-01 7.048e+00  5.599e+04
1.682294e-02   6.745e+04 1 inti1216   6.754e+04 3 inti1216   2.829e-01 4.527e+00  5.508e+04
1.749378e-02   6.819e+04 0 inti1216   6.826e+04 3 inti1216   2.811e-01 4.497e+00  5.588e+04
1.818632e-02   6.912e+04 0 inti1216   6.931e+04 3 inti1216   2.806e-01 4.489e+00  5.659e+04
1.889982e-02   1.079e+05 0 inti1216   1.080e+05 3 inti1216   4.280e-01 6.849e+00  5.918e+04
1.962960e-02   7.090e+04 0 inti1216   7.098e+04 3 inti1216   2.765e-01 4.424e+00  5.816e+04
2.037269e-02   7.299e+04 1 inti1216   7.308e+04 3 inti1216   2.796e-01 4.473e+00  6.025e+04
2.112955e-02   7.799e+04 1 inti1216   7.808e+04 3 inti1216   2.936e-01 4.697e+00  6.519e+04
2.190191e-02   1.134e+05 0 inti1216   1.136e+05 3 inti1216   4.176e-01 6.682e+00  6.152e+04
2.269141e-02   7.509e+04 0 inti1216   7.517e+04 3 inti1216   2.715e-01 4.345e+00  6.150e+04
2.349686e-02   7.587e+04 0 inti1216   7.594e+04 3 inti1216   2.697e-01 4.315e+00  6.229e+04
2.431440e-02   7.665e+04 0 inti1216   7.682e+04 3 inti1216   2.683e-01 4.292e+00  6.274e+04
2.514485e-02   1.173e+05 0 inti1216   1.174e+05 3 inti1216   4.016e-01 6.426e+00  6.478e+04
2.596001e-02   7.976e+04 2 inti1216   7.981e+04 3 inti1216   2.688e-01 4.301e+00  6.543e+04
2.676394e-02   7.963e+04 0 inti1216   7.971e+04 3 inti1216   2.644e-01 4.230e+00  6.571e+04
2.758548e-02   8.144e+04 0 inti1216   8.164e+04 3 inti1216   2.667e-01 4.267e+00  6.733e+04
2.840645e-02   1.230e+05 0 inti1216   1.232e+05 3 inti1216   3.949e-01 6.318e+00  6.857e+04
2.923506e-02   8.322e+04 0 inti1216   8.330e+04 3 inti1216   2.632e-01 4.211e+00  6.886e+04
3.003157e-02   8.298e+04 0 inti1216   8.307e+04 3 inti1216   2.587e-01 4.139e+00  6.874e+04
3.071152e-02   8.507e+04 0 inti1216   8.518e+04 3 inti1216   2.622e-01 4.195e+00  7.049e+04
3.133674e-02   1.286e+05 0 inti1216   1.287e+05 3 inti1216   3.909e-01 6.255e+00  7.174e+04
3.195636e-02   8.542e+04 0 inti1216   8.563e+04 3 inti1216   2.575e-01 4.120e+00  7.052e+04
3.256200e-02   8.623e+04 0 inti1216   8.633e+04 3 inti1216   2.569e-01 4.110e+00  7.136e+04
3.317656e-02   8.669e+04 0 inti1216   8.679e+04 3 inti1216   2.557e-01 4.091e+00  7.184e+04
3.384780e-02   1.376e+05 0 inti1216   1.378e+05 3 inti1216   4.009e-01 6.415e+00  7.471e+04
3.452853e-02   8.983e+04 0 inti1216   8.992e+04 3 inti1216   2.593e-01 4.149e+00  7.434e+04
3.519963e-02   8.920e+04 0 inti1216   8.940e+04 3 inti1216   2.554e-01 4.086e+00  7.398e+04
3.585571e-02   9.036e+04 0 inti1216   9.056e+04 3 inti1216   2.565e-01 4.104e+00  7.488e+04
3.650042e-02   1.364e+05 0 inti1216   1.365e+05 3 inti1216   3.826e-01 6.122e+00  7.585e+04
3.713743e-02   9.056e+04 0 inti1216   9.065e+04 3 inti1216   2.520e-01 4.032e+00  7.504e+04
3.777782e-02   9.222e+04 0 inti1216   9.232e+04 3 inti1216   2.546e-01 4.074e+00  7.686e+04
3.842284e-02   9.194e+04 0 inti1216   9.213e+04 3 inti1216   2.522e-01 4.035e+00  7.625e+04
3.907190e-02   1.392e+05 0 inti1216   1.393e+05 3 inti1216   3.775e-01 6.040e+00  7.829e+04
3.975080e-02   9.200e+04 0 inti1216   9.209e+04 3 inti1216   2.478e-01 3.964e+00  7.655e+04
4.042476e-02   9.408e+04 0 inti1216   9.415e+04 3 inti1216   2.512e-01 4.019e+00  7.885e+04
4.109475e-02   9.409e+04 0 inti1216   9.425e+04 3 inti1216   2.496e-01 3.993e+00  7.851e+04
4.174532e-02   1.420e+05 0 inti1216   1.420e+05 3 inti1216   3.725e-01 5.960e+00  8.100e+04
4.235139e-02   9.509e+04 0 inti1216   9.518e+04 3 inti1216   2.479e-01 3.967e+00  7.934e+04
4.294899e-02   9.518e+04 0 inti1216   9.526e+04 3 inti1216   2.465e-01 3.944e+00  7.951e+04
4.359611e-02   9.667e+04 0 inti1216   9.676e+04 3 inti1216   2.486e-01 3.978e+00  8.069e+04
4.433953e-02   1.478e+05 0 inti1216   1.479e+05 3 inti1216   3.761e-01 6.018e+00  8.176e+04
4.506148e-02   9.673e+04 0 inti1216   9.681e+04 3 inti1216   2.443e-01 3.908e+00  8.085e+04
4.574337e-02   9.676e+04 0 inti1216   9.684e+04 3 inti1216   2.425e-01 3.880e+00  8.101e+04
4.642205e-02   9.734e+04 0 inti1216   9.742e+04 3 inti1216   2.422e-01 3.875e+00  8.131e+04
4.710712e-02   1.542e+05 0 inti1216   1.543e+05 3 inti1216   3.800e-01 6.080e+00  8.498e+04
4.778615e-02   9.809e+04 0 inti1216   9.818e+04 3 inti1216   2.402e-01 3.843e+00  8.204e+04
4.850225e-02   9.827e+04 0 inti1216   9.834e+04 3 inti1216   2.386e-01 3.818e+00  8.234e+04
4.918307e-02   9.922e+04 0 inti1216   9.940e+04 3 inti1216   2.395e-01 3.831e+00  8.305e+04
4.985647e-02   1.555e+05 0 inti1216   1.556e+05 3 inti1216   3.715e-01 5.944e+00  8.774e+04
5.053468e-02   1.003e+05 0 inti1216   1.004e+05 3 inti1216   2.380e-01 3.808e+00  8.378e+04
5.121754e-02   1.003e+05 1 inti1216   1.004e+05 3 inti1216   2.362e-01 3.780e+00  8.401e+04
5.190625e-02   1.010e+05 0 inti1216   1.012e+05 3 inti1216   2.365e-01 3.783e+00  8.444e+04
5.259894e-02   1.574e+05 0 inti1216   1.575e+05 3 inti1216   3.648e-01 5.837e+00  8.789e+04
5.329266e-02   1.038e+05 1 inti1216   1.039e+05 3 inti1216   2.388e-01 3.821e+00  8.683e+04
5.400416e-02   1.030e+05 0 inti1216   1.030e+05 3 inti1216   2.350e-01 3.759e+00  8.626e+04
5.472865e-02   1.044e+05 0 inti1216   1.045e+05 3 inti1216   2.365e-01 3.783e+00  8.743e+04
5.542123e-02   1.603e+05 0 inti1216   1.604e+05 3 inti1216   3.597e-01 5.755e+00  8.925e+04
5.611577e-02   1.047e+05 0 inti1216   1.048e+05 3 inti1216   2.332e-01 3.730e+00  8.765e+04
5.679671e-02   1.050e+05 0 inti1216   1.051e+05 3 inti1216   2.321e-01 3.713e+00  8.792e+04
5.750058e-02   1.057e+05 0 inti1216   1.058e+05 3 inti1216   2.318e-01 3.709e+00  8.846e+04
5.817612e-02   1.639e+05 0 inti1216   1.640e+05 3 inti1216   3.563e-01 5.701e+00  9.141e+04
5.888387e-02   1.074e+05 0 inti1216   1.076e+05 3 inti1216   2.320e-01 3.712e+00  8.988e+04
5.956488e-02   1.073e+05 0 inti1216   1.073e+05 3 inti1216   2.297e-01 3.675e+00  9.009e+04
6.025084e-02   1.067e+05 0 inti1216   1.068e+05 3 inti1216   2.268e-01 3.629e+00  8.896e+04
6.095367e-02   1.642e+05 0 inti1216   1.642e+05 3 inti1216   3.457e-01 5.531e+00  9.161e+04
6.163700e-02   1.073e+05 0 inti1216   1.073e+05 3 inti1216   2.243e-01 3.589e+00  8.960e+04
6.233589e-02   1.078e+05 0 inti1216   1.079e+05 3 inti1216   2.237e-01 3.579e+00  9.019e+04
6.301954e-02   1.090e+05 0 inti1216   1.090e+05 3 inti1216   2.245e-01 3.592e+00  9.110e+04
6.371142e-02   1.654e+05 0 inti1216   1.655e+05 3 inti1216   3.377e-01 5.403e+00  9.381e+04
6.439969e-02   1.107e+05 0 inti1216   1.108e+05 3 inti1216   2.245e-01 3.592e+00  9.269e+04
6.509589e-02   1.106e+05 0 inti1216   1.106e+05 3 inti1216   2.225e-01 3.560e+00  9.267e+04
6.579100e-02   1.112e+05 0 inti1216   1.114e+05 3 inti1216   2.223e-01 3.557e+00  9.312e+04
6.649000e-02   1.731e+05 0 inti1216   1.733e+05 3 inti1216   3.430e-01 5.488e+00  9.650e+04
6.718565e-02   1.128e+05 0 inti1216   1.129e+05 3 inti1216   2.219e-01 3.550e+00  9.461e+04
6.788840e-02   1.131e+05 0 inti1216   1.131e+05 3 inti1216   2.210e-01 3.535e+00  9.510e+04
6.859470e-02   1.136e+05 0 inti1216   1.138e+05 3 inti1216   2.206e-01 3.530e+00  9.539e+04
6.928902e-02   1.765e+05 0 inti1216   1.767e+05 3 inti1216   3.399e-01 5.438e+00  9.978e+04
6.999038e-02   1.152e+05 0 inti1216   1.154e+05 2 inti1216   2.204e-01 3.526e+00  9.682e+04
7.070664e-02   1.186e+05 0 inti1216   1.186e+05 3 inti1216   2.251e-01 3.602e+00  9.963e+04
7.140118e-02   1.168e+05 0 inti1216   1.169e+05 3 inti1216   2.204e-01 3.527e+00  9.827e+04
7.209922e-02   1.811e+05 0 inti1216   1.813e+05 3 inti1216   3.391e-01 5.426e+00  1.015e+05
7.282175e-02   1.218e+05 1 inti1216   1.219e+05 2 inti1216   2.267e-01 3.627e+00  1.033e+05
7.352066e-02   1.221e+05 1 inti1216   1.222e+05 2 inti1216   2.257e-01 3.611e+00  1.039e+05
7.423235e-02   1.223e+05 1 inti1216   1.224e+05 2 inti1216   2.247e-01 3.596e+00  1.039e+05
7.494692e-02   1.831e+05 0 inti1216   1.833e+05 2 inti1216   3.339e-01 5.342e+00  1.060e+05
7.565876e-02   1.242e+05 0 inti1216   1.244e+05 2 inti1216   2.252e-01 3.602e+00  1.056e+05
7.639640e-02   1.250e+05 1 inti1216   1.251e+05 2 inti1216   2.251e-01 3.602e+00  1.064e+05
7.711321e-02   1.250e+05 1 inti1216   1.252e+05 2 inti1216   2.238e-01 3.580e+00  1.063e+05
7.784405e-02   1.907e+05 0 inti1216   1.910e+05 2 inti1216   3.389e-01 5.422e+00  1.111e+05
7.859492e-02   1.270e+05 1 inti1216   1.271e+05 2 inti1216   2.242e-01 3.587e+00  1.081e+05
7.932072e-02   1.265e+05 1 inti1216   1.266e+05 2 inti1216   2.219e-01 3.550e+00  1.077e+05
8.006527e-02   1.271e+05 0 inti1216   1.273e+05 2 inti1216   2.218e-01 3.549e+00  1.081e+05
8.080540e-02   1.985e+05 1 inti1216   1.986e+05 2 inti1216   3.434e-01 5.494e+00  1.103e+05
8.156164e-02   1.267e+05 1 inti1216   1.268e+05 2 inti1216   2.180e-01 3.488e+00  1.075e+05
8.243093e-02   1.271e+05 0 inti1216   1.272e+05 2 inti1216   2.172e-01 3.475e+00  1.078e+05
8.336959e-02   1.281e+05 1 inti1216   1.282e+05 2 inti1216   2.173e-01 3.477e+00  1.086e+05
8.432696e-02   1.943e+05 1 inti1216   1.944e+05 2 inti1216   3.266e-01 5.225e+00  1.116e+05
8.528157e-02   1.295e+05 1 inti1216   1.296e+05 2 inti1216   2.161e-01 3.458e+00  1.099e+05
8.623524e-02   1.304e+05 1 inti1216   1.305e+05 2 inti1216   2.160e-01 3.457e+00  1.109e+05
8.715169e-02   1.317e+05 0 inti1216   1.318e+05 2 inti1216   2.167e-01 3.468e+00  1.121e+05
8.789666e-02   1.865e+05 1 inti1216   1.866e+05 2 inti1216   3.046e-01 4.874e+00  1.158e+05
8.865292e-02   1.328e+05 0 inti1216   1.329e+05 2 inti1216   2.158e-01 3.452e+00  1.129e+05
8.945811e-02   1.331e+05 1 inti1216   1.332e+05 2 inti1216   2.150e-01 3.441e+00  1.133e+05
9.028647e-02   1.336e+05 1 inti1216   1.336e+05 2 inti1216   2.144e-01 3.431e+00  1.136e+05
9.103858e-02   2.033e+05 1 inti1216   2.034e+05 2 inti1216   3.243e-01 5.188e+00  1.167e+05
9.180428e-02   1.362e+05 1 inti1216   1.364e+05 2 inti1216   2.163e-01 3.461e+00  1.157e+05
9.263194e-02   1.361e+05 1 inti1216   1.362e+05 2 inti1216   2.147e-01 3.435e+00  1.159e+05
9.347754e-02   1.363e+05 0 inti1216   1.364e+05 2 inti1216   2.139e-01 3.423e+00  1.159e+05
9.443386e-02   2.130e+05 0 inti1216   2.131e+05 2 inti1216   3.316e-01 5.305e+00  1.204e+05
9.541271e-02   1.416e+05 1 inti1216   1.418e+05 2 inti1216   2.192e-01 3.507e+00  1.214e+05
9.639308e-02   1.430e+05 1 inti1216   1.431e+05 2 inti1216   2.199e-01 3.519e+00  1.226e+05
9.737266e-02   1.434e+05 1 inti1216   1.435e+05 2 inti1216   2.191e-01 3.505e+00  1.229e+05
9.817235e-02   2.179e+05 0 inti1216   2.181e+05 2 inti1216   3.309e-01 5.295e+00  1.259e+05
9.893588e-02   1.447e+05 1 inti1216   1.448e+05 2 inti1216   2.186e-01 3.498e+00  1.240e+05
9.970037e-02   1.450e+05 1 inti1216   1.451e+05 2 inti1216   2.181e-01 3.490e+00  1.247e+05
1.004666e-01   1.448e+05 1 inti1216   1.449e+05 2 inti1216   2.168e-01 3.469e+00  1.238e+05
1.012340e-01   2.192e+05 1 inti1216   2.193e+05 2 inti1216   3.264e-01 5.222e+00  1.273e+05
1.020040e-01   1.459e+05 1 inti1216   1.460e+05 2 inti1216   2.163e-01 3.461e+00  1.249e+05
1.027738e-01   1.482e+05 1 inti1216   1.483e+05 2 inti1216   2.187e-01 3.500e+00  1.270e+05
1.035370e-01   1.474e+05 1 inti1216   1.475e+05 2 inti1216   2.167e-01 3.467e+00  1.261e+05
1.043050e-01   2.215e+05 1 inti1216   2.216e+05 2 inti1216   3.237e-01 5.179e+00  1.279e+05
1.050971e-01   1.477e+05 1 inti1216   1.479e+05 2 inti1216   2.151e-01 3.442e+00  1.265e+05
1.059015e-01   1.484e+05 0 inti1216   1.485e+05 2 inti1216   2.151e-01 3.442e+00  1.274e+05
1.066703e-01   1.503e+05 0 inti1216   1.505e+05 2 inti1216   2.172e-01 3.475e+00  1.289e+05
1.074570e-01   2.245e+05 1 inti1216   2.246e+05 2 inti1216   3.225e-01 5.161e+00  1.307e+05
1.082244e-01   1.508e+05 1 inti1216   1.509e+05 2 inti1216   2.159e-01 3.454e+00  1.293e+05
1.089935e-01   1.509e+05 1 inti1216   1.510e+05 2 inti1216   2.152e-01 3.443e+00  1.296e+05
1.097643e-01   1.516e+05 1 inti1216   1.517e+05 2 inti1216   2.154e-01 3.446e+00  1.301e+05
1.105253e-01   2.270e+05 0 inti1216   2.271e+05 2 inti1216   3.210e-01 5.137e+00  1.334e+05
1.112886e-01   1.531e+05 0 inti1216   1.533e+05 2 inti1216   2.159e-01 3.455e+00  1.313e+05
1.120664e-01   1.531e+05 0 inti1216   1.532e+05 2 inti1216   2.150e-01 3.440e+00  1.314e+05
1.128507e-01   1.538e+05 0 inti1216   1.539e+05 2 inti1216   2.151e-01 3.442e+00  1.319e+05
1.136303e-01   2.311e+05 0 inti1216   2.312e+05 2 inti1216   3.218e-01 5.149e+00  1.357e+05
1.144145e-01   1.546e+05 1 inti1216   1.547e+05 2 inti1216   2.145e-01 3.431e+00  1.326e+05
1.151914e-01   1.556e+05 1 inti1216   1.557e+05 2 inti1216   2.151e-01 3.441e+00  1.337e+05
1.159631e-01   1.556e+05 0 inti1216   1.558e+05 2 inti1216   2.145e-01 3.432e+00  1.336e+05
1.167342e-01   2.372e+05 1 inti1216   2.373e+05 2 inti1216   3.252e-01 5.203e+00  1.375e+05
1.175082e-01   1.569e+05 1 inti1216   1.571e+05 2 inti1216   2.145e-01 3.432e+00  1.348e+05
1.182881e-01   1.573e+05 1 inti1216   1.575e+05 2 inti1216   2.142e-01 3.427e+00  1.354e+05
1.190708e-01   1.577e+05 1 inti1216   1.578e+05 2 inti1216   2.140e-01 3.424e+00  1.354e+05
1.198551e-01   2.450e+05 1 inti1216   2.451e+05 2 inti1216   3.307e-01 5.292e+00  1.401e+05
1.206352e-01   1.608e+05 1 inti1216   1.609e+05 2 inti1216   2.164e-01 3.462e+00  1.382e+05
1.214135e-01   1.611e+05 1 inti1216   1.612e+05 2 inti1216   2.160e-01 3.456e+00  1.386e+05
1.221951e-01   1.658e+05 1 inti1216   1.660e+05 3 inti1216   2.216e-01 3.545e+00  1.431e+05
1.229820e-01   2.433e+05 1 inti1216   2.435e+05 2 inti1216   3.236e-01 5.178e+00  1.429e+05
1.237748e-01   1.633e+05 1 inti1216   1.635e+05 2 inti1216   2.165e-01 3.464e+00  1.406e+05
1.245729e-01   1.641e+05 1 inti1216   1.643e+05 2 inti1216   2.167e-01 3.467e+00  1.414e+05
1.253744e-01   1.657e+05 1 inti1216   1.658e+05 2 inti1216   2.180e-01 3.488e+00  1.427e+05
1.261776e-01   2.455e+05 1 inti1216   2.456e+05 2 inti1216   3.215e-01 5.145e+00  1.452e+05
1.269822e-01   1.663e+05 1 inti1216   1.664e+05 2 inti1216   2.171e-01 3.473e+00  1.434e+05
1.277885e-01   1.676e+05 1 inti1216   1.678e+05 2 inti1216   2.181e-01 3.489e+00  1.442e+05
1.285946e-01   1.676e+05 1 inti1216   1.677e+05 2 inti1216   2.172e-01 3.476e+00  1.447e+05
1.294047e-01   2.553e+05 1 inti1216   2.554e+05 2 inti1216   3.292e-01 5.267e+00  1.478e+05
1.302140e-01   1.694e+05 1 inti1216   1.695e+05 2 inti1216   2.178e-01 3.484e+00  1.465e+05
1.310269e-01   1.698e+05 0 inti1216   1.700e+05 2 inti1216   2.176e-01 3.481e+00  1.467e+05
1.318449e-01   1.701e+05 0 inti1216   1.703e+05 2 inti1216   2.172e-01 3.475e+00  1.471e+05
1.326708e-01   2.546e+05 0 inti1216   2.549e+05 2 inti1216   3.234e-01 5.175e+00  1.489e+05
1.335012e-01   1.713e+05 0 inti1216   1.716e+05 2 inti1216   2.169e-01 3.471e+00  1.476e+05
1.343224e-01   1.744e+05 1 inti1216   1.745e+05 2 inti1216   2.198e-01 3.517e+00  1.515e+05
1.351507e-01   1.726e+05 0 inti1216   1.728e+05 2 inti1216   2.168e-01 3.469e+00  1.496e+05
1.359862e-01   2.565e+05 1 inti1216   2.566e+05 2 inti1216   3.205e-01 5.129e+00  1.520e+05
1.368157e-01   1.729e+05 1 inti1216   1.730e+05 2 inti1216   2.153e-01 3.445e+00  1.496e+05
1.376440e-01   1.740e+05 1 inti1216   1.742e+05 2 inti1216   2.159e-01 3.454e+00  1.509e+05
1.384856e-01   1.747e+05 1 inti1216   1.748e+05 2 inti1216   2.158e-01 3.454e+00  1.514e+05
1.393209e-01   2.531e+05 0 inti1216   2.533e+05 2 inti1216   3.113e-01 4.981e+00  1.526e+05
1.401643e-01   1.760e+05 0 inti1216   1.762e+05 2 inti1216   2.157e-01 3.452e+00  1.526e+05
1.410091e-01   1.764e+05 1 inti1216   1.766e+05 2 inti1216   2.153e-01 3.445e+00  1.532e+05
1.418571e-01   1.779e+05 1 inti1216   1.781e+05 2 inti1216   2.162e-01 3.460e+00  1.544e+05
1.426987e-01   2.645e+05 1 inti1216   2.647e+05 2 inti1216   3.198e-01 5.117e+00  1.560e+05
1.435583e-01   1.795e+05 1 inti1216   1.796e+05 2 inti1216   2.162e-01 3.459e+00  1.558e+05
1.443940e-01   1.795e+05 1 inti1216   1.796e+05 2 inti1216   2.153e-01 3.445e+00  1.560e+05
1.452479e-01   1.812e+05 1 inti1216   1.814e+05 2 inti1216   2.165e-01 3.465e+00  1.573e+05
1.460951e-01   2.688e+05 1 inti1216   2.690e+05 2 inti1216   3.194e-01 5.110e+00  1.589e+05
1.469440e-01   1.822e+05 1 inti1216   1.824e+05 2 inti1216   2.156e-01 3.449e+00  1.583e+05
1.477998e-01   1.830e+05 1 inti1216   1.831e+05 2 inti1216   2.155e-01 3.449e+00  1.593e+05
1.486440e-01   1.830e+05 1 inti1216   1.832e+05 2 inti1216   2.147e-01 3.435e+00  1.591e+05
1.495081e-01   2.727e+05 1 inti1216   2.728e+05 2 inti1216   3.179e-01 5.087e+00  1.616e+05
1.503475e-01   1.866e+05 0 inti1216   1.869e+05 2 inti1216   2.168e-01 3.469e+00  1.626e+05
1.511965e-01   1.853e+05 1 inti1216   1.855e+05 2 inti1216   2.142e-01 3.427e+00  1.614e+05
1.520411e-01   1.877e+05 0 inti1216   1.879e+05 2 inti1216   2.160e-01 3.455e+00  1.635e+05
1.528781e-01   2.830e+05 1 inti1216   2.831e+05 2 inti1216   3.236e-01 5.178e+00  1.668e+05
1.537342e-01   1.894e+05 0 inti1216   1.895e+05 2 inti1216   2.156e-01 3.449e+00  1.650e+05
1.545795e-01   1.900e+05 0 inti1216   1.901e+05 2 inti1216   2.153e-01 3.445e+00  1.659e+05
1.554320e-01   1.908e+05 0 inti1216   1.910e+05 2 inti1216   2.154e-01 3.447e+00  1.665e+05
1.562875e-01   2.825e+05 1 inti1216   2.826e+05 2 inti1216   3.170e-01 5.072e+00  1.698e+05
1.571364e-01   2.004e+05 0 inti1216   2.006e+05 2 inti1216   2.240e-01 3.584e+00  1.758e+05
1.579924e-01   1.942e+05 1 inti1216   1.943e+05 2 inti1216   2.161e-01 3.457e+00  1.697e+05
1.588391e-01   1.950e+05 1 inti1216   1.952e+05 2 inti1216   2.161e-01 3.457e+00  1.702e+05
1.596819e-01   2.925e+05 1 inti1216   2.927e+05 2 inti1216   3.225e-01 5.160e+00  1.734e+05
1.605298e-01   1.954e+05 0 inti1216   1.956e+05 2 inti1216   2.146e-01 3.433e+00  1.702e+05
1.613854e-01   1.963e+05 0 inti1216   1.964e+05 2 inti1216   2.147e-01 3.436e+00  1.711e+05
1.622315e-01   1.975e+05 1 inti1216   1.976e+05 2 inti1216   2.152e-01 3.444e+00  1.721e+05
1.630857e-01   2.932e+05 0 inti1216   2.933e+05 2 inti1216   3.180e-01 5.087e+00  1.781e+05
1.639538e-01   2.003e+05 0 inti1216   2.005e+05 2 inti1216   2.166e-01 3.465e+00  1.748e+05
1.648059e-01   2.056e+05 0 inti1216   2.058e+05 2 inti1216   2.215e-01 3.543e+00  1.796e+05
1.656802e-01   2.065e+05 0 inti1216   2.066e+05 2 inti1216   2.216e-01 3.546e+00  1.801e+05
1.666096e-01   3.088e+05 0 inti1216   3.089e+05 2 inti1216   3.299e-01 5.279e+00  1.855e+05
1.675687e-01   2.080e+05 0 inti1216   2.082e+05 2 inti1216   2.215e-01 3.544e+00  1.817e+05
1.685581e-01   2.090e+05 0 inti1216   2.092e+05 2 inti1216   2.218e-01 3.549e+00  1.829e+05
1.695731e-01   2.101e+05 0 inti1216   2.103e+05 2 inti1216   2.220e-01 3.552e+00  1.837e+05
1.705898e-01   3.061e+05 0 inti1216   3.063e+05 2 inti1216   3.220e-01 5.151e+00  1.888e+05
1.716063e-01   2.116e+05 0 inti1216   2.117e+05 2 inti1216   2.217e-01 3.548e+00  1.849e+05
1.726229e-01   2.124e+05 0 inti1216   2.125e+05 2 inti1216   2.218e-01 3.549e+00  1.859e+05
1.734448e-01   2.137e+05 0 inti1216   2.138e+05 2 inti1216   2.225e-01 3.560e+00  1.870e+05
1.742276e-01   3.079e+05 0 inti1216   3.080e+05 2 inti1216   3.196e-01 5.113e+00  1.894e+05
1.751114e-01   2.145e+05 0 inti1216   2.147e+05 2 inti1216   2.221e-01 3.554e+00  1.878e+05
1.761060e-01   2.171e+05 0 inti1216   2.173e+05 2 inti1216   2.242e-01 3.587e+00  1.906e+05
1.769889e-01   2.145e+05 0 inti1216   2.148e+05 2 inti1216   2.210e-01 3.537e+00  1.879e+05
1.780069e-01   3.051e+05 0 inti1216   3.054e+05 2 inti1216   3.134e-01 5.015e+00  1.899e+05
1.790257e-01   2.154e+05 0 inti1216   2.155e+05 2 inti1216   2.206e-01 3.529e+00  1.886e+05
1.800355e-01   2.164e+05 0 inti1216   2.166e+05 2 inti1216   2.213e-01 3.541e+00  1.898e+05
1.810290e-01   2.142e+05 0 inti1216   2.143e+05 2 inti1216   2.184e-01 3.495e+00  1.877e+05
1.820301e-01   3.251e+05 0 inti1216   3.252e+05 2 inti1216   3.305e-01 5.288e+00  1.920e+05
1.830405e-01   2.137e+05 0 inti1216   2.139e+05 2 inti1216   2.169e-01 3.471e+00  1.867e+05
1.840560e-01   2.151e+05 0 inti1216   2.152e+05 2 inti1216   2.178e-01 3.484e+00  1.886e+05
1.850735e-01   2.147e+05 0 inti1216   2.148e+05 2 inti1216   2.170e-01 3.472e+00  1.879e+05
1.860792e-01   3.137e+05 0 inti1216   3.138e+05 2 inti1216   3.162e-01 5.059e+00  1.907e+05
1.869560e-01   2.158e+05 0 inti1216   2.159e+05 2 inti1216   2.171e-01 3.474e+00  1.886e+05
1.879570e-01   2.150e+05 0 inti1216   2.151e+05 2 inti1216   2.160e-01 3.456e+00  1.884e+05
1.889767e-01   2.172e+05 0 inti1216   2.173e+05 2 inti1216   2.178e-01 3.485e+00  1.901e+05
1.899953e-01   3.143e+05 3 inti1216   3.146e+05 2 inti1216   3.147e-01 5.035e+00  1.920e+05
1.910160e-01   2.173e+05 0 inti1216   2.175e+05 2 inti1216   2.173e-01 3.477e+00  1.904e+05
1.920376e-01   2.206e+05 0 inti1216   2.208e+05 2 inti1216   2.202e-01 3.524e+00  1.932e+05
1.930595e-01   2.214e+05 0 inti1216   2.215e+05 2 inti1216   2.207e-01 3.532e+00  1.938e+05
1.940834e-01   2.990e+05 0 inti1216   2.991e+05 2 inti1216   2.975e-01 4.759e+00  1.985e+05
1.951138e-01   2.232e+05 0 inti1216   2.233e+05 2 inti1216   2.217e-01 3.548e+00  1.951e+05
1.961486e-01   2.232e+05 0 inti1216   2.233e+05 2 inti1216   2.215e-01 3.543e+00  1.957e+05
1.971828e-01   2.237e+05 0 inti1216   2.238e+05 2 inti1216   2.216e-01 3.546e+00  1.961e+05
1.981138e-01   3.163e+05 0 inti1216   3.164e+05 2 inti1216   3.129e-01 5.007e+00  1.995e+05
1.989508e-01   2.241e+05 0 inti1216   2.243e+05 2 inti1216   2.216e-01 3.545e+00  1.965e+05
1.999106e-01   2.281e+05 0 inti1216   2.282e+05 2 inti1216   2.251e-01 3.602e+00  1.997e+05
