# 1  : Date
# 2  : Temps elapsed min (mus)
# 3  : Rang temps elapsed min
# 4  : Noeud temps elapsed min
# 5  : Temps elapsed max (mus)
# 6  : Rang temps elapsed max
# 7  : Noeud temps elapsed max
# 8  : Grind time (mus/maille/cycle)
# 9  : Grind time équivalent séquentiel (#8 X nb_de_coeurs)
#     1     2     3     4      5      6      7       8      9
#   ATTENTION  les temps cpu schémas sont données dans l'ordre alphabétique des schémas WARNING
#  10: TELAPS Hydro (mus)
8.038718e-05   6.373e+04 0 inti1210   6.386e+04 3 inti1210   4.620e-01 7.392e+00  3.218e+04
1.705434e-04   4.042e+04 0 inti1210   4.055e+04 3 inti1210   2.929e-01 4.687e+00  3.195e+04
2.952905e-04   4.092e+04 0 inti1210   4.114e+04 3 inti1210   2.961e-01 4.738e+00  3.231e+04
4.499010e-04   4.144e+04 0 inti1210   4.160e+04 3 inti1210   2.982e-01 4.771e+00  3.278e+04
6.342603e-04   6.359e+04 0 inti1210   6.373e+04 3 inti1210   4.531e-01 7.250e+00  3.336e+04
8.450960e-04   4.219e+04 0 inti1210   4.233e+04 3 inti1210   2.990e-01 4.783e+00  3.354e+04
1.080118e-03   4.322e+04 0 inti1210   4.335e+04 3 inti1210   3.039e-01 4.862e+00  3.424e+04
1.337226e-03   4.424e+04 0 inti1210   4.448e+04 3 inti1210   3.095e-01 4.952e+00  3.513e+04
1.616973e-03   7.060e+04 0 inti1210   7.078e+04 3 inti1210   4.869e-01 7.791e+00  3.606e+04
1.917644e-03   4.358e+04 0 inti1210   4.366e+04 3 inti1210   2.981e-01 4.769e+00  3.468e+04
2.238184e-03   4.420e+04 0 inti1210   4.429e+04 3 inti1210   2.999e-01 4.799e+00  3.510e+04
2.578829e-03   4.480e+04 0 inti1210   4.492e+04 3 inti1210   3.017e-01 4.828e+00  3.576e+04
2.933867e-03   7.163e+04 0 inti1210   7.174e+04 3 inti1210   4.760e-01 7.616e+00  3.681e+04
3.292145e-03   4.616e+04 0 inti1210   4.626e+04 3 inti1210   3.045e-01 4.873e+00  3.688e+04
3.646933e-03   4.687e+04 0 inti1210   4.696e+04 3 inti1210   3.066e-01 4.906e+00  3.738e+04
3.970367e-03   4.686e+04 0 inti1210   4.704e+04 3 inti1210   3.073e-01 4.916e+00  3.754e+04
4.252598e-03   7.443e+04 0 inti1210   7.452e+04 3 inti1210   4.819e-01 7.710e+00  3.889e+04
4.560454e-03   4.860e+04 0 inti1210   4.873e+04 3 inti1210   3.127e-01 5.003e+00  3.912e+04
4.870579e-03   4.618e+04 0 inti1210   4.623e+04 3 inti1210   2.944e-01 4.711e+00  3.696e+04
5.144754e-03   4.835e+04 0 inti1210   4.845e+04 3 inti1210   3.061e-01 4.898e+00  3.886e+04
5.374129e-03   7.472e+04 0 inti1210   7.478e+04 3 inti1210   4.676e-01 7.481e+00  3.847e+04
5.585727e-03   4.730e+04 0 inti1210   4.744e+04 3 inti1210   2.950e-01 4.721e+00  3.780e+04
5.786120e-03   4.752e+04 0 inti1210   4.757e+04 3 inti1210   2.942e-01 4.707e+00  3.815e+04
5.978520e-03   4.809e+04 0 inti1210   4.815e+04 3 inti1210   2.961e-01 4.738e+00  3.852e+04
6.165288e-03   7.637e+04 0 inti1210   7.643e+04 3 inti1210   4.671e-01 7.474e+00  3.956e+04
6.348159e-03   4.857e+04 0 inti1210   4.863e+04 3 inti1210   2.958e-01 4.732e+00  3.896e+04
6.520029e-03   5.568e+04 0 inti1210   5.576e+04 1 inti1210   3.381e-01 5.410e+00  4.194e+04
6.683664e-03   4.930e+04 0 inti1210   4.945e+04 3 inti1210   2.985e-01 4.777e+00  3.960e+04
6.845181e-03   7.635e+04 0 inti1210   7.641e+04 3 inti1210   4.590e-01 7.345e+00  4.020e+04
7.004634e-03   4.944e+04 0 inti1210   4.958e+04 3 inti1210   2.969e-01 4.751e+00  3.971e+04
7.161176e-03   4.961e+04 0 inti1210   4.966e+04 3 inti1210   2.961e-01 4.738e+00  3.992e+04
7.319812e-03   4.962e+04 0 inti1210   4.969e+04 3 inti1210   2.954e-01 4.726e+00  3.987e+04
7.481368e-03   7.720e+04 0 inti1210   7.726e+04 3 inti1210   4.566e-01 7.306e+00  4.148e+04
7.645608e-03   4.989e+04 0 inti1210   4.994e+04 3 inti1210   2.940e-01 4.704e+00  4.009e+04
7.813170e-03   5.055e+04 0 inti1210   5.063e+04 3 inti1210   2.970e-01 4.752e+00  4.084e+04
7.985281e-03   5.050e+04 0 inti1210   5.056e+04 3 inti1210   2.954e-01 4.727e+00  4.065e+04
8.163425e-03   8.087e+04 0 inti1210   8.092e+04 3 inti1210   4.698e-01 7.517e+00  4.222e+04
8.349061e-03   5.099e+04 0 inti1210   5.112e+04 3 inti1210   2.957e-01 4.731e+00  4.105e+04
8.543608e-03   5.114e+04 0 inti1210   5.116e+04 3 inti1210   2.944e-01 4.710e+00  4.136e+04
8.747500e-03   5.135e+04 0 inti1210   5.141e+04 3 inti1210   2.946e-01 4.714e+00  4.143e+04
8.960601e-03   8.026e+04 0 inti1210   8.032e+04 3 inti1210   4.571e-01 7.313e+00  4.222e+04
9.182822e-03   5.182e+04 0 inti1210   5.190e+04 3 inti1210   2.938e-01 4.701e+00  4.164e+04
9.413805e-03   5.190e+04 0 inti1210   5.196e+04 3 inti1210   2.925e-01 4.680e+00  4.185e+04
9.653340e-03   5.338e+04 0 inti1210   5.352e+04 3 inti1210   2.997e-01 4.795e+00  4.282e+04
9.901501e-03   8.135e+04 0 inti1210   8.148e+04 3 inti1210   4.525e-01 7.240e+00  4.272e+04
1.015824e-02   5.259e+04 0 inti1210   5.265e+04 3 inti1210   2.908e-01 4.653e+00  4.220e+04
1.042294e-02   5.263e+04 0 inti1210   5.268e+04 3 inti1210   2.893e-01 4.630e+00  4.254e+04
1.069459e-02   5.291e+04 0 inti1210   5.298e+04 3 inti1210   2.894e-01 4.631e+00  4.258e+04
1.097180e-02   8.377e+04 0 inti1210   8.382e+04 3 inti1210   4.540e-01 7.264e+00  4.434e+04
1.125340e-02   5.330e+04 0 inti1210   5.343e+04 3 inti1210   2.877e-01 4.603e+00  4.286e+04
1.153864e-02   5.384e+04 0 inti1210   5.389e+04 3 inti1210   2.885e-01 4.617e+00  4.351e+04
1.182703e-02   5.390e+04 0 inti1210   5.404e+04 3 inti1210   2.878e-01 4.605e+00  4.348e+04
1.211853e-02   8.434e+04 0 inti1210   8.440e+04 3 inti1210   4.456e-01 7.129e+00  4.484e+04
1.241337e-02   5.450e+04 0 inti1210   5.461e+04 3 inti1210   2.866e-01 4.586e+00  4.400e+04
1.271204e-02   5.492e+04 0 inti1210   5.497e+04 3 inti1210   2.868e-01 4.589e+00  4.451e+04
1.301531e-02   5.506e+04 0 inti1210   5.512e+04 2 inti1210   2.859e-01 4.574e+00  4.449e+04
1.332391e-02   8.537e+04 0 inti1210   8.542e+04 2 inti1210   4.394e-01 7.030e+00  4.582e+04
1.363839e-02   5.602e+04 0 inti1210   5.606e+04 2 inti1210   2.866e-01 4.586e+00  4.531e+04
1.395896e-02   5.831e+04 0 inti1210   5.836e+04 3 inti1210   2.964e-01 4.742e+00  4.778e+04
1.428552e-02   5.682e+04 1 inti1210   5.684e+04 0 inti1210   2.869e-01 4.590e+00  4.604e+04
1.461787e-02   8.715e+04 0 inti1210   8.720e+04 3 inti1210   4.358e-01 6.973e+00  4.716e+04
1.495579e-02   5.724e+04 0 inti1210   5.730e+04 3 inti1210   2.846e-01 4.554e+00  4.642e+04
1.529920e-02   5.837e+04 0 inti1210   5.843e+04 3 inti1210   2.882e-01 4.612e+00  4.763e+04
1.564813e-02   5.840e+04 0 inti1210   5.847e+04 3 inti1210   2.866e-01 4.585e+00  4.735e+04
1.600259e-02   9.109e+04 0 inti1210   9.123e+04 3 inti1210   4.425e-01 7.079e+00  4.843e+04
1.636241e-02   5.946e+04 0 inti1210   5.960e+04 3 inti1210   2.871e-01 4.594e+00  4.848e+04
1.672748e-02   5.920e+04 0 inti1210   5.926e+04 3 inti1210   2.836e-01 4.538e+00  4.832e+04
1.709783e-02   6.129e+04 0 inti1210   6.143e+04 3 inti1210   2.918e-01 4.668e+00  5.011e+04
1.747348e-02   9.294e+04 0 inti1210   9.302e+04 3 inti1210   4.371e-01 6.994e+00  5.009e+04
1.785441e-02   6.142e+04 0 inti1210   6.148e+04 3 inti1210   2.868e-01 4.589e+00  4.994e+04
1.824056e-02   6.096e+04 0 inti1210   6.102e+04 3 inti1210   2.828e-01 4.524e+00  4.974e+04
1.863182e-02   5.927e+04 0 inti1210   5.934e+04 1 inti1210   2.729e-01 4.366e+00  4.775e+04
1.902811e-02   9.311e+04 0 inti1210   9.317e+04 3 inti1210   4.239e-01 6.782e+00  4.922e+04
1.942946e-02   5.925e+04 0 inti1210   5.938e+04 1 inti1210   2.683e-01 4.293e+00  4.785e+04
1.983592e-02   5.953e+04 0 inti1210   5.958e+04 1 inti1210   2.674e-01 4.279e+00  4.830e+04
2.024742e-02   6.024e+04 0 inti1210   6.031e+04 1 inti1210   2.687e-01 4.300e+00  4.866e+04
2.066392e-02   9.516e+04 0 inti1210   9.522e+04 1 inti1210   4.198e-01 6.717e+00  5.062e+04
2.108424e-02   6.094e+04 0 inti1210   6.098e+04 1 inti1210   2.671e-01 4.274e+00  4.940e+04
2.150732e-02   6.148e+04 0 inti1210   6.152e+04 2 inti1210   2.677e-01 4.283e+00  4.992e+04
2.193414e-02   6.233e+04 0 inti1210   6.246e+04 2 inti1210   2.699e-01 4.319e+00  5.068e+04
2.236329e-02   9.620e+04 0 inti1210   9.633e+04 2 inti1210   4.118e-01 6.590e+00  5.198e+04
2.280129e-02   6.231e+04 0 inti1210   6.237e+04 2 inti1210   2.647e-01 4.235e+00  5.064e+04
2.323655e-02   6.261e+04 0 inti1210   6.266e+04 2 inti1210   2.642e-01 4.227e+00  5.106e+04
2.368252e-02   6.812e+04 0 inti1210   6.816e+04 1 inti1210   2.854e-01 4.566e+00  5.622e+04
2.412910e-02   9.819e+04 0 inti1210   9.825e+04 1 inti1210   4.070e-01 6.512e+00  5.347e+04
2.458579e-02   6.473e+04 0 inti1210   6.478e+04 1 inti1210   2.663e-01 4.261e+00  5.287e+04
2.505722e-02   6.412e+04 0 inti1210   6.416e+04 1 inti1210   2.620e-01 4.191e+00  5.235e+04
2.551565e-02   6.454e+04 0 inti1210   6.468e+04 1 inti1210   2.622e-01 4.196e+00  5.264e+04
2.594981e-02   1.016e+05 0 inti1210   1.016e+05 1 inti1210   4.080e-01 6.528e+00  5.426e+04
2.637818e-02   6.559e+04 0 inti1210   6.566e+04 1 inti1210   2.618e-01 4.189e+00  5.357e+04
2.681167e-02   6.574e+04 0 inti1210   6.579e+04 3 inti1210   2.607e-01 4.172e+00  5.393e+04
2.725345e-02   6.713e+04 0 inti1210   6.719e+04 3 inti1210   2.646e-01 4.233e+00  5.494e+04
2.768887e-02   1.045e+05 0 inti1210   1.046e+05 1 inti1210   4.078e-01 6.524e+00  5.640e+04
2.811812e-02   7.115e+04 0 inti1210   7.128e+04 1 inti1210   2.762e-01 4.420e+00  5.664e+04
2.855793e-02   6.507e+04 0 inti1210   6.513e+04 1 inti1210   2.507e-01 4.012e+00  5.319e+04
2.901458e-02   6.580e+04 0 inti1210   6.596e+04 1 inti1210   2.524e-01 4.038e+00  5.379e+04
2.946154e-02   1.034e+05 0 inti1210   1.035e+05 1 inti1210   3.921e-01 6.273e+00  5.522e+04
2.987792e-02   6.601e+04 0 inti1210   6.608e+04 1 inti1210   2.489e-01 3.982e+00  5.399e+04
3.028298e-02   6.636e+04 0 inti1210   6.642e+04 1 inti1210   2.487e-01 3.979e+00  5.437e+04
3.068676e-02   6.676e+04 0 inti1210   6.683e+04 1 inti1210   2.488e-01 3.981e+00  5.466e+04
3.109350e-02   1.021e+05 0 inti1210   1.022e+05 1 inti1210   3.769e-01 6.031e+00  5.622e+04
3.151241e-02   6.748e+04 0 inti1210   6.762e+04 1 inti1210   2.480e-01 3.968e+00  5.533e+04
3.194622e-02   7.053e+04 0 inti1210   7.059e+04 1 inti1210   2.574e-01 4.118e+00  5.841e+04
3.239024e-02   6.869e+04 0 inti1210   6.876e+04 1 inti1210   2.490e-01 3.985e+00  5.638e+04
3.284106e-02   1.066e+05 0 inti1210   1.068e+05 1 inti1210   3.830e-01 6.128e+00  5.813e+04
3.329345e-02   7.058e+04 0 inti1210   7.065e+04 1 inti1210   2.518e-01 4.028e+00  5.812e+04
3.374730e-02   7.018e+04 0 inti1210   7.024e+04 1 inti1210   2.487e-01 3.979e+00  5.784e+04
3.410847e-02   7.026e+04 0 inti1210   7.040e+04 1 inti1210   2.476e-01 3.962e+00  5.762e+04
3.443307e-02   1.124e+05 0 inti1210   1.125e+05 1 inti1210   3.927e-01 6.284e+00  6.043e+04
3.472629e-02   7.121e+04 0 inti1210   7.135e+04 1 inti1210   2.481e-01 3.970e+00  5.858e+04
3.505357e-02   7.106e+04 1 inti1210   7.418e+04 3 inti1210   2.566e-01 4.106e+00  5.854e+04
3.534428e-02   7.145e+04 0 inti1210   7.152e+04 1 inti1210   2.464e-01 3.943e+00  5.870e+04
3.564484e-02   1.146e+05 0 inti1210   1.147e+05 1 inti1210   3.925e-01 6.281e+00  6.186e+04
3.594204e-02   7.208e+04 0 inti1210   7.215e+04 1 inti1210   2.459e-01 3.935e+00  5.932e+04
3.624463e-02   7.326e+04 0 inti1210   7.339e+04 1 inti1210   2.491e-01 3.986e+00  6.075e+04
3.654932e-02   7.290e+04 0 inti1210   7.297e+04 1 inti1210   2.464e-01 3.943e+00  6.001e+04
3.685293e-02   1.123e+05 2 inti1210   1.124e+05 1 inti1210   3.772e-01 6.035e+00  6.110e+04
3.716576e-02   7.199e+04 0 inti1210   7.213e+04 1 inti1210   2.408e-01 3.853e+00  5.914e+04
3.746853e-02   7.311e+04 0 inti1210   7.318e+04 1 inti1210   2.434e-01 3.894e+00  6.031e+04
3.777689e-02   7.220e+04 0 inti1210   7.229e+04 1 inti1210   2.392e-01 3.827e+00  5.925e+04
3.810666e-02   1.134e+05 0 inti1210   1.135e+05 1 inti1210   3.730e-01 5.968e+00  6.183e+04
3.841337e-02   7.376e+04 2 inti1210   7.384e+04 1 inti1210   2.414e-01 3.862e+00  6.071e+04
3.872589e-02   7.357e+04 0 inti1210   7.365e+04 1 inti1210   2.397e-01 3.836e+00  6.072e+04
3.903336e-02   7.314e+04 0 inti1210   7.329e+04 1 inti1210   2.375e-01 3.799e+00  6.003e+04
3.935352e-02   1.158e+05 2 inti1210   1.159e+05 1 inti1210   3.726e-01 5.962e+00  6.214e+04
3.967789e-02   7.584e+04 2 inti1210   7.593e+04 1 inti1210   2.431e-01 3.889e+00  6.208e+04
4.000316e-02   7.509e+04 2 inti1210   7.517e+04 1 inti1210   2.394e-01 3.830e+00  6.205e+04
4.032343e-02   7.419e+04 0 inti1210   7.434e+04 1 inti1210   2.356e-01 3.770e+00  6.096e+04
4.064771e-02   1.150e+05 0 inti1210   1.151e+05 1 inti1210   3.620e-01 5.792e+00  6.349e+04
4.096961e-02   7.480e+04 0 inti1210   7.487e+04 1 inti1210   2.344e-01 3.750e+00  6.152e+04
4.130030e-02   7.621e+04 0 inti1210   7.627e+04 1 inti1210   2.376e-01 3.802e+00  6.296e+04
4.163113e-02   7.550e+04 0 inti1210   7.566e+04 1 inti1210   2.344e-01 3.751e+00  6.210e+04
4.196429e-02   1.186e+05 0 inti1210   1.187e+05 1 inti1210   3.653e-01 5.845e+00  6.494e+04
4.229031e-02   7.631e+04 0 inti1210   7.639e+04 1 inti1210   2.338e-01 3.740e+00  6.291e+04
4.262114e-02   7.690e+04 0 inti1210   7.698e+04 1 inti1210   2.346e-01 3.753e+00  6.337e+04
4.294697e-02   7.730e+04 0 inti1210   7.740e+04 1 inti1210   2.346e-01 3.753e+00  6.372e+04
4.328397e-02   1.185e+05 2 inti1210   1.186e+05 1 inti1210   3.569e-01 5.711e+00  6.558e+04
4.360889e-02   7.780e+04 2 inti1210   7.790e+04 1 inti1210   2.331e-01 3.729e+00  6.410e+04
4.394411e-02   7.775e+04 2 inti1210   7.781e+04 1 inti1210   2.318e-01 3.709e+00  6.427e+04
4.427563e-02   7.832e+04 2 inti1210   7.842e+04 1 inti1210   2.324e-01 3.718e+00  6.460e+04
4.460917e-02   1.232e+05 0 inti1210   1.234e+05 1 inti1210   3.631e-01 5.809e+00  6.708e+04
4.494555e-02   7.951e+04 2 inti1210   7.959e+04 1 inti1210   2.330e-01 3.728e+00  6.568e+04
4.527900e-02   8.079e+04 2 inti1210   8.087e+04 1 inti1210   2.356e-01 3.770e+00  6.711e+04
4.561681e-02   8.381e+04 2 inti1210   8.392e+04 1 inti1210   2.432e-01 3.892e+00  6.929e+04
4.595057e-02   1.229e+05 2 inti1210   1.230e+05 1 inti1210   3.540e-01 5.664e+00  6.912e+04
4.628977e-02   8.118e+04 0 inti1210   8.132e+04 1 inti1210   2.328e-01 3.724e+00  6.718e+04
4.662487e-02   8.232e+04 2 inti1210   8.240e+04 1 inti1210   2.348e-01 3.756e+00  6.840e+04
4.696798e-02   8.169e+04 2 inti1210   8.179e+04 1 inti1210   2.319e-01 3.710e+00  6.754e+04
4.730159e-02   1.283e+05 2 inti1210   1.284e+05 1 inti1210   3.614e-01 5.783e+00  6.996e+04
4.764591e-02   8.610e+04 2 inti1210   8.620e+04 1 inti1210   2.412e-01 3.859e+00  7.175e+04
4.798406e-02   8.406e+04 2 inti1210   8.413e+04 1 inti1210   2.343e-01 3.749e+00  6.990e+04
4.832486e-02   8.336e+04 0 inti1210   8.344e+04 1 inti1210   2.311e-01 3.698e+00  6.904e+04
4.867291e-02   1.300e+05 0 inti1210   1.301e+05 1 inti1210   3.576e-01 5.722e+00  7.213e+04
4.899485e-02   8.527e+04 0 inti1210   8.540e+04 1 inti1210   2.337e-01 3.740e+00  7.089e+04
4.932452e-02   8.459e+04 2 inti1210   8.466e+04 1 inti1210   2.306e-01 3.690e+00  7.038e+04
4.965845e-02   8.506e+04 0 inti1210   8.514e+04 1 inti1210   2.308e-01 3.692e+00  7.069e+04
4.999016e-02   1.305e+05 0 inti1210   1.305e+05 1 inti1210   3.512e-01 5.619e+00  7.247e+04
5.032486e-02   8.608e+04 0 inti1210   8.614e+04 1 inti1210   2.306e-01 3.690e+00  7.154e+04
5.066587e-02   8.646e+04 0 inti1210   8.652e+04 1 inti1210   2.304e-01 3.686e+00  7.210e+04
5.101103e-02   8.671e+04 0 inti1210   8.687e+04 1 inti1210   2.302e-01 3.683e+00  7.212e+04
5.135791e-02   1.347e+05 0 inti1210   1.348e+05 1 inti1210   3.544e-01 5.670e+00  7.468e+04
5.169563e-02   8.747e+04 0 inti1210   8.761e+04 1 inti1210   2.291e-01 3.666e+00  7.281e+04
5.203716e-02   8.889e+04 2 inti1210   8.900e+04 1 inti1210   2.317e-01 3.708e+00  7.427e+04
5.237313e-02   8.848e+04 0 inti1210   8.865e+04 1 inti1210   2.296e-01 3.673e+00  7.372e+04
5.271010e-02   1.382e+05 2 inti1210   1.383e+05 3 inti1210   3.559e-01 5.694e+00  7.664e+04
5.305100e-02   8.943e+04 0 inti1210   8.950e+04 1 inti1210   2.292e-01 3.668e+00  7.464e+04
5.339022e-02   9.149e+04 2 inti1210   9.155e+04 1 inti1210   2.334e-01 3.735e+00  7.672e+04
5.372901e-02   9.020e+04 0 inti1210   9.035e+04 1 inti1210   2.292e-01 3.667e+00  7.524e+04
5.406882e-02   1.389e+05 0 inti1210   1.389e+05 1 inti1210   3.498e-01 5.596e+00  7.819e+04
5.441172e-02   9.116e+04 0 inti1210   9.130e+04 1 inti1210   2.287e-01 3.659e+00  7.612e+04
5.475371e-02   9.264e+04 0 inti1210   9.271e+04 1 inti1210   2.311e-01 3.697e+00  7.760e+04
5.510090e-02   9.179e+04 0 inti1210   9.187e+04 1 inti1210   2.278e-01 3.645e+00  7.668e+04
5.544696e-02   1.442e+05 2 inti1210   1.443e+05 1 inti1210   3.550e-01 5.680e+00  8.073e+04
5.579646e-02   9.378e+04 0 inti1210   9.387e+04 1 inti1210   2.298e-01 3.676e+00  7.860e+04
5.614274e-02   9.328e+04 0 inti1210   9.335e+04 1 inti1210   2.272e-01 3.635e+00  7.822e+04
5.649132e-02   9.378e+04 0 inti1210   9.394e+04 1 inti1210   2.275e-01 3.639e+00  7.854e+04
5.683878e-02   1.490e+05 2 inti1210   1.491e+05 1 inti1210   3.581e-01 5.730e+00  8.440e+04
5.718193e-02   9.511e+04 0 inti1210   9.518e+04 1 inti1210   2.274e-01 3.639e+00  7.957e+04
5.750407e-02   9.487e+04 2 inti1210   9.496e+04 1 inti1210   2.259e-01 3.614e+00  7.885e+04
5.782098e-02   9.456e+04 0 inti1210   9.474e+04 1 inti1210   2.244e-01 3.590e+00  7.831e+04
5.813647e-02   1.483e+05 2 inti1210   1.484e+05 1 inti1210   3.487e-01 5.579e+00  8.079e+04
5.844587e-02   9.500e+04 0 inti1210   9.517e+04 1 inti1210   2.227e-01 3.563e+00  7.841e+04
5.875783e-02   9.484e+04 2 inti1210   9.496e+04 1 inti1210   2.211e-01 3.538e+00  7.856e+04
5.906577e-02   9.602e+04 2 inti1210   9.615e+04 1 inti1210   2.229e-01 3.567e+00  7.922e+04
5.937680e-02   1.444e+05 0 inti1210   1.445e+05 1 inti1210   3.328e-01 5.325e+00  8.102e+04
5.968319e-02   9.658e+04 2 inti1210   9.670e+04 1 inti1210   2.217e-01 3.547e+00  7.991e+04
5.998713e-02   9.805e+04 2 inti1210   9.817e+04 1 inti1210   2.240e-01 3.584e+00  8.161e+04
6.027863e-02   9.777e+04 0 inti1210   9.786e+04 1 inti1210   2.224e-01 3.558e+00  8.094e+04
6.057198e-02   1.475e+05 2 inti1210   1.476e+05 1 inti1210   3.334e-01 5.334e+00  8.338e+04
6.085726e-02   9.755e+04 0 inti1210   9.772e+04 1 inti1210   2.198e-01 3.516e+00  8.085e+04
6.114467e-02   9.924e+04 2 inti1210   9.933e+04 1 inti1210   2.225e-01 3.560e+00  8.254e+04
6.143544e-02   9.998e+04 2 inti1210   1.001e+05 1 inti1210   2.233e-01 3.573e+00  8.311e+04
6.172490e-02   1.541e+05 2 inti1210   1.542e+05 1 inti1210   3.419e-01 5.470e+00  8.482e+04
6.201712e-02   9.923e+04 2 inti1210   9.935e+04 1 inti1210   2.194e-01 3.510e+00  8.230e+04
6.231649e-02   1.008e+05 2 inti1210   1.009e+05 1 inti1210   2.219e-01 3.551e+00  8.404e+04
6.260859e-02   1.008e+05 0 inti1210   1.009e+05 1 inti1210   2.211e-01 3.538e+00  8.382e+04
6.291013e-02   1.542e+05 2 inti1210   1.544e+05 1 inti1210   3.359e-01 5.374e+00  8.589e+04
6.320279e-02   1.008e+05 0 inti1210   1.010e+05 1 inti1210   2.189e-01 3.502e+00  8.376e+04
6.350428e-02   1.017e+05 2 inti1210   1.018e+05 3 inti1210   2.198e-01 3.517e+00  8.480e+04
6.379975e-02   1.015e+05 0 inti1210   1.016e+05 1 inti1210   2.186e-01 3.498e+00  8.428e+04
6.409794e-02   1.560e+05 2 inti1210   1.561e+05 1 inti1210   3.337e-01 5.340e+00  8.696e+04
6.439100e-02   1.018e+05 2 inti1210   1.019e+05 1 inti1210   2.169e-01 3.471e+00  8.451e+04
6.468510e-02   1.035e+05 2 inti1210   1.036e+05 1 inti1210   2.198e-01 3.516e+00  8.642e+04
6.497936e-02   1.054e+05 0 inti1210   1.056e+05 1 inti1210   2.232e-01 3.571e+00  8.813e+04
6.527774e-02   1.580e+05 2 inti1210   1.581e+05 1 inti1210   3.321e-01 5.313e+00  8.959e+04
6.558004e-02   1.031e+05 2 inti1210   1.032e+05 1 inti1210   2.161e-01 3.457e+00  8.577e+04
6.588003e-02   1.047e+05 2 inti1210   1.048e+05 1 inti1210   2.184e-01 3.494e+00  8.740e+04
6.618571e-02   1.041e+05 2 inti1210   1.042e+05 1 inti1210   2.164e-01 3.463e+00  8.658e+04
6.649022e-02   1.611e+05 2 inti1210   1.612e+05 1 inti1210   3.329e-01 5.327e+00  8.974e+04
6.679765e-02   1.040e+05 2 inti1210   1.041e+05 3 inti1210   2.141e-01 3.426e+00  8.641e+04
6.710574e-02   1.057e+05 2 inti1210   1.058e+05 1 inti1210   2.167e-01 3.468e+00  8.869e+04
6.741247e-02   1.054e+05 0 inti1210   1.055e+05 1 inti1210   2.154e-01 3.446e+00  8.822e+04
6.773238e-02   1.619e+05 2 inti1210   1.620e+05 1 inti1210   3.288e-01 5.261e+00  9.101e+04
6.804210e-02   1.055e+05 0 inti1210   1.057e+05 1 inti1210   2.135e-01 3.417e+00  8.817e+04
6.836395e-02   1.066e+05 2 inti1210   1.067e+05 1 inti1210   2.149e-01 3.438e+00  8.949e+04
6.867373e-02   1.068e+05 2 inti1210   1.069e+05 1 inti1210   2.144e-01 3.430e+00  8.951e+04
6.899506e-02   1.618e+05 2 inti1210   1.619e+05 1 inti1210   3.230e-01 5.168e+00  9.199e+04
6.931997e-02   1.061e+05 2 inti1210   1.062e+05 1 inti1210   2.111e-01 3.377e+00  8.886e+04
6.963635e-02   1.080e+05 2 inti1210   1.082e+05 1 inti1210   2.141e-01 3.426e+00  9.090e+04
6.996842e-02   1.100e+05 2 inti1210   1.101e+05 1 inti1210   2.173e-01 3.477e+00  9.254e+04
7.028667e-02   1.719e+05 2 inti1210   1.720e+05 1 inti1210   3.372e-01 5.395e+00  9.699e+04
7.059327e-02   1.133e+05 2 inti1210   1.134e+05 1 inti1210   2.215e-01 3.544e+00  9.541e+04
7.092899e-02   1.114e+05 2 inti1210   1.115e+05 1 inti1210   2.169e-01 3.470e+00  9.379e+04
7.126332e-02   1.109e+05 2 inti1210   1.110e+05 1 inti1210   2.151e-01 3.442e+00  9.316e+04
7.159414e-02   1.693e+05 2 inti1210   1.694e+05 1 inti1210   3.266e-01 5.225e+00  9.568e+04
7.192821e-02   1.115e+05 0 inti1210   1.116e+05 1 inti1210   2.143e-01 3.429e+00  9.362e+04
7.226809e-02   1.107e+05 0 inti1210   1.108e+05 1 inti1210   2.119e-01 3.391e+00  9.288e+04
7.260228e-02   1.114e+05 0 inti1210   1.116e+05 3 inti1210   2.125e-01 3.401e+00  9.346e+04
7.292591e-02   1.700e+05 2 inti1210   1.702e+05 1 inti1210   3.224e-01 5.158e+00  9.614e+04
7.325158e-02   1.125e+05 2 inti1210   1.126e+05 1 inti1210   2.125e-01 3.401e+00  9.449e+04
7.357966e-02   1.123e+05 2 inti1210   1.124e+05 1 inti1210   2.114e-01 3.383e+00  9.431e+04
7.390671e-02   1.133e+05 0 inti1210   1.134e+05 1 inti1210   2.126e-01 3.401e+00  9.515e+04
7.422893e-02   1.733e+05 2 inti1210   1.735e+05 1 inti1210   3.233e-01 5.173e+00  9.715e+04
7.455169e-02   1.140e+05 0 inti1210   1.142e+05 1 inti1210   2.121e-01 3.394e+00  9.580e+04
7.488430e-02   1.151e+05 2 inti1210   1.152e+05 1 inti1210   2.133e-01 3.413e+00  9.702e+04
7.521289e-02   1.145e+05 2 inti1210   1.146e+05 1 inti1210   2.113e-01 3.381e+00  9.621e+04
7.553994e-02   1.759e+05 2 inti1210   1.761e+05 1 inti1210   3.230e-01 5.169e+00  1.011e+05
7.586042e-02   1.161e+05 2 inti1210   1.162e+05 1 inti1210   2.125e-01 3.401e+00  9.785e+04
7.617392e-02   1.174e+05 2 inti1210   1.175e+05 1 inti1210   2.142e-01 3.428e+00  9.918e+04
7.648507e-02   1.167e+05 0 inti1210   1.168e+05 1 inti1210   2.123e-01 3.397e+00  9.811e+04
7.679927e-02   1.831e+05 0 inti1210   1.833e+05 1 inti1210   3.314e-01 5.303e+00  1.032e+05
7.711804e-02   1.181e+05 2 inti1210   1.182e+05 1 inti1210   2.130e-01 3.407e+00  9.916e+04
7.743704e-02   1.194e+05 2 inti1210   1.195e+05 1 inti1210   2.148e-01 3.436e+00  1.006e+05
7.775691e-02   1.184e+05 2 inti1210   1.185e+05 3 inti1210   2.122e-01 3.395e+00  9.950e+04
7.807227e-02   1.822e+05 0 inti1210   1.823e+05 1 inti1210   3.251e-01 5.201e+00  1.024e+05
7.838887e-02   1.207e+05 2 inti1210   1.208e+05 1 inti1210   2.148e-01 3.437e+00  1.018e+05
7.871535e-02   1.185e+05 2 inti1210   1.186e+05 1 inti1210   2.102e-01 3.363e+00  1.002e+05
7.904156e-02   1.204e+05 0 inti1210   1.205e+05 1 inti1210   2.129e-01 3.406e+00  1.014e+05
7.936581e-02   1.824e+05 0 inti1210   1.825e+05 1 inti1210   3.208e-01 5.133e+00  1.043e+05
7.968935e-02   1.200e+05 2 inti1210   1.201e+05 1 inti1210   2.105e-01 3.369e+00  1.014e+05
8.001200e-02   1.223e+05 2 inti1210   1.224e+05 1 inti1210   2.139e-01 3.422e+00  1.033e+05
8.032934e-02   1.198e+05 2 inti1210   1.199e+05 1 inti1210   2.089e-01 3.342e+00  1.009e+05
8.065153e-02   1.844e+05 0 inti1210   1.846e+05 1 inti1210   3.201e-01 5.121e+00  1.047e+05
8.097431e-02   1.214e+05 2 inti1210   1.215e+05 1 inti1210   2.100e-01 3.361e+00  1.024e+05
8.129180e-02   1.211e+05 2 inti1210   1.212e+05 1 inti1210   2.090e-01 3.344e+00  1.023e+05
8.161360e-02   1.222e+05 0 inti1210   1.224e+05 1 inti1210   2.103e-01 3.366e+00  1.032e+05
8.194115e-02   1.923e+05 2 inti1210   1.924e+05 1 inti1210   3.292e-01 5.267e+00  1.074e+05
8.227231e-02   1.263e+05 2 inti1210   1.265e+05 1 inti1210   2.157e-01 3.451e+00  1.074e+05
8.261144e-02   1.228e+05 2 inti1210   1.229e+05 1 inti1210   2.089e-01 3.343e+00  1.039e+05
8.295173e-02   1.245e+05 2 inti1210   1.247e+05 1 inti1210   2.114e-01 3.382e+00  1.051e+05
8.328598e-02   1.876e+05 2 inti1210   1.878e+05 1 inti1210   3.168e-01 5.069e+00  1.072e+05
8.360956e-02   1.245e+05 0 inti1210   1.246e+05 1 inti1210   2.098e-01 3.356e+00  1.053e+05
8.393550e-02   1.267e+05 2 inti1210   1.268e+05 1 inti1210   2.127e-01 3.403e+00  1.075e+05
8.426862e-02   1.256e+05 2 inti1210   1.257e+05 1 inti1210   2.102e-01 3.364e+00  1.061e+05
8.460742e-02   1.820e+05 0 inti1210   1.822e+05 1 inti1210   3.033e-01 4.853e+00  1.106e+05
8.492694e-02   1.301e+05 2 inti1210   1.302e+05 1 inti1210   2.161e-01 3.458e+00  1.100e+05
8.525007e-02   1.287e+05 2 inti1210   1.288e+05 1 inti1210   2.133e-01 3.413e+00  1.091e+05
8.558023e-02   1.290e+05 2 inti1210   1.291e+05 1 inti1210   2.131e-01 3.409e+00  1.091e+05
8.591051e-02   1.933e+05 2 inti1210   1.934e+05 1 inti1210   3.178e-01 5.084e+00  1.123e+05
8.623176e-02   1.316e+05 0 inti1210   1.318e+05 1 inti1210   2.159e-01 3.454e+00  1.115e+05
8.655880e-02   1.310e+05 2 inti1210   1.311e+05 1 inti1210   2.141e-01 3.426e+00  1.112e+05
8.688441e-02   1.301e+05 2 inti1210   1.303e+05 1 inti1210   2.122e-01 3.395e+00  1.102e+05
8.720718e-02   1.973e+05 2 inti1210   1.974e+05 1 inti1210   3.202e-01 5.123e+00  1.126e+05
8.753646e-02   1.315e+05 2 inti1210   1.316e+05 1 inti1210   2.128e-01 3.405e+00  1.114e+05
8.786684e-02   1.311e+05 2 inti1210   1.312e+05 1 inti1210   2.115e-01 3.385e+00  1.112e+05
8.819164e-02   1.319e+05 2 inti1210   1.319e+05 1 inti1210   2.122e-01 3.395e+00  1.117e+05
8.852286e-02   1.974e+05 2 inti1210   1.975e+05 1 inti1210   3.162e-01 5.059e+00  1.137e+05
8.886059e-02   1.353e+05 0 inti1210   1.354e+05 1 inti1210   2.162e-01 3.459e+00  1.150e+05
8.918722e-02   1.333e+05 2 inti1210   1.334e+05 1 inti1210   2.123e-01 3.397e+00  1.133e+05
8.951928e-02   1.336e+05 2 inti1210   1.337e+05 1 inti1210   2.123e-01 3.397e+00  1.133e+05
8.985521e-02   2.073e+05 2 inti1210   2.074e+05 1 inti1210   3.278e-01 5.245e+00  1.173e+05
9.019388e-02   1.342e+05 2 inti1210   1.343e+05 1 inti1210   2.117e-01 3.387e+00  1.138e+05
9.053424e-02   1.347e+05 2 inti1210   1.348e+05 1 inti1210   2.118e-01 3.389e+00  1.144e+05
9.087390e-02   1.354e+05 0 inti1210   1.355e+05 1 inti1210   2.122e-01 3.396e+00  1.148e+05
9.121637e-02   2.067e+05 0 inti1210   2.069e+05 1 inti1210   3.226e-01 5.161e+00  1.182e+05
9.156715e-02   1.364e+05 2 inti1210   1.365e+05 1 inti1210   2.122e-01 3.395e+00  1.158e+05
9.192693e-02   1.376e+05 2 inti1210   1.377e+05 1 inti1210   2.135e-01 3.416e+00  1.169e+05
9.226956e-02   1.372e+05 0 inti1210   1.373e+05 1 inti1210   2.122e-01 3.395e+00  1.165e+05
9.260915e-02   2.036e+05 2 inti1210   2.037e+05 1 inti1210   3.135e-01 5.015e+00  1.191e+05
9.295833e-02   1.384e+05 2 inti1210   1.385e+05 1 inti1210   2.125e-01 3.401e+00  1.175e+05
9.329842e-02   1.381e+05 2 inti1210   1.382e+05 1 inti1210   2.114e-01 3.382e+00  1.180e+05
9.363887e-02   1.393e+05 0 inti1210   1.395e+05 1 inti1210   2.128e-01 3.404e+00  1.186e+05
9.397986e-02   2.093e+05 2 inti1210   2.094e+05 1 inti1210   3.182e-01 5.092e+00  1.213e+05
9.432148e-02   1.443e+05 0 inti1210   1.443e+05 1 inti1210   2.186e-01 3.498e+00  1.214e+05
9.466367e-02   1.387e+05 0 inti1210   1.388e+05 3 inti1210   2.097e-01 3.355e+00  1.182e+05
9.500638e-02   1.375e+05 0 inti1210   1.375e+05 1 inti1210   2.072e-01 3.315e+00  1.171e+05
9.534981e-02   2.144e+05 0 inti1210   2.145e+05 1 inti1210   3.217e-01 5.147e+00  1.225e+05
9.569320e-02   1.400e+05 0 inti1210   1.401e+05 1 inti1210   2.095e-01 3.352e+00  1.195e+05
9.603959e-02   1.387e+05 0 inti1210   1.388e+05 1 inti1210   2.070e-01 3.312e+00  1.184e+05
9.639323e-02   1.393e+05 0 inti1210   1.394e+05 3 inti1210   2.072e-01 3.316e+00  1.188e+05
9.675691e-02   2.126e+05 0 inti1210   2.126e+05 1 inti1210   3.148e-01 5.036e+00  1.220e+05
9.712293e-02   1.396e+05 0 inti1210   1.398e+05 1 inti1210   2.062e-01 3.300e+00  1.192e+05
9.747902e-02   1.423e+05 0 inti1210   1.424e+05 1 inti1210   2.094e-01 3.351e+00  1.216e+05
9.782182e-02   1.415e+05 0 inti1210   1.416e+05 1 inti1210   2.077e-01 3.323e+00  1.208e+05
9.816722e-02   2.153e+05 0 inti1210   2.155e+05 1 inti1210   3.147e-01 5.034e+00  1.249e+05
9.852088e-02   1.426e+05 0 inti1210   1.427e+05 1 inti1210   2.078e-01 3.325e+00  1.217e+05
9.888142e-02   1.442e+05 0 inti1210   1.443e+05 1 inti1210   2.094e-01 3.351e+00  1.235e+05
9.924146e-02   1.426e+05 0 inti1210   1.427e+05 1 inti1210   2.065e-01 3.305e+00  1.220e+05
9.959262e-02   2.174e+05 0 inti1210   2.175e+05 1 inti1210   3.134e-01 5.014e+00  1.271e+05
9.993963e-02   1.452e+05 0 inti1210   1.453e+05 1 inti1210   2.087e-01 3.340e+00  1.241e+05
1.002952e-01   1.456e+05 0 inti1210   1.456e+05 1 inti1210   2.086e-01 3.338e+00  1.250e+05
1.006537e-01   1.450e+05 0 inti1210   1.452e+05 3 inti1210   2.073e-01 3.317e+00  1.241e+05
1.010113e-01   2.242e+05 0 inti1210   2.242e+05 3 inti1210   3.188e-01 5.101e+00  1.287e+05
1.013618e-01   1.471e+05 0 inti1210   1.472e+05 1 inti1210   2.086e-01 3.338e+00  1.257e+05
1.017110e-01   1.464e+05 0 inti1210   1.465e+05 3 inti1210   2.071e-01 3.313e+00  1.255e+05
1.020611e-01   1.466e+05 0 inti1210   1.566e+05 1 inti1210   2.207e-01 3.531e+00  1.256e+05
1.024139e-01   2.203e+05 0 inti1210   2.204e+05 1 inti1210   3.093e-01 4.948e+00  1.291e+05
1.027676e-01   1.489e+05 0 inti1210   1.490e+05 1 inti1210   2.083e-01 3.333e+00  1.278e+05
1.031215e-01   1.487e+05 0 inti1210   1.487e+05 1 inti1210   2.074e-01 3.319e+00  1.279e+05
1.034697e-01   1.493e+05 0 inti1210   1.494e+05 1 inti1210   2.077e-01 3.323e+00  1.282e+05
1.038192e-01   2.267e+05 0 inti1210   2.268e+05 1 inti1210   3.139e-01 5.023e+00  1.299e+05
1.041736e-01   1.498e+05 0 inti1210   1.499e+05 1 inti1210   2.069e-01 3.310e+00  1.286e+05
1.045292e-01   1.498e+05 0 inti1210   1.499e+05 1 inti1210   2.062e-01 3.299e+00  1.289e+05
1.048833e-01   1.496e+05 0 inti1210   1.497e+05 1 inti1210   2.053e-01 3.286e+00  1.284e+05
1.052410e-01   2.290e+05 0 inti1210   2.291e+05 3 inti1210   3.129e-01 5.007e+00  1.314e+05
1.055771e-01   1.513e+05 0 inti1210   1.515e+05 1 inti1210   2.062e-01 3.300e+00  1.301e+05
1.059158e-01   1.520e+05 0 inti1210   1.521e+05 1 inti1210   2.065e-01 3.305e+00  1.309e+05
1.062502e-01   1.521e+05 0 inti1210   1.523e+05 1 inti1210   2.061e-01 3.298e+00  1.308e+05
1.065774e-01   2.277e+05 0 inti1210   2.278e+05 3 inti1210   3.072e-01 4.914e+00  1.345e+05
1.069095e-01   1.531e+05 0 inti1210   1.532e+05 1 inti1210   2.060e-01 3.295e+00  1.318e+05
1.072293e-01   1.539e+05 0 inti1210   1.540e+05 1 inti1210   2.066e-01 3.306e+00  1.328e+05
1.075602e-01   1.548e+05 0 inti1210   1.550e+05 1 inti1210   2.073e-01 3.316e+00  1.334e+05
1.078840e-01   2.326e+05 0 inti1210   2.327e+05 1 inti1210   3.100e-01 4.959e+00  1.362e+05
1.082098e-01   1.552e+05 0 inti1210   1.553e+05 1 inti1210   2.063e-01 3.301e+00  1.337e+05
1.085435e-01   1.567e+05 0 inti1210   1.568e+05 3 inti1210   2.078e-01 3.324e+00  1.354e+05
1.088650e-01   1.558e+05 0 inti1210   1.560e+05 1 inti1210   2.061e-01 3.298e+00  1.342e+05
1.091943e-01   2.349e+05 0 inti1210   2.350e+05 1 inti1210   3.094e-01 4.951e+00  1.369e+05
1.095271e-01   1.558e+05 0 inti1210   1.559e+05 1 inti1210   2.046e-01 3.274e+00  1.346e+05
1.098518e-01   1.710e+05 0 inti1210   1.712e+05 1 inti1210   2.241e-01 3.586e+00  1.466e+05
1.101822e-01   1.562e+05 0 inti1210   1.563e+05 1 inti1210   2.041e-01 3.266e+00  1.351e+05
1.105174e-01   2.316e+05 0 inti1210   2.317e+05 3 inti1210   3.013e-01 4.821e+00  1.381e+05
1.108510e-01   1.565e+05 0 inti1210   1.567e+05 1 inti1210   2.033e-01 3.253e+00  1.354e+05
1.111816e-01   1.573e+05 0 inti1210   1.574e+05 1 inti1210   2.037e-01 3.259e+00  1.364e+05
1.115169e-01   1.598e+05 0 inti1210   1.599e+05 3 inti1210   2.063e-01 3.301e+00  1.386e+05
1.118564e-01   2.450e+05 0 inti1210   2.452e+05 1 inti1210   3.151e-01 5.042e+00  1.419e+05
1.122000e-01   1.578e+05 0 inti1210   1.579e+05 1 inti1210   2.024e-01 3.239e+00  1.365e+05
1.125354e-01   1.588e+05 0 inti1210   1.589e+05 1 inti1210   2.032e-01 3.252e+00  1.379e+05
1.128747e-01   1.591e+05 0 inti1210   1.592e+05 1 inti1210   2.030e-01 3.249e+00  1.379e+05
1.132166e-01   2.502e+05 0 inti1210   2.502e+05 1 inti1210   3.179e-01 5.087e+00  1.426e+05
1.135614e-01   1.624e+05 0 inti1210   1.626e+05 1 inti1210   2.060e-01 3.296e+00  1.406e+05
1.139073e-01   1.625e+05 0 inti1210   1.625e+05 1 inti1210   2.054e-01 3.286e+00  1.411e+05
1.142594e-01   1.637e+05 0 inti1210   1.638e+05 1 inti1210   2.064e-01 3.303e+00  1.416e+05
1.146198e-01   2.443e+05 0 inti1210   2.444e+05 1 inti1210   3.068e-01 4.909e+00  1.465e+05
1.149600e-01   1.635e+05 0 inti1210   1.636e+05 1 inti1210   2.048e-01 3.278e+00  1.417e+05
1.153024e-01   1.620e+05 0 inti1210   1.621e+05 1 inti1210   2.023e-01 3.237e+00  1.407e+05
1.156455e-01   1.625e+05 0 inti1210   1.627e+05 1 inti1210   2.026e-01 3.241e+00  1.407e+05
1.159919e-01   2.473e+05 0 inti1210   2.475e+05 1 inti1210   3.069e-01 4.911e+00  1.439e+05
1.163522e-01   1.641e+05 0 inti1210   1.642e+05 1 inti1210   2.031e-01 3.250e+00  1.423e+05
1.166995e-01   1.643e+05 0 inti1210   1.644e+05 1 inti1210   2.029e-01 3.247e+00  1.428e+05
1.170323e-01   1.645e+05 0 inti1210   1.646e+05 1 inti1210   2.027e-01 3.243e+00  1.427e+05
1.173535e-01   2.523e+05 0 inti1210   2.524e+05 1 inti1210   3.095e-01 4.952e+00  1.488e+05
1.176739e-01   1.663e+05 0 inti1210   1.664e+05 1 inti1210   2.037e-01 3.258e+00  1.441e+05
1.179934e-01   1.664e+05 0 inti1210   1.665e+05 1 inti1210   2.032e-01 3.252e+00  1.444e+05
1.183261e-01   1.699e+05 0 inti1210   1.701e+05 1 inti1210   2.071e-01 3.314e+00  1.479e+05
1.186477e-01   2.363e+05 0 inti1210   2.364e+05 1 inti1210   2.869e-01 4.590e+00  1.482e+05
1.189651e-01   1.677e+05 0 inti1210   1.679e+05 1 inti1210   2.033e-01 3.252e+00  1.456e+05
1.192867e-01   1.686e+05 0 inti1210   1.687e+05 1 inti1210   2.039e-01 3.262e+00  1.468e+05
1.196121e-01   1.692e+05 0 inti1210   1.693e+05 1 inti1210   2.040e-01 3.264e+00  1.471e+05
1.199514e-01   2.546e+05 0 inti1210   2.548e+05 1 inti1210   3.060e-01 4.897e+00  1.504e+05
1.203090e-01   1.703e+05 0 inti1210   1.704e+05 1 inti1210   2.042e-01 3.267e+00  1.479e+05
1.206775e-01   1.712e+05 0 inti1210   1.713e+05 3 inti1210   2.047e-01 3.275e+00  1.487e+05
1.210576e-01   1.722e+05 0 inti1210   1.723e+05 1 inti1210   2.053e-01 3.285e+00  1.496e+05
1.214532e-01   2.689e+05 0 inti1210   2.690e+05 1 inti1210   3.192e-01 5.108e+00  1.553e+05
1.218660e-01   1.742e+05 0 inti1210   1.743e+05 1 inti1210   2.063e-01 3.300e+00  1.514e+05
1.222859e-01   1.745e+05 0 inti1210   1.746e+05 1 inti1210   2.060e-01 3.296e+00  1.516e+05
1.226813e-01   1.752e+05 0 inti1210   1.753e+05 1 inti1210   2.063e-01 3.300e+00  1.523e+05
1.230630e-01   2.768e+05 0 inti1210   2.769e+05 3 inti1210   3.244e-01 5.191e+00  1.573e+05
1.234432e-01   1.771e+05 0 inti1210   1.772e+05 1 inti1210   2.071e-01 3.314e+00  1.540e+05
1.238236e-01   1.769e+05 0 inti1210   1.770e+05 1 inti1210   2.064e-01 3.303e+00  1.542e+05
1.242179e-01   1.774e+05 0 inti1210   1.775e+05 1 inti1210   2.065e-01 3.304e+00  1.544e+05
1.246771e-01   2.776e+05 0 inti1210   2.777e+05 3 inti1210   3.219e-01 5.150e+00  1.598e+05
1.251316e-01   1.797e+05 0 inti1210   1.798e+05 1 inti1210   2.077e-01 3.324e+00  1.562e+05
1.255958e-01   1.802e+05 0 inti1210   1.804e+05 1 inti1210   2.078e-01 3.325e+00  1.567e+05
1.260569e-01   1.810e+05 0 inti1210   1.812e+05 1 inti1210   2.081e-01 3.330e+00  1.573e+05
1.265295e-01   2.735e+05 0 inti1210   2.736e+05 1 inti1210   3.129e-01 5.006e+00  1.635e+05
1.269733e-01   1.838e+05 0 inti1210   1.839e+05 3 inti1210   2.098e-01 3.356e+00  1.600e+05
1.274174e-01   1.839e+05 0 inti1210   1.839e+05 1 inti1210   2.092e-01 3.347e+00  1.601e+05
1.278667e-01   1.833e+05 0 inti1210   1.835e+05 1 inti1210   2.082e-01 3.331e+00  1.591e+05
1.283447e-01   2.753e+05 0 inti1210   2.754e+05 1 inti1210   3.111e-01 4.978e+00  1.657e+05
1.288203e-01   1.865e+05 0 inti1210   1.866e+05 1 inti1210   2.101e-01 3.362e+00  1.621e+05
1.293027e-01   1.866e+05 0 inti1210   1.867e+05 1 inti1210   2.097e-01 3.356e+00  1.624e+05
1.297839e-01   1.871e+05 0 inti1210   1.872e+05 1 inti1210   2.096e-01 3.354e+00  1.626e+05
1.302634e-01   2.717e+05 0 inti1210   2.718e+05 1 inti1210   3.030e-01 4.848e+00  1.668e+05
1.307323e-01   1.884e+05 0 inti1210   1.885e+05 1 inti1210   2.097e-01 3.355e+00  1.637e+05
1.311992e-01   1.886e+05 0 inti1210   1.887e+05 1 inti1210   2.093e-01 3.349e+00  1.641e+05
1.316705e-01   1.901e+05 0 inti1210   1.904e+05 1 inti1210   2.107e-01 3.371e+00  1.654e+05
1.321398e-01   2.784e+05 0 inti1210   2.785e+05 1 inti1210   3.068e-01 4.908e+00  1.689e+05
1.326058e-01   1.902e+05 0 inti1210   1.903e+05 1 inti1210   2.092e-01 3.347e+00  1.655e+05
1.330726e-01   1.907e+05 0 inti1210   1.908e+05 1 inti1210   2.091e-01 3.346e+00  1.660e+05
1.335383e-01   1.927e+05 0 inti1210   1.928e+05 1 inti1210   2.108e-01 3.373e+00  1.680e+05
1.340078e-01   2.790e+05 0 inti1210   2.791e+05 1 inti1210   3.040e-01 4.864e+00  1.700e+05
1.344769e-01   1.937e+05 0 inti1210   1.939e+05 1 inti1210   2.107e-01 3.371e+00  1.687e+05
1.349505e-01   1.944e+05 0 inti1210   1.945e+05 1 inti1210   2.107e-01 3.372e+00  1.694e+05
1.354236e-01   1.971e+05 0 inti1210   1.973e+05 1 inti1210   2.132e-01 3.411e+00  1.720e+05
1.358986e-01   2.862e+05 0 inti1210   2.863e+05 1 inti1210   3.083e-01 4.932e+00  1.715e+05
1.363717e-01   1.958e+05 0 inti1210   1.959e+05 1 inti1210   2.104e-01 3.366e+00  1.707e+05
1.368453e-01   1.946e+05 0 inti1210   1.947e+05 1 inti1210   2.086e-01 3.338e+00  1.698e+05
1.373162e-01   1.969e+05 0 inti1210   1.971e+05 1 inti1210   2.107e-01 3.371e+00  1.717e+05
1.377873e-01   2.825e+05 0 inti1210   2.827e+05 1 inti1210   3.012e-01 4.819e+00  1.767e+05
1.382561e-01   1.991e+05 0 inti1210   1.993e+05 1 inti1210   2.119e-01 3.390e+00  1.735e+05
1.387261e-01   1.998e+05 0 inti1210   2.000e+05 1 inti1210   2.121e-01 3.394e+00  1.745e+05
1.391946e-01   1.987e+05 0 inti1210   1.989e+05 1 inti1210   2.106e-01 3.369e+00  1.731e+05
1.396645e-01   3.015e+05 0 inti1210   3.016e+05 1 inti1210   3.182e-01 5.092e+00  1.784e+05
1.401332e-01   2.009e+05 0 inti1210   2.010e+05 1 inti1210   2.117e-01 3.386e+00  1.754e+05
1.406035e-01   2.004e+05 0 inti1210   2.004e+05 1 inti1210   2.106e-01 3.370e+00  1.750e+05
1.410732e-01   2.011e+05 0 inti1210   2.012e+05 1 inti1210   2.110e-01 3.375e+00  1.755e+05
1.415443e-01   2.967e+05 0 inti1210   2.968e+05 1 inti1210   3.103e-01 4.965e+00  1.802e+05
1.420132e-01   2.026e+05 0 inti1210   2.028e+05 1 inti1210   2.116e-01 3.386e+00  1.768e+05
1.424811e-01   2.031e+05 0 inti1210   2.032e+05 1 inti1210   2.117e-01 3.387e+00  1.776e+05
1.429480e-01   2.038e+05 0 inti1210   2.039e+05 1 inti1210   2.120e-01 3.391e+00  1.780e+05
1.434193e-01   2.980e+05 0 inti1210   2.980e+05 1 inti1210   3.089e-01 4.942e+00  1.815e+05
1.438876e-01   2.051e+05 0 inti1210   2.053e+05 1 inti1210   2.124e-01 3.399e+00  1.793e+05
1.443541e-01   2.064e+05 0 inti1210   2.065e+05 1 inti1210   2.133e-01 3.413e+00  1.783e+05
1.448188e-01   2.037e+05 0 inti1210   2.039e+05 1 inti1210   2.102e-01 3.362e+00  1.769e+05
1.452828e-01   3.046e+05 0 inti1210   3.047e+05 1 inti1210   3.132e-01 5.012e+00  1.816e+05
1.457410e-01   2.052e+05 0 inti1210   2.054e+05 1 inti1210   2.108e-01 3.372e+00  1.782e+05
1.461944e-01   2.048e+05 0 inti1210   2.049e+05 1 inti1210   2.099e-01 3.359e+00  1.783e+05
1.466389e-01   2.050e+05 0 inti1210   2.051e+05 1 inti1210   2.098e-01 3.357e+00  1.786e+05
1.470774e-01   2.816e+05 0 inti1210   2.818e+05 1 inti1210   2.875e-01 4.600e+00  1.826e+05
1.475103e-01   2.063e+05 0 inti1210   2.064e+05 1 inti1210   2.103e-01 3.365e+00  1.794e+05
1.479412e-01   3.247e+05 0 inti1210   3.249e+05 1 inti1210   3.305e-01 5.288e+00  2.985e+05
1.483704e-01   2.072e+05 0 inti1210   2.074e+05 1 inti1210   2.107e-01 3.371e+00  1.806e+05
1.488000e-01   2.962e+05 0 inti1210   2.964e+05 1 inti1210   3.005e-01 4.807e+00  1.833e+05
1.492291e-01   2.076e+05 0 inti1210   2.077e+05 1 inti1210   2.102e-01 3.364e+00  1.806e+05
1.496597e-01   2.113e+05 0 inti1210   2.114e+05 1 inti1210   2.137e-01 3.419e+00  1.847e+05
1.500909e-01   2.085e+05 0 inti1210   2.086e+05 1 inti1210   2.106e-01 3.370e+00  1.820e+05
1.505254e-01   2.941e+05 0 inti1210   2.942e+05 1 inti1210   2.965e-01 4.743e+00  1.840e+05
1.509627e-01   2.087e+05 0 inti1210   2.088e+05 1 inti1210   2.101e-01 3.362e+00  1.822e+05
1.514066e-01   2.086e+05 0 inti1210   2.087e+05 1 inti1210   2.097e-01 3.356e+00  1.823e+05
1.518583e-01   2.112e+05 0 inti1210   2.114e+05 1 inti1210   2.121e-01 3.394e+00  1.841e+05
1.523222e-01   3.040e+05 0 inti1210   3.041e+05 1 inti1210   3.047e-01 4.875e+00  1.862e+05
1.527922e-01   2.091e+05 0 inti1210   2.092e+05 1 inti1210   2.093e-01 3.349e+00  1.824e+05
1.532677e-01   2.097e+05 0 inti1210   2.098e+05 1 inti1210   2.096e-01 3.354e+00  1.830e+05
1.537439e-01   2.104e+05 0 inti1210   2.106e+05 1 inti1210   2.102e-01 3.363e+00  1.837e+05
1.542248e-01   3.026e+05 0 inti1210   3.027e+05 1 inti1210   3.016e-01 4.825e+00  1.873e+05
1.547097e-01   2.107e+05 2 inti1210   2.109e+05 1 inti1210   2.098e-01 3.357e+00  1.839e+05
1.551966e-01   2.118e+05 0 inti1210   2.119e+05 1 inti1210   2.106e-01 3.370e+00  1.848e+05
1.556846e-01   2.115e+05 0 inti1210   2.116e+05 1 inti1210   2.100e-01 3.360e+00  1.846e+05
1.561738e-01   3.018e+05 0 inti1210   3.020e+05 1 inti1210   2.992e-01 4.787e+00  1.873e+05
1.566611e-01   2.109e+05 0 inti1210   2.111e+05 1 inti1210   2.089e-01 3.342e+00  1.839e+05
1.571460e-01   2.114e+05 0 inti1210   2.115e+05 1 inti1210   2.091e-01 3.346e+00  1.846e+05
1.576127e-01   2.122e+05 0 inti1210   2.124e+05 1 inti1210   2.098e-01 3.357e+00  1.850e+05
1.580908e-01   2.927e+05 0 inti1210   2.928e+05 1 inti1210   2.889e-01 4.622e+00  1.863e+05
1.585637e-01   2.123e+05 0 inti1210   2.124e+05 1 inti1210   2.093e-01 3.349e+00  1.853e+05
1.590267e-01   2.126e+05 0 inti1210   2.128e+05 1 inti1210   2.096e-01 3.353e+00  1.860e+05
1.594922e-01   2.129e+05 0 inti1210   2.130e+05 1 inti1210   2.097e-01 3.355e+00  1.860e+05
1.599647e-01   3.099e+05 0 inti1210   3.100e+05 1 inti1210   3.048e-01 4.877e+00  1.884e+05
1.604378e-01   2.160e+05 0 inti1210   2.162e+05 1 inti1210   2.124e-01 3.398e+00  1.890e+05
1.609107e-01   2.129e+05 0 inti1210   2.130e+05 1 inti1210   2.092e-01 3.347e+00  1.862e+05
1.613785e-01   2.127e+05 0 inti1210   2.129e+05 1 inti1210   2.089e-01 3.342e+00  1.857e+05
1.618536e-01   2.875e+05 0 inti1210   2.876e+05 1 inti1210   2.818e-01 4.509e+00  1.888e+05
1.623307e-01   2.134e+05 0 inti1210   2.135e+05 1 inti1210   2.090e-01 3.345e+00  1.864e+05
1.628102e-01   2.136e+05 0 inti1210   2.137e+05 1 inti1210   2.091e-01 3.345e+00  1.869e+05
1.632922e-01   2.139e+05 0 inti1210   2.140e+05 1 inti1210   2.093e-01 3.348e+00  1.870e+05
1.637752e-01   3.064e+05 0 inti1210   3.066e+05 1 inti1210   2.994e-01 4.791e+00  1.890e+05
1.642598e-01   2.169e+05 0 inti1210   2.170e+05 1 inti1210   2.118e-01 3.388e+00  1.900e+05
1.647446e-01   2.147e+05 0 inti1210   2.148e+05 1 inti1210   2.095e-01 3.352e+00  1.878e+05
1.652295e-01   2.152e+05 0 inti1210   2.153e+05 1 inti1210   2.098e-01 3.357e+00  1.882e+05
1.657144e-01   3.059e+05 0 inti1210   3.061e+05 1 inti1210   2.980e-01 4.768e+00  1.901e+05
1.661993e-01   2.151e+05 0 inti1210   2.153e+05 1 inti1210   2.095e-01 3.351e+00  1.881e+05
1.666841e-01   2.159e+05 0 inti1210   2.160e+05 1 inti1210   2.099e-01 3.359e+00  1.890e+05
1.671686e-01   2.162e+05 0 inti1210   2.164e+05 1 inti1210   2.102e-01 3.364e+00  1.890e+05
1.676528e-01   3.105e+05 0 inti1210   3.106e+05 1 inti1210   3.015e-01 4.824e+00  1.920e+05
1.681366e-01   2.160e+05 0 inti1210   2.161e+05 1 inti1210   2.095e-01 3.353e+00  1.889e+05
1.686202e-01   2.160e+05 0 inti1210   2.161e+05 1 inti1210   2.095e-01 3.351e+00  1.892e+05
1.691035e-01   2.165e+05 0 inti1210   2.166e+05 1 inti1210   2.097e-01 3.356e+00  1.895e+05
1.695867e-01   3.179e+05 0 inti1210   3.181e+05 1 inti1210   3.078e-01 4.924e+00  1.924e+05
1.700695e-01   2.178e+05 0 inti1210   2.179e+05 1 inti1210   2.107e-01 3.371e+00  1.905e+05
1.705522e-01   2.175e+05 0 inti1210   2.176e+05 1 inti1210   2.103e-01 3.364e+00  1.904e+05
1.710364e-01   2.219e+05 0 inti1210   2.220e+05 1 inti1210   2.144e-01 3.431e+00  1.946e+05
1.715207e-01   3.146e+05 0 inti1210   3.147e+05 1 inti1210   3.036e-01 4.858e+00  1.946e+05
1.720064e-01   2.217e+05 0 inti1210   2.218e+05 1 inti1210   2.139e-01 3.423e+00  1.942e+05
1.724943e-01   2.177e+05 0 inti1210   2.178e+05 1 inti1210   2.099e-01 3.358e+00  1.907e+05
1.729844e-01   2.183e+05 0 inti1210   2.184e+05 1 inti1210   2.104e-01 3.366e+00  1.911e+05
1.734752e-01   3.208e+05 0 inti1210   3.209e+05 1 inti1210   3.088e-01 4.941e+00  1.934e+05
1.739654e-01   2.191e+05 0 inti1210   2.192e+05 1 inti1210   2.109e-01 3.374e+00  1.917e+05
1.744551e-01   2.185e+05 0 inti1210   2.187e+05 1 inti1210   2.103e-01 3.365e+00  1.916e+05
1.749444e-01   2.187e+05 0 inti1210   2.189e+05 1 inti1210   2.103e-01 3.365e+00  1.916e+05
1.754333e-01   3.136e+05 3 inti1210   3.137e+05 1 inti1210   3.013e-01 4.821e+00  1.946e+05
1.759221e-01   2.206e+05 0 inti1210   2.207e+05 1 inti1210   2.118e-01 3.389e+00  1.916e+05
1.764112e-01   2.228e+05 0 inti1210   2.228e+05 1 inti1210   2.138e-01 3.420e+00  1.957e+05
1.769007e-01   2.191e+05 0 inti1210   2.193e+05 1 inti1210   2.103e-01 3.364e+00  1.919e+05
1.773366e-01   3.128e+05 0 inti1210   3.130e+05 1 inti1210   2.999e-01 4.799e+00  1.942e+05
1.777237e-01   2.328e+05 2 inti1210   2.330e+05 1 inti1210   2.232e-01 3.571e+00  2.028e+05
1.781125e-01   2.202e+05 0 inti1210   2.204e+05 1 inti1210   2.110e-01 3.377e+00  1.923e+05
1.785100e-01   2.197e+05 2 inti1210   2.198e+05 1 inti1210   2.104e-01 3.366e+00  1.915e+05
1.789166e-01   3.188e+05 2 inti1210   3.189e+05 1 inti1210   3.050e-01 4.881e+00  1.971e+05
1.793907e-01   2.207e+05 2 inti1210   2.208e+05 1 inti1210   2.111e-01 3.378e+00  1.924e+05
1.798867e-01   2.207e+05 2 inti1210   2.209e+05 1 inti1210   2.111e-01 3.378e+00  1.928e+05
1.803805e-01   2.198e+05 0 inti1210   2.200e+05 1 inti1210   2.102e-01 3.363e+00  1.917e+05
1.808686e-01   3.126e+05 2 inti1210   3.128e+05 1 inti1210   2.987e-01 4.779e+00  1.944e+05
1.813288e-01   2.207e+05 2 inti1210   2.208e+05 1 inti1210   2.108e-01 3.373e+00  1.924e+05
1.818004e-01   2.208e+05 2 inti1210   2.210e+05 1 inti1210   2.109e-01 3.374e+00  1.930e+05
1.823037e-01   2.214e+05 0 inti1210   2.215e+05 1 inti1210   2.113e-01 3.381e+00  1.931e+05
1.828112e-01   2.903e+05 0 inti1210   2.905e+05 1 inti1210   2.770e-01 4.431e+00  1.947e+05
1.833110e-01   2.208e+05 2 inti1210   2.210e+05 1 inti1210   2.107e-01 3.370e+00  1.924e+05
1.837141e-01   2.220e+05 2 inti1210   2.221e+05 1 inti1210   2.117e-01 3.387e+00  1.940e+05
1.841334e-01   2.206e+05 2 inti1210   2.207e+05 1 inti1210   2.103e-01 3.365e+00  1.924e+05
1.845484e-01   2.890e+05 2 inti1210   2.891e+05 1 inti1210   2.754e-01 4.407e+00  1.960e+05
1.849487e-01   2.226e+05 2 inti1210   2.227e+05 1 inti1210   2.121e-01 3.393e+00  1.943e+05
1.853503e-01   2.228e+05 0 inti1210   2.230e+05 1 inti1210   2.123e-01 3.396e+00  1.947e+05
1.857716e-01   2.223e+05 2 inti1210   2.225e+05 1 inti1210   2.117e-01 3.388e+00  1.941e+05
1.861994e-01   2.913e+05 2 inti1210   2.915e+05 1 inti1210   2.774e-01 4.438e+00  1.966e+05
1.866673e-01   2.236e+05 2 inti1210   2.237e+05 3 inti1210   2.128e-01 3.405e+00  1.949e+05
1.871207e-01   2.229e+05 2 inti1210   2.230e+05 1 inti1210   2.121e-01 3.394e+00  1.945e+05
1.875671e-01   2.232e+05 2 inti1210   2.234e+05 1 inti1210   2.124e-01 3.399e+00  1.946e+05
1.880047e-01   3.082e+05 2 inti1210   3.083e+05 1 inti1210   2.931e-01 4.690e+00  1.987e+05
1.884378e-01   2.236e+05 0 inti1210   2.237e+05 1 inti1210   2.126e-01 3.402e+00  1.949e+05
1.888689e-01   2.235e+05 2 inti1210   2.236e+05 1 inti1210   2.126e-01 3.401e+00  1.952e+05
1.892976e-01   2.230e+05 2 inti1210   2.232e+05 1 inti1210   2.121e-01 3.394e+00  1.946e+05
1.897553e-01   3.130e+05 2 inti1210   3.132e+05 1 inti1210   2.976e-01 4.761e+00  1.967e+05
1.902385e-01   2.242e+05 2 inti1210   2.243e+05 1 inti1210   2.131e-01 3.410e+00  1.957e+05
1.907068e-01   2.228e+05 2 inti1210   2.229e+05 1 inti1210   2.118e-01 3.388e+00  1.947e+05
1.911810e-01   2.224e+05 2 inti1210   2.225e+05 1 inti1210   2.114e-01 3.382e+00  1.941e+05
1.916576e-01   2.943e+05 0 inti1210   2.945e+05 1 inti1210   2.797e-01 4.476e+00  1.959e+05
1.921456e-01   2.231e+05 2 inti1210   2.232e+05 1 inti1210   2.120e-01 3.391e+00  1.948e+05
1.926348e-01   2.228e+05 2 inti1210   2.229e+05 1 inti1210   2.117e-01 3.387e+00  1.947e+05
1.931228e-01   2.226e+05 2 inti1210   2.227e+05 1 inti1210   2.115e-01 3.384e+00  1.944e+05
1.935992e-01   3.134e+05 2 inti1210   3.135e+05 1 inti1210   2.977e-01 4.762e+00  1.959e+05
1.940741e-01   2.230e+05 0 inti1210   2.231e+05 1 inti1210   2.119e-01 3.390e+00  1.946e+05
1.945493e-01   2.224e+05 2 inti1210   2.225e+05 1 inti1210   2.113e-01 3.380e+00  1.945e+05
1.950163e-01   2.233e+05 0 inti1210   2.234e+05 1 inti1210   2.121e-01 3.394e+00  1.951e+05
1.954806e-01   2.922e+05 2 inti1210   2.923e+05 1 inti1210   2.775e-01 4.440e+00  1.967e+05
1.959419e-01   2.229e+05 0 inti1210   2.231e+05 1 inti1210   2.117e-01 3.388e+00  1.946e+05
1.964018e-01   2.231e+05 0 inti1210   2.239e+05 3 inti1210   2.125e-01 3.400e+00  1.950e+05
1.968657e-01   2.233e+05 2 inti1210   2.235e+05 1 inti1210   2.121e-01 3.393e+00  1.950e+05
1.973103e-01   3.123e+05 2 inti1210   3.124e+05 1 inti1210   2.965e-01 4.744e+00  1.968e+05
1.977776e-01   2.239e+05 2 inti1210   2.240e+05 1 inti1210   2.126e-01 3.402e+00  1.956e+05
1.982685e-01   2.232e+05 0 inti1210   2.233e+05 3 inti1210   2.119e-01 3.390e+00  1.950e+05
1.987610e-01   2.233e+05 0 inti1210   2.235e+05 1 inti1210   2.121e-01 3.393e+00  1.950e+05
1.992567e-01   2.899e+05 2 inti1210   2.900e+05 1 inti1210   2.752e-01 4.403e+00  1.966e+05
1.997454e-01   2.231e+05 2 inti1210   2.232e+05 1 inti1210   2.118e-01 3.388e+00  1.948e+05
