# 1  : Date
# 2  : Temps elapsed min (mus)
# 3  : Rang temps elapsed min
# 4  : Noeud temps elapsed min
# 5  : Temps elapsed max (mus)
# 6  : Rang temps elapsed max
# 7  : Noeud temps elapsed max
# 8  : Grind time (mus/maille/cycle)
# 9  : Grind time équivalent séquentiel (#8 X nb_de_coeurs)
#     1     2     3     4      5      6      7       8      9
#   ATTENTION  les temps cpu schémas sont données dans l'ordre alphabétique des schémas WARNING
#  10: TELAPS Hydro (mus)
5.511308e-05   4.059e+04 0 inti1224   4.065e+04 3 inti1224   2.947e-01 4.715e+00  3.181e+04
1.063825e-04   4.076e+04 0 inti1224   4.082e+04 3 inti1224   2.956e-01 4.729e+00  3.200e+04
1.867304e-04   6.431e+04 0 inti1224   6.438e+04 3 inti1224   4.648e-01 7.438e+00  3.270e+04
2.869762e-04   4.151e+04 0 inti1224   4.160e+04 3 inti1224   2.998e-01 4.797e+00  3.268e+04
4.069615e-04   4.100e+04 0 inti1224   4.110e+04 3 inti1224   2.948e-01 4.717e+00  3.228e+04
5.462302e-04   4.119e+04 0 inti1224   4.128e+04 3 inti1224   2.950e-01 4.721e+00  3.241e+04
7.026675e-04   7.390e+04 0 inti1224   7.403e+04 3 inti1224   5.256e-01 8.409e+00  4.438e+04
8.751919e-04   4.181e+04 0 inti1224   4.190e+04 3 inti1224   2.965e-01 4.745e+00  3.297e+04
1.064437e-03   4.210e+04 0 inti1224   4.218e+04 3 inti1224   2.965e-01 4.744e+00  3.319e+04
1.269918e-03   4.254e+04 0 inti1224   4.264e+04 3 inti1224   2.972e-01 4.756e+00  3.359e+04
1.489628e-03   6.587e+04 0 inti1224   6.597e+04 3 inti1224   4.563e-01 7.301e+00  3.472e+04
1.723153e-03   4.336e+04 0 inti1224   4.347e+04 3 inti1224   2.993e-01 4.789e+00  3.434e+04
1.970373e-03   4.397e+04 1 inti1224   4.405e+04 3 inti1224   3.008e-01 4.813e+00  3.472e+04
2.230041e-03   4.457e+04 1 inti1224   4.466e+04 3 inti1224   3.022e-01 4.835e+00  3.534e+04
2.502918e-03   7.234e+04 1 inti1224   7.242e+04 3 inti1224   4.852e-01 7.763e+00  3.609e+04
2.788369e-03   4.548e+04 1 inti1224   4.558e+04 3 inti1224   3.040e-01 4.863e+00  3.628e+04
3.078924e-03   4.565e+04 1 inti1224   4.573e+04 3 inti1224   3.024e-01 4.839e+00  3.641e+04
3.371051e-03   4.961e+04 0 inti1224   4.983e+04 3 inti1224   3.261e-01 5.218e+00  3.776e+04
3.665044e-03   7.086e+04 0 inti1224   7.101e+04 3 inti1224   4.605e-01 7.369e+00  3.634e+04
3.962056e-03   4.502e+04 0 inti1224   4.518e+04 3 inti1224   2.915e-01 4.664e+00  3.615e+04
4.263234e-03   4.528e+04 0 inti1224   4.542e+04 3 inti1224   2.904e-01 4.646e+00  3.606e+04
4.568602e-03   4.566e+04 0 inti1224   4.590e+04 3 inti1224   2.919e-01 4.670e+00  3.672e+04
4.849592e-03   7.194e+04 0 inti1224   7.211e+04 3 inti1224   4.547e-01 7.275e+00  3.871e+04
5.116389e-03   4.774e+04 0 inti1224   4.791e+04 3 inti1224   3.005e-01 4.808e+00  3.856e+04
5.357918e-03   4.826e+04 0 inti1224   4.840e+04 3 inti1224   3.010e-01 4.816e+00  3.882e+04
5.600790e-03   4.885e+04 0 inti1224   4.899e+04 3 inti1224   3.024e-01 4.838e+00  3.950e+04
5.864974e-03   7.833e+04 0 inti1224   7.849e+04 3 inti1224   4.793e-01 7.669e+00  4.074e+04
6.139886e-03   4.983e+04 0 inti1224   4.999e+04 3 inti1224   3.040e-01 4.863e+00  4.052e+04
6.396636e-03   5.073e+04 0 inti1224   5.088e+04 3 inti1224   3.063e-01 4.900e+00  4.103e+04
6.637446e-03   5.112e+04 0 inti1224   5.129e+04 3 inti1224   3.060e-01 4.896e+00  4.156e+04
6.865574e-03   8.766e+04 0 inti1224   8.774e+04 3 inti1224   5.196e-01 8.313e+00  4.319e+04
7.079287e-03   5.177e+04 0 inti1224   5.194e+04 3 inti1224   3.069e-01 4.910e+00  4.213e+04
7.262149e-03   5.236e+04 0 inti1224   5.253e+04 3 inti1224   3.078e-01 4.925e+00  4.247e+04
7.406239e-03   5.259e+04 0 inti1224   5.275e+04 3 inti1224   3.078e-01 4.925e+00  4.287e+04
7.542579e-03   1.319e+05 0 inti1224   1.327e+05 1 inti1224   7.708e-01 1.233e+01  4.170e+04
7.679041e-03   4.916e+04 1 inti1224   4.922e+04 3 inti1224   2.853e-01 4.565e+00  3.968e+04
7.815082e-03   4.945e+04 1 inti1224   4.953e+04 2 inti1224   2.861e-01 4.577e+00  3.992e+04
7.952545e-03   4.926e+04 1 inti1224   4.935e+04 2 inti1224   2.836e-01 4.537e+00  3.981e+04
8.091309e-03   7.827e+04 1 inti1224   7.836e+04 2 inti1224   4.483e-01 7.173e+00  4.094e+04
8.233414e-03   5.013e+04 1 inti1224   5.021e+04 2 inti1224   2.867e-01 4.588e+00  4.048e+04
8.379449e-03   5.017e+04 0 inti1224   5.031e+04 2 inti1224   2.858e-01 4.573e+00  4.046e+04
8.530861e-03   5.047e+04 0 inti1224   5.059e+04 2 inti1224   2.859e-01 4.575e+00  4.068e+04
8.688602e-03   8.038e+04 1 inti1224   8.047e+04 2 inti1224   4.532e-01 7.250e+00  4.242e+04
8.853919e-03   5.081e+04 1 inti1224   5.092e+04 2 inti1224   2.860e-01 4.576e+00  4.115e+04
9.027641e-03   5.089e+04 1 inti1224   5.099e+04 2 inti1224   2.847e-01 4.555e+00  4.119e+04
9.209930e-03   5.124e+04 1 inti1224   5.133e+04 3 inti1224   2.849e-01 4.558e+00  4.157e+04
9.401021e-03   7.984e+04 1 inti1224   7.994e+04 3 inti1224   4.412e-01 7.059e+00  4.215e+04
9.600798e-03   5.162e+04 1 inti1224   5.172e+04 2 inti1224   2.846e-01 4.553e+00  4.201e+04
9.808549e-03   5.209e+04 1 inti1224   5.217e+04 2 inti1224   2.850e-01 4.560e+00  4.232e+04
1.002392e-02   5.230e+04 1 inti1224   5.239e+04 2 inti1224   2.844e-01 4.550e+00  4.260e+04
1.024606e-02   8.198e+04 1 inti1224   8.208e+04 2 inti1224   4.425e-01 7.080e+00  4.624e+04
1.047462e-02   6.014e+04 1 inti1224   6.027e+04 2 inti1224   3.238e-01 5.180e+00  4.558e+04
1.070880e-02   5.337e+04 0 inti1224   5.341e+04 2 inti1224   2.850e-01 4.559e+00  4.344e+04
1.094825e-02   5.372e+04 0 inti1224   5.376e+04 2 inti1224   2.847e-01 4.555e+00  4.367e+04
1.119215e-02   8.282e+04 0 inti1224   8.296e+04 2 inti1224   4.357e-01 6.971e+00  4.451e+04
1.144012e-02   5.417e+04 0 inti1224   5.422e+04 2 inti1224   2.837e-01 4.540e+00  4.406e+04
1.169163e-02   5.464e+04 0 inti1224   5.469e+04 2 inti1224   2.840e-01 4.544e+00  4.469e+04
1.194661e-02   5.510e+04 0 inti1224   5.515e+04 2 inti1224   2.839e-01 4.543e+00  4.492e+04
1.220508e-02   8.504e+04 0 inti1224   8.510e+04 2 inti1224   4.349e-01 6.959e+00  4.572e+04
1.246711e-02   5.583e+04 0 inti1224   5.597e+04 2 inti1224   2.849e-01 4.559e+00  4.569e+04
1.273306e-02   5.714e+04 0 inti1224   5.718e+04 2 inti1224   2.886e-01 4.617e+00  4.689e+04
1.300319e-02   5.644e+04 0 inti1224   5.648e+04 2 inti1224   2.826e-01 4.522e+00  4.623e+04
1.327767e-02   8.779e+04 0 inti1224   8.785e+04 2 inti1224   4.363e-01 6.981e+00  4.922e+04
1.355652e-02   5.801e+04 3 inti1224   5.804e+04 1 inti1224   2.870e-01 4.592e+00  4.710e+04
1.383829e-02   5.917e+04 0 inti1224   5.918e+04 1 inti1224   2.906e-01 4.650e+00  4.842e+04
1.412293e-02   5.976e+04 3 inti1224   5.988e+04 1 inti1224   2.913e-01 4.661e+00  4.818e+04
1.441056e-02   8.893e+04 0 inti1224   8.904e+04 3 inti1224   4.295e-01 6.871e+00  4.895e+04
1.470085e-02   5.931e+04 0 inti1224   5.934e+04 1 inti1224   2.850e-01 4.561e+00  4.824e+04
1.499420e-02   5.936e+04 3 inti1224   5.938e+04 1 inti1224   2.830e-01 4.527e+00  4.859e+04
1.529018e-02   6.005e+04 3 inti1224   6.006e+04 1 inti1224   2.837e-01 4.540e+00  4.901e+04
1.558876e-02   9.325e+04 0 inti1224   9.336e+04 1 inti1224   4.377e-01 7.003e+00  5.134e+04
1.589006e-02   6.058e+04 0 inti1224   6.062e+04 1 inti1224   2.829e-01 4.527e+00  4.952e+04
1.619371e-02   6.104e+04 3 inti1224   6.105e+04 1 inti1224   2.826e-01 4.522e+00  5.008e+04
1.649972e-02   6.162e+04 0 inti1224   6.169e+04 1 inti1224   2.831e-01 4.530e+00  5.032e+04
1.680794e-02   9.572e+04 0 inti1224   9.583e+04 3 inti1224   4.362e-01 6.980e+00  5.240e+04
1.711834e-02   6.228e+04 0 inti1224   6.231e+04 3 inti1224   2.826e-01 4.521e+00  5.106e+04
1.743104e-02   6.348e+04 0 inti1224   6.349e+04 1 inti1224   2.855e-01 4.568e+00  5.236e+04
1.774574e-02   6.443e+04 0 inti1224   6.456e+04 2 inti1224   2.878e-01 4.605e+00  5.300e+04
1.806249e-02   9.962e+04 0 inti1224   9.964e+04 1 inti1224   4.404e-01 7.047e+00  5.392e+04
1.838077e-02   6.434e+04 0 inti1224   6.443e+04 1 inti1224   2.837e-01 4.540e+00  5.295e+04
1.870037e-02   6.370e+04 1 inti1224   6.378e+04 3 inti1224   2.783e-01 4.453e+00  5.229e+04
1.902115e-02   6.359e+04 0 inti1224   6.365e+04 3 inti1224   2.754e-01 4.406e+00  5.206e+04
1.934313e-02   9.928e+04 0 inti1224   9.944e+04 3 inti1224   4.269e-01 6.830e+00  5.344e+04
1.966710e-02   6.791e+04 0 inti1224   6.810e+04 3 inti1224   2.909e-01 4.654e+00  5.479e+04
1.999298e-02   6.456e+04 0 inti1224   6.460e+04 3 inti1224   2.736e-01 4.377e+00  5.310e+04
2.032174e-02   6.510e+04 0 inti1224   6.514e+04 3 inti1224   2.736e-01 4.378e+00  5.346e+04
2.065332e-02   1.017e+05 0 inti1224   1.017e+05 3 inti1224   4.238e-01 6.781e+00  5.488e+04
2.098827e-02   6.519e+04 0 inti1224   6.526e+04 3 inti1224   2.707e-01 4.331e+00  5.358e+04
2.132702e-02   6.553e+04 0 inti1224   6.557e+04 3 inti1224   2.694e-01 4.310e+00  5.410e+04
2.166911e-02   6.674e+04 0 inti1224   6.681e+04 3 inti1224   2.721e-01 4.354e+00  5.498e+04
2.201476e-02   1.041e+05 0 inti1224   1.042e+05 3 inti1224   4.204e-01 6.727e+00  5.610e+04
2.236402e-02   6.718e+04 0 inti1224   6.725e+04 3 inti1224   2.704e-01 4.326e+00  5.538e+04
2.271629e-02   6.697e+04 1 inti1224   6.704e+04 3 inti1224   2.671e-01 4.274e+00  5.549e+04
2.307169e-02   6.781e+04 0 inti1224   6.788e+04 3 inti1224   2.681e-01 4.290e+00  5.608e+04
2.343042e-02   1.004e+05 0 inti1224   1.005e+05 3 inti1224   3.934e-01 6.295e+00  5.780e+04
2.379263e-02   7.294e+04 0 inti1224   7.302e+04 3 inti1224   2.845e-01 4.552e+00  6.036e+04
2.415804e-02   7.009e+04 0 inti1224   7.016e+04 3 inti1224   2.710e-01 4.336e+00  5.820e+04
2.452374e-02   7.137e+04 0 inti1224   7.144e+04 3 inti1224   2.735e-01 4.375e+00  5.936e+04
2.488930e-02   1.082e+05 0 inti1224   1.083e+05 3 inti1224   4.108e-01 6.573e+00  5.904e+04
2.525482e-02   7.001e+04 0 inti1224   7.016e+04 3 inti1224   2.648e-01 4.237e+00  5.801e+04
2.562042e-02   7.072e+04 1 inti1224   7.079e+04 3 inti1224   2.648e-01 4.237e+00  5.878e+04
2.598625e-02   7.147e+04 1 inti1224   7.155e+04 3 inti1224   2.653e-01 4.245e+00  5.938e+04
2.635238e-02   1.090e+05 1 inti1224   1.091e+05 3 inti1224   4.009e-01 6.414e+00  6.096e+04
2.671857e-02   7.253e+04 0 inti1224   7.258e+04 3 inti1224   2.657e-01 4.251e+00  5.959e+04
2.708522e-02   7.263e+04 2 inti1224   7.265e+04 3 inti1224   2.636e-01 4.217e+00  5.992e+04
2.745271e-02   7.340e+04 2 inti1224   7.345e+04 3 inti1224   2.640e-01 4.224e+00  6.048e+04
2.782149e-02   1.122e+05 2 inti1224   1.123e+05 3 inti1224   4.003e-01 6.405e+00  6.204e+04
2.819164e-02   7.443e+04 0 inti1224   7.447e+04 3 inti1224   2.644e-01 4.230e+00  6.139e+04
2.856294e-02   7.457e+04 2 inti1224   7.461e+04 3 inti1224   2.627e-01 4.203e+00  6.179e+04
2.893579e-02   7.543e+04 2 inti1224   7.546e+04 3 inti1224   2.635e-01 4.217e+00  6.235e+04
2.931058e-02   1.279e+05 0 inti1224   1.281e+05 3 inti1224   4.438e-01 7.101e+00  7.619e+04
2.968743e-02   7.607e+04 0 inti1224   7.614e+04 3 inti1224   2.628e-01 4.204e+00  6.283e+04
3.006607e-02   7.646e+04 0 inti1224   7.650e+04 3 inti1224   2.618e-01 4.188e+00  6.343e+04
3.044650e-02   7.704e+04 0 inti1224   7.709e+04 3 inti1224   2.617e-01 4.188e+00  6.378e+04
3.082867e-02   1.184e+05 0 inti1224   1.184e+05 3 inti1224   3.991e-01 6.386e+00  6.544e+04
3.121247e-02   7.732e+04 0 inti1224   7.735e+04 3 inti1224   2.596e-01 4.154e+00  6.396e+04
3.159794e-02   7.784e+04 0 inti1224   7.789e+04 3 inti1224   2.593e-01 4.149e+00  6.464e+04
3.198476e-02   7.827e+04 2 inti1224   7.831e+04 3 inti1224   2.588e-01 4.140e+00  6.490e+04
3.237293e-02   1.189e+05 0 inti1224   1.191e+05 3 inti1224   3.904e-01 6.246e+00  6.692e+04
3.276244e-02   7.872e+04 0 inti1224   7.890e+04 3 inti1224   2.577e-01 4.124e+00  6.530e+04
3.315149e-02   7.916e+04 0 inti1224   7.921e+04 3 inti1224   2.567e-01 4.107e+00  6.592e+04
3.353607e-02   7.973e+04 0 inti1224   7.979e+04 3 inti1224   2.566e-01 4.106e+00  6.610e+04
3.391865e-02   1.224e+05 0 inti1224   1.225e+05 3 inti1224   3.911e-01 6.257e+00  6.822e+04
3.430486e-02   8.040e+04 0 inti1224   8.046e+04 3 inti1224   2.559e-01 4.095e+00  6.674e+04
3.469591e-02   8.100e+04 0 inti1224   8.104e+04 3 inti1224   2.559e-01 4.095e+00  6.760e+04
3.508988e-02   8.104e+04 0 inti1224   8.108e+04 3 inti1224   2.541e-01 4.066e+00  6.716e+04
3.548399e-02   1.230e+05 0 inti1224   1.231e+05 3 inti1224   3.830e-01 6.128e+00  6.940e+04
3.587762e-02   8.229e+04 0 inti1224   8.237e+04 3 inti1224   2.553e-01 4.084e+00  6.865e+04
3.627091e-02   8.218e+04 0 inti1224   8.223e+04 3 inti1224   2.530e-01 4.048e+00  6.860e+04
3.666408e-02   8.245e+04 0 inti1224   8.252e+04 3 inti1224   2.520e-01 4.033e+00  6.868e+04
3.705405e-02   1.304e+05 0 inti1224   1.306e+05 3 inti1224   3.959e-01 6.334e+00  7.112e+04
3.741619e-02   8.328e+04 0 inti1224   8.338e+04 3 inti1224   2.520e-01 4.032e+00  6.939e+04
3.775850e-02   8.370e+04 0 inti1224   8.376e+04 3 inti1224   2.516e-01 4.025e+00  6.994e+04
3.809152e-02   8.423e+04 0 inti1224   8.438e+04 3 inti1224   2.519e-01 4.030e+00  7.027e+04
3.841778e-02   1.296e+05 0 inti1224   1.298e+05 3 inti1224   3.850e-01 6.159e+00  7.245e+04
3.873796e-02   8.470e+04 0 inti1224   8.478e+04 3 inti1224   2.508e-01 4.014e+00  7.075e+04
3.905477e-02   8.479e+04 0 inti1224   8.486e+04 3 inti1224   2.498e-01 3.997e+00  7.109e+04
3.936971e-02   8.595e+04 0 inti1224   8.611e+04 3 inti1224   2.522e-01 4.035e+00  7.191e+04
3.968323e-02   1.477e+05 0 inti1224   1.478e+05 1 inti1224   4.307e-01 6.892e+00  7.772e+04
3.999642e-02   8.789e+04 0 inti1224   8.793e+04 2 inti1224   2.556e-01 4.090e+00  7.315e+04
4.031036e-02   8.440e+04 2 inti1224   8.443e+04 3 inti1224   2.443e-01 3.908e+00  7.023e+04
4.062539e-02   8.486e+04 0 inti1224   8.492e+04 3 inti1224   2.445e-01 3.913e+00  7.054e+04
4.094158e-02   1.321e+05 0 inti1224   1.322e+05 3 inti1224   3.787e-01 6.059e+00  7.286e+04
4.125925e-02   8.486e+04 0 inti1224   8.492e+04 3 inti1224   2.428e-01 3.884e+00  7.064e+04
4.157848e-02   8.555e+04 0 inti1224   8.562e+04 3 inti1224   2.436e-01 3.898e+00  7.143e+04
4.189967e-02   8.620e+04 0 inti1224   8.625e+04 3 inti1224   2.443e-01 3.909e+00  7.202e+04
4.222292e-02   1.328e+05 0 inti1224   1.329e+05 3 inti1224   3.747e-01 5.995e+00  7.361e+04
4.254797e-02   8.678e+04 0 inti1224   8.683e+04 3 inti1224   2.442e-01 3.908e+00  7.244e+04
4.287450e-02   8.636e+04 0 inti1224   8.645e+04 3 inti1224   2.420e-01 3.872e+00  7.217e+04
4.320229e-02   8.654e+04 0 inti1224   8.660e+04 3 inti1224   2.414e-01 3.862e+00  7.219e+04
4.353106e-02   1.385e+05 0 inti1224   1.386e+05 3 inti1224   3.846e-01 6.154e+00  7.613e+04
4.386078e-02   8.779e+04 0 inti1224   8.786e+04 3 inti1224   2.433e-01 3.892e+00  7.342e+04
4.419129e-02   8.816e+04 0 inti1224   8.888e+04 2 inti1224   2.450e-01 3.919e+00  7.310e+04
4.452275e-02   8.716e+04 0 inti1224   8.722e+04 3 inti1224   2.393e-01 3.829e+00  7.284e+04
4.485548e-02   1.365e+05 0 inti1224   1.365e+05 3 inti1224   3.729e-01 5.967e+00  7.550e+04
4.518986e-02   8.811e+04 0 inti1224   8.826e+04 3 inti1224   2.406e-01 3.850e+00  7.344e+04
4.552602e-02   8.818e+04 0 inti1224   8.824e+04 3 inti1224   2.395e-01 3.832e+00  7.383e+04
4.586386e-02   8.828e+04 0 inti1224   8.835e+04 3 inti1224   2.387e-01 3.819e+00  7.370e+04
4.620311e-02   1.340e+05 0 inti1224   1.341e+05 3 inti1224   3.607e-01 5.771e+00  7.540e+04
4.654366e-02   8.864e+04 1 inti1224   8.939e+04 3 inti1224   2.399e-01 3.839e+00  7.411e+04
4.688538e-02   8.888e+04 0 inti1224   8.897e+04 3 inti1224   2.377e-01 3.803e+00  7.454e+04
4.722851e-02   8.914e+04 0 inti1224   8.922e+04 3 inti1224   2.373e-01 3.797e+00  7.441e+04
4.757287e-02   1.399e+05 0 inti1224   1.399e+05 3 inti1224   3.707e-01 5.931e+00  7.785e+04
4.791844e-02   8.962e+04 0 inti1224   8.971e+04 3 inti1224   2.370e-01 3.792e+00  7.494e+04
4.826491e-02   8.987e+04 0 inti1224   8.995e+04 3 inti1224   2.366e-01 3.786e+00  7.539e+04
4.861233e-02   8.980e+04 0 inti1224   8.986e+04 3 inti1224   2.353e-01 3.765e+00  7.522e+04
4.896077e-02   1.385e+05 0 inti1224   1.386e+05 3 inti1224   3.615e-01 5.784e+00  7.736e+04
4.931062e-02   9.059e+04 0 inti1224   9.065e+04 3 inti1224   2.359e-01 3.774e+00  7.567e+04
4.966221e-02   9.054e+04 0 inti1224   9.061e+04 3 inti1224   2.348e-01 3.756e+00  7.597e+04
5.001548e-02   9.094e+04 0 inti1224   9.098e+04 3 inti1224   2.347e-01 3.755e+00  7.598e+04
5.037075e-02   1.310e+05 0 inti1224   1.311e+05 3 inti1224   3.365e-01 5.384e+00  7.786e+04
5.072823e-02   9.160e+04 0 inti1224   9.168e+04 3 inti1224   2.349e-01 3.758e+00  7.671e+04
5.108815e-02   9.121e+04 0 inti1224   9.128e+04 3 inti1224   2.328e-01 3.725e+00  7.661e+04
5.145080e-02   9.093e+04 0 inti1224   9.101e+04 3 inti1224   2.311e-01 3.697e+00  7.616e+04
5.181622e-02   1.388e+05 0 inti1224   1.389e+05 3 inti1224   3.510e-01 5.616e+00  7.791e+04
5.218434e-02   9.131e+04 0 inti1224   9.138e+04 3 inti1224   2.305e-01 3.688e+00  7.650e+04
5.255513e-02   9.219e+04 0 inti1224   9.225e+04 3 inti1224   2.316e-01 3.706e+00  7.750e+04
5.292841e-02   9.194e+04 0 inti1224   9.209e+04 3 inti1224   2.301e-01 3.682e+00  7.697e+04
5.330370e-02   1.401e+05 0 inti1224   1.402e+05 3 inti1224   3.487e-01 5.580e+00  7.932e+04
5.368074e-02   9.298e+04 0 inti1224   9.306e+04 3 inti1224   2.310e-01 3.697e+00  7.790e+04
5.405938e-02   9.308e+04 0 inti1224   9.316e+04 3 inti1224   2.302e-01 3.683e+00  7.822e+04
5.443933e-02   9.314e+04 0 inti1224   9.322e+04 3 inti1224   2.293e-01 3.668e+00  7.793e+04
5.482014e-02   1.636e+05 0 inti1224   1.637e+05 3 inti1224   4.007e-01 6.412e+00  8.224e+04
5.520164e-02   9.400e+04 0 inti1224   9.409e+04 3 inti1224   2.298e-01 3.677e+00  7.859e+04
5.558393e-02   9.409e+04 0 inti1224   9.424e+04 3 inti1224   2.292e-01 3.667e+00  7.900e+04
5.596721e-02   9.416e+04 0 inti1224   9.423e+04 3 inti1224   2.280e-01 3.649e+00  7.865e+04
5.635155e-02   1.456e+05 0 inti1224   1.456e+05 3 inti1224   3.508e-01 5.613e+00  8.137e+04
5.673714e-02   9.496e+04 0 inti1224   9.503e+04 3 inti1224   2.284e-01 3.655e+00  7.937e+04
5.712417e-02   9.500e+04 0 inti1224   9.507e+04 3 inti1224   2.274e-01 3.638e+00  7.977e+04
5.751276e-02   9.561e+04 0 inti1224   9.568e+04 3 inti1224   2.278e-01 3.645e+00  8.005e+04
5.790290e-02   1.465e+05 0 inti1224   1.466e+05 3 inti1224   3.474e-01 5.559e+00  8.168e+04
5.829478e-02   9.649e+04 0 inti1224   9.656e+04 3 inti1224   2.284e-01 3.654e+00  8.060e+04
5.868824e-02   9.675e+04 0 inti1224   9.684e+04 3 inti1224   2.279e-01 3.647e+00  8.100e+04
5.908249e-02   9.778e+04 0 inti1224   9.784e+04 3 inti1224   2.292e-01 3.666e+00  8.182e+04
5.947675e-02   1.539e+05 0 inti1224   1.540e+05 3 inti1224   3.590e-01 5.743e+00  8.899e+04
5.987082e-02   9.671e+04 0 inti1224   9.678e+04 3 inti1224   2.251e-01 3.602e+00  8.085e+04
6.026507e-02   9.773e+04 0 inti1224   9.779e+04 3 inti1224   2.264e-01 3.623e+00  8.222e+04
6.066024e-02   9.753e+04 0 inti1224   9.770e+04 3 inti1224   2.250e-01 3.601e+00  8.191e+04
6.105710e-02   1.562e+05 0 inti1224   1.563e+05 3 inti1224   3.584e-01 5.734e+00  8.557e+04
6.145613e-02   9.824e+04 0 inti1224   9.833e+04 3 inti1224   2.249e-01 3.598e+00  8.231e+04
6.185708e-02   9.831e+04 0 inti1224   9.838e+04 3 inti1224   2.239e-01 3.582e+00  8.252e+04
6.225821e-02   1.000e+05 0 inti1224   1.001e+05 3 inti1224   2.266e-01 3.626e+00  8.404e+04
6.265932e-02   1.552e+05 0 inti1224   1.553e+05 3 inti1224   3.499e-01 5.598e+00  8.569e+04
6.306075e-02   9.925e+04 0 inti1224   9.941e+04 3 inti1224   2.235e-01 3.575e+00  8.325e+04
6.346259e-02   9.938e+04 0 inti1224   9.945e+04 3 inti1224   2.224e-01 3.559e+00  8.357e+04
6.386461e-02   9.990e+04 0 inti1224   9.996e+04 3 inti1224   2.225e-01 3.560e+00  8.393e+04
6.426670e-02   1.554e+05 0 inti1224   1.555e+05 3 inti1224   3.444e-01 5.510e+00  8.635e+04
6.466917e-02   1.000e+05 0 inti1224   1.001e+05 3 inti1224   2.211e-01 3.538e+00  8.382e+04
6.507281e-02   1.004e+05 0 inti1224   1.005e+05 3 inti1224   2.208e-01 3.533e+00  8.449e+04
6.547826e-02   1.007e+05 0 inti1224   1.009e+05 3 inti1224   2.207e-01 3.531e+00  8.459e+04
6.588501e-02   1.585e+05 0 inti1224   1.586e+05 3 inti1224   3.452e-01 5.523e+00  8.760e+04
6.629221e-02   1.021e+05 0 inti1224   1.022e+05 3 inti1224   2.220e-01 3.552e+00  8.562e+04
6.669993e-02   1.020e+05 0 inti1224   1.020e+05 3 inti1224   2.205e-01 3.527e+00  8.577e+04
6.710830e-02   1.043e+05 0 inti1224   1.044e+05 3 inti1224   2.244e-01 3.591e+00  8.783e+04
6.751743e-02   1.686e+05 0 inti1224   1.687e+05 3 inti1224   3.607e-01 5.770e+00  9.223e+04
6.792748e-02   1.048e+05 0 inti1224   1.049e+05 3 inti1224   2.239e-01 3.583e+00  8.807e+04
6.833813e-02   1.032e+05 0 inti1224   1.032e+05 3 inti1224   2.191e-01 3.506e+00  8.682e+04
6.874763e-02   1.060e+05 0 inti1224   1.061e+05 3 inti1224   2.241e-01 3.585e+00  8.948e+04
6.915658e-02   1.795e+05 0 inti1224   1.795e+05 3 inti1224   3.773e-01 6.037e+00  9.226e+04
6.949034e-02   1.071e+05 0 inti1224   1.072e+05 3 inti1224   2.248e-01 3.596e+00  9.057e+04
6.981296e-02   1.053e+05 0 inti1224   1.053e+05 3 inti1224   2.200e-01 3.520e+00  8.893e+04
7.013346e-02   1.056e+05 0 inti1224   1.057e+05 3 inti1224   2.200e-01 3.520e+00  8.900e+04
7.045543e-02   1.557e+05 0 inti1224   1.558e+05 3 inti1224   3.229e-01 5.166e+00  9.095e+04
7.077891e-02   1.073e+05 0 inti1224   1.073e+05 3 inti1224   2.220e-01 3.552e+00  9.046e+04
7.109797e-02   1.072e+05 0 inti1224   1.072e+05 3 inti1224   2.209e-01 3.535e+00  9.065e+04
7.141870e-02   1.077e+05 0 inti1224   1.078e+05 3 inti1224   2.211e-01 3.538e+00  9.038e+04
7.174480e-02   1.642e+05 0 inti1224   1.643e+05 3 inti1224   3.359e-01 5.374e+00  9.287e+04
7.207321e-02   1.088e+05 0 inti1224   1.090e+05 3 inti1224   2.223e-01 3.556e+00  9.176e+04
7.238977e-02   1.095e+05 0 inti1224   1.096e+05 3 inti1224   2.227e-01 3.564e+00  9.283e+04
7.270567e-02   1.086e+05 0 inti1224   1.087e+05 3 inti1224   2.200e-01 3.521e+00  9.153e+04
7.302436e-02   1.672e+05 0 inti1224   1.672e+05 3 inti1224   3.373e-01 5.397e+00  9.402e+04
7.334099e-02   1.086e+05 0 inti1224   1.087e+05 3 inti1224   2.187e-01 3.500e+00  9.140e+04
7.365582e-02   1.091e+05 0 inti1224   1.091e+05 3 inti1224   2.189e-01 3.502e+00  9.223e+04
7.397121e-02   1.091e+05 0 inti1224   1.093e+05 3 inti1224   2.183e-01 3.493e+00  9.181e+04
7.429364e-02   1.707e+05 0 inti1224   1.708e+05 3 inti1224   3.401e-01 5.441e+00  9.523e+04
7.461061e-02   1.117e+05 0 inti1224   1.118e+05 3 inti1224   2.221e-01 3.554e+00  9.425e+04
7.492558e-02   1.100e+05 0 inti1224   1.101e+05 3 inti1224   2.179e-01 3.487e+00  9.288e+04
7.524141e-02   1.118e+05 0 inti1224   1.119e+05 3 inti1224   2.207e-01 3.530e+00  9.436e+04
7.556121e-02   1.678e+05 0 inti1224   1.679e+05 3 inti1224   3.301e-01 5.281e+00  9.630e+04
7.587774e-02   1.112e+05 0 inti1224   1.114e+05 3 inti1224   2.185e-01 3.496e+00  9.381e+04
7.619168e-02   1.110e+05 0 inti1224   1.110e+05 3 inti1224   2.171e-01 3.474e+00  9.376e+04
7.651261e-02   1.131e+05 0 inti1224   1.132e+05 3 inti1224   2.204e-01 3.527e+00  9.538e+04
7.683816e-02   1.719e+05 0 inti1224   1.720e+05 3 inti1224   3.338e-01 5.341e+00  9.733e+04
7.715221e-02   1.140e+05 0 inti1224   1.141e+05 3 inti1224   2.210e-01 3.537e+00  9.651e+04
7.746761e-02   1.122e+05 0 inti1224   1.122e+05 3 inti1224   2.168e-01 3.469e+00  9.487e+04
7.779109e-02   1.133e+05 0 inti1224   1.134e+05 3 inti1224   2.183e-01 3.493e+00  9.555e+04
7.811231e-02   1.749e+05 0 inti1224   1.749e+05 3 inti1224   3.355e-01 5.369e+00  9.840e+04
7.842363e-02   1.162e+05 0 inti1224   1.163e+05 3 inti1224   2.227e-01 3.564e+00  9.800e+04
7.874268e-02   1.135e+05 0 inti1224   1.135e+05 3 inti1224   2.167e-01 3.467e+00  9.584e+04
7.906687e-02   1.171e+05 0 inti1224   1.172e+05 3 inti1224   2.229e-01 3.567e+00  9.896e+04
7.937808e-02   1.804e+05 0 inti1224   1.805e+05 3 inti1224   3.422e-01 5.476e+00  9.984e+04
7.969250e-02   1.164e+05 0 inti1224   1.165e+05 3 inti1224   2.204e-01 3.526e+00  9.854e+04
8.001482e-02   1.147e+05 0 inti1224   1.147e+05 3 inti1224   2.164e-01 3.462e+00  9.705e+04
8.033028e-02   1.158e+05 0 inti1224   1.159e+05 3 inti1224   2.179e-01 3.486e+00  9.759e+04
8.064255e-02   1.698e+05 0 inti1224   1.698e+05 3 inti1224   3.183e-01 5.093e+00  9.912e+04
8.096131e-02   1.141e+05 0 inti1224   1.142e+05 3 inti1224   2.137e-01 3.419e+00  9.587e+04
8.128662e-02   1.159e+05 0 inti1224   1.160e+05 3 inti1224   2.162e-01 3.459e+00  9.783e+04
8.159820e-02   1.168e+05 0 inti1224   1.169e+05 3 inti1224   2.174e-01 3.478e+00  9.850e+04
8.191162e-02   1.697e+05 0 inti1224   1.698e+05 3 inti1224   3.146e-01 5.033e+00  1.004e+05
8.223715e-02   1.156e+05 0 inti1224   1.157e+05 3 inti1224   2.140e-01 3.424e+00  9.734e+04
8.255283e-02   1.158e+05 0 inti1224   1.159e+05 3 inti1224   2.137e-01 3.419e+00  9.771e+04
8.286300e-02   1.164e+05 0 inti1224   1.165e+05 3 inti1224   2.141e-01 3.426e+00  9.795e+04
8.317740e-02   1.836e+05 0 inti1224   1.837e+05 3 inti1224   3.366e-01 5.385e+00  1.005e+05
8.350467e-02   1.202e+05 0 inti1224   1.204e+05 2 inti1224   2.203e-01 3.525e+00  1.026e+05
8.381362e-02   1.199e+05 1 inti1224   1.199e+05 2 inti1224   2.187e-01 3.500e+00  1.025e+05
8.412409e-02   1.201e+05 1 inti1224   1.202e+05 2 inti1224   2.185e-01 3.495e+00  1.025e+05
8.444243e-02   1.798e+05 0 inti1224   1.800e+05 2 inti1224   3.262e-01 5.220e+00  1.055e+05
8.475961e-02   1.203e+05 0 inti1224   1.204e+05 2 inti1224   2.179e-01 3.487e+00  1.027e+05
8.507096e-02   1.191e+05 1 inti1224   1.192e+05 2 inti1224   2.150e-01 3.440e+00  1.017e+05
8.538506e-02   1.192e+05 0 inti1224   1.193e+05 2 inti1224   2.146e-01 3.433e+00  1.017e+05
8.571108e-02   1.765e+05 0 inti1224   1.766e+05 2 inti1224   3.166e-01 5.066e+00  1.036e+05
8.602124e-02   1.200e+05 0 inti1224   1.202e+05 2 inti1224   2.152e-01 3.443e+00  1.024e+05
8.633461e-02   1.197e+05 1 inti1224   1.198e+05 2 inti1224   2.137e-01 3.419e+00  1.022e+05
8.665619e-02   1.204e+05 1 inti1224   1.205e+05 2 inti1224   2.143e-01 3.430e+00  1.026e+05
8.696828e-02   1.774e+05 0 inti1224   1.775e+05 2 inti1224   3.149e-01 5.038e+00  1.042e+05
8.728166e-02   1.201e+05 0 inti1224   1.203e+05 2 inti1224   2.130e-01 3.409e+00  1.023e+05
8.760798e-02   1.204e+05 1 inti1224   1.205e+05 2 inti1224   2.128e-01 3.405e+00  1.029e+05
8.792063e-02   1.205e+05 1 inti1224   1.206e+05 2 inti1224   2.123e-01 3.397e+00  1.026e+05
8.823456e-02   1.789e+05 1 inti1224   1.790e+05 2 inti1224   3.142e-01 5.027e+00  1.042e+05
8.854988e-02   1.212e+05 1 inti1224   1.212e+05 2 inti1224   2.125e-01 3.400e+00  1.032e+05
8.886435e-02   1.204e+05 1 inti1224   1.205e+05 2 inti1224   2.106e-01 3.369e+00  1.027e+05
8.917635e-02   1.220e+05 1 inti1224   1.220e+05 2 inti1224   2.126e-01 3.401e+00  1.037e+05
8.949476e-02   1.854e+05 0 inti1224   1.856e+05 2 inti1224   3.224e-01 5.158e+00  1.056e+05
8.981186e-02   1.213e+05 0 inti1224   1.214e+05 2 inti1224   2.105e-01 3.368e+00  1.032e+05
9.012577e-02   1.214e+05 1 inti1224   1.215e+05 2 inti1224   2.101e-01 3.362e+00  1.035e+05
9.044497e-02   1.225e+05 1 inti1224   1.226e+05 2 inti1224   2.114e-01 3.383e+00  1.044e+05
9.075661e-02   1.830e+05 0 inti1224   1.830e+05 2 inti1224   3.147e-01 5.035e+00  1.063e+05
9.106893e-02   1.221e+05 0 inti1224   1.223e+05 2 inti1224   2.100e-01 3.360e+00  1.039e+05
9.137861e-02   1.223e+05 1 inti1224   1.224e+05 2 inti1224   2.095e-01 3.352e+00  1.042e+05
9.169935e-02   1.229e+05 1 inti1224   1.230e+05 2 inti1224   2.100e-01 3.361e+00  1.046e+05
9.200987e-02   1.793e+05 1 inti1224   1.794e+05 2 inti1224   3.053e-01 4.885e+00  1.059e+05
9.232508e-02   1.232e+05 1 inti1224   1.233e+05 2 inti1224   2.097e-01 3.356e+00  1.049e+05
9.263578e-02   1.232e+05 1 inti1224   1.233e+05 2 inti1224   2.090e-01 3.344e+00  1.050e+05
9.294687e-02   1.241e+05 0 inti1224   1.243e+05 2 inti1224   2.102e-01 3.363e+00  1.057e+05
9.326053e-02   1.879e+05 0 inti1224   1.880e+05 2 inti1224   3.170e-01 5.072e+00  1.080e+05
9.356882e-02   1.238e+05 1 inti1224   1.239e+05 2 inti1224   2.085e-01 3.336e+00  1.052e+05
9.388788e-02   1.241e+05 1 inti1224   1.242e+05 2 inti1224   2.085e-01 3.336e+00  1.058e+05
9.419505e-02   1.245e+05 1 inti1224   1.246e+05 2 inti1224   2.087e-01 3.339e+00  1.059e+05
9.450852e-02   2.073e+05 0 inti1224   2.075e+05 2 inti1224   3.464e-01 5.542e+00  1.100e+05
9.482171e-02   1.256e+05 0 inti1224   1.257e+05 2 inti1224   2.096e-01 3.353e+00  1.065e+05
9.513032e-02   1.271e+05 1 inti1224   1.272e+05 2 inti1224   2.114e-01 3.383e+00  1.083e+05
9.544864e-02   1.259e+05 1 inti1224   1.260e+05 2 inti1224   2.090e-01 3.345e+00  1.072e+05
9.575640e-02   1.931e+05 0 inti1224   1.932e+05 2 inti1224   3.196e-01 5.113e+00  1.108e+05
9.606865e-02   1.260e+05 0 inti1224   1.262e+05 2 inti1224   2.085e-01 3.336e+00  1.069e+05
9.638388e-02   1.268e+05 1 inti1224   1.269e+05 2 inti1224   2.090e-01 3.344e+00  1.079e+05
9.669252e-02   1.278e+05 1 inti1224   1.279e+05 2 inti1224   2.101e-01 3.361e+00  1.087e+05
9.700841e-02   1.981e+05 0 inti1224   1.982e+05 2 inti1224   3.249e-01 5.198e+00  1.122e+05
9.732243e-02   1.278e+05 1 inti1224   1.279e+05 2 inti1224   2.093e-01 3.349e+00  1.086e+05
9.763329e-02   1.282e+05 1 inti1224   1.283e+05 2 inti1224   2.094e-01 3.350e+00  1.092e+05
9.794530e-02   1.281e+05 1 inti1224   1.282e+05 2 inti1224   2.086e-01 3.338e+00  1.088e+05
9.825603e-02   1.935e+05 0 inti1224   1.937e+05 2 inti1224   3.144e-01 5.030e+00  1.126e+05
9.857173e-02   1.291e+05 0 inti1224   1.293e+05 2 inti1224   2.096e-01 3.353e+00  1.099e+05
9.889049e-02   1.283e+05 1 inti1224   1.284e+05 2 inti1224   2.076e-01 3.321e+00  1.095e+05
9.920686e-02   1.296e+05 1 inti1224   1.297e+05 2 inti1224   2.092e-01 3.346e+00  1.103e+05
9.952336e-02   1.985e+05 0 inti1224   1.987e+05 2 inti1224   3.197e-01 5.115e+00  1.131e+05
9.984083e-02   1.295e+05 1 inti1224   1.296e+05 2 inti1224   2.082e-01 3.331e+00  1.100e+05
1.001645e-01   1.407e+05 1 inti1224   1.408e+05 2 inti1224   2.256e-01 3.610e+00  1.172e+05
1.004914e-01   1.296e+05 0 inti1224   1.297e+05 2 inti1224   2.073e-01 3.317e+00  1.097e+05
1.008278e-01   1.965e+05 0 inti1224   1.967e+05 2 inti1224   3.135e-01 5.017e+00  1.126e+05
1.011538e-01   1.302e+05 1 inti1224   1.303e+05 2 inti1224   2.074e-01 3.319e+00  1.104e+05
1.014745e-01   1.302e+05 1 inti1224   1.303e+05 2 inti1224   2.069e-01 3.311e+00  1.106e+05
1.018095e-01   1.308e+05 1 inti1224   1.309e+05 2 inti1224   2.073e-01 3.317e+00  1.108e+05
1.021298e-01   2.017e+05 0 inti1224   2.019e+05 2 inti1224   3.189e-01 5.103e+00  1.130e+05
1.024556e-01   1.319e+05 1 inti1224   1.320e+05 2 inti1224   2.083e-01 3.332e+00  1.117e+05
1.027866e-01   1.332e+05 1 inti1224   1.333e+05 2 inti1224   2.097e-01 3.356e+00  1.127e+05
1.031063e-01   1.334e+05 1 inti1224   1.335e+05 2 inti1224   2.096e-01 3.353e+00  1.129e+05
1.034356e-01   1.971e+05 0 inti1224   1.973e+05 2 inti1224   3.090e-01 4.943e+00  1.148e+05
1.037585e-01   1.330e+05 0 inti1224   1.332e+05 2 inti1224   2.083e-01 3.333e+00  1.126e+05
1.040820e-01   1.325e+05 0 inti1224   1.326e+05 2 inti1224   2.069e-01 3.311e+00  1.127e+05
1.044125e-01   1.331e+05 0 inti1224   1.332e+05 2 inti1224   2.073e-01 3.316e+00  1.128e+05
1.047305e-01   2.037e+05 0 inti1224   2.039e+05 2 inti1224   3.166e-01 5.065e+00  1.175e+05
1.050569e-01   1.342e+05 1 inti1224   1.344e+05 2 inti1224   2.083e-01 3.333e+00  1.137e+05
1.053872e-01   1.339e+05 1 inti1224   1.340e+05 2 inti1224   2.073e-01 3.316e+00  1.137e+05
1.057067e-01   1.347e+05 0 inti1224   1.348e+05 2 inti1224   2.081e-01 3.330e+00  1.142e+05
1.060350e-01   1.977e+05 0 inti1224   1.978e+05 2 inti1224   3.046e-01 4.874e+00  1.177e+05
1.063629e-01   1.346e+05 0 inti1224   1.348e+05 2 inti1224   2.073e-01 3.317e+00  1.142e+05
1.066840e-01   1.359e+05 1 inti1224   1.360e+05 2 inti1224   2.086e-01 3.337e+00  1.156e+05
1.070115e-01   1.478e+05 1 inti1224   1.479e+05 2 inti1224   2.264e-01 3.622e+00  1.247e+05
1.073521e-01   1.986e+05 0 inti1224   1.987e+05 2 inti1224   3.035e-01 4.856e+00  1.213e+05
1.076715e-01   1.381e+05 1 inti1224   1.382e+05 2 inti1224   2.107e-01 3.372e+00  1.184e+05
1.079972e-01   1.376e+05 1 inti1224   1.377e+05 2 inti1224   2.095e-01 3.353e+00  1.181e+05
1.083294e-01   1.385e+05 0 inti1224   1.386e+05 2 inti1224   2.105e-01 3.368e+00  1.186e+05
1.086519e-01   2.086e+05 0 inti1224   2.088e+05 2 inti1224   3.162e-01 5.060e+00  1.207e+05
1.089758e-01   1.379e+05 1 inti1224   1.380e+05 2 inti1224   2.089e-01 3.342e+00  1.184e+05
1.093067e-01   1.380e+05 1 inti1224   1.381e+05 2 inti1224   2.085e-01 3.336e+00  1.186e+05
1.096374e-01   1.382e+05 1 inti1224   1.383e+05 2 inti1224   2.083e-01 3.333e+00  1.185e+05
1.099602e-01   2.039e+05 0 inti1224   2.041e+05 2 inti1224   3.068e-01 4.909e+00  1.201e+05
1.102892e-01   1.389e+05 0 inti1224   1.390e+05 2 inti1224   2.086e-01 3.338e+00  1.191e+05
1.106208e-01   1.470e+05 0 inti1224   1.471e+05 2 inti1224   2.203e-01 3.525e+00  1.238e+05
1.109418e-01   1.403e+05 1 inti1224   1.404e+05 2 inti1224   2.099e-01 3.358e+00  1.206e+05
1.112683e-01   2.042e+05 0 inti1224   2.044e+05 2 inti1224   3.049e-01 4.878e+00  1.204e+05
1.116016e-01   1.392e+05 1 inti1224   1.393e+05 2 inti1224   2.075e-01 3.321e+00  1.194e+05
1.119244e-01   1.395e+05 1 inti1224   1.396e+05 2 inti1224   2.075e-01 3.321e+00  1.199e+05
1.122480e-01   1.389e+05 0 inti1224   1.390e+05 2 inti1224   2.063e-01 3.301e+00  1.190e+05
1.125763e-01   2.107e+05 0 inti1224   2.109e+05 2 inti1224   3.122e-01 4.996e+00  1.219e+05
1.129127e-01   1.397e+05 0 inti1224   1.398e+05 2 inti1224   2.068e-01 3.309e+00  1.197e+05
1.132330e-01   1.400e+05 1 inti1224   1.402e+05 2 inti1224   2.069e-01 3.310e+00  1.203e+05
1.135576e-01   1.403e+05 1 inti1224   1.404e+05 2 inti1224   2.068e-01 3.309e+00  1.204e+05
1.138856e-01   2.069e+05 1 inti1224   2.070e+05 2 inti1224   3.043e-01 4.869e+00  1.220e+05
1.142215e-01   1.402e+05 0 inti1224   1.404e+05 2 inti1224   2.062e-01 3.299e+00  1.203e+05
1.145417e-01   1.402e+05 0 inti1224   1.403e+05 2 inti1224   2.056e-01 3.290e+00  1.205e+05
1.148672e-01   1.402e+05 1 inti1224   1.402e+05 2 inti1224   2.051e-01 3.281e+00  1.203e+05
1.151972e-01   2.117e+05 1 inti1224   2.118e+05 2 inti1224   3.090e-01 4.944e+00  1.220e+05
1.155301e-01   1.407e+05 0 inti1224   1.409e+05 2 inti1224   2.054e-01 3.286e+00  1.208e+05
1.158516e-01   1.410e+05 1 inti1224   1.411e+05 2 inti1224   2.052e-01 3.284e+00  1.211e+05
1.161790e-01   1.420e+05 1 inti1224   1.421e+05 2 inti1224   2.063e-01 3.301e+00  1.218e+05
1.165129e-01   1.981e+05 0 inti1224   1.982e+05 2 inti1224   2.872e-01 4.596e+00  1.245e+05
1.168433e-01   1.417e+05 0 inti1224   1.419e+05 2 inti1224   2.054e-01 3.287e+00  1.216e+05
1.171668e-01   1.419e+05 1 inti1224   1.420e+05 2 inti1224   2.052e-01 3.283e+00  1.221e+05
1.174952e-01   1.422e+05 1 inti1224   1.423e+05 2 inti1224   2.053e-01 3.284e+00  1.221e+05
1.178282e-01   2.142e+05 0 inti1224   2.143e+05 2 inti1224   3.084e-01 4.934e+00  1.243e+05
1.181485e-01   1.426e+05 0 inti1224   1.429e+05 2 inti1224   2.054e-01 3.287e+00  1.223e+05
1.184744e-01   1.439e+05 1 inti1224   1.440e+05 2 inti1224   2.067e-01 3.308e+00  1.238e+05
1.188051e-01   1.433e+05 1 inti1224   1.434e+05 2 inti1224   2.054e-01 3.287e+00  1.230e+05
1.191275e-01   2.174e+05 1 inti1224   2.176e+05 2 inti1224   3.111e-01 4.978e+00  1.261e+05
1.194505e-01   1.434e+05 0 inti1224   1.436e+05 2 inti1224   2.051e-01 3.282e+00  1.231e+05
1.197782e-01   1.441e+05 1 inti1224   1.442e+05 2 inti1224   2.056e-01 3.290e+00  1.241e+05
1.201124e-01   1.450e+05 1 inti1224   1.451e+05 2 inti1224   2.065e-01 3.304e+00  1.246e+05
1.204325e-01   2.184e+05 1 inti1224   2.185e+05 2 inti1224   3.105e-01 4.968e+00  1.261e+05
1.207565e-01   1.442e+05 0 inti1224   1.444e+05 2 inti1224   2.050e-01 3.280e+00  1.235e+05
1.210834e-01   1.443e+05 1 inti1224   1.445e+05 2 inti1224   2.047e-01 3.276e+00  1.238e+05
1.214161e-01   1.454e+05 1 inti1224   1.455e+05 2 inti1224   2.059e-01 3.294e+00  1.247e+05
1.217486e-01   2.010e+05 1 inti1224   2.011e+05 2 inti1224   2.840e-01 4.544e+00  1.279e+05
1.220712e-01   1.468e+05 1 inti1224   1.469e+05 2 inti1224   2.073e-01 3.317e+00  1.253e+05
1.223960e-01   1.451e+05 1 inti1224   1.452e+05 2 inti1224   2.045e-01 3.273e+00  1.245e+05
1.227239e-01   1.456e+05 1 inti1224   1.457e+05 2 inti1224   2.049e-01 3.278e+00  1.248e+05
1.230593e-01   2.199e+05 1 inti1224   2.200e+05 2 inti1224   3.088e-01 4.941e+00  1.272e+05
1.233880e-01   1.465e+05 1 inti1224   1.466e+05 2 inti1224   2.055e-01 3.288e+00  1.256e+05
1.237110e-01   1.462e+05 1 inti1224   1.463e+05 2 inti1224   2.048e-01 3.278e+00  1.255e+05
1.240365e-01   1.480e+05 0 inti1224   1.482e+05 2 inti1224   2.070e-01 3.312e+00  1.270e+05
1.243643e-01   2.175e+05 1 inti1224   2.176e+05 2 inti1224   3.036e-01 4.857e+00  1.294e+05
1.247017e-01   1.473e+05 1 inti1224   1.474e+05 2 inti1224   2.054e-01 3.287e+00  1.264e+05
1.250262e-01   1.479e+05 3 inti1224   1.481e+05 2 inti1224   2.059e-01 3.295e+00  1.270e+05
1.253504e-01   1.486e+05 0 inti1224   1.488e+05 2 inti1224   2.066e-01 3.305e+00  1.274e+05
1.256758e-01   2.250e+05 1 inti1224   2.251e+05 2 inti1224   3.120e-01 4.992e+00  1.300e+05
1.260042e-01   1.497e+05 0 inti1224   1.498e+05 2 inti1224   2.075e-01 3.321e+00  1.286e+05
1.263449e-01   1.485e+05 1 inti1224   1.486e+05 2 inti1224   2.055e-01 3.288e+00  1.276e+05
1.266651e-01   1.490e+05 1 inti1224   1.491e+05 2 inti1224   2.058e-01 3.292e+00  1.279e+05
1.269897e-01   2.221e+05 1 inti1224   2.222e+05 2 inti1224   3.060e-01 4.896e+00  1.309e+05
1.273166e-01   1.503e+05 1 inti1224   1.504e+05 2 inti1224   2.069e-01 3.311e+00  1.292e+05
1.276467e-01   1.498e+05 1 inti1224   1.499e+05 2 inti1224   2.060e-01 3.296e+00  1.289e+05
1.279885e-01   1.527e+05 1 inti1224   1.528e+05 2 inti1224   2.095e-01 3.353e+00  1.316e+05
1.283107e-01   2.276e+05 0 inti1224   2.277e+05 2 inti1224   3.117e-01 4.988e+00  1.330e+05
1.286364e-01   1.514e+05 1 inti1224   1.515e+05 2 inti1224   2.072e-01 3.315e+00  1.298e+05
1.289646e-01   1.520e+05 1 inti1224   1.521e+05 2 inti1224   2.077e-01 3.323e+00  1.310e+05
1.292953e-01   1.519e+05 1 inti1224   1.520e+05 2 inti1224   2.072e-01 3.315e+00  1.305e+05
1.296347e-01   2.273e+05 1 inti1224   2.274e+05 2 inti1224   3.094e-01 4.950e+00  1.339e+05
1.299578e-01   1.517e+05 0 inti1224   1.519e+05 2 inti1224   2.064e-01 3.303e+00  1.302e+05
1.302824e-01   1.516e+05 1 inti1224   1.517e+05 2 inti1224   2.059e-01 3.294e+00  1.304e+05
1.306101e-01   1.518e+05 1 inti1224   1.519e+05 2 inti1224   2.058e-01 3.292e+00  1.304e+05
1.309404e-01   2.374e+05 1 inti1224   2.375e+05 2 inti1224   3.211e-01 5.138e+00  1.351e+05
1.312813e-01   1.522e+05 0 inti1224   1.524e+05 2 inti1224   2.059e-01 3.294e+00  1.308e+05
1.316037e-01   1.520e+05 1 inti1224   1.521e+05 2 inti1224   2.052e-01 3.282e+00  1.308e+05
1.319294e-01   1.525e+05 1 inti1224   1.526e+05 2 inti1224   2.054e-01 3.286e+00  1.310e+05
1.322577e-01   2.354e+05 1 inti1224   2.355e+05 2 inti1224   3.165e-01 5.063e+00  1.354e+05
1.325887e-01   1.528e+05 0 inti1224   1.529e+05 2 inti1224   2.053e-01 3.284e+00  1.311e+05
1.329284e-01   1.541e+05 1 inti1224   1.542e+05 2 inti1224   2.066e-01 3.306e+00  1.326e+05
1.332519e-01   1.535e+05 1 inti1224   1.535e+05 2 inti1224   2.054e-01 3.287e+00  1.318e+05
1.335780e-01   2.392e+05 1 inti1224   2.393e+05 2 inti1224   3.197e-01 5.114e+00  1.361e+05
1.339073e-01   1.537e+05 1 inti1224   1.538e+05 2 inti1224   2.052e-01 3.284e+00  1.319e+05
1.342404e-01   1.541e+05 0 inti1224   1.542e+05 2 inti1224   2.055e-01 3.288e+00  1.326e+05
1.345788e-01   1.547e+05 1 inti1224   1.548e+05 2 inti1224   2.058e-01 3.294e+00  1.328e+05
1.349036e-01   2.364e+05 1 inti1224   2.365e+05 2 inti1224   3.140e-01 5.025e+00  1.366e+05
1.352301e-01   1.547e+05 0 inti1224   1.548e+05 2 inti1224   2.053e-01 3.285e+00  1.329e+05
1.355596e-01   1.548e+05 0 inti1224   1.549e+05 2 inti1224   2.052e-01 3.283e+00  1.331e+05
1.358985e-01   1.549e+05 0 inti1224   1.550e+05 2 inti1224   2.049e-01 3.278e+00  1.329e+05
1.362247e-01   2.326e+05 1 inti1224   2.327e+05 2 inti1224   3.071e-01 4.913e+00  1.365e+05
1.365505e-01   1.555e+05 1 inti1224   1.556e+05 2 inti1224   2.052e-01 3.283e+00  1.336e+05
1.368774e-01   1.560e+05 1 inti1224   1.561e+05 2 inti1224   2.055e-01 3.289e+00  1.341e+05
1.372071e-01   1.569e+05 1 inti1224   1.570e+05 2 inti1224   2.063e-01 3.301e+00  1.348e+05
1.375498e-01   2.358e+05 1 inti1224   2.359e+05 2 inti1224   3.094e-01 4.951e+00  1.362e+05
1.378724e-01   1.561e+05 0 inti1224   1.562e+05 2 inti1224   2.048e-01 3.276e+00  1.340e+05
1.381988e-01   1.568e+05 1 inti1224   1.569e+05 2 inti1224   2.053e-01 3.285e+00  1.349e+05
1.385272e-01   1.573e+05 1 inti1224   1.573e+05 2 inti1224   2.055e-01 3.288e+00  1.349e+05
1.388599e-01   2.344e+05 1 inti1224   2.345e+05 2 inti1224   3.058e-01 4.892e+00  1.371e+05
1.391986e-01   1.578e+05 1 inti1224   1.579e+05 2 inti1224   2.057e-01 3.292e+00  1.356e+05
1.395240e-01   1.611e+05 1 inti1224   1.612e+05 2 inti1224   2.096e-01 3.354e+00  1.391e+05
1.398516e-01   1.596e+05 0 inti1224   1.598e+05 2 inti1224   2.075e-01 3.320e+00  1.372e+05
1.401830e-01   2.541e+05 1 inti1224   2.542e+05 2 inti1224   3.296e-01 5.273e+00  1.434e+05
1.405304e-01   1.602e+05 1 inti1224   1.603e+05 2 inti1224   2.076e-01 3.321e+00  1.378e+05
1.408546e-01   1.602e+05 1 inti1224   1.604e+05 2 inti1224   2.074e-01 3.318e+00  1.380e+05
1.411827e-01   1.604e+05 1 inti1224   1.605e+05 2 inti1224   2.071e-01 3.314e+00  1.383e+05
1.415142e-01   2.473e+05 1 inti1224   2.474e+05 2 inti1224   3.188e-01 5.101e+00  1.422e+05
1.418497e-01   1.609e+05 1 inti1224   1.610e+05 2 inti1224   2.073e-01 3.316e+00  1.384e+05
1.421870e-01   1.615e+05 1 inti1224   1.616e+05 2 inti1224   2.077e-01 3.323e+00  1.394e+05
1.425164e-01   1.621e+05 1 inti1224   1.622e+05 2 inti1224   2.081e-01 3.329e+00  1.397e+05
1.428516e-01   2.437e+05 1 inti1224   2.438e+05 2 inti1224   3.122e-01 4.995e+00  1.451e+05
1.431937e-01   1.627e+05 1 inti1224   1.629e+05 2 inti1224   2.084e-01 3.335e+00  1.405e+05
1.435433e-01   1.627e+05 1 inti1224   1.628e+05 2 inti1224   2.080e-01 3.327e+00  1.407e+05
1.439295e-01   1.638e+05 0 inti1224   1.640e+05 2 inti1224   2.090e-01 3.344e+00  1.411e+05
1.442715e-01   2.520e+05 0 inti1224   2.521e+05 2 inti1224   3.208e-01 5.132e+00  1.465e+05
1.446023e-01   1.654e+05 1 inti1224   1.656e+05 2 inti1224   2.105e-01 3.367e+00  1.429e+05
1.449334e-01   1.662e+05 1 inti1224   1.663e+05 2 inti1224   2.111e-01 3.378e+00  1.439e+05
1.452661e-01   1.657e+05 1 inti1224   1.659e+05 2 inti1224   2.101e-01 3.361e+00  1.430e+05
1.456002e-01   2.539e+05 1 inti1224   2.540e+05 2 inti1224   3.213e-01 5.140e+00  1.471e+05
1.459481e-01   1.677e+05 1 inti1224   1.678e+05 2 inti1224   2.121e-01 3.393e+00  1.444e+05
1.463111e-01   1.666e+05 0 inti1224   1.668e+05 2 inti1224   2.104e-01 3.366e+00  1.443e+05
1.466634e-01   1.788e+05 0 inti1224   1.789e+05 2 inti1224   2.253e-01 3.604e+00  1.515e+05
1.470151e-01   2.516e+05 0 inti1224   2.518e+05 2 inti1224   3.164e-01 5.062e+00  1.484e+05
1.473744e-01   1.659e+05 0 inti1224   1.660e+05 2 inti1224   2.084e-01 3.334e+00  1.433e+05
1.477227e-01   1.661e+05 0 inti1224   1.661e+05 2 inti1224   2.082e-01 3.331e+00  1.436e+05
1.480769e-01   1.671e+05 0 inti1224   1.672e+05 2 inti1224   2.092e-01 3.347e+00  1.445e+05
1.484225e-01   2.548e+05 0 inti1224   2.549e+05 2 inti1224   3.183e-01 5.092e+00  1.474e+05
1.487676e-01   1.668e+05 0 inti1224   1.669e+05 2 inti1224   2.082e-01 3.331e+00  1.442e+05
1.491049e-01   1.666e+05 0 inti1224   1.667e+05 2 inti1224   2.075e-01 3.321e+00  1.441e+05
1.494525e-01   1.683e+05 0 inti1224   1.684e+05 2 inti1224   2.092e-01 3.348e+00  1.455e+05
1.498034e-01   2.479e+05 0 inti1224   2.480e+05 2 inti1224   3.076e-01 4.922e+00  1.480e+05
1.501522e-01   1.675e+05 0 inti1224   1.677e+05 2 inti1224   2.078e-01 3.324e+00  1.447e+05
1.505001e-01   1.688e+05 0 inti1224   1.689e+05 2 inti1224   2.089e-01 3.342e+00  1.460e+05
1.508553e-01   1.678e+05 0 inti1224   1.679e+05 2 inti1224   2.073e-01 3.316e+00  1.451e+05
1.512117e-01   2.493e+05 0 inti1224   2.494e+05 2 inti1224   3.073e-01 4.917e+00  1.492e+05
1.515686e-01   1.685e+05 0 inti1224   1.687e+05 2 inti1224   2.077e-01 3.323e+00  1.458e+05
1.519245e-01   1.686e+05 0 inti1224   1.687e+05 2 inti1224   2.073e-01 3.317e+00  1.460e+05
1.522837e-01   1.694e+05 0 inti1224   1.695e+05 2 inti1224   2.078e-01 3.324e+00  1.466e+05
1.526483e-01   2.468e+05 0 inti1224   2.469e+05 2 inti1224   3.021e-01 4.834e+00  1.487e+05
1.530132e-01   1.695e+05 0 inti1224   1.696e+05 2 inti1224   2.074e-01 3.318e+00  1.466e+05
1.533740e-01   1.697e+05 0 inti1224   1.698e+05 2 inti1224   2.073e-01 3.317e+00  1.468e+05
1.537393e-01   1.707e+05 0 inti1224   1.708e+05 2 inti1224   2.081e-01 3.330e+00  1.479e+05
1.541041e-01   2.524e+05 0 inti1224   2.525e+05 2 inti1224   3.069e-01 4.911e+00  1.500e+05
1.544690e-01   1.703e+05 0 inti1224   1.705e+05 2 inti1224   2.071e-01 3.313e+00  1.476e+05
1.548444e-01   1.702e+05 0 inti1224   1.703e+05 2 inti1224   2.063e-01 3.301e+00  1.476e+05
1.552118e-01   1.714e+05 0 inti1224   1.714e+05 2 inti1224   2.073e-01 3.317e+00  1.484e+05
1.555792e-01   2.478e+05 0 inti1224   2.478e+05 2 inti1224   2.991e-01 4.786e+00  1.492e+05
1.559558e-01   1.711e+05 0 inti1224   1.713e+05 2 inti1224   2.066e-01 3.305e+00  1.482e+05
1.563235e-01   1.712e+05 0 inti1224   1.713e+05 2 inti1224   2.061e-01 3.298e+00  1.484e+05
1.566918e-01   1.735e+05 0 inti1224   1.736e+05 2 inti1224   2.085e-01 3.335e+00  1.500e+05
1.570687e-01   2.562e+05 0 inti1224   2.563e+05 2 inti1224   3.072e-01 4.914e+00  1.531e+05
1.574379e-01   1.726e+05 0 inti1224   1.728e+05 2 inti1224   2.068e-01 3.309e+00  1.496e+05
1.578070e-01   1.720e+05 0 inti1224   1.721e+05 2 inti1224   2.055e-01 3.289e+00  1.490e+05
1.581841e-01   1.732e+05 0 inti1224   1.734e+05 2 inti1224   2.066e-01 3.306e+00  1.499e+05
1.585566e-01   2.549e+05 0 inti1224   2.550e+05 2 inti1224   3.034e-01 4.855e+00  1.512e+05
1.589261e-01   1.724e+05 3 inti1224   1.823e+05 0 inti1224   2.167e-01 3.467e+00  1.492e+05
1.593022e-01   1.725e+05 3 inti1224   1.726e+05 2 inti1224   2.047e-01 3.276e+00  1.494e+05
1.596810e-01   1.736e+05 0 inti1224   1.737e+05 2 inti1224   2.055e-01 3.288e+00  1.502e+05
1.600510e-01   2.396e+05 0 inti1224   2.398e+05 2 inti1224   2.832e-01 4.531e+00  1.528e+05
1.604259e-01   1.750e+05 0 inti1224   1.751e+05 2 inti1224   2.065e-01 3.304e+00  1.519e+05
1.608078e-01   1.745e+05 0 inti1224   1.746e+05 2 inti1224   2.055e-01 3.288e+00  1.517e+05
1.611830e-01   1.753e+05 0 inti1224   1.754e+05 2 inti1224   2.059e-01 3.295e+00  1.523e+05
1.615545e-01   2.684e+05 0 inti1224   2.686e+05 2 inti1224   3.147e-01 5.035e+00  1.555e+05
1.619315e-01   1.759e+05 0 inti1224   1.760e+05 2 inti1224   2.060e-01 3.296e+00  1.528e+05
1.623148e-01   1.759e+05 0 inti1224   1.760e+05 2 inti1224   2.056e-01 3.289e+00  1.531e+05
1.626858e-01   1.766e+05 0 inti1224   1.767e+05 2 inti1224   2.059e-01 3.295e+00  1.535e+05
1.630591e-01   2.687e+05 0 inti1224   2.688e+05 2 inti1224   3.125e-01 5.000e+00  1.590e+05
1.634385e-01   1.772e+05 0 inti1224   1.774e+05 2 inti1224   2.060e-01 3.295e+00  1.541e+05
1.638147e-01   1.771e+05 0 inti1224   1.772e+05 2 inti1224   2.053e-01 3.285e+00  1.543e+05
1.641857e-01   1.818e+05 0 inti1224   1.819e+05 2 inti1224   2.102e-01 3.364e+00  1.587e+05
1.645623e-01   2.695e+05 0 inti1224   2.697e+05 2 inti1224   3.108e-01 4.973e+00  1.587e+05
1.649439e-01   1.786e+05 0 inti1224   1.787e+05 2 inti1224   2.057e-01 3.292e+00  1.555e+05
1.653142e-01   1.784e+05 0 inti1224   1.785e+05 2 inti1224   2.049e-01 3.279e+00  1.554e+05
1.656886e-01   1.789e+05 0 inti1224   1.791e+05 2 inti1224   2.051e-01 3.282e+00  1.556e+05
1.660697e-01   2.670e+05 0 inti1224   2.671e+05 2 inti1224   3.052e-01 4.883e+00  1.603e+05
1.664435e-01   1.799e+05 0 inti1224   1.800e+05 2 inti1224   2.055e-01 3.288e+00  1.566e+05
1.668165e-01   1.812e+05 0 inti1224   1.813e+05 2 inti1224   2.064e-01 3.303e+00  1.581e+05
1.671974e-01   1.822e+05 0 inti1224   1.823e+05 2 inti1224   2.070e-01 3.312e+00  1.588e+05
1.675747e-01   2.731e+05 0 inti1224   2.732e+05 2 inti1224   3.096e-01 4.953e+00  1.631e+05
1.679467e-01   1.829e+05 0 inti1224   1.830e+05 2 inti1224   2.071e-01 3.314e+00  1.595e+05
1.683260e-01   1.848e+05 0 inti1224   1.849e+05 2 inti1224   2.088e-01 3.340e+00  1.614e+05
1.687029e-01   1.833e+05 0 inti1224   1.834e+05 2 inti1224   2.066e-01 3.306e+00  1.597e+05
1.690753e-01   2.706e+05 0 inti1224   2.707e+05 2 inti1224   3.043e-01 4.868e+00  1.627e+05
1.694541e-01   1.854e+05 0 inti1224   1.855e+05 2 inti1224   2.083e-01 3.332e+00  1.619e+05
1.698425e-01   1.846e+05 0 inti1224   1.847e+05 2 inti1224   2.069e-01 3.310e+00  1.612e+05
1.702171e-01   1.865e+05 0 inti1224   1.866e+05 2 inti1224   2.085e-01 3.336e+00  1.628e+05
1.705946e-01   2.746e+05 0 inti1224   2.748e+05 2 inti1224   3.064e-01 4.903e+00  1.645e+05
1.709798e-01   1.843e+05 0 inti1224   1.845e+05 2 inti1224   2.055e-01 3.288e+00  1.606e+05
1.713683e-01   1.845e+05 0 inti1224   1.846e+05 2 inti1224   2.051e-01 3.282e+00  1.610e+05
1.717450e-01   1.853e+05 0 inti1224   1.854e+05 2 inti1224   2.056e-01 3.290e+00  1.616e+05
1.721263e-01   2.737e+05 0 inti1224   2.738e+05 2 inti1224   3.029e-01 4.846e+00  1.644e+05
1.725130e-01   1.875e+05 0 inti1224   1.876e+05 2 inti1224   2.074e-01 3.318e+00  1.630e+05
1.729048e-01   1.870e+05 0 inti1224   1.872e+05 2 inti1224   2.064e-01 3.302e+00  1.634e+05
1.732827e-01   1.879e+05 0 inti1224   1.881e+05 2 inti1224   2.070e-01 3.312e+00  1.641e+05
1.736657e-01   2.834e+05 0 inti1224   2.836e+05 2 inti1224   3.113e-01 4.981e+00  1.667e+05
1.740560e-01   1.880e+05 0 inti1224   1.881e+05 2 inti1224   2.063e-01 3.301e+00  1.641e+05
1.744461e-01   1.887e+05 0 inti1224   1.888e+05 2 inti1224   2.066e-01 3.305e+00  1.648e+05
1.748250e-01   1.907e+05 0 inti1224   1.908e+05 2 inti1224   2.084e-01 3.335e+00  1.666e+05
1.752094e-01   2.813e+05 0 inti1224   2.813e+05 2 inti1224   3.066e-01 4.905e+00  1.694e+05
1.756006e-01   1.918e+05 0 inti1224   1.919e+05 2 inti1224   2.089e-01 3.343e+00  1.671e+05
1.759889e-01   1.918e+05 0 inti1224   1.919e+05 2 inti1224   2.086e-01 3.337e+00  1.680e+05
1.763685e-01   1.928e+05 0 inti1224   1.930e+05 2 inti1224   2.093e-01 3.349e+00  1.686e+05
1.767531e-01   2.908e+05 0 inti1224   2.909e+05 2 inti1224   3.148e-01 5.037e+00  1.715e+05
1.771447e-01   1.931e+05 0 inti1224   1.932e+05 2 inti1224   2.089e-01 3.342e+00  1.688e+05
1.775330e-01   1.936e+05 0 inti1224   1.937e+05 2 inti1224   2.091e-01 3.346e+00  1.696e+05
1.779128e-01   1.933e+05 0 inti1224   1.934e+05 2 inti1224   2.084e-01 3.334e+00  1.689e+05
1.782981e-01   2.945e+05 3 inti1224   2.947e+05 2 inti1224   3.168e-01 5.069e+00  1.726e+05
1.786910e-01   1.943e+05 0 inti1224   1.944e+05 2 inti1224   2.088e-01 3.341e+00  1.700e+05
1.790774e-01   1.941e+05 0 inti1224   1.942e+05 2 inti1224   2.083e-01 3.332e+00  1.700e+05
1.794579e-01   1.949e+05 0 inti1224   1.950e+05 2 inti1224   2.087e-01 3.339e+00  1.705e+05
1.798452e-01   2.888e+05 0 inti1224   2.889e+05 2 inti1224   3.087e-01 4.939e+00  1.746e+05
1.802391e-01   2.072e+05 0 inti1224   2.072e+05 2 inti1224   2.212e-01 3.540e+00  1.776e+05
1.806189e-01   1.952e+05 0 inti1224   1.953e+05 2 inti1224   2.081e-01 3.330e+00  1.707e+05
1.810018e-01   1.962e+05 0 inti1224   1.963e+05 2 inti1224   2.088e-01 3.341e+00  1.711e+05
1.813929e-01   3.021e+05 0 inti1224   3.021e+05 2 inti1224   3.209e-01 5.134e+00  1.753e+05
1.817834e-01   1.965e+05 0 inti1224   1.967e+05 2 inti1224   2.086e-01 3.338e+00  1.717e+05
1.821645e-01   1.977e+05 0 inti1224   1.978e+05 2 inti1224   2.095e-01 3.352e+00  1.730e+05
1.825509e-01   1.987e+05 0 inti1224   1.987e+05 2 inti1224   2.101e-01 3.362e+00  1.734e+05
1.829413e-01   5.090e+05 0 inti1224   5.100e+05 2 inti1224   5.383e-01 8.613e+00  1.824e+05
1.833355e-01   1.989e+05 0 inti1224   1.990e+05 2 inti1224   2.099e-01 3.359e+00  1.732e+05
1.837261e-01   1.989e+05 0 inti1224   1.990e+05 2 inti1224   2.096e-01 3.354e+00  1.732e+05
1.841090e-01   1.999e+05 0 inti1224   2.000e+05 2 inti1224   2.103e-01 3.365e+00  1.739e+05
1.844943e-01   2.971e+05 0 inti1224   2.972e+05 2 inti1224   3.120e-01 4.991e+00  1.780e+05
1.848797e-01   2.005e+05 0 inti1224   2.006e+05 2 inti1224   2.104e-01 3.366e+00  1.749e+05
1.852658e-01   2.006e+05 0 inti1224   2.007e+05 2 inti1224   2.103e-01 3.364e+00  1.751e+05
1.856534e-01   2.034e+05 0 inti1224   2.035e+05 2 inti1224   2.128e-01 3.405e+00  1.774e+05
1.860441e-01   3.015e+05 0 inti1224   3.016e+05 2 inti1224   3.150e-01 5.041e+00  1.776e+05
1.864412e-01   2.001e+05 0 inti1224   2.002e+05 2 inti1224   2.089e-01 3.343e+00  1.746e+05
1.868332e-01   2.004e+05 0 inti1224   2.005e+05 2 inti1224   2.090e-01 3.344e+00  1.750e+05
1.872155e-01   2.012e+05 0 inti1224   2.013e+05 2 inti1224   2.095e-01 3.352e+00  1.755e+05
1.875986e-01   2.963e+05 0 inti1224   2.964e+05 2 inti1224   3.081e-01 4.929e+00  1.781e+05
1.879807e-01   2.018e+05 0 inti1224   2.020e+05 2 inti1224   2.098e-01 3.356e+00  1.758e+05
1.883625e-01   2.009e+05 0 inti1224   2.010e+05 2 inti1224   2.085e-01 3.335e+00  1.752e+05
1.887447e-01   2.012e+05 0 inti1224   2.013e+05 2 inti1224   2.085e-01 3.337e+00  1.755e+05
1.891281e-01   2.844e+05 0 inti1224   2.845e+05 2 inti1224   2.942e-01 4.708e+00  1.767e+05
1.895121e-01   2.006e+05 0 inti1224   2.008e+05 2 inti1224   2.075e-01 3.320e+00  1.750e+05
1.898910e-01   2.013e+05 0 inti1224   2.014e+05 2 inti1224   2.079e-01 3.327e+00  1.758e+05
1.902614e-01   2.008e+05 0 inti1224   2.009e+05 2 inti1224   2.072e-01 3.315e+00  1.752e+05
1.906297e-01   2.873e+05 0 inti1224   2.874e+05 2 inti1224   2.960e-01 4.736e+00  1.769e+05
1.909962e-01   2.004e+05 0 inti1224   2.005e+05 2 inti1224   2.065e-01 3.304e+00  1.747e+05
1.913637e-01   2.011e+05 0 inti1224   2.013e+05 2 inti1224   2.070e-01 3.312e+00  1.755e+05
1.917317e-01   2.008e+05 0 inti1224   2.009e+05 2 inti1224   2.064e-01 3.303e+00  1.752e+05
1.921033e-01   2.978e+05 0 inti1224   2.978e+05 2 inti1224   3.057e-01 4.891e+00  1.782e+05
1.924763e-01   2.021e+05 0 inti1224   2.022e+05 2 inti1224   2.074e-01 3.318e+00  1.764e+05
1.928518e-01   2.022e+05 0 inti1224   2.023e+05 2 inti1224   2.074e-01 3.318e+00  1.767e+05
1.932270e-01   2.031e+05 0 inti1224   2.032e+05 2 inti1224   2.080e-01 3.329e+00  1.774e+05
1.936054e-01   2.916e+05 0 inti1224   2.917e+05 2 inti1224   2.984e-01 4.774e+00  1.791e+05
1.939862e-01   2.039e+05 0 inti1224   2.040e+05 2 inti1224   2.085e-01 3.337e+00  1.775e+05
1.943709e-01   2.038e+05 0 inti1224   2.039e+05 2 inti1224   2.082e-01 3.331e+00  1.782e+05
1.947588e-01   2.027e+05 0 inti1224   2.029e+05 2 inti1224   2.069e-01 3.311e+00  1.770e+05
1.951507e-01   2.887e+05 0 inti1224   2.888e+05 2 inti1224   2.944e-01 4.711e+00  1.795e+05
1.955501e-01   2.039e+05 0 inti1224   2.041e+05 2 inti1224   2.078e-01 3.325e+00  1.782e+05
1.959418e-01   2.047e+05 0 inti1224   2.049e+05 2 inti1224   2.085e-01 3.336e+00  1.791e+05
1.963264e-01   2.054e+05 0 inti1224   2.056e+05 2 inti1224   2.089e-01 3.343e+00  1.798e+05
1.967157e-01   2.931e+05 0 inti1224   2.932e+05 2 inti1224   2.978e-01 4.765e+00  1.814e+05
1.971323e-01   2.056e+05 0 inti1224   2.057e+05 2 inti1224   2.088e-01 3.341e+00  1.799e+05
1.975279e-01   2.064e+05 3 inti1224   2.065e+05 2 inti1224   2.094e-01 3.350e+00  1.809e+05
1.979256e-01   2.067e+05 0 inti1224   2.068e+05 2 inti1224   2.095e-01 3.352e+00  1.809e+05
1.983233e-01   2.994e+05 0 inti1224   2.996e+05 2 inti1224   3.033e-01 4.852e+00  1.836e+05
1.987239e-01   2.060e+05 0 inti1224   2.062e+05 2 inti1224   2.086e-01 3.338e+00  1.801e+05
1.991257e-01   2.087e+05 0 inti1224   2.088e+05 2 inti1224   2.110e-01 3.376e+00  1.826e+05
1.995399e-01   2.080e+05 0 inti1224   2.081e+05 2 inti1224   2.102e-01 3.363e+00  1.821e+05
1.999662e-01   3.007e+05 0 inti1224   3.008e+05 2 inti1224   3.035e-01 4.856e+00  1.844e+05
