#   1 : Date        
# Date        
0.000000e+00
1.807392e-05
3.063775e-05
3.994389e-05
4.696398e-05
5.307616e-05
5.893874e-05
6.538756e-05
7.195757e-05
7.918458e-05
8.713429e-05
9.567609e-05
1.042664e-04
1.137158e-04
1.241101e-04
1.345130e-04
1.447307e-04
1.559701e-04
1.679893e-04
1.796878e-04
1.924202e-04
2.055404e-04
2.185077e-04
2.318901e-04
2.458264e-04
2.596755e-04
2.743191e-04
2.891449e-04
3.043828e-04
3.196963e-04
3.356446e-04
3.517861e-04
3.684829e-04
3.855114e-04
4.029838e-04
4.207710e-04
4.389514e-04
4.575347e-04
4.763626e-04
4.956113e-04
5.152335e-04
5.351047e-04
5.554263e-04
5.760533e-04
5.970174e-04
6.182838e-04
6.399234e-04
6.618733e-04
6.840594e-04
7.066476e-04
7.294829e-04
7.525381e-04
7.759571e-04
7.995716e-04
8.234199e-04
8.476062e-04
8.720560e-04
8.968823e-04
9.219946e-04
9.473617e-04
9.730840e-04
9.990399e-04
1.025278e-03
1.051910e-03
1.078819e-03
1.105929e-03
1.133356e-03
1.161061e-03
1.189065e-03
1.217411e-03
1.246020e-03
1.274873e-03
1.303956e-03
1.333253e-03
1.362890e-03
1.392701e-03
1.422730e-03
1.453159e-03
1.483799e-03
1.514588e-03
1.545737e-03
1.577015e-03
1.608496e-03
1.640312e-03
1.672452e-03
1.704707e-03
1.737346e-03
1.770205e-03
1.803266e-03
1.836667e-03
1.870249e-03
1.903988e-03
1.938058e-03
1.972210e-03
2.006531e-03
2.041220e-03
2.076145e-03
2.111169e-03
2.146567e-03
2.182165e-03
2.217924e-03
2.254048e-03
2.290352e-03
2.326712e-03
2.363336e-03
2.400272e-03
2.437371e-03
2.474842e-03
2.512608e-03
2.550422e-03
2.588393e-03
2.626701e-03
2.665159e-03
2.703857e-03
2.742799e-03
2.781765e-03
2.820761e-03
2.859784e-03
2.898879e-03
2.937959e-03
2.977042e-03
3.016125e-03
3.055242e-03
3.094389e-03
3.133595e-03
3.172852e-03
3.212114e-03
3.251389e-03
3.290692e-03
3.329995e-03
3.369334e-03
3.408709e-03
3.448149e-03
3.487616e-03
3.523745e-03
3.559450e-03
3.596932e-03
3.633139e-03
3.669345e-03
3.704569e-03
3.739988e-03
3.774860e-03
3.808983e-03
3.842747e-03
3.875977e-03
3.904388e-03
3.934716e-03
3.960947e-03
3.989801e-03
4.016887e-03
4.046432e-03
4.076894e-03
4.108611e-03
4.141183e-03
4.174383e-03
4.207720e-03
4.240859e-03
4.274038e-03
4.307220e-03
4.340558e-03
4.373929e-03
4.407075e-03
4.439957e-03
4.472845e-03
4.505761e-03
4.538770e-03
4.571752e-03
4.604900e-03
4.638164e-03
4.671477e-03
4.704799e-03
4.738342e-03
4.771888e-03
4.804713e-03
4.836761e-03
4.867671e-03
4.897645e-03
4.926958e-03
4.955423e-03
4.983363e-03
5.010874e-03
5.037869e-03
5.064615e-03
5.090912e-03
5.117082e-03
5.142767e-03
5.168304e-03
5.193582e-03
5.218683e-03
5.243558e-03
5.268217e-03
5.292798e-03
5.317166e-03
5.341410e-03
5.365405e-03
5.389282e-03
5.412981e-03
5.436539e-03
5.460058e-03
5.483425e-03
5.506725e-03
5.529858e-03
5.552913e-03
5.575841e-03
5.598684e-03
5.621485e-03
5.644194e-03
5.666775e-03
5.689266e-03
5.711679e-03
5.734004e-03
5.756294e-03
5.778523e-03
5.800615e-03
5.822634e-03
5.844530e-03
5.866366e-03
5.888109e-03
5.909799e-03
5.931369e-03
5.952851e-03
5.974224e-03
5.995526e-03
6.016735e-03
6.037920e-03
6.059018e-03
6.080092e-03
6.101118e-03
6.122115e-03
6.143109e-03
6.164067e-03
6.185030e-03
6.205952e-03
6.226859e-03
6.247765e-03
6.268640e-03
6.289527e-03
6.310403e-03
6.331276e-03
6.352066e-03
6.372724e-03
6.393200e-03
6.413517e-03
6.433709e-03
6.453719e-03
6.473596e-03
6.493339e-03
6.512936e-03
6.532433e-03
6.551797e-03
6.571054e-03
6.590228e-03
6.609291e-03
6.628286e-03
6.647192e-03
6.666020e-03
6.684799e-03
6.703504e-03
6.722155e-03
6.740769e-03
6.759371e-03
6.777936e-03
6.796478e-03
6.814995e-03
6.833516e-03
6.852037e-03
6.870579e-03
6.889106e-03
6.907629e-03
6.926130e-03
6.944636e-03
6.963129e-03
6.981627e-03
7.000115e-03
7.018557e-03
7.036929e-03
7.055257e-03
7.073522e-03
7.091755e-03
7.109938e-03
7.128108e-03
7.146222e-03
7.164314e-03
7.182361e-03
7.200417e-03
7.218456e-03
7.236532e-03
7.254611e-03
7.272747e-03
7.290902e-03
7.309125e-03
7.327380e-03
7.345710e-03
7.364080e-03
7.382510e-03
7.400957e-03
7.419457e-03
7.437981e-03
7.456559e-03
7.475167e-03
7.493831e-03
7.512531e-03
7.531290e-03
7.550091e-03
7.568956e-03
7.587866e-03
7.606805e-03
7.625763e-03
7.644759e-03
7.663787e-03
7.682863e-03
7.701984e-03
7.721164e-03
7.740402e-03
7.759692e-03
7.779003e-03
7.798354e-03
7.817744e-03
7.837190e-03
7.856692e-03
7.876264e-03
7.895910e-03
7.915593e-03
7.935312e-03
7.955086e-03
7.974916e-03
7.994818e-03
8.014796e-03
8.034862e-03
8.054965e-03
8.075123e-03
8.095340e-03
8.115633e-03
8.136007e-03
8.156478e-03
8.177019e-03
8.197619e-03
8.218285e-03
8.239034e-03
8.259872e-03
8.280818e-03
8.301860e-03
8.322970e-03
8.344154e-03
8.365432e-03
8.386810e-03
8.408306e-03
8.429921e-03
8.451614e-03
8.473390e-03
8.495269e-03
8.517255e-03
8.539369e-03
8.561614e-03
8.583954e-03
8.606380e-03
8.628916e-03
8.651562e-03
8.674340e-03
8.697249e-03
8.720278e-03
8.743393e-03
8.766617e-03
8.789949e-03
8.813412e-03
8.837002e-03
8.860739e-03
8.884555e-03
8.908478e-03
8.932501e-03
8.956651e-03
8.980920e-03
9.005336e-03
9.029853e-03
9.054469e-03
9.079178e-03
9.104007e-03
9.128948e-03
9.154029e-03
9.179239e-03
9.204541e-03
9.229928e-03
9.255429e-03
9.281035e-03
9.306777e-03
9.332644e-03
9.358630e-03
9.384692e-03
9.410866e-03
9.437139e-03
9.463545e-03
9.490071e-03
9.516718e-03
9.543461e-03
9.570306e-03
9.597259e-03
9.624340e-03
9.651540e-03
9.678861e-03
9.706278e-03
9.733794e-03
9.761422e-03
9.789167e-03
9.817041e-03
9.845032e-03
9.873125e-03
9.901324e-03
9.929638e-03
9.958064e-03
9.986613e-03
1.001529e-02
1.004406e-02
1.007293e-02
1.010191e-02
1.013099e-02
1.016019e-02
1.018951e-02
1.021896e-02
1.024850e-02
1.027813e-02
1.030785e-02
1.033768e-02
1.036762e-02
1.039767e-02
1.042782e-02
1.045807e-02
1.048841e-02
1.051885e-02
1.054938e-02
1.058001e-02
1.061072e-02
1.064151e-02
1.067238e-02
1.070334e-02
1.073439e-02
1.076553e-02
1.079674e-02
1.082803e-02
1.085939e-02
1.089082e-02
1.092232e-02
1.095390e-02
1.098553e-02
1.101722e-02
1.104898e-02
1.108080e-02
1.111268e-02
1.114461e-02
1.117660e-02
1.120866e-02
1.124077e-02
1.127292e-02
1.130512e-02
1.133736e-02
1.136965e-02
1.140199e-02
1.143437e-02
1.146679e-02
1.149928e-02
1.153180e-02
1.156435e-02
1.159695e-02
1.162957e-02
1.166223e-02
1.169493e-02
1.172767e-02
1.176046e-02
1.179329e-02
1.182615e-02
1.185903e-02
1.189194e-02
1.192488e-02
1.195785e-02
1.199086e-02
1.202391e-02
1.205700e-02
1.209012e-02
1.212326e-02
1.215643e-02
1.218963e-02
1.222285e-02
1.225611e-02
1.228940e-02
1.232275e-02
1.235613e-02
1.238954e-02
1.242297e-02
1.245643e-02
1.248991e-02
1.252344e-02
1.255701e-02
1.259062e-02
1.262430e-02
1.265800e-02
1.269172e-02
1.272548e-02
1.275928e-02
1.279312e-02
1.282701e-02
1.286097e-02
1.289498e-02
1.292904e-02
1.296313e-02
1.299725e-02
1.303143e-02
1.306567e-02
1.309996e-02
1.313433e-02
1.316877e-02
1.320325e-02
1.323779e-02
1.327237e-02
1.330701e-02
1.334172e-02
1.337650e-02
1.341136e-02
1.344629e-02
1.348128e-02
1.351634e-02
1.355145e-02
1.358662e-02
1.362187e-02
1.365720e-02
1.369261e-02
1.372811e-02
1.376366e-02
1.379929e-02
1.383499e-02
1.387075e-02
1.390658e-02
1.394250e-02
1.397850e-02
1.401458e-02
1.405075e-02
1.408698e-02
1.412329e-02
1.415965e-02
1.419609e-02
1.423259e-02
1.426918e-02
1.430585e-02
1.434260e-02
1.437943e-02
1.441632e-02
1.445328e-02
1.449029e-02
1.452736e-02
1.456450e-02
1.460171e-02
1.463900e-02
1.467637e-02
1.471382e-02
1.475132e-02
1.478888e-02
1.482649e-02
1.486415e-02
1.490188e-02
1.493968e-02
1.497755e-02
1.501550e-02
1.505352e-02
1.509161e-02
1.512974e-02
1.516792e-02
1.520615e-02
1.524445e-02
1.528281e-02
1.532124e-02
1.535974e-02
1.539833e-02
1.543697e-02
1.547567e-02
1.551441e-02
1.555321e-02
1.559206e-02
1.563098e-02
1.566997e-02
1.570903e-02
1.574816e-02
1.578737e-02
1.582663e-02
1.586593e-02
1.590528e-02
1.594470e-02
1.598417e-02
1.602371e-02
1.606332e-02
1.610299e-02
1.614272e-02
1.618253e-02
1.622239e-02
1.626229e-02
1.630224e-02
1.634225e-02
1.638232e-02
1.642245e-02
1.646263e-02
1.650288e-02
1.654320e-02
1.658358e-02
1.662401e-02
1.666449e-02
1.670502e-02
1.674561e-02
1.678625e-02
1.682694e-02
1.686769e-02
1.690851e-02
1.694939e-02
1.699034e-02
1.703133e-02
1.707237e-02
1.711347e-02
1.715461e-02
1.719580e-02
1.723704e-02
1.727834e-02
1.731971e-02
1.736113e-02
1.740263e-02
1.744417e-02
1.748576e-02
1.752738e-02
1.756905e-02
1.761076e-02
1.765253e-02
1.769434e-02
1.773622e-02
1.777817e-02
1.782018e-02
1.786223e-02
1.790432e-02
1.794643e-02
1.798859e-02
1.803079e-02
1.807304e-02
1.811534e-02
1.815771e-02
1.820013e-02
1.824261e-02
1.828513e-02
1.832767e-02
1.837025e-02
1.841286e-02
1.845551e-02
1.849820e-02
1.854093e-02
1.858371e-02
1.862654e-02
1.866942e-02
1.871234e-02
1.875526e-02
1.879821e-02
1.884117e-02
1.888414e-02
1.892714e-02
1.897016e-02
1.901321e-02
1.905629e-02
1.909940e-02
1.914255e-02
1.918570e-02
1.922885e-02
1.927200e-02
1.931517e-02
1.935835e-02
1.940156e-02
1.944480e-02
1.948808e-02
1.953140e-02
1.957477e-02
1.961815e-02
1.966155e-02
1.970499e-02
1.974847e-02
1.979199e-02
1.983558e-02
1.987923e-02
1.992296e-02
1.996675e-02
2.001059e-02
2.005450e-02
2.009846e-02
2.014249e-02
2.018660e-02
2.023079e-02
2.027508e-02
2.031947e-02
2.036394e-02
2.040849e-02
2.045313e-02
2.049786e-02
2.054267e-02
2.058757e-02
2.063257e-02
2.067767e-02
2.072287e-02
2.076818e-02
2.081358e-02
2.085908e-02
2.090466e-02
2.095034e-02
2.099613e-02
2.104201e-02
2.108799e-02
2.113407e-02
2.118025e-02
2.122653e-02
2.127292e-02
2.131940e-02
2.136597e-02
2.141263e-02
2.145938e-02
2.150624e-02
2.155319e-02
2.160026e-02
2.164742e-02
2.169470e-02
2.174207e-02
2.178955e-02
2.183714e-02
2.188482e-02
2.193260e-02
2.198047e-02
2.202844e-02
2.207652e-02
2.212470e-02
2.217299e-02
2.222138e-02
2.226989e-02
2.231851e-02
2.236718e-02
2.241598e-02
2.246483e-02
2.251379e-02
2.256280e-02
2.261194e-02
2.266113e-02
2.271045e-02
2.275982e-02
2.280931e-02
2.285885e-02
2.290853e-02
2.295825e-02
2.300812e-02
2.305805e-02
2.310808e-02
2.315780e-02
2.320729e-02
2.325730e-02
2.330706e-02
2.335664e-02
2.340593e-02
2.345547e-02
2.350488e-02
2.355364e-02
2.360165e-02
2.364925e-02
2.369624e-02
2.374290e-02
2.378920e-02
2.383535e-02
2.388102e-02
2.392660e-02
2.397181e-02
2.401715e-02
2.406236e-02
2.410760e-02
2.415288e-02
2.419831e-02
2.424392e-02
2.428979e-02
2.433581e-02
2.438223e-02
2.442883e-02
2.447570e-02
2.452277e-02
2.457018e-02
2.461775e-02
2.466540e-02
2.471285e-02
2.476037e-02
2.480790e-02
2.485559e-02
2.490345e-02
2.495131e-02
2.499926e-02
2.504731e-02
2.509559e-02
2.514413e-02
2.519259e-02
2.524119e-02
2.528984e-02
2.533870e-02
2.538757e-02
2.543638e-02
2.548532e-02
2.553437e-02
2.558342e-02
2.563237e-02
2.568141e-02
2.573051e-02
2.577956e-02
2.582853e-02
2.587755e-02
2.592663e-02
2.597570e-02
2.602475e-02
2.607368e-02
2.612284e-02
2.617222e-02
2.622171e-02
2.627120e-02
2.632090e-02
2.637074e-02
2.642081e-02
2.647103e-02
2.652147e-02
2.657203e-02
2.662280e-02
2.667376e-02
2.672486e-02
2.677600e-02
2.682709e-02
2.687799e-02
2.692867e-02
2.697917e-02
2.702942e-02
2.707923e-02
2.712880e-02
2.717791e-02
2.722679e-02
2.727527e-02
2.732361e-02
2.737158e-02
2.741942e-02
2.746697e-02
2.751435e-02
2.756150e-02
2.760844e-02
2.765524e-02
2.770181e-02
2.774827e-02
2.779462e-02
2.784082e-02
2.788711e-02
2.793326e-02
2.797949e-02
2.802589e-02
2.807237e-02
2.811913e-02
2.816637e-02
2.821378e-02
2.826129e-02
2.830858e-02
2.835576e-02
2.840284e-02
2.844982e-02
2.849663e-02
2.854332e-02
2.858997e-02
2.863665e-02
2.868333e-02
2.872999e-02
2.877669e-02
2.882342e-02
2.887036e-02
2.891705e-02
2.896352e-02
2.900982e-02
2.905613e-02
2.910242e-02
2.914876e-02
2.919518e-02
2.924175e-02
2.928854e-02
2.933563e-02
2.938258e-02
2.942944e-02
2.947630e-02
2.952314e-02
2.957011e-02
2.961718e-02
2.966440e-02
2.971161e-02
2.975885e-02
2.980611e-02
2.985343e-02
2.990069e-02
2.994817e-02
2.999576e-02
3.004339e-02
3.009099e-02
3.013862e-02
3.018622e-02
3.023370e-02
3.028107e-02
3.032837e-02
3.037560e-02
3.042364e-02
3.047178e-02
3.052002e-02
3.056827e-02
3.061654e-02
3.066485e-02
3.071353e-02
3.076240e-02
3.081153e-02
3.086099e-02
3.091076e-02
3.096024e-02
3.100953e-02
3.105865e-02
3.110772e-02
3.115668e-02
3.120543e-02
3.125406e-02
3.130273e-02
3.135145e-02
3.140005e-02
3.144855e-02
3.149598e-02
3.154469e-02
3.159340e-02
3.164205e-02
3.169075e-02
3.173937e-02
3.178734e-02
3.183483e-02
3.188190e-02
3.192862e-02
3.197505e-02
3.202124e-02
3.206723e-02
3.211310e-02
3.215884e-02
3.220450e-02
3.225011e-02
3.229564e-02
3.234116e-02
3.238663e-02
3.243209e-02
3.247752e-02
3.252297e-02
3.256842e-02
3.261390e-02
3.265941e-02
3.270497e-02
3.275056e-02
3.279619e-02
3.284183e-02
3.288753e-02
3.293325e-02
3.297902e-02
3.302481e-02
3.307067e-02
3.311657e-02
3.316254e-02
3.320859e-02
3.325470e-02
3.330086e-02
3.334709e-02
3.339337e-02
3.343974e-02
3.348619e-02
3.353276e-02
3.357944e-02
3.362626e-02
3.367322e-02
3.372035e-02
3.376763e-02
3.381510e-02
3.386274e-02
3.391060e-02
3.395863e-02
3.400686e-02
3.405523e-02
3.410379e-02
3.415247e-02
3.420131e-02
3.425029e-02
3.429943e-02
3.434871e-02
3.439816e-02
3.444776e-02
3.449750e-02
3.454736e-02
3.459734e-02
3.464741e-02
3.469758e-02
3.474784e-02
3.479821e-02
3.484865e-02
3.489919e-02
3.494978e-02
3.500041e-02
3.505106e-02
3.510173e-02
3.515240e-02
3.520309e-02
3.525377e-02
3.530446e-02
3.535515e-02
3.540585e-02
3.545652e-02
3.550718e-02
3.555782e-02
3.560846e-02
3.565910e-02
3.570977e-02
3.576045e-02
3.581118e-02
3.586194e-02
3.591276e-02
3.596365e-02
3.601459e-02
3.606558e-02
3.611662e-02
3.616773e-02
3.621891e-02
3.627015e-02
3.632147e-02
3.637288e-02
3.642440e-02
3.647602e-02
3.652778e-02
3.657968e-02
3.663169e-02
3.668382e-02
3.673607e-02
3.678846e-02
3.684100e-02
3.689369e-02
3.694655e-02
3.699930e-02
3.705245e-02
3.710575e-02
3.715834e-02
3.721007e-02
3.726116e-02
3.731184e-02
3.736220e-02
3.741229e-02
3.746226e-02
3.751213e-02
3.756194e-02
3.761164e-02
3.766130e-02
3.771096e-02
3.776055e-02
3.781009e-02
3.785964e-02
3.790918e-02
3.795869e-02
3.800819e-02
3.805771e-02
3.810725e-02
3.815681e-02
3.820643e-02
3.825615e-02
3.830595e-02
3.835587e-02
3.840592e-02
3.845613e-02
3.850647e-02
3.855696e-02
3.860758e-02
3.865835e-02
3.870916e-02
3.875951e-02
3.880929e-02
3.885804e-02
3.890744e-02
3.895664e-02
3.900614e-02
3.904622e-02
3.908637e-02
3.912681e-02
3.916732e-02
3.920811e-02
3.924899e-02
3.929015e-02
3.933142e-02
3.937295e-02
3.941460e-02
3.945652e-02
3.949856e-02
3.954085e-02
3.958327e-02
3.962594e-02
3.966656e-02
3.970457e-02
3.974262e-02
3.978069e-02
3.981880e-02
3.985693e-02
3.989510e-02
3.993329e-02
3.997150e-02
4.000975e-02
4.004801e-02
4.008631e-02
4.012460e-02
4.016289e-02
4.020116e-02
4.023944e-02
4.027770e-02
4.031597e-02
4.035421e-02
4.039244e-02
4.043064e-02
4.046880e-02
4.050694e-02
4.054504e-02
4.058312e-02
4.062117e-02
4.065920e-02
4.069947e-02
4.073976e-02
4.077976e-02
4.081966e-02
4.085924e-02
4.090018e-02
4.094032e-02
4.097947e-02
4.101882e-02
4.105855e-02
4.109781e-02
4.113765e-02
4.117710e-02
4.121693e-02
4.125647e-02
4.129363e-02
4.133088e-02
4.136846e-02
4.140615e-02
4.144387e-02
4.148134e-02
4.151886e-02
4.155619e-02
4.159530e-02
4.163344e-02
4.167244e-02
4.171061e-02
4.174960e-02
4.178810e-02
4.182655e-02
4.186710e-02
4.190789e-02
4.194843e-02
4.199010e-02
4.203027e-02
4.207028e-02
4.210995e-02
4.215079e-02
4.219001e-02
4.222906e-02
4.226789e-02
4.230663e-02
4.234527e-02
4.238386e-02
4.242240e-02
4.246090e-02
4.249937e-02
4.253904e-02
4.257903e-02
4.261932e-02
4.266010e-02
4.270100e-02
4.274153e-02
4.278190e-02
4.282194e-02
4.286314e-02
4.290283e-02
4.294239e-02
4.298180e-02
4.302238e-02
4.306166e-02
4.310086e-02
4.314399e-02
4.318872e-02
4.323258e-02
4.327621e-02
4.331562e-02
4.335530e-02
4.339507e-02
4.343514e-02
4.347539e-02
4.351594e-02
4.355676e-02
4.359788e-02
4.363884e-02
4.368058e-02
4.372275e-02
4.376519e-02
4.380812e-02
4.385128e-02
4.389503e-02
4.393897e-02
4.398360e-02
4.402839e-02
4.407394e-02
4.411962e-02
4.416617e-02
4.421243e-02
4.425811e-02
4.430349e-02
4.434828e-02
4.439287e-02
4.443686e-02
4.448073e-02
4.452404e-02
4.457169e-02
4.462316e-02
4.467438e-02
4.472653e-02
4.476728e-02
4.480798e-02
4.484902e-02
4.489016e-02
4.493163e-02
4.497328e-02
4.501526e-02
4.505750e-02
4.510007e-02
4.514301e-02
4.518625e-02
4.523001e-02
4.527404e-02
4.531874e-02
4.536367e-02
4.540547e-02
4.544762e-02
4.548955e-02
4.553186e-02
4.557406e-02
4.561664e-02
4.565920e-02
4.570215e-02
4.574513e-02
4.578850e-02
4.583196e-02
4.587581e-02
4.591983e-02
4.596425e-02
4.600414e-02
4.604439e-02
4.608439e-02
4.612479e-02
4.616505e-02
4.620572e-02
4.624633e-02
4.628732e-02
4.632834e-02
4.636973e-02
4.641122e-02
4.645306e-02
4.649509e-02
4.653744e-02
4.658008e-02
4.662301e-02
4.666634e-02
4.670991e-02
4.675401e-02
4.679829e-02
4.684207e-02
4.688556e-02
4.692775e-02
4.697026e-02
4.701161e-02
4.705412e-02
4.709512e-02
4.713761e-02
4.717987e-02
4.722238e-02
4.726467e-02
4.730722e-02
4.734959e-02
4.739222e-02
4.743471e-02
4.747747e-02
4.752013e-02
4.756305e-02
4.760591e-02
4.764905e-02
4.769216e-02
4.773554e-02
4.777894e-02
4.782262e-02
4.786635e-02
4.791036e-02
4.795445e-02
4.799883e-02
4.804333e-02
4.808812e-02
4.813306e-02
4.817829e-02
4.822372e-02
4.826942e-02
4.831537e-02
4.836158e-02
4.840123e-02
4.844112e-02
4.848079e-02
4.852071e-02
4.856049e-02
4.860051e-02
4.864047e-02
4.868066e-02
4.872087e-02
4.876130e-02
4.880185e-02
4.884260e-02
4.888356e-02
4.892471e-02
4.896618e-02
4.900779e-02
4.904986e-02
4.909202e-02
4.913474e-02
4.917751e-02
4.922010e-02
4.926283e-02
4.930547e-02
4.934827e-02
4.939101e-02
4.943391e-02
4.947678e-02
4.951984e-02
4.956289e-02
4.960613e-02
4.964941e-02
4.969287e-02
4.973640e-02
4.978013e-02
4.982395e-02
4.986781e-02
4.991133e-02
4.995471e-02
4.999778e-02
5.004073e-02
5.008340e-02
5.012595e-02
5.016825e-02
5.021045e-02
5.025242e-02
5.029430e-02
5.033366e-02
5.037316e-02
5.041457e-02
5.045591e-02
5.049709e-02
5.053687e-02
5.057789e-02
5.061747e-02
5.065836e-02
5.069775e-02
5.073851e-02
5.077774e-02
5.081837e-02
5.085747e-02
5.089797e-02
5.093698e-02
5.097736e-02
5.101628e-02
5.105655e-02
5.109541e-02
5.113614e-02
5.117495e-02
5.121567e-02
5.125443e-02
5.129708e-02
5.134078e-02
5.138454e-02
5.142837e-02
5.147226e-02
5.151623e-02
5.156027e-02
5.160416e-02
5.164788e-02
5.169143e-02
5.173480e-02
5.178250e-02
5.183433e-02
5.188624e-02
5.193822e-02
5.199026e-02
5.204211e-02
5.208657e-02
5.213156e-02
5.217696e-02
5.222289e-02
5.226925e-02
5.231616e-02
5.236353e-02
5.241145e-02
5.245985e-02
5.250881e-02
5.255825e-02
5.260826e-02
5.265876e-02
5.270960e-02
5.276051e-02
5.281140e-02
5.286236e-02
5.291336e-02
5.296444e-02
5.301554e-02
5.306672e-02
5.311796e-02
5.316935e-02
5.322080e-02
5.327232e-02
5.332391e-02
5.337561e-02
5.342739e-02
5.347931e-02
5.353133e-02
5.358346e-02
5.363569e-02
5.368793e-02
5.374013e-02
5.379228e-02
5.384441e-02
5.389649e-02
5.394853e-02
5.400054e-02
5.405254e-02
5.410451e-02
5.415646e-02
5.420839e-02
5.426029e-02
5.431217e-02
5.436405e-02
5.441058e-02
5.445769e-02
5.450537e-02
5.455379e-02
5.460285e-02
5.465285e-02
5.470439e-02
5.475452e-02
5.480430e-02
5.485312e-02
5.490167e-02
5.494897e-02
5.499595e-02
5.504142e-02
5.508655e-02
5.513014e-02
5.517347e-02
5.521541e-02
5.525714e-02
5.529760e-02
5.533789e-02
5.538222e-02
5.543097e-02
5.548350e-02
5.553608e-02
5.558362e-02
5.563225e-02
5.568191e-02
5.573264e-02
5.578459e-02
5.583735e-02
5.589013e-02
5.594294e-02
5.599578e-02
5.604864e-02
5.610151e-02
5.615440e-02
5.620730e-02
5.626021e-02
5.631313e-02
5.636607e-02
5.641253e-02
5.645955e-02
5.650746e-02
5.655705e-02
5.660580e-02
5.665377e-02
5.670047e-02
5.674665e-02
5.679178e-02
5.683650e-02
5.688022e-02
5.692361e-02
5.697134e-02
5.702384e-02
5.707710e-02
5.713043e-02
5.717595e-02
5.722188e-02
5.726849e-02
5.731630e-02
5.736530e-02
5.741534e-02
5.746691e-02
5.752065e-02
5.757443e-02
5.762827e-02
5.768215e-02
5.773610e-02
5.777993e-02
5.782416e-02
5.786904e-02
5.791444e-02
5.796069e-02
5.800872e-02
5.805857e-02
5.810902e-02
5.815714e-02
5.820595e-02
5.825274e-02
5.829277e-02
5.833335e-02
5.837338e-02
5.841154e-02
5.844951e-02
5.848796e-02
5.852628e-02
5.856605e-02
5.860374e-02
5.864495e-02
5.868493e-02
5.872485e-02
5.876482e-02
5.880188e-02
5.883911e-02
5.887683e-02
5.891473e-02
5.895391e-02
5.899267e-02
5.903275e-02
5.906981e-02
5.910996e-02
5.914668e-02
5.918385e-02
5.922142e-02
5.925991e-02
5.929870e-02
5.933825e-02
5.937765e-02
5.941712e-02
5.945499e-02
5.949444e-02
5.953408e-02
5.957159e-02
5.960969e-02
5.964900e-02
5.968873e-02
5.972879e-02
5.976888e-02
5.980945e-02
5.984785e-02
5.988729e-02
5.992452e-02
5.996243e-02
6.000107e-02
6.004057e-02
6.008032e-02
6.011984e-02
6.015963e-02
6.019918e-02
6.023899e-02
6.027858e-02
6.031613e-02
6.035436e-02
6.039341e-02
6.043280e-02
6.047239e-02
6.051181e-02
6.055151e-02
6.059097e-02
6.062804e-02
6.066469e-02
6.070223e-02
6.074036e-02
6.077940e-02
6.081895e-02
6.085869e-02
6.089847e-02
6.093757e-02
6.097386e-02
6.101091e-02
6.104738e-02
6.108480e-02
6.112262e-02
6.116145e-02
6.120076e-02
6.124027e-02
6.127964e-02
6.131636e-02
6.135256e-02
6.138958e-02
6.142592e-02
6.146325e-02
6.149996e-02
6.153661e-02
6.157296e-02
6.160910e-02
6.164510e-02
6.168148e-02
6.171851e-02
6.175629e-02
6.179433e-02
6.183295e-02
6.187159e-02
6.191107e-02
6.195003e-02
6.198674e-02
6.202367e-02
6.206079e-02
6.209835e-02
6.213631e-02
6.217465e-02
6.221397e-02
6.225340e-02
6.229305e-02
6.233260e-02
6.237234e-02
6.241016e-02
6.244845e-02
6.248687e-02
6.252596e-02
6.256513e-02
6.260449e-02
6.264383e-02
6.268117e-02
6.271902e-02
6.275714e-02
6.279528e-02
6.283457e-02
6.287434e-02
6.291467e-02
6.295192e-02
6.298936e-02
6.302735e-02
6.306568e-02
6.310396e-02
6.314288e-02
6.318169e-02
6.322179e-02
6.325905e-02
6.329642e-02
6.333383e-02
6.337184e-02
6.340976e-02
6.344893e-02
6.348848e-02
6.352777e-02
6.356491e-02
6.360222e-02
6.363967e-02
6.367778e-02
6.371583e-02
6.375412e-02
6.379231e-02
6.383041e-02
6.386744e-02
6.390456e-02
6.394173e-02
6.397956e-02
6.401742e-02
6.405631e-02
6.409500e-02
6.413356e-02
6.417052e-02
6.420767e-02
6.424497e-02
6.428305e-02
6.432111e-02
6.435908e-02
6.439687e-02
6.443459e-02
6.447150e-02
6.450852e-02
6.454568e-02
6.458360e-02
6.462177e-02
6.466028e-02
6.469864e-02
6.473696e-02
6.477377e-02
6.481086e-02
6.484832e-02
6.488624e-02
6.492403e-02
6.496176e-02
6.499834e-02
6.503492e-02
6.507176e-02
6.510879e-02
6.514634e-02
6.518440e-02
6.522263e-02
6.526119e-02
6.529773e-02
6.533436e-02
6.537128e-02
6.540845e-02
6.544607e-02
6.548388e-02
6.552157e-02
6.555917e-02
6.559576e-02
6.563244e-02
6.566932e-02
6.570648e-02
6.574404e-02
6.578198e-02
6.582047e-02
6.585866e-02
6.589548e-02
6.593220e-02
6.596895e-02
6.600593e-02
6.604322e-02
6.608085e-02
6.611897e-02
6.615723e-02
6.619390e-02
6.623075e-02
6.626764e-02
6.630437e-02
6.634117e-02
6.637823e-02
6.641571e-02
6.645362e-02
6.648999e-02
6.652653e-02
6.656307e-02
6.659951e-02
6.663599e-02
6.667281e-02
6.671002e-02
6.674760e-02
6.678523e-02
6.682292e-02
6.685921e-02
6.689535e-02
6.693151e-02
6.696797e-02
6.700474e-02
6.704183e-02
6.707934e-02
6.711692e-02
6.715442e-02
6.719197e-02
6.722829e-02
6.726437e-02
6.730041e-02
6.733665e-02
6.737316e-02
6.741001e-02
6.744723e-02
6.748472e-02
6.752214e-02
6.755962e-02
6.759702e-02
6.763446e-02
6.767036e-02
6.770646e-02
6.774269e-02
6.777920e-02
6.781592e-02
6.785278e-02
6.788982e-02
6.792707e-02
6.796458e-02
6.800194e-02
6.803956e-02
6.807696e-02
6.811467e-02
6.815213e-02
6.818795e-02
6.822394e-02
6.826005e-02
6.829643e-02
6.833301e-02
6.836971e-02
6.840658e-02
6.844364e-02
6.848094e-02
6.851845e-02
6.855626e-02
6.859426e-02
6.863263e-02
6.867088e-02
6.870665e-02
6.874259e-02
6.877864e-02
6.881496e-02
6.885145e-02
6.888803e-02
6.892473e-02
6.896160e-02
6.899867e-02
6.903590e-02
6.907334e-02
6.911092e-02
6.914874e-02
6.918668e-02
6.922490e-02
6.926327e-02
6.929966e-02
6.933567e-02
6.937151e-02
6.940750e-02
6.944360e-02
6.947997e-02
6.951652e-02
6.955316e-02
6.958990e-02
6.962685e-02
6.966396e-02
6.970112e-02
6.973840e-02
6.977577e-02
6.981334e-02
6.985098e-02
6.988885e-02
6.992679e-02
6.996499e-02
7.000093e-02
7.003673e-02
7.007260e-02
7.010862e-02
7.014482e-02
7.018123e-02
7.021765e-02
7.025422e-02
7.029090e-02
7.032780e-02
7.036468e-02
7.040174e-02
7.043878e-02
7.047606e-02
7.051333e-02
7.055088e-02
7.058840e-02
7.062624e-02
7.066406e-02
7.070061e-02
7.073716e-02
7.077375e-02
7.080987e-02
7.084596e-02
7.088224e-02
7.091871e-02
7.095552e-02
7.099257e-02
7.102992e-02
7.106748e-02
7.110501e-02
7.114268e-02
7.118063e-02
7.121888e-02
7.125731e-02
7.129604e-02
7.133511e-02
7.137459e-02
7.141425e-02
7.145436e-02
7.149481e-02
7.153525e-02
7.157566e-02
7.161578e-02
7.165599e-02
7.169257e-02
7.172918e-02
7.176579e-02
7.180232e-02
7.183869e-02
7.187495e-02
7.191128e-02
7.194731e-02
7.198352e-02
7.201995e-02
7.205653e-02
7.209275e-02
7.212916e-02
7.216583e-02
7.220268e-02
7.223915e-02
7.227593e-02
7.231312e-02
7.235058e-02
7.238844e-02
7.242669e-02
7.246543e-02
7.250468e-02
7.254429e-02
7.258433e-02
7.262447e-02
7.266425e-02
7.270414e-02
7.274404e-02
7.278407e-02
7.282367e-02
7.286333e-02
7.290291e-02
7.294269e-02
7.298253e-02
7.302248e-02
7.306120e-02
7.309877e-02
7.313751e-02
7.317541e-02
7.321443e-02
7.325278e-02
7.329198e-02
7.333206e-02
7.337215e-02
7.341005e-02
7.344970e-02
7.348773e-02
7.352734e-02
7.356552e-02
7.360499e-02
7.364337e-02
7.368289e-02
7.372154e-02
7.376129e-02
7.380032e-02
7.384034e-02
7.387983e-02
7.392000e-02
7.395980e-02
7.399952e-02
7.403840e-02
7.407870e-02
7.411753e-02
7.415758e-02
7.419642e-02
7.423632e-02
7.427550e-02
7.431544e-02
7.435505e-02
7.439514e-02
7.443526e-02
7.447550e-02
7.451537e-02
7.455516e-02
7.459526e-02
7.463565e-02
7.467637e-02
7.471736e-02
7.475717e-02
7.479803e-02
7.483775e-02
7.487776e-02
7.491752e-02
7.495767e-02
7.499750e-02
7.503720e-02
7.507717e-02
7.511738e-02
7.515796e-02
7.519886e-02
7.523996e-02
7.528134e-02
7.532299e-02
7.536409e-02
7.540465e-02
7.544477e-02
7.548500e-02
7.552523e-02
7.556510e-02
7.560482e-02
7.564482e-02
7.568504e-02
7.572563e-02
7.576653e-02
7.580761e-02
7.584896e-02
7.589057e-02
7.593154e-02
7.597261e-02
7.601275e-02
7.605299e-02
7.609323e-02
7.613309e-02
7.617280e-02
7.621276e-02
7.625292e-02
7.629345e-02
7.633338e-02
7.637339e-02
7.641338e-02
7.645360e-02
7.649389e-02
7.653437e-02
7.657448e-02
7.661469e-02
7.665488e-02
7.669516e-02
7.673543e-02
7.677529e-02
7.681501e-02
7.685499e-02
7.689521e-02
7.693581e-02
7.697673e-02
7.701784e-02
7.705718e-02
7.709663e-02
7.713612e-02
7.717585e-02
7.721569e-02
7.725576e-02
7.729592e-02
7.733570e-02
7.737533e-02
7.741522e-02
7.745532e-02
7.749580e-02
7.753656e-02
7.757752e-02
7.761873e-02
7.766021e-02
7.770008e-02
7.773941e-02
7.777846e-02
7.781767e-02
7.785697e-02
7.789659e-02
7.793617e-02
7.797598e-02
7.801599e-02
7.805627e-02
7.809666e-02
7.813724e-02
7.817804e-02
7.821905e-02
7.826036e-02
7.830190e-02
7.834166e-02
7.838092e-02
7.841993e-02
7.845913e-02
7.849845e-02
7.853809e-02
7.857795e-02
7.861810e-02
7.865843e-02
7.869885e-02
7.873941e-02
7.878019e-02
7.882124e-02
7.886251e-02
7.890237e-02
7.894229e-02
7.898215e-02
7.902153e-02
7.906070e-02
7.910007e-02
7.913961e-02
7.917948e-02
7.921960e-02
7.926002e-02
7.930066e-02
7.934138e-02
7.938228e-02
7.942339e-02
7.946479e-02
7.950642e-02
7.954642e-02
7.958650e-02
7.962656e-02
7.966619e-02
7.970565e-02
7.974535e-02
7.978523e-02
7.982545e-02
7.986591e-02
7.990662e-02
7.994756e-02
7.998858e-02
8.002972e-02
8.007110e-02
8.011099e-02
8.015097e-02
8.019092e-02
8.023048e-02
8.026985e-02
8.030943e-02
8.034917e-02
8.038924e-02
8.042918e-02
8.046933e-02
8.050961e-02
8.055023e-02
8.059106e-02
8.063219e-02
8.067350e-02
8.071485e-02
8.075476e-02
8.079473e-02
8.083468e-02
8.087419e-02
8.091349e-02
8.095299e-02
8.099263e-02
8.103259e-02
8.107275e-02
8.111317e-02
8.115340e-02
8.119374e-02
8.123416e-02
8.127489e-02
8.131580e-02
8.135689e-02
8.139817e-02
8.143949e-02
8.148083e-02
8.152237e-02
8.156241e-02
8.160198e-02
8.164129e-02
8.168074e-02
8.172025e-02
8.176002e-02
8.179994e-02
8.184007e-02
8.188033e-02
8.192046e-02
8.196052e-02
8.200073e-02
8.204103e-02
8.208147e-02
8.212200e-02
8.216246e-02
8.220291e-02
8.224345e-02
8.228407e-02
8.232467e-02
8.236531e-02
8.240598e-02
8.244671e-02
8.248811e-02
8.253009e-02
8.257241e-02
8.261479e-02
8.265733e-02
8.270001e-02
8.274275e-02
8.278226e-02
8.282189e-02
8.286158e-02
8.290146e-02
8.294147e-02
8.298128e-02
8.302099e-02
8.306083e-02
8.310076e-02
8.314087e-02
8.318109e-02
8.322142e-02
8.326183e-02
8.330210e-02
8.334232e-02
8.338264e-02
8.342305e-02
8.346346e-02
8.350391e-02
8.354442e-02
8.358500e-02
8.362563e-02
8.366633e-02
8.370708e-02
8.374789e-02
8.378873e-02
8.382964e-02
8.387125e-02
8.391350e-02
8.395624e-02
8.399932e-02
8.404255e-02
8.408256e-02
8.412218e-02
8.416159e-02
8.420112e-02
8.424072e-02
8.428055e-02
8.432051e-02
8.436068e-02
8.440100e-02
8.444147e-02
8.448203e-02
8.452221e-02
8.456222e-02
8.460237e-02
8.464263e-02
8.468309e-02
8.472367e-02
8.476438e-02
8.480518e-02
8.484586e-02
8.488653e-02
8.492731e-02
8.496820e-02
8.500913e-02
8.505013e-02
8.509165e-02
8.513379e-02
8.517657e-02
8.521968e-02
8.526291e-02
8.530283e-02
8.534242e-02
8.538183e-02
8.542138e-02
8.546100e-02
8.550084e-02
8.554082e-02
8.558100e-02
8.562132e-02
8.566177e-02
8.570231e-02
8.574248e-02
8.578245e-02
8.582257e-02
8.586278e-02
8.590320e-02
8.594374e-02
8.598442e-02
8.602520e-02
8.606587e-02
8.610653e-02
8.614732e-02
8.618822e-02
8.622917e-02
8.627020e-02
8.631180e-02
8.635407e-02
8.639702e-02
8.643986e-02
8.648282e-02
8.652264e-02
8.656214e-02
8.660146e-02
8.664093e-02
8.668050e-02
8.672031e-02
8.676026e-02
8.680042e-02
8.684070e-02
8.688114e-02
8.692168e-02
8.696192e-02
8.700200e-02
8.704224e-02
8.708260e-02
8.712315e-02
8.716384e-02
8.720449e-02
8.724517e-02
8.728600e-02
8.732698e-02
8.736803e-02
8.740920e-02
8.745096e-02
8.749346e-02
8.753630e-02
8.757577e-02
8.761545e-02
8.765528e-02
8.769481e-02
8.773419e-02
8.777374e-02
8.781342e-02
8.785336e-02
8.789347e-02
8.793381e-02
8.797427e-02
8.801488e-02
8.805560e-02
8.809607e-02
8.813644e-02
8.817696e-02
8.821761e-02
8.825844e-02
8.829942e-02
8.834040e-02
8.838145e-02
8.842261e-02
8.846392e-02
8.850535e-02
8.854694e-02
8.858924e-02
8.862856e-02
8.866801e-02
8.870754e-02
8.874732e-02
8.878727e-02
8.882694e-02
8.886649e-02
8.890625e-02
8.894617e-02
8.898640e-02
8.902684e-02
8.906752e-02
8.910836e-02
8.914911e-02
8.918986e-02
8.923077e-02
8.927182e-02
8.931297e-02
8.935424e-02
8.939562e-02
8.943715e-02
8.947878e-02
8.952056e-02
8.956245e-02
8.960452e-02
8.964774e-02
8.968736e-02
8.972712e-02
8.976696e-02
8.980708e-02
8.984737e-02
8.988788e-02
8.992854e-02
8.996889e-02
9.000911e-02
9.004954e-02
9.009011e-02
9.013095e-02
9.017197e-02
9.021319e-02
9.025455e-02
9.029585e-02
9.033716e-02
9.037863e-02
9.042022e-02
9.046188e-02
9.050363e-02
9.054549e-02
9.058748e-02
9.062956e-02
9.067178e-02
9.071460e-02
9.075741e-02
9.080022e-02
9.084046e-02
9.088092e-02
9.092152e-02
9.096175e-02
9.100179e-02
9.104201e-02
9.108234e-02
9.112294e-02
9.116371e-02
9.120472e-02
9.124585e-02
9.128711e-02
9.132846e-02
9.136960e-02
9.141063e-02
9.145180e-02
9.149306e-02
9.153448e-02
9.157599e-02
9.161744e-02
9.165887e-02
9.170042e-02
9.174206e-02
9.178375e-02
9.182551e-02
9.186802e-02
9.191114e-02
9.195445e-02
9.199775e-02
9.204104e-02
9.208167e-02
9.212191e-02
9.216195e-02
9.220208e-02
9.224228e-02
9.228268e-02
9.232321e-02
9.236396e-02
9.240487e-02
9.244547e-02
9.248592e-02
9.252650e-02
9.256716e-02
9.260801e-02
9.264897e-02
9.269007e-02
9.273124e-02
9.277247e-02
9.281373e-02
9.285474e-02
9.289565e-02
9.293668e-02
9.297779e-02
9.301902e-02
9.306035e-02
9.310163e-02
9.314291e-02
9.318429e-02
9.322574e-02
9.326716e-02
9.330860e-02
9.335071e-02
9.339334e-02
9.343633e-02
9.347947e-02
9.352262e-02
9.356575e-02
9.360886e-02
9.365193e-02
9.369498e-02
9.373555e-02
9.377631e-02
9.381725e-02
9.385797e-02
9.389857e-02
9.393931e-02
9.398011e-02
9.402109e-02
9.406216e-02
9.410336e-02
9.414464e-02
9.418559e-02
9.422635e-02
9.426720e-02
9.430811e-02
9.434917e-02
9.439031e-02
9.443155e-02
9.447283e-02
9.451389e-02
9.455484e-02
9.459587e-02
9.463696e-02
9.467815e-02
9.471942e-02
9.476061e-02
9.480179e-02
9.484305e-02
9.488437e-02
9.492567e-02
9.496698e-02
9.500833e-02
9.504971e-02
9.509169e-02
9.513413e-02
9.517692e-02
9.521964e-02
9.526276e-02
9.530537e-02
9.534876e-02
9.539132e-02
9.543642e-02
9.547736e-02
9.551848e-02
9.555974e-02
9.560073e-02
9.564156e-02
9.568253e-02
9.572356e-02
9.576478e-02
9.580608e-02
9.584752e-02
9.588902e-02
9.593061e-02
9.597226e-02
9.601351e-02
9.605453e-02
9.609567e-02
9.613685e-02
9.617821e-02
9.621964e-02
9.626118e-02
9.630275e-02
9.634412e-02
9.638540e-02
9.642677e-02
9.646821e-02
9.650975e-02
9.655137e-02
9.659295e-02
9.663454e-02
9.667681e-02
9.671963e-02
9.676283e-02
9.680625e-02
9.684980e-02
9.689342e-02
9.693703e-02
9.698062e-02
9.702557e-02
9.706647e-02
9.710749e-02
9.714854e-02
9.718980e-02
9.723116e-02
9.727273e-02
9.731442e-02
9.735623e-02
9.739809e-02
9.743948e-02
9.748060e-02
9.752187e-02
9.756322e-02
9.760479e-02
9.764646e-02
9.768829e-02
9.773019e-02
9.777215e-02
9.781413e-02
9.785594e-02
9.789767e-02
9.793953e-02
9.798148e-02
9.802355e-02
9.806571e-02
9.810825e-02
9.815128e-02
9.819493e-02
9.823894e-02
9.828322e-02
9.832761e-02
9.837264e-02
9.841848e-02
9.846534e-02
9.851281e-02
9.856075e-02
9.860883e-02
9.865665e-02
9.870416e-02
9.874581e-02
9.878728e-02
9.882890e-02
9.887057e-02
9.891245e-02
9.895439e-02
9.899649e-02
9.903862e-02
9.908083e-02
9.912306e-02
9.916505e-02
9.920687e-02
9.924885e-02
9.929090e-02
9.933312e-02
9.937542e-02
9.941783e-02
9.946028e-02
9.950267e-02
9.954501e-02
9.958748e-02
9.963001e-02
9.967260e-02
9.971523e-02
9.975795e-02
9.980072e-02
9.984357e-02
9.988648e-02
9.992946e-02
9.997251e-02
1.000156e-01
1.000588e-01
1.001021e-01
1.001454e-01
1.001888e-01
1.002323e-01
1.002758e-01
1.003194e-01
1.003632e-01
1.004069e-01
1.004523e-01
1.004991e-01
1.005470e-01
1.005957e-01
1.006449e-01
1.006945e-01
1.007441e-01
1.007931e-01
1.008409e-01
1.008879e-01
1.009352e-01
1.009823e-01
1.010292e-01
1.010759e-01
1.011228e-01
1.011697e-01
1.012166e-01
1.012635e-01
1.013103e-01
1.013572e-01
1.014042e-01
1.014511e-01
1.014982e-01
1.015452e-01
1.015923e-01
1.016395e-01
1.016867e-01
1.017340e-01
1.017813e-01
1.018288e-01
1.018763e-01
1.019237e-01
1.019710e-01
1.020201e-01
1.020674e-01
1.021167e-01
1.021711e-01
1.022244e-01
1.022769e-01
1.023285e-01
1.023803e-01
1.024317e-01
1.024831e-01
1.025341e-01
1.025851e-01
1.026358e-01
1.026867e-01
1.027373e-01
1.027880e-01
1.028386e-01
1.028917e-01
1.029453e-01
1.029988e-01
1.030522e-01
1.031056e-01
1.031590e-01
1.032123e-01
1.032652e-01
1.033184e-01
1.033709e-01
1.034237e-01
1.034760e-01
1.035284e-01
1.035805e-01
1.036321e-01
1.036840e-01
1.037344e-01
1.037861e-01
1.038362e-01
1.038893e-01
1.039423e-01
1.039954e-01
1.040485e-01
1.041016e-01
1.041547e-01
1.042077e-01
1.042609e-01
1.043138e-01
1.043670e-01
1.044203e-01
1.044736e-01
1.045269e-01
1.045803e-01
1.046336e-01
1.046871e-01
1.047403e-01
1.047938e-01
1.048469e-01
1.049005e-01
1.049536e-01
1.050069e-01
1.050599e-01
1.051135e-01
1.051666e-01
1.052202e-01
1.052737e-01
1.053276e-01
1.053813e-01
1.054352e-01
1.054888e-01
1.055427e-01
1.055962e-01
1.056503e-01
1.057037e-01
1.057578e-01
1.058113e-01
1.058653e-01
1.059188e-01
1.059728e-01
1.060265e-01
1.060806e-01
1.061345e-01
1.061880e-01
1.062411e-01
1.062941e-01
1.063467e-01
1.063992e-01
1.064515e-01
1.065037e-01
1.065558e-01
1.066078e-01
1.066597e-01
1.067115e-01
1.067634e-01
1.068152e-01
1.068669e-01
1.069187e-01
1.069705e-01
1.070223e-01
1.070741e-01
1.071260e-01
1.071779e-01
1.072298e-01
1.072818e-01
1.073338e-01
1.073859e-01
1.074380e-01
1.074902e-01
1.075425e-01
1.075948e-01
1.076470e-01
1.076995e-01
1.077506e-01
1.078026e-01
1.078553e-01
1.079081e-01
1.079583e-01
1.080111e-01
1.080641e-01
1.081171e-01
1.081702e-01
1.082233e-01
1.082766e-01
1.083298e-01
1.083832e-01
1.084366e-01
1.084901e-01
1.085436e-01
1.085972e-01
1.086508e-01
1.087045e-01
1.087583e-01
1.088121e-01
1.088659e-01
1.089197e-01
1.089736e-01
1.090275e-01
1.090814e-01
1.091354e-01
1.091893e-01
1.092433e-01
1.092972e-01
1.093511e-01
1.094051e-01
1.094590e-01
1.095129e-01
1.095668e-01
1.096206e-01
1.096743e-01
1.097276e-01
1.097807e-01
1.098338e-01
1.098871e-01
1.099402e-01
1.099930e-01
1.100455e-01
1.100979e-01
1.101503e-01
1.102030e-01
1.102506e-01
1.102977e-01
1.103495e-01
1.103998e-01
1.104518e-01
1.105041e-01
1.105568e-01
1.106087e-01
1.106605e-01
1.107123e-01
1.107642e-01
1.108163e-01
1.108688e-01
1.109206e-01
1.109722e-01
1.110240e-01
1.110758e-01
1.111278e-01
1.111803e-01
1.112320e-01
1.112836e-01
1.113353e-01
1.113871e-01
1.114391e-01
1.114914e-01
1.115441e-01
1.115958e-01
1.116474e-01
1.116992e-01
1.117511e-01
1.118033e-01
1.118560e-01
1.119076e-01
1.119592e-01
1.120110e-01
1.120628e-01
1.121150e-01
1.121675e-01
1.122191e-01
1.122707e-01
1.123223e-01
1.123741e-01
1.124261e-01
1.124784e-01
1.125300e-01
1.125815e-01
1.126331e-01
1.126849e-01
1.127367e-01
1.127889e-01
1.128415e-01
1.128930e-01
1.129445e-01
1.129961e-01
1.130479e-01
1.130999e-01
1.131523e-01
1.132037e-01
1.132552e-01
1.133067e-01
1.133584e-01
1.134103e-01
1.134625e-01
1.135152e-01
1.135666e-01
1.136181e-01
1.136698e-01
1.137216e-01
1.137737e-01
1.138263e-01
1.138778e-01
1.139293e-01
1.139809e-01
1.140327e-01
1.140848e-01
1.141372e-01
1.141888e-01
1.142403e-01
1.142920e-01
1.143437e-01
1.143957e-01
1.144481e-01
1.145008e-01
1.145525e-01
1.146041e-01
1.146559e-01
1.147079e-01
1.147601e-01
1.148127e-01
1.148644e-01
1.149161e-01
1.149679e-01
1.150199e-01
1.150720e-01
1.151245e-01
1.151774e-01
1.152292e-01
1.152810e-01
1.153330e-01
1.153851e-01
1.154374e-01
1.154901e-01
1.155431e-01
1.155951e-01
1.156470e-01
1.156991e-01
1.157513e-01
1.158038e-01
1.158565e-01
1.159098e-01
1.159618e-01
1.160138e-01
1.160660e-01
1.161183e-01
1.161709e-01
1.162238e-01
1.162771e-01
1.163292e-01
1.163814e-01
1.164336e-01
1.164860e-01
1.165387e-01
1.165916e-01
1.166450e-01
1.166972e-01
1.167495e-01
1.168019e-01
1.168544e-01
1.169071e-01
1.169601e-01
1.170135e-01
1.170673e-01
1.171197e-01
1.171723e-01
1.172249e-01
1.172777e-01
1.173307e-01
1.173840e-01
1.174378e-01
1.174904e-01
1.175431e-01
1.175959e-01
1.176488e-01
1.177019e-01
1.177552e-01
1.178089e-01
1.178630e-01
1.179159e-01
1.179688e-01
1.180218e-01
1.180750e-01
1.181283e-01
1.181819e-01
1.182359e-01
1.182903e-01
1.183434e-01
1.183965e-01
1.184498e-01
1.185031e-01
1.185567e-01
1.186104e-01
1.186645e-01
1.187187e-01
1.187720e-01
1.188254e-01
1.188788e-01
1.189323e-01
1.189860e-01
1.190399e-01
1.190941e-01
1.191487e-01
1.192028e-01
1.192563e-01
1.193098e-01
1.193634e-01
1.194172e-01
1.194597e-01
1.195028e-01
1.195453e-01
1.195888e-01
1.196332e-01
1.196755e-01
1.197186e-01
1.197610e-01
1.198041e-01
1.198464e-01
1.198896e-01
1.199319e-01
1.199751e-01
1.200175e-01
1.200602e-01
1.201027e-01
1.201454e-01
1.201879e-01
1.202307e-01
1.202731e-01
1.203160e-01
1.203585e-01
1.204013e-01
1.204438e-01
1.204867e-01
1.205292e-01
1.205721e-01
1.206147e-01
1.206576e-01
1.207003e-01
1.207432e-01
1.207859e-01
1.208289e-01
1.208717e-01
1.209147e-01
1.209621e-01
1.210142e-01
1.210682e-01
1.211222e-01
1.211764e-01
1.212307e-01
1.212853e-01
1.213402e-01
1.213956e-01
1.214516e-01
1.215058e-01
1.215600e-01
1.216033e-01
1.216508e-01
1.217031e-01
1.217579e-01
1.218130e-01
1.218685e-01
1.219246e-01
1.219790e-01
1.220334e-01
1.220879e-01
1.221426e-01
1.221974e-01
1.222524e-01
1.223076e-01
1.223624e-01
1.224185e-01
1.224731e-01
1.225277e-01
1.225823e-01
1.226371e-01
1.226920e-01
1.227471e-01
1.228025e-01
1.228582e-01
1.229145e-01
1.229692e-01
1.230239e-01
1.230787e-01
1.231336e-01
1.231886e-01
1.232438e-01
1.232993e-01
1.233551e-01
1.234114e-01
1.234662e-01
1.235210e-01
1.235759e-01
1.236308e-01
1.236859e-01
1.237412e-01
1.237968e-01
1.238528e-01
1.239093e-01
1.239642e-01
1.240191e-01
1.240741e-01
1.241293e-01
1.241845e-01
1.242400e-01
1.242957e-01
1.243518e-01
1.244085e-01
1.244635e-01
1.245185e-01
1.245737e-01
1.246289e-01
1.246843e-01
1.247399e-01
1.247958e-01
1.248521e-01
1.249089e-01
1.249640e-01
1.250192e-01
1.250744e-01
1.251298e-01
1.251853e-01
1.252411e-01
1.252971e-01
1.253532e-01
1.254098e-01
1.254650e-01
1.255203e-01
1.255757e-01
1.256312e-01
1.256866e-01
1.257425e-01
1.257977e-01
1.258533e-01
1.259084e-01
1.259637e-01
1.260186e-01
1.260738e-01
1.261284e-01
1.261834e-01
1.262379e-01
1.262928e-01
1.263471e-01
1.264018e-01
1.264560e-01
1.265105e-01
1.265646e-01
1.266191e-01
1.266730e-01
1.267273e-01
1.267747e-01
1.268228e-01
1.268702e-01
1.269181e-01
1.269655e-01
1.270134e-01
1.270609e-01
1.271089e-01
1.271564e-01
1.272044e-01
1.272520e-01
1.273000e-01
1.273477e-01
1.273958e-01
1.274435e-01
1.274916e-01
1.275394e-01
1.275875e-01
1.276353e-01
1.276835e-01
1.277314e-01
1.277796e-01
1.278275e-01
1.278802e-01
1.279334e-01
1.279869e-01
1.280401e-01
1.280936e-01
1.281467e-01
1.282002e-01
1.282533e-01
1.283067e-01
1.283598e-01
1.284133e-01
1.284614e-01
1.285144e-01
1.285626e-01
1.286151e-01
1.286634e-01
1.287150e-01
1.287680e-01
1.288214e-01
1.288745e-01
1.289279e-01
1.289810e-01
1.290345e-01
1.290876e-01
1.291411e-01
1.291943e-01
1.292478e-01
1.293011e-01
1.293546e-01
1.294079e-01
1.294615e-01
1.295068e-01
1.295565e-01
1.296018e-01
1.296516e-01
1.296970e-01
1.297469e-01
1.297923e-01
1.298422e-01
1.298877e-01
1.299377e-01
1.299832e-01
1.300333e-01
1.300788e-01
1.301290e-01
1.301746e-01
1.302248e-01
1.302705e-01
1.303207e-01
1.303665e-01
1.304168e-01
1.304626e-01
1.305130e-01
1.305589e-01
1.306094e-01
1.306553e-01
1.307059e-01
1.307519e-01
1.308025e-01
1.308486e-01
1.308993e-01
1.309454e-01
1.309962e-01
1.310424e-01
1.310933e-01
1.311396e-01
1.311902e-01
1.312365e-01
1.312868e-01
1.313332e-01
1.313831e-01
1.314296e-01
1.314792e-01
1.315258e-01
1.315752e-01
1.316218e-01
1.316709e-01
1.317176e-01
1.317666e-01
1.318133e-01
1.318622e-01
1.319090e-01
1.319577e-01
1.320046e-01
1.320533e-01
1.321003e-01
1.321489e-01
1.321959e-01
1.322445e-01
1.322915e-01
1.323401e-01
1.323872e-01
1.324358e-01
1.324826e-01
1.325306e-01
1.325777e-01
1.326260e-01
1.326732e-01
1.327215e-01
1.327688e-01
1.328167e-01
1.328659e-01
1.329138e-01
1.329611e-01
1.330090e-01
1.330577e-01
1.331078e-01
1.331550e-01
1.332029e-01
1.332524e-01
1.333011e-01
1.333486e-01
1.333980e-01
1.334463e-01
1.334956e-01
1.335440e-01
1.335942e-01
1.336430e-01
1.336934e-01
1.337422e-01
1.337927e-01
1.338415e-01
1.338923e-01
1.339413e-01
1.339922e-01
1.340421e-01
1.340930e-01
1.341430e-01
1.341939e-01
1.342439e-01
1.342948e-01
1.343448e-01
1.343956e-01
1.344470e-01
1.344999e-01
1.345511e-01
1.346041e-01
1.346506e-01
1.347017e-01
1.347482e-01
1.347994e-01
1.348460e-01
1.348952e-01
1.349418e-01
1.349903e-01
1.350368e-01
1.350848e-01
1.351314e-01
1.351792e-01
1.352257e-01
1.352733e-01
1.353199e-01
1.353674e-01
1.354139e-01
1.354613e-01
1.355079e-01
1.355552e-01
1.356017e-01
1.356490e-01
1.356956e-01
1.357429e-01
1.357921e-01
1.358433e-01
1.358930e-01
1.359446e-01
1.359942e-01
1.360458e-01
1.360954e-01
1.361468e-01
1.361964e-01
1.362478e-01
1.362972e-01
1.363482e-01
1.363976e-01
1.364485e-01
1.364979e-01
1.365488e-01
1.365981e-01
1.366490e-01
1.366982e-01
1.367492e-01
1.367983e-01
1.368492e-01
1.368983e-01
1.369491e-01
1.369980e-01
1.370487e-01
1.370976e-01
1.371481e-01
1.371969e-01
1.372473e-01
1.372959e-01
1.373462e-01
1.373933e-01
1.374413e-01
1.374897e-01
1.375397e-01
1.375868e-01
1.376348e-01
1.376819e-01
1.377299e-01
1.377770e-01
1.378250e-01
1.378721e-01
1.379201e-01
1.379672e-01
1.380151e-01
1.380625e-01
1.381113e-01
1.381583e-01
1.382063e-01
1.382533e-01
1.383018e-01
1.383487e-01
1.383969e-01
1.384437e-01
1.384920e-01
1.385387e-01
1.385869e-01
1.386335e-01
1.386815e-01
1.387280e-01
1.387759e-01
1.388222e-01
1.388699e-01
1.389162e-01
1.389637e-01
1.390098e-01
1.390572e-01
1.391031e-01
1.391503e-01
1.391961e-01
1.392431e-01
1.392887e-01
1.393355e-01
1.393809e-01
1.394274e-01
1.394727e-01
1.395190e-01
1.395642e-01
1.396105e-01
1.396555e-01
1.397017e-01
1.397466e-01
1.397927e-01
1.398376e-01
1.398835e-01
1.399283e-01
1.399741e-01
1.400187e-01
1.400644e-01
1.401090e-01
1.401545e-01
1.401989e-01
1.402443e-01
1.402886e-01
1.403338e-01
1.403780e-01
1.404237e-01
1.404677e-01
1.405133e-01
1.405572e-01
1.406027e-01
1.406465e-01
1.406920e-01
1.407357e-01
1.407811e-01
1.408248e-01
1.408701e-01
1.409137e-01
1.409589e-01
1.410024e-01
1.410475e-01
1.410909e-01
1.411359e-01
1.411793e-01
1.412242e-01
1.412675e-01
1.413123e-01
1.413555e-01
1.414002e-01
1.414433e-01
1.414879e-01
1.415309e-01
1.415754e-01
1.416184e-01
1.416627e-01
1.417056e-01
1.417499e-01
1.417927e-01
1.418369e-01
1.418796e-01
1.419237e-01
1.419664e-01
1.420103e-01
1.420529e-01
1.420968e-01
1.421394e-01
1.421831e-01
1.422257e-01
1.422694e-01
1.423118e-01
1.423555e-01
1.423979e-01
1.424415e-01
1.424839e-01
1.425274e-01
1.425698e-01
1.426133e-01
1.426556e-01
1.426990e-01
1.427414e-01
1.427847e-01
1.428270e-01
1.428704e-01
1.429126e-01
1.429559e-01
1.429981e-01
1.430414e-01
1.430836e-01
1.431267e-01
1.431689e-01
1.432120e-01
1.432542e-01
1.432972e-01
1.433394e-01
1.433824e-01
1.434244e-01
1.434674e-01
1.435095e-01
1.435524e-01
1.435944e-01
1.436373e-01
1.436792e-01
1.437221e-01
1.437641e-01
1.438069e-01
1.438488e-01
1.438916e-01
1.439336e-01
1.439764e-01
1.440183e-01
1.440611e-01
1.441030e-01
1.441457e-01
1.441876e-01
1.442304e-01
1.442722e-01
1.443149e-01
1.443568e-01
1.443994e-01
1.444412e-01
1.444838e-01
1.445255e-01
1.445680e-01
1.446097e-01
1.446522e-01
1.446939e-01
1.447363e-01
1.447779e-01
1.448202e-01
1.448618e-01
1.449075e-01
1.449570e-01
1.450073e-01
1.450568e-01
1.451072e-01
1.451567e-01
1.452071e-01
1.452566e-01
1.453069e-01
1.453564e-01
1.454068e-01
1.454563e-01
1.455067e-01
1.455561e-01
1.456065e-01
1.456559e-01
1.457062e-01
1.457557e-01
1.458060e-01
1.458554e-01
1.459056e-01
1.459550e-01
1.460051e-01
1.460545e-01
1.461046e-01
1.461557e-01
1.462068e-01
1.462575e-01
1.463087e-01
1.463584e-01
1.464101e-01
1.464590e-01
1.465097e-01
1.465582e-01
1.466088e-01
1.466572e-01
1.467082e-01
1.467571e-01
1.468089e-01
1.468577e-01
1.469090e-01
1.469590e-01
1.470068e-01
1.470557e-01
1.471056e-01
1.471530e-01
1.472012e-01
1.472504e-01
1.473007e-01
1.473481e-01
1.473967e-01
1.474446e-01
1.474936e-01
1.475416e-01
1.475908e-01
1.476391e-01
1.476886e-01
1.477371e-01
1.477871e-01
1.478359e-01
1.478863e-01
1.479355e-01
1.479864e-01
1.480342e-01
1.480825e-01
1.481304e-01
1.481788e-01
1.482267e-01
1.482750e-01
1.483230e-01
1.483713e-01
1.484193e-01
1.484676e-01
1.485156e-01
1.485640e-01
1.486120e-01
1.486604e-01
1.487084e-01
1.487569e-01
1.488056e-01
1.488577e-01
1.489065e-01
1.489587e-01
1.490075e-01
1.490578e-01
1.491067e-01
1.491568e-01
1.492066e-01
1.492586e-01
1.493083e-01
1.493603e-01
1.494100e-01
1.494620e-01
1.495116e-01
1.495636e-01
1.496131e-01
1.496651e-01
1.497146e-01
1.497656e-01
1.498152e-01
1.498656e-01
1.499152e-01
1.499661e-01
1.500157e-01
1.500677e-01
1.501172e-01
1.501678e-01
1.502174e-01
1.502680e-01
1.503176e-01
1.503694e-01
1.504190e-01
1.504699e-01
1.505195e-01
1.505701e-01
1.506197e-01
1.506714e-01
1.507210e-01
1.507723e-01
1.508211e-01
1.508710e-01
1.509207e-01
1.509703e-01
1.510200e-01
1.510716e-01
1.511207e-01
1.511711e-01
1.512208e-01
1.512708e-01
1.513204e-01
1.513723e-01
1.514217e-01
1.514726e-01
1.515222e-01
1.515727e-01
1.516223e-01
1.516741e-01
1.517237e-01
1.517752e-01
1.518248e-01
1.518761e-01
1.519257e-01
1.519775e-01
1.520249e-01
1.520730e-01
1.521202e-01
1.521677e-01
1.522149e-01
1.522624e-01
1.523095e-01
1.523569e-01
1.524039e-01
1.524514e-01
1.524987e-01
1.525462e-01
1.525934e-01
1.526407e-01
1.526877e-01
1.527351e-01
1.527823e-01
1.528297e-01
1.528766e-01
1.529260e-01
1.529728e-01
1.530222e-01
1.530727e-01
1.531236e-01
1.531741e-01
1.532240e-01
1.532739e-01
1.533239e-01
1.533744e-01
1.534244e-01
1.534741e-01
1.535232e-01
1.535727e-01
1.536223e-01
1.536728e-01
1.537216e-01
1.537706e-01
1.538192e-01
1.538686e-01
1.539180e-01
1.539672e-01
1.540151e-01
1.540637e-01
1.541125e-01
1.541624e-01
1.542102e-01
1.542584e-01
1.543063e-01
1.543551e-01
1.544054e-01
1.544547e-01
1.545048e-01
1.545535e-01
1.546046e-01
1.546547e-01
1.547059e-01
1.547566e-01
1.548074e-01
1.548581e-01
1.549082e-01
1.549580e-01
1.550077e-01
1.550564e-01
1.551059e-01
1.551530e-01
1.552015e-01
1.552484e-01
1.552976e-01
1.553454e-01
1.553969e-01
1.554464e-01
1.554981e-01
1.555494e-01
1.556011e-01
1.556527e-01
1.557041e-01
1.557550e-01
1.558058e-01
1.558564e-01
1.559073e-01
1.559569e-01
1.560082e-01
1.560568e-01
1.561072e-01
1.561553e-01
1.562055e-01
1.562536e-01
1.563039e-01
1.563522e-01
1.564030e-01
1.564517e-01
1.565030e-01
1.565520e-01
1.566038e-01
1.566533e-01
1.567054e-01
1.567552e-01
1.568071e-01
1.568571e-01
1.569087e-01
1.569588e-01
1.570102e-01
1.570602e-01
1.571112e-01
1.571610e-01
1.572118e-01
1.572615e-01
1.573122e-01
1.573618e-01
1.574124e-01
1.574619e-01
1.575123e-01
1.575619e-01
1.576122e-01
1.576619e-01
1.577124e-01
1.577621e-01
1.578126e-01
1.578623e-01
1.579128e-01
1.579625e-01
1.580133e-01
1.580630e-01
1.581134e-01
1.581631e-01
1.582139e-01
1.582634e-01
1.583141e-01
1.583635e-01
1.584141e-01
1.584634e-01
1.585142e-01
1.585633e-01
1.586144e-01
1.586633e-01
1.587143e-01
1.587630e-01
1.588137e-01
1.588622e-01
1.589126e-01
1.589609e-01
1.590111e-01
1.590591e-01
1.591091e-01
1.591569e-01
1.592066e-01
1.592542e-01
1.593037e-01
1.593510e-01
1.594003e-01
1.594474e-01
1.594964e-01
1.595433e-01
1.595922e-01
1.596389e-01
1.596876e-01
1.597341e-01
1.597827e-01
1.598292e-01
1.598777e-01
1.599240e-01
1.599725e-01
1.600188e-01
1.600673e-01
1.601135e-01
1.601620e-01
1.602083e-01
1.602568e-01
1.603031e-01
1.603516e-01
1.603979e-01
1.604465e-01
1.604928e-01
1.605414e-01
1.605877e-01
1.606363e-01
1.606827e-01
1.607313e-01
1.607776e-01
1.608262e-01
1.608726e-01
1.609212e-01
1.609677e-01
1.610164e-01
1.610631e-01
1.611121e-01
1.611592e-01
1.612087e-01
1.612565e-01
1.613069e-01
1.613556e-01
1.614075e-01
1.614576e-01
1.615103e-01
1.615615e-01
1.616121e-01
1.616631e-01
1.617133e-01
1.617643e-01
1.618166e-01
1.618676e-01
1.619174e-01
1.619675e-01
1.620161e-01
1.620656e-01
1.621162e-01
1.621671e-01
1.622155e-01
1.622642e-01
1.623113e-01
1.623594e-01
1.624088e-01
1.624589e-01
1.625074e-01
1.625544e-01
1.626016e-01
1.626484e-01
1.626982e-01
1.627474e-01
1.627978e-01
1.628479e-01
1.628977e-01
1.629476e-01
1.629979e-01
1.630482e-01
1.630975e-01
1.631466e-01
1.631953e-01
1.632442e-01
1.632935e-01
1.633428e-01
1.633909e-01
1.634387e-01
1.634864e-01
1.635343e-01
1.635826e-01
1.636301e-01
1.636767e-01
1.637232e-01
1.637699e-01
1.638168e-01
1.638638e-01
1.639089e-01
1.639547e-01
1.639994e-01
1.640458e-01
1.640913e-01
1.641392e-01
1.641860e-01
1.642359e-01
1.642840e-01
1.643355e-01
1.643847e-01
1.644362e-01
1.644860e-01
1.645373e-01
1.645873e-01
1.646391e-01
1.646890e-01
1.647406e-01
1.647903e-01
1.648418e-01
1.648914e-01
1.649429e-01
1.649923e-01
1.650433e-01
1.650926e-01
1.651440e-01
1.651933e-01
1.652446e-01
1.652939e-01
1.653452e-01
1.653945e-01
1.654459e-01
1.654951e-01
1.655465e-01
1.655958e-01
1.656471e-01
1.656964e-01
1.657478e-01
1.657971e-01
1.658480e-01
1.658973e-01
1.659487e-01
1.659980e-01
1.660495e-01
1.660988e-01
1.661503e-01
1.661996e-01
1.662511e-01
1.663004e-01
1.663518e-01
1.664011e-01
1.664528e-01
1.665020e-01
1.665533e-01
1.666026e-01
1.666544e-01
1.667035e-01
1.667553e-01
1.668044e-01
1.668563e-01
1.669054e-01
1.669573e-01
1.670063e-01
1.670583e-01
1.671074e-01
1.671593e-01
1.672083e-01
1.672601e-01
1.673091e-01
1.673609e-01
1.674098e-01
1.674615e-01
1.675103e-01
1.675619e-01
1.676107e-01
1.676621e-01
1.677108e-01
1.677622e-01
1.678108e-01
1.678620e-01
1.679106e-01
1.679617e-01
1.680101e-01
1.680611e-01
1.681095e-01
1.681603e-01
1.682086e-01
1.682593e-01
1.683075e-01
1.683581e-01
1.684062e-01
1.684567e-01
1.685048e-01
1.685551e-01
1.686032e-01
1.686534e-01
1.687014e-01
1.687515e-01
1.687994e-01
1.688495e-01
1.688973e-01
1.689473e-01
1.689951e-01
1.690450e-01
1.690927e-01
1.691426e-01
1.691902e-01
1.692400e-01
1.692876e-01
1.693372e-01
1.693848e-01
1.694343e-01
1.694818e-01
1.695312e-01
1.695786e-01
1.696279e-01
1.696752e-01
1.697243e-01
1.697715e-01
1.698204e-01
1.698675e-01
1.699162e-01
1.699632e-01
1.700117e-01
1.700585e-01
1.701067e-01
1.701534e-01
1.702014e-01
1.702478e-01
1.702955e-01
1.703418e-01
1.703893e-01
1.704354e-01
1.704826e-01
1.705285e-01
1.705754e-01
1.706212e-01
1.706678e-01
1.707134e-01
1.707598e-01
1.708052e-01
1.708514e-01
1.708967e-01
1.709427e-01
1.709896e-01
1.710373e-01
1.710861e-01
1.711361e-01
1.711860e-01
1.712386e-01
1.712885e-01
1.713411e-01
1.713911e-01
1.714436e-01
1.714936e-01
1.715462e-01
1.715962e-01
1.716488e-01
1.716988e-01
1.717515e-01
1.718015e-01
1.718541e-01
1.719042e-01
1.719568e-01
1.720069e-01
1.720596e-01
1.721096e-01
1.721624e-01
1.722125e-01
1.722652e-01
1.723153e-01
1.723682e-01
1.724183e-01
1.724711e-01
1.725213e-01
1.725742e-01
1.726244e-01
1.726774e-01
1.727276e-01
1.727806e-01
1.728309e-01
1.728839e-01
1.729342e-01
1.729873e-01
1.730376e-01
1.730907e-01
1.731411e-01
1.731942e-01
1.732447e-01
1.732978e-01
1.733483e-01
1.734015e-01
1.734520e-01
1.735051e-01
1.735557e-01
1.736089e-01
1.736594e-01
1.737126e-01
1.737632e-01
1.738164e-01
1.738669e-01
1.739201e-01
1.739707e-01
1.740239e-01
1.740745e-01
1.741277e-01
1.741782e-01
1.742314e-01
1.742820e-01
1.743351e-01
1.743857e-01
1.744388e-01
1.744894e-01
1.745425e-01
1.745931e-01
1.746462e-01
1.746967e-01
1.747498e-01
1.748003e-01
1.748533e-01
1.749038e-01
1.749568e-01
1.750073e-01
1.750602e-01
1.751106e-01
1.751635e-01
1.752139e-01
1.752668e-01
1.753171e-01
1.753699e-01
1.754202e-01
1.754729e-01
1.755232e-01
1.755758e-01
1.756260e-01
1.756785e-01
1.757286e-01
1.757811e-01
1.758311e-01
1.758835e-01
1.759334e-01
1.759857e-01
1.760355e-01
1.760877e-01
1.761374e-01
1.761895e-01
1.762358e-01
1.762858e-01
1.763329e-01
1.763817e-01
1.764281e-01
1.764753e-01
1.765192e-01
1.765650e-01
1.766089e-01
1.766540e-01
1.766980e-01
1.767430e-01
1.767871e-01
1.768321e-01
1.768802e-01
1.769313e-01
1.769760e-01
1.770251e-01
1.770697e-01
1.771188e-01
1.771673e-01
1.772178e-01
1.772622e-01
1.773101e-01
1.773545e-01
1.774015e-01
1.774458e-01
1.774921e-01
1.775365e-01
1.775823e-01
1.776277e-01
1.776743e-01
1.777221e-01
1.777720e-01
1.778171e-01
1.778667e-01
1.779116e-01
1.779611e-01
1.780060e-01
1.780554e-01
1.781002e-01
1.781487e-01
1.781935e-01
1.782411e-01
1.782860e-01
1.783332e-01
1.783796e-01
1.784266e-01
1.784727e-01
1.785201e-01
1.785658e-01
1.786131e-01
1.786585e-01
1.787064e-01
1.787516e-01
1.788003e-01
1.788454e-01
1.788937e-01
1.789388e-01
1.789867e-01
1.790317e-01
1.790792e-01
1.791243e-01
1.791717e-01
1.792169e-01
1.792643e-01
1.793106e-01
1.793574e-01
1.794034e-01
1.794512e-01
1.794973e-01
1.795445e-01
1.795904e-01
1.796383e-01
1.796838e-01
1.797303e-01
1.797760e-01
1.798239e-01
1.798696e-01
1.799153e-01
1.799613e-01
1.800078e-01
1.800524e-01
1.801006e-01
1.801449e-01
1.801899e-01
1.802334e-01
1.802772e-01
1.803206e-01
1.803643e-01
1.804081e-01
1.804530e-01
1.804978e-01
1.805433e-01
1.805891e-01
1.806376e-01
1.806837e-01
1.807323e-01
1.807780e-01
1.808243e-01
1.808677e-01
1.809114e-01
1.809554e-01
1.810038e-01
1.810486e-01
1.810976e-01
1.811445e-01
1.811937e-01
1.812372e-01
1.812803e-01
1.813235e-01
1.813669e-01
1.814106e-01
1.814547e-01
1.814991e-01
1.815439e-01
1.815916e-01
1.816416e-01
1.816895e-01
1.817397e-01
1.817878e-01
1.818382e-01
1.818823e-01
1.819308e-01
1.819795e-01
1.820305e-01
1.820795e-01
1.821310e-01
1.821803e-01
1.822321e-01
1.822819e-01
1.823334e-01
1.823821e-01
1.824310e-01
1.824785e-01
1.825261e-01
1.825728e-01
1.826242e-01
1.826744e-01
1.827259e-01
1.827764e-01
1.828271e-01
1.828776e-01
1.829283e-01
1.829787e-01
1.830294e-01
1.830796e-01
1.831302e-01
1.831803e-01
1.832305e-01
1.832803e-01
1.833305e-01
1.833792e-01
1.834283e-01
1.834741e-01
1.835202e-01
1.835671e-01
1.836168e-01
1.836665e-01
1.837163e-01
1.837662e-01
1.838168e-01
1.838675e-01
1.839173e-01
1.839668e-01
1.840160e-01
1.840651e-01
1.841146e-01
1.841643e-01
1.842143e-01
1.842639e-01
1.843130e-01
1.843620e-01
1.844087e-01
1.844574e-01
1.845062e-01
1.845520e-01
1.846001e-01
1.846460e-01
1.846939e-01
1.847398e-01
1.847874e-01
1.848330e-01
1.848801e-01
1.849256e-01
1.849722e-01
1.850174e-01
1.850622e-01
1.851069e-01
1.851509e-01
1.851950e-01
1.852393e-01
1.852836e-01
1.853283e-01
1.853729e-01
1.854170e-01
1.854598e-01
1.855031e-01
1.855456e-01
1.855893e-01
1.856323e-01
1.856773e-01
1.857214e-01
1.857682e-01
1.858139e-01
1.858619e-01
1.859079e-01
1.859553e-01
1.860010e-01
1.860480e-01
1.860934e-01
1.861399e-01
1.861851e-01
1.862313e-01
1.862762e-01
1.863220e-01
1.863668e-01
1.864124e-01
1.864591e-01
1.865067e-01
1.865544e-01
1.866043e-01
1.866488e-01
1.866932e-01
1.867379e-01
1.867834e-01
1.868275e-01
1.868720e-01
1.869167e-01
1.869618e-01
1.870073e-01
1.870531e-01
1.870989e-01
1.871453e-01
1.871911e-01
1.872381e-01
1.872848e-01
1.873341e-01
1.873813e-01
1.874282e-01
1.874755e-01
1.875249e-01
1.875714e-01
1.876199e-01
1.876670e-01
1.877153e-01
1.877624e-01
1.878113e-01
1.878584e-01
1.879067e-01
1.879539e-01
1.880033e-01
1.880505e-01
1.880995e-01
1.881467e-01
1.881962e-01
1.882434e-01
1.882930e-01
1.883403e-01
1.883900e-01
1.884374e-01
1.884871e-01
1.885345e-01
1.885843e-01
1.886319e-01
1.886817e-01
1.887294e-01
1.887794e-01
1.888271e-01
1.888772e-01
1.889251e-01
1.889753e-01
1.890233e-01
1.890736e-01
1.891217e-01
1.891722e-01
1.892205e-01
1.892710e-01
1.893195e-01
1.893701e-01
1.894187e-01
1.894695e-01
1.895183e-01
1.895692e-01
1.896181e-01
1.896692e-01
1.897182e-01
1.897694e-01
1.898187e-01
1.898700e-01
1.899194e-01
1.899708e-01
1.900203e-01
1.900719e-01
1.901216e-01
1.901733e-01
1.902231e-01
1.902750e-01
1.903250e-01
1.903770e-01
1.904271e-01
1.904792e-01
1.905295e-01
1.905817e-01
1.906321e-01
1.906845e-01
1.907351e-01
1.907876e-01
1.908383e-01
1.908909e-01
1.909418e-01
1.909946e-01
1.910455e-01
1.910984e-01
1.911495e-01
1.912026e-01
1.912538e-01
1.913070e-01
1.913584e-01
1.914117e-01
1.914632e-01
1.915167e-01
1.915683e-01
1.916219e-01
1.916736e-01
1.917273e-01
1.917792e-01
1.918330e-01
1.918850e-01
1.919390e-01
1.919911e-01
1.920452e-01
1.920974e-01
1.921516e-01
1.922040e-01
1.922583e-01
1.923107e-01
1.923652e-01
1.924178e-01
1.924690e-01
1.925218e-01
1.925761e-01
1.926268e-01
1.926786e-01
1.927293e-01
1.927811e-01
1.928342e-01
1.928888e-01
1.929406e-01
1.929928e-01
1.930446e-01
1.930968e-01
1.931486e-01
1.932009e-01
1.932527e-01
1.933049e-01
1.933582e-01
1.934126e-01
1.934665e-01
1.935214e-01
1.935753e-01
1.936302e-01
1.936844e-01
1.937392e-01
1.937935e-01
1.938484e-01
1.939028e-01
1.939577e-01
1.940123e-01
1.940671e-01
1.941188e-01
1.941714e-01
1.942251e-01
1.942799e-01
1.943316e-01
1.943842e-01
1.944359e-01
1.944885e-01
1.945402e-01
1.945928e-01
1.946445e-01
1.946972e-01
1.947489e-01
1.948015e-01
1.948553e-01
1.949100e-01
1.949647e-01
1.950195e-01
1.950742e-01
1.951290e-01
1.951838e-01
1.952385e-01
1.952933e-01
1.953481e-01
1.954028e-01
1.954576e-01
1.955123e-01
1.955671e-01
1.956219e-01
1.956767e-01
1.957315e-01
1.957863e-01
1.958411e-01
1.958959e-01
1.959508e-01
1.960056e-01
1.960605e-01
1.961154e-01
1.961703e-01
1.962252e-01
1.962802e-01
1.963351e-01
1.963901e-01
1.964451e-01
1.965001e-01
1.965552e-01
1.966103e-01
1.966654e-01
1.967206e-01
1.967758e-01
1.968310e-01
1.968863e-01
1.969416e-01
1.969969e-01
1.970522e-01
1.971077e-01
1.971631e-01
1.972186e-01
1.972698e-01
1.973219e-01
1.973751e-01
1.974268e-01
1.974794e-01
1.975311e-01
1.975823e-01
1.976345e-01
1.976857e-01
1.977379e-01
1.977891e-01
1.978414e-01
1.978926e-01
1.979448e-01
1.979961e-01
1.980483e-01
1.980996e-01
1.981519e-01
1.982032e-01
1.982555e-01
1.983054e-01
1.983577e-01
1.984076e-01
1.984625e-01
1.985125e-01
1.985674e-01
1.986173e-01
1.986723e-01
1.987222e-01
1.987771e-01
1.988271e-01
1.988775e-01
1.989271e-01
1.989774e-01
1.990267e-01
1.990765e-01
1.991257e-01
1.991754e-01
1.992247e-01
1.992745e-01
1.993239e-01
1.993739e-01
1.994239e-01
1.994740e-01
1.995244e-01
1.995750e-01
1.996248e-01
1.996760e-01
1.997259e-01
1.997772e-01
1.998274e-01
1.998779e-01
1.999283e-01
1.999836e-01
2.000339e-01
2.000863e-01
2.001364e-01
