# 1  : Date
# 2  : Temps elapsed min (mus)
# 3  : Rang temps elapsed min
# 4  : Noeud temps elapsed min
# 5  : Temps elapsed max (mus)
# 6  : Rang temps elapsed max
# 7  : Noeud temps elapsed max
# 8  : Grind time (mus/maille/cycle)
# 9  : Grind time équivalent séquentiel (#8 X nb_de_coeurs)
#     1     2     3     4      5      6      7       8      9
#   ATTENTION  les temps cpu schémas sont données dans l'ordre alphabétique des schémas WARNING
#  10: TELAPS Hydro (mus)
1.078819e-03   4.729e+04 0 inti1224   4.752e+04 3 inti1224   3.332e-01 5.332e+00  3.676e+04
3.290692e-03   4.710e+04 0 inti1224   4.720e+04 3 inti1224   3.108e-01 4.974e+00  3.758e+04
5.317166e-03   4.932e+04 0 inti1224   4.944e+04 3 inti1224   3.099e-01 4.959e+00  3.948e+04
6.684799e-03   5.073e+04 0 inti1224   5.080e+04 3 inti1224   3.060e-01 4.896e+00  4.071e+04
7.876264e-03   5.211e+04 0 inti1224   5.224e+04 3 inti1224   3.050e-01 4.881e+00  4.199e+04
9.306777e-03   5.224e+04 0 inti1224   5.231e+04 3 inti1224   2.939e-01 4.702e+00  4.187e+04
1.117660e-02   5.405e+04 0 inti1224   5.410e+04 3 inti1224   2.895e-01 4.631e+00  4.348e+04
1.330701e-02   5.660e+04 0 inti1224   5.666e+04 3 inti1224   2.887e-01 4.619e+00  4.585e+04
1.566997e-02   5.984e+04 0 inti1224   5.990e+04 3 inti1224   2.897e-01 4.634e+00  4.766e+04
1.828513e-02   5.952e+04 0 inti1224   5.958e+04 1 inti1224   2.727e-01 4.364e+00  4.818e+04
2.108799e-02   6.275e+04 0 inti1224   6.291e+04 1 inti1224   2.733e-01 4.373e+00  5.095e+04
2.415288e-02   6.514e+04 0 inti1224   6.530e+04 1 inti1224   2.684e-01 4.294e+00  5.328e+04
2.727527e-02   6.622e+04 0 inti1224   6.629e+04 1 inti1224   2.587e-01 4.139e+00  5.407e+04
3.028107e-02   6.807e+04 0 inti1224   6.824e+04 1 inti1224   2.535e-01 4.055e+00  5.569e+04
3.330086e-02   7.077e+04 0 inti1224   7.085e+04 1 inti1224   2.505e-01 4.008e+00  5.826e+04
3.647602e-02   7.228e+04 2 inti1224   7.237e+04 1 inti1224   2.427e-01 3.883e+00  5.929e+04
3.958327e-02   7.545e+04 2 inti1224   7.555e+04 1 inti1224   2.401e-01 3.841e+00  6.211e+04
4.207028e-02   7.888e+04 0 inti1224   7.896e+04 1 inti1224   2.404e-01 3.846e+00  6.507e+04
4.476728e-02   8.214e+04 2 inti1224   8.223e+04 1 inti1224   2.393e-01 3.828e+00  6.761e+04
4.747747e-02   8.636e+04 2 inti1224   8.647e+04 1 inti1224   2.403e-01 3.844e+00  7.187e+04
5.021045e-02   8.551e+04 2 inti1224   8.562e+04 1 inti1224   2.277e-01 3.643e+00  7.077e+04
5.306672e-02   8.840e+04 2 inti1224   8.852e+04 1 inti1224   2.247e-01 3.595e+00  7.316e+04
5.626021e-02   9.313e+04 2 inti1224   9.325e+04 1 inti1224   2.244e-01 3.591e+00  7.796e+04
5.914668e-02   9.542e+04 0 inti1224   9.559e+04 1 inti1224   2.192e-01 3.508e+00  7.994e+04
6.160910e-02   9.819e+04 2 inti1224   9.832e+04 1 inti1224   2.168e-01 3.470e+00  8.233e+04
6.405631e-02   1.014e+05 2 inti1224   1.015e+05 1 inti1224   2.158e-01 3.452e+00  8.515e+04
6.645362e-02   1.044e+05 2 inti1224   1.046e+05 1 inti1224   2.147e-01 3.436e+00  8.791e+04
6.881496e-02   1.081e+05 0 inti1224   1.082e+05 1 inti1224   2.153e-01 3.445e+00  9.108e+04
7.118063e-02   1.106e+05 2 inti1224   1.107e+05 1 inti1224   2.136e-01 3.418e+00  9.346e+04
7.364337e-02   1.150e+05 2 inti1224   1.151e+05 1 inti1224   2.155e-01 3.447e+00  9.737e+04
7.621276e-02   1.170e+05 2 inti1224   1.171e+05 1 inti1224   2.123e-01 3.397e+00  9.882e+04
7.878019e-02   1.199e+05 2 inti1224   1.200e+05 1 inti1224   2.111e-01 3.378e+00  1.015e+05
8.135689e-02   1.228e+05 2 inti1224   1.229e+05 1 inti1224   2.103e-01 3.364e+00  1.042e+05
8.395624e-02   1.262e+05 2 inti1224   1.264e+05 1 inti1224   2.103e-01 3.365e+00  1.070e+05
8.656214e-02   1.277e+05 0 inti1224   1.278e+05 1 inti1224   2.070e-01 3.312e+00  1.085e+05
8.914911e-02   1.328e+05 0 inti1224   1.330e+05 1 inti1224   2.099e-01 3.358e+00  1.130e+05
9.178375e-02   1.352e+05 0 inti1224   1.354e+05 1 inti1224   2.082e-01 3.331e+00  1.150e+05
9.443155e-02   1.386e+05 2 inti1224   1.388e+05 1 inti1224   2.080e-01 3.328e+00  1.183e+05
9.710749e-02   1.416e+05 2 inti1224   1.418e+05 1 inti1224   2.071e-01 3.314e+00  1.210e+05
9.984357e-02   1.454e+05 0 inti1224   1.455e+05 1 inti1224   2.071e-01 3.313e+00  1.244e+05
1.028917e-01   1.506e+05 2 inti1224   1.507e+05 1 inti1224   2.084e-01 3.334e+00  1.290e+05
1.062941e-01   1.560e+05 2 inti1224   1.561e+05 1 inti1224   2.090e-01 3.344e+00  1.342e+05
1.096743e-01   1.589e+05 2 inti1224   1.590e+05 1 inti1224   2.062e-01 3.299e+00  1.367e+05
1.129961e-01   1.662e+05 0 inti1224   1.663e+05 1 inti1224   2.091e-01 3.345e+00  1.436e+05
1.163292e-01   1.711e+05 0 inti1224   1.712e+05 1 inti1224   2.090e-01 3.344e+00  1.484e+05
1.196755e-01   1.755e+05 0 inti1224   1.757e+05 1 inti1224   2.081e-01 3.329e+00  1.525e+05
1.228025e-01   1.803e+05 0 inti1224   1.804e+05 1 inti1224   2.085e-01 3.336e+00  1.568e+05
1.263471e-01   1.866e+05 0 inti1224   1.868e+05 1 inti1224   2.105e-01 3.367e+00  1.627e+05
1.296018e-01   1.890e+05 0 inti1224   1.891e+05 1 inti1224   2.084e-01 3.334e+00  1.641e+05
1.326732e-01   1.978e+05 0 inti1224   1.979e+05 1 inti1224   2.138e-01 3.420e+00  1.725e+05
1.357921e-01   1.975e+05 0 inti1224   1.978e+05 1 inti1224   2.097e-01 3.355e+00  1.720e+05
1.389162e-01   2.014e+05 0 inti1224   2.015e+05 1 inti1224   2.101e-01 3.362e+00  1.758e+05
1.417927e-01   2.051e+05 0 inti1224   2.052e+05 1 inti1224   2.110e-01 3.377e+00  1.789e+05
1.445255e-01   2.079e+05 0 inti1224   2.081e+05 1 inti1224   2.117e-01 3.387e+00  1.816e+05
1.476391e-01   2.105e+05 0 inti1224   2.106e+05 1 inti1224   2.117e-01 3.387e+00  1.830e+05
1.508211e-01   2.138e+05 0 inti1224   2.140e+05 1 inti1224   2.131e-01 3.409e+00  1.862e+05
1.539672e-01   2.146e+05 0 inti1224   2.148e+05 1 inti1224   2.121e-01 3.394e+00  1.868e+05
1.571610e-01   2.154e+05 0 inti1224   2.157e+05 1 inti1224   2.117e-01 3.387e+00  1.879e+05
1.603031e-01   2.176e+05 0 inti1224   2.178e+05 1 inti1224   2.125e-01 3.400e+00  1.884e+05
1.634387e-01   2.159e+05 0 inti1224   2.160e+05 1 inti1224   2.098e-01 3.357e+00  1.881e+05
1.666026e-01   2.183e+05 0 inti1224   2.184e+05 1 inti1224   2.112e-01 3.379e+00  1.902e+05
1.697715e-01   2.188e+05 0 inti1224   2.190e+05 1 inti1224   2.108e-01 3.373e+00  1.908e+05
1.729342e-01   2.193e+05 0 inti1224   2.194e+05 1 inti1224   2.104e-01 3.367e+00  1.913e+05
1.762358e-01   2.209e+05 0 inti1224   2.211e+05 1 inti1224   2.113e-01 3.380e+00  1.928e+05
1.792169e-01   2.225e+05 0 inti1224   2.226e+05 1 inti1224   2.121e-01 3.394e+00  1.940e+05
1.821803e-01   2.203e+05 0 inti1224   2.205e+05 1 inti1224   2.098e-01 3.357e+00  1.925e+05
1.852836e-01   2.241e+05 0 inti1224   2.243e+05 1 inti1224   2.132e-01 3.411e+00  1.961e+05
1.882434e-01   2.220e+05 0 inti1224   2.221e+05 1 inti1224   2.108e-01 3.373e+00  1.939e+05
1.914632e-01   2.227e+05 0 inti1224   2.229e+05 1 inti1224   2.114e-01 3.383e+00  1.946e+05
1.948553e-01   2.231e+05 0 inti1224   2.233e+05 1 inti1224   2.117e-01 3.387e+00  1.949e+05
1.983054e-01   2.252e+05 0 inti1224   2.253e+05 1 inti1224   2.136e-01 3.417e+00  1.969e+05
