#   1 : Date        
# Date        
0.000000e+00
1.807392e-05
2.865299e-05
3.680825e-05
4.331462e-05
4.906367e-05
5.538763e-05
6.204872e-05
6.795979e-05
7.446196e-05
8.161436e-05
8.947053e-05
9.702468e-05
1.053342e-04
1.143002e-04
1.241628e-04
1.337027e-04
1.436480e-04
1.545879e-04
1.657374e-04
1.769297e-04
1.886124e-04
2.010176e-04
2.132284e-04
2.257171e-04
2.388127e-04
2.521957e-04
2.655017e-04
2.797183e-04
2.939297e-04
3.084532e-04
3.235230e-04
3.388720e-04
3.545256e-04
3.707045e-04
3.871136e-04
4.039712e-04
4.213429e-04
4.389057e-04
4.566041e-04
4.748726e-04
4.934284e-04
5.123968e-04
5.317204e-04
5.513472e-04
5.713195e-04
5.916317e-04
6.121877e-04
6.330631e-04
6.541431e-04
6.756129e-04
6.973298e-04
7.193540e-04
7.416524e-04
7.642145e-04
7.870888e-04
8.102207e-04
8.336410e-04
8.572999e-04
8.811975e-04
9.052984e-04
9.296850e-04
9.542344e-04
9.790738e-04
1.004107e-03
1.029433e-03
1.054937e-03
1.080786e-03
1.106828e-03
1.133123e-03
1.159624e-03
1.186464e-03
1.213485e-03
1.240745e-03
1.268213e-03
1.295923e-03
1.323861e-03
1.352053e-03
1.380427e-03
1.409065e-03
1.437917e-03
1.467083e-03
1.496472e-03
1.526126e-03
1.555964e-03
1.586157e-03
1.616605e-03
1.647287e-03
1.678149e-03
1.709331e-03
1.740719e-03
1.772176e-03
1.803794e-03
1.835622e-03
1.867602e-03
1.899875e-03
1.932477e-03
1.965120e-03
1.998093e-03
2.031272e-03
2.064625e-03
2.098278e-03
2.132152e-03
2.166096e-03
2.200218e-03
2.234613e-03
2.269156e-03
2.304035e-03
2.339154e-03
2.374341e-03
2.409910e-03
2.445536e-03
2.481298e-03
2.517257e-03
2.553563e-03
2.589879e-03
2.626441e-03
2.663275e-03
2.700239e-03
2.737218e-03
2.774286e-03
2.811384e-03
2.848464e-03
2.885545e-03
2.922654e-03
2.959773e-03
2.996956e-03
3.034185e-03
3.071426e-03
3.108658e-03
3.145912e-03
3.183198e-03
3.220536e-03
3.257870e-03
3.295200e-03
3.332536e-03
3.369894e-03
3.407260e-03
3.444668e-03
3.482147e-03
3.519673e-03
3.557183e-03
3.594705e-03
3.632233e-03
3.669785e-03
3.707361e-03
3.744979e-03
3.782656e-03
3.820390e-03
3.858179e-03
3.895974e-03
3.933780e-03
3.971613e-03
4.009467e-03
4.047361e-03
4.085306e-03
4.123305e-03
4.161376e-03
4.199514e-03
4.237739e-03
4.276041e-03
4.314375e-03
4.352763e-03
4.391183e-03
4.429648e-03
4.468167e-03
4.506740e-03
4.545383e-03
4.584094e-03
4.622892e-03
4.661770e-03
4.700738e-03
4.739795e-03
4.778951e-03
4.818211e-03
4.857580e-03
4.897008e-03
4.936562e-03
4.976227e-03
5.016040e-03
5.055974e-03
5.096068e-03
5.136308e-03
5.176716e-03
5.217294e-03
5.258054e-03
5.298898e-03
5.339959e-03
5.381206e-03
5.422705e-03
5.464406e-03
5.506366e-03
5.548551e-03
5.590969e-03
5.633478e-03
5.676268e-03
5.719278e-03
5.762600e-03
5.806189e-03
5.850104e-03
5.894337e-03
5.938919e-03
5.983870e-03
6.028940e-03
6.074401e-03
6.120168e-03
6.166087e-03
6.212199e-03
6.258463e-03
6.304919e-03
6.351502e-03
6.398256e-03
6.445149e-03
6.491984e-03
6.538814e-03
6.585634e-03
6.632479e-03
6.679338e-03
6.726244e-03
6.773153e-03
6.820047e-03
6.866960e-03
6.913930e-03
6.960908e-03
7.007964e-03
7.055056e-03
7.102123e-03
7.149236e-03
7.196399e-03
7.243601e-03
7.290889e-03
7.338237e-03
7.385648e-03
7.433130e-03
7.480701e-03
7.528326e-03
7.576025e-03
7.623137e-03
7.669844e-03
7.716377e-03
7.762280e-03
7.808030e-03
7.853497e-03
7.898566e-03
7.943312e-03
7.987923e-03
8.032171e-03
8.076134e-03
8.119927e-03
8.163393e-03
8.206623e-03
8.249774e-03
8.292543e-03
8.335192e-03
8.377754e-03
8.420040e-03
8.462194e-03
8.504178e-03
8.545933e-03
8.587620e-03
8.628980e-03
8.669806e-03
8.706993e-03
8.741669e-03
8.774347e-03
8.805899e-03
8.836229e-03
8.865471e-03
8.893869e-03
8.921568e-03
8.947708e-03
8.972640e-03
8.997301e-03
9.021759e-03
9.046347e-03
9.070995e-03
9.095731e-03
9.120540e-03
9.145430e-03
9.170346e-03
9.195288e-03
9.220201e-03
9.245105e-03
9.269947e-03
9.294758e-03
9.319492e-03
9.344178e-03
9.368778e-03
9.393320e-03
9.417772e-03
9.442162e-03
9.466464e-03
9.490702e-03
9.514853e-03
9.538944e-03
9.562953e-03
9.586905e-03
9.610782e-03
9.634606e-03
9.658364e-03
9.682076e-03
9.705729e-03
9.729344e-03
9.752910e-03
9.776447e-03
9.799945e-03
9.823423e-03
9.846874e-03
9.870315e-03
9.893740e-03
9.917164e-03
9.940584e-03
9.964012e-03
9.987442e-03
1.001089e-02
1.003435e-02
1.005783e-02
1.008134e-02
1.010489e-02
1.012846e-02
1.015208e-02
1.017574e-02
1.019944e-02
1.022320e-02
1.024701e-02
1.027087e-02
1.029479e-02
1.031876e-02
1.034280e-02
1.036690e-02
1.039106e-02
1.041528e-02
1.043958e-02
1.046393e-02
1.048836e-02
1.051286e-02
1.053743e-02
1.056206e-02
1.058678e-02
1.061157e-02
1.063643e-02
1.066138e-02
1.068641e-02
1.071152e-02
1.073672e-02
1.076201e-02
1.078739e-02
1.081285e-02
1.083842e-02
1.086408e-02
1.088984e-02
1.091571e-02
1.094167e-02
1.096775e-02
1.099393e-02
1.102023e-02
1.104664e-02
1.107316e-02
1.109981e-02
1.112657e-02
1.115346e-02
1.118047e-02
1.120761e-02
1.123488e-02
1.126228e-02
1.128981e-02
1.131747e-02
1.134527e-02
1.137320e-02
1.140127e-02
1.142947e-02
1.145781e-02
1.148629e-02
1.151490e-02
1.154365e-02
1.157254e-02
1.160156e-02
1.163072e-02
1.166002e-02
1.168945e-02
1.171902e-02
1.174872e-02
1.177855e-02
1.180852e-02
1.183861e-02
1.186884e-02
1.189920e-02
1.192968e-02
1.196030e-02
1.199104e-02
1.202191e-02
1.205290e-02
1.208403e-02
1.211527e-02
1.214665e-02
1.217814e-02
1.220976e-02
1.224149e-02
1.227336e-02
1.230533e-02
1.233743e-02
1.236965e-02
1.240198e-02
1.243443e-02
1.246699e-02
1.249966e-02
1.253245e-02
1.256535e-02
1.259835e-02
1.263147e-02
1.266469e-02
1.269801e-02
1.273145e-02
1.276498e-02
1.279861e-02
1.283235e-02
1.286618e-02
1.290010e-02
1.293413e-02
1.296824e-02
1.300244e-02
1.303673e-02
1.307111e-02
1.310557e-02
1.314011e-02
1.317473e-02
1.320943e-02
1.324420e-02
1.327904e-02
1.331395e-02
1.334893e-02
1.338397e-02
1.341908e-02
1.345424e-02
1.348946e-02
1.352473e-02
1.356006e-02
1.359543e-02
1.363085e-02
1.366632e-02
1.370182e-02
1.373737e-02
1.377295e-02
1.380856e-02
1.384421e-02
1.387989e-02
1.391560e-02
1.395133e-02
1.398708e-02
1.402285e-02
1.405865e-02
1.409446e-02
1.413029e-02
1.416613e-02
1.420198e-02
1.423784e-02
1.427371e-02
1.430958e-02
1.434546e-02
1.438134e-02
1.441722e-02
1.445310e-02
1.448898e-02
1.452485e-02
1.456072e-02
1.459658e-02
1.463243e-02
1.466828e-02
1.470411e-02
1.473993e-02
1.477574e-02
1.481153e-02
1.484731e-02
1.488667e-02
1.492679e-02
1.496688e-02
1.500696e-02
1.504701e-02
1.508703e-02
1.512702e-02
1.516698e-02
1.520691e-02
1.524680e-02
1.528666e-02
1.532647e-02
1.536626e-02
1.540600e-02
1.544572e-02
1.548539e-02
1.552503e-02
1.556464e-02
1.560421e-02
1.564375e-02
1.568325e-02
1.572272e-02
1.576216e-02
1.580156e-02
1.584093e-02
1.588027e-02
1.591957e-02
1.595884e-02
1.599808e-02
1.603728e-02
1.607645e-02
1.611559e-02
1.615471e-02
1.619380e-02
1.623288e-02
1.627194e-02
1.631098e-02
1.634999e-02
1.638900e-02
1.642797e-02
1.646694e-02
1.650588e-02
1.654480e-02
1.658370e-02
1.662260e-02
1.666147e-02
1.670033e-02
1.673917e-02
1.677801e-02
1.681683e-02
1.685564e-02
1.689444e-02
1.693323e-02
1.697202e-02
1.701080e-02
1.704957e-02
1.708834e-02
1.712710e-02
1.716587e-02
1.720463e-02
1.724339e-02
1.728214e-02
1.732090e-02
1.735965e-02
1.739840e-02
1.743715e-02
1.747590e-02
1.751466e-02
1.755341e-02
1.759218e-02
1.763094e-02
1.766972e-02
1.770849e-02
1.774728e-02
1.778607e-02
1.782489e-02
1.786370e-02
1.790253e-02
1.794137e-02
1.798022e-02
1.801909e-02
1.805797e-02
1.809686e-02
1.813578e-02
1.817470e-02
1.821365e-02
1.825261e-02
1.829159e-02
1.833058e-02
1.836960e-02
1.840863e-02
1.844769e-02
1.848545e-02
1.852321e-02
1.856098e-02
1.859878e-02
1.863659e-02
1.867442e-02
1.871227e-02
1.875014e-02
1.878699e-02
1.882278e-02
1.885762e-02
1.889131e-02
1.892427e-02
1.895637e-02
1.898762e-02
1.901813e-02
1.904800e-02
1.907717e-02
1.910557e-02
1.913343e-02
1.916096e-02
1.918817e-02
1.921505e-02
1.924168e-02
1.926817e-02
1.929449e-02
1.932061e-02
1.934658e-02
1.937244e-02
1.939820e-02
1.942382e-02
1.944931e-02
1.947471e-02
1.950003e-02
1.952524e-02
1.955035e-02
1.957537e-02
1.960032e-02
1.962521e-02
1.965000e-02
1.967472e-02
1.969936e-02
1.972396e-02
1.974852e-02
1.977305e-02
1.979755e-02
1.982200e-02
1.984639e-02
1.987076e-02
1.989510e-02
1.991943e-02
1.994375e-02
1.996810e-02
1.999241e-02
2.001671e-02
2.004099e-02
2.006527e-02
2.008956e-02
2.011387e-02
2.013821e-02
2.016259e-02
2.018697e-02
2.021137e-02
2.023577e-02
2.026021e-02
2.028468e-02
2.030921e-02
2.033378e-02
2.035844e-02
2.038313e-02
2.040785e-02
2.043261e-02
2.045743e-02
2.048230e-02
2.050725e-02
2.053227e-02
2.055738e-02
2.058258e-02
2.060784e-02
2.063313e-02
2.065850e-02
2.068393e-02
2.070944e-02
2.073503e-02
2.076072e-02
2.078651e-02
2.081236e-02
2.083827e-02
2.086424e-02
2.089027e-02
2.091639e-02
2.094259e-02
2.096889e-02
2.099528e-02
2.102174e-02
2.104824e-02
2.107480e-02
2.110143e-02
2.112812e-02
2.115489e-02
2.118174e-02
2.120869e-02
2.123571e-02
2.126277e-02
2.128988e-02
2.131703e-02
2.134425e-02
2.137154e-02
2.139891e-02
2.142636e-02
2.145389e-02
2.148145e-02
2.150904e-02
2.153668e-02
2.156439e-02
2.159215e-02
2.162000e-02
2.164793e-02
2.167592e-02
2.170394e-02
2.173200e-02
2.176010e-02
2.178827e-02
2.181650e-02
2.184482e-02
2.187320e-02
2.190161e-02
2.193005e-02
2.195853e-02
2.198706e-02
2.201566e-02
2.204434e-02
2.207311e-02
2.210192e-02
2.213076e-02
2.215963e-02
2.218856e-02
2.221754e-02
2.224660e-02
2.227574e-02
2.230499e-02
2.233425e-02
2.236355e-02
2.239289e-02
2.242229e-02
2.245176e-02
2.248131e-02
2.251094e-02
2.254068e-02
2.257043e-02
2.260022e-02
2.263006e-02
2.265997e-02
2.268995e-02
2.272003e-02
2.275020e-02
2.278045e-02
2.281072e-02
2.284105e-02
2.287142e-02
2.290186e-02
2.293238e-02
2.296298e-02
2.299369e-02
2.302442e-02
2.305519e-02
2.308602e-02
2.311690e-02
2.314786e-02
2.317889e-02
2.321003e-02
2.324125e-02
2.327250e-02
2.330380e-02
2.333515e-02
2.336656e-02
2.339806e-02
2.342964e-02
2.346133e-02
2.349308e-02
2.352487e-02
2.355670e-02
2.358860e-02
2.362056e-02
2.365261e-02
2.368474e-02
2.371696e-02
2.374924e-02
2.378157e-02
2.381394e-02
2.384635e-02
2.387882e-02
2.391136e-02
2.394398e-02
2.397668e-02
2.400945e-02
2.404224e-02
2.407508e-02
2.410796e-02
2.414090e-02
2.417391e-02
2.420700e-02
2.424018e-02
2.427340e-02
2.430665e-02
2.433994e-02
2.437329e-02
2.440669e-02
2.444016e-02
2.447371e-02
2.450734e-02
2.454100e-02
2.457470e-02
2.460844e-02
2.464223e-02
2.467608e-02
2.470998e-02
2.474394e-02
2.477796e-02
2.481206e-02
2.484620e-02
2.488037e-02
2.491458e-02
2.494883e-02
2.498313e-02
2.501749e-02
2.505192e-02
2.508643e-02
2.512098e-02
2.515555e-02
2.519017e-02
2.522483e-02
2.525954e-02
2.529433e-02
2.532918e-02
2.536412e-02
2.539909e-02
2.543408e-02
2.546912e-02
2.550421e-02
2.553936e-02
2.557459e-02
2.560989e-02
2.564526e-02
2.568066e-02
2.571610e-02
2.575159e-02
2.578714e-02
2.582275e-02
2.585843e-02
2.589416e-02
2.592995e-02
2.596582e-02
2.600172e-02
2.603768e-02
2.607371e-02
2.610977e-02
2.614588e-02
2.618205e-02
2.621829e-02
2.625460e-02
2.629099e-02
2.632742e-02
2.636389e-02
2.640040e-02
2.643697e-02
2.647359e-02
2.651029e-02
2.654706e-02
2.658391e-02
2.662080e-02
2.665773e-02
2.669470e-02
2.673173e-02
2.676882e-02
2.680598e-02
2.684322e-02
2.688053e-02
2.691788e-02
2.695528e-02
2.699272e-02
2.703022e-02
2.706778e-02
2.710541e-02
2.714310e-02
2.718084e-02
2.721864e-02
2.725650e-02
2.729442e-02
2.733239e-02
2.737042e-02
2.740851e-02
2.744663e-02
2.748481e-02
2.752305e-02
2.756135e-02
2.759973e-02
2.763818e-02
2.767667e-02
2.771520e-02
2.775377e-02
2.779240e-02
2.783109e-02
2.786984e-02
2.790866e-02
2.794756e-02
2.798651e-02
2.802549e-02
2.806452e-02
2.810361e-02
2.814275e-02
2.818196e-02
2.822123e-02
2.826058e-02
2.829998e-02
2.833942e-02
2.837892e-02
2.841846e-02
2.845806e-02
2.849773e-02
2.853746e-02
2.857724e-02
2.861706e-02
2.865693e-02
2.869686e-02
2.873686e-02
2.877692e-02
2.881704e-02
2.885721e-02
2.889741e-02
2.893766e-02
2.897796e-02
2.901831e-02
2.905872e-02
2.909920e-02
2.913975e-02
2.918034e-02
2.922098e-02
2.926165e-02
2.930237e-02
2.934314e-02
2.938397e-02
2.942486e-02
2.946582e-02
2.950684e-02
2.954790e-02
2.958901e-02
2.963015e-02
2.967134e-02
2.971259e-02
2.975389e-02
2.979526e-02
2.983668e-02
2.987815e-02
2.991966e-02
2.996122e-02
3.000284e-02
3.004451e-02
3.008623e-02
3.012801e-02
3.016984e-02
3.021172e-02
3.025363e-02
3.029560e-02
3.033761e-02
3.037968e-02
3.042181e-02
3.046400e-02
3.050626e-02
3.054855e-02
3.059089e-02
3.063326e-02
3.067569e-02
3.071816e-02
3.076069e-02
3.080328e-02
3.084593e-02
3.088864e-02
3.093141e-02
3.097421e-02
3.101706e-02
3.105995e-02
3.110289e-02
3.114588e-02
3.118893e-02
3.123204e-02
3.127521e-02
3.131845e-02
3.136173e-02
3.140504e-02
3.144840e-02
3.149181e-02
3.153527e-02
3.157878e-02
3.162235e-02
3.166597e-02
3.170966e-02
3.175339e-02
3.179717e-02
3.184099e-02
3.188486e-02
3.192878e-02
3.197276e-02
3.201679e-02
3.206087e-02
3.210502e-02
3.214920e-02
3.219343e-02
3.223770e-02
3.228202e-02
3.232639e-02
3.237081e-02
3.241529e-02
3.245983e-02
3.250443e-02
3.254908e-02
3.259377e-02
3.263851e-02
3.268328e-02
3.272811e-02
3.277299e-02
3.281792e-02
3.286290e-02
3.290795e-02
3.295306e-02
3.299823e-02
3.304345e-02
3.308870e-02
3.313401e-02
3.317936e-02
3.322476e-02
3.327021e-02
3.331572e-02
3.336128e-02
3.340691e-02
3.345261e-02
3.349836e-02
3.354416e-02
3.359001e-02
3.363590e-02
3.368183e-02
3.372783e-02
3.377387e-02
3.381997e-02
3.386613e-02
3.391235e-02
3.395864e-02
3.400498e-02
3.405137e-02
3.409781e-02
3.414429e-02
3.419083e-02
3.423742e-02
3.428406e-02
3.433074e-02
3.437747e-02
3.442416e-02
3.447030e-02
3.451599e-02
3.456128e-02
3.460624e-02
3.465091e-02
3.469539e-02
3.473965e-02
3.478379e-02
3.482779e-02
3.487176e-02
3.491558e-02
3.495947e-02
3.500325e-02
3.504722e-02
3.509130e-02
3.513557e-02
3.517980e-02
3.522389e-02
3.526791e-02
3.531181e-02
3.535569e-02
3.539948e-02
3.544327e-02
3.548700e-02
3.553074e-02
3.557447e-02
3.561825e-02
3.566205e-02
3.570594e-02
3.574986e-02
3.579390e-02
3.583799e-02
3.588216e-02
3.592639e-02
3.597068e-02
3.601498e-02
3.605932e-02
3.610365e-02
3.614798e-02
3.619227e-02
3.623652e-02
3.628073e-02
3.632489e-02
3.636899e-02
3.641305e-02
3.645703e-02
3.650097e-02
3.654485e-02
3.658870e-02
3.663251e-02
3.667627e-02
3.672000e-02
3.676371e-02
3.680740e-02
3.685107e-02
3.689471e-02
3.693835e-02
3.698198e-02
3.702560e-02
3.706920e-02
3.711281e-02
3.715643e-02
3.720008e-02
3.724375e-02
3.728745e-02
3.733116e-02
3.737492e-02
3.741871e-02
3.746255e-02
3.750644e-02
3.755039e-02
3.759438e-02
3.763841e-02
3.768248e-02
3.772660e-02
3.777077e-02
3.781501e-02
3.785931e-02
3.790367e-02
3.794810e-02
3.799261e-02
3.803719e-02
3.808183e-02
3.812652e-02
3.817127e-02
3.821609e-02
3.826097e-02
3.830592e-02
3.835095e-02
3.839604e-02
3.844122e-02
3.848648e-02
3.853182e-02
3.857725e-02
3.862275e-02
3.866832e-02
3.871397e-02
3.875969e-02
3.880548e-02
3.885135e-02
3.889730e-02
3.894333e-02
3.898944e-02
3.903563e-02
3.908191e-02
3.912826e-02
3.917471e-02
3.922123e-02
3.926783e-02
3.931449e-02
3.936123e-02
3.940802e-02
3.945489e-02
3.950182e-02
3.954881e-02
3.959587e-02
3.964300e-02
3.969018e-02
3.973744e-02
3.978476e-02
3.983215e-02
3.987959e-02
3.992709e-02
3.997465e-02
4.002225e-02
4.006990e-02
4.011760e-02
4.016534e-02
4.021314e-02
4.026098e-02
4.030888e-02
4.035682e-02
4.040482e-02
4.045287e-02
4.050097e-02
4.054912e-02
4.059732e-02
4.064556e-02
4.069386e-02
4.074219e-02
4.079056e-02
4.083897e-02
4.088743e-02
4.093593e-02
4.098447e-02
4.103306e-02
4.108169e-02
4.113036e-02
4.117907e-02
4.122781e-02
4.127660e-02
4.132542e-02
4.137429e-02
4.142319e-02
4.147214e-02
4.152113e-02
4.157017e-02
4.161923e-02
4.166833e-02
4.171746e-02
4.176662e-02
4.181581e-02
4.186504e-02
4.191430e-02
4.196360e-02
4.201293e-02
4.206230e-02
4.211172e-02
4.216118e-02
4.221068e-02
4.226023e-02
4.230981e-02
4.235944e-02
4.240910e-02
4.245881e-02
4.250855e-02
4.255833e-02
4.260816e-02
4.265804e-02
4.270797e-02
4.275794e-02
4.280797e-02
4.285806e-02
4.290818e-02
4.295826e-02
4.300826e-02
4.305816e-02
4.310800e-02
4.315776e-02
4.320744e-02
4.325707e-02
4.330663e-02
4.335615e-02
4.340563e-02
4.345508e-02
4.350449e-02
4.355387e-02
4.360322e-02
4.365252e-02
4.370178e-02
4.375100e-02
4.380018e-02
4.384931e-02
4.389841e-02
4.394746e-02
4.399647e-02
4.404543e-02
4.409434e-02
4.414319e-02
4.419199e-02
4.424074e-02
4.428944e-02
4.433809e-02
4.438671e-02
4.443529e-02
4.448383e-02
4.453233e-02
4.458079e-02
4.462921e-02
4.467760e-02
4.472596e-02
4.477430e-02
4.482262e-02
4.487092e-02
4.491918e-02
4.496742e-02
4.501564e-02
4.506386e-02
4.511208e-02
4.516032e-02
4.520858e-02
4.525687e-02
4.530518e-02
4.535350e-02
4.540185e-02
4.545022e-02
4.549864e-02
4.554710e-02
4.559563e-02
4.564421e-02
4.569286e-02
4.574154e-02
4.579027e-02
4.583904e-02
4.588786e-02
4.593673e-02
4.598566e-02
4.603465e-02
4.608370e-02
4.613281e-02
4.618198e-02
4.623118e-02
4.628042e-02
4.632969e-02
4.637901e-02
4.642836e-02
4.647777e-02
4.652721e-02
4.657670e-02
4.662621e-02
4.667575e-02
4.672532e-02
4.677493e-02
4.682457e-02
4.687424e-02
4.692395e-02
4.697369e-02
4.702345e-02
4.707322e-02
4.712301e-02
4.717283e-02
4.722266e-02
4.727253e-02
4.732244e-02
4.737238e-02
4.742236e-02
4.747236e-02
4.752238e-02
4.757242e-02
4.762249e-02
4.767259e-02
4.772272e-02
4.777290e-02
4.782313e-02
4.787341e-02
4.792374e-02
4.797411e-02
4.802451e-02
4.807495e-02
4.812543e-02
4.817596e-02
4.822649e-02
4.827704e-02
4.832761e-02
4.837821e-02
4.842883e-02
4.847949e-02
4.853018e-02
4.858090e-02
4.863164e-02
4.868243e-02
4.873323e-02
4.878408e-02
4.883495e-02
4.888587e-02
4.893681e-02
4.898779e-02
4.903879e-02
4.908984e-02
4.914091e-02
4.919203e-02
4.924317e-02
4.929437e-02
4.934559e-02
4.939687e-02
4.944817e-02
4.949953e-02
4.955093e-02
4.960237e-02
4.965385e-02
4.970537e-02
4.975694e-02
4.980855e-02
4.986020e-02
4.991190e-02
4.996363e-02
5.001539e-02
5.006718e-02
5.011901e-02
5.017086e-02
5.022270e-02
5.027453e-02
5.032635e-02
5.037817e-02
5.042997e-02
5.048176e-02
5.053354e-02
5.058532e-02
5.063709e-02
5.068887e-02
5.074064e-02
5.079241e-02
5.084419e-02
5.089597e-02
5.094777e-02
5.099957e-02
5.105138e-02
5.110322e-02
5.115506e-02
5.120693e-02
5.125882e-02
5.131074e-02
5.136268e-02
5.141465e-02
5.146664e-02
5.151867e-02
5.157073e-02
5.162282e-02
5.167494e-02
5.172710e-02
5.177929e-02
5.183151e-02
5.188377e-02
5.193605e-02
5.198837e-02
5.204071e-02
5.209308e-02
5.214548e-02
5.219791e-02
5.225036e-02
5.230284e-02
5.235535e-02
5.240789e-02
5.246046e-02
5.251305e-02
5.256567e-02
5.261832e-02
5.267100e-02
5.272371e-02
5.277646e-02
5.282923e-02
5.288203e-02
5.293487e-02
5.298774e-02
5.304064e-02
5.309357e-02
5.314653e-02
5.319951e-02
5.325253e-02
5.330557e-02
5.335863e-02
5.341173e-02
5.346486e-02
5.351801e-02
5.357120e-02
5.362441e-02
5.367765e-02
5.373092e-02
5.378422e-02
5.383755e-02
5.389090e-02
5.394429e-02
5.399770e-02
5.405115e-02
5.410462e-02
5.415811e-02
5.421163e-02
5.426517e-02
5.431873e-02
5.437232e-02
5.442594e-02
5.447958e-02
5.453325e-02
5.458695e-02
5.464067e-02
5.469443e-02
5.474821e-02
5.480202e-02
5.485586e-02
5.490971e-02
5.496359e-02
5.501749e-02
5.507141e-02
5.512536e-02
5.517932e-02
5.523332e-02
5.528734e-02
5.534139e-02
5.539547e-02
5.544958e-02
5.550371e-02
5.555788e-02
5.561207e-02
5.566629e-02
5.572054e-02
5.577482e-02
5.582912e-02
5.588344e-02
5.593779e-02
5.599215e-02
5.604655e-02
5.610096e-02
5.615540e-02
5.620986e-02
5.626435e-02
5.631886e-02
5.637339e-02
5.642795e-02
5.648253e-02
5.653713e-02
5.659176e-02
5.664642e-02
5.670109e-02
5.675579e-02
5.681050e-02
5.686524e-02
5.691999e-02
5.697477e-02
5.702957e-02
5.708439e-02
5.713922e-02
5.719408e-02
5.724895e-02
5.730384e-02
5.735876e-02
5.741369e-02
5.746864e-02
5.752348e-02
5.757823e-02
5.763298e-02
5.768763e-02
5.774218e-02
5.779664e-02
5.785102e-02
5.790535e-02
5.795962e-02
5.801384e-02
5.806808e-02
5.812229e-02
5.817646e-02
5.823059e-02
5.828467e-02
5.833872e-02
5.839272e-02
5.844669e-02
5.850061e-02
5.855448e-02
5.860831e-02
5.866207e-02
5.871574e-02
5.876932e-02
5.882282e-02
5.887624e-02
5.892961e-02
5.898292e-02
5.903618e-02
5.908940e-02
5.914257e-02
5.919571e-02
5.924881e-02
5.930188e-02
5.935494e-02
5.940797e-02
5.946098e-02
5.951397e-02
5.956694e-02
5.961988e-02
5.967278e-02
5.972565e-02
5.977862e-02
5.983154e-02
5.988444e-02
5.993730e-02
5.999014e-02
6.004294e-02
6.009571e-02
6.014846e-02
6.020117e-02
6.025387e-02
6.030656e-02
6.035923e-02
6.041191e-02
6.046458e-02
6.051725e-02
6.056989e-02
6.062253e-02
6.067514e-02
6.072774e-02
6.078032e-02
6.083289e-02
6.088544e-02
6.093796e-02
6.099046e-02
6.104295e-02
6.109541e-02
6.114785e-02
6.120026e-02
6.125264e-02
6.130500e-02
6.135734e-02
6.140965e-02
6.146194e-02
6.151422e-02
6.156647e-02
6.161870e-02
6.167093e-02
6.172316e-02
6.177537e-02
6.182757e-02
6.187970e-02
6.193180e-02
6.198379e-02
6.203562e-02
6.208729e-02
6.213873e-02
6.219007e-02
6.224115e-02
6.229202e-02
6.234256e-02
6.239301e-02
6.244316e-02
6.249300e-02
6.254249e-02
6.259175e-02
6.264074e-02
6.268950e-02
6.273813e-02
6.278657e-02
6.283486e-02
6.288305e-02
6.293109e-02
6.297904e-02
6.302690e-02
6.307471e-02
6.312251e-02
6.317026e-02
6.321798e-02
6.326570e-02
6.331342e-02
6.336118e-02
6.340892e-02
6.345669e-02
6.350447e-02
6.355230e-02
6.360016e-02
6.364805e-02
6.369597e-02
6.374393e-02
6.379192e-02
6.383996e-02
6.388804e-02
6.393614e-02
6.398428e-02
6.403245e-02
6.408065e-02
6.412888e-02
6.417714e-02
6.422541e-02
6.427371e-02
6.432203e-02
6.437036e-02
6.441869e-02
6.446704e-02
6.451538e-02
6.456375e-02
6.461211e-02
6.466048e-02
6.470887e-02
6.475727e-02
6.480569e-02
6.485412e-02
6.490257e-02
6.495104e-02
6.499953e-02
6.504805e-02
6.509660e-02
6.514517e-02
6.519379e-02
6.524244e-02
6.529113e-02
6.533987e-02
6.538865e-02
6.543749e-02
6.548638e-02
6.553534e-02
6.558436e-02
6.563345e-02
6.568262e-02
6.573184e-02
6.578113e-02
6.583046e-02
6.587986e-02
6.592930e-02
6.597881e-02
6.602838e-02
6.607801e-02
6.612771e-02
6.617746e-02
6.622728e-02
6.627717e-02
6.632711e-02
6.637712e-02
6.642716e-02
6.647727e-02
6.652744e-02
6.657766e-02
6.662794e-02
6.667828e-02
6.672866e-02
6.677908e-02
6.682951e-02
6.687995e-02
6.693043e-02
6.698095e-02
6.703147e-02
6.708203e-02
6.713260e-02
6.718320e-02
6.723382e-02
6.728445e-02
6.733512e-02
6.738581e-02
6.743651e-02
6.748725e-02
6.753802e-02
6.758882e-02
6.763965e-02
6.769050e-02
6.774140e-02
6.779233e-02
6.784330e-02
6.789432e-02
6.794539e-02
6.799651e-02
6.804768e-02
6.809892e-02
6.815021e-02
6.820153e-02
6.825294e-02
6.830438e-02
6.835592e-02
6.840741e-02
6.845881e-02
6.851016e-02
6.856143e-02
6.861267e-02
6.866384e-02
6.871498e-02
6.876607e-02
6.881715e-02
6.886819e-02
6.891923e-02
6.897026e-02
6.902130e-02
6.907236e-02
6.912345e-02
6.917456e-02
6.922571e-02
6.927450e-02
6.932309e-02
6.937150e-02
6.941954e-02
6.946713e-02
6.951490e-02
6.956234e-02
6.961000e-02
6.965715e-02
6.970472e-02
6.975164e-02
6.979917e-02
6.984591e-02
6.989449e-02
6.994302e-02
6.999159e-02
7.003845e-02
7.008533e-02
7.013210e-02
7.017883e-02
7.022547e-02
7.027212e-02
7.031868e-02
7.036526e-02
7.041171e-02
7.045820e-02
7.050459e-02
7.055103e-02
7.059742e-02
7.064385e-02
7.069029e-02
7.073676e-02
7.078327e-02
7.082979e-02
7.087636e-02
7.092283e-02
7.096926e-02
7.101564e-02
7.106196e-02
7.110826e-02
7.115449e-02
7.120069e-02
7.124776e-02
7.129455e-02
7.134125e-02
7.138806e-02
7.143479e-02
7.148141e-02
7.152542e-02
7.156913e-02
7.161242e-02
7.165567e-02
7.169869e-02
7.174168e-02
7.178451e-02
7.182735e-02
7.186980e-02
7.191289e-02
7.195502e-02
7.199713e-02
7.203989e-02
7.208272e-02
7.212537e-02
7.216811e-02
7.221069e-02
7.225337e-02
7.229587e-02
7.233815e-02
7.238040e-02
7.242263e-02
7.246533e-02
7.250817e-02
7.255084e-02
7.259365e-02
7.263703e-02
7.268033e-02
7.272277e-02
7.276572e-02
7.280849e-02
7.285142e-02
7.289417e-02
7.293708e-02
7.297980e-02
7.302267e-02
7.306542e-02
7.310843e-02
7.315090e-02
7.319388e-02
7.323669e-02
7.327965e-02
7.332242e-02
7.336535e-02
7.340832e-02
7.345200e-02
7.349451e-02
7.353755e-02
7.358040e-02
7.362341e-02
7.366623e-02
7.370920e-02
7.375230e-02
7.379512e-02
7.383760e-02
7.388070e-02
7.392359e-02
7.396665e-02
7.400949e-02
7.405250e-02
7.409561e-02
7.413846e-02
7.418142e-02
7.422457e-02
7.426750e-02
7.431060e-02
7.435376e-02
7.439708e-02
7.443998e-02
7.448444e-02
7.452746e-02
7.457066e-02
7.461364e-02
7.465679e-02
7.470037e-02
7.474408e-02
7.478689e-02
7.483018e-02
7.487328e-02
7.491655e-02
7.495965e-02
7.500290e-02
7.504664e-02
7.509016e-02
7.513305e-02
7.517651e-02
7.521982e-02
7.526329e-02
7.530308e-02
7.534290e-02
7.538259e-02
7.542235e-02
7.546206e-02
7.550186e-02
7.554185e-02
7.558196e-02
7.562244e-02
7.566231e-02
7.570205e-02
7.574191e-02
7.578161e-02
7.582151e-02
7.586144e-02
7.590162e-02
7.594217e-02
7.598298e-02
7.602430e-02
7.606594e-02
7.610830e-02
7.614841e-02
7.618829e-02
7.622855e-02
7.626907e-02
7.631003e-02
7.635169e-02
7.639375e-02
7.643701e-02
7.648053e-02
7.652539e-02
7.656588e-02
7.660639e-02
7.664753e-02
7.668945e-02
7.673201e-02
7.677609e-02
7.681871e-02
7.686360e-02
7.690434e-02
7.694482e-02
7.698611e-02
7.702827e-02
7.707048e-02
7.711358e-02
7.715902e-02
7.720343e-02
7.724859e-02
7.728917e-02
7.733071e-02
7.737322e-02
7.741688e-02
7.746205e-02
7.750714e-02
7.755198e-02
7.759415e-02
7.763479e-02
7.767659e-02
7.771947e-02
7.776168e-02
7.780391e-02
7.784613e-02
7.788805e-02
7.792940e-02
7.796995e-02
7.801175e-02
7.805238e-02
7.809685e-02
7.814192e-02
7.818706e-02
7.822823e-02
7.827002e-02
7.831234e-02
7.835564e-02
7.839945e-02
7.844439e-02
7.848919e-02
7.853429e-02
7.857670e-02
7.861986e-02
7.866393e-02
7.870961e-02
7.875439e-02
7.879876e-02
7.884088e-02
7.888359e-02
7.892688e-02
7.897138e-02
7.901431e-02
7.905892e-02
7.910338e-02
7.914816e-02
7.919140e-02
7.923556e-02
7.928092e-02
7.932569e-02
7.936975e-02
7.941347e-02
7.945650e-02
7.950030e-02
7.954325e-02
7.958795e-02
7.963059e-02
7.967486e-02
7.971784e-02
7.976146e-02
7.980583e-02
7.985083e-02
7.989588e-02
7.994035e-02
7.998313e-02
8.002640e-02
8.006984e-02
8.011425e-02
8.015753e-02
8.020202e-02
8.024504e-02
8.028846e-02
8.033210e-02
8.037633e-02
8.042097e-02
8.046598e-02
8.051073e-02
8.055516e-02
8.059912e-02
8.064324e-02
8.068736e-02
8.073166e-02
8.077598e-02
8.082002e-02
8.086404e-02
8.090846e-02
8.095326e-02
8.099851e-02
8.104430e-02
8.109014e-02
8.113409e-02
8.117825e-02
8.122244e-02
8.126686e-02
8.131132e-02
8.135557e-02
8.139991e-02
8.144467e-02
8.148937e-02
8.153532e-02
8.157911e-02
8.162312e-02
8.166719e-02
8.171153e-02
8.175595e-02
8.180024e-02
8.184469e-02
8.188961e-02
8.193521e-02
8.198109e-02
8.202490e-02
8.206897e-02
8.211310e-02
8.215714e-02
8.220131e-02
8.224599e-02
8.229092e-02
8.233578e-02
8.237951e-02
8.242348e-02
8.246748e-02
8.251176e-02
8.255597e-02
8.260011e-02
8.264410e-02
8.268804e-02
8.273182e-02
8.277555e-02
8.281914e-02
8.286268e-02
8.290608e-02
8.294944e-02
8.299267e-02
8.303586e-02
8.307891e-02
8.312195e-02
8.316486e-02
8.320774e-02
8.325162e-02
8.329544e-02
8.333946e-02
8.338399e-02
8.342859e-02
8.347393e-02
8.351740e-02
8.356115e-02
8.360496e-02
8.364873e-02
8.369271e-02
8.373720e-02
8.378165e-02
8.382655e-02
8.386995e-02
8.391364e-02
8.395740e-02
8.400112e-02
8.404462e-02
8.408844e-02
8.413166e-02
8.417518e-02
8.421816e-02
8.426179e-02
8.430549e-02
8.434916e-02
8.439307e-02
8.443716e-02
8.448111e-02
8.452512e-02
8.456842e-02
8.461203e-02
8.465571e-02
8.469936e-02
8.474307e-02
8.478688e-02
8.483053e-02
8.487427e-02
8.491754e-02
8.496111e-02
8.500464e-02
8.504827e-02
8.509176e-02
8.513536e-02
8.517884e-02
8.522241e-02
8.526565e-02
8.530919e-02
8.535262e-02
8.539614e-02
8.543955e-02
8.548305e-02
8.552643e-02
8.556989e-02
8.561312e-02
8.565656e-02
8.569989e-02
8.574331e-02
8.578664e-02
8.583006e-02
8.587339e-02
8.591682e-02
8.596006e-02
8.600351e-02
8.604689e-02
8.609038e-02
8.613380e-02
8.617734e-02
8.622081e-02
8.626438e-02
8.630766e-02
8.635122e-02
8.639478e-02
8.643835e-02
8.648196e-02
8.652562e-02
8.656926e-02
8.661294e-02
8.665626e-02
8.669986e-02
8.674350e-02
8.678708e-02
8.683080e-02
8.687452e-02
8.691828e-02
8.696202e-02
8.700538e-02
8.704901e-02
8.709268e-02
8.713627e-02
8.718000e-02
8.722384e-02
8.726783e-02
8.731173e-02
8.735513e-02
8.739879e-02
8.744250e-02
8.748615e-02
8.752990e-02
8.757398e-02
8.761826e-02
8.766240e-02
8.770675e-02
8.775095e-02
8.779472e-02
8.783842e-02
8.788220e-02
8.792644e-02
8.797090e-02
8.801521e-02
8.805971e-02
8.810405e-02
8.814790e-02
8.819203e-02
8.823622e-02
8.828034e-02
8.832464e-02
8.836903e-02
8.841362e-02
8.845804e-02
8.850185e-02
8.854594e-02
8.859009e-02
8.863418e-02
8.867774e-02
8.872224e-02
8.876622e-02
8.881100e-02
8.885489e-02
8.889906e-02
8.894328e-02
8.898743e-02
8.903174e-02
8.907653e-02
8.912192e-02
8.916802e-02
8.921203e-02
8.925633e-02
8.930067e-02
8.934492e-02
8.938929e-02
8.943411e-02
8.947914e-02
8.952466e-02
8.956948e-02
8.961474e-02
8.965919e-02
8.970355e-02
8.974796e-02
8.979272e-02
8.983695e-02
8.988150e-02
8.992556e-02
8.996994e-02
9.001387e-02
9.005868e-02
9.010273e-02
9.014740e-02
9.019179e-02
9.023697e-02
9.028181e-02
9.032780e-02
9.037316e-02
9.041929e-02
9.046404e-02
9.050862e-02
9.055319e-02
9.059816e-02
9.064350e-02
9.068930e-02
9.073561e-02
9.078247e-02
9.082956e-02
9.087656e-02
9.092161e-02
9.096642e-02
9.101116e-02
9.105628e-02
9.110170e-02
9.114763e-02
9.119399e-02
9.124074e-02
9.128800e-02
9.133573e-02
9.138094e-02
9.142587e-02
9.147069e-02
9.151583e-02
9.156120e-02
9.160704e-02
9.165301e-02
9.169920e-02
9.174554e-02
9.179165e-02
9.183763e-02
9.188386e-02
9.192937e-02
9.197458e-02
9.201967e-02
9.206510e-02
9.211079e-02
9.215696e-02
9.220352e-02
9.225043e-02
9.229778e-02
9.234534e-02
9.239302e-02
9.244081e-02
9.248659e-02
9.253205e-02
9.257741e-02
9.262311e-02
9.266912e-02
9.271555e-02
9.276140e-02
9.280742e-02
9.285355e-02
9.289995e-02
9.294587e-02
9.299198e-02
9.303809e-02
9.308388e-02
9.312957e-02
9.317564e-02
9.322202e-02
9.326885e-02
9.331613e-02
9.336379e-02
9.341150e-02
9.345935e-02
9.350560e-02
9.355204e-02
9.359846e-02
9.364457e-02
9.369057e-02
9.373695e-02
9.378366e-02
9.383089e-02
9.387859e-02
9.392506e-02
9.397169e-02
9.401821e-02
9.406462e-02
9.411139e-02
9.415805e-02
9.420438e-02
9.425060e-02
9.429719e-02
9.434410e-02
9.439154e-02
9.443943e-02
9.448754e-02
9.453578e-02
9.458423e-02
9.463283e-02
9.468163e-02
9.472853e-02
9.477510e-02
9.482154e-02
9.486836e-02
9.491550e-02
9.496317e-02
9.501127e-02
9.505981e-02
9.510886e-02
9.515839e-02
9.520861e-02
9.525936e-02
9.530654e-02
9.535335e-02
9.540003e-02
9.544707e-02
9.549440e-02
9.554224e-02
9.559049e-02
9.563915e-02
9.568825e-02
9.573780e-02
9.578794e-02
9.583855e-02
9.588603e-02
9.593311e-02
9.598002e-02
9.602723e-02
9.607466e-02
9.612256e-02
9.617079e-02
9.621935e-02
9.626824e-02
9.631753e-02
9.636723e-02
9.641731e-02
9.646789e-02
9.651889e-02
9.657056e-02
9.662376e-02
9.667109e-02
9.671873e-02
9.676658e-02
9.681488e-02
9.686348e-02
9.691249e-02
9.696177e-02
9.701127e-02
9.706103e-02
9.711113e-02
9.716163e-02
9.721249e-02
9.726395e-02
9.731717e-02
9.736498e-02
9.741303e-02
9.746122e-02
9.750979e-02
9.755859e-02
9.760776e-02
9.765714e-02
9.770670e-02
9.775645e-02
9.780652e-02
9.785693e-02
9.790770e-02
9.795892e-02
9.801053e-02
9.806278e-02
9.811623e-02
9.816447e-02
9.821297e-02
9.826164e-02
9.831073e-02
9.836008e-02
9.840973e-02
9.845963e-02
9.850993e-02
9.856058e-02
9.861157e-02
9.866298e-02
9.871477e-02
9.876721e-02
9.882092e-02
9.886955e-02
9.891842e-02
9.896742e-02
9.901683e-02
9.906646e-02
9.911646e-02
9.916670e-02
9.921713e-02
9.926779e-02
9.931880e-02
9.937020e-02
9.942197e-02
9.947434e-02
9.952850e-02
9.957741e-02
9.962654e-02
9.967579e-02
9.972540e-02
9.977521e-02
9.982525e-02
9.987546e-02
9.992604e-02
9.997692e-02
1.000281e-01
1.000796e-01
1.001314e-01
1.001837e-01
1.002364e-01
1.002896e-01
1.003446e-01
1.003938e-01
1.004433e-01
1.004930e-01
1.005431e-01
1.005934e-01
1.006441e-01
1.006950e-01
1.007461e-01
1.007974e-01
1.008490e-01
1.009009e-01
1.009531e-01
1.010057e-01
1.010587e-01
1.011121e-01
1.011679e-01
1.012175e-01
1.012673e-01
1.013172e-01
1.013675e-01
1.014180e-01
1.014688e-01
1.015198e-01
1.015708e-01
1.016218e-01
1.016730e-01
1.017244e-01
1.017759e-01
1.018275e-01
1.018792e-01
1.019311e-01
1.019831e-01
1.020353e-01
1.020877e-01
1.021402e-01
1.021945e-01
1.022506e-01
1.023069e-01
1.023567e-01
1.024066e-01
1.024567e-01
1.025070e-01
1.025573e-01
1.026075e-01
1.026575e-01
1.027077e-01
1.027580e-01
1.028085e-01
1.028590e-01
1.029095e-01
1.029601e-01
1.030108e-01
1.030616e-01
1.031125e-01
1.031635e-01
1.032146e-01
1.032659e-01
1.033173e-01
1.033688e-01
1.034205e-01
1.034723e-01
1.035257e-01
1.035805e-01
1.036366e-01
1.036933e-01
1.037499e-01
1.038066e-01
1.038634e-01
1.039137e-01
1.039643e-01
1.040151e-01
1.040660e-01
1.041171e-01
1.041683e-01
1.042196e-01
1.042708e-01
1.043219e-01
1.043732e-01
1.044245e-01
1.044760e-01
1.045274e-01
1.045791e-01
1.046308e-01
1.046826e-01
1.047345e-01
1.047865e-01
1.048386e-01
1.048908e-01
1.049432e-01
1.049956e-01
1.050482e-01
1.051009e-01
1.051538e-01
1.052079e-01
1.052629e-01
1.053187e-01
1.053752e-01
1.054319e-01
1.054889e-01
1.055469e-01
1.055983e-01
1.056499e-01
1.057017e-01
1.057538e-01
1.058061e-01
1.058586e-01
1.059113e-01
1.059638e-01
1.060162e-01
1.060687e-01
1.061214e-01
1.061744e-01
1.062275e-01
1.062806e-01
1.063338e-01
1.063872e-01
1.064407e-01
1.064943e-01
1.065479e-01
1.066017e-01
1.066557e-01
1.067097e-01
1.067637e-01
1.068179e-01
1.068722e-01
1.069273e-01
1.069831e-01
1.070395e-01
1.070962e-01
1.071532e-01
1.072104e-01
1.072684e-01
1.073264e-01
1.073842e-01
1.074375e-01
1.074910e-01
1.075447e-01
1.075984e-01
1.076519e-01
1.077057e-01
1.077596e-01
1.078138e-01
1.078681e-01
1.079227e-01
1.079773e-01
1.080318e-01
1.080862e-01
1.081408e-01
1.081954e-01
1.082503e-01
1.083052e-01
1.083601e-01
1.084150e-01
1.084700e-01
1.085252e-01
1.085804e-01
1.086357e-01
1.086911e-01
1.087466e-01
1.088022e-01
1.088580e-01
1.089143e-01
1.089709e-01
1.090273e-01
1.090837e-01
1.091400e-01
1.091961e-01
1.092521e-01
1.093061e-01
1.093602e-01
1.094145e-01
1.094691e-01
1.095238e-01
1.095789e-01
1.096342e-01
1.096893e-01
1.097442e-01
1.097993e-01
1.098545e-01
1.099098e-01
1.099651e-01
1.100203e-01
1.100755e-01
1.101256e-01
1.101757e-01
1.102253e-01
1.102767e-01
1.103259e-01
1.103755e-01
1.104246e-01
1.104740e-01
1.105233e-01
1.105729e-01
1.106235e-01
1.106743e-01
1.107244e-01
1.107737e-01
1.108227e-01
1.108717e-01
1.109206e-01
1.109699e-01
1.110191e-01
1.110687e-01
1.111194e-01
1.111703e-01
1.112208e-01
1.112701e-01
1.113190e-01
1.113679e-01
1.114165e-01
1.114650e-01
1.115144e-01
1.115642e-01
1.116154e-01
1.116668e-01
1.117169e-01
1.117663e-01
1.118150e-01
1.118636e-01
1.119121e-01
1.119616e-01
1.120114e-01
1.120617e-01
1.121136e-01
1.121649e-01
1.122144e-01
1.122636e-01
1.123121e-01
1.123617e-01
1.124109e-01
1.124608e-01
1.125092e-01
1.125578e-01
1.126060e-01
1.126544e-01
1.127026e-01
1.127512e-01
1.128004e-01
1.128502e-01
1.129000e-01
1.129501e-01
1.129978e-01
1.130461e-01
1.130938e-01
1.131420e-01
1.131897e-01
1.132380e-01
1.132867e-01
1.133359e-01
1.133862e-01
1.134339e-01
1.134814e-01
1.135295e-01
1.135770e-01
1.136253e-01
1.136729e-01
1.137212e-01
1.137698e-01
1.138192e-01
1.138697e-01
1.139172e-01
1.139645e-01
1.140124e-01
1.140598e-01
1.141080e-01
1.141558e-01
1.142038e-01
1.142516e-01
1.142986e-01
1.143457e-01
1.143930e-01
1.144403e-01
1.144881e-01
1.145356e-01
1.145837e-01
1.146317e-01
1.146783e-01
1.147251e-01
1.147716e-01
1.148184e-01
1.148654e-01
1.149127e-01
1.149608e-01
1.150097e-01
1.150604e-01
1.151093e-01
1.151582e-01
1.152055e-01
1.152535e-01
1.153022e-01
1.153521e-01
1.154007e-01
1.154489e-01
1.154969e-01
1.155452e-01
1.155930e-01
1.156412e-01
1.156891e-01
1.157373e-01
1.157853e-01
1.158336e-01
1.158816e-01
1.159301e-01
1.159785e-01
1.160276e-01
1.160771e-01
1.161249e-01
1.161723e-01
1.162203e-01
1.162679e-01
1.163159e-01
1.163635e-01
1.164117e-01
1.164594e-01
1.165077e-01
1.165555e-01
1.166040e-01
1.166527e-01
1.167020e-01
1.167490e-01
1.167962e-01
1.168433e-01
1.168910e-01
1.169382e-01
1.169862e-01
1.170337e-01
1.170818e-01
1.171289e-01
1.171751e-01
1.172217e-01
1.172679e-01
1.173145e-01
1.173608e-01
1.174073e-01
1.174536e-01
1.175005e-01
1.175476e-01
1.175948e-01
1.176404e-01
1.176864e-01
1.177322e-01
1.177786e-01
1.178251e-01
1.178723e-01
1.179199e-01
1.179674e-01
1.180161e-01
1.180627e-01
1.181089e-01
1.181554e-01
1.182021e-01
1.182492e-01
1.182965e-01
1.183436e-01
1.183918e-01
1.184401e-01
1.184891e-01
1.185375e-01
1.185843e-01
1.186312e-01
1.186788e-01
1.187262e-01
1.187753e-01
1.188247e-01
1.188755e-01
1.189246e-01
1.189720e-01
1.190195e-01
1.190677e-01
1.191159e-01
1.191648e-01
1.192133e-01
1.192652e-01
1.193124e-01
1.193600e-01
1.194077e-01
1.194570e-01
1.195070e-01
1.195572e-01
1.196047e-01
1.196524e-01
1.197005e-01
1.197492e-01
1.197983e-01
1.198473e-01
1.198958e-01
1.199456e-01
1.199934e-01
1.200414e-01
1.200894e-01
1.201387e-01
1.201868e-01
1.202366e-01
1.202845e-01
1.203325e-01
1.203808e-01
1.204295e-01
1.204787e-01
1.205283e-01
1.205774e-01
1.206261e-01
1.206746e-01
1.207233e-01
1.207722e-01
1.208216e-01
1.208709e-01
1.209200e-01
1.209709e-01
1.210220e-01
1.210722e-01
1.211223e-01
1.211721e-01
1.212216e-01
1.212709e-01
1.213201e-01
1.213691e-01
1.214180e-01
1.214699e-01
1.215219e-01
1.215729e-01
1.216238e-01
1.216741e-01
1.217240e-01
1.217735e-01
1.218227e-01
1.218717e-01
1.219245e-01
1.219761e-01
1.220287e-01
1.220799e-01
1.221317e-01
1.221827e-01
1.222331e-01
1.222829e-01
1.223324e-01
1.223813e-01
1.224344e-01
1.224828e-01
1.225360e-01
1.225889e-01
1.226414e-01
1.226929e-01
1.227436e-01
1.227935e-01
1.228429e-01
1.228917e-01
1.229453e-01
1.229934e-01
1.230463e-01
1.230941e-01
1.231466e-01
1.231940e-01
1.232452e-01
1.232952e-01
1.233446e-01
1.233934e-01
1.234418e-01
1.234899e-01
1.235427e-01
1.235903e-01
1.236426e-01
1.236954e-01
1.237477e-01
1.237991e-01
1.238495e-01
1.238989e-01
1.239478e-01
1.239961e-01
1.240441e-01
1.240917e-01
1.241441e-01
1.241914e-01
1.242434e-01
1.242954e-01
1.243469e-01
1.243974e-01
1.244472e-01
1.244961e-01
1.245446e-01
1.245925e-01
1.246452e-01
1.246924e-01
1.247411e-01
1.247880e-01
1.248352e-01
1.248821e-01
1.249290e-01
1.249758e-01
1.250227e-01
1.250697e-01
1.251170e-01
1.251643e-01
1.252126e-01
1.252595e-01
1.253061e-01
1.253525e-01
1.253992e-01
1.254456e-01
1.254923e-01
1.255387e-01
1.255855e-01
1.256322e-01
1.256793e-01
1.257263e-01
1.257746e-01
1.258212e-01
1.258675e-01
1.259137e-01
1.259603e-01
1.260066e-01
1.260532e-01
1.260996e-01
1.261463e-01
1.261930e-01
1.262401e-01
1.262867e-01
1.263326e-01
1.263785e-01
1.264246e-01
1.264706e-01
1.265171e-01
1.265632e-01
1.266098e-01
1.266560e-01
1.267027e-01
1.267493e-01
1.267963e-01
1.268419e-01
1.268877e-01
1.269334e-01
1.269795e-01
1.270254e-01
1.270718e-01
1.271179e-01
1.271644e-01
1.272107e-01
1.272574e-01
1.273030e-01
1.273484e-01
1.273940e-01
1.274398e-01
1.274856e-01
1.275317e-01
1.275777e-01
1.276241e-01
1.276703e-01
1.277169e-01
1.277623e-01
1.278075e-01
1.278530e-01
1.278982e-01
1.279440e-01
1.279898e-01
1.280361e-01
1.280821e-01
1.281282e-01
1.281730e-01
1.282182e-01
1.282632e-01
1.283086e-01
1.283540e-01
1.283997e-01
1.284461e-01
1.284929e-01
1.285375e-01
1.285824e-01
1.286273e-01
1.286727e-01
1.287186e-01
1.287650e-01
1.288128e-01
1.288614e-01
1.289099e-01
1.289582e-01
1.290040e-01
1.290499e-01
1.290967e-01
1.291438e-01
1.291931e-01
1.292380e-01
1.292831e-01
1.293287e-01
1.293751e-01
1.294223e-01
1.294701e-01
1.295150e-01
1.295601e-01
1.296057e-01
1.296519e-01
1.296989e-01
1.297463e-01
1.297911e-01
1.298359e-01
1.298812e-01
1.299270e-01
1.299739e-01
1.300218e-01
1.300664e-01
1.301113e-01
1.301566e-01
1.302026e-01
1.302496e-01
1.302969e-01
1.303413e-01
1.303861e-01
1.304315e-01
1.304776e-01
1.305217e-01
1.305658e-01
1.306101e-01
1.306549e-01
1.307004e-01
1.307466e-01
1.307904e-01
1.308344e-01
1.308786e-01
1.309234e-01
1.309674e-01
1.310139e-01
1.310583e-01
1.311024e-01
1.311475e-01
1.311926e-01
1.312379e-01
1.312845e-01
1.313299e-01
1.313757e-01
1.314214e-01
1.314672e-01
1.315128e-01
1.315587e-01
1.316049e-01
1.316497e-01
1.316963e-01
1.317416e-01
1.317868e-01
1.318325e-01
1.318777e-01
1.319234e-01
1.319687e-01
1.320144e-01
1.320604e-01
1.321068e-01
1.321529e-01
1.321988e-01
1.322438e-01
1.322893e-01
1.323343e-01
1.323800e-01
1.324251e-01
1.324708e-01
1.325169e-01
1.325628e-01
1.326074e-01
1.326524e-01
1.326971e-01
1.327424e-01
1.327873e-01
1.328328e-01
1.328780e-01
1.329235e-01
1.329690e-01
1.330133e-01
1.330576e-01
1.331022e-01
1.331467e-01
1.331918e-01
1.332365e-01
1.332819e-01
1.333259e-01
1.333696e-01
1.334136e-01
1.334575e-01
1.335016e-01
1.335457e-01
1.335899e-01
1.336347e-01
1.336781e-01
1.337214e-01
1.337650e-01
1.338086e-01
1.338528e-01
1.338972e-01
1.339410e-01
1.339868e-01
1.340304e-01
1.340738e-01
1.341175e-01
1.341616e-01
1.342057e-01
1.342495e-01
1.342929e-01
1.343383e-01
1.343812e-01
1.344253e-01
1.344693e-01
1.345127e-01
1.345561e-01
1.345991e-01
1.346422e-01
1.346895e-01
1.347331e-01
1.347769e-01
1.348210e-01
1.348661e-01
1.349116e-01
1.349588e-01
1.350019e-01
1.350453e-01
1.350892e-01
1.351341e-01
1.351799e-01
1.352268e-01
1.352708e-01
1.353147e-01
1.353600e-01
1.354054e-01
1.354520e-01
1.354985e-01
1.355440e-01
1.355896e-01
1.356359e-01
1.356815e-01
1.357272e-01
1.357726e-01
1.358192e-01
1.358657e-01
1.359121e-01
1.359584e-01
1.360046e-01
1.360507e-01
1.360966e-01
1.361435e-01
1.361901e-01
1.362366e-01
1.362829e-01
1.363290e-01
1.363750e-01
1.364209e-01
1.364667e-01
1.365124e-01
1.365579e-01
1.366035e-01
1.366497e-01
1.366958e-01
1.367416e-01
1.367873e-01
1.368329e-01
1.368784e-01
1.369237e-01
1.369690e-01
1.370142e-01
1.370594e-01
1.371054e-01
1.371511e-01
1.371966e-01
1.372419e-01
1.372871e-01
1.373322e-01
1.373771e-01
1.374220e-01
1.374681e-01
1.375139e-01
1.375592e-01
1.376042e-01
1.376490e-01
1.376935e-01
1.377379e-01
1.377841e-01
1.378297e-01
1.378744e-01
1.379216e-01
1.379692e-01
1.380165e-01
1.380641e-01
1.381116e-01
1.381593e-01
1.382069e-01
1.382547e-01
1.383024e-01
1.383503e-01
1.383990e-01
1.384458e-01
1.384927e-01
1.385398e-01
1.385868e-01
1.386341e-01
1.386814e-01
1.387290e-01
1.387763e-01
1.388241e-01
1.388716e-01
1.389187e-01
1.389661e-01
1.390125e-01
1.390591e-01
1.391049e-01
1.391509e-01
1.391977e-01
1.392447e-01
1.392917e-01
1.393388e-01
1.393861e-01
1.394333e-01
1.394809e-01
1.395284e-01
1.395763e-01
1.396239e-01
1.396719e-01
1.397197e-01
1.397678e-01
1.398158e-01
1.398640e-01
1.399110e-01
1.399576e-01
1.400047e-01
1.400518e-01
1.400991e-01
1.401465e-01
1.401939e-01
1.402417e-01
1.402893e-01
1.403373e-01
1.403851e-01
1.404333e-01
1.404813e-01
1.405296e-01
1.405777e-01
1.406248e-01
1.406720e-01
1.407190e-01
1.407662e-01
1.408134e-01
1.408608e-01
1.409083e-01
1.409558e-01
1.410036e-01
1.410514e-01
1.410994e-01
1.411474e-01
1.411956e-01
1.412426e-01
1.412891e-01
1.413362e-01
1.413832e-01
1.414304e-01
1.414776e-01
1.415250e-01
1.415725e-01
1.416200e-01
1.416678e-01
1.417156e-01
1.417636e-01
1.418116e-01
1.418598e-01
1.419069e-01
1.419534e-01
1.420006e-01
1.420476e-01
1.420949e-01
1.421422e-01
1.421896e-01
1.422371e-01
1.422847e-01
1.423324e-01
1.423802e-01
1.424283e-01
1.424763e-01
1.425245e-01
1.425716e-01
1.426182e-01
1.426654e-01
1.427125e-01
1.427598e-01
1.428071e-01
1.428546e-01
1.429021e-01
1.429498e-01
1.429975e-01
1.430454e-01
1.430934e-01
1.431415e-01
1.431897e-01
1.432368e-01
1.432833e-01
1.433304e-01
1.433775e-01
1.434247e-01
1.434720e-01
1.435194e-01
1.435670e-01
1.436146e-01
1.436624e-01
1.437101e-01
1.437581e-01
1.438048e-01
1.438514e-01
1.438982e-01
1.439449e-01
1.439918e-01
1.440387e-01
1.440858e-01
1.441330e-01
1.441802e-01
1.442264e-01
1.442728e-01
1.443189e-01
1.443652e-01
1.444113e-01
1.444577e-01
1.445037e-01
1.445503e-01
1.445964e-01
1.446432e-01
1.446893e-01
1.447363e-01
1.447824e-01
1.448297e-01
1.448757e-01
1.449224e-01
1.449685e-01
1.450154e-01
1.450616e-01
1.451088e-01
1.451557e-01
1.452036e-01
1.452513e-01
1.453001e-01
1.453488e-01
1.453973e-01
1.454459e-01
1.454945e-01
1.455442e-01
1.455974e-01
1.456466e-01
1.456960e-01
1.457459e-01
1.457961e-01
1.458471e-01
1.458969e-01
1.459468e-01
1.459959e-01
1.460450e-01
1.460939e-01
1.461426e-01
1.461911e-01
1.462394e-01
1.462876e-01
1.463357e-01
1.463886e-01
1.464397e-01
1.464960e-01
1.465482e-01
1.466056e-01
1.466593e-01
1.467162e-01
1.467713e-01
1.468260e-01
1.468791e-01
1.469316e-01
1.469798e-01
1.470328e-01
1.470807e-01
1.471334e-01
1.471811e-01
1.472335e-01
1.472810e-01
1.473332e-01
1.473805e-01
1.474325e-01
1.474823e-01
1.475316e-01
1.475810e-01
1.476302e-01
1.476795e-01
1.477287e-01
1.477779e-01
1.478271e-01
1.478764e-01
1.479259e-01
1.479756e-01
1.480259e-01
1.480748e-01
1.481236e-01
1.481725e-01
1.482212e-01
1.482702e-01
1.483190e-01
1.483680e-01
1.484169e-01
1.484660e-01
1.485149e-01
1.485641e-01
1.486133e-01
1.486629e-01
1.487129e-01
1.487626e-01
1.488137e-01
1.488645e-01
1.489132e-01
1.489621e-01
1.490108e-01
1.490599e-01
1.491087e-01
1.491579e-01
1.492068e-01
1.492561e-01
1.493055e-01
1.493551e-01
1.494054e-01
1.494540e-01
1.495025e-01
1.495513e-01
1.495998e-01
1.496487e-01
1.496974e-01
1.497461e-01
1.497948e-01
1.498433e-01
1.498921e-01
1.499404e-01
1.499890e-01
1.500388e-01
1.500891e-01
1.501398e-01
1.501916e-01
1.502401e-01
1.502885e-01
1.503372e-01
1.503856e-01
1.504345e-01
1.504830e-01
1.505320e-01
1.505807e-01
1.506298e-01
1.506788e-01
1.507282e-01
1.507782e-01
1.508285e-01
1.508800e-01
1.509282e-01
1.509763e-01
1.510246e-01
1.510729e-01
1.511214e-01
1.511697e-01
1.512185e-01
1.512670e-01
1.513159e-01
1.513645e-01
1.514136e-01
1.514627e-01
1.515120e-01
1.515598e-01
1.516076e-01
1.516555e-01
1.517036e-01
1.517517e-01
1.518000e-01
1.518482e-01
1.518968e-01
1.519452e-01
1.519940e-01
1.520426e-01
1.520916e-01
1.521406e-01
1.521880e-01
1.522357e-01
1.522832e-01
1.523310e-01
1.523788e-01
1.524268e-01
1.524745e-01
1.525229e-01
1.525713e-01
1.526200e-01
1.526672e-01
1.527167e-01
1.527641e-01
1.528123e-01
1.528600e-01
1.529086e-01
1.529566e-01
1.530055e-01
1.530541e-01
1.531035e-01
1.531529e-01
1.532031e-01
1.532536e-01
1.533048e-01
1.533561e-01
1.534073e-01
1.534586e-01
1.535098e-01
1.535612e-01
1.536124e-01
1.536638e-01
1.537149e-01
1.537661e-01
1.538171e-01
1.538664e-01
1.539171e-01
1.539680e-01
1.540184e-01
1.540692e-01
1.541197e-01
1.541707e-01
1.542219e-01
1.542732e-01
1.543245e-01
1.543751e-01
1.544262e-01
1.544771e-01
1.545280e-01
1.545790e-01
1.546297e-01
1.546806e-01
1.547311e-01
1.547820e-01
1.548328e-01
1.548841e-01
1.549352e-01
1.549862e-01
1.550374e-01
1.550882e-01
1.551394e-01
1.551903e-01
1.552416e-01
1.552926e-01
1.553433e-01
1.553946e-01
1.554458e-01
1.554972e-01
1.555486e-01
1.556000e-01
1.556522e-01
1.557046e-01
1.557581e-01
1.558092e-01
1.558603e-01
1.559115e-01
1.559620e-01
1.560123e-01
1.560617e-01
1.561111e-01
1.561604e-01
1.562097e-01
1.562590e-01
1.563084e-01
1.563578e-01
1.564074e-01
1.564571e-01
1.565071e-01
1.565575e-01
1.566082e-01
1.566597e-01
1.567098e-01
1.567607e-01
1.568108e-01
1.568618e-01
1.569122e-01
1.569632e-01
1.570141e-01
1.570651e-01
1.571163e-01
1.571674e-01
1.572186e-01
1.572697e-01
1.573209e-01
1.573720e-01
1.574229e-01
1.574733e-01
1.575236e-01
1.575735e-01
1.576233e-01
1.576727e-01
1.577236e-01
1.577745e-01
1.578255e-01
1.578764e-01
1.579275e-01
1.579784e-01
1.580295e-01
1.580804e-01
1.581315e-01
1.581825e-01
1.582331e-01
1.582848e-01
1.583354e-01
1.583884e-01
1.584391e-01
1.584897e-01
1.585402e-01
1.585908e-01
1.586406e-01
1.586913e-01
1.587423e-01
1.587930e-01
1.588440e-01
1.588947e-01
1.589433e-01
1.589942e-01
1.590426e-01
1.590943e-01
1.591425e-01
1.591954e-01
1.592435e-01
1.592939e-01
1.593418e-01
1.593923e-01
1.594400e-01
1.594905e-01
1.595413e-01
1.595919e-01
1.596427e-01
1.596933e-01
1.597442e-01
1.597951e-01
1.598443e-01
1.598936e-01
1.599428e-01
1.599921e-01
1.600412e-01
1.600915e-01
1.601419e-01
1.601922e-01
1.602428e-01
1.602931e-01
1.603437e-01
1.603942e-01
1.604448e-01
1.604954e-01
1.605444e-01
1.605951e-01
1.606466e-01
1.606965e-01
1.607465e-01
1.607964e-01
1.608466e-01
1.608966e-01
1.609469e-01
1.609970e-01
1.610473e-01
1.610975e-01
1.611480e-01
1.611983e-01
1.612489e-01
1.612995e-01
1.613507e-01
1.614003e-01
1.614500e-01
1.614996e-01
1.615494e-01
1.615992e-01
1.616492e-01
1.616990e-01
1.617491e-01
1.617991e-01
1.618493e-01
1.618996e-01
1.619500e-01
1.619991e-01
1.620483e-01
1.620975e-01
1.621468e-01
1.621960e-01
1.622456e-01
1.622950e-01
1.623447e-01
1.623943e-01
1.624442e-01
1.624939e-01
1.625440e-01
1.625942e-01
1.626427e-01
1.626912e-01
1.627398e-01
1.627884e-01
1.628372e-01
1.628859e-01
1.629350e-01
1.629841e-01
1.630319e-01
1.630812e-01
1.631289e-01
1.631789e-01
1.632266e-01
1.632749e-01
1.633229e-01
1.633713e-01
1.634196e-01
1.634684e-01
1.635172e-01
1.635663e-01
1.636155e-01
1.636651e-01
1.637147e-01
1.637645e-01
1.638143e-01
1.638642e-01
1.639135e-01
1.639630e-01
1.640128e-01
1.640628e-01
1.641134e-01
1.641643e-01
1.642157e-01
1.642674e-01
1.643193e-01
1.643710e-01
1.644222e-01
1.644734e-01
1.645243e-01
1.645751e-01
1.646256e-01
1.646762e-01
1.647266e-01
1.647777e-01
1.648307e-01
1.648841e-01
1.649352e-01
1.649891e-01
1.650409e-01
1.650949e-01
1.651478e-01
1.652020e-01
1.652557e-01
1.653091e-01
1.653621e-01
1.654171e-01
1.654722e-01
1.655275e-01
1.655830e-01
1.656386e-01
1.656945e-01
1.657506e-01
1.658066e-01
1.658626e-01
1.659185e-01
1.659745e-01
1.660274e-01
1.660806e-01
1.661338e-01
1.661875e-01
1.662365e-01
1.662905e-01
1.663394e-01
1.663932e-01
1.664421e-01
1.664959e-01
1.665505e-01
1.666054e-01
1.666604e-01
1.667157e-01
1.667713e-01
1.668270e-01
1.668825e-01
1.669384e-01
1.669920e-01
1.670458e-01
1.670981e-01
1.671505e-01
1.672033e-01
1.672563e-01
1.673065e-01
1.673600e-01
1.674102e-01
1.674643e-01
1.675187e-01
1.675730e-01
1.676274e-01
1.676821e-01
1.677370e-01
1.677920e-01
1.678472e-01
1.679027e-01
1.679584e-01
1.680140e-01
1.680696e-01
1.681260e-01
1.681816e-01
1.682372e-01
1.682900e-01
1.683429e-01
1.683960e-01
1.684495e-01
1.685031e-01
1.685571e-01
1.686112e-01
1.686653e-01
1.687195e-01
1.687738e-01
1.688283e-01
1.688830e-01
1.689378e-01
1.689928e-01
1.690481e-01
1.691034e-01
1.691590e-01
1.692148e-01
1.692708e-01
1.693270e-01
1.693836e-01
1.694409e-01
1.694934e-01
1.695463e-01
1.695992e-01
1.696524e-01
1.697058e-01
1.697596e-01
1.698135e-01
1.698673e-01
1.699210e-01
1.699750e-01
1.700292e-01
1.700835e-01
1.701378e-01
1.701924e-01
1.702471e-01
1.703020e-01
1.703570e-01
1.704122e-01
1.704675e-01
1.705231e-01
1.705760e-01
1.706283e-01
1.706801e-01
1.707321e-01
1.707842e-01
1.708366e-01
1.708891e-01
1.709419e-01
1.709948e-01
1.710477e-01
1.711006e-01
1.711536e-01
1.712067e-01
1.712600e-01
1.713136e-01
1.713673e-01
1.714213e-01
1.714755e-01
1.715270e-01
1.715778e-01
1.716283e-01
1.716790e-01
1.717297e-01
1.717808e-01
1.718322e-01
1.718837e-01
1.719353e-01
1.719872e-01
1.720393e-01
1.720916e-01
1.721441e-01
1.721968e-01
1.722471e-01
1.722967e-01
1.723460e-01
1.723953e-01
1.724446e-01
1.724942e-01
1.725439e-01
1.725935e-01
1.726432e-01
1.726931e-01
1.727431e-01
1.727933e-01
1.728417e-01
1.728901e-01
1.729384e-01
1.729861e-01
1.730336e-01
1.730812e-01
1.731291e-01
1.731773e-01
1.732257e-01
1.732745e-01
1.733237e-01
1.733733e-01
1.734233e-01
1.734736e-01
1.735218e-01
1.735700e-01
1.736184e-01
1.736664e-01
1.737142e-01
1.737623e-01
1.738108e-01
1.738597e-01
1.739090e-01
1.739585e-01
1.740084e-01
1.740587e-01
1.741094e-01
1.741604e-01
1.742118e-01
1.742635e-01
1.743128e-01
1.743623e-01
1.744118e-01
1.744610e-01
1.745099e-01
1.745591e-01
1.746086e-01
1.746585e-01
1.747087e-01
1.747593e-01
1.748102e-01
1.748611e-01
1.749123e-01
1.749637e-01
1.750154e-01
1.750673e-01
1.751197e-01
1.751722e-01
1.752252e-01
1.752784e-01
1.753289e-01
1.753790e-01
1.754288e-01
1.754788e-01
1.755290e-01
1.755797e-01
1.756306e-01
1.756818e-01
1.757333e-01
1.757848e-01
1.758365e-01
1.758884e-01
1.759406e-01
1.759930e-01
1.760456e-01
1.760984e-01
1.761508e-01
1.762030e-01
1.762548e-01
1.763064e-01
1.763576e-01
1.764088e-01
1.764595e-01
1.765103e-01
1.765610e-01
1.766116e-01
1.766620e-01
1.767125e-01
1.767628e-01
1.768131e-01
1.768634e-01
1.769157e-01
1.769682e-01
1.770211e-01
1.770742e-01
1.771273e-01
1.771806e-01
1.772341e-01
1.772878e-01
1.773416e-01
1.773958e-01
1.774500e-01
1.775046e-01
1.775594e-01
1.776137e-01
1.776681e-01
1.777195e-01
1.777713e-01
1.778233e-01
1.778752e-01
1.779271e-01
1.779793e-01
1.780317e-01
1.780844e-01
1.781370e-01
1.781893e-01
1.782413e-01
1.782931e-01
1.783446e-01
1.783960e-01
1.784473e-01
1.784985e-01
1.785496e-01
1.786007e-01
1.786517e-01
1.787027e-01
1.787537e-01
1.788047e-01
1.788556e-01
1.789066e-01
1.789584e-01
1.790103e-01
1.790623e-01
1.791146e-01
1.791671e-01
1.792192e-01
1.792712e-01
1.793235e-01
1.793759e-01
1.794287e-01
1.794817e-01
1.795350e-01
1.795884e-01
1.796417e-01
1.796950e-01
1.797484e-01
1.798020e-01
1.798557e-01
1.799097e-01
1.799637e-01
1.800180e-01
1.800724e-01
1.801270e-01
1.801826e-01
1.802339e-01
1.802853e-01
1.803368e-01
1.803886e-01
1.804406e-01
1.804929e-01
1.805455e-01
1.805977e-01
1.806499e-01
1.807023e-01
1.807549e-01
1.808078e-01
1.808605e-01
1.809133e-01
1.809659e-01
1.810185e-01
1.810711e-01
1.811236e-01
1.811761e-01
1.812287e-01
1.812811e-01
1.813336e-01
1.813861e-01
1.814386e-01
1.814900e-01
1.815415e-01
1.815931e-01
1.816449e-01
1.816969e-01
1.817492e-01
1.818018e-01
1.818541e-01
1.819063e-01
1.819588e-01
1.820114e-01
1.820642e-01
1.821172e-01
1.821703e-01
1.822237e-01
1.822771e-01
1.823308e-01
1.823846e-01
1.824387e-01
1.824929e-01
1.825473e-01
1.826028e-01
1.826538e-01
1.827048e-01
1.827559e-01
1.828073e-01
1.828589e-01
1.829108e-01
1.829629e-01
1.830149e-01
1.830670e-01
1.831192e-01
1.831717e-01
1.832243e-01
1.832770e-01
1.833299e-01
1.833831e-01
1.834364e-01
1.834899e-01
1.835436e-01
1.835976e-01
1.836518e-01
1.837034e-01
1.837546e-01
1.838053e-01
1.838563e-01
1.839074e-01
1.839588e-01
1.840104e-01
1.840624e-01
1.841145e-01
1.841666e-01
1.842187e-01
1.842711e-01
1.843236e-01
1.843763e-01
1.844293e-01
1.844825e-01
1.845359e-01
1.845896e-01
1.846436e-01
1.846966e-01
1.847482e-01
1.847991e-01
1.848498e-01
1.849007e-01
1.849517e-01
1.850031e-01
1.850548e-01
1.851067e-01
1.851589e-01
1.852111e-01
1.852633e-01
1.853157e-01
1.853684e-01
1.854212e-01
1.854744e-01
1.855276e-01
1.855812e-01
1.856339e-01
1.856871e-01
1.857388e-01
1.857905e-01
1.858416e-01
1.858925e-01
1.859429e-01
1.859941e-01
1.860442e-01
1.860959e-01
1.861457e-01
1.861970e-01
1.862467e-01
1.862978e-01
1.863473e-01
1.863982e-01
1.864476e-01
1.864985e-01
1.865478e-01
1.865987e-01
1.866481e-01
1.866989e-01
1.867484e-01
1.867993e-01
1.868489e-01
1.869001e-01
1.869499e-01
1.870012e-01
1.870512e-01
1.871027e-01
1.871531e-01
1.872051e-01
1.872559e-01
1.873077e-01
1.873592e-01
1.874114e-01
1.874632e-01
1.875159e-01
1.875681e-01
1.876212e-01
1.876738e-01
1.877271e-01
1.877799e-01
1.878330e-01
1.878862e-01
1.879393e-01
1.879925e-01
1.880457e-01
1.880990e-01
1.881521e-01
1.882053e-01
1.882567e-01
1.883082e-01
1.883599e-01
1.884118e-01
1.884639e-01
1.885164e-01
1.885690e-01
1.886214e-01
1.886738e-01
1.887265e-01
1.887793e-01
1.888323e-01
1.888794e-01
1.889298e-01
1.889831e-01
1.890366e-01
1.890903e-01
1.891442e-01
1.891916e-01
1.892411e-01
1.892920e-01
1.893432e-01
1.893921e-01
1.894431e-01
1.894942e-01
1.895452e-01
1.895966e-01
1.896483e-01
1.896996e-01
1.897514e-01
1.898034e-01
1.898556e-01
1.899079e-01
1.899601e-01
1.900121e-01
1.900643e-01
1.901166e-01
1.901691e-01
1.902216e-01
1.902742e-01
1.903267e-01
1.903793e-01
1.904320e-01
1.904846e-01
1.905373e-01
1.905900e-01
1.906409e-01
1.906922e-01
1.907436e-01
1.907953e-01
1.908458e-01
1.908964e-01
1.909472e-01
1.909976e-01
1.910478e-01
1.910981e-01
1.911484e-01
1.911990e-01
1.912496e-01
1.913004e-01
1.913511e-01
1.914017e-01
1.914521e-01
1.915027e-01
1.915532e-01
1.916038e-01
1.916544e-01
1.917050e-01
1.917558e-01
1.918065e-01
1.918573e-01
1.919081e-01
1.919590e-01
1.920100e-01
1.920611e-01
1.921129e-01
1.921649e-01
1.922168e-01
1.922659e-01
1.923152e-01
1.923647e-01
1.924139e-01
1.924629e-01
1.925122e-01
1.925616e-01
1.926114e-01
1.926613e-01
1.927114e-01
1.927616e-01
1.928117e-01
1.928618e-01
1.929121e-01
1.929624e-01
1.930129e-01
1.930634e-01
1.931139e-01
1.931643e-01
1.932153e-01
1.932656e-01
1.933169e-01
1.933673e-01
1.934198e-01
1.934683e-01
1.935169e-01
1.935656e-01
1.936145e-01
1.936636e-01
1.937130e-01
1.937626e-01
1.938120e-01
1.938615e-01
1.939111e-01
1.939610e-01
1.940109e-01
1.940610e-01
1.941113e-01
1.941617e-01
1.942123e-01
1.942630e-01
1.943138e-01
1.943648e-01
1.944160e-01
1.944675e-01
1.945191e-01
1.945710e-01
1.946250e-01
1.946735e-01
1.947222e-01
1.947710e-01
1.948202e-01
1.948696e-01
1.949192e-01
1.949691e-01
1.950189e-01
1.950687e-01
1.951188e-01
1.951691e-01
1.952195e-01
1.952700e-01
1.953208e-01
1.953717e-01
1.954228e-01
1.954742e-01
1.955257e-01
1.955775e-01
1.956295e-01
1.956819e-01
1.957364e-01
1.957851e-01
1.958341e-01
1.958831e-01
1.959326e-01
1.959823e-01
1.960322e-01
1.960824e-01
1.961326e-01
1.961828e-01
1.962332e-01
1.962838e-01
1.963346e-01
1.963855e-01
1.964366e-01
1.964879e-01
1.965393e-01
1.965908e-01
1.966425e-01
1.966945e-01
1.967466e-01
1.967990e-01
1.968528e-01
1.969019e-01
1.969512e-01
1.970006e-01
1.970502e-01
1.971001e-01
1.971502e-01
1.972005e-01
1.972507e-01
1.973007e-01
1.973510e-01
1.974014e-01
1.974520e-01
1.975028e-01
1.975538e-01
1.976050e-01
1.976560e-01
1.977071e-01
1.977583e-01
1.978097e-01
1.978612e-01
1.979129e-01
1.979647e-01
1.980166e-01
1.980686e-01
1.981208e-01
1.981745e-01
1.982284e-01
1.982824e-01
1.983364e-01
1.983906e-01
1.984448e-01
1.984991e-01
1.985536e-01
1.986081e-01
1.986628e-01
1.987175e-01
1.987725e-01
1.988275e-01
1.988828e-01
1.989382e-01
1.989937e-01
1.990495e-01
1.991054e-01
1.991617e-01
1.992181e-01
1.992747e-01
1.993315e-01
1.993883e-01
1.994452e-01
1.995022e-01
1.995568e-01
1.996140e-01
1.996686e-01
1.997260e-01
1.997807e-01
1.998382e-01
1.998961e-01
1.999539e-01
2.000120e-01
2.000700e-01
2.001283e-01
