# 1  : Date
# 2  : Temps elapsed min (mus)
# 3  : Rang temps elapsed min
# 4  : Noeud temps elapsed min
# 5  : Temps elapsed max (mus)
# 6  : Rang temps elapsed max
# 7  : Noeud temps elapsed max
# 8  : Grind time (mus/maille/cycle)
# 9  : Grind time équivalent séquentiel (#8 X nb_de_coeurs)
#     1     2     3     4      5      6      7       8      9
#   ATTENTION  les temps cpu schémas sont données dans l'ordre alphabétique des schémas WARNING
#  10: TELAPS Hydro (mus)
3.707045e-04   4.054e+04 0 inti1215   4.068e+04 3 inti1215   2.912e-01 4.660e+00  3.202e+04
1.106828e-03   4.190e+04 0 inti1215   4.195e+04 3 inti1215   2.927e-01 4.684e+00  3.316e+04
2.132152e-03   4.566e+04 0 inti1215   4.571e+04 3 inti1215   3.058e-01 4.892e+00  3.640e+04
3.369894e-03   4.713e+04 0 inti1215   4.719e+04 3 inti1215   3.016e-01 4.825e+00  3.760e+04
4.661770e-03   4.948e+04 0 inti1215   4.954e+04 3 inti1215   3.004e-01 4.807e+00  3.936e+04
6.074401e-03   5.110e+04 0 inti1215   5.117e+04 2 inti1215   2.961e-01 4.738e+00  4.078e+04
7.669844e-03   5.302e+04 0 inti1215   5.307e+04 2 inti1215   2.915e-01 4.664e+00  4.246e+04
8.996430e-03   5.556e+04 0 inti1215   5.563e+04 3 inti1215   2.947e-01 4.715e+00  4.421e+04
9.821059e-03   5.620e+04 0 inti1215   5.627e+04 3 inti1215   2.908e-01 4.653e+00  4.529e+04
1.063240e-02   5.682e+04 0 inti1215   5.689e+04 3 inti1215   2.881e-01 4.609e+00  4.597e+04
1.153722e-02   5.844e+04 0 inti1215   5.850e+04 3 inti1215   2.890e-01 4.623e+00  4.742e+04
1.258887e-02   5.899e+04 0 inti1215   5.906e+04 3 inti1215   2.846e-01 4.554e+00  4.799e+04
1.376049e-02   6.058e+04 0 inti1215   6.064e+04 3 inti1215   2.838e-01 4.541e+00  4.948e+04
1.498684e-02   5.995e+04 0 inti1215   6.000e+04 1 inti1215   2.742e-01 4.387e+00  4.844e+04
1.627739e-02   6.148e+04 0 inti1215   6.155e+04 1 inti1215   2.738e-01 4.380e+00  4.978e+04
1.754428e-02   6.258e+04 0 inti1215   6.266e+04 1 inti1215   2.724e-01 4.358e+00  5.087e+04
1.880896e-02   7.642e+04 0 inti1215   7.652e+04 3 inti1215   3.244e-01 5.191e+00  6.383e+04
1.972572e-02   6.458e+04 0 inti1215   6.473e+04 2 inti1215   2.700e-01 4.320e+00  5.255e+04
2.054522e-02   6.662e+04 0 inti1215   6.668e+04 3 inti1215   2.739e-01 4.382e+00  5.451e+04
2.143085e-02   6.686e+04 0 inti1215   6.692e+04 3 inti1215   2.709e-01 4.334e+00  5.464e+04
2.239265e-02   7.038e+04 0 inti1215   7.043e+04 3 inti1215   2.803e-01 4.484e+00  5.807e+04
2.343116e-02   6.900e+04 0 inti1215   6.914e+04 2 inti1215   2.703e-01 4.326e+00  5.642e+04
2.454718e-02   6.993e+04 0 inti1215   6.999e+04 2 inti1215   2.681e-01 4.290e+00  5.743e+04
2.572825e-02   7.055e+04 0 inti1215   7.070e+04 2 inti1215   2.655e-01 4.248e+00  5.788e+04
2.697491e-02   7.358e+04 0 inti1215   7.364e+04 2 inti1215   2.706e-01 4.330e+00  6.080e+04
2.828924e-02   7.247e+04 0 inti1215   7.254e+04 2 inti1215   2.607e-01 4.171e+00  5.969e+04
2.966987e-02   7.504e+04 0 inti1215   7.518e+04 2 inti1215   2.632e-01 4.211e+00  6.185e+04
3.111332e-02   7.533e+04 0 inti1215   7.540e+04 2 inti1215   2.572e-01 4.116e+00  6.222e+04
3.261833e-02   7.621e+04 0 inti1215   7.626e+04 2 inti1215   2.522e-01 4.036e+00  6.314e+04
3.418408e-02   7.833e+04 0 inti1215   7.840e+04 2 inti1215   2.520e-01 4.032e+00  6.490e+04
3.579981e-02   8.021e+04 0 inti1215   8.027e+04 2 inti1215   2.495e-01 3.991e+00  6.666e+04
3.730336e-02   8.116e+04 0 inti1215   8.131e+04 2 inti1215   2.459e-01 3.934e+00  6.741e+04
3.886043e-02   8.435e+04 0 inti1215   8.442e+04 2 inti1215   2.471e-01 3.953e+00  6.999e+04
4.045345e-02   8.343e+04 0 inti1215   8.350e+04 2 inti1215   2.374e-01 3.798e+00  6.918e+04
4.212347e-02   8.489e+04 1 inti1215   8.499e+04 2 inti1215   2.337e-01 3.739e+00  7.036e+04
4.384677e-02   8.680e+04 0 inti1215   8.685e+04 2 inti1215   2.323e-01 3.717e+00  7.218e+04
4.558729e-02   8.914e+04 0 inti1215   8.918e+04 2 inti1215   2.312e-01 3.699e+00  7.421e+04
4.733501e-02   9.059e+04 0 inti1215   9.065e+04 2 inti1215   2.286e-01 3.657e+00  7.534e+04
4.909652e-02   9.364e+04 0 inti1215   9.370e+04 2 inti1215   2.291e-01 3.665e+00  7.825e+04
5.087533e-02   9.485e+04 0 inti1215   9.500e+04 2 inti1215   2.265e-01 3.624e+00  7.906e+04
5.266554e-02   9.409e+04 0 inti1215   9.415e+04 2 inti1215   2.185e-01 3.496e+00  7.860e+04
5.448205e-02   9.708e+04 0 inti1215   9.715e+04 3 inti1215   2.203e-01 3.525e+00  8.122e+04
5.631643e-02   9.820e+04 0 inti1215   9.826e+04 3 inti1215   2.173e-01 3.476e+00  8.237e+04
5.818131e-02   1.009e+05 0 inti1215   1.010e+05 3 inti1215   2.185e-01 3.496e+00  8.478e+04
6.007937e-02   1.032e+05 0 inti1215   1.033e+05 2 inti1215   2.181e-01 3.490e+00  8.670e+04
6.192678e-02   1.043e+05 0 inti1215   1.044e+05 1 inti1215   2.159e-01 3.455e+00  8.739e+04
6.367185e-02   1.063e+05 0 inti1215   1.064e+05 2 inti1215   2.153e-01 3.445e+00  8.916e+04
6.529013e-02   1.081e+05 0 inti1215   1.082e+05 3 inti1215   2.151e-01 3.441e+00  9.103e+04
6.691449e-02   1.105e+05 0 inti1215   1.106e+05 2 inti1215   2.155e-01 3.447e+00  9.324e+04
6.857505e-02   1.137e+05 0 inti1215   1.137e+05 3 inti1215   2.176e-01 3.482e+00  9.588e+04
7.024034e-02   1.119e+05 0 inti1215   1.121e+05 1 inti1215   2.102e-01 3.364e+00  9.454e+04
7.198450e-02   1.144e+05 0 inti1215   1.145e+05 1 inti1215   2.108e-01 3.372e+00  9.646e+04
7.378715e-02   1.182e+05 0 inti1215   1.183e+05 3 inti1215   2.132e-01 3.411e+00  1.003e+05
7.536620e-02   1.192e+05 0 inti1215   1.193e+05 1 inti1215   2.117e-01 3.387e+00  1.012e+05
7.676131e-02   1.236e+05 0 inti1215   1.237e+05 1 inti1215   2.162e-01 3.460e+00  1.054e+05
7.817567e-02   1.238e+05 0 inti1215   1.239e+05 1 inti1215   2.138e-01 3.421e+00  1.055e+05
7.959314e-02   1.235e+05 0 inti1215   1.235e+05 1 inti1215   2.102e-01 3.363e+00  1.049e+05
8.101121e-02   1.247e+05 0 inti1215   1.249e+05 3 inti1215   2.099e-01 3.358e+00  1.055e+05
8.241908e-02   1.269e+05 0 inti1215   1.271e+05 1 inti1215   2.108e-01 3.372e+00  1.077e+05
8.382757e-02   1.284e+05 0 inti1215   1.285e+05 2 inti1215   2.108e-01 3.372e+00  1.090e+05
8.523093e-02   1.311e+05 0 inti1215   1.312e+05 1 inti1215   2.124e-01 3.399e+00  1.114e+05
8.663117e-02   1.319e+05 0 inti1215   1.321e+05 3 inti1215   2.116e-01 3.385e+00  1.122e+05
8.801406e-02   1.341e+05 0 inti1215   1.342e+05 1 inti1215   2.125e-01 3.400e+00  1.143e+05
8.938469e-02   1.298e+05 0 inti1215   1.299e+05 1 inti1215   2.035e-01 3.255e+00  1.104e+05
9.076155e-02   1.312e+05 0 inti1215   1.312e+05 1 inti1215   2.032e-01 3.251e+00  1.115e+05
9.214065e-02   1.313e+05 0 inti1215   1.314e+05 1 inti1215   2.015e-01 3.224e+00  1.118e+05
9.351193e-02   1.332e+05 0 inti1215   1.332e+05 1 inti1215   2.020e-01 3.231e+00  1.134e+05
9.487985e-02   1.347e+05 0 inti1215   1.348e+05 1 inti1215   2.024e-01 3.239e+00  1.147e+05
9.625570e-02   1.360e+05 0 inti1215   1.361e+05 1 inti1215   2.022e-01 3.235e+00  1.162e+05
9.763373e-02   1.388e+05 0 inti1215   1.390e+05 1 inti1215   2.047e-01 3.274e+00  1.187e+05
9.903809e-02   1.392e+05 0 inti1215   1.392e+05 1 inti1215   2.029e-01 3.246e+00  1.189e+05
1.005531e-01   1.431e+05 0 inti1215   1.432e+05 1 inti1215   2.066e-01 3.306e+00  1.221e+05
1.022027e-01   1.463e+05 0 inti1215   1.464e+05 1 inti1215   2.087e-01 3.338e+00  1.250e+05
1.039005e-01   1.477e+05 0 inti1215   1.478e+05 1 inti1215   2.083e-01 3.333e+00  1.263e+05
1.056610e-01   1.511e+05 0 inti1215   1.512e+05 1 inti1215   2.103e-01 3.365e+00  1.296e+05
1.074887e-01   1.533e+05 0 inti1215   1.534e+05 1 inti1215   2.112e-01 3.379e+00  1.314e+05
1.093709e-01   1.565e+05 0 inti1215   1.565e+05 1 inti1215   2.131e-01 3.410e+00  1.343e+05
1.111786e-01   1.572e+05 0 inti1215   1.573e+05 1 inti1215   2.121e-01 3.394e+00  1.348e+05
1.129448e-01   1.610e+05 0 inti1215   1.610e+05 1 inti1215   2.150e-01 3.439e+00  1.386e+05
1.147586e-01   1.628e+05 0 inti1215   1.628e+05 3 inti1215   2.154e-01 3.447e+00  1.402e+05
1.166303e-01   1.652e+05 0 inti1215   1.653e+05 1 inti1215   2.162e-01 3.460e+00  1.424e+05
1.185594e-01   1.690e+05 3 inti1215   1.690e+05 1 inti1215   2.188e-01 3.502e+00  1.457e+05
1.205348e-01   1.724e+05 0 inti1215   1.725e+05 1 inti1215   2.206e-01 3.529e+00  1.484e+05
1.225469e-01   1.646e+05 3 inti1215   1.647e+05 1 inti1215   2.084e-01 3.334e+00  1.409e+05
1.245883e-01   1.684e+05 3 inti1215   1.686e+05 1 inti1215   2.107e-01 3.370e+00  1.446e+05
1.266291e-01   1.679e+05 3 inti1215   1.681e+05 1 inti1215   2.080e-01 3.329e+00  1.442e+05
1.286707e-01   1.714e+05 3 inti1215   1.715e+05 1 inti1215   2.095e-01 3.352e+00  1.475e+05
1.307020e-01   1.746e+05 3 inti1215   1.748e+05 1 inti1215   2.109e-01 3.375e+00  1.506e+05
1.327485e-01   1.786e+05 3 inti1215   1.788e+05 1 inti1215   2.130e-01 3.407e+00  1.546e+05
1.347883e-01   1.824e+05 3 inti1215   1.826e+05 1 inti1215   2.149e-01 3.439e+00  1.578e+05
1.367312e-01   1.882e+05 3 inti1215   1.884e+05 2 inti1215   2.191e-01 3.506e+00  1.636e+05
1.387209e-01   1.817e+05 3 inti1215   1.821e+05 1 inti1215   2.096e-01 3.353e+00  1.571e+05
1.408130e-01   1.834e+05 3 inti1215   1.838e+05 1 inti1215   2.090e-01 3.344e+00  1.582e+05
1.429217e-01   1.855e+05 3 inti1215   1.859e+05 1 inti1215   2.094e-01 3.350e+00  1.601e+05
1.450557e-01   1.887e+05 3 inti1215   1.892e+05 1 inti1215   2.106e-01 3.369e+00  1.637e+05
1.471661e-01   1.913e+05 3 inti1215   1.917e+05 1 inti1215   2.113e-01 3.381e+00  1.661e+05
1.491875e-01   1.946e+05 3 inti1215   1.951e+05 1 inti1215   2.131e-01 3.409e+00  1.693e+05
1.511778e-01   1.984e+05 3 inti1215   1.988e+05 1 inti1215   2.152e-01 3.444e+00  1.732e+05
1.532277e-01   1.989e+05 3 inti1215   1.993e+05 1 inti1215   2.136e-01 3.417e+00  1.737e+05
1.552261e-01   2.002e+05 3 inti1215   2.007e+05 1 inti1215   2.132e-01 3.411e+00  1.748e+05
1.572335e-01   1.987e+05 3 inti1215   1.992e+05 1 inti1215   2.095e-01 3.352e+00  1.723e+05
1.592317e-01   1.995e+05 3 inti1215   2.000e+05 1 inti1215   2.087e-01 3.339e+00  1.729e+05
1.612275e-01   2.025e+05 3 inti1215   2.030e+05 1 inti1215   2.101e-01 3.362e+00  1.762e+05
1.631773e-01   2.033e+05 3 inti1215   2.038e+05 1 inti1215   2.096e-01 3.354e+00  1.766e+05
1.651221e-01   2.044e+05 3 inti1215   2.048e+05 1 inti1215   2.094e-01 3.350e+00  1.777e+05
1.670471e-01   2.054e+05 3 inti1215   2.059e+05 1 inti1215   2.095e-01 3.351e+00  1.789e+05
1.689685e-01   2.060e+05 3 inti1215   2.065e+05 1 inti1215   2.089e-01 3.343e+00  1.795e+05
1.709049e-01   2.079e+05 3 inti1215   2.083e+05 1 inti1215   2.098e-01 3.357e+00  1.807e+05
1.727984e-01   2.091e+05 3 inti1215   2.096e+05 1 inti1215   2.100e-01 3.360e+00  1.823e+05
1.746280e-01   2.104e+05 3 inti1215   2.109e+05 1 inti1215   2.104e-01 3.367e+00  1.834e+05
1.764125e-01   2.105e+05 3 inti1215   2.109e+05 1 inti1215   2.098e-01 3.357e+00  1.834e+05
1.782005e-01   2.103e+05 3 inti1215   2.107e+05 1 inti1215   2.089e-01 3.342e+00  1.831e+05
1.799806e-01   2.113e+05 3 inti1215   2.117e+05 1 inti1215   2.094e-01 3.351e+00  1.840e+05
1.817499e-01   2.117e+05 3 inti1215   2.122e+05 1 inti1215   2.094e-01 3.351e+00  1.843e+05
1.835223e-01   2.118e+05 3 inti1215   2.122e+05 1 inti1215   2.092e-01 3.347e+00  1.847e+05
1.853016e-01   2.118e+05 3 inti1215   2.122e+05 1 inti1215   2.087e-01 3.340e+00  1.846e+05
1.871367e-01   2.134e+05 3 inti1215   2.139e+05 1 inti1215   2.097e-01 3.355e+00  1.861e+05
1.889838e-01   2.135e+05 3 inti1215   2.140e+05 1 inti1215   2.092e-01 3.347e+00  1.864e+05
1.908400e-01   2.164e+05 3 inti1215   2.169e+05 1 inti1215   2.113e-01 3.381e+00  1.881e+05
1.927113e-01   2.151e+05 3 inti1215   2.156e+05 1 inti1215   2.096e-01 3.353e+00  1.878e+05
1.945925e-01   2.163e+05 3 inti1215   2.168e+05 1 inti1215   2.102e-01 3.363e+00  1.893e+05
1.963552e-01   2.174e+05 3 inti1215   2.179e+05 1 inti1215   2.108e-01 3.372e+00  1.896e+05
1.980429e-01   2.184e+05 3 inti1215   2.189e+05 0 inti1215   2.113e-01 3.380e+00  1.906e+05
1.997152e-01   2.183e+05 3 inti1215   2.188e+05 2 inti1215   2.109e-01 3.374e+00  1.906e+05
