#   1 : Date        
# Date        
0.000000e+00
1.807392e-05
2.865299e-05
3.680825e-05
4.331462e-05
4.906367e-05
5.538763e-05
6.204872e-05
6.795979e-05
7.446196e-05
8.161436e-05
8.947053e-05
9.702468e-05
1.053342e-04
1.143002e-04
1.241628e-04
1.337027e-04
1.436480e-04
1.545879e-04
1.657374e-04
1.769297e-04
1.886124e-04
2.010176e-04
2.132284e-04
2.257171e-04
2.388127e-04
2.521957e-04
2.655017e-04
2.797183e-04
2.939297e-04
3.084532e-04
3.235230e-04
3.388720e-04
3.545256e-04
3.707045e-04
3.871136e-04
4.039712e-04
4.213429e-04
4.389057e-04
4.566041e-04
4.748726e-04
4.934284e-04
5.123968e-04
5.317204e-04
5.513472e-04
5.713195e-04
5.916317e-04
6.121877e-04
6.330631e-04
6.541431e-04
6.756129e-04
6.973298e-04
7.193540e-04
7.416524e-04
7.642145e-04
7.870888e-04
8.102207e-04
8.336410e-04
8.572999e-04
8.811975e-04
9.052984e-04
9.296850e-04
9.542344e-04
9.790738e-04
1.004107e-03
1.029433e-03
1.054937e-03
1.080786e-03
1.106828e-03
1.133123e-03
1.159624e-03
1.186464e-03
1.213485e-03
1.240745e-03
1.268213e-03
1.295923e-03
1.323861e-03
1.352053e-03
1.380427e-03
1.409065e-03
1.437917e-03
1.467083e-03
1.496472e-03
1.526126e-03
1.555964e-03
1.586157e-03
1.616605e-03
1.647287e-03
1.678149e-03
1.709331e-03
1.740719e-03
1.772176e-03
1.803794e-03
1.835622e-03
1.867602e-03
1.899875e-03
1.932477e-03
1.965120e-03
1.998093e-03
2.031272e-03
2.064625e-03
2.098278e-03
2.132152e-03
2.166096e-03
2.200218e-03
2.234613e-03
2.269156e-03
2.304035e-03
2.339154e-03
2.374341e-03
2.409910e-03
2.445536e-03
2.481298e-03
2.517257e-03
2.553563e-03
2.589879e-03
2.626441e-03
2.663275e-03
2.700239e-03
2.737218e-03
2.774286e-03
2.811384e-03
2.848464e-03
2.885545e-03
2.922654e-03
2.959773e-03
2.996956e-03
3.034185e-03
3.071426e-03
3.108658e-03
3.145912e-03
3.183198e-03
3.220536e-03
3.257870e-03
3.295200e-03
3.332536e-03
3.369894e-03
3.407260e-03
3.444668e-03
3.482147e-03
3.519673e-03
3.557183e-03
3.594705e-03
3.632233e-03
3.669785e-03
3.707361e-03
3.744979e-03
3.782656e-03
3.820390e-03
3.858179e-03
3.895974e-03
3.933780e-03
3.971613e-03
4.009467e-03
4.047361e-03
4.085306e-03
4.123305e-03
4.161376e-03
4.199514e-03
4.237739e-03
4.276041e-03
4.314375e-03
4.352763e-03
4.391183e-03
4.429648e-03
4.468167e-03
4.506740e-03
4.545383e-03
4.584094e-03
4.622892e-03
4.661770e-03
4.700738e-03
4.739795e-03
4.778951e-03
4.818211e-03
4.857580e-03
4.897008e-03
4.936562e-03
4.976227e-03
5.016040e-03
5.055974e-03
5.096068e-03
5.136308e-03
5.176716e-03
5.217294e-03
5.258054e-03
5.298898e-03
5.339959e-03
5.381206e-03
5.422705e-03
5.464406e-03
5.506366e-03
5.548551e-03
5.590969e-03
5.633478e-03
5.676268e-03
5.719278e-03
5.762600e-03
5.806189e-03
5.850104e-03
5.894337e-03
5.938919e-03
5.983870e-03
6.028940e-03
6.074401e-03
6.120168e-03
6.166087e-03
6.212199e-03
6.258463e-03
6.304919e-03
6.351502e-03
6.398256e-03
6.445149e-03
6.491984e-03
6.538814e-03
6.585634e-03
6.632479e-03
6.679338e-03
6.726244e-03
6.773153e-03
6.820047e-03
6.866960e-03
6.913930e-03
6.960908e-03
7.007964e-03
7.055056e-03
7.102123e-03
7.149236e-03
7.196399e-03
7.243601e-03
7.290889e-03
7.338237e-03
7.385648e-03
7.433130e-03
7.480701e-03
7.528326e-03
7.576025e-03
7.623137e-03
7.669844e-03
7.716377e-03
7.762280e-03
7.808021e-03
7.853451e-03
7.898491e-03
7.943181e-03
7.987737e-03
8.031940e-03
8.075857e-03
8.119650e-03
8.163144e-03
8.206395e-03
8.249546e-03
8.292281e-03
8.334891e-03
8.377372e-03
8.419548e-03
8.461617e-03
8.503582e-03
8.545372e-03
8.587083e-03
8.628679e-03
8.669252e-03
8.706468e-03
8.741308e-03
8.773898e-03
8.805315e-03
8.835546e-03
8.864884e-03
8.893307e-03
8.920886e-03
8.946898e-03
8.971827e-03
8.996430e-03
9.020817e-03
9.045332e-03
9.069907e-03
9.094568e-03
9.119303e-03
9.144121e-03
9.168967e-03
9.193842e-03
9.218700e-03
9.243555e-03
9.268350e-03
9.293118e-03
9.317810e-03
9.342458e-03
9.367021e-03
9.391529e-03
9.415947e-03
9.440305e-03
9.464574e-03
9.488781e-03
9.512901e-03
9.536961e-03
9.560939e-03
9.584860e-03
9.608706e-03
9.632499e-03
9.656225e-03
9.679906e-03
9.703527e-03
9.727110e-03
9.750645e-03
9.774149e-03
9.797614e-03
9.821059e-03
9.844476e-03
9.867882e-03
9.891272e-03
9.914659e-03
9.938038e-03
9.961422e-03
9.984809e-03
1.000821e-02
1.003163e-02
1.005506e-02
1.007853e-02
1.010202e-02
1.012555e-02
1.014912e-02
1.017273e-02
1.019639e-02
1.022009e-02
1.024385e-02
1.026766e-02
1.029153e-02
1.031545e-02
1.033943e-02
1.036348e-02
1.038759e-02
1.041176e-02
1.043599e-02
1.046030e-02
1.048467e-02
1.050911e-02
1.053362e-02
1.055820e-02
1.058286e-02
1.060759e-02
1.063240e-02
1.065729e-02
1.068226e-02
1.070731e-02
1.073245e-02
1.075767e-02
1.078299e-02
1.080840e-02
1.083390e-02
1.085950e-02
1.088519e-02
1.091099e-02
1.093689e-02
1.096290e-02
1.098901e-02
1.101524e-02
1.104158e-02
1.106804e-02
1.109461e-02
1.112130e-02
1.114812e-02
1.117506e-02
1.120212e-02
1.122932e-02
1.125664e-02
1.128409e-02
1.131168e-02
1.133940e-02
1.136725e-02
1.139524e-02
1.142336e-02
1.145162e-02
1.148002e-02
1.150855e-02
1.153722e-02
1.156603e-02
1.159497e-02
1.162404e-02
1.165326e-02
1.168261e-02
1.171209e-02
1.174170e-02
1.177145e-02
1.180133e-02
1.183133e-02
1.186147e-02
1.189174e-02
1.192214e-02
1.195266e-02
1.198331e-02
1.201409e-02
1.204500e-02
1.207603e-02
1.210718e-02
1.213846e-02
1.216986e-02
1.220139e-02
1.223304e-02
1.226480e-02
1.229669e-02
1.232870e-02
1.236082e-02
1.239306e-02
1.242541e-02
1.245788e-02
1.249046e-02
1.252316e-02
1.255596e-02
1.258887e-02
1.262189e-02
1.265502e-02
1.268826e-02
1.272160e-02
1.275504e-02
1.278858e-02
1.282222e-02
1.285596e-02
1.288979e-02
1.292372e-02
1.295774e-02
1.299186e-02
1.302606e-02
1.306034e-02
1.309471e-02
1.312916e-02
1.316369e-02
1.319830e-02
1.323299e-02
1.326774e-02
1.330257e-02
1.333746e-02
1.337241e-02
1.340743e-02
1.344251e-02
1.347765e-02
1.351284e-02
1.354808e-02
1.358337e-02
1.361871e-02
1.365409e-02
1.368952e-02
1.372498e-02
1.376049e-02
1.379603e-02
1.383160e-02
1.386720e-02
1.390283e-02
1.393848e-02
1.397416e-02
1.400986e-02
1.404558e-02
1.408132e-02
1.411708e-02
1.415284e-02
1.418863e-02
1.422442e-02
1.426022e-02
1.429602e-02
1.433183e-02
1.436765e-02
1.440346e-02
1.443928e-02
1.447510e-02
1.451091e-02
1.454671e-02
1.458252e-02
1.461831e-02
1.465409e-02
1.468987e-02
1.472563e-02
1.476138e-02
1.479712e-02
1.483285e-02
1.487136e-02
1.490987e-02
1.494836e-02
1.498684e-02
1.502529e-02
1.506372e-02
1.510212e-02
1.514050e-02
1.517885e-02
1.521717e-02
1.525546e-02
1.529371e-02
1.533194e-02
1.537013e-02
1.540829e-02
1.544641e-02
1.548451e-02
1.552257e-02
1.556060e-02
1.559859e-02
1.563656e-02
1.567449e-02
1.571239e-02
1.575026e-02
1.578811e-02
1.582591e-02
1.586369e-02
1.590144e-02
1.593914e-02
1.597682e-02
1.601447e-02
1.605210e-02
1.608970e-02
1.612729e-02
1.616485e-02
1.620238e-02
1.623990e-02
1.627739e-02
1.631486e-02
1.635231e-02
1.638974e-02
1.642715e-02
1.646455e-02
1.650192e-02
1.653928e-02
1.657662e-02
1.661394e-02
1.665125e-02
1.668855e-02
1.672583e-02
1.676310e-02
1.680035e-02
1.683760e-02
1.687483e-02
1.691206e-02
1.694927e-02
1.698648e-02
1.702368e-02
1.706087e-02
1.709806e-02
1.713525e-02
1.717243e-02
1.720961e-02
1.724679e-02
1.728397e-02
1.732115e-02
1.735833e-02
1.739551e-02
1.743269e-02
1.746987e-02
1.750705e-02
1.754423e-02
1.758141e-02
1.761860e-02
1.765578e-02
1.769296e-02
1.773014e-02
1.776732e-02
1.780449e-02
1.784167e-02
1.787882e-02
1.791598e-02
1.795311e-02
1.799024e-02
1.802734e-02
1.806443e-02
1.810148e-02
1.813852e-02
1.817550e-02
1.821246e-02
1.824937e-02
1.828624e-02
1.832304e-02
1.835980e-02
1.839648e-02
1.843311e-02
1.846926e-02
1.850522e-02
1.854115e-02
1.857705e-02
1.861283e-02
1.864838e-02
1.868398e-02
1.871955e-02
1.875506e-02
1.879055e-02
1.882595e-02
1.886046e-02
1.889391e-02
1.892645e-02
1.895808e-02
1.898887e-02
1.901888e-02
1.904812e-02
1.907637e-02
1.910394e-02
1.913106e-02
1.915785e-02
1.918424e-02
1.921031e-02
1.923616e-02
1.926185e-02
1.928733e-02
1.931260e-02
1.933774e-02
1.936276e-02
1.938768e-02
1.941244e-02
1.943709e-02
1.946163e-02
1.948610e-02
1.951049e-02
1.953476e-02
1.955894e-02
1.958306e-02
1.960710e-02
1.963111e-02
1.965503e-02
1.967888e-02
1.970266e-02
1.972640e-02
1.975010e-02
1.977377e-02
1.979743e-02
1.982109e-02
1.984470e-02
1.986828e-02
1.989182e-02
1.991535e-02
1.993886e-02
1.996238e-02
1.998591e-02
2.000947e-02
2.003303e-02
2.005658e-02
2.008012e-02
2.010368e-02
2.012724e-02
2.015085e-02
2.017448e-02
2.019817e-02
2.022191e-02
2.024569e-02
2.026948e-02
2.029331e-02
2.031718e-02
2.034111e-02
2.036509e-02
2.038915e-02
2.041329e-02
2.043751e-02
2.046180e-02
2.048615e-02
2.051056e-02
2.053503e-02
2.055957e-02
2.058420e-02
2.060890e-02
2.063371e-02
2.065860e-02
2.068360e-02
2.070867e-02
2.073381e-02
2.075900e-02
2.078426e-02
2.080959e-02
2.083501e-02
2.086050e-02
2.088608e-02
2.091176e-02
2.093753e-02
2.096334e-02
2.098921e-02
2.101514e-02
2.104112e-02
2.106718e-02
2.109330e-02
2.111950e-02
2.114578e-02
2.117215e-02
2.119860e-02
2.122508e-02
2.125161e-02
2.127818e-02
2.130481e-02
2.133150e-02
2.135826e-02
2.138508e-02
2.141199e-02
2.143898e-02
2.146602e-02
2.149309e-02
2.152020e-02
2.154736e-02
2.157457e-02
2.160184e-02
2.162919e-02
2.165660e-02
2.168410e-02
2.171163e-02
2.173919e-02
2.176678e-02
2.179442e-02
2.182211e-02
2.184987e-02
2.187769e-02
2.190559e-02
2.193358e-02
2.196161e-02
2.198967e-02
2.201778e-02
2.204592e-02
2.207413e-02
2.210241e-02
2.213076e-02
2.215918e-02
2.218770e-02
2.221628e-02
2.224489e-02
2.227354e-02
2.230224e-02
2.233099e-02
2.235981e-02
2.238870e-02
2.241768e-02
2.244675e-02
2.247588e-02
2.250505e-02
2.253427e-02
2.256353e-02
2.259286e-02
2.262225e-02
2.265173e-02
2.268128e-02
2.271094e-02
2.274069e-02
2.277049e-02
2.280032e-02
2.283020e-02
2.286014e-02
2.289014e-02
2.292022e-02
2.295038e-02
2.298063e-02
2.301098e-02
2.304139e-02
2.307185e-02
2.310235e-02
2.313291e-02
2.316354e-02
2.319424e-02
2.322501e-02
2.325587e-02
2.328682e-02
2.331786e-02
2.334895e-02
2.338007e-02
2.341124e-02
2.344247e-02
2.347376e-02
2.350512e-02
2.353655e-02
2.356807e-02
2.359968e-02
2.363139e-02
2.366313e-02
2.369491e-02
2.372673e-02
2.375860e-02
2.379052e-02
2.382250e-02
2.385456e-02
2.388669e-02
2.391891e-02
2.395122e-02
2.398355e-02
2.401592e-02
2.404833e-02
2.408079e-02
2.411331e-02
2.414590e-02
2.417854e-02
2.421125e-02
2.424404e-02
2.427691e-02
2.430982e-02
2.434276e-02
2.437574e-02
2.440876e-02
2.444183e-02
2.447497e-02
2.450816e-02
2.454144e-02
2.457479e-02
2.460821e-02
2.464169e-02
2.467520e-02
2.470875e-02
2.474235e-02
2.477599e-02
2.480968e-02
2.484343e-02
2.487725e-02
2.491113e-02
2.494510e-02
2.497915e-02
2.501323e-02
2.504735e-02
2.508152e-02
2.511573e-02
2.515000e-02
2.518434e-02
2.521875e-02
2.525321e-02
2.528775e-02
2.532236e-02
2.535706e-02
2.539181e-02
2.542659e-02
2.546142e-02
2.549629e-02
2.553122e-02
2.556622e-02
2.560128e-02
2.563642e-02
2.567164e-02
2.570694e-02
2.574232e-02
2.577775e-02
2.581321e-02
2.584874e-02
2.588432e-02
2.591995e-02
2.595565e-02
2.599140e-02
2.602723e-02
2.606312e-02
2.609909e-02
2.613515e-02
2.617128e-02
2.620745e-02
2.624367e-02
2.627993e-02
2.631625e-02
2.635263e-02
2.638907e-02
2.642559e-02
2.646218e-02
2.649883e-02
2.653555e-02
2.657234e-02
2.660921e-02
2.664612e-02
2.668308e-02
2.672008e-02
2.675713e-02
2.679423e-02
2.683139e-02
2.686862e-02
2.690591e-02
2.694327e-02
2.698071e-02
2.701823e-02
2.705579e-02
2.709339e-02
2.713103e-02
2.716873e-02
2.720648e-02
2.724429e-02
2.728215e-02
2.732007e-02
2.735804e-02
2.739607e-02
2.743417e-02
2.747234e-02
2.751058e-02
2.754887e-02
2.758719e-02
2.762556e-02
2.766397e-02
2.770242e-02
2.774093e-02
2.777950e-02
2.781813e-02
2.785682e-02
2.789557e-02
2.793438e-02
2.797324e-02
2.801217e-02
2.805114e-02
2.809016e-02
2.812923e-02
2.816833e-02
2.820748e-02
2.824667e-02
2.828591e-02
2.832520e-02
2.836455e-02
2.840396e-02
2.844343e-02
2.848297e-02
2.852257e-02
2.856221e-02
2.860188e-02
2.864159e-02
2.868134e-02
2.872114e-02
2.876100e-02
2.880091e-02
2.884086e-02
2.888085e-02
2.892090e-02
2.896100e-02
2.900116e-02
2.904138e-02
2.908166e-02
2.912201e-02
2.916239e-02
2.920281e-02
2.924326e-02
2.928376e-02
2.932249e-02
2.936148e-02
2.940123e-02
2.944172e-02
2.948248e-02
2.952330e-02
2.956417e-02
2.960510e-02
2.964608e-02
2.968713e-02
2.972823e-02
2.976897e-02
2.981017e-02
2.985141e-02
2.989271e-02
2.993404e-02
2.997542e-02
3.001685e-02
3.005730e-02
3.009823e-02
3.013977e-02
3.018142e-02
3.022314e-02
3.026492e-02
3.030677e-02
3.034781e-02
3.038915e-02
3.043092e-02
3.047294e-02
3.051501e-02
3.055713e-02
3.059929e-02
3.064151e-02
3.068379e-02
3.072612e-02
3.076850e-02
3.081092e-02
3.085340e-02
3.089246e-02
3.093074e-02
3.096818e-02
3.100490e-02
3.104103e-02
3.107662e-02
3.111204e-02
3.114728e-02
3.118250e-02
3.121746e-02
3.125228e-02
3.128682e-02
3.132114e-02
3.135531e-02
3.138941e-02
3.142325e-02
3.145688e-02
3.149007e-02
3.152325e-02
3.155616e-02
3.158925e-02
3.162220e-02
3.165543e-02
3.168857e-02
3.172210e-02
3.175555e-02
3.178953e-02
3.182342e-02
3.185739e-02
3.189161e-02
3.192559e-02
3.195998e-02
3.199403e-02
3.202852e-02
3.206263e-02
3.209724e-02
3.213141e-02
3.216616e-02
3.220036e-02
3.223514e-02
3.226929e-02
3.230398e-02
3.233800e-02
3.237254e-02
3.240640e-02
3.244071e-02
3.247189e-02
3.250602e-02
3.253951e-02
3.257348e-02
3.260481e-02
3.263870e-02
3.266985e-02
3.270352e-02
3.273460e-02
3.276651e-02
3.279791e-02
3.282933e-02
3.286091e-02
3.289246e-02
3.292387e-02
3.295574e-02
3.298797e-02
3.302017e-02
3.305125e-02
3.308519e-02
3.311646e-02
3.315043e-02
3.318197e-02
3.321560e-02
3.324794e-02
3.328125e-02
3.331351e-02
3.334654e-02
3.337960e-02
3.341243e-02
3.344523e-02
3.347792e-02
3.351060e-02
3.354276e-02
3.357529e-02
3.360769e-02
3.364001e-02
3.367221e-02
3.370439e-02
3.373650e-02
3.376864e-02
3.380074e-02
3.383303e-02
3.386551e-02
3.389856e-02
3.393175e-02
3.396383e-02
3.399642e-02
3.402861e-02
3.406188e-02
3.409426e-02
3.412932e-02
3.416201e-02
3.419685e-02
3.423041e-02
3.426403e-02
3.429715e-02
3.433127e-02
3.436551e-02
3.440078e-02
3.443605e-02
3.447174e-02
3.450746e-02
3.454321e-02
3.457737e-02
3.461316e-02
3.464742e-02
3.468167e-02
3.471610e-02
3.475074e-02
3.478572e-02
3.482121e-02
3.485635e-02
3.489152e-02
3.492669e-02
3.496177e-02
3.499653e-02
3.503203e-02
3.506590e-02
3.510044e-02
3.513498e-02
3.516996e-02
3.520489e-02
3.524046e-02
3.527576e-02
3.531172e-02
3.534732e-02
3.538348e-02
3.541909e-02
3.545517e-02
3.549052e-02
3.552630e-02
3.556145e-02
3.559777e-02
3.563263e-02
3.566813e-02
3.570368e-02
3.573950e-02
3.577563e-02
3.581216e-02
3.584677e-02
3.588338e-02
3.591799e-02
3.595472e-02
3.598940e-02
3.602624e-02
3.606145e-02
3.609839e-02
3.613524e-02
3.617215e-02
3.620867e-02
3.624567e-02
3.628208e-02
3.631889e-02
3.635510e-02
3.639163e-02
3.642740e-02
3.646487e-02
3.650240e-02
3.653997e-02
3.657760e-02
3.661529e-02
3.665304e-02
3.669074e-02
3.672827e-02
3.676587e-02
3.680366e-02
3.684157e-02
3.687968e-02
3.691769e-02
3.695540e-02
3.699291e-02
3.703019e-02
3.706860e-02
3.710568e-02
3.714422e-02
3.718120e-02
3.721985e-02
3.725854e-02
3.729730e-02
3.733605e-02
3.737432e-02
3.741234e-02
3.744999e-02
3.748745e-02
3.752463e-02
3.756171e-02
3.759859e-02
3.763790e-02
3.767727e-02
3.771670e-02
3.775602e-02
3.779536e-02
3.783476e-02
3.787429e-02
3.791402e-02
3.795385e-02
3.799322e-02
3.803261e-02
3.807208e-02
3.811168e-02
3.815149e-02
3.819132e-02
3.823071e-02
3.827001e-02
3.830912e-02
3.834795e-02
3.838662e-02
3.842507e-02
3.846339e-02
3.850155e-02
3.853962e-02
3.857760e-02
3.861553e-02
3.865491e-02
3.869429e-02
3.873371e-02
3.877325e-02
3.881298e-02
3.885299e-02
3.889235e-02
3.893173e-02
3.897118e-02
3.901078e-02
3.905063e-02
3.909081e-02
3.913017e-02
3.916958e-02
3.920910e-02
3.924880e-02
3.928881e-02
3.932821e-02
3.936763e-02
3.940713e-02
3.944658e-02
3.948594e-02
3.952520e-02
3.956441e-02
3.960357e-02
3.964319e-02
3.968299e-02
3.972305e-02
3.976349e-02
3.980307e-02
3.984273e-02
3.988250e-02
3.992248e-02
3.996273e-02
4.000241e-02
4.004212e-02
4.008190e-02
4.012182e-02
4.016194e-02
4.020235e-02
4.024215e-02
4.028198e-02
4.032189e-02
4.036193e-02
4.040218e-02
4.044272e-02
4.048263e-02
4.052258e-02
4.056261e-02
4.060276e-02
4.064313e-02
4.068378e-02
4.072460e-02
4.076466e-02
4.080480e-02
4.084507e-02
4.088554e-02
4.092630e-02
4.096746e-02
4.100763e-02
4.104788e-02
4.108825e-02
4.112883e-02
4.116968e-02
4.121093e-02
4.125121e-02
4.129156e-02
4.133203e-02
4.137270e-02
4.141364e-02
4.145497e-02
4.149535e-02
4.153578e-02
4.157633e-02
4.161708e-02
4.165809e-02
4.169949e-02
4.173995e-02
4.178046e-02
4.182109e-02
4.186191e-02
4.190298e-02
4.194443e-02
4.198496e-02
4.202555e-02
4.206624e-02
4.210712e-02
4.214824e-02
4.218975e-02
4.223035e-02
4.227100e-02
4.231175e-02
4.235269e-02
4.239387e-02
4.243542e-02
4.247609e-02
4.251681e-02
4.255763e-02
4.259863e-02
4.263987e-02
4.268147e-02
4.272222e-02
4.276301e-02
4.280390e-02
4.284497e-02
4.288627e-02
4.292793e-02
4.296876e-02
4.300963e-02
4.305060e-02
4.309174e-02
4.313311e-02
4.317482e-02
4.321574e-02
4.325669e-02
4.329773e-02
4.333892e-02
4.338034e-02
4.342208e-02
4.346306e-02
4.350408e-02
4.354519e-02
4.358644e-02
4.362791e-02
4.366970e-02
4.371074e-02
4.375181e-02
4.379296e-02
4.383426e-02
4.387576e-02
4.391757e-02
4.395976e-02
4.400087e-02
4.404205e-02
4.408337e-02
4.412490e-02
4.416674e-02
4.420782e-02
4.424893e-02
4.429014e-02
4.433150e-02
4.437309e-02
4.441500e-02
4.445608e-02
4.449721e-02
4.453845e-02
4.457986e-02
4.462152e-02
4.466354e-02
4.470461e-02
4.474575e-02
4.478702e-02
4.482849e-02
4.487024e-02
4.491123e-02
4.495228e-02
4.499343e-02
4.503474e-02
4.507631e-02
4.511822e-02
4.515917e-02
4.520021e-02
4.524139e-02
4.528280e-02
4.532455e-02
4.536540e-02
4.540633e-02
4.544739e-02
4.548867e-02
4.553029e-02
4.557108e-02
4.561195e-02
4.565298e-02
4.569425e-02
4.573591e-02
4.577749e-02
4.581926e-02
4.586110e-02
4.590332e-02
4.594574e-02
4.598873e-02
4.603210e-02
4.607622e-02
4.612081e-02
4.616631e-02
4.621232e-02
4.625840e-02
4.630450e-02
4.635059e-02
4.639670e-02
4.644152e-02
4.648665e-02
4.653189e-02
4.657738e-02
4.662310e-02
4.666909e-02
4.671524e-02
4.676138e-02
4.680753e-02
4.685368e-02
4.689984e-02
4.694602e-02
4.699220e-02
4.703839e-02
4.708457e-02
4.713075e-02
4.717601e-02
4.722120e-02
4.726701e-02
4.731286e-02
4.735913e-02
4.740542e-02
4.745171e-02
4.749803e-02
4.754435e-02
4.759069e-02
4.763705e-02
4.768345e-02
4.772989e-02
4.777635e-02
4.782205e-02
4.786855e-02
4.791439e-02
4.796094e-02
4.800692e-02
4.805355e-02
4.809966e-02
4.814636e-02
4.819260e-02
4.823935e-02
4.828613e-02
4.833295e-02
4.837981e-02
4.842672e-02
4.847366e-02
4.852066e-02
4.856768e-02
4.861477e-02
4.866189e-02
4.870906e-02
4.875628e-02
4.880356e-02
4.885086e-02
4.889824e-02
4.894564e-02
4.899310e-02
4.904060e-02
4.908816e-02
4.913575e-02
4.918341e-02
4.923110e-02
4.927886e-02
4.932664e-02
4.937451e-02
4.942239e-02
4.947035e-02
4.951835e-02
4.956641e-02
4.961450e-02
4.966266e-02
4.971085e-02
4.975911e-02
4.980688e-02
4.985524e-02
4.990362e-02
4.995208e-02
5.000058e-02
5.004913e-02
5.009771e-02
5.014635e-02
5.019502e-02
5.024377e-02
5.029253e-02
5.034136e-02
5.039022e-02
5.043914e-02
5.048809e-02
5.053709e-02
5.058556e-02
5.063465e-02
5.068375e-02
5.073292e-02
5.078110e-02
5.083034e-02
5.087960e-02
5.092892e-02
5.097825e-02
5.102763e-02
5.107704e-02
5.112649e-02
5.117597e-02
5.122550e-02
5.127504e-02
5.132464e-02
5.137426e-02
5.142392e-02
5.147361e-02
5.152334e-02
5.157311e-02
5.162291e-02
5.167273e-02
5.172260e-02
5.177249e-02
5.182243e-02
5.187169e-02
5.192170e-02
5.197103e-02
5.202111e-02
5.207049e-02
5.212064e-02
5.217008e-02
5.222030e-02
5.226979e-02
5.232006e-02
5.236960e-02
5.241954e-02
5.246913e-02
5.251911e-02
5.256875e-02
5.261924e-02
5.266977e-02
5.272033e-02
5.277091e-02
5.282153e-02
5.287217e-02
5.292285e-02
5.297356e-02
5.302431e-02
5.307416e-02
5.312498e-02
5.317581e-02
5.322669e-02
5.327758e-02
5.332852e-02
5.337857e-02
5.342942e-02
5.347951e-02
5.353057e-02
5.358165e-02
5.363277e-02
5.368391e-02
5.373509e-02
5.378629e-02
5.383753e-02
5.388879e-02
5.394009e-02
5.399141e-02
5.404277e-02
5.409413e-02
5.414554e-02
5.419697e-02
5.424843e-02
5.429992e-02
5.435144e-02
5.440184e-02
5.445340e-02
5.450385e-02
5.455546e-02
5.460596e-02
5.465762e-02
5.470931e-02
5.476102e-02
5.481275e-02
5.486450e-02
5.491627e-02
5.496807e-02
5.501988e-02
5.507172e-02
5.512266e-02
5.517357e-02
5.522441e-02
5.527522e-02
5.532598e-02
5.537671e-02
5.542739e-02
5.547806e-02
5.552893e-02
5.558012e-02
5.563173e-02
5.568379e-02
5.573587e-02
5.578798e-02
5.583928e-02
5.589142e-02
5.594358e-02
5.599577e-02
5.604797e-02
5.610021e-02
5.615156e-02
5.620385e-02
5.625615e-02
5.630848e-02
5.636002e-02
5.641240e-02
5.646398e-02
5.651641e-02
5.656888e-02
5.662136e-02
5.667216e-02
5.672301e-02
5.677384e-02
5.682471e-02
5.687557e-02
5.692647e-02
5.697736e-02
5.702830e-02
5.707953e-02
5.713121e-02
5.718334e-02
5.723622e-02
5.728914e-02
5.734213e-02
5.739515e-02
5.744827e-02
5.750145e-02
5.755472e-02
5.760805e-02
5.766147e-02
5.771495e-02
5.776854e-02
5.782219e-02
5.787596e-02
5.792981e-02
5.798375e-02
5.803779e-02
5.809193e-02
5.814336e-02
5.819488e-02
5.824643e-02
5.829805e-02
5.834981e-02
5.840192e-02
5.845459e-02
5.850805e-02
5.856243e-02
5.861734e-02
5.867123e-02
5.872619e-02
5.878117e-02
5.883617e-02
5.889120e-02
5.894625e-02
5.900132e-02
5.905642e-02
5.911155e-02
5.916670e-02
5.922189e-02
5.927383e-02
5.932586e-02
5.937802e-02
5.943025e-02
5.948259e-02
5.953539e-02
5.958887e-02
5.964181e-02
5.969571e-02
5.974867e-02
5.980259e-02
5.985557e-02
5.990951e-02
5.996250e-02
6.001646e-02
6.006947e-02
6.012364e-02
6.017991e-02
6.023621e-02
6.028849e-02
6.034098e-02
6.039354e-02
6.044626e-02
6.049893e-02
6.055066e-02
6.060297e-02
6.065541e-02
6.070673e-02
6.075900e-02
6.081044e-02
6.086228e-02
6.091510e-02
6.096764e-02
6.102054e-02
6.107329e-02
6.112598e-02
6.117887e-02
6.123154e-02
6.128425e-02
6.133782e-02
6.138986e-02
6.144361e-02
6.149679e-02
6.155072e-02
6.160335e-02
6.165735e-02
6.171065e-02
6.176464e-02
6.181799e-02
6.187201e-02
6.192542e-02
6.197959e-02
6.203307e-02
6.208739e-02
6.214093e-02
6.219463e-02
6.224822e-02
6.230282e-02
6.235650e-02
6.241125e-02
6.246499e-02
6.251993e-02
6.257373e-02
6.262891e-02
6.268279e-02
6.273824e-02
6.279219e-02
6.284786e-02
6.290174e-02
6.295570e-02
6.300968e-02
6.306395e-02
6.311812e-02
6.317278e-02
6.322705e-02
6.328204e-02
6.333641e-02
6.339153e-02
6.344600e-02
6.350059e-02
6.355489e-02
6.360944e-02
6.366410e-02
6.371908e-02
6.377390e-02
6.382925e-02
6.388422e-02
6.393977e-02
6.399490e-02
6.405073e-02
6.410603e-02
6.416224e-02
6.421772e-02
6.427439e-02
6.433009e-02
6.438820e-02
6.444158e-02
6.449515e-02
6.454878e-02
6.460278e-02
6.465694e-02
6.471142e-02
6.476605e-02
6.482089e-02
6.487580e-02
6.493062e-02
6.498540e-02
6.504003e-02
6.509452e-02
6.514884e-02
6.520303e-02
6.525703e-02
6.531097e-02
6.536469e-02
6.541841e-02
6.547192e-02
6.552524e-02
6.557811e-02
6.563058e-02
6.568269e-02
6.573450e-02
6.578606e-02
6.583742e-02
6.588865e-02
6.593972e-02
6.599071e-02
6.604154e-02
6.609219e-02
6.614273e-02
6.619317e-02
6.624353e-02
6.629386e-02
6.634411e-02
6.639435e-02
6.644458e-02
6.649480e-02
6.654503e-02
6.659530e-02
6.664562e-02
6.669603e-02
6.674649e-02
6.679701e-02
6.684758e-02
6.689807e-02
6.694831e-02
6.699822e-02
6.704752e-02
6.709631e-02
6.714483e-02
6.719275e-02
6.724028e-02
6.728758e-02
6.733444e-02
6.738088e-02
6.742707e-02
6.747280e-02
6.751814e-02
6.756295e-02
6.760751e-02
6.765165e-02
6.769548e-02
6.773896e-02
6.778213e-02
6.782492e-02
6.786740e-02
6.790960e-02
6.795171e-02
6.799363e-02
6.803543e-02
6.807703e-02
6.811864e-02
6.816027e-02
6.820193e-02
6.824360e-02
6.828528e-02
6.832705e-02
6.836880e-02
6.841067e-02
6.845262e-02
6.849472e-02
6.853699e-02
6.857946e-02
6.862217e-02
6.866513e-02
6.870815e-02
6.875151e-02
6.879500e-02
6.883843e-02
6.888184e-02
6.892522e-02
6.896864e-02
6.901230e-02
6.905598e-02
6.909976e-02
6.914353e-02
6.918736e-02
6.923122e-02
6.927510e-02
6.931908e-02
6.936314e-02
6.940719e-02
6.945139e-02
6.949557e-02
6.953982e-02
6.958409e-02
6.962841e-02
6.967267e-02
6.971686e-02
6.976098e-02
6.980515e-02
6.984929e-02
6.989341e-02
6.993751e-02
6.998159e-02
7.002572e-02
7.006989e-02
7.011409e-02
7.015830e-02
7.020268e-02
7.024708e-02
7.029153e-02
7.033605e-02
7.038058e-02
7.042519e-02
7.046981e-02
7.051448e-02
7.055923e-02
7.060404e-02
7.064890e-02
7.069383e-02
7.073882e-02
7.078389e-02
7.082906e-02
7.087428e-02
7.091959e-02
7.096498e-02
7.101044e-02
7.105599e-02
7.110164e-02
7.114738e-02
7.119321e-02
7.123914e-02
7.128516e-02
7.133125e-02
7.137744e-02
7.142372e-02
7.147009e-02
7.151660e-02
7.156317e-02
7.161058e-02
7.165807e-02
7.170568e-02
7.175338e-02
7.180118e-02
7.184908e-02
7.189710e-02
7.194523e-02
7.199342e-02
7.204171e-02
7.209009e-02
7.213856e-02
7.218713e-02
7.223579e-02
7.228453e-02
7.233337e-02
7.238228e-02
7.243125e-02
7.248029e-02
7.252940e-02
7.257858e-02
7.262783e-02
7.267714e-02
7.272651e-02
7.277591e-02
7.282556e-02
7.287527e-02
7.292495e-02
7.297473e-02
7.302455e-02
7.307443e-02
7.312438e-02
7.317435e-02
7.322437e-02
7.327445e-02
7.332455e-02
7.337473e-02
7.342497e-02
7.347525e-02
7.352561e-02
7.357601e-02
7.362643e-02
7.367670e-02
7.372722e-02
7.377783e-02
7.382849e-02
7.387869e-02
7.392945e-02
7.397965e-02
7.403046e-02
7.408135e-02
7.413224e-02
7.418321e-02
7.423425e-02
7.428440e-02
7.433553e-02
7.438570e-02
7.443691e-02
7.448819e-02
7.453943e-02
7.459082e-02
7.464197e-02
7.469348e-02
7.474466e-02
7.479631e-02
7.484742e-02
7.489921e-02
7.495037e-02
7.500229e-02
7.505342e-02
7.510357e-02
7.515466e-02
7.520482e-02
7.525595e-02
7.530613e-02
7.535733e-02
7.540753e-02
7.545869e-02
7.551108e-02
7.556219e-02
7.561452e-02
7.566559e-02
7.571788e-02
7.576893e-02
7.582122e-02
7.587225e-02
7.592451e-02
7.597550e-02
7.602761e-02
7.607853e-02
7.613058e-02
7.618140e-02
7.623339e-02
7.628403e-02
7.633596e-02
7.638634e-02
7.643797e-02
7.648803e-02
7.653929e-02
7.658898e-02
7.663983e-02
7.668914e-02
7.673954e-02
7.678846e-02
7.683841e-02
7.688696e-02
7.693649e-02
7.698469e-02
7.703384e-02
7.708171e-02
7.713056e-02
7.717822e-02
7.722687e-02
7.727436e-02
7.732284e-02
7.737021e-02
7.741855e-02
7.746582e-02
7.751407e-02
7.756128e-02
7.760947e-02
7.765666e-02
7.770484e-02
7.775203e-02
7.780025e-02
7.784747e-02
7.789575e-02
7.794304e-02
7.799140e-02
7.803877e-02
7.808723e-02
7.813470e-02
7.818328e-02
7.823088e-02
7.827954e-02
7.832718e-02
7.837588e-02
7.842356e-02
7.847232e-02
7.852005e-02
7.856888e-02
7.861669e-02
7.866561e-02
7.871350e-02
7.876253e-02
7.881052e-02
7.885965e-02
7.890773e-02
7.895696e-02
7.900512e-02
7.905445e-02
7.910267e-02
7.915207e-02
7.920035e-02
7.924983e-02
7.929816e-02
7.934768e-02
7.939605e-02
7.944561e-02
7.949399e-02
7.954356e-02
7.959194e-02
7.964150e-02
7.968986e-02
7.973940e-02
7.978773e-02
7.983723e-02
7.988551e-02
7.993496e-02
7.998317e-02
8.003256e-02
8.008070e-02
8.013001e-02
8.017808e-02
8.022732e-02
8.027532e-02
8.032449e-02
8.037242e-02
8.042152e-02
8.046938e-02
8.051841e-02
8.056621e-02
8.061518e-02
8.066293e-02
8.071185e-02
8.075955e-02
8.080841e-02
8.085606e-02
8.090487e-02
8.095245e-02
8.100119e-02
8.104870e-02
8.109736e-02
8.114478e-02
8.119333e-02
8.124064e-02
8.128908e-02
8.133628e-02
8.138458e-02
8.143165e-02
8.147981e-02
8.152674e-02
8.157475e-02
8.162154e-02
8.166938e-02
8.171601e-02
8.176367e-02
8.181014e-02
8.185763e-02
8.190396e-02
8.195128e-02
8.199747e-02
8.204464e-02
8.209070e-02
8.213773e-02
8.218365e-02
8.223063e-02
8.227656e-02
8.232348e-02
8.236933e-02
8.241615e-02
8.246192e-02
8.250865e-02
8.255435e-02
8.260100e-02
8.264664e-02
8.269323e-02
8.273883e-02
8.278538e-02
8.283095e-02
8.287747e-02
8.292302e-02
8.296953e-02
8.301507e-02
8.306157e-02
8.310712e-02
8.315363e-02
8.319919e-02
8.324571e-02
8.329127e-02
8.333780e-02
8.338338e-02
8.342992e-02
8.347551e-02
8.352208e-02
8.356767e-02
8.361426e-02
8.365987e-02
8.370648e-02
8.375211e-02
8.379874e-02
8.384436e-02
8.389101e-02
8.393662e-02
8.398327e-02
8.402887e-02
8.407551e-02
8.412110e-02
8.416774e-02
8.421332e-02
8.425995e-02
8.430552e-02
8.435215e-02
8.439771e-02
8.444434e-02
8.448991e-02
8.453654e-02
8.458210e-02
8.462873e-02
8.467428e-02
8.472089e-02
8.476643e-02
8.481302e-02
8.485855e-02
8.490510e-02
8.495056e-02
8.499703e-02
8.504242e-02
8.508880e-02
8.513408e-02
8.518041e-02
8.522569e-02
8.527201e-02
8.531728e-02
8.536357e-02
8.540881e-02
8.545505e-02
8.550024e-02
8.554641e-02
8.559154e-02
8.563763e-02
8.568270e-02
8.572878e-02
8.577388e-02
8.582000e-02
8.586516e-02
8.591135e-02
8.595656e-02
8.600277e-02
8.604796e-02
8.609418e-02
8.613942e-02
8.618571e-02
8.623101e-02
8.627739e-02
8.632276e-02
8.636922e-02
8.641467e-02
8.646115e-02
8.650657e-02
8.655308e-02
8.659856e-02
8.664514e-02
8.669070e-02
8.673737e-02
8.678301e-02
8.682976e-02
8.687548e-02
8.692217e-02
8.696787e-02
8.701466e-02
8.706040e-02
8.710725e-02
8.715305e-02
8.719996e-02
8.724582e-02
8.729279e-02
8.733870e-02
8.738572e-02
8.743167e-02
8.747874e-02
8.752474e-02
8.757185e-02
8.761789e-02
8.766504e-02
8.771111e-02
8.775830e-02
8.780441e-02
8.785163e-02
8.789777e-02
8.794503e-02
8.799120e-02
8.803850e-02
8.808470e-02
8.813202e-02
8.817824e-02
8.822559e-02
8.827182e-02
8.831920e-02
8.836546e-02
8.841265e-02
8.845886e-02
8.850619e-02
8.855241e-02
8.859978e-02
8.864604e-02
8.869345e-02
8.873974e-02
8.878720e-02
8.883354e-02
8.888083e-02
8.892711e-02
8.897453e-02
8.902083e-02
8.906827e-02
8.911460e-02
8.916208e-02
8.920844e-02
8.925595e-02
8.930234e-02
8.934988e-02
8.939628e-02
8.944384e-02
8.949026e-02
8.953783e-02
8.958426e-02
8.963183e-02
8.967825e-02
8.972581e-02
8.977223e-02
8.981977e-02
8.986618e-02
8.991369e-02
8.996007e-02
9.000753e-02
9.005385e-02
9.010125e-02
9.014751e-02
9.019484e-02
9.024104e-02
9.028830e-02
9.033445e-02
9.038163e-02
9.042773e-02
9.047487e-02
9.052093e-02
9.056803e-02
9.061408e-02
9.066118e-02
9.070725e-02
9.075436e-02
9.080045e-02
9.084758e-02
9.089371e-02
9.094088e-02
9.098705e-02
9.103426e-02
9.108047e-02
9.112772e-02
9.117398e-02
9.122128e-02
9.126757e-02
9.131491e-02
9.136122e-02
9.140857e-02
9.145488e-02
9.150223e-02
9.154852e-02
9.159586e-02
9.164213e-02
9.168944e-02
9.173568e-02
9.178296e-02
9.182916e-02
9.187639e-02
9.192255e-02
9.196972e-02
9.201582e-02
9.206292e-02
9.210895e-02
9.215598e-02
9.220194e-02
9.224888e-02
9.229477e-02
9.234229e-02
9.238805e-02
9.243486e-02
9.248067e-02
9.252812e-02
9.257385e-02
9.262061e-02
9.266640e-02
9.271380e-02
9.275950e-02
9.280687e-02
9.285257e-02
9.289931e-02
9.294508e-02
9.299247e-02
9.303815e-02
9.308550e-02
9.313119e-02
9.317855e-02
9.322425e-02
9.327164e-02
9.331736e-02
9.336476e-02
9.341048e-02
9.345789e-02
9.350362e-02
9.355102e-02
9.359674e-02
9.364413e-02
9.368983e-02
9.373720e-02
9.378289e-02
9.383023e-02
9.387589e-02
9.392320e-02
9.396883e-02
9.401610e-02
9.406171e-02
9.410895e-02
9.415453e-02
9.420174e-02
9.424730e-02
9.429449e-02
9.434003e-02
9.438720e-02
9.443273e-02
9.447989e-02
9.452542e-02
9.457258e-02
9.461811e-02
9.466528e-02
9.471082e-02
9.475802e-02
9.480358e-02
9.485081e-02
9.489642e-02
9.494370e-02
9.498935e-02
9.503604e-02
9.508180e-02
9.512919e-02
9.517491e-02
9.522166e-02
9.526749e-02
9.531431e-02
9.536017e-02
9.540765e-02
9.545346e-02
9.550033e-02
9.554626e-02
9.559320e-02
9.563915e-02
9.568611e-02
9.573206e-02
9.577901e-02
9.582497e-02
9.587257e-02
9.591848e-02
9.596546e-02
9.601149e-02
9.605917e-02
9.610516e-02
9.615223e-02
9.619833e-02
9.624609e-02
9.629216e-02
9.633993e-02
9.638604e-02
9.643388e-02
9.648004e-02
9.652792e-02
9.657412e-02
9.662203e-02
9.666825e-02
9.671618e-02
9.676243e-02
9.681036e-02
9.685662e-02
9.690455e-02
9.695082e-02
9.699875e-02
9.704502e-02
9.709295e-02
9.713924e-02
9.718718e-02
9.723349e-02
9.728144e-02
9.732776e-02
9.737572e-02
9.742207e-02
9.747005e-02
9.751642e-02
9.756443e-02
9.761082e-02
9.765887e-02
9.770530e-02
9.775339e-02
9.779985e-02
9.784798e-02
9.789448e-02
9.794267e-02
9.798922e-02
9.803746e-02
9.808405e-02
9.813235e-02
9.817898e-02
9.822734e-02
9.827400e-02
9.832240e-02
9.836910e-02
9.841754e-02
9.846426e-02
9.851272e-02
9.855946e-02
9.860794e-02
9.865468e-02
9.870316e-02
9.874990e-02
9.879838e-02
9.884511e-02
9.889356e-02
9.894028e-02
9.898870e-02
9.903540e-02
9.908379e-02
9.913045e-02
9.917880e-02
9.922544e-02
9.927375e-02
9.932035e-02
9.936862e-02
9.941519e-02
9.946341e-02
9.950995e-02
9.955812e-02
9.960464e-02
9.965276e-02
9.969925e-02
9.974733e-02
9.979378e-02
9.984182e-02
9.988825e-02
9.993625e-02
9.998265e-02
1.000306e-01
1.000770e-01
1.001249e-01
1.001712e-01
1.002191e-01
1.002654e-01
1.003133e-01
1.003596e-01
1.004074e-01
1.004537e-01
1.005015e-01
1.005477e-01
1.005955e-01
1.006417e-01
1.006894e-01
1.007356e-01
1.007833e-01
1.008295e-01
1.008772e-01
1.009234e-01
1.009711e-01
1.010173e-01
1.010649e-01
1.011111e-01
1.011588e-01
1.012050e-01
1.012526e-01
1.012988e-01
1.013464e-01
1.013926e-01
1.014402e-01
1.014864e-01
1.015340e-01
1.015801e-01
1.016276e-01
1.016737e-01
1.017212e-01
1.017673e-01
1.018147e-01
1.018607e-01
1.019081e-01
1.019540e-01
1.020013e-01
1.020472e-01
1.020945e-01
1.021403e-01
1.021875e-01
1.022332e-01
1.022803e-01
1.023260e-01
1.023730e-01
1.024187e-01
1.024656e-01
1.025112e-01
1.025581e-01
1.026036e-01
1.026504e-01
1.026958e-01
1.027425e-01
1.027879e-01
1.028344e-01
1.028798e-01
1.029262e-01
1.029715e-01
1.030179e-01
1.030630e-01
1.031093e-01
1.031544e-01
1.032005e-01
1.032455e-01
1.032916e-01
1.033365e-01
1.033824e-01
1.034273e-01
1.034731e-01
1.035178e-01
1.035636e-01
1.036082e-01
1.036538e-01
1.036984e-01
1.037439e-01
1.037884e-01
1.038338e-01
1.038782e-01
1.039236e-01
1.039679e-01
1.040131e-01
1.040574e-01
1.041026e-01
1.041468e-01
1.041919e-01
1.042360e-01
1.042810e-01
1.043251e-01
1.043700e-01
1.044140e-01
1.044588e-01
1.045028e-01
1.045476e-01
1.045914e-01
1.046361e-01
1.046799e-01
1.047246e-01
1.047683e-01
1.048128e-01
1.048565e-01
1.049010e-01
1.049445e-01
1.049889e-01
1.050324e-01
1.050767e-01
1.051201e-01
1.051644e-01
1.052077e-01
1.052518e-01
1.052951e-01
1.053391e-01
1.053822e-01
1.054262e-01
1.054693e-01
1.055131e-01
1.055561e-01
1.055998e-01
1.056427e-01
1.056864e-01
1.057292e-01
1.057727e-01
1.058154e-01
1.058588e-01
1.059014e-01
1.059447e-01
1.059872e-01
1.060304e-01
1.060728e-01
1.061159e-01
1.061583e-01
1.062013e-01
1.062436e-01
1.062866e-01
1.063289e-01
1.063719e-01
1.064142e-01
1.064572e-01
1.064995e-01
1.065426e-01
1.065850e-01
1.066281e-01
1.066705e-01
1.067136e-01
1.067561e-01
1.067994e-01
1.068420e-01
1.068855e-01
1.069283e-01
1.069721e-01
1.070152e-01
1.070620e-01
1.071064e-01
1.071553e-01
1.072023e-01
1.072511e-01
1.072999e-01
1.073487e-01
1.073975e-01
1.074462e-01
1.074949e-01
1.075436e-01
1.075922e-01
1.076409e-01
1.076895e-01
1.077381e-01
1.077867e-01
1.078353e-01
1.078838e-01
1.079323e-01
1.079803e-01
1.080288e-01
1.080766e-01
1.081250e-01
1.081729e-01
1.082213e-01
1.082694e-01
1.083177e-01
1.083643e-01
1.084125e-01
1.084574e-01
1.085056e-01
1.085497e-01
1.085938e-01
1.086373e-01
1.086810e-01
1.087241e-01
1.087675e-01
1.088104e-01
1.088537e-01
1.088964e-01
1.089396e-01
1.089823e-01
1.090256e-01
1.090683e-01
1.091116e-01
1.091544e-01
1.091979e-01
1.092409e-01
1.092846e-01
1.093277e-01
1.093717e-01
1.094151e-01
1.094594e-01
1.095030e-01
1.095477e-01
1.095915e-01
1.096366e-01
1.096808e-01
1.097262e-01
1.097707e-01
1.098166e-01
1.098614e-01
1.099077e-01
1.099528e-01
1.099995e-01
1.100449e-01
1.100921e-01
1.101379e-01
1.101848e-01
1.102309e-01
1.102782e-01
1.103246e-01
1.103721e-01
1.104186e-01
1.104661e-01
1.105130e-01
1.105605e-01
1.106076e-01
1.106551e-01
1.107025e-01
1.107499e-01
1.107975e-01
1.108449e-01
1.108924e-01
1.109399e-01
1.109874e-01
1.110349e-01
1.110824e-01
1.111299e-01
1.111774e-01
1.112249e-01
1.112724e-01
1.113199e-01
1.113675e-01
1.114150e-01
1.114625e-01
1.115100e-01
1.115576e-01
1.116051e-01
1.116526e-01
1.117002e-01
1.117477e-01
1.117952e-01
1.118428e-01
1.118903e-01
1.119378e-01
1.119854e-01
1.120329e-01
1.120805e-01
1.121280e-01
1.121755e-01
1.122231e-01
1.122706e-01
1.123181e-01
1.123656e-01
1.124132e-01
1.124607e-01
1.125082e-01
1.125557e-01
1.126033e-01
1.126508e-01
1.126983e-01
1.127459e-01
1.127934e-01
1.128409e-01
1.128885e-01
1.129360e-01
1.129828e-01
1.130299e-01
1.130757e-01
1.131219e-01
1.131673e-01
1.132131e-01
1.132582e-01
1.133038e-01
1.133488e-01
1.133945e-01
1.134395e-01
1.134852e-01
1.135304e-01
1.135763e-01
1.136216e-01
1.136678e-01
1.137134e-01
1.137601e-01
1.138060e-01
1.138532e-01
1.138997e-01
1.139474e-01
1.139944e-01
1.140422e-01
1.140900e-01
1.141377e-01
1.141855e-01
1.142333e-01
1.142811e-01
1.143289e-01
1.143767e-01
1.144246e-01
1.144724e-01
1.145203e-01
1.145682e-01
1.146160e-01
1.146637e-01
1.147113e-01
1.147587e-01
1.148061e-01
1.148533e-01
1.149005e-01
1.149475e-01
1.149944e-01
1.150417e-01
1.150890e-01
1.151361e-01
1.151831e-01
1.152300e-01
1.152767e-01
1.153233e-01
1.153698e-01
1.154162e-01
1.154625e-01
1.155087e-01
1.155549e-01
1.156011e-01
1.156477e-01
1.156943e-01
1.157407e-01
1.157870e-01
1.158333e-01
1.158796e-01
1.159264e-01
1.159733e-01
1.160201e-01
1.160668e-01
1.161136e-01
1.161602e-01
1.162069e-01
1.162534e-01
1.162999e-01
1.163463e-01
1.163928e-01
1.164392e-01
1.164860e-01
1.165324e-01
1.165792e-01
1.166261e-01
1.166729e-01
1.167198e-01
1.167666e-01
1.168134e-01
1.168602e-01
1.169069e-01
1.169536e-01
1.170002e-01
1.170469e-01
1.170935e-01
1.171405e-01
1.171871e-01
1.172341e-01
1.172812e-01
1.173282e-01
1.173752e-01
1.174221e-01
1.174690e-01
1.175159e-01
1.175627e-01
1.176095e-01
1.176563e-01
1.177035e-01
1.177502e-01
1.177971e-01
1.178441e-01
1.178912e-01
1.179382e-01
1.179852e-01
1.180321e-01
1.180790e-01
1.181258e-01
1.181726e-01
1.182194e-01
1.182666e-01
1.183132e-01
1.183603e-01
1.184074e-01
1.184545e-01
1.185017e-01
1.185486e-01
1.185953e-01
1.186421e-01
1.186887e-01
1.187358e-01
1.187823e-01
1.188293e-01
1.188762e-01
1.189236e-01
1.189710e-01
1.190185e-01
1.190650e-01
1.191116e-01
1.191580e-01
1.192049e-01
1.192512e-01
1.192979e-01
1.193446e-01
1.193910e-01
1.194379e-01
1.194839e-01
1.195295e-01
1.195749e-01
1.196204e-01
1.196660e-01
1.197119e-01
1.197580e-01
1.198042e-01
1.198505e-01
1.198968e-01
1.199430e-01
1.199892e-01
1.200354e-01
1.200816e-01
1.201280e-01
1.201741e-01
1.202202e-01
1.202663e-01
1.203125e-01
1.203590e-01
1.204053e-01
1.204515e-01
1.204969e-01
1.205417e-01
1.205861e-01
1.206308e-01
1.206754e-01
1.207204e-01
1.207656e-01
1.208110e-01
1.208565e-01
1.209020e-01
1.209475e-01
1.209933e-01
1.210392e-01
1.210852e-01
1.211313e-01
1.211776e-01
1.212242e-01
1.212709e-01
1.213178e-01
1.213650e-01
1.214098e-01
1.214542e-01
1.214982e-01
1.215424e-01
1.215867e-01
1.216313e-01
1.216762e-01
1.217213e-01
1.217666e-01
1.218119e-01
1.218573e-01
1.219029e-01
1.219486e-01
1.219946e-01
1.220409e-01
1.220874e-01
1.221318e-01
1.221762e-01
1.222206e-01
1.222645e-01
1.223081e-01
1.223519e-01
1.223959e-01
1.224403e-01
1.224849e-01
1.225297e-01
1.225747e-01
1.226200e-01
1.226655e-01
1.227112e-01
1.227572e-01
1.228035e-01
1.228475e-01
1.228917e-01
1.229358e-01
1.229794e-01
1.230227e-01
1.230664e-01
1.231102e-01
1.231543e-01
1.231988e-01
1.232435e-01
1.232884e-01
1.233335e-01
1.233790e-01
1.234247e-01
1.234708e-01
1.235171e-01
1.235611e-01
1.236051e-01
1.236492e-01
1.236927e-01
1.237360e-01
1.237796e-01
1.238234e-01
1.238676e-01
1.239122e-01
1.239569e-01
1.240019e-01
1.240471e-01
1.240927e-01
1.241385e-01
1.241847e-01
1.242312e-01
1.242752e-01
1.243193e-01
1.243634e-01
1.244071e-01
1.244505e-01
1.244942e-01
1.245381e-01
1.245824e-01
1.246271e-01
1.246719e-01
1.247170e-01
1.247624e-01
1.248080e-01
1.248539e-01
1.249001e-01
1.249465e-01
1.249908e-01
1.250351e-01
1.250794e-01
1.251233e-01
1.251670e-01
1.252109e-01
1.252550e-01
1.252995e-01
1.253442e-01
1.253893e-01
1.254346e-01
1.254799e-01
1.255254e-01
1.255711e-01
1.256171e-01
1.256633e-01
1.257098e-01
1.257565e-01
1.258012e-01
1.258459e-01
1.258906e-01
1.259349e-01
1.259790e-01
1.260233e-01
1.260677e-01
1.261125e-01
1.261576e-01
1.262029e-01
1.262485e-01
1.262941e-01
1.263398e-01
1.263858e-01
1.264319e-01
1.264782e-01
1.265248e-01
1.265714e-01
1.266184e-01
1.266656e-01
1.267130e-01
1.267607e-01
1.268059e-01
1.268507e-01
1.268951e-01
1.269398e-01
1.269847e-01
1.270299e-01
1.270753e-01
1.271210e-01
1.271669e-01
1.272128e-01
1.272588e-01
1.273050e-01
1.273514e-01
1.273979e-01
1.274446e-01
1.274914e-01
1.275385e-01
1.275857e-01
1.276332e-01
1.276809e-01
1.277264e-01
1.277715e-01
1.278163e-01
1.278613e-01
1.279064e-01
1.279517e-01
1.279973e-01
1.280431e-01
1.280891e-01
1.281351e-01
1.281810e-01
1.282272e-01
1.282735e-01
1.283200e-01
1.283666e-01
1.284133e-01
1.284603e-01
1.285074e-01
1.285547e-01
1.286021e-01
1.286498e-01
1.286976e-01
1.287434e-01
1.287886e-01
1.288336e-01
1.288787e-01
1.289239e-01
1.289694e-01
1.290150e-01
1.290610e-01
1.291071e-01
1.291531e-01
1.291992e-01
1.292454e-01
1.292919e-01
1.293384e-01
1.293851e-01
1.294319e-01
1.294789e-01
1.295260e-01
1.295731e-01
1.296201e-01
1.296671e-01
1.297140e-01
1.297597e-01
1.298049e-01
1.298498e-01
1.298949e-01
1.299400e-01
1.299855e-01
1.300312e-01
1.300772e-01
1.301234e-01
1.301695e-01
1.302157e-01
1.302621e-01
1.303086e-01
1.303553e-01
1.304022e-01
1.304492e-01
1.304962e-01
1.305432e-01
1.305903e-01
1.306373e-01
1.306830e-01
1.307282e-01
1.307731e-01
1.308181e-01
1.308633e-01
1.309088e-01
1.309545e-01
1.310004e-01
1.310466e-01
1.310927e-01
1.311389e-01
1.311853e-01
1.312319e-01
1.312786e-01
1.313255e-01
1.313725e-01
1.314199e-01
1.314673e-01
1.315147e-01
1.315619e-01
1.316075e-01
1.316527e-01
1.316976e-01
1.317427e-01
1.317879e-01
1.318334e-01
1.318792e-01
1.319252e-01
1.319714e-01
1.320176e-01
1.320637e-01
1.321097e-01
1.321557e-01
1.322017e-01
1.322477e-01
1.322937e-01
1.323397e-01
1.323856e-01
1.324316e-01
1.324776e-01
1.325234e-01
1.325687e-01
1.326137e-01
1.326589e-01
1.327042e-01
1.327498e-01
1.327956e-01
1.328417e-01
1.328880e-01
1.329342e-01
1.329805e-01
1.330270e-01
1.330737e-01
1.331205e-01
1.331674e-01
1.332144e-01
1.332615e-01
1.333086e-01
1.333557e-01
1.334029e-01
1.334502e-01
1.334974e-01
1.335423e-01
1.335873e-01
1.336324e-01
1.336778e-01
1.337234e-01
1.337693e-01
1.338154e-01
1.338614e-01
1.339075e-01
1.339538e-01
1.340002e-01
1.340467e-01
1.340934e-01
1.341401e-01
1.341870e-01
1.342341e-01
1.342809e-01
1.343282e-01
1.343750e-01
1.344227e-01
1.344706e-01
1.345194e-01
1.345643e-01
1.346094e-01
1.346545e-01
1.346998e-01
1.347454e-01
1.347912e-01
1.348372e-01
1.348831e-01
1.349290e-01
1.349751e-01
1.350213e-01
1.350677e-01
1.351142e-01
1.351608e-01
1.352076e-01
1.352545e-01
1.353016e-01
1.353489e-01
1.353963e-01
1.354438e-01
1.354916e-01
1.355395e-01
1.355877e-01
1.356362e-01
1.356812e-01
1.357264e-01
1.357717e-01
1.358173e-01
1.358631e-01
1.359092e-01
1.359553e-01
1.360015e-01
1.360477e-01
1.360941e-01
1.361406e-01
1.361872e-01
1.362339e-01
1.362808e-01
1.363279e-01
1.363751e-01
1.364224e-01
1.364697e-01
1.365170e-01
1.365644e-01
1.366118e-01
1.366593e-01
1.367044e-01
1.367497e-01
1.367950e-01
1.368407e-01
1.368865e-01
1.369326e-01
1.369788e-01
1.370250e-01
1.370712e-01
1.371176e-01
1.371642e-01
1.372110e-01
1.372579e-01
1.373049e-01
1.373519e-01
1.373992e-01
1.374466e-01
1.374941e-01
1.375419e-01
1.375899e-01
1.376381e-01
1.376876e-01
1.377329e-01
1.377784e-01
1.378239e-01
1.378698e-01
1.379158e-01
1.379620e-01
1.380084e-01
1.380547e-01
1.381010e-01
1.381475e-01
1.381941e-01
1.382409e-01
1.382880e-01
1.383350e-01
1.383822e-01
1.384295e-01
1.384770e-01
1.385246e-01
1.385724e-01
1.386203e-01
1.386685e-01
1.387168e-01
1.387653e-01
1.388154e-01
1.388609e-01
1.389066e-01
1.389523e-01
1.389982e-01
1.390443e-01
1.390907e-01
1.391373e-01
1.391837e-01
1.392301e-01
1.392767e-01
1.393233e-01
1.393703e-01
1.394174e-01
1.394645e-01
1.395117e-01
1.395590e-01
1.396065e-01
1.396540e-01
1.397018e-01
1.397496e-01
1.397975e-01
1.398456e-01
1.398937e-01
1.399422e-01
1.399908e-01
1.400408e-01
1.400922e-01
1.401442e-01
1.401958e-01
1.402475e-01
1.402989e-01
1.403499e-01
1.404006e-01
1.404514e-01
1.405022e-01
1.405531e-01
1.406039e-01
1.406544e-01
1.407047e-01
1.407546e-01
1.408044e-01
1.408539e-01
1.409033e-01
1.409525e-01
1.410016e-01
1.410506e-01
1.410996e-01
1.411485e-01
1.411974e-01
1.412463e-01
1.412978e-01
1.413494e-01
1.414012e-01
1.414531e-01
1.415047e-01
1.415582e-01
1.416118e-01
1.416652e-01
1.417187e-01
1.417716e-01
1.418244e-01
1.418766e-01
1.419289e-01
1.419811e-01
1.420330e-01
1.420844e-01
1.421354e-01
1.421859e-01
1.422362e-01
1.422860e-01
1.423358e-01
1.423852e-01
1.424346e-01
1.424837e-01
1.425329e-01
1.425819e-01
1.426309e-01
1.426799e-01
1.427337e-01
1.427882e-01
1.428427e-01
1.428970e-01
1.429515e-01
1.430052e-01
1.430589e-01
1.431120e-01
1.431651e-01
1.432174e-01
1.432693e-01
1.433205e-01
1.433713e-01
1.434218e-01
1.434721e-01
1.435220e-01
1.435718e-01
1.436213e-01
1.436708e-01
1.437201e-01
1.437693e-01
1.438185e-01
1.438725e-01
1.439216e-01
1.439756e-01
1.440246e-01
1.440786e-01
1.441276e-01
1.441816e-01
1.442363e-01
1.442899e-01
1.443428e-01
1.443947e-01
1.444461e-01
1.444969e-01
1.445474e-01
1.445974e-01
1.446476e-01
1.446974e-01
1.447473e-01
1.447969e-01
1.448466e-01
1.448961e-01
1.449506e-01
1.450000e-01
1.450544e-01
1.451037e-01
1.451581e-01
1.452147e-01
1.452714e-01
1.453280e-01
1.453843e-01
1.454398e-01
1.454951e-01
1.455498e-01
1.456043e-01
1.456582e-01
1.457119e-01
1.457649e-01
1.458177e-01
1.458697e-01
1.459214e-01
1.459781e-01
1.460351e-01
1.460921e-01
1.461492e-01
1.462063e-01
1.462634e-01
1.463205e-01
1.463776e-01
1.464348e-01
1.464920e-01
1.465492e-01
1.466064e-01
1.466637e-01
1.467210e-01
1.467761e-01
1.468313e-01
1.468866e-01
1.469422e-01
1.469981e-01
1.470542e-01
1.471105e-01
1.471666e-01
1.472226e-01
1.472789e-01
1.473354e-01
1.473920e-01
1.474487e-01
1.475056e-01
1.475626e-01
1.476198e-01
1.476772e-01
1.477347e-01
1.477923e-01
1.478499e-01
1.479070e-01
1.479639e-01
1.480204e-01
1.480768e-01
1.481322e-01
1.481878e-01
1.482432e-01
1.482982e-01
1.483528e-01
1.484071e-01
1.484610e-01
1.485145e-01
1.485676e-01
1.486204e-01
1.486730e-01
1.487254e-01
1.487776e-01
1.488345e-01
1.488916e-01
1.489490e-01
1.490065e-01
1.490639e-01
1.491214e-01
1.491790e-01
1.492367e-01
1.492946e-01
1.493526e-01
1.494107e-01
1.494687e-01
1.495268e-01
1.495848e-01
1.496429e-01
1.496989e-01
1.497552e-01
1.498116e-01
1.498678e-01
1.499237e-01
1.499799e-01
1.500363e-01
1.500930e-01
1.501498e-01
1.502070e-01
1.502643e-01
1.503218e-01
1.503795e-01
1.504366e-01
1.504935e-01
1.505506e-01
1.506078e-01
1.506653e-01
1.507230e-01
1.507809e-01
1.508389e-01
1.508968e-01
1.509545e-01
1.510125e-01
1.510705e-01
1.511284e-01
1.511863e-01
1.512441e-01
1.513020e-01
1.513597e-01
1.514175e-01
1.514752e-01
1.515329e-01
1.515906e-01
1.516482e-01
1.517058e-01
1.517633e-01
1.518208e-01
1.518783e-01
1.519357e-01
1.519931e-01
1.520504e-01
1.521078e-01
1.521651e-01
1.522218e-01
1.522789e-01
1.523361e-01
1.523930e-01
1.524497e-01
1.525066e-01
1.525636e-01
1.526207e-01
1.526779e-01
1.527350e-01
1.527921e-01
1.528492e-01
1.529063e-01
1.529633e-01
1.530204e-01
1.530775e-01
1.531345e-01
1.531916e-01
1.532487e-01
1.533057e-01
1.533628e-01
1.534199e-01
1.534770e-01
1.535340e-01
1.535911e-01
1.536482e-01
1.537053e-01
1.537624e-01
1.538195e-01
1.538766e-01
1.539338e-01
1.539909e-01
1.540481e-01
1.541053e-01
1.541626e-01
1.542198e-01
1.542771e-01
1.543344e-01
1.543917e-01
1.544490e-01
1.545063e-01
1.545637e-01
1.546208e-01
1.546778e-01
1.547298e-01
1.547812e-01
1.548323e-01
1.548831e-01
1.549337e-01
1.549840e-01
1.550341e-01
1.550840e-01
1.551337e-01
1.551831e-01
1.552325e-01
1.552816e-01
1.553306e-01
1.553794e-01
1.554282e-01
1.554770e-01
1.555257e-01
1.555744e-01
1.556231e-01
1.556719e-01
1.557209e-01
1.557699e-01
1.558191e-01
1.558685e-01
1.559180e-01
1.559677e-01
1.560177e-01
1.560689e-01
1.561211e-01
1.561742e-01
1.562280e-01
1.562821e-01
1.563313e-01
1.563803e-01
1.564293e-01
1.564785e-01
1.565280e-01
1.565778e-01
1.566280e-01
1.566784e-01
1.567292e-01
1.567798e-01
1.568303e-01
1.568811e-01
1.569320e-01
1.569833e-01
1.570348e-01
1.570865e-01
1.571383e-01
1.571900e-01
1.572416e-01
1.572935e-01
1.573454e-01
1.573974e-01
1.574493e-01
1.575011e-01
1.575529e-01
1.576049e-01
1.576569e-01
1.577090e-01
1.577611e-01
1.578131e-01
1.578651e-01
1.579170e-01
1.579690e-01
1.580210e-01
1.580732e-01
1.581253e-01
1.581775e-01
1.582296e-01
1.582817e-01
1.583366e-01
1.583886e-01
1.584407e-01
1.584930e-01
1.585452e-01
1.585975e-01
1.586530e-01
1.587052e-01
1.587610e-01
1.588131e-01
1.588653e-01
1.589177e-01
1.589723e-01
1.590247e-01
1.590793e-01
1.591315e-01
1.591861e-01
1.592406e-01
1.592952e-01
1.593477e-01
1.594021e-01
1.594546e-01
1.595087e-01
1.595612e-01
1.596153e-01
1.596677e-01
1.597202e-01
1.597729e-01
1.598275e-01
1.598802e-01
1.599352e-01
1.599878e-01
1.600436e-01
1.601002e-01
1.601572e-01
1.602096e-01
1.602626e-01
1.603154e-01
1.603689e-01
1.604220e-01
1.604756e-01
1.605291e-01
1.605827e-01
1.606363e-01
1.606900e-01
1.607437e-01
1.607974e-01
1.608511e-01
1.609049e-01
1.609587e-01
1.610125e-01
1.610672e-01
1.611214e-01
1.611764e-01
1.612307e-01
1.612858e-01
1.613401e-01
1.613953e-01
1.614492e-01
1.615041e-01
1.615580e-01
1.616130e-01
1.616675e-01
1.617227e-01
1.617773e-01
1.618328e-01
1.618877e-01
1.619435e-01
1.619988e-01
1.620550e-01
1.621107e-01
1.621648e-01
1.622210e-01
1.622751e-01
1.623319e-01
1.623860e-01
1.624400e-01
1.624941e-01
1.625524e-01
1.626066e-01
1.626607e-01
1.627149e-01
1.627691e-01
1.628232e-01
1.628774e-01
1.629316e-01
1.629859e-01
1.630402e-01
1.630946e-01
1.631490e-01
1.632034e-01
1.632579e-01
1.633124e-01
1.633669e-01
1.634215e-01
1.634760e-01
1.635306e-01
1.635851e-01
1.636398e-01
1.636943e-01
1.637490e-01
1.638036e-01
1.638583e-01
1.639129e-01
1.639676e-01
1.640222e-01
1.640770e-01
1.641316e-01
1.641864e-01
1.642410e-01
1.642958e-01
1.643505e-01
1.644053e-01
1.644600e-01
1.645149e-01
1.645696e-01
1.646246e-01
1.646793e-01
1.647343e-01
1.647891e-01
1.648442e-01
1.648991e-01
1.649542e-01
1.650091e-01
1.650643e-01
1.651194e-01
1.651747e-01
1.652298e-01
1.652853e-01
1.653405e-01
1.653961e-01
1.654515e-01
1.655073e-01
1.655629e-01
1.656188e-01
1.656745e-01
1.657307e-01
1.657854e-01
1.658418e-01
1.658965e-01
1.659546e-01
1.660093e-01
1.660673e-01
1.661252e-01
1.661831e-01
1.662381e-01
1.662934e-01
1.663484e-01
1.664040e-01
1.664589e-01
1.665136e-01
1.665684e-01
1.666233e-01
1.666784e-01
1.667337e-01
1.667889e-01
1.668441e-01
1.668993e-01
1.669549e-01
1.670100e-01
1.670653e-01
1.671207e-01
1.671760e-01
1.672314e-01
1.672868e-01
1.673422e-01
1.673975e-01
1.674529e-01
1.675084e-01
1.675640e-01
1.676195e-01
1.676751e-01
1.677307e-01
1.677862e-01
1.678418e-01
1.678973e-01
1.679529e-01
1.680087e-01
1.680644e-01
1.681201e-01
1.681759e-01
1.682316e-01
1.682873e-01
1.683430e-01
1.683988e-01
1.684546e-01
1.685105e-01
1.685664e-01
1.686210e-01
1.686759e-01
1.687309e-01
1.687863e-01
1.688418e-01
1.688975e-01
1.689533e-01
1.690093e-01
1.690653e-01
1.691211e-01
1.691767e-01
1.692325e-01
1.692883e-01
1.693443e-01
1.694004e-01
1.694565e-01
1.695125e-01
1.695685e-01
1.696245e-01
1.696805e-01
1.697365e-01
1.697926e-01
1.698486e-01
1.699046e-01
1.699606e-01
1.700166e-01
1.700726e-01
1.701287e-01
1.701847e-01
1.702406e-01
1.702969e-01
1.703534e-01
1.704101e-01
1.704668e-01
1.705235e-01
1.705801e-01
1.706346e-01
1.706894e-01
1.707442e-01
1.707994e-01
1.708547e-01
1.709103e-01
1.709661e-01
1.710220e-01
1.710780e-01
1.711337e-01
1.711893e-01
1.712450e-01
1.713008e-01
1.713568e-01
1.714116e-01
1.714661e-01
1.715208e-01
1.715756e-01
1.716306e-01
1.716857e-01
1.717410e-01
1.717965e-01
1.718516e-01
1.719064e-01
1.719614e-01
1.720165e-01
1.720718e-01
1.721272e-01
1.721828e-01
1.722384e-01
1.722939e-01
1.723493e-01
1.724047e-01
1.724596e-01
1.725142e-01
1.725690e-01
1.726239e-01
1.726791e-01
1.727344e-01
1.727900e-01
1.728457e-01
1.729015e-01
1.729574e-01
1.730130e-01
1.730684e-01
1.731240e-01
1.731798e-01
1.732358e-01
1.732918e-01
1.733478e-01
1.734040e-01
1.734604e-01
1.735169e-01
1.735735e-01
1.736302e-01
1.736871e-01
1.737441e-01
1.738013e-01
1.738586e-01
1.739128e-01
1.739673e-01
1.740219e-01
1.740762e-01
1.741304e-01
1.741847e-01
1.742391e-01
1.742937e-01
1.743484e-01
1.744033e-01
1.744582e-01
1.745128e-01
1.745672e-01
1.746218e-01
1.746764e-01
1.747311e-01
1.747860e-01
1.748408e-01
1.748957e-01
1.749506e-01
1.750056e-01
1.750606e-01
1.751157e-01
1.751708e-01
1.752259e-01
1.752799e-01
1.753339e-01
1.753879e-01
1.754423e-01
1.754968e-01
1.755517e-01
1.756068e-01
1.756616e-01
1.757164e-01
1.757714e-01
1.758266e-01
1.758821e-01
1.759378e-01
1.759912e-01
1.760448e-01
1.760984e-01
1.761523e-01
1.762063e-01
1.762606e-01
1.763151e-01
1.763691e-01
1.764230e-01
1.764770e-01
1.765311e-01
1.765851e-01
1.766392e-01
1.766933e-01
1.767478e-01
1.768024e-01
1.768568e-01
1.769114e-01
1.769661e-01
1.770209e-01
1.770757e-01
1.771305e-01
1.771852e-01
1.772401e-01
1.772950e-01
1.773500e-01
1.774051e-01
1.774600e-01
1.775149e-01
1.775699e-01
1.776250e-01
1.776799e-01
1.777342e-01
1.777882e-01
1.778424e-01
1.778966e-01
1.779513e-01
1.780061e-01
1.780613e-01
1.781166e-01
1.781719e-01
1.782272e-01
1.782828e-01
1.783386e-01
1.783946e-01
1.784507e-01
1.785071e-01
1.785638e-01
1.786206e-01
1.786778e-01
1.787351e-01
1.787901e-01
1.788443e-01
1.788981e-01
1.789521e-01
1.790061e-01
1.790602e-01
1.791146e-01
1.791691e-01
1.792238e-01
1.792787e-01
1.793333e-01
1.793876e-01
1.794420e-01
1.794965e-01
1.795513e-01
1.796062e-01
1.796612e-01
1.797163e-01
1.797715e-01
1.798267e-01
1.798816e-01
1.799364e-01
1.799912e-01
1.800456e-01
1.800996e-01
1.801538e-01
1.802082e-01
1.802630e-01
1.803180e-01
1.803733e-01
1.804287e-01
1.804841e-01
1.805397e-01
1.805954e-01
1.806510e-01
1.807066e-01
1.807624e-01
1.808182e-01
1.808748e-01
1.809317e-01
1.809887e-01
1.810456e-01
1.811005e-01
1.811548e-01
1.812087e-01
1.812628e-01
1.813171e-01
1.813713e-01
1.814257e-01
1.814803e-01
1.815346e-01
1.815887e-01
1.816429e-01
1.816973e-01
1.817519e-01
1.818067e-01
1.818617e-01
1.819169e-01
1.819717e-01
1.820262e-01
1.820809e-01
1.821357e-01
1.821905e-01
1.822446e-01
1.822984e-01
1.823524e-01
1.824066e-01
1.824611e-01
1.825158e-01
1.825709e-01
1.826262e-01
1.826814e-01
1.827366e-01
1.827919e-01
1.828473e-01
1.829028e-01
1.829583e-01
1.830138e-01
1.830694e-01
1.831252e-01
1.831809e-01
1.832367e-01
1.832925e-01
1.833485e-01
1.834023e-01
1.834562e-01
1.835101e-01
1.835644e-01
1.836189e-01
1.836738e-01
1.837289e-01
1.837838e-01
1.838386e-01
1.838936e-01
1.839488e-01
1.840044e-01
1.840602e-01
1.841160e-01
1.841719e-01
1.842280e-01
1.842843e-01
1.843407e-01
1.843971e-01
1.844535e-01
1.845099e-01
1.845665e-01
1.846233e-01
1.846804e-01
1.847344e-01
1.847886e-01
1.848428e-01
1.848974e-01
1.849522e-01
1.850073e-01
1.850627e-01
1.851176e-01
1.851727e-01
1.852279e-01
1.852834e-01
1.853388e-01
1.853942e-01
1.854497e-01
1.855053e-01
1.855606e-01
1.856160e-01
1.856715e-01
1.857271e-01
1.857821e-01
1.858371e-01
1.858924e-01
1.859464e-01
1.860006e-01
1.860549e-01
1.861095e-01
1.861642e-01
1.862191e-01
1.862742e-01
1.863293e-01
1.863844e-01
1.864398e-01
1.864954e-01
1.865511e-01
1.866058e-01
1.866606e-01
1.867154e-01
1.867704e-01
1.868257e-01
1.868814e-01
1.869370e-01
1.869927e-01
1.870475e-01
1.871017e-01
1.871556e-01
1.872096e-01
1.872637e-01
1.873181e-01
1.873727e-01
1.874276e-01
1.874819e-01
1.875369e-01
1.875909e-01
1.876453e-01
1.876992e-01
1.877541e-01
1.878079e-01
1.878635e-01
1.879172e-01
1.879728e-01
1.880264e-01
1.880803e-01
1.881340e-01
1.881873e-01
1.882403e-01
1.882935e-01
1.883467e-01
1.884003e-01
1.884542e-01
1.885083e-01
1.885618e-01
1.886156e-01
1.886695e-01
1.887238e-01
1.887778e-01
1.888329e-01
1.888858e-01
1.889388e-01
1.889917e-01
1.890439e-01
1.890957e-01
1.891479e-01
1.892002e-01
1.892529e-01
1.893059e-01
1.893591e-01
1.894125e-01
1.894655e-01
1.895187e-01
1.895720e-01
1.896242e-01
1.896764e-01
1.897285e-01
1.897801e-01
1.898314e-01
1.898829e-01
1.899347e-01
1.899870e-01
1.900396e-01
1.900924e-01
1.901455e-01
1.901989e-01
1.902527e-01
1.903068e-01
1.903586e-01
1.904105e-01
1.904624e-01
1.905137e-01
1.905648e-01
1.906162e-01
1.906679e-01
1.907200e-01
1.907724e-01
1.908250e-01
1.908779e-01
1.909311e-01
1.909845e-01
1.910383e-01
1.910926e-01
1.911471e-01
1.911990e-01
1.912509e-01
1.913029e-01
1.913543e-01
1.914055e-01
1.914570e-01
1.915088e-01
1.915610e-01
1.916135e-01
1.916663e-01
1.917194e-01
1.917727e-01
1.918264e-01
1.918801e-01
1.919340e-01
1.919885e-01
1.920405e-01
1.920926e-01
1.921448e-01
1.921964e-01
1.922479e-01
1.922996e-01
1.923516e-01
1.924040e-01
1.924568e-01
1.925098e-01
1.925610e-01
1.926145e-01
1.926682e-01
1.927224e-01
1.927763e-01
1.928304e-01
1.928829e-01
1.929356e-01
1.929872e-01
1.930390e-01
1.930911e-01
1.931434e-01
1.931959e-01
1.932489e-01
1.933022e-01
1.933558e-01
1.934076e-01
1.934597e-01
1.935118e-01
1.935644e-01
1.936169e-01
1.936718e-01
1.937260e-01
1.937806e-01
1.938349e-01
1.938899e-01
1.939437e-01
1.939986e-01
1.940519e-01
1.941054e-01
1.941584e-01
1.942119e-01
1.942645e-01
1.943181e-01
1.943725e-01
1.944274e-01
1.944808e-01
1.945357e-01
1.945899e-01
1.946445e-01
1.946996e-01
1.947555e-01
1.948118e-01
1.948667e-01
1.949235e-01
1.949783e-01
1.950325e-01
1.950871e-01
1.951423e-01
1.951972e-01
1.952512e-01
1.953054e-01
1.953597e-01
1.954143e-01
1.954686e-01
1.955233e-01
1.955785e-01
1.956332e-01
1.956885e-01
1.957441e-01
1.958000e-01
1.958547e-01
1.959089e-01
1.959636e-01
1.960170e-01
1.960726e-01
1.961259e-01
1.961806e-01
1.962347e-01
1.962894e-01
1.963436e-01
1.963983e-01
1.964535e-01
1.965082e-01
1.965631e-01
1.966177e-01
1.966731e-01
1.967282e-01
1.967824e-01
1.968371e-01
1.968913e-01
1.969460e-01
1.969998e-01
1.970557e-01
1.971091e-01
1.971631e-01
1.972173e-01
1.972720e-01
1.973273e-01
1.973834e-01
1.974381e-01
1.974928e-01
1.975466e-01
1.976007e-01
1.976550e-01
1.977097e-01
1.977635e-01
1.978183e-01
1.978737e-01
1.979285e-01
1.979823e-01
1.980364e-01
1.980904e-01
1.981453e-01
1.982001e-01
1.982548e-01
1.983099e-01
1.983647e-01
1.984184e-01
1.984725e-01
1.985263e-01
1.985811e-01
1.986357e-01
1.986905e-01
1.987437e-01
1.987974e-01
1.988516e-01
1.989063e-01
1.989612e-01
1.990160e-01
1.990694e-01
1.991231e-01
1.991770e-01
1.992314e-01
1.992863e-01
1.993411e-01
1.993960e-01
1.994508e-01
1.995051e-01
1.995600e-01
1.996148e-01
1.996697e-01
1.997245e-01
1.997794e-01
1.998341e-01
1.998889e-01
1.999437e-01
1.999986e-01
2.000534e-01
2.001082e-01
