#   1 : Date        
# Date        
0.000000e+00
1.807392e-05
2.865299e-05
3.680825e-05
4.331462e-05
4.906367e-05
5.538763e-05
6.204872e-05
6.795979e-05
7.446196e-05
8.161436e-05
8.947053e-05
9.702468e-05
1.053342e-04
1.143002e-04
1.241628e-04
1.337027e-04
1.436480e-04
1.545879e-04
1.657374e-04
1.769297e-04
1.886124e-04
2.010176e-04
2.132284e-04
2.257171e-04
2.388127e-04
2.521957e-04
2.655017e-04
2.797183e-04
2.939297e-04
3.084532e-04
3.235230e-04
3.388720e-04
3.545256e-04
3.707045e-04
3.871136e-04
4.039712e-04
4.213429e-04
4.389057e-04
4.566041e-04
4.748726e-04
4.934284e-04
5.123968e-04
5.317204e-04
5.513472e-04
5.713195e-04
5.916317e-04
6.121877e-04
6.330631e-04
6.541431e-04
6.756129e-04
6.973298e-04
7.193540e-04
7.416524e-04
7.642145e-04
7.870888e-04
8.102207e-04
8.336410e-04
8.572999e-04
8.811975e-04
9.052984e-04
9.296850e-04
9.542344e-04
9.790738e-04
1.004107e-03
1.029433e-03
1.054937e-03
1.080786e-03
1.106828e-03
1.133123e-03
1.159624e-03
1.186464e-03
1.213485e-03
1.240745e-03
1.268213e-03
1.295923e-03
1.323861e-03
1.352053e-03
1.380427e-03
1.409065e-03
1.437917e-03
1.467083e-03
1.496472e-03
1.526126e-03
1.555964e-03
1.586157e-03
1.616605e-03
1.647287e-03
1.678149e-03
1.709331e-03
1.740719e-03
1.772176e-03
1.803794e-03
1.835622e-03
1.867602e-03
1.899875e-03
1.932477e-03
1.965120e-03
1.998093e-03
2.031272e-03
2.064625e-03
2.098278e-03
2.132152e-03
2.166096e-03
2.200218e-03
2.234613e-03
2.269156e-03
2.304035e-03
2.339154e-03
2.374341e-03
2.409910e-03
2.445536e-03
2.481298e-03
2.517257e-03
2.553563e-03
2.589879e-03
2.626441e-03
2.663275e-03
2.700239e-03
2.737218e-03
2.774286e-03
2.811384e-03
2.848464e-03
2.885545e-03
2.922654e-03
2.959773e-03
2.996956e-03
3.034185e-03
3.071426e-03
3.108658e-03
3.145912e-03
3.183198e-03
3.220536e-03
3.257870e-03
3.295200e-03
3.332536e-03
3.369894e-03
3.407260e-03
3.444668e-03
3.482147e-03
3.519673e-03
3.557183e-03
3.594705e-03
3.632233e-03
3.669785e-03
3.707361e-03
3.744979e-03
3.782656e-03
3.820390e-03
3.858179e-03
3.895974e-03
3.933780e-03
3.971613e-03
4.009467e-03
4.047361e-03
4.085306e-03
4.123305e-03
4.161376e-03
4.199514e-03
4.237739e-03
4.276041e-03
4.314375e-03
4.352763e-03
4.391183e-03
4.429648e-03
4.468167e-03
4.506740e-03
4.545383e-03
4.584094e-03
4.622892e-03
4.661770e-03
4.700738e-03
4.739795e-03
4.778951e-03
4.818211e-03
4.857580e-03
4.897008e-03
4.936562e-03
4.976227e-03
5.016040e-03
5.055974e-03
5.096068e-03
5.136308e-03
5.176716e-03
5.217294e-03
5.258054e-03
5.298898e-03
5.339959e-03
5.381206e-03
5.422705e-03
5.464406e-03
5.506366e-03
5.548551e-03
5.590969e-03
5.633478e-03
5.676268e-03
5.719278e-03
5.762600e-03
5.806189e-03
5.850104e-03
5.894337e-03
5.938919e-03
5.983870e-03
6.028940e-03
6.074401e-03
6.120168e-03
6.166087e-03
6.212199e-03
6.258463e-03
6.304919e-03
6.351502e-03
6.398256e-03
6.445149e-03
6.491984e-03
6.538814e-03
6.584091e-03
6.630094e-03
6.674387e-03
6.718843e-03
6.762123e-03
6.805793e-03
6.847314e-03
6.889879e-03
6.931751e-03
6.972815e-03
7.014082e-03
7.055299e-03
7.096473e-03
7.136908e-03
7.177127e-03
7.216896e-03
7.256831e-03
7.296656e-03
7.336680e-03
7.376205e-03
7.415731e-03
7.455238e-03
7.494902e-03
7.534486e-03
7.574175e-03
7.613726e-03
7.653398e-03
7.692926e-03
7.732556e-03
7.772134e-03
7.811959e-03
7.851707e-03
7.891644e-03
7.931605e-03
7.971801e-03
8.011872e-03
8.052002e-03
8.092236e-03
8.132770e-03
8.173255e-03
8.213803e-03
8.254416e-03
8.295264e-03
8.336325e-03
8.377427e-03
8.418521e-03
8.459948e-03
8.501583e-03
8.543272e-03
8.584911e-03
8.626321e-03
8.667601e-03
8.707219e-03
8.743273e-03
8.777062e-03
8.809001e-03
8.839835e-03
8.869324e-03
8.898132e-03
8.926037e-03
8.952564e-03
8.977869e-03
9.002652e-03
9.027385e-03
9.052081e-03
9.076847e-03
9.101641e-03
9.126499e-03
9.151385e-03
9.176317e-03
9.201244e-03
9.226172e-03
9.251076e-03
9.275957e-03
9.300798e-03
9.325606e-03
9.350365e-03
9.375080e-03
9.399741e-03
9.424353e-03
9.448906e-03
9.473408e-03
9.497848e-03
9.522235e-03
9.546560e-03
9.570831e-03
9.595042e-03
9.619199e-03
9.643299e-03
9.667350e-03
9.691347e-03
9.715300e-03
9.739207e-03
9.763075e-03
9.786906e-03
9.810707e-03
9.834481e-03
9.858234e-03
9.881972e-03
9.905699e-03
9.929422e-03
9.953145e-03
9.976876e-03
1.000062e-02
1.002437e-02
1.004815e-02
1.007195e-02
1.009578e-02
1.011964e-02
1.014354e-02
1.016749e-02
1.019148e-02
1.021552e-02
1.023961e-02
1.026375e-02
1.028796e-02
1.031222e-02
1.033655e-02
1.036093e-02
1.038538e-02
1.040990e-02
1.043448e-02
1.045913e-02
1.048385e-02
1.050864e-02
1.053351e-02
1.055844e-02
1.058345e-02
1.060853e-02
1.063370e-02
1.065894e-02
1.068426e-02
1.070967e-02
1.073517e-02
1.076075e-02
1.078642e-02
1.081219e-02
1.083806e-02
1.086402e-02
1.089008e-02
1.091625e-02
1.094252e-02
1.096890e-02
1.099539e-02
1.102199e-02
1.104871e-02
1.107555e-02
1.110251e-02
1.112959e-02
1.115679e-02
1.118413e-02
1.121159e-02
1.123918e-02
1.126691e-02
1.129477e-02
1.132277e-02
1.135090e-02
1.137916e-02
1.140757e-02
1.143611e-02
1.146479e-02
1.149361e-02
1.152256e-02
1.155165e-02
1.158087e-02
1.161022e-02
1.163968e-02
1.166927e-02
1.169897e-02
1.172878e-02
1.175868e-02
1.178869e-02
1.181877e-02
1.184894e-02
1.187918e-02
1.190947e-02
1.193982e-02
1.197021e-02
1.200063e-02
1.203108e-02
1.206154e-02
1.209202e-02
1.212249e-02
1.215296e-02
1.218342e-02
1.221388e-02
1.224432e-02
1.227475e-02
1.230517e-02
1.233557e-02
1.236596e-02
1.239634e-02
1.242668e-02
1.245702e-02
1.248734e-02
1.251766e-02
1.254796e-02
1.257827e-02
1.260857e-02
1.263888e-02
1.266920e-02
1.269953e-02
1.272988e-02
1.276025e-02
1.279063e-02
1.282105e-02
1.285148e-02
1.288196e-02
1.291246e-02
1.294301e-02
1.297359e-02
1.300422e-02
1.303487e-02
1.306553e-02
1.309619e-02
1.312687e-02
1.315755e-02
1.318826e-02
1.321898e-02
1.324972e-02
1.328049e-02
1.331129e-02
1.334211e-02
1.337298e-02
1.340388e-02
1.343483e-02
1.346582e-02
1.349685e-02
1.352794e-02
1.355908e-02
1.359025e-02
1.362143e-02
1.365261e-02
1.368382e-02
1.371504e-02
1.374628e-02
1.377755e-02
1.380884e-02
1.384016e-02
1.387151e-02
1.390289e-02
1.393431e-02
1.396576e-02
1.399725e-02
1.402878e-02
1.406036e-02
1.409196e-02
1.412356e-02
1.415517e-02
1.418678e-02
1.421839e-02
1.425002e-02
1.428166e-02
1.431331e-02
1.434497e-02
1.437666e-02
1.440836e-02
1.444008e-02
1.447183e-02
1.450360e-02
1.453540e-02
1.456723e-02
1.459908e-02
1.463093e-02
1.466276e-02
1.469460e-02
1.472642e-02
1.475827e-02
1.479012e-02
1.482199e-02
1.485387e-02
1.488578e-02
1.491769e-02
1.494965e-02
1.498161e-02
1.501358e-02
1.504557e-02
1.507757e-02
1.510958e-02
1.514162e-02
1.517365e-02
1.520569e-02
1.523774e-02
1.526978e-02
1.530182e-02
1.533385e-02
1.536588e-02
1.539791e-02
1.542995e-02
1.546199e-02
1.549404e-02
1.552611e-02
1.555820e-02
1.559030e-02
1.562243e-02
1.565459e-02
1.568678e-02
1.571896e-02
1.575114e-02
1.578331e-02
1.581548e-02
1.584767e-02
1.587986e-02
1.591206e-02
1.594429e-02
1.597654e-02
1.600881e-02
1.604112e-02
1.607346e-02
1.610585e-02
1.613827e-02
1.617074e-02
1.620320e-02
1.623568e-02
1.626818e-02
1.630070e-02
1.633324e-02
1.636582e-02
1.639842e-02
1.643107e-02
1.646375e-02
1.649649e-02
1.652927e-02
1.656211e-02
1.659500e-02
1.662795e-02
1.666093e-02
1.669393e-02
1.672695e-02
1.676002e-02
1.679311e-02
1.682625e-02
1.685943e-02
1.689265e-02
1.692593e-02
1.695925e-02
1.699263e-02
1.702607e-02
1.705957e-02
1.709312e-02
1.712672e-02
1.716037e-02
1.719406e-02
1.722779e-02
1.726156e-02
1.729538e-02
1.732922e-02
1.736310e-02
1.739702e-02
1.743097e-02
1.746497e-02
1.749902e-02
1.753311e-02
1.756726e-02
1.760146e-02
1.763572e-02
1.767004e-02
1.770443e-02
1.773885e-02
1.777330e-02
1.780778e-02
1.784229e-02
1.787685e-02
1.791144e-02
1.794608e-02
1.798077e-02
1.801551e-02
1.805031e-02
1.808516e-02
1.812007e-02
1.815504e-02
1.819007e-02
1.822517e-02
1.826029e-02
1.829544e-02
1.833064e-02
1.836587e-02
1.840114e-02
1.843645e-02
1.847181e-02
1.850722e-02
1.854269e-02
1.857821e-02
1.861378e-02
1.864941e-02
1.868511e-02
1.872087e-02
1.875669e-02
1.879253e-02
1.882841e-02
1.886433e-02
1.890028e-02
1.893627e-02
1.897231e-02
1.900840e-02
1.904453e-02
1.908069e-02
1.911689e-02
1.915314e-02
1.918943e-02
1.922577e-02
1.926216e-02
1.929860e-02
1.933510e-02
1.937165e-02
1.940825e-02
1.944486e-02
1.948150e-02
1.951816e-02
1.955485e-02
1.959157e-02
1.962833e-02
1.966512e-02
1.970194e-02
1.973881e-02
1.977571e-02
1.981266e-02
1.984966e-02
1.988670e-02
1.992379e-02
1.996094e-02
1.999812e-02
2.003532e-02
2.007255e-02
2.010979e-02
2.014706e-02
2.018436e-02
2.022169e-02
2.025905e-02
2.029645e-02
2.033388e-02
2.037135e-02
2.040886e-02
2.044642e-02
2.048402e-02
2.052167e-02
2.055937e-02
2.059712e-02
2.063490e-02
2.067271e-02
2.071053e-02
2.074837e-02
2.078624e-02
2.082412e-02
2.086203e-02
2.089994e-02
2.093786e-02
2.097578e-02
2.101369e-02
2.105159e-02
2.108948e-02
2.112733e-02
2.116515e-02
2.120293e-02
2.124065e-02
2.127828e-02
2.131581e-02
2.135323e-02
2.139054e-02
2.142776e-02
2.146489e-02
2.150194e-02
2.153893e-02
2.157587e-02
2.161276e-02
2.164962e-02
2.168645e-02
2.172326e-02
2.176005e-02
2.179684e-02
2.183362e-02
2.187041e-02
2.190720e-02
2.194399e-02
2.198078e-02
2.201758e-02
2.205439e-02
2.209113e-02
2.212784e-02
2.216450e-02
2.220112e-02
2.223769e-02
2.227420e-02
2.231067e-02
2.234710e-02
2.238348e-02
2.241983e-02
2.245613e-02
2.249242e-02
2.252867e-02
2.256489e-02
2.260107e-02
2.263723e-02
2.267335e-02
2.270946e-02
2.274555e-02
2.278163e-02
2.281769e-02
2.285375e-02
2.288980e-02
2.292586e-02
2.296191e-02
2.299797e-02
2.303403e-02
2.307011e-02
2.310619e-02
2.314227e-02
2.317835e-02
2.321443e-02
2.325051e-02
2.328660e-02
2.332269e-02
2.335879e-02
2.339490e-02
2.343103e-02
2.346717e-02
2.350334e-02
2.353952e-02
2.357573e-02
2.361194e-02
2.364818e-02
2.368443e-02
2.372070e-02
2.375697e-02
2.379326e-02
2.382955e-02
2.386587e-02
2.390219e-02
2.393855e-02
2.397491e-02
2.401131e-02
2.404773e-02
2.408418e-02
2.412064e-02
2.415715e-02
2.419368e-02
2.423024e-02
2.426683e-02
2.430345e-02
2.434008e-02
2.437673e-02
2.441340e-02
2.445009e-02
2.448679e-02
2.452352e-02
2.456027e-02
2.459704e-02
2.463383e-02
2.467066e-02
2.470750e-02
2.474438e-02
2.478127e-02
2.481821e-02
2.485516e-02
2.489214e-02
2.492913e-02
2.496614e-02
2.500316e-02
2.504021e-02
2.507726e-02
2.511434e-02
2.515144e-02
2.518856e-02
2.522570e-02
2.526287e-02
2.530006e-02
2.533728e-02
2.537452e-02
2.541180e-02
2.544909e-02
2.548640e-02
2.552371e-02
2.556105e-02
2.559839e-02
2.563576e-02
2.567314e-02
2.571054e-02
2.574796e-02
2.578541e-02
2.582287e-02
2.586037e-02
2.589788e-02
2.593541e-02
2.597296e-02
2.601053e-02
2.604812e-02
2.608574e-02
2.612337e-02
2.616103e-02
2.619871e-02
2.623640e-02
2.627411e-02
2.631183e-02
2.634956e-02
2.638732e-02
2.642508e-02
2.646288e-02
2.650069e-02
2.653853e-02
2.657639e-02
2.661428e-02
2.665220e-02
2.669015e-02
2.672813e-02
2.676615e-02
2.680418e-02
2.684223e-02
2.688029e-02
2.691838e-02
2.695649e-02
2.699463e-02
2.703278e-02
2.707097e-02
2.710918e-02
2.714743e-02
2.718570e-02
2.722401e-02
2.726235e-02
2.730073e-02
2.733914e-02
2.737759e-02
2.741605e-02
2.745455e-02
2.749306e-02
2.753161e-02
2.757017e-02
2.760877e-02
2.764740e-02
2.768606e-02
2.772475e-02
2.776349e-02
2.780225e-02
2.784105e-02
2.787989e-02
2.791878e-02
2.795770e-02
2.799667e-02
2.803567e-02
2.807471e-02
2.811377e-02
2.815287e-02
2.819200e-02
2.823116e-02
2.827036e-02
2.830960e-02
2.834887e-02
2.838818e-02
2.842753e-02
2.846692e-02
2.850635e-02
2.854583e-02
2.858534e-02
2.862490e-02
2.866450e-02
2.870415e-02
2.874383e-02
2.878354e-02
2.882328e-02
2.886306e-02
2.890287e-02
2.894272e-02
2.898260e-02
2.902253e-02
2.906248e-02
2.910248e-02
2.914252e-02
2.918260e-02
2.922272e-02
2.926289e-02
2.930309e-02
2.934333e-02
2.938359e-02
2.942388e-02
2.946421e-02
2.950458e-02
2.954497e-02
2.958541e-02
2.962587e-02
2.966638e-02
2.970693e-02
2.974751e-02
2.978813e-02
2.982880e-02
2.986950e-02
2.991023e-02
2.995099e-02
2.999178e-02
3.003260e-02
3.007345e-02
3.011432e-02
3.015523e-02
3.019617e-02
3.023714e-02
3.027814e-02
3.031918e-02
3.036026e-02
3.040137e-02
3.044251e-02
3.048370e-02
3.052491e-02
3.056618e-02
3.060747e-02
3.064881e-02
3.069017e-02
3.073156e-02
3.077298e-02
3.081443e-02
3.085591e-02
3.089742e-02
3.093897e-02
3.098055e-02
3.102216e-02
3.106382e-02
3.110550e-02
3.114723e-02
3.118900e-02
3.123080e-02
3.127265e-02
3.131454e-02
3.135646e-02
3.139842e-02
3.144040e-02
3.148241e-02
3.152444e-02
3.156652e-02
3.160861e-02
3.165075e-02
3.169292e-02
3.173512e-02
3.177736e-02
3.181964e-02
3.186195e-02
3.190430e-02
3.194669e-02
3.198912e-02
3.203157e-02
3.207405e-02
3.211656e-02
3.215911e-02
3.220169e-02
3.224431e-02
3.228695e-02
3.232964e-02
3.237236e-02
3.241512e-02
3.245791e-02
3.250075e-02
3.254362e-02
3.258653e-02
3.262948e-02
3.267247e-02
3.271550e-02
3.275857e-02
3.280166e-02
3.284478e-02
3.288793e-02
3.293110e-02
3.297429e-02
3.301752e-02
3.306077e-02
3.310406e-02
3.314737e-02
3.319072e-02
3.323410e-02
3.327751e-02
3.332096e-02
3.336445e-02
3.340797e-02
3.345153e-02
3.349513e-02
3.353877e-02
3.358244e-02
3.362616e-02
3.366992e-02
3.371372e-02
3.375754e-02
3.380141e-02
3.384530e-02
3.388924e-02
3.393320e-02
3.397721e-02
3.402126e-02
3.406534e-02
3.410945e-02
3.415360e-02
3.419778e-02
3.424198e-02
3.428622e-02
3.433049e-02
3.437479e-02
3.441912e-02
3.446349e-02
3.450788e-02
3.455230e-02
3.459674e-02
3.464121e-02
3.468571e-02
3.473024e-02
3.477479e-02
3.481938e-02
3.486399e-02
3.490864e-02
3.495332e-02
3.499803e-02
3.504277e-02
3.508755e-02
3.513236e-02
3.517548e-02
3.521858e-02
3.526172e-02
3.530496e-02
3.534836e-02
3.539203e-02
3.543605e-02
3.548056e-02
3.552565e-02
3.557077e-02
3.561590e-02
3.566106e-02
3.570624e-02
3.575144e-02
3.579377e-02
3.583614e-02
3.587860e-02
3.592128e-02
3.596426e-02
3.600764e-02
3.605153e-02
3.609605e-02
3.614137e-02
3.618673e-02
3.623211e-02
3.627654e-02
3.632193e-02
3.636733e-02
3.641274e-02
3.645817e-02
3.650058e-02
3.654317e-02
3.658597e-02
3.662901e-02
3.667233e-02
3.671598e-02
3.675999e-02
3.680455e-02
3.684995e-02
3.689282e-02
3.693803e-02
3.698349e-02
3.702896e-02
3.707443e-02
3.711991e-02
3.716249e-02
3.720536e-02
3.724851e-02
3.729201e-02
3.733587e-02
3.737839e-02
3.742096e-02
3.746357e-02
3.750625e-02
3.754898e-02
3.759176e-02
3.763456e-02
3.767704e-02
3.771973e-02
3.776263e-02
3.780569e-02
3.784919e-02
3.789292e-02
3.793718e-02
3.798151e-02
3.802585e-02
3.807020e-02
3.811372e-02
3.815810e-02
3.820252e-02
3.824697e-02
3.828976e-02
3.833281e-02
3.837612e-02
3.841975e-02
3.846368e-02
3.850797e-02
3.855203e-02
3.859605e-02
3.863799e-02
3.868191e-02
3.872588e-02
3.876986e-02
3.881386e-02
3.885788e-02
3.890195e-02
3.894614e-02
3.899018e-02
3.903448e-02
3.907839e-02
3.912230e-02
3.916624e-02
3.921023e-02
3.925428e-02
3.929843e-02
3.934232e-02
3.938618e-02
3.943003e-02
3.947393e-02
3.951792e-02
3.956203e-02
3.960629e-02
3.965041e-02
3.969455e-02
3.973873e-02
3.978296e-02
3.982728e-02
3.987066e-02
3.991497e-02
3.995749e-02
4.000081e-02
4.004599e-02
4.009092e-02
4.013737e-02
4.018404e-02
4.023072e-02
4.027537e-02
4.032008e-02
4.036483e-02
4.040960e-02
4.045434e-02
4.049914e-02
4.054404e-02
4.057891e-02
4.061690e-02
4.065869e-02
4.070416e-02
4.073939e-02
4.077577e-02
4.081440e-02
4.085586e-02
4.089144e-02
4.092816e-02
4.096634e-02
4.100747e-02
4.104439e-02
4.108499e-02
4.112685e-02
4.116979e-02
4.121072e-02
4.125267e-02
4.129281e-02
4.133372e-02
4.137318e-02
4.141412e-02
4.145315e-02
4.149424e-02
4.153098e-02
4.156815e-02
4.160562e-02
4.164362e-02
4.168188e-02
4.172074e-02
4.175982e-02
4.180281e-02
4.184878e-02
4.189483e-02
4.193764e-02
4.198360e-02
4.202891e-02
4.207536e-02
4.211948e-02
4.216543e-02
4.220898e-02
4.225402e-02
4.229723e-02
4.234180e-02
4.238125e-02
4.242224e-02
4.246450e-02
4.250769e-02
4.254929e-02
4.259180e-02
4.263586e-02
4.267802e-02
4.272232e-02
4.276778e-02
4.281405e-02
4.286035e-02
4.290676e-02
4.295332e-02
4.299576e-02
4.304007e-02
4.308573e-02
4.313218e-02
4.317730e-02
4.322245e-02
4.326766e-02
4.331300e-02
4.335847e-02
4.340412e-02
4.344996e-02
4.349603e-02
4.354221e-02
4.358838e-02
4.363453e-02
4.368067e-02
4.372680e-02
4.377292e-02
4.381902e-02
4.386512e-02
4.391121e-02
4.395729e-02
4.400336e-02
4.404943e-02
4.409548e-02
4.414087e-02
4.418636e-02
4.423200e-02
4.427779e-02
4.432378e-02
4.436977e-02
4.441575e-02
4.446171e-02
4.450767e-02
4.455360e-02
4.459952e-02
4.464541e-02
4.469162e-02
4.473788e-02
4.478424e-02
4.483074e-02
4.487739e-02
4.492421e-02
4.497121e-02
4.501657e-02
4.506205e-02
4.510765e-02
4.515341e-02
4.519933e-02
4.524545e-02
4.529143e-02
4.533737e-02
4.538327e-02
4.542915e-02
4.547498e-02
4.552083e-02
4.556671e-02
4.561268e-02
4.565881e-02
4.570453e-02
4.575032e-02
4.579617e-02
4.584208e-02
4.588805e-02
4.593351e-02
4.597915e-02
4.602494e-02
4.607069e-02
4.611642e-02
4.616213e-02
4.620782e-02
4.625351e-02
4.629920e-02
4.634493e-02
4.639079e-02
4.643682e-02
4.648304e-02
4.652947e-02
4.657612e-02
4.662273e-02
4.666931e-02
4.671585e-02
4.676152e-02
4.680741e-02
4.685315e-02
4.689888e-02
4.694460e-02
4.699033e-02
4.703605e-02
4.708182e-02
4.712670e-02
4.717168e-02
4.721677e-02
4.726198e-02
4.730732e-02
4.735280e-02
4.739842e-02
4.744419e-02
4.748970e-02
4.753579e-02
4.758119e-02
4.762708e-02
4.767239e-02
4.771828e-02
4.776353e-02
4.780945e-02
4.785464e-02
4.790068e-02
4.794583e-02
4.799220e-02
4.803730e-02
4.808409e-02
4.812915e-02
4.817642e-02
4.822141e-02
4.826628e-02
4.831115e-02
4.835600e-02
4.840088e-02
4.844584e-02
4.849091e-02
4.853613e-02
4.858153e-02
4.862713e-02
4.867294e-02
4.871898e-02
4.876524e-02
4.881175e-02
4.885850e-02
4.890552e-02
4.895280e-02
4.900038e-02
4.904826e-02
4.909647e-02
4.914249e-02
4.918877e-02
4.923520e-02
4.928164e-02
4.932640e-02
4.937117e-02
4.941599e-02
4.946091e-02
4.950599e-02
4.955127e-02
4.959680e-02
4.964088e-02
4.968499e-02
4.972913e-02
4.977332e-02
4.981755e-02
4.986186e-02
4.990624e-02
4.995071e-02
4.999528e-02
5.003998e-02
5.008486e-02
5.012993e-02
5.017521e-02
5.021987e-02
5.026561e-02
5.031004e-02
5.035641e-02
5.040071e-02
5.044792e-02
5.049216e-02
5.053605e-02
5.058007e-02
5.062421e-02
5.066846e-02
5.071288e-02
5.075713e-02
5.080190e-02
5.084617e-02
5.089142e-02
5.093576e-02
5.098158e-02
5.102605e-02
5.107246e-02
5.111711e-02
5.116405e-02
5.120887e-02
5.125632e-02
5.130126e-02
5.134814e-02
5.139319e-02
5.144147e-02
5.148666e-02
5.153191e-02
5.157728e-02
5.162272e-02
5.166824e-02
5.171385e-02
5.175962e-02
5.180559e-02
5.185182e-02
5.189835e-02
5.194477e-02
5.199148e-02
5.203856e-02
5.208631e-02
5.213473e-02
5.218314e-02
5.223153e-02
5.227992e-02
5.232829e-02
5.237667e-02
5.242509e-02
5.247359e-02
5.252223e-02
5.256848e-02
5.261500e-02
5.266182e-02
5.270905e-02
5.275699e-02
5.280605e-02
5.285571e-02
5.290553e-02
5.295551e-02
5.300568e-02
5.305603e-02
5.310661e-02
5.315742e-02
5.320351e-02
5.324990e-02
5.329655e-02
5.334352e-02
5.339080e-02
5.343840e-02
5.348678e-02
5.353515e-02
5.358358e-02
5.363211e-02
5.368074e-02
5.372951e-02
5.377840e-02
5.382744e-02
5.387662e-02
5.392294e-02
5.396953e-02
5.401642e-02
5.406360e-02
5.411112e-02
5.415909e-02
5.420781e-02
5.425606e-02
5.430425e-02
5.435238e-02
5.440046e-02
5.444850e-02
5.449653e-02
5.454462e-02
5.459282e-02
5.463938e-02
5.468624e-02
5.473339e-02
5.478089e-02
5.482873e-02
5.487694e-02
5.492601e-02
5.497585e-02
5.502600e-02
5.507620e-02
5.512432e-02
5.517242e-02
5.522049e-02
5.526856e-02
5.531662e-02
5.536344e-02
5.541052e-02
5.545793e-02
5.550565e-02
5.555372e-02
5.560257e-02
5.565166e-02
5.570098e-02
5.575057e-02
5.580043e-02
5.585058e-02
5.590105e-02
5.595187e-02
5.599860e-02
5.604563e-02
5.609296e-02
5.614064e-02
5.618867e-02
5.623711e-02
5.628560e-02
5.633419e-02
5.638296e-02
5.643191e-02
5.648108e-02
5.653048e-02
5.658010e-02
5.662996e-02
5.667691e-02
5.672416e-02
5.677172e-02
5.681965e-02
5.686795e-02
5.691670e-02
5.696560e-02
5.701452e-02
5.706344e-02
5.711238e-02
5.716133e-02
5.721031e-02
5.725932e-02
5.730841e-02
5.735557e-02
5.740303e-02
5.745083e-02
5.749901e-02
5.754760e-02
5.759667e-02
5.764674e-02
5.769735e-02
5.774819e-02
5.779926e-02
5.785058e-02
5.790205e-02
5.795353e-02
5.800068e-02
5.804809e-02
5.809583e-02
5.814392e-02
5.819242e-02
5.824153e-02
5.829103e-02
5.834054e-02
5.839009e-02
5.843976e-02
5.848957e-02
5.853955e-02
5.858969e-02
5.863687e-02
5.868431e-02
5.873208e-02
5.878023e-02
5.882883e-02
5.887795e-02
5.892815e-02
5.897959e-02
5.903123e-02
5.908289e-02
5.913456e-02
5.918623e-02
5.923325e-02
5.928051e-02
5.932806e-02
5.937597e-02
5.942432e-02
5.947316e-02
5.952244e-02
5.957233e-02
5.961718e-02
5.966398e-02
5.970544e-02
5.974831e-02
5.978753e-02
5.982770e-02
5.985780e-02
5.989091e-02
5.992733e-02
5.996657e-02
6.000663e-02
6.004760e-02
6.008959e-02
6.013578e-02
6.018386e-02
6.023373e-02
6.027849e-02
6.032429e-02
6.036642e-02
6.041036e-02
6.044289e-02
6.047569e-02
6.050801e-02
6.054063e-02
6.057281e-02
6.060820e-02
6.064199e-02
6.067916e-02
6.071952e-02
6.076084e-02
6.080322e-02
6.084680e-02
6.089165e-02
6.093782e-02
6.098216e-02
6.102777e-02
6.106266e-02
6.109827e-02
6.113466e-02
6.117082e-02
6.121053e-02
6.125157e-02
6.129025e-02
6.133019e-02
6.137119e-02
6.141261e-02
6.145453e-02
6.149734e-02
6.154100e-02
6.158573e-02
6.162580e-02
6.166735e-02
6.170869e-02
6.175417e-02
6.179855e-02
6.184254e-02
6.188617e-02
6.193059e-02
6.197615e-02
6.202297e-02
6.206687e-02
6.211353e-02
6.215880e-02
6.220801e-02
6.225731e-02
6.230652e-02
6.235400e-02
6.240183e-02
6.244998e-02
6.249855e-02
6.254771e-02
6.259783e-02
6.264889e-02
6.270005e-02
6.275120e-02
6.280235e-02
6.285349e-02
6.290462e-02
6.295211e-02
6.299993e-02
6.304807e-02
6.309659e-02
6.314568e-02
6.319571e-02
6.324680e-02
6.328190e-02
6.331805e-02
6.335517e-02
6.338914e-02
6.342391e-02
6.345777e-02
6.349238e-02
6.352611e-02
6.356058e-02
6.359417e-02
6.362848e-02
6.366194e-02
6.369610e-02
6.372942e-02
6.376344e-02
6.379663e-02
6.383052e-02
6.386358e-02
6.389733e-02
6.393029e-02
6.396392e-02
6.399676e-02
6.403028e-02
6.406303e-02
6.409645e-02
6.412911e-02
6.416243e-02
6.419501e-02
6.422823e-02
6.426074e-02
6.429388e-02
6.432772e-02
6.436049e-02
6.439392e-02
6.442810e-02
6.446310e-02
6.449573e-02
6.452905e-02
6.456312e-02
6.459802e-02
6.463384e-02
6.467068e-02
6.470861e-02
6.474142e-02
6.477515e-02
6.480977e-02
6.484321e-02
6.487749e-02
6.491095e-02
6.494524e-02
6.497868e-02
6.501297e-02
6.504639e-02
6.508067e-02
6.511586e-02
6.514868e-02
6.518237e-02
6.521697e-02
6.525029e-02
6.528453e-02
6.531974e-02
6.535247e-02
6.538616e-02
6.542085e-02
6.545420e-02
6.548860e-02
6.552406e-02
6.555683e-02
6.559072e-02
6.562576e-02
6.565936e-02
6.569419e-02
6.573027e-02
6.576322e-02
6.579758e-02
6.583331e-02
6.586742e-02
6.590306e-02
6.594019e-02
6.597351e-02
6.600867e-02
6.604554e-02
6.608055e-02
6.611749e-02
6.615621e-02
6.619012e-02
6.622523e-02
6.626245e-02
6.629796e-02
6.633504e-02
6.637409e-02
6.640878e-02
6.644487e-02
6.648191e-02
6.652035e-02
6.655535e-02
6.659166e-02
6.662886e-02
6.666509e-02
6.670274e-02
6.673897e-02
6.677597e-02
6.681483e-02
6.684948e-02
6.688535e-02
6.692258e-02
6.695831e-02
6.699531e-02
6.703182e-02
6.707197e-02
6.711342e-02
6.715813e-02
6.720266e-02
6.724752e-02
6.729456e-02
6.734290e-02
6.739168e-02
6.743667e-02
6.748348e-02
6.752604e-02
6.757226e-02
6.761289e-02
6.765742e-02
6.769661e-02
6.773972e-02
6.777750e-02
6.781907e-02
6.785577e-02
6.789615e-02
6.793632e-02
6.797679e-02
6.801628e-02
6.805606e-02
6.809499e-02
6.813780e-02
6.818490e-02
6.823645e-02
6.827005e-02
6.830701e-02
6.834766e-02
6.839199e-02
6.842540e-02
6.845943e-02
6.849421e-02
6.852997e-02
6.856591e-02
6.860364e-02
6.864303e-02
6.868072e-02
6.872024e-02
6.876093e-02
6.880063e-02
6.884063e-02
6.887975e-02
6.891913e-02
6.895774e-02
6.899661e-02
6.903181e-02
6.907053e-02
6.911311e-02
6.915996e-02
6.920873e-02
6.925768e-02
6.930678e-02
6.935605e-02
6.940590e-02
6.945657e-02
6.950833e-02
6.956045e-02
6.961259e-02
6.966474e-02
6.970276e-02
6.974167e-02
6.977969e-02
6.981808e-02
6.985593e-02
6.989411e-02
6.993176e-02
6.997318e-02
7.001874e-02
7.006734e-02
7.011606e-02
7.016495e-02
7.021409e-02
7.026372e-02
7.031417e-02
7.036570e-02
7.041754e-02
7.046935e-02
7.051695e-02
7.056725e-02
7.061900e-02
7.066888e-02
7.071671e-02
7.076700e-02
7.081298e-02
7.086117e-02
7.090573e-02
7.095252e-02
7.099592e-02
7.104148e-02
7.108394e-02
7.112854e-02
7.117024e-02
7.121413e-02
7.125527e-02
7.129869e-02
7.133944e-02
7.138262e-02
7.142802e-02
7.147545e-02
7.152307e-02
7.157381e-02
7.161253e-02
7.165299e-02
7.169474e-02
7.173749e-02
7.177757e-02
7.181919e-02
7.186209e-02
7.190610e-02
7.194658e-02
7.198895e-02
7.203334e-02
7.207844e-02
7.212271e-02
7.216775e-02
7.221196e-02
7.225737e-02
7.230151e-02
7.234716e-02
7.239443e-02
7.244381e-02
7.249512e-02
7.254244e-02
7.258986e-02
7.263741e-02
7.268503e-02
7.273277e-02
7.278071e-02
7.282910e-02
7.287829e-02
7.292858e-02
7.297947e-02
7.303184e-02
7.308536e-02
7.313652e-02
7.318764e-02
7.323873e-02
7.328484e-02
7.333111e-02
7.337747e-02
7.342399e-02
7.347060e-02
7.351737e-02
7.356475e-02
7.361299e-02
7.366228e-02
7.371240e-02
7.376381e-02
7.381676e-02
7.386761e-02
7.391844e-02
7.396923e-02
7.401478e-02
7.406046e-02
7.410636e-02
7.415238e-02
7.419860e-02
7.424511e-02
7.429215e-02
7.434006e-02
7.438914e-02
7.443875e-02
7.449002e-02
7.454065e-02
7.459127e-02
7.464187e-02
7.469248e-02
7.474309e-02
7.478880e-02
7.483469e-02
7.488080e-02
7.492706e-02
7.497350e-02
7.502008e-02
7.506683e-02
7.511410e-02
7.516209e-02
7.521099e-02
7.526112e-02
7.531122e-02
7.536176e-02
7.541233e-02
7.546297e-02
7.551367e-02
7.556455e-02
7.561566e-02
7.566706e-02
7.571879e-02
7.576547e-02
7.581228e-02
7.585925e-02
7.590631e-02
7.595350e-02
7.600077e-02
7.604815e-02
7.609570e-02
7.614358e-02
7.619199e-02
7.624108e-02
7.629096e-02
7.634188e-02
7.639230e-02
7.644447e-02
7.648150e-02
7.652133e-02
7.656334e-02
7.660277e-02
7.664066e-02
7.667924e-02
7.671652e-02
7.675425e-02
7.679090e-02
7.683121e-02
7.686729e-02
7.690697e-02
7.694264e-02
7.698188e-02
7.701724e-02
7.705614e-02
7.709893e-02
7.714600e-02
7.719380e-02
7.724167e-02
7.727901e-02
7.731775e-02
7.735796e-02
7.739972e-02
7.744386e-02
7.748257e-02
7.752311e-02
7.756560e-02
7.760354e-02
7.764378e-02
7.768637e-02
7.773130e-02
7.776706e-02
7.780374e-02
7.784280e-02
7.787887e-02
7.791485e-02
7.795206e-02
7.798824e-02
7.802574e-02
7.806260e-02
7.810007e-02
7.813768e-02
7.817583e-02
7.821518e-02
7.825638e-02
7.829770e-02
7.834316e-02
7.838387e-02
7.842786e-02
7.846459e-02
7.850499e-02
7.854254e-02
7.858059e-02
7.861899e-02
7.865769e-02
7.869709e-02
7.873703e-02
7.877706e-02
7.881827e-02
7.885751e-02
7.889810e-02
7.893657e-02
7.897552e-02
7.901331e-02
7.905141e-02
7.908857e-02
7.912670e-02
7.916344e-02
7.920385e-02
7.924024e-02
7.928027e-02
7.931941e-02
7.936153e-02
7.940629e-02
7.945553e-02
7.950523e-02
7.955540e-02
7.960604e-02
7.965732e-02
7.970925e-02
7.976206e-02
7.981426e-02
7.986798e-02
7.992230e-02
7.997718e-02
8.001964e-02
8.006543e-02
8.011581e-02
8.016849e-02
8.021074e-02
8.025397e-02
8.028578e-02
8.032078e-02
8.035260e-02
8.038760e-02
8.041942e-02
8.045444e-02
8.049295e-02
8.053531e-02
8.056717e-02
8.060049e-02
8.063602e-02
8.067433e-02
8.071584e-02
8.076126e-02
8.080778e-02
8.085477e-02
8.090217e-02
8.095081e-02
8.099947e-02
8.104821e-02
8.109697e-02
8.114580e-02
8.117770e-02
8.120988e-02
8.124179e-02
8.127397e-02
8.130589e-02
8.133809e-02
8.137002e-02
8.140514e-02
8.144377e-02
8.148627e-02
8.153301e-02
8.158409e-02
8.163526e-02
8.168657e-02
8.173797e-02
8.178961e-02
8.184134e-02
8.189341e-02
8.194556e-02
8.199817e-02
8.203118e-02
8.206478e-02
8.209893e-02
8.213394e-02
8.216687e-02
8.220039e-02
8.223327e-02
8.226676e-02
8.229961e-02
8.233306e-02
8.236588e-02
8.239931e-02
8.243210e-02
8.246550e-02
8.249828e-02
8.253166e-02
8.256442e-02
8.259780e-02
8.263054e-02
8.266392e-02
8.269752e-02
8.273059e-02
8.276436e-02
8.279745e-02
8.283125e-02
8.286436e-02
8.289780e-02
8.293065e-02
8.296408e-02
8.299769e-02
8.303044e-02
8.306356e-02
8.309723e-02
8.313175e-02
8.316505e-02
8.319892e-02
8.323270e-02
8.326694e-02
8.330148e-02
8.333487e-02
8.336899e-02
8.340256e-02
8.343602e-02
8.347017e-02
8.350390e-02
8.353800e-02
8.357208e-02
8.360645e-02
8.364079e-02
8.367528e-02
8.370981e-02
8.374523e-02
8.378037e-02
8.381589e-02
8.385163e-02
8.388802e-02
8.392461e-02
8.396186e-02
8.399936e-02
8.403763e-02
8.407614e-02
8.411640e-02
8.415854e-02
8.420307e-02
8.423757e-02
8.427552e-02
8.431635e-02
8.435924e-02
8.439933e-02
8.444132e-02
8.448072e-02
8.452185e-02
8.456060e-02
8.460090e-02
8.463905e-02
8.467858e-02
8.471616e-02
8.475499e-02
8.479205e-02
8.483023e-02
8.486682e-02
8.490441e-02
8.494057e-02
8.497764e-02
8.501341e-02
8.505001e-02
8.508542e-02
8.512159e-02
8.515668e-02
8.519247e-02
8.522728e-02
8.526273e-02
8.529728e-02
8.533244e-02
8.536676e-02
8.540168e-02
8.543580e-02
8.547050e-02
8.550446e-02
8.553904e-02
8.557437e-02
8.561050e-02
8.564752e-02
8.568824e-02
8.572858e-02
8.576967e-02
8.580943e-02
8.585120e-02
8.589023e-02
8.593136e-02
8.596998e-02
8.601066e-02
8.604897e-02
8.608926e-02
8.612730e-02
8.616724e-02
8.620504e-02
8.624466e-02
8.628223e-02
8.632157e-02
8.635893e-02
8.639801e-02
8.643518e-02
8.647402e-02
8.651101e-02
8.654963e-02
8.658646e-02
8.662489e-02
8.666157e-02
8.669984e-02
8.673640e-02
8.677453e-02
8.681098e-02
8.684803e-02
8.688439e-02
8.692236e-02
8.695866e-02
8.699603e-02
8.703230e-02
8.707025e-02
8.710653e-02
8.714456e-02
8.718087e-02
8.721905e-02
8.725547e-02
8.729388e-02
8.733044e-02
8.736918e-02
8.740597e-02
8.744379e-02
8.748101e-02
8.751921e-02
8.755667e-02
8.759505e-02
8.763261e-02
8.767109e-02
8.770870e-02
8.774727e-02
8.778494e-02
8.782360e-02
8.786134e-02
8.789999e-02
8.793769e-02
8.797628e-02
8.801390e-02
8.805252e-02
8.809019e-02
8.812880e-02
8.816643e-02
8.820497e-02
8.824254e-02
8.828100e-02
8.831849e-02
8.835687e-02
8.839427e-02
8.843264e-02
8.847007e-02
8.850840e-02
8.854575e-02
8.858405e-02
8.862140e-02
8.865961e-02
8.869685e-02
8.873499e-02
8.877218e-02
8.881026e-02
8.884739e-02
8.888538e-02
8.892242e-02
8.896028e-02
8.899719e-02
8.903486e-02
8.907158e-02
8.910908e-02
8.914567e-02
8.918300e-02
8.921944e-02
8.925780e-02
8.929391e-02
8.933204e-02
8.936803e-02
8.940600e-02
8.944189e-02
8.947966e-02
8.951542e-02
8.955293e-02
8.958852e-02
8.962571e-02
8.966110e-02
8.969791e-02
8.973306e-02
8.976951e-02
8.980439e-02
8.984034e-02
8.987494e-02
8.990998e-02
8.994434e-02
8.997903e-02
9.001311e-02
9.004746e-02
9.008128e-02
9.011533e-02
9.014892e-02
9.018587e-02
9.022651e-02
9.027122e-02
9.031914e-02
9.036701e-02
9.041485e-02
9.046265e-02
9.051046e-02
9.055828e-02
9.059282e-02
9.062964e-02
9.066845e-02
9.070551e-02
9.074148e-02
9.077892e-02
9.081458e-02
9.085144e-02
9.088673e-02
9.092250e-02
9.095746e-02
9.099276e-02
9.102737e-02
9.106223e-02
9.109651e-02
9.113100e-02
9.116500e-02
9.120241e-02
9.123621e-02
9.127339e-02
9.131429e-02
9.135928e-02
9.140833e-02
9.145737e-02
9.150648e-02
9.155564e-02
9.160492e-02
9.165431e-02
9.170386e-02
9.175350e-02
9.180315e-02
9.185254e-02
9.188674e-02
9.192283e-02
9.195763e-02
9.199347e-02
9.202819e-02
9.206325e-02
9.209778e-02
9.213258e-02
9.216693e-02
9.220470e-02
9.223890e-02
9.227652e-02
9.231789e-02
9.236341e-02
9.241291e-02
9.246229e-02
9.251154e-02
9.256068e-02
9.261010e-02
9.265979e-02
9.270920e-02
9.275852e-02
9.280792e-02
9.285723e-02
9.290662e-02
9.295600e-02
9.299026e-02
9.302589e-02
9.306051e-02
9.309547e-02
9.312999e-02
9.316797e-02
9.320239e-02
9.324025e-02
9.327459e-02
9.331236e-02
9.335391e-02
9.339962e-02
9.344820e-02
9.349730e-02
9.354608e-02
9.359494e-02
9.364366e-02
9.369352e-02
9.374317e-02
9.379304e-02
9.384294e-02
9.389280e-02
9.392952e-02
9.396742e-02
9.400186e-02
9.403942e-02
9.407414e-02
9.411116e-02
9.414580e-02
9.418259e-02
9.421714e-02
9.425376e-02
9.428826e-02
9.432621e-02
9.436064e-02
9.439851e-02
9.444017e-02
9.448599e-02
9.453472e-02
9.458339e-02
9.463191e-02
9.468034e-02
9.472924e-02
9.477876e-02
9.482802e-02
9.487752e-02
9.492703e-02
9.497647e-02
9.501092e-02
9.504882e-02
9.508336e-02
9.512134e-02
9.515583e-02
9.519377e-02
9.522822e-02
9.526612e-02
9.530056e-02
9.533843e-02
9.537283e-02
9.541067e-02
9.544503e-02
9.548283e-02
9.551717e-02
9.555495e-02
9.558926e-02
9.562701e-02
9.566130e-02
9.569903e-02
9.573964e-02
9.578126e-02
9.582123e-02
9.586214e-02
9.590155e-02
9.594185e-02
9.597631e-02
9.601422e-02
9.604873e-02
9.608669e-02
9.612119e-02
9.615913e-02
9.619361e-02
9.623153e-02
9.626599e-02
9.630390e-02
9.633836e-02
9.637625e-02
9.641069e-02
9.644844e-02
9.648286e-02
9.652042e-02
9.655482e-02
9.659222e-02
9.662661e-02
9.666388e-02
9.669825e-02
9.673543e-02
9.676979e-02
9.680655e-02
9.684089e-02
9.687866e-02
9.691343e-02
9.695050e-02
9.698546e-02
9.702216e-02
9.705650e-02
9.709162e-02
9.712645e-02
9.716332e-02
9.719777e-02
9.723303e-02
9.726773e-02
9.730483e-02
9.733937e-02
9.737481e-02
9.740943e-02
9.744675e-02
9.748135e-02
9.751706e-02
9.755126e-02
9.758575e-02
9.762001e-02
9.765446e-02
9.768863e-02
9.772310e-02
9.775734e-02
9.779174e-02
9.782587e-02
9.786030e-02
9.789453e-02
9.792887e-02
9.796295e-02
9.799734e-02
9.803156e-02
9.806583e-02
9.809987e-02
9.813418e-02
9.816842e-02
9.820287e-02
9.823746e-02
9.827231e-02
9.830740e-02
9.834281e-02
9.837856e-02
9.841468e-02
9.845120e-02
9.848816e-02
9.852556e-02
9.856345e-02
9.860490e-02
9.865050e-02
9.869603e-02
9.874086e-02
9.877629e-02
9.881201e-02
9.884761e-02
9.888505e-02
9.892406e-02
9.896135e-02
9.899634e-02
9.903341e-02
9.906848e-02
9.910678e-02
9.914185e-02
9.918032e-02
9.921540e-02
9.925399e-02
9.928909e-02
9.932769e-02
9.936279e-02
9.940139e-02
9.943649e-02
9.947510e-02
9.951022e-02
9.954885e-02
9.958399e-02
9.962010e-02
9.965527e-02
9.969284e-02
9.972805e-02
9.976421e-02
9.979944e-02
9.983767e-02
9.987294e-02
9.991085e-02
9.994616e-02
9.998309e-02
1.000184e-01
1.000573e-01
1.000925e-01
1.001298e-01
1.001650e-01
1.002038e-01
1.002391e-01
1.002779e-01
1.003132e-01
1.003520e-01
1.003873e-01
1.004231e-01
1.004584e-01
1.004943e-01
1.005296e-01
1.005655e-01
1.006009e-01
1.006379e-01
1.006733e-01
1.007097e-01
1.007451e-01
1.007814e-01
1.008168e-01
1.008558e-01
1.008905e-01
1.009286e-01
1.009641e-01
1.010032e-01
1.010379e-01
1.010760e-01
1.011115e-01
1.011474e-01
1.011823e-01
1.012206e-01
1.012560e-01
1.012919e-01
1.013273e-01
1.013632e-01
1.013986e-01
1.014345e-01
1.014700e-01
1.015059e-01
1.015414e-01
1.015804e-01
1.016159e-01
1.016549e-01
1.016904e-01
1.017295e-01
1.017650e-01
1.018041e-01
1.018396e-01
1.018787e-01
1.019143e-01
1.019534e-01
1.019890e-01
1.020282e-01
1.020638e-01
1.021029e-01
1.021460e-01
1.021897e-01
1.022330e-01
1.022769e-01
1.023200e-01
1.023637e-01
1.024024e-01
1.024442e-01
1.024869e-01
1.025292e-01
1.025715e-01
1.026135e-01
1.026554e-01
1.026970e-01
1.027387e-01
1.027801e-01
1.028215e-01
1.028627e-01
1.029069e-01
1.029479e-01
1.029931e-01
1.030387e-01
1.030743e-01
1.031101e-01
1.031457e-01
1.031822e-01
1.032177e-01
1.032568e-01
1.032997e-01
1.033445e-01
1.033799e-01
1.034167e-01
1.034521e-01
1.034911e-01
1.035265e-01
1.035654e-01
1.036008e-01
1.036397e-01
1.036821e-01
1.037240e-01
1.037656e-01
1.038070e-01
1.038482e-01
1.038891e-01
1.039299e-01
1.039705e-01
1.040111e-01
1.040514e-01
1.040917e-01
1.041319e-01
1.041760e-01
1.042160e-01
1.042591e-01
1.043021e-01
1.043448e-01
1.043874e-01
1.044303e-01
1.044735e-01
1.045170e-01
1.045606e-01
1.046042e-01
1.046466e-01
1.046892e-01
1.047316e-01
1.047737e-01
1.048151e-01
1.048562e-01
1.048968e-01
1.049372e-01
1.049772e-01
1.050169e-01
1.050564e-01
1.050957e-01
1.051348e-01
1.051738e-01
1.052058e-01
1.052385e-01
1.052720e-01
1.053064e-01
1.053385e-01
1.053713e-01
1.054050e-01
1.054368e-01
1.054693e-01
1.055012e-01
1.055338e-01
1.055656e-01
1.055982e-01
1.056301e-01
1.056628e-01
1.056947e-01
1.057274e-01
1.057593e-01
1.057921e-01
1.058241e-01
1.058568e-01
1.058889e-01
1.059217e-01
1.059539e-01
1.059868e-01
1.060190e-01
1.060520e-01
1.060842e-01
1.061174e-01
1.061497e-01
1.061829e-01
1.062154e-01
1.062487e-01
1.062813e-01
1.063148e-01
1.063475e-01
1.063812e-01
1.064140e-01
1.064479e-01
1.064808e-01
1.065149e-01
1.065481e-01
1.065825e-01
1.066158e-01
1.066505e-01
1.066841e-01
1.067192e-01
1.067531e-01
1.067886e-01
1.068229e-01
1.068590e-01
1.068936e-01
1.069304e-01
1.069656e-01
1.070018e-01
1.070392e-01
1.070759e-01
1.071133e-01
1.071516e-01
1.071839e-01
1.072173e-01
1.072514e-01
1.072844e-01
1.073170e-01
1.073502e-01
1.073828e-01
1.074160e-01
1.074486e-01
1.074817e-01
1.075143e-01
1.075474e-01
1.075799e-01
1.076130e-01
1.076454e-01
1.076785e-01
1.077109e-01
1.077439e-01
1.077763e-01
1.078093e-01
1.078416e-01
1.078746e-01
1.079069e-01
1.079398e-01
1.079722e-01
1.080050e-01
1.080373e-01
1.080698e-01
1.081018e-01
1.081346e-01
1.081670e-01
1.081998e-01
1.082321e-01
1.082649e-01
1.082973e-01
1.083301e-01
1.083636e-01
1.083965e-01
1.084284e-01
1.084610e-01
1.084929e-01
1.085250e-01
1.085568e-01
1.085902e-01
1.086230e-01
1.086564e-01
1.086878e-01
1.087213e-01
1.087521e-01
1.087835e-01
1.088143e-01
1.088457e-01
1.088765e-01
1.089079e-01
1.089387e-01
1.089698e-01
1.090008e-01
1.090319e-01
1.090628e-01
1.090939e-01
1.091249e-01
1.091560e-01
1.091870e-01
1.092201e-01
1.092538e-01
1.092883e-01
1.093211e-01
1.093545e-01
1.093886e-01
1.094234e-01
1.094590e-01
1.094955e-01
1.095264e-01
1.095585e-01
1.095894e-01
1.096234e-01
1.096543e-01
1.096855e-01
1.097165e-01
1.097477e-01
1.097787e-01
1.098100e-01
1.098410e-01
1.098752e-01
1.099127e-01
1.099514e-01
1.099898e-01
1.100278e-01
1.100657e-01
1.101034e-01
1.101446e-01
1.101822e-01
1.102235e-01
1.102633e-01
1.103040e-01
1.103436e-01
1.103841e-01
1.104235e-01
1.104636e-01
1.105030e-01
1.105423e-01
1.105756e-01
1.106096e-01
1.106443e-01
1.106773e-01
1.107110e-01
1.107423e-01
1.107741e-01
1.108055e-01
1.108371e-01
1.108686e-01
1.109002e-01
1.109317e-01
1.109634e-01
1.109949e-01
1.110267e-01
1.110582e-01
1.110899e-01
1.111214e-01
1.111532e-01
1.111848e-01
1.112165e-01
1.112481e-01
1.112799e-01
1.113115e-01
1.113433e-01
1.113748e-01
1.114066e-01
1.114382e-01
1.114703e-01
1.115029e-01
1.115361e-01
1.115698e-01
1.116038e-01
1.116377e-01
1.116718e-01
1.117057e-01
1.117399e-01
1.117738e-01
1.118081e-01
1.118458e-01
1.118844e-01
1.119240e-01
1.119625e-01
1.120018e-01
1.120401e-01
1.120792e-01
1.121172e-01
1.121562e-01
1.121940e-01
1.122328e-01
1.122707e-01
1.123094e-01
1.123472e-01
1.123814e-01
1.124162e-01
1.124504e-01
1.124850e-01
1.125193e-01
1.125539e-01
1.125883e-01
1.126229e-01
1.126573e-01
1.126920e-01
1.127264e-01
1.127611e-01
1.127956e-01
1.128304e-01
1.128649e-01
1.128997e-01
1.129342e-01
1.129690e-01
1.130036e-01
1.130385e-01
1.130732e-01
1.131081e-01
1.131456e-01
1.131823e-01
1.132197e-01
1.132562e-01
1.132935e-01
1.133299e-01
1.133644e-01
1.133995e-01
1.134341e-01
1.134689e-01
1.135036e-01
1.135384e-01
1.135731e-01
1.136080e-01
1.136427e-01
1.136777e-01
1.137124e-01
1.137474e-01
1.137822e-01
1.138173e-01
1.138521e-01
1.138872e-01
1.139220e-01
1.139572e-01
1.139921e-01
1.140272e-01
1.140622e-01
1.140976e-01
1.141340e-01
1.141692e-01
1.142054e-01
1.142406e-01
1.142767e-01
1.143117e-01
1.143476e-01
1.143826e-01
1.144178e-01
1.144527e-01
1.144883e-01
1.145232e-01
1.145587e-01
1.145935e-01
1.146289e-01
1.146636e-01
1.146989e-01
1.147336e-01
1.147688e-01
1.148035e-01
1.148386e-01
1.148732e-01
1.149083e-01
1.149429e-01
1.149780e-01
1.150126e-01
1.150477e-01
1.150823e-01
1.151174e-01
1.151520e-01
1.151870e-01
1.152217e-01
1.152568e-01
1.152915e-01
1.153266e-01
1.153613e-01
1.153964e-01
1.154312e-01
1.154663e-01
1.155049e-01
1.155400e-01
1.155786e-01
1.156210e-01
1.156646e-01
1.157080e-01
1.157513e-01
1.157948e-01
1.158383e-01
1.158819e-01
1.159256e-01
1.159694e-01
1.160131e-01
1.160567e-01
1.161002e-01
1.161372e-01
1.161740e-01
1.162146e-01
1.162527e-01
1.162945e-01
1.163381e-01
1.163818e-01
1.164255e-01
1.164692e-01
1.165130e-01
1.165567e-01
1.166004e-01
1.166441e-01
1.166873e-01
1.167310e-01
1.167747e-01
1.168186e-01
1.168624e-01
1.169062e-01
1.169493e-01
1.169932e-01
1.170371e-01
1.170810e-01
1.171249e-01
1.171617e-01
1.172022e-01
1.172390e-01
1.172795e-01
1.173163e-01
1.173534e-01
1.173902e-01
1.174273e-01
1.174641e-01
1.175012e-01
1.175380e-01
1.175751e-01
1.176119e-01
1.176490e-01
1.176898e-01
1.177324e-01
1.177752e-01
1.178178e-01
1.178608e-01
1.179040e-01
1.179469e-01
1.179897e-01
1.180326e-01
1.180756e-01
1.181187e-01
1.181615e-01
1.182048e-01
1.182476e-01
1.182908e-01
1.183339e-01
1.183771e-01
1.184203e-01
1.184636e-01
1.185066e-01
1.185499e-01
1.185929e-01
1.186364e-01
1.186799e-01
1.187235e-01
1.187671e-01
1.188107e-01
1.188545e-01
1.188983e-01
1.189422e-01
1.189861e-01
1.190300e-01
1.190670e-01
1.191047e-01
1.191418e-01
1.191792e-01
1.192163e-01
1.192537e-01
1.192909e-01
1.193283e-01
1.193655e-01
1.194030e-01
1.194402e-01
1.194777e-01
1.195149e-01
1.195525e-01
1.195897e-01
1.196273e-01
1.196646e-01
1.197022e-01
1.197395e-01
1.197772e-01
1.198145e-01
1.198522e-01
1.198936e-01
1.199369e-01
1.199742e-01
1.200121e-01
1.200495e-01
1.200874e-01
1.201248e-01
1.201625e-01
1.201965e-01
1.202326e-01
1.202666e-01
1.203020e-01
1.203360e-01
1.203711e-01
1.204052e-01
1.204401e-01
1.204741e-01
1.205087e-01
1.205428e-01
1.205779e-01
1.206120e-01
1.206492e-01
1.206889e-01
1.207305e-01
1.207720e-01
1.208141e-01
1.208566e-01
1.208997e-01
1.209434e-01
1.209877e-01
1.210332e-01
1.210795e-01
1.211265e-01
1.211729e-01
1.212068e-01
1.212416e-01
1.212773e-01
1.213118e-01
1.213471e-01
1.213832e-01
1.214173e-01
1.214521e-01
1.214877e-01
1.215221e-01
1.215573e-01
1.215933e-01
1.216273e-01
1.216620e-01
1.216974e-01
1.217318e-01
1.217669e-01
1.218027e-01
1.218367e-01
1.218714e-01
1.219068e-01
1.219429e-01
1.219799e-01
1.220179e-01
1.220569e-01
1.220970e-01
1.221384e-01
1.221810e-01
1.222247e-01
1.222696e-01
1.223152e-01
1.223609e-01
1.224066e-01
1.224524e-01
1.224982e-01
1.225442e-01
1.225902e-01
1.226354e-01
1.226830e-01
1.227313e-01
1.227797e-01
1.228281e-01
1.228764e-01
1.229248e-01
1.229731e-01
1.230215e-01
1.230698e-01
1.231181e-01
1.231664e-01
1.232153e-01
1.232642e-01
1.233131e-01
1.233620e-01
1.234108e-01
1.234597e-01
1.235085e-01
1.235574e-01
1.236062e-01
1.236550e-01
1.237039e-01
1.237532e-01
1.238026e-01
1.238521e-01
1.239016e-01
1.239510e-01
1.240004e-01
1.240499e-01
1.240993e-01
1.241487e-01
1.241981e-01
1.242475e-01
1.242968e-01
1.243462e-01
1.243962e-01
1.244464e-01
1.244965e-01
1.245466e-01
1.245968e-01
1.246469e-01
1.246970e-01
1.247470e-01
1.247971e-01
1.248311e-01
1.248659e-01
1.249015e-01
1.249360e-01
1.249712e-01
1.250057e-01
1.250408e-01
1.250753e-01
1.251094e-01
1.251442e-01
1.251783e-01
1.252130e-01
1.252471e-01
1.252818e-01
1.253159e-01
1.253506e-01
1.253847e-01
1.254193e-01
1.254534e-01
1.254881e-01
1.255221e-01
1.255567e-01
1.255908e-01
1.256254e-01
1.256594e-01
1.256940e-01
1.257280e-01
1.257626e-01
1.257965e-01
1.258311e-01
1.258651e-01
1.258996e-01
1.259336e-01
1.259681e-01
1.260020e-01
1.260365e-01
1.260704e-01
1.261049e-01
1.261388e-01
1.261733e-01
1.262072e-01
1.262417e-01
1.262756e-01
1.263104e-01
1.263459e-01
1.263804e-01
1.264157e-01
1.264503e-01
1.264856e-01
1.265202e-01
1.265555e-01
1.265901e-01
1.266255e-01
1.266600e-01
1.266954e-01
1.267299e-01
1.267652e-01
1.267998e-01
1.268351e-01
1.268697e-01
1.269050e-01
1.269396e-01
1.269749e-01
1.270095e-01
1.270448e-01
1.270794e-01
1.271147e-01
1.271493e-01
1.271846e-01
1.272192e-01
1.272546e-01
1.272892e-01
1.273245e-01
1.273591e-01
1.273944e-01
1.274290e-01
1.274644e-01
1.274990e-01
1.275343e-01
1.275689e-01
1.276043e-01
1.276389e-01
1.276743e-01
1.277089e-01
1.277443e-01
1.277790e-01
1.278143e-01
1.278490e-01
1.278844e-01
1.279191e-01
1.279545e-01
1.279892e-01
1.280246e-01
1.280593e-01
1.280948e-01
1.281295e-01
1.281637e-01
1.281991e-01
1.282336e-01
1.282688e-01
1.283047e-01
1.283396e-01
1.283752e-01
1.284108e-01
1.284475e-01
1.284834e-01
1.285204e-01
1.285565e-01
1.285938e-01
1.286301e-01
1.286676e-01
1.287041e-01
1.287418e-01
1.287784e-01
1.288164e-01
1.288532e-01
1.288914e-01
1.289283e-01
1.289667e-01
1.290038e-01
1.290423e-01
1.290796e-01
1.291184e-01
1.291559e-01
1.291949e-01
1.292325e-01
1.292718e-01
1.293096e-01
1.293491e-01
1.293871e-01
1.294268e-01
1.294650e-01
1.295049e-01
1.295433e-01
1.295835e-01
1.296221e-01
1.296625e-01
1.297007e-01
1.297407e-01
1.297797e-01
1.298176e-01
1.298576e-01
1.298956e-01
1.299356e-01
1.299736e-01
1.300138e-01
1.300518e-01
1.300921e-01
1.301303e-01
1.301706e-01
1.302089e-01
1.302494e-01
1.302877e-01
1.303283e-01
1.303667e-01
1.304074e-01
1.304459e-01
1.304866e-01
1.305253e-01
1.305661e-01
1.306048e-01
1.306458e-01
1.306846e-01
1.307256e-01
1.307645e-01
1.308056e-01
1.308446e-01
1.308858e-01
1.309249e-01
1.309661e-01
1.310053e-01
1.310466e-01
1.310859e-01
1.311273e-01
1.311666e-01
1.312081e-01
1.312474e-01
1.312890e-01
1.313284e-01
1.313700e-01
1.314095e-01
1.314511e-01
1.314906e-01
1.315323e-01
1.315719e-01
1.316135e-01
1.316532e-01
1.316949e-01
1.317345e-01
1.317762e-01
1.318159e-01
1.318576e-01
1.318973e-01
1.319390e-01
1.319787e-01
1.320204e-01
1.320601e-01
1.321017e-01
1.321415e-01
1.321830e-01
1.322228e-01
1.322643e-01
1.323040e-01
1.323455e-01
1.323852e-01
1.324266e-01
1.324662e-01
1.325075e-01
1.325472e-01
1.325884e-01
1.326280e-01
1.326691e-01
1.327087e-01
1.327497e-01
1.327892e-01
1.328301e-01
1.328696e-01
1.329103e-01
1.329497e-01
1.329904e-01
1.330298e-01
1.330703e-01
1.331096e-01
1.331500e-01
1.331892e-01
1.332295e-01
1.332687e-01
1.333088e-01
1.333479e-01
1.333880e-01
1.334270e-01
1.334669e-01
1.335058e-01
1.335457e-01
1.335845e-01
1.336242e-01
1.336631e-01
1.337027e-01
1.337414e-01
1.337809e-01
1.338196e-01
1.338590e-01
1.338992e-01
1.339402e-01
1.339821e-01
1.340249e-01
1.340689e-01
1.341140e-01
1.341604e-01
1.342080e-01
1.342568e-01
1.343010e-01
1.343477e-01
1.343967e-01
1.344410e-01
1.344879e-01
1.345331e-01
1.345812e-01
1.346274e-01
1.346752e-01
1.347229e-01
1.347717e-01
1.348207e-01
1.348709e-01
1.349122e-01
1.349553e-01
1.349939e-01
1.350328e-01
1.350713e-01
1.351121e-01
1.351508e-01
1.351913e-01
1.352300e-01
1.352703e-01
1.353104e-01
1.353504e-01
1.353904e-01
1.354314e-01
1.354703e-01
1.355108e-01
1.355502e-01
1.355910e-01
1.356308e-01
1.356716e-01
1.357116e-01
1.357526e-01
1.357926e-01
1.358336e-01
1.358736e-01
1.359147e-01
1.359548e-01
1.359959e-01
1.360360e-01
1.360771e-01
1.361156e-01
1.361568e-01
1.361952e-01
1.362356e-01
1.362743e-01
1.363150e-01
1.363551e-01
1.363966e-01
1.364369e-01
1.364787e-01
1.365192e-01
1.365611e-01
1.366018e-01
1.366440e-01
1.366848e-01
1.367272e-01
1.367682e-01
1.368109e-01
1.368520e-01
1.368951e-01
1.369332e-01
1.369726e-01
1.370132e-01
1.370523e-01
1.370923e-01
1.371315e-01
1.371715e-01
1.372105e-01
1.372491e-01
1.372886e-01
1.373271e-01
1.373664e-01
1.374049e-01
1.374441e-01
1.374825e-01
1.375216e-01
1.375600e-01
1.375990e-01
1.376373e-01
1.376762e-01
1.377145e-01
1.377534e-01
1.377930e-01
1.378323e-01
1.378728e-01
1.379122e-01
1.379528e-01
1.379924e-01
1.380330e-01
1.380725e-01
1.381130e-01
1.381525e-01
1.381929e-01
1.382323e-01
1.382711e-01
1.383108e-01
1.383495e-01
1.383891e-01
1.384277e-01
1.384671e-01
1.385057e-01
1.385450e-01
1.385834e-01
1.386226e-01
1.386609e-01
1.387000e-01
1.387382e-01
1.387771e-01
1.388153e-01
1.388541e-01
1.388922e-01
1.389309e-01
1.389703e-01
1.390087e-01
1.390477e-01
1.390871e-01
1.391276e-01
1.391670e-01
1.392075e-01
1.392469e-01
1.392857e-01
1.393254e-01
1.393641e-01
1.394036e-01
1.394421e-01
1.394815e-01
1.395199e-01
1.395591e-01
1.395974e-01
1.396364e-01
1.396745e-01
1.397134e-01
1.397514e-01
1.397902e-01
1.398281e-01
1.398667e-01
1.399046e-01
1.399430e-01
1.399811e-01
1.400191e-01
1.400578e-01
1.400968e-01
1.401367e-01
1.401757e-01
1.402157e-01
1.402546e-01
1.402929e-01
1.403321e-01
1.403704e-01
1.404094e-01
1.404475e-01
1.404864e-01
1.405243e-01
1.405630e-01
1.406009e-01
1.406394e-01
1.406772e-01
1.407156e-01
1.407535e-01
1.407928e-01
1.408333e-01
1.408723e-01
1.409125e-01
1.409538e-01
1.409921e-01
1.410314e-01
1.410696e-01
1.411088e-01
1.411469e-01
1.411859e-01
1.412239e-01
1.412627e-01
1.413006e-01
1.413392e-01
1.413770e-01
1.414155e-01
1.414531e-01
1.414915e-01
1.415304e-01
1.415701e-01
1.416106e-01
1.416519e-01
1.416942e-01
1.417375e-01
1.417819e-01
1.418274e-01
1.418740e-01
1.419216e-01
1.419703e-01
1.420197e-01
1.420697e-01
1.421201e-01
1.421704e-01
1.422207e-01
1.422711e-01
1.423214e-01
1.423717e-01
1.424220e-01
1.424723e-01
1.425225e-01
1.425728e-01
1.426231e-01
1.426733e-01
1.427236e-01
1.427739e-01
1.428241e-01
1.428744e-01
1.429246e-01
1.429748e-01
1.430251e-01
1.430753e-01
1.431255e-01
1.431758e-01
1.432260e-01
1.432763e-01
1.433265e-01
1.433768e-01
1.434270e-01
1.434773e-01
1.435275e-01
1.435778e-01
1.436281e-01
1.436784e-01
1.437287e-01
1.437790e-01
1.438294e-01
1.438797e-01
1.439300e-01
1.439804e-01
1.440308e-01
1.440812e-01
1.441316e-01
1.441820e-01
1.442323e-01
1.442827e-01
1.443331e-01
1.443835e-01
1.444339e-01
1.444844e-01
1.445349e-01
1.445853e-01
1.446358e-01
1.446863e-01
1.447368e-01
1.447873e-01
1.448378e-01
1.448884e-01
1.449390e-01
1.449897e-01
1.450404e-01
1.450910e-01
1.451417e-01
1.451924e-01
1.452431e-01
1.452938e-01
1.453446e-01
1.453953e-01
1.454461e-01
1.454968e-01
1.455476e-01
1.455982e-01
1.456487e-01
1.456988e-01
1.457489e-01
1.457986e-01
1.458486e-01
1.458983e-01
1.459483e-01
1.459980e-01
1.460481e-01
1.460965e-01
1.461451e-01
1.461925e-01
1.462399e-01
1.462864e-01
1.463330e-01
1.463790e-01
1.464251e-01
1.464709e-01
1.465170e-01
1.465627e-01
1.466127e-01
1.466584e-01
1.467084e-01
1.467453e-01
1.467830e-01
1.468214e-01
1.468587e-01
1.468957e-01
1.469329e-01
1.469698e-01
1.470070e-01
1.470438e-01
1.470809e-01
1.471176e-01
1.471581e-01
1.472026e-01
1.472485e-01
1.472853e-01
1.473228e-01
1.473596e-01
1.473968e-01
1.474336e-01
1.474706e-01
1.475074e-01
1.475443e-01
1.475810e-01
1.476179e-01
1.476584e-01
1.477031e-01
1.477398e-01
1.477772e-01
1.478140e-01
1.478510e-01
1.478878e-01
1.479248e-01
1.479614e-01
1.479983e-01
1.480349e-01
1.480718e-01
1.481083e-01
1.481451e-01
1.481816e-01
1.482183e-01
1.482549e-01
1.482923e-01
1.483290e-01
1.483660e-01
1.484026e-01
1.484396e-01
1.484762e-01
1.485131e-01
1.485496e-01
1.485864e-01
1.486228e-01
1.486596e-01
1.486960e-01
1.487327e-01
1.487685e-01
1.488048e-01
1.488411e-01
1.488775e-01
1.489138e-01
1.489503e-01
1.489861e-01
1.490224e-01
1.490583e-01
1.490941e-01
1.491302e-01
1.491680e-01
1.492046e-01
1.492424e-01
1.492784e-01
1.493147e-01
1.493509e-01
1.493875e-01
1.494236e-01
1.494600e-01
1.494965e-01
1.495331e-01
1.495735e-01
1.496156e-01
1.496551e-01
1.496969e-01
1.497403e-01
1.497807e-01
1.498196e-01
1.498595e-01
1.498977e-01
1.499367e-01
1.499742e-01
1.500122e-01
1.500492e-01
1.500866e-01
1.501246e-01
1.501633e-01
1.502028e-01
1.502433e-01
1.502831e-01
1.503245e-01
1.503636e-01
1.504040e-01
1.504425e-01
1.504821e-01
1.505201e-01
1.505563e-01
1.505932e-01
1.506310e-01
1.506700e-01
1.507101e-01
1.507507e-01
1.507924e-01
1.508321e-01
1.508696e-01
1.509085e-01
1.509487e-01
1.509899e-01
1.510322e-01
1.510702e-01
1.511092e-01
1.511493e-01
1.511897e-01
1.512286e-01
1.512678e-01
1.513057e-01
1.513437e-01
1.513809e-01
1.514218e-01
1.514585e-01
1.514989e-01
1.515424e-01
1.515874e-01
1.516338e-01
1.516818e-01
1.517296e-01
1.517777e-01
1.518246e-01
1.518728e-01
1.519211e-01
1.519695e-01
1.520179e-01
1.520663e-01
1.521149e-01
1.521638e-01
1.522131e-01
1.522632e-01
1.523135e-01
1.523638e-01
1.524142e-01
1.524645e-01
1.525149e-01
1.525626e-01
1.526130e-01
1.526501e-01
1.526872e-01
1.527272e-01
1.527646e-01
1.528032e-01
1.528412e-01
1.528795e-01
1.529170e-01
1.529549e-01
1.529919e-01
1.530291e-01
1.530683e-01
1.531086e-01
1.531479e-01
1.531877e-01
1.532271e-01
1.532668e-01
1.533038e-01
1.533421e-01
1.533793e-01
1.534168e-01
1.534537e-01
1.534908e-01
1.535274e-01
1.535677e-01
1.536079e-01
1.536487e-01
1.536889e-01
1.537302e-01
1.537696e-01
1.538105e-01
1.538491e-01
1.538887e-01
1.539266e-01
1.539649e-01
1.540023e-01
1.540399e-01
1.540769e-01
1.541141e-01
1.541507e-01
1.541877e-01
1.542283e-01
1.542695e-01
1.543089e-01
1.543498e-01
1.543885e-01
1.544285e-01
1.544666e-01
1.545057e-01
1.545434e-01
1.545819e-01
1.546192e-01
1.546571e-01
1.546941e-01
1.547317e-01
1.547699e-01
1.548088e-01
1.548465e-01
1.548862e-01
1.549273e-01
1.549663e-01
1.550044e-01
1.550435e-01
1.550812e-01
1.551199e-01
1.551574e-01
1.551957e-01
1.552348e-01
1.552725e-01
1.553104e-01
1.553499e-01
1.553905e-01
1.554301e-01
1.554687e-01
1.555088e-01
1.555471e-01
1.555852e-01
1.556231e-01
1.556622e-01
1.557008e-01
1.557411e-01
1.557786e-01
1.558176e-01
1.558569e-01
1.558941e-01
1.559328e-01
1.559729e-01
1.560126e-01
1.560518e-01
1.560926e-01
1.561290e-01
1.561662e-01
1.562040e-01
1.562426e-01
1.562835e-01
1.563235e-01
1.563640e-01
1.564029e-01
1.564420e-01
1.564799e-01
1.565217e-01
1.565582e-01
1.565949e-01
1.566322e-01
1.566698e-01
1.567110e-01
1.567564e-01
1.567931e-01
1.568324e-01
1.568747e-01
1.569203e-01
1.569672e-01
1.570144e-01
1.570597e-01
1.571063e-01
1.571493e-01
1.571941e-01
1.572352e-01
1.572768e-01
1.573166e-01
1.573567e-01
1.573956e-01
1.574347e-01
1.574729e-01
1.575150e-01
1.575612e-01
1.576053e-01
1.576467e-01
1.576892e-01
1.577295e-01
1.577705e-01
1.578097e-01
1.578491e-01
1.578875e-01
1.579262e-01
1.579642e-01
1.580060e-01
1.580495e-01
1.580964e-01
1.581335e-01
1.581712e-01
1.582095e-01
1.582470e-01
1.582851e-01
1.583226e-01
1.583608e-01
1.584013e-01
1.584405e-01
1.584800e-01
1.585168e-01
1.585546e-01
1.585917e-01
1.586287e-01
1.586660e-01
1.587035e-01
1.587416e-01
1.587834e-01
1.588257e-01
1.588689e-01
1.589066e-01
1.589456e-01
1.589835e-01
1.590217e-01
1.590596e-01
1.590991e-01
1.591381e-01
1.591797e-01
1.592184e-01
1.592610e-01
1.593078e-01
1.593542e-01
1.593977e-01
1.594424e-01
1.594845e-01
1.595232e-01
1.595625e-01
1.596026e-01
1.596409e-01
1.596815e-01
1.597211e-01
1.597611e-01
1.598004e-01
1.598400e-01
1.598817e-01
1.599258e-01
1.599712e-01
1.600160e-01
1.600589e-01
1.601031e-01
1.601424e-01
1.601849e-01
1.602253e-01
1.602663e-01
1.603064e-01
1.603470e-01
1.603889e-01
1.604322e-01
1.604722e-01
1.605133e-01
1.605575e-01
1.606027e-01
1.606441e-01
1.606867e-01
1.607277e-01
1.607701e-01
1.608102e-01
1.608521e-01
1.608917e-01
1.609328e-01
1.609720e-01
1.610125e-01
1.610513e-01
1.610912e-01
1.611297e-01
1.611691e-01
1.612073e-01
1.612463e-01
1.612843e-01
1.613230e-01
1.613626e-01
1.614032e-01
1.614447e-01
1.614873e-01
1.615312e-01
1.615764e-01
1.616229e-01
1.616708e-01
1.617201e-01
1.617704e-01
1.618201e-01
1.618708e-01
1.619203e-01
1.619707e-01
1.620201e-01
1.620702e-01
1.621194e-01
1.621693e-01
1.622180e-01
1.622667e-01
1.623155e-01
1.623645e-01
1.624131e-01
1.624621e-01
1.625106e-01
1.625596e-01
1.626080e-01
1.626568e-01
1.627050e-01
1.627537e-01
1.628018e-01
1.628504e-01
1.628984e-01
1.629469e-01
1.629949e-01
1.630433e-01
1.630912e-01
1.631396e-01
1.631874e-01
1.632358e-01
1.632836e-01
1.633319e-01
1.633798e-01
1.634281e-01
1.634759e-01
1.635242e-01
1.635720e-01
1.636203e-01
1.636681e-01
1.637165e-01
1.637643e-01
1.638126e-01
1.638605e-01
1.639089e-01
1.639568e-01
1.640051e-01
1.640531e-01
1.641015e-01
1.641494e-01
1.641979e-01
1.642459e-01
1.642944e-01
1.643424e-01
1.643910e-01
1.644391e-01
1.644877e-01
1.645358e-01
1.645845e-01
1.646327e-01
1.646815e-01
1.647297e-01
1.647786e-01
1.648269e-01
1.648759e-01
1.649243e-01
1.649733e-01
1.650218e-01
1.650710e-01
1.651196e-01
1.651689e-01
1.652175e-01
1.652669e-01
1.653157e-01
1.653653e-01
1.654142e-01
1.654639e-01
1.655129e-01
1.655628e-01
1.656000e-01
1.656377e-01
1.656762e-01
1.657185e-01
1.657650e-01
1.658119e-01
1.658614e-01
1.659120e-01
1.659491e-01
1.659866e-01
1.660238e-01
1.660614e-01
1.660987e-01
1.661363e-01
1.661737e-01
1.662147e-01
1.662543e-01
1.662955e-01
1.663334e-01
1.663734e-01
1.664108e-01
1.664485e-01
1.664859e-01
1.665236e-01
1.665606e-01
1.665984e-01
1.666355e-01
1.666733e-01
1.667124e-01
1.667500e-01
1.667888e-01
1.668285e-01
1.668678e-01
1.669094e-01
1.669474e-01
1.669865e-01
1.670250e-01
1.670646e-01
1.671034e-01
1.671425e-01
1.671809e-01
1.672198e-01
1.672584e-01
1.672973e-01
1.673366e-01
1.673756e-01
1.674147e-01
1.674548e-01
1.674938e-01
1.675337e-01
1.675726e-01
1.676125e-01
1.676528e-01
1.676921e-01
1.677320e-01
1.677727e-01
1.678117e-01
1.678512e-01
1.678912e-01
1.679306e-01
1.679709e-01
1.680117e-01
1.680511e-01
1.680912e-01
1.681314e-01
1.681724e-01
1.682133e-01
1.682552e-01
1.682971e-01
1.683386e-01
1.683806e-01
1.684229e-01
1.684639e-01
1.685070e-01
1.685478e-01
1.685905e-01
1.686310e-01
1.686733e-01
1.687135e-01
1.687552e-01
1.687950e-01
1.688361e-01
1.688756e-01
1.689161e-01
1.689552e-01
1.689947e-01
1.690334e-01
1.690725e-01
1.691110e-01
1.691498e-01
1.691894e-01
1.692297e-01
1.692707e-01
1.693093e-01
1.693513e-01
1.693953e-01
1.694366e-01
1.694795e-01
1.695202e-01
1.695623e-01
1.696024e-01
1.696437e-01
1.696834e-01
1.697240e-01
1.697633e-01
1.698031e-01
1.698437e-01
1.698852e-01
1.699240e-01
1.699636e-01
1.700022e-01
1.700412e-01
1.700797e-01
1.701185e-01
1.701569e-01
1.701955e-01
1.702338e-01
1.702759e-01
1.703172e-01
1.703602e-01
1.704010e-01
1.704431e-01
1.704834e-01
1.705247e-01
1.705646e-01
1.706054e-01
1.706449e-01
1.706851e-01
1.707242e-01
1.707637e-01
1.708026e-01
1.708417e-01
1.708804e-01
1.709196e-01
1.709581e-01
1.709971e-01
1.710368e-01
1.710773e-01
1.711186e-01
1.711608e-01
1.712041e-01
1.712486e-01
1.712943e-01
1.713413e-01
1.713896e-01
1.714392e-01
1.714893e-01
1.715366e-01
1.715870e-01
1.716383e-01
1.716888e-01
1.717404e-01
1.717910e-01
1.718428e-01
1.718866e-01
1.719328e-01
1.719820e-01
1.720283e-01
1.720732e-01
1.721209e-01
1.721654e-01
1.722128e-01
1.722572e-01
1.723034e-01
1.723529e-01
1.723932e-01
1.724348e-01
1.724777e-01
1.725170e-01
1.725573e-01
1.725965e-01
1.726361e-01
1.726752e-01
1.727146e-01
1.727535e-01
1.727927e-01
1.728314e-01
1.728704e-01
1.729090e-01
1.729479e-01
1.729907e-01
1.730377e-01
1.730895e-01
1.731444e-01
1.731994e-01
1.732548e-01
1.733099e-01
1.733657e-01
1.734206e-01
1.734760e-01
1.735307e-01
1.735862e-01
1.736365e-01
1.736869e-01
1.737373e-01
1.737852e-01
1.738338e-01
1.738816e-01
1.739299e-01
1.739777e-01
1.740259e-01
1.740738e-01
1.741247e-01
1.741758e-01
1.742271e-01
1.742684e-01
1.743116e-01
1.743566e-01
1.743972e-01
1.744393e-01
1.744798e-01
1.745214e-01
1.745617e-01
1.746024e-01
1.746424e-01
1.746828e-01
1.747225e-01
1.747626e-01
1.748020e-01
1.748418e-01
1.748811e-01
1.749207e-01
1.749598e-01
1.749992e-01
1.750381e-01
1.750777e-01
1.751180e-01
1.751591e-01
1.752011e-01
1.752441e-01
1.752883e-01
1.753336e-01
1.753803e-01
1.754282e-01
1.754776e-01
1.755282e-01
1.755794e-01
1.756307e-01
1.756820e-01
1.757334e-01
1.757849e-01
1.758364e-01
1.758881e-01
1.759400e-01
1.759922e-01
1.760449e-01
1.760981e-01
1.761520e-01
1.762065e-01
1.762613e-01
1.763156e-01
1.763697e-01
1.764241e-01
1.764657e-01
1.765090e-01
1.765538e-01
1.765942e-01
1.766333e-01
1.766722e-01
1.767113e-01
1.767511e-01
1.767903e-01
1.768300e-01
1.768691e-01
1.769089e-01
1.769492e-01
1.769889e-01
1.770294e-01
1.770690e-01
1.771094e-01
1.771488e-01
1.771891e-01
1.772285e-01
1.772686e-01
1.773097e-01
1.773494e-01
1.773901e-01
1.774317e-01
1.774744e-01
1.775141e-01
1.775549e-01
1.775968e-01
1.776398e-01
1.776798e-01
1.777209e-01
1.777633e-01
1.778028e-01
1.778416e-01
1.778810e-01
1.779198e-01
1.779593e-01
1.780021e-01
1.780419e-01
1.780831e-01
1.781256e-01
1.781664e-01
1.782087e-01
1.782497e-01
1.782922e-01
1.783333e-01
1.783760e-01
1.784174e-01
1.784602e-01
1.785017e-01
1.785446e-01
1.785862e-01
1.786268e-01
1.786691e-01
1.787097e-01
1.787519e-01
1.787960e-01
1.788422e-01
1.788908e-01
1.789416e-01
1.789947e-01
1.790434e-01
1.790969e-01
1.791456e-01
1.791986e-01
1.792473e-01
1.792989e-01
1.793476e-01
1.793967e-01
1.794455e-01
1.794946e-01
1.795434e-01
1.795925e-01
1.796413e-01
1.796905e-01
1.797392e-01
1.797884e-01
1.798372e-01
1.798864e-01
1.799405e-01
1.799961e-01
1.800521e-01
1.801082e-01
1.801647e-01
1.802207e-01
1.802616e-01
1.803042e-01
1.803485e-01
1.803883e-01
1.804296e-01
1.804696e-01
1.805107e-01
1.805506e-01
1.805917e-01
1.806315e-01
1.806723e-01
1.807119e-01
1.807526e-01
1.807921e-01
1.808325e-01
1.808719e-01
1.809122e-01
1.809514e-01
1.809915e-01
1.810306e-01
1.810705e-01
1.811096e-01
1.811494e-01
1.811883e-01
1.812280e-01
1.812668e-01
1.813064e-01
1.813451e-01
1.813846e-01
1.814233e-01
1.814627e-01
1.815014e-01
1.815407e-01
1.815794e-01
1.816187e-01
1.816572e-01
1.816965e-01
1.817350e-01
1.817743e-01
1.818128e-01
1.818520e-01
1.818905e-01
1.819297e-01
1.819682e-01
1.820074e-01
1.820459e-01
1.820850e-01
1.821235e-01
1.821627e-01
1.822011e-01
1.822403e-01
1.822787e-01
1.823178e-01
1.823562e-01
1.823954e-01
1.824338e-01
1.824729e-01
1.825113e-01
1.825504e-01
1.825887e-01
1.826278e-01
1.826661e-01
1.827052e-01
1.827435e-01
1.827825e-01
1.828209e-01
1.828598e-01
1.828981e-01
1.829371e-01
1.829754e-01
1.830143e-01
1.830526e-01
1.830915e-01
1.831297e-01
1.831686e-01
1.832069e-01
1.832457e-01
1.832839e-01
1.833228e-01
1.833610e-01
1.833998e-01
1.834380e-01
1.834768e-01
1.835150e-01
1.835538e-01
1.835920e-01
1.836308e-01
1.836689e-01
1.837077e-01
1.837459e-01
1.837847e-01
1.838229e-01
1.838617e-01
1.839012e-01
1.839397e-01
1.839789e-01
1.840188e-01
1.840570e-01
1.840958e-01
1.841341e-01
1.841726e-01
1.842118e-01
1.842505e-01
1.842899e-01
1.843285e-01
1.843678e-01
1.844066e-01
1.844461e-01
1.844848e-01
1.845241e-01
1.845630e-01
1.846027e-01
1.846413e-01
1.846808e-01
1.847211e-01
1.847594e-01
1.847984e-01
1.848368e-01
1.848759e-01
1.849142e-01
1.849533e-01
1.849916e-01
1.850307e-01
1.850691e-01
1.851081e-01
1.851465e-01
1.851856e-01
1.852239e-01
1.852630e-01
1.853013e-01
1.853404e-01
1.853788e-01
1.854178e-01
1.854562e-01
1.854952e-01
1.855335e-01
1.855726e-01
1.856109e-01
1.856500e-01
1.856883e-01
1.857273e-01
1.857656e-01
1.858046e-01
1.858430e-01
1.858820e-01
1.859203e-01
1.859593e-01
1.859976e-01
1.860366e-01
1.860763e-01
1.861150e-01
1.861544e-01
1.861946e-01
1.862329e-01
1.862719e-01
1.863117e-01
1.863507e-01
1.863906e-01
1.864293e-01
1.864688e-01
1.865080e-01
1.865481e-01
1.865868e-01
1.866263e-01
1.866656e-01
1.867059e-01
1.867446e-01
1.867841e-01
1.868244e-01
1.868628e-01
1.869019e-01
1.869403e-01
1.869794e-01
1.870177e-01
1.870568e-01
1.870951e-01
1.871341e-01
1.871725e-01
1.872115e-01
1.872498e-01
1.872887e-01
1.873270e-01
1.873659e-01
1.874042e-01
1.874431e-01
1.874826e-01
1.875230e-01
1.875643e-01
1.876065e-01
1.876498e-01
1.876943e-01
1.877401e-01
1.877872e-01
1.878356e-01
1.878853e-01
1.879361e-01
1.879860e-01
1.880368e-01
1.880867e-01
1.881374e-01
1.881874e-01
1.882381e-01
1.882880e-01
1.883387e-01
1.883886e-01
1.884393e-01
1.884933e-01
1.885492e-01
1.885990e-01
1.886496e-01
1.886993e-01
1.887499e-01
1.887996e-01
1.888502e-01
1.888999e-01
1.889504e-01
1.890002e-01
1.890507e-01
1.891021e-01
1.891546e-01
1.892082e-01
1.892621e-01
1.893117e-01
1.893621e-01
1.894117e-01
1.894622e-01
1.895118e-01
1.895623e-01
1.896119e-01
1.896623e-01
1.897120e-01
1.897624e-01
1.898120e-01
1.898625e-01
1.899121e-01
1.899625e-01
1.900121e-01
1.900626e-01
1.901122e-01
1.901626e-01
1.902122e-01
1.902627e-01
1.903123e-01
1.903627e-01
1.904124e-01
1.904628e-01
1.905123e-01
1.905627e-01
1.906123e-01
1.906627e-01
1.907123e-01
1.907627e-01
1.908124e-01
1.908628e-01
1.909124e-01
1.909629e-01
1.910125e-01
1.910629e-01
1.911125e-01
1.911629e-01
1.912125e-01
1.912630e-01
1.913126e-01
1.913630e-01
1.914126e-01
1.914630e-01
1.915125e-01
1.915629e-01
1.916020e-01
1.916418e-01
1.916826e-01
1.917243e-01
1.917634e-01
1.918033e-01
1.918442e-01
1.918827e-01
1.919219e-01
1.919620e-01
1.920011e-01
1.920409e-01
1.920799e-01
1.921197e-01
1.921604e-01
1.921991e-01
1.922382e-01
1.922771e-01
1.923168e-01
1.923557e-01
1.923949e-01
1.924339e-01
1.924735e-01
1.925124e-01
1.925517e-01
1.925906e-01
1.926304e-01
1.926692e-01
1.927089e-01
1.927479e-01
1.927873e-01
1.928264e-01
1.928658e-01
1.929048e-01
1.929446e-01
1.929837e-01
1.930236e-01
1.930627e-01
1.931026e-01
1.931417e-01
1.931816e-01
1.932207e-01
1.932606e-01
1.932998e-01
1.933397e-01
1.933788e-01
1.934187e-01
1.934579e-01
1.934978e-01
1.935369e-01
1.935767e-01
1.936158e-01
1.936557e-01
1.936947e-01
1.937345e-01
1.937736e-01
1.938133e-01
1.938523e-01
1.938921e-01
1.939310e-01
1.939707e-01
1.940097e-01
1.940493e-01
1.940882e-01
1.941278e-01
1.941667e-01
1.942059e-01
1.942448e-01
1.942843e-01
1.943238e-01
1.943641e-01
1.944036e-01
1.944429e-01
1.944818e-01
1.945210e-01
1.945600e-01
1.945992e-01
1.946388e-01
1.946787e-01
1.947182e-01
1.947581e-01
1.947975e-01
1.948373e-01
1.948768e-01
1.949165e-01
1.949559e-01
1.949970e-01
1.950381e-01
1.950809e-01
1.951221e-01
1.951649e-01
1.952061e-01
1.952489e-01
1.952900e-01
1.953327e-01
1.953738e-01
1.954164e-01
1.954553e-01
1.954950e-01
1.955354e-01
1.955748e-01
1.956148e-01
1.956542e-01
1.956943e-01
1.957336e-01
1.957737e-01
1.958131e-01
1.958532e-01
1.958926e-01
1.959327e-01
1.959722e-01
1.960123e-01
1.960534e-01
1.960925e-01
1.961323e-01
1.961728e-01
1.962123e-01
1.962527e-01
1.962923e-01
1.963327e-01
1.963723e-01
1.964127e-01
1.964524e-01
1.964927e-01
1.965325e-01
1.965727e-01
1.966126e-01
1.966527e-01
1.966927e-01
1.967326e-01
1.967730e-01
1.968126e-01
1.968528e-01
1.968920e-01
1.969318e-01
1.969710e-01
1.970108e-01
1.970500e-01
1.970895e-01
1.971287e-01
1.971683e-01
1.972075e-01
1.972472e-01
1.972864e-01
1.973261e-01
1.973654e-01
1.974051e-01
1.974456e-01
1.974853e-01
1.975257e-01
1.975654e-01
1.976046e-01
1.976443e-01
1.976836e-01
1.977233e-01
1.977625e-01
1.978017e-01
1.978415e-01
1.978820e-01
1.979231e-01
1.979621e-01
1.980010e-01
1.980400e-01
1.980788e-01
1.981181e-01
1.981572e-01
1.981972e-01
1.982365e-01
1.982762e-01
1.983159e-01
1.983555e-01
1.983946e-01
1.984341e-01
1.984734e-01
1.985130e-01
1.985524e-01
1.985921e-01
1.986329e-01
1.986755e-01
1.987149e-01
1.987554e-01
1.987967e-01
1.988396e-01
1.988786e-01
1.989180e-01
1.989571e-01
1.989965e-01
1.990356e-01
1.990751e-01
1.991143e-01
1.991538e-01
1.991931e-01
1.992344e-01
1.992751e-01
1.993173e-01
1.993577e-01
1.993993e-01
1.994397e-01
1.994804e-01
1.995206e-01
1.995612e-01
1.995999e-01
1.996383e-01
1.996770e-01
1.997164e-01
1.997549e-01
1.997936e-01
1.998324e-01
1.998715e-01
1.999106e-01
1.999500e-01
1.999894e-01
2.000295e-01
2.000693e-01
2.001113e-01
