# 1  : Date
# 2  : Temps elapsed min (mus)
# 3  : Rang temps elapsed min
# 4  : Noeud temps elapsed min
# 5  : Temps elapsed max (mus)
# 6  : Rang temps elapsed max
# 7  : Noeud temps elapsed max
# 8  : Grind time (mus/maille/cycle)
# 9  : Grind time équivalent séquentiel (#8 X nb_de_coeurs)
#     1     2     3     4      5      6      7       8      9
#   ATTENTION  les temps cpu schémas sont données dans l'ordre alphabétique des schémas WARNING
#  10: TELAPS Hydro (mus)
5.317204e-04   4.203e+04 0 inti1216   4.212e+04 3 inti1216   3.003e-01 4.805e+00  3.319e+04
1.616605e-03   4.828e+04 1 inti1216   4.834e+04 3 inti1216   3.302e-01 5.283e+00  3.773e+04
3.108658e-03   7.486e+04 0 inti1216   7.493e+04 3 inti1216   4.822e-01 7.715e+00  3.891e+04
4.739795e-03   5.088e+04 0 inti1216   5.098e+04 3 inti1216   3.111e-01 4.978e+00  4.052e+04
6.584091e-03   5.327e+04 0 inti1216   5.336e+04 3 inti1216   3.082e-01 4.931e+00  4.256e+04
8.336325e-03   5.617e+04 0 inti1216   5.625e+04 3 inti1216   3.066e-01 4.906e+00  4.547e+04
9.595042e-03   8.955e+04 0 inti1216   8.962e+04 3 inti1216   4.716e-01 7.546e+00  4.622e+04
1.063370e-02   5.884e+04 0 inti1216   5.901e+04 3 inti1216   3.026e-01 4.842e+00  4.776e+04
1.181877e-02   5.914e+04 0 inti1216   5.920e+04 3 inti1216   2.947e-01 4.715e+00  4.769e+04
1.312687e-02   6.090e+04 0 inti1216   6.096e+04 3 inti1216   2.935e-01 4.695e+00  4.946e+04
1.447183e-02   9.727e+04 0 inti1216   9.735e+04 3 inti1216   4.538e-01 7.261e+00  5.202e+04
1.584767e-02   6.318e+04 0 inti1216   6.336e+04 3 inti1216   2.865e-01 4.584e+00  5.157e+04
1.726156e-02   6.396e+04 0 inti1216   6.405e+04 3 inti1216   2.798e-01 4.478e+00  5.193e+04
1.875669e-02   6.528e+04 0 inti1216   6.537e+04 3 inti1216   2.757e-01 4.411e+00  5.299e+04
2.033388e-02   1.043e+05 0 inti1216   1.044e+05 3 inti1216   4.246e-01 6.793e+00  5.627e+04
2.194399e-02   6.880e+04 0 inti1216   6.889e+04 3 inti1216   2.706e-01 4.330e+00  5.651e+04
2.350334e-02   7.040e+04 0 inti1216   7.047e+04 2 inti1216   2.673e-01 4.277e+00  5.800e+04
2.507726e-02   7.135e+04 0 inti1216   7.144e+04 3 inti1216   2.615e-01 4.184e+00  5.868e+04
2.669015e-02   1.157e+05 0 inti1216   1.159e+05 3 inti1216   4.093e-01 6.549e+00  6.397e+04
2.834887e-02   7.556e+04 0 inti1216   7.561e+04 2 inti1216   2.584e-01 4.134e+00  6.233e+04
3.007345e-02   7.808e+04 1 inti1216   7.814e+04 2 inti1216   2.570e-01 4.112e+00  6.479e+04
3.186195e-02   7.789e+04 0 inti1216   7.796e+04 1 inti1216   2.465e-01 3.945e+00  6.412e+04
3.371372e-02   1.239e+05 0 inti1216   1.240e+05 2 inti1216   3.768e-01 6.029e+00  6.784e+04
3.561590e-02   8.242e+04 0 inti1216   8.249e+04 1 inti1216   2.417e-01 3.867e+00  6.825e+04
3.750625e-02   8.737e+04 0 inti1216   8.746e+04 2 inti1216   2.465e-01 3.943e+00  7.318e+04
3.938618e-02   8.791e+04 0 inti1216   8.796e+04 2 inti1216   2.392e-01 3.827e+00  7.306e+04
4.121072e-02   1.391e+05 0 inti1216   1.392e+05 2 inti1216   3.665e-01 5.863e+00  7.551e+04
4.304007e-02   9.045e+04 0 inti1216   9.052e+04 1 inti1216   2.317e-01 3.707e+00  7.535e+04
4.501657e-02   9.286e+04 0 inti1216   9.295e+04 2 inti1216   2.301e-01 3.682e+00  7.775e+04
4.699033e-02   9.500e+04 0 inti1216   9.518e+04 2 inti1216   2.282e-01 3.651e+00  7.975e+04
4.895280e-02   1.520e+05 0 inti1216   1.521e+05 2 inti1216   3.534e-01 5.654e+00  8.506e+04
5.089142e-02   9.863e+04 0 inti1216   9.869e+04 2 inti1216   2.231e-01 3.569e+00  8.303e+04
5.290553e-02   1.015e+05 2 inti1216   1.023e+05 0 inti1216   2.245e-01 3.591e+00  8.562e+04
5.497585e-02   1.042e+05 0 inti1216   1.043e+05 1 inti1216   2.220e-01 3.552e+00  8.752e+04
5.706344e-02   1.636e+05 0 inti1216   1.637e+05 1 inti1216   3.382e-01 5.412e+00  9.228e+04
5.918623e-02   1.089e+05 0 inti1216   1.091e+05 2 inti1216   2.195e-01 3.513e+00  9.183e+04
6.098216e-02   1.107e+05 0 inti1216   1.108e+05 1 inti1216   2.175e-01 3.480e+00  9.364e+04
6.290462e-02   1.130e+05 0 inti1216   1.130e+05 1 inti1216   2.164e-01 3.463e+00  9.543e+04
6.446310e-02   1.707e+05 0 inti1216   1.707e+05 1 inti1216   3.202e-01 5.123e+00  9.920e+04
6.594019e-02   1.188e+05 0 inti1216   1.188e+05 2 inti1216   2.192e-01 3.506e+00  1.010e+05
6.761289e-02   1.175e+05 0 inti1216   1.175e+05 1 inti1216   2.125e-01 3.399e+00  9.998e+04
6.935605e-02   1.203e+05 0 inti1216   1.204e+05 2 inti1216   2.134e-01 3.414e+00  1.021e+05
7.133944e-02   1.933e+05 0 inti1216   1.934e+05 2 inti1216   3.355e-01 5.367e+00  1.078e+05
7.333111e-02   1.249e+05 0 inti1216   1.250e+05 2 inti1216   2.128e-01 3.404e+00  1.062e+05
7.541233e-02   1.269e+05 0 inti1216   1.270e+05 2 inti1216   2.116e-01 3.386e+00  1.083e+05
7.731775e-02   1.313e+05 0 inti1216   1.315e+05 2 inti1216   2.150e-01 3.440e+00  1.119e+05
7.901331e-02   2.035e+05 0 inti1216   2.036e+05 1 inti1216   3.273e-01 5.237e+00  1.168e+05
8.085477e-02   1.370e+05 0 inti1216   1.371e+05 1 inti1216   2.167e-01 3.467e+00  1.169e+05
8.256442e-02   1.357e+05 0 inti1216   1.358e+05 2 inti1216   2.109e-01 3.375e+00  1.164e+05
8.403763e-02   1.399e+05 0 inti1216   1.400e+05 2 inti1216   2.144e-01 3.430e+00  1.200e+05
8.564752e-02   2.112e+05 0 inti1216   2.113e+05 1 inti1216   3.187e-01 5.100e+00  1.227e+05
8.729388e-02   1.436e+05 0 inti1216   1.438e+05 1 inti1216   2.139e-01 3.423e+00  1.235e+05
8.892242e-02   1.449e+05 0 inti1216   1.450e+05 2 inti1216   2.127e-01 3.403e+00  1.251e+05
9.055828e-02   1.468e+05 0 inti1216   1.468e+05 2 inti1216   2.123e-01 3.397e+00  1.264e+05
9.223890e-02   2.241e+05 0 inti1216   2.242e+05 2 inti1216   3.197e-01 5.115e+00  1.298e+05
9.411116e-02   1.497e+05 0 inti1216   1.498e+05 1 inti1216   2.107e-01 3.371e+00  1.287e+05
9.582123e-02   1.534e+05 3 inti1216   1.535e+05 1 inti1216   2.130e-01 3.408e+00  1.324e+05
9.737481e-02   1.524e+05 0 inti1216   1.526e+05 1 inti1216   2.092e-01 3.346e+00  1.311e+05
9.892406e-02   2.412e+05 3 inti1216   2.412e+05 2 inti1216   3.268e-01 5.228e+00  1.365e+05
1.004943e-01   1.557e+05 0 inti1216   1.558e+05 1 inti1216   2.088e-01 3.340e+00  1.341e+05
1.020638e-01   1.568e+05 0 inti1216   1.569e+05 1 inti1216   2.076e-01 3.322e+00  1.352e+05
1.038070e-01   1.599e+05 0 inti1216   1.600e+05 1 inti1216   2.090e-01 3.344e+00  1.378e+05
1.055012e-01   2.468e+05 0 inti1216   2.469e+05 1 inti1216   3.182e-01 5.091e+00  1.428e+05
1.069304e-01   1.631e+05 0 inti1216   1.631e+05 2 inti1216   2.082e-01 3.331e+00  1.410e+05
1.083636e-01   1.675e+05 0 inti1216   1.675e+05 1 inti1216   2.115e-01 3.384e+00  1.456e+05
1.097477e-01   1.674e+05 0 inti1216   1.674e+05 2 inti1216   2.092e-01 3.348e+00  1.448e+05
1.112481e-01   2.516e+05 0 inti1216   2.518e+05 2 inti1216   3.113e-01 4.980e+00  1.479e+05
1.127611e-01   1.695e+05 0 inti1216   1.696e+05 1 inti1216   2.077e-01 3.323e+00  1.470e+05
1.142767e-01   1.730e+05 0 inti1216   1.731e+05 1 inti1216   2.098e-01 3.357e+00  1.505e+05
1.158383e-01   1.753e+05 3 inti1216   1.755e+05 2 inti1216   2.106e-01 3.369e+00  1.520e+05
1.176119e-01   2.671e+05 3 inti1216   2.672e+05 1 inti1216   3.172e-01 5.074e+00  1.580e+05
1.194030e-01   1.786e+05 3 inti1216   1.788e+05 2 inti1216   2.100e-01 3.361e+00  1.550e+05
1.210332e-01   1.800e+05 3 inti1216   1.803e+05 2 inti1216   2.098e-01 3.357e+00  1.568e+05
1.227313e-01   1.823e+05 3 inti1216   1.825e+05 2 inti1216   2.104e-01 3.366e+00  1.584e+05
1.248311e-01   2.750e+05 3 inti1216   2.752e+05 2 inti1216   3.137e-01 5.019e+00  1.635e+05
1.263104e-01   1.861e+05 3 inti1216   1.862e+05 0 inti1216   2.108e-01 3.373e+00  1.620e+05
1.278143e-01   1.876e+05 3 inti1216   1.878e+05 2 inti1216   2.110e-01 3.377e+00  1.637e+05
1.293871e-01   1.938e+05 3 inti1216   1.940e+05 2 inti1216   2.165e-01 3.464e+00  1.694e+05
1.310859e-01   2.943e+05 3 inti1216   2.946e+05 2 inti1216   3.262e-01 5.219e+00  1.736e+05
1.328301e-01   1.991e+05 3 inti1216   1.994e+05 2 inti1216   2.192e-01 3.506e+00  1.738e+05
1.346274e-01   1.964e+05 3 inti1216   1.967e+05 2 inti1216   2.145e-01 3.432e+00  1.713e+05
1.363966e-01   1.993e+05 3 inti1216   1.996e+05 2 inti1216   2.160e-01 3.456e+00  1.739e+05
1.381130e-01   2.862e+05 3 inti1216   2.865e+05 2 inti1216   3.078e-01 4.926e+00  1.769e+05
1.397902e-01   2.026e+05 3 inti1216   2.028e+05 2 inti1216   2.166e-01 3.466e+00  1.769e+05
1.414531e-01   2.007e+05 3 inti1216   2.010e+05 2 inti1216   2.134e-01 3.415e+00  1.754e+05
1.435275e-01   2.016e+05 3 inti1216   2.019e+05 2 inti1216   2.129e-01 3.407e+00  1.759e+05
1.456988e-01   3.028e+05 3 inti1216   3.031e+05 2 inti1216   3.173e-01 5.077e+00  1.797e+05
1.475443e-01   2.055e+05 3 inti1216   2.058e+05 1 inti1216   2.145e-01 3.431e+00  1.795e+05
1.491302e-01   2.074e+05 3 inti1216   2.077e+05 1 inti1216   2.156e-01 3.450e+00  1.815e+05
1.507924e-01   2.108e+05 3 inti1216   2.111e+05 2 inti1216   2.183e-01 3.493e+00  1.847e+05
1.526872e-01   2.904e+05 3 inti1216   2.907e+05 2 inti1216   2.993e-01 4.789e+00  1.856e+05
1.543498e-01   2.079e+05 3 inti1216   2.083e+05 2 inti1216   2.138e-01 3.420e+00  1.819e+05
1.560126e-01   2.091e+05 1 inti1216   2.169e+05 3 inti1216   2.219e-01 3.550e+00  1.831e+05
1.577705e-01   2.108e+05 3 inti1216   2.111e+05 2 inti1216   2.152e-01 3.443e+00  1.844e+05
1.594845e-01   2.929e+05 3 inti1216   2.933e+05 0 inti1216   2.981e-01 4.769e+00  1.901e+05
1.612463e-01   2.132e+05 3 inti1216   2.136e+05 2 inti1216   2.164e-01 3.462e+00  1.865e+05
1.632836e-01   2.129e+05 3 inti1216   2.133e+05 2 inti1216   2.152e-01 3.444e+00  1.864e+05
1.653653e-01   2.141e+05 3 inti1216   2.145e+05 0 inti1216   2.156e-01 3.450e+00  1.874e+05
1.671034e-01   2.933e+05 3 inti1216   2.937e+05 2 inti1216   2.943e-01 4.709e+00  1.909e+05
1.688361e-01   2.146e+05 3 inti1216   2.150e+05 2 inti1216   2.149e-01 3.439e+00  1.882e+05
1.705646e-01   2.163e+05 3 inti1216   2.167e+05 1 inti1216   2.160e-01 3.457e+00  1.899e+05
1.724777e-01   2.175e+05 3 inti1216   2.179e+05 1 inti1216   2.165e-01 3.464e+00  1.907e+05
1.744798e-01   3.127e+05 3 inti1216   3.131e+05 2 inti1216   3.100e-01 4.960e+00  1.923e+05
1.764657e-01   2.180e+05 3 inti1216   2.184e+05 2 inti1216   2.157e-01 3.450e+00  1.915e+05
1.782087e-01   2.185e+05 3 inti1216   2.189e+05 1 inti1216   2.154e-01 3.447e+00  1.918e+05
1.802616e-01   2.243e+05 3 inti1216   2.246e+05 0 inti1216   2.201e-01 3.522e+00  1.968e+05
1.819682e-01   3.133e+05 3 inti1216   3.138e+05 2 inti1216   3.066e-01 4.905e+00  1.955e+05
1.836308e-01   2.217e+05 3 inti1216   2.222e+05 2 inti1216   2.165e-01 3.464e+00  1.948e+05
1.853013e-01   2.227e+05 3 inti1216   2.231e+05 2 inti1216   2.168e-01 3.469e+00  1.957e+05
1.869794e-01   2.210e+05 3 inti1216   2.214e+05 0 inti1216   2.146e-01 3.433e+00  1.940e+05
1.889504e-01   3.160e+05 3 inti1216   3.164e+05 2 inti1216   3.057e-01 4.891e+00  1.983e+05
1.911125e-01   2.213e+05 3 inti1216   2.217e+05 0 inti1216   2.136e-01 3.418e+00  1.942e+05
1.929048e-01   2.236e+05 3 inti1216   2.241e+05 0 inti1216   2.154e-01 3.447e+00  1.967e+05
1.945992e-01   2.230e+05 3 inti1216   2.233e+05 2 inti1216   2.144e-01 3.431e+00  1.957e+05
1.963327e-01   2.957e+05 3 inti1216   2.961e+05 0 inti1216   2.839e-01 4.542e+00  1.986e+05
1.980400e-01   2.234e+05 3 inti1216   2.238e+05 2 inti1216   2.141e-01 3.425e+00  1.962e+05
1.997549e-01   2.240e+05 3 inti1216   2.245e+05 0 inti1216   2.143e-01 3.429e+00  1.969e+05
