#   1 : Date        
# Date        
0.000000e+00
1.807392e-05
2.865299e-05
3.680825e-05
4.331462e-05
4.906367e-05
5.538763e-05
6.204872e-05
6.795979e-05
7.446196e-05
8.161436e-05
8.947053e-05
9.702468e-05
1.053342e-04
1.143002e-04
1.241628e-04
1.337027e-04
1.436480e-04
1.545879e-04
1.657374e-04
1.769297e-04
1.886124e-04
2.010176e-04
2.132284e-04
2.257171e-04
2.388127e-04
2.521957e-04
2.655017e-04
2.797183e-04
2.939297e-04
3.084532e-04
3.235230e-04
3.388720e-04
3.545256e-04
3.707045e-04
3.871136e-04
4.039712e-04
4.213429e-04
4.389057e-04
4.566041e-04
4.748726e-04
4.934284e-04
5.123968e-04
5.317204e-04
5.513472e-04
5.713195e-04
5.916317e-04
6.121877e-04
6.330631e-04
6.541431e-04
6.756129e-04
6.973298e-04
7.193540e-04
7.416524e-04
7.642145e-04
7.870888e-04
8.102207e-04
8.336410e-04
8.572999e-04
8.811975e-04
9.052984e-04
9.296850e-04
9.542344e-04
9.790738e-04
1.004107e-03
1.029433e-03
1.054937e-03
1.080786e-03
1.106828e-03
1.133123e-03
1.159624e-03
1.186464e-03
1.213485e-03
1.240660e-03
1.267814e-03
1.295174e-03
1.322930e-03
1.351116e-03
1.379486e-03
1.407056e-03
1.433920e-03
1.459873e-03
1.485136e-03
1.509913e-03
1.534239e-03
1.558421e-03
1.582302e-03
1.606134e-03
1.629782e-03
1.653435e-03
1.677003e-03
1.700570e-03
1.724071e-03
1.747587e-03
1.770892e-03
1.794256e-03
1.817468e-03
1.840790e-03
1.864056e-03
1.887413e-03
1.910636e-03
1.933875e-03
1.956887e-03
1.980049e-03
2.003007e-03
2.026206e-03
2.049416e-03
2.072626e-03
2.095711e-03
2.118935e-03
2.142198e-03
2.165504e-03
2.188930e-03
2.212493e-03
2.236047e-03
2.259856e-03
2.283760e-03
2.307680e-03
2.331426e-03
2.355174e-03
2.378805e-03
2.402418e-03
2.425973e-03
2.449484e-03
2.472994e-03
2.496438e-03
2.519930e-03
2.543340e-03
2.566834e-03
2.590237e-03
2.613706e-03
2.637126e-03
2.660596e-03
2.684054e-03
2.707545e-03
2.731057e-03
2.754591e-03
2.778173e-03
2.801764e-03
2.825430e-03
2.849094e-03
2.872856e-03
2.896605e-03
2.920448e-03
2.944296e-03
2.968227e-03
2.992183e-03
3.016214e-03
3.040289e-03
3.064427e-03
3.088630e-03
3.112885e-03
3.137226e-03
3.161606e-03
3.186096e-03
3.210610e-03
3.235238e-03
3.259892e-03
3.284651e-03
3.309451e-03
3.334344e-03
3.359297e-03
3.384330e-03
3.409444e-03
3.434622e-03
3.459906e-03
3.485236e-03
3.510689e-03
3.536178e-03
3.561776e-03
3.587433e-03
3.613183e-03
3.639020e-03
3.664928e-03
3.690954e-03
3.717029e-03
3.743236e-03
3.769486e-03
3.795852e-03
3.822287e-03
3.848820e-03
3.875450e-03
3.902158e-03
3.928997e-03
3.955890e-03
3.982903e-03
4.009989e-03
4.037177e-03
4.064471e-03
4.091842e-03
4.119356e-03
4.146920e-03
4.174613e-03
4.202380e-03
4.230254e-03
4.258234e-03
4.286296e-03
4.314497e-03
4.342757e-03
4.371133e-03
4.399600e-03
4.428157e-03
4.456843e-03
4.485593e-03
4.514474e-03
4.543429e-03
4.572492e-03
4.601660e-03
4.630914e-03
4.660303e-03
4.689756e-03
4.719327e-03
4.748989e-03
4.778744e-03
4.808627e-03
4.838576e-03
4.868655e-03
4.898808e-03
4.929069e-03
4.959441e-03
4.989896e-03
5.020483e-03
5.051146e-03
5.081919e-03
5.112801e-03
5.143768e-03
5.174876e-03
5.206047e-03
5.237341e-03
5.268729e-03
5.300216e-03
5.331834e-03
5.363523e-03
5.395328e-03
5.427235e-03
5.459234e-03
5.491374e-03
5.523580e-03
5.555911e-03
5.588332e-03
5.620855e-03
5.653506e-03
5.686231e-03
5.719074e-03
5.752016e-03
5.785052e-03
5.818228e-03
5.851471e-03
5.884839e-03
5.918306e-03
5.951871e-03
5.985573e-03
6.019349e-03
6.053240e-03
6.087238e-03
6.121329e-03
6.155563e-03
6.189866e-03
6.224291e-03
6.258820e-03
6.293446e-03
6.328207e-03
6.363053e-03
6.398012e-03
6.433092e-03
6.468261e-03
6.503566e-03
6.538957e-03
6.574465e-03
6.610094e-03
6.645816e-03
6.681668e-03
6.717622e-03
6.753683e-03
6.789884e-03
6.826166e-03
6.862575e-03
6.899087e-03
6.935704e-03
6.972454e-03
7.009294e-03
7.046247e-03
7.083330e-03
7.120502e-03
7.157803e-03
7.195212e-03
7.232729e-03
7.270381e-03
7.308125e-03
7.345986e-03
7.383968e-03
7.422044e-03
7.460254e-03
7.498558e-03
7.536976e-03
7.575524e-03
7.614163e-03
7.652921e-03
7.691796e-03
7.730769e-03
7.769876e-03
7.809077e-03
7.848393e-03
7.887837e-03
7.927375e-03
7.967032e-03
8.006789e-03
8.046608e-03
8.086493e-03
8.126432e-03
8.166456e-03
8.206537e-03
8.246682e-03
8.286848e-03
8.327069e-03
8.367358e-03
8.407707e-03
8.448123e-03
8.488614e-03
8.529170e-03
8.569814e-03
8.610495e-03
8.651250e-03
8.692089e-03
8.733027e-03
8.774055e-03
8.815188e-03
8.856381e-03
8.897682e-03
8.939083e-03
8.980572e-03
9.022177e-03
9.063891e-03
9.105704e-03
9.147631e-03
9.189677e-03
9.231799e-03
9.274037e-03
9.316395e-03
9.358860e-03
9.401445e-03
9.444156e-03
9.486947e-03
9.529845e-03
9.572760e-03
9.615689e-03
9.658609e-03
9.701545e-03
9.744495e-03
9.787522e-03
9.830571e-03
9.873722e-03
9.916906e-03
9.960101e-03
1.000331e-02
1.004655e-02
1.008984e-02
1.013324e-02
1.017670e-02
1.022026e-02
1.026388e-02
1.030757e-02
1.035134e-02
1.039521e-02
1.043919e-02
1.048322e-02
1.052732e-02
1.057145e-02
1.061564e-02
1.065993e-02
1.070433e-02
1.074887e-02
1.079355e-02
1.083834e-02
1.088315e-02
1.092784e-02
1.097231e-02
1.101666e-02
1.106082e-02
1.110495e-02
1.114890e-02
1.119294e-02
1.123682e-02
1.128085e-02
1.132480e-02
1.136897e-02
1.141313e-02
1.145757e-02
1.150201e-02
1.154674e-02
1.159148e-02
1.163649e-02
1.168152e-02
1.172682e-02
1.177213e-02
1.181769e-02
1.186326e-02
1.190907e-02
1.195486e-02
1.200089e-02
1.204688e-02
1.209310e-02
1.213927e-02
1.218566e-02
1.223197e-02
1.227848e-02
1.232491e-02
1.237151e-02
1.241802e-02
1.246470e-02
1.251127e-02
1.255801e-02
1.260462e-02
1.265140e-02
1.269805e-02
1.274487e-02
1.279156e-02
1.283842e-02
1.288516e-02
1.293170e-02
1.297818e-02
1.302454e-02
1.307080e-02
1.311698e-02
1.316323e-02
1.320946e-02
1.325580e-02
1.330216e-02
1.334864e-02
1.339518e-02
1.344188e-02
1.348868e-02
1.353569e-02
1.358283e-02
1.362999e-02
1.367730e-02
1.372451e-02
1.377187e-02
1.381915e-02
1.386658e-02
1.391393e-02
1.396145e-02
1.400889e-02
1.405650e-02
1.410405e-02
1.415173e-02
1.419937e-02
1.424697e-02
1.429458e-02
1.434218e-02
1.438981e-02
1.443745e-02
1.448515e-02
1.453289e-02
1.458071e-02
1.462860e-02
1.467658e-02
1.472463e-02
1.477276e-02
1.482098e-02
1.486924e-02
1.491750e-02
1.496574e-02
1.501397e-02
1.506216e-02
1.511033e-02
1.515849e-02
1.520665e-02
1.525477e-02
1.530287e-02
1.535094e-02
1.539899e-02
1.544680e-02
1.549428e-02
1.554147e-02
1.558836e-02
1.563499e-02
1.565900e-02
1.568304e-02
1.570714e-02
1.573133e-02
1.575567e-02
1.577955e-02
1.580352e-02
1.582755e-02
1.585168e-02
1.587591e-02
1.590030e-02
1.592481e-02
1.594938e-02
1.597319e-02
1.599715e-02
1.602132e-02
1.604557e-02
1.607016e-02
1.609511e-02
1.612045e-02
1.614673e-02
1.617108e-02
1.619580e-02
1.622111e-02
1.624760e-02
1.627201e-02
1.629688e-02
1.632255e-02
1.634950e-02
1.637421e-02
1.639951e-02
1.642569e-02
1.645028e-02
1.647532e-02
1.650105e-02
1.652556e-02
1.655046e-02
1.657598e-02
1.660044e-02
1.662527e-02
1.664944e-02
1.667384e-02
1.669857e-02
1.672269e-02
1.674702e-02
1.677168e-02
1.679575e-02
1.682003e-02
1.684462e-02
1.686864e-02
1.689286e-02
1.691739e-02
1.694138e-02
1.696555e-02
1.699003e-02
1.701397e-02
1.703810e-02
1.706254e-02
1.708645e-02
1.711054e-02
1.713431e-02
1.715817e-02
1.718222e-02
1.720596e-02
1.722980e-02
1.725382e-02
1.727754e-02
1.730135e-02
1.732535e-02
1.734905e-02
1.737285e-02
1.739682e-02
1.742043e-02
1.744406e-02
1.746775e-02
1.749085e-02
1.751381e-02
1.753665e-02
1.755939e-02
1.758161e-02
1.760365e-02
1.762562e-02
1.764740e-02
1.766902e-02
1.769050e-02
1.771191e-02
1.773331e-02
1.775481e-02
1.777642e-02
1.779796e-02
1.781946e-02
1.784099e-02
1.786257e-02
1.788431e-02
1.790605e-02
1.792774e-02
1.794941e-02
1.797112e-02
1.799289e-02
1.801482e-02
1.803699e-02
1.805920e-02
1.808136e-02
1.810351e-02
1.812569e-02
1.814798e-02
1.817047e-02
1.819323e-02
1.821640e-02
1.823926e-02
1.826242e-02
1.828472e-02
1.830804e-02
1.833157e-02
1.835538e-02
1.837955e-02
1.840416e-02
1.842829e-02
1.845395e-02
1.847843e-02
1.850364e-02
1.852881e-02
1.855426e-02
1.857988e-02
1.860567e-02
1.863163e-02
1.865777e-02
1.868285e-02
1.870931e-02
1.873500e-02
1.876184e-02
1.878855e-02
1.881587e-02
1.884344e-02
1.887139e-02
1.889433e-02
1.891821e-02
1.894113e-02
1.896422e-02
1.898697e-02
1.900983e-02
1.903235e-02
1.905493e-02
1.907719e-02
1.910167e-02
1.912797e-02
1.915414e-02
1.917647e-02
1.919962e-02
1.922180e-02
1.924418e-02
1.926610e-02
1.928812e-02
1.930972e-02
1.933140e-02
1.935524e-02
1.938052e-02
1.940236e-02
1.942506e-02
1.944680e-02
1.946878e-02
1.949027e-02
1.951190e-02
1.953312e-02
1.955445e-02
1.957791e-02
1.960230e-02
1.962387e-02
1.964638e-02
1.966790e-02
1.968965e-02
1.971097e-02
1.973244e-02
1.975605e-02
1.978008e-02
1.980389e-02
1.982759e-02
1.984914e-02
1.987167e-02
1.989322e-02
1.991501e-02
1.993641e-02
1.995796e-02
1.998159e-02
2.000514e-02
2.002866e-02
2.005224e-02
2.007594e-02
2.009995e-02
2.012151e-02
2.014456e-02
2.016613e-02
2.018790e-02
2.021145e-02
2.023513e-02
2.025902e-02
2.028324e-02
2.030793e-02
2.033154e-02
2.035513e-02
2.037878e-02
2.040052e-02
2.042444e-02
2.044618e-02
2.046812e-02
2.049186e-02
2.051557e-02
2.053931e-02
2.056316e-02
2.058718e-02
2.061144e-02
2.063589e-02
2.065980e-02
2.068368e-02
2.070756e-02
2.072955e-02
2.075361e-02
2.077564e-02
2.079787e-02
2.081993e-02
2.084218e-02
2.086425e-02
2.088827e-02
2.091232e-02
2.093649e-02
2.096083e-02
2.098541e-02
2.101000e-02
2.103531e-02
2.105948e-02
2.108367e-02
2.110790e-02
2.113225e-02
2.115678e-02
2.118156e-02
2.120663e-02
2.123210e-02
2.125645e-02
2.128082e-02
2.130523e-02
2.132975e-02
2.135443e-02
2.137933e-02
2.140449e-02
2.142998e-02
2.145452e-02
2.147907e-02
2.150366e-02
2.152832e-02
2.155309e-02
2.157803e-02
2.160318e-02
2.162862e-02
2.165438e-02
2.167911e-02
2.170387e-02
2.172867e-02
2.175356e-02
2.177859e-02
2.180381e-02
2.182927e-02
2.185502e-02
2.187992e-02
2.190485e-02
2.192984e-02
2.195490e-02
2.198004e-02
2.200402e-02
2.202949e-02
2.205354e-02
2.207953e-02
2.210366e-02
2.212879e-02
2.215299e-02
2.217826e-02
2.220363e-02
2.222913e-02
2.225483e-02
2.228078e-02
2.230599e-02
2.233125e-02
2.235656e-02
2.238194e-02
2.240742e-02
2.243301e-02
2.245878e-02
2.248475e-02
2.251008e-02
2.253544e-02
2.256085e-02
2.258633e-02
2.261191e-02
2.263761e-02
2.266348e-02
2.268954e-02
2.271497e-02
2.274043e-02
2.276503e-02
2.279062e-02
2.281545e-02
2.284127e-02
2.286636e-02
2.289204e-02
2.291728e-02
2.294284e-02
2.296819e-02
2.299385e-02
2.301927e-02
2.304499e-02
2.307047e-02
2.309624e-02
2.312179e-02
2.314751e-02
2.317315e-02
2.319905e-02
2.322484e-02
2.325090e-02
2.327688e-02
2.330269e-02
2.332855e-02
2.335448e-02
2.338051e-02
2.340666e-02
2.343299e-02
2.345951e-02
2.348630e-02
2.351234e-02
2.353845e-02
2.356464e-02
2.359095e-02
2.361741e-02
2.364405e-02
2.367092e-02
2.369807e-02
2.372441e-02
2.375081e-02
2.377731e-02
2.380394e-02
2.383071e-02
2.385769e-02
2.388490e-02
2.391242e-02
2.393908e-02
2.396583e-02
2.399267e-02
2.401964e-02
2.404675e-02
2.407405e-02
2.410157e-02
2.412938e-02
2.415641e-02
2.418352e-02
2.421071e-02
2.423801e-02
2.426544e-02
2.429304e-02
2.432081e-02
2.434882e-02
2.437712e-02
2.440578e-02
2.443335e-02
2.446100e-02
2.448875e-02
2.451663e-02
2.454464e-02
2.457283e-02
2.460120e-02
2.462982e-02
2.465875e-02
2.468676e-02
2.471484e-02
2.474300e-02
2.477125e-02
2.479961e-02
2.482809e-02
2.485671e-02
2.488550e-02
2.491452e-02
2.494380e-02
2.497328e-02
2.500317e-02
2.503184e-02
2.506057e-02
2.508938e-02
2.511826e-02
2.514724e-02
2.517630e-02
2.520547e-02
2.523477e-02
2.526424e-02
2.529390e-02
2.532376e-02
2.535384e-02
2.538392e-02
2.541444e-02
2.544458e-02
2.547555e-02
2.550576e-02
2.553532e-02
2.556494e-02
2.559459e-02
2.562429e-02
2.565401e-02
2.568377e-02
2.571354e-02
2.574334e-02
2.577315e-02
2.580296e-02
2.583275e-02
2.586251e-02
2.589223e-02
2.592192e-02
2.595159e-02
2.598123e-02
2.601086e-02
2.604048e-02
2.607008e-02
2.609968e-02
2.612928e-02
2.615888e-02
2.618848e-02
2.621808e-02
2.624769e-02
2.627731e-02
2.630693e-02
2.633657e-02
2.636622e-02
2.639588e-02
2.642555e-02
2.645523e-02
2.648492e-02
2.651463e-02
2.654435e-02
2.657407e-02
2.660381e-02
2.663355e-02
2.666330e-02
2.669306e-02
2.672282e-02
2.675259e-02
2.678236e-02
2.681214e-02
2.684192e-02
2.687170e-02
2.690148e-02
2.693127e-02
2.696106e-02
2.699086e-02
2.702065e-02
2.705046e-02
2.708026e-02
2.711007e-02
2.713989e-02
2.716972e-02
2.719955e-02
2.723002e-02
2.726123e-02
2.729178e-02
2.732258e-02
2.735265e-02
2.738330e-02
2.741337e-02
2.744397e-02
2.747406e-02
2.750465e-02
2.753477e-02
2.756536e-02
2.759551e-02
2.762613e-02
2.765633e-02
2.768780e-02
2.771923e-02
2.775143e-02
2.778308e-02
2.781557e-02
2.784764e-02
2.788056e-02
2.791341e-02
2.794620e-02
2.797726e-02
2.800964e-02
2.804086e-02
2.807306e-02
2.810324e-02
2.813557e-02
2.816582e-02
2.819858e-02
2.822889e-02
2.826098e-02
2.829135e-02
2.832305e-02
2.835677e-02
2.838921e-02
2.842045e-02
2.845265e-02
2.848417e-02
2.851657e-02
2.854843e-02
2.858115e-02
2.861347e-02
2.864625e-02
2.867670e-02
2.870967e-02
2.874012e-02
2.877237e-02
2.880282e-02
2.883453e-02
2.886498e-02
2.889642e-02
2.892688e-02
2.895815e-02
2.898862e-02
2.901979e-02
2.905028e-02
2.908140e-02
2.911192e-02
2.914302e-02
2.917359e-02
2.920470e-02
2.923532e-02
2.926647e-02
2.929717e-02
2.932839e-02
2.935918e-02
2.939052e-02
2.942143e-02
2.945292e-02
2.948400e-02
2.951570e-02
2.954699e-02
2.957898e-02
2.961056e-02
2.964295e-02
2.967492e-02
2.970837e-02
2.974027e-02
2.977272e-02
2.980516e-02
2.983759e-02
2.987005e-02
2.990254e-02
2.993510e-02
2.996781e-02
3.000070e-02
3.003382e-02
3.006719e-02
3.009963e-02
3.013168e-02
3.016409e-02
3.019651e-02
3.022895e-02
3.026146e-02
3.029407e-02
3.032683e-02
3.035981e-02
3.039303e-02
3.042552e-02
3.045799e-02
3.049045e-02
3.052276e-02
3.055526e-02
3.058781e-02
3.062041e-02
3.065312e-02
3.068601e-02
3.071911e-02
3.075247e-02
3.078610e-02
3.082005e-02
3.085433e-02
3.088902e-02
3.092171e-02
3.095630e-02
3.098997e-02
3.102456e-02
3.105877e-02
3.109330e-02
3.112746e-02
3.116193e-02
3.119604e-02
3.123046e-02
3.126318e-02
3.129770e-02
3.133116e-02
3.136667e-02
3.140119e-02
3.143833e-02
3.147234e-02
3.150976e-02
3.154604e-02
3.158417e-02
3.162058e-02
3.165891e-02
3.169209e-02
3.172729e-02
3.176152e-02
3.179821e-02
3.183389e-02
3.187097e-02
3.190811e-02
3.194628e-02
3.198361e-02
3.202188e-02
3.205506e-02
3.209007e-02
3.212404e-02
3.216013e-02
3.219521e-02
3.223289e-02
3.226940e-02
3.230758e-02
3.233871e-02
3.237295e-02
3.241002e-02
3.244819e-02
3.248167e-02
3.251699e-02
3.255129e-02
3.258775e-02
3.262057e-02
3.265668e-02
3.269344e-02
3.273126e-02
3.276813e-02
3.280588e-02
3.283924e-02
3.287427e-02
3.290821e-02
3.294399e-02
3.297875e-02
3.301563e-02
3.305139e-02
3.308873e-02
3.312577e-02
3.316373e-02
3.320168e-02
3.323960e-02
3.327314e-02
3.330835e-02
3.334251e-02
3.337849e-02
3.341339e-02
3.345041e-02
3.348232e-02
3.351742e-02
3.355428e-02
3.359203e-02
3.362975e-02
3.366745e-02
3.370511e-02
3.374275e-02
3.378036e-02
3.381795e-02
3.385259e-02
3.389011e-02
3.392767e-02
3.396522e-02
3.400279e-02
3.404039e-02
3.407801e-02
3.411567e-02
3.415336e-02
3.419109e-02
3.422885e-02
3.426664e-02
3.430442e-02
3.434222e-02
3.438001e-02
3.441781e-02
3.445559e-02
3.449335e-02
3.453109e-02
3.456880e-02
3.460648e-02
3.464415e-02
3.468181e-02
3.471948e-02
3.475716e-02
3.479486e-02
3.483261e-02
3.487041e-02
3.490828e-02
3.494621e-02
3.498421e-02
3.502226e-02
3.506037e-02
3.509853e-02
3.513675e-02
3.517501e-02
3.521332e-02
3.525166e-02
3.529003e-02
3.532841e-02
3.536677e-02
3.540510e-02
3.544340e-02
3.548166e-02
3.551988e-02
3.555808e-02
3.559626e-02
3.563444e-02
3.567261e-02
3.571080e-02
3.574902e-02
3.578728e-02
3.582559e-02
3.586394e-02
3.590236e-02
3.594080e-02
3.597931e-02
3.601783e-02
3.605635e-02
3.609488e-02
3.613341e-02
3.617192e-02
3.621043e-02
3.624892e-02
3.628741e-02
3.632588e-02
3.636431e-02
3.640271e-02
3.644108e-02
3.647942e-02
3.651773e-02
3.655601e-02
3.659431e-02
3.663262e-02
3.667098e-02
3.670938e-02
3.674782e-02
3.678624e-02
3.682465e-02
3.686304e-02
3.690141e-02
3.693976e-02
3.697810e-02
3.701641e-02
3.705471e-02
3.709298e-02
3.713125e-02
3.716952e-02
3.720776e-02
3.724596e-02
3.728415e-02
3.732235e-02
3.736051e-02
3.739864e-02
3.743697e-02
3.747538e-02
3.751346e-02
3.755131e-02
3.758902e-02
3.762676e-02
3.766476e-02
3.770269e-02
3.774054e-02
3.777836e-02
3.781613e-02
3.785388e-02
3.789159e-02
3.792959e-02
3.796751e-02
3.800542e-02
3.804324e-02
3.808103e-02
3.811876e-02
3.815644e-02
3.819406e-02
3.823163e-02
3.826915e-02
3.830662e-02
3.834404e-02
3.838219e-02
3.842025e-02
3.845828e-02
3.849622e-02
3.853411e-02
3.857193e-02
3.860969e-02
3.864738e-02
3.868503e-02
3.872261e-02
3.876014e-02
3.879762e-02
3.883506e-02
3.887246e-02
3.890982e-02
3.894783e-02
3.898579e-02
3.902369e-02
3.906155e-02
3.909934e-02
3.913708e-02
3.917478e-02
3.921244e-02
3.925005e-02
3.928764e-02
3.932021e-02
3.935603e-02
3.939356e-02
3.943107e-02
3.946858e-02
3.950649e-02
3.954441e-02
3.958232e-02
3.961902e-02
3.965575e-02
3.969246e-02
3.972905e-02
3.976565e-02
3.980215e-02
3.983872e-02
3.987524e-02
3.991191e-02
3.994857e-02
3.998547e-02
4.002243e-02
4.005974e-02
4.009721e-02
4.013509e-02
4.017298e-02
4.020736e-02
4.024204e-02
4.027661e-02
4.031151e-02
4.034629e-02
4.038121e-02
4.041613e-02
4.045100e-02
4.048592e-02
4.052079e-02
4.055568e-02
4.059053e-02
4.062538e-02
4.066020e-02
4.069502e-02
4.072982e-02
4.076701e-02
4.080391e-02
4.084114e-02
4.087805e-02
4.091448e-02
4.095058e-02
4.098709e-02
4.102326e-02
4.105993e-02
4.109624e-02
4.113312e-02
4.116962e-02
4.120676e-02
4.124349e-02
4.128098e-02
4.131803e-02
4.135596e-02
4.139341e-02
4.142664e-02
4.146318e-02
4.150228e-02
4.154089e-02
4.157563e-02
4.161384e-02
4.164857e-02
4.168677e-02
4.172151e-02
4.175972e-02
4.179445e-02
4.183266e-02
4.186738e-02
4.190558e-02
4.194031e-02
4.197850e-02
4.201324e-02
4.205144e-02
4.208619e-02
4.212442e-02
4.216384e-02
4.220327e-02
4.224272e-02
4.228218e-02
4.232166e-02
4.236114e-02
4.240063e-02
4.244012e-02
4.247963e-02
4.251914e-02
4.255866e-02
4.259819e-02
4.263772e-02
4.267726e-02
4.271681e-02
4.275636e-02
4.279591e-02
4.283547e-02
4.287502e-02
4.291458e-02
4.295413e-02
4.299368e-02
4.303322e-02
4.307276e-02
4.311229e-02
4.315181e-02
4.319148e-02
4.323116e-02
4.327082e-02
4.331049e-02
4.334405e-02
4.338097e-02
4.342062e-02
4.346027e-02
4.349990e-02
4.353954e-02
4.357917e-02
4.361879e-02
4.365841e-02
4.369802e-02
4.373762e-02
4.377722e-02
4.381681e-02
4.385639e-02
4.389597e-02
4.393555e-02
4.397512e-02
4.401468e-02
4.405424e-02
4.409380e-02
4.413335e-02
4.417295e-02
4.421255e-02
4.425215e-02
4.429176e-02
4.433136e-02
4.437067e-02
4.441007e-02
4.444941e-02
4.448888e-02
4.452828e-02
4.456778e-02
4.460729e-02
4.464687e-02
4.468650e-02
4.472614e-02
4.476580e-02
4.480546e-02
4.484513e-02
4.488481e-02
4.492450e-02
4.496420e-02
4.500391e-02
4.504363e-02
4.507756e-02
4.511489e-02
4.515465e-02
4.519443e-02
4.523422e-02
4.527404e-02
4.531396e-02
4.535388e-02
4.539383e-02
4.543379e-02
4.547376e-02
4.551375e-02
4.555372e-02
4.559374e-02
4.563357e-02
4.567363e-02
4.571331e-02
4.575342e-02
4.579296e-02
4.583312e-02
4.587251e-02
4.591272e-02
4.595197e-02
4.599214e-02
4.603124e-02
4.607124e-02
4.611018e-02
4.614999e-02
4.618876e-02
4.622838e-02
4.626697e-02
4.630637e-02
4.634478e-02
4.638396e-02
4.642216e-02
4.646110e-02
4.649910e-02
4.653779e-02
4.657190e-02
4.660943e-02
4.664700e-02
4.668519e-02
4.672250e-02
4.676061e-02
4.679753e-02
4.683528e-02
4.687346e-02
4.691196e-02
4.695105e-02
4.698999e-02
4.702877e-02
4.706752e-02
4.710615e-02
4.714482e-02
4.718340e-02
4.722206e-02
4.726064e-02
4.729931e-02
4.733791e-02
4.737661e-02
4.741526e-02
4.745395e-02
4.749255e-02
4.753123e-02
4.756986e-02
4.760860e-02
4.764730e-02
4.768613e-02
4.772495e-02
4.776384e-02
4.780269e-02
4.784165e-02
4.788060e-02
4.791963e-02
4.795369e-02
4.799116e-02
4.803031e-02
4.806955e-02
4.810874e-02
4.814801e-02
4.818724e-02
4.822656e-02
4.826584e-02
4.830522e-02
4.834456e-02
4.838399e-02
4.842340e-02
4.846290e-02
4.850236e-02
4.854184e-02
4.858125e-02
4.862074e-02
4.866020e-02
4.869974e-02
4.873927e-02
4.877890e-02
4.881852e-02
4.885824e-02
4.889796e-02
4.893779e-02
4.897759e-02
4.901744e-02
4.905704e-02
4.909695e-02
4.913127e-02
4.916694e-02
4.920090e-02
4.923826e-02
4.927276e-02
4.930871e-02
4.934331e-02
4.937939e-02
4.941410e-02
4.945028e-02
4.948512e-02
4.952143e-02
4.955532e-02
4.959124e-02
4.962454e-02
4.965937e-02
4.969269e-02
4.972738e-02
4.976071e-02
4.979525e-02
4.982860e-02
4.986343e-02
4.989691e-02
4.993199e-02
4.996562e-02
5.000084e-02
5.003461e-02
5.006992e-02
5.010372e-02
5.013908e-02
5.017292e-02
5.020835e-02
5.024246e-02
5.027796e-02
5.031219e-02
5.034780e-02
5.038218e-02
5.041740e-02
5.045084e-02
5.048534e-02
5.051879e-02
5.055309e-02
5.058657e-02
5.062080e-02
5.065431e-02
5.068853e-02
5.072210e-02
5.075659e-02
5.079038e-02
5.082516e-02
5.085921e-02
5.089464e-02
5.092847e-02
5.096414e-02
5.099803e-02
5.103394e-02
5.106777e-02
5.110325e-02
5.113716e-02
5.117213e-02
5.120624e-02
5.124375e-02
5.128337e-02
5.132296e-02
5.136252e-02
5.140204e-02
5.144153e-02
5.148099e-02
5.152042e-02
5.155983e-02
5.159921e-02
5.163857e-02
5.167792e-02
5.171724e-02
5.175654e-02
5.179583e-02
5.183509e-02
5.187434e-02
5.191358e-02
5.195278e-02
5.199198e-02
5.203115e-02
5.207032e-02
5.210947e-02
5.214861e-02
5.218774e-02
5.222687e-02
5.226599e-02
5.230510e-02
5.234420e-02
5.238330e-02
5.242238e-02
5.246145e-02
5.250051e-02
5.253956e-02
5.257861e-02
5.261765e-02
5.265670e-02
5.269574e-02
5.273478e-02
5.277381e-02
5.281284e-02
5.285187e-02
5.289089e-02
5.292990e-02
5.296892e-02
5.300793e-02
5.304694e-02
5.308594e-02
5.312495e-02
5.316395e-02
5.320295e-02
5.324195e-02
5.328095e-02
5.331995e-02
5.335895e-02
5.339795e-02
5.343695e-02
5.347594e-02
5.351494e-02
5.355393e-02
5.359293e-02
5.363191e-02
5.367090e-02
5.370988e-02
5.374887e-02
5.378785e-02
5.382684e-02
5.386582e-02
5.390481e-02
5.394380e-02
5.398279e-02
5.402178e-02
5.406077e-02
5.409975e-02
5.413875e-02
5.417773e-02
5.421674e-02
5.425573e-02
5.429474e-02
5.433375e-02
5.437277e-02
5.441179e-02
5.445082e-02
5.448986e-02
5.452890e-02
5.456795e-02
5.460700e-02
5.464605e-02
5.468512e-02
5.472418e-02
5.476326e-02
5.480234e-02
5.484143e-02
5.488053e-02
5.491964e-02
5.495875e-02
5.499788e-02
5.503701e-02
5.507615e-02
5.511530e-02
5.515445e-02
5.519361e-02
5.523279e-02
5.527196e-02
5.531115e-02
5.535034e-02
5.538955e-02
5.542876e-02
5.546798e-02
5.550722e-02
5.554647e-02
5.558572e-02
5.562499e-02
5.566427e-02
5.570356e-02
5.574286e-02
5.578217e-02
5.582150e-02
5.586084e-02
5.590018e-02
5.593954e-02
5.597891e-02
5.601830e-02
5.605769e-02
5.609709e-02
5.613651e-02
5.617594e-02
5.621539e-02
5.625484e-02
5.629431e-02
5.633379e-02
5.637329e-02
5.641279e-02
5.645230e-02
5.649182e-02
5.653135e-02
5.657089e-02
5.661044e-02
5.665001e-02
5.668957e-02
5.672915e-02
5.676873e-02
5.680833e-02
5.684793e-02
5.688754e-02
5.692716e-02
5.696679e-02
5.700643e-02
5.704607e-02
5.708572e-02
5.712536e-02
5.716502e-02
5.720468e-02
5.724433e-02
5.728400e-02
5.732366e-02
5.736334e-02
5.740300e-02
5.744269e-02
5.748236e-02
5.752205e-02
5.756174e-02
5.760144e-02
5.764114e-02
5.768084e-02
5.772055e-02
5.776026e-02
5.779997e-02
5.783968e-02
5.787939e-02
5.791910e-02
5.795881e-02
5.799853e-02
5.803824e-02
5.807796e-02
5.811768e-02
5.815740e-02
5.819712e-02
5.823685e-02
5.827658e-02
5.831632e-02
5.835606e-02
5.839580e-02
5.843554e-02
5.847529e-02
5.851503e-02
5.855478e-02
5.859453e-02
5.863429e-02
5.867404e-02
5.871380e-02
5.875356e-02
5.879333e-02
5.883309e-02
5.887286e-02
5.891264e-02
5.895241e-02
5.899219e-02
5.903197e-02
5.907176e-02
5.911155e-02
5.915134e-02
5.919113e-02
5.923093e-02
5.927074e-02
5.931054e-02
5.935035e-02
5.939016e-02
5.942998e-02
5.946979e-02
5.950961e-02
5.954745e-02
5.958568e-02
5.962355e-02
5.966177e-02
5.969963e-02
5.973780e-02
5.977561e-02
5.981374e-02
5.985153e-02
5.988964e-02
5.992743e-02
5.996555e-02
6.000541e-02
6.004527e-02
6.008515e-02
6.012502e-02
6.016491e-02
6.020479e-02
6.024469e-02
6.028458e-02
6.032449e-02
6.036440e-02
6.040432e-02
6.044424e-02
6.048416e-02
6.052410e-02
6.056404e-02
6.060398e-02
6.064394e-02
6.068389e-02
6.072215e-02
6.076079e-02
6.079909e-02
6.083772e-02
6.087600e-02
6.091459e-02
6.095282e-02
6.099137e-02
6.102958e-02
6.106811e-02
6.110632e-02
6.114486e-02
6.118500e-02
6.122516e-02
6.126531e-02
6.130548e-02
6.134563e-02
6.138580e-02
6.142595e-02
6.146612e-02
6.150628e-02
6.154645e-02
6.158661e-02
6.162680e-02
6.166697e-02
6.170717e-02
6.174736e-02
6.178758e-02
6.182778e-02
6.186802e-02
6.190826e-02
6.194850e-02
6.198875e-02
6.202900e-02
6.206926e-02
6.210951e-02
6.214977e-02
6.219003e-02
6.223029e-02
6.227055e-02
6.231081e-02
6.235107e-02
6.239133e-02
6.243160e-02
6.247185e-02
6.251213e-02
6.255239e-02
6.259267e-02
6.263295e-02
6.267325e-02
6.271354e-02
6.275386e-02
6.279418e-02
6.283450e-02
6.287483e-02
6.291517e-02
6.295551e-02
6.299585e-02
6.303619e-02
6.307654e-02
6.311689e-02
6.315724e-02
6.319759e-02
6.323795e-02
6.327830e-02
6.331866e-02
6.335902e-02
6.339939e-02
6.343975e-02
6.348013e-02
6.352051e-02
6.356090e-02
6.360129e-02
6.364170e-02
6.368211e-02
6.372253e-02
6.375030e-02
6.378085e-02
6.381446e-02
6.385142e-02
6.389186e-02
6.393230e-02
6.397275e-02
6.401320e-02
6.405365e-02
6.409410e-02
6.413456e-02
6.417502e-02
6.421549e-02
6.425596e-02
6.429643e-02
6.433691e-02
6.437739e-02
6.441787e-02
6.445836e-02
6.449886e-02
6.453936e-02
6.457987e-02
6.462038e-02
6.466090e-02
6.470142e-02
6.474195e-02
6.478249e-02
6.482302e-02
6.486357e-02
6.490411e-02
6.494466e-02
6.498522e-02
6.502578e-02
6.506634e-02
6.510690e-02
6.514747e-02
6.517520e-02
6.520569e-02
6.523924e-02
6.527614e-02
6.531672e-02
6.535729e-02
6.539787e-02
6.543846e-02
6.547905e-02
6.551964e-02
6.556023e-02
6.560083e-02
6.564143e-02
6.568204e-02
6.572264e-02
6.576326e-02
6.580388e-02
6.584450e-02
6.588513e-02
6.592576e-02
6.596639e-02
6.600704e-02
6.604768e-02
6.608833e-02
6.612899e-02
6.616966e-02
6.621033e-02
6.625100e-02
6.629168e-02
6.633237e-02
6.637306e-02
6.641376e-02
6.645446e-02
6.649517e-02
6.653570e-02
6.657642e-02
6.661551e-02
6.665623e-02
6.669395e-02
6.673468e-02
6.677121e-02
6.681140e-02
6.684711e-02
6.688640e-02
6.692713e-02
6.696789e-02
6.700864e-02
6.704941e-02
6.709018e-02
6.713096e-02
6.717174e-02
6.721254e-02
6.725334e-02
6.729415e-02
6.733496e-02
6.737578e-02
6.741659e-02
6.745742e-02
6.749824e-02
6.753907e-02
6.757989e-02
6.762072e-02
6.766154e-02
6.770237e-02
6.774320e-02
6.778404e-02
6.782486e-02
6.786571e-02
6.790655e-02
6.794740e-02
6.798743e-02
6.802829e-02
6.806729e-02
6.810817e-02
6.814636e-02
6.818511e-02
6.822247e-02
6.826338e-02
6.830008e-02
6.834043e-02
6.838136e-02
6.842231e-02
6.846326e-02
6.850422e-02
6.854518e-02
6.858616e-02
6.862715e-02
6.866814e-02
6.870914e-02
6.875015e-02
6.879116e-02
6.883219e-02
6.887322e-02
6.891427e-02
6.895532e-02
6.899639e-02
6.903747e-02
6.907856e-02
6.911966e-02
6.916078e-02
6.920191e-02
6.924305e-02
6.928421e-02
6.932538e-02
6.936656e-02
6.940776e-02
6.944825e-02
6.948948e-02
6.952912e-02
6.957037e-02
6.960933e-02
6.965056e-02
6.968883e-02
6.972834e-02
6.975871e-02
6.978988e-02
6.982119e-02
6.985314e-02
6.988558e-02
6.991847e-02
6.995210e-02
6.998617e-02
7.002093e-02
7.005650e-02
7.009294e-02
7.012998e-02
7.016805e-02
7.020948e-02
7.024945e-02
7.029092e-02
7.033241e-02
7.037391e-02
7.041543e-02
7.045697e-02
7.049852e-02
7.054009e-02
7.058168e-02
7.062328e-02
7.065760e-02
7.069215e-02
7.072707e-02
7.076225e-02
7.079783e-02
7.083370e-02
7.087001e-02
7.090996e-02
7.095106e-02
7.099280e-02
7.103331e-02
7.107452e-02
7.111456e-02
7.115637e-02
7.119580e-02
7.123710e-02
7.127617e-02
7.131692e-02
7.135566e-02
7.139582e-02
7.143420e-02
7.147381e-02
7.151179e-02
7.155022e-02
7.158543e-02
7.162093e-02
7.165621e-02
7.169181e-02
7.172719e-02
7.176612e-02
7.180574e-02
7.184471e-02
7.188413e-02
7.192297e-02
7.196218e-02
7.200077e-02
7.204277e-02
7.208478e-02
7.212680e-02
7.216882e-02
7.221086e-02
7.225290e-02
7.229494e-02
7.233699e-02
7.237904e-02
7.242110e-02
7.246316e-02
7.250523e-02
7.254730e-02
7.258937e-02
7.263144e-02
7.267351e-02
7.271558e-02
7.275766e-02
7.279963e-02
7.284160e-02
7.288347e-02
7.292555e-02
7.296472e-02
7.300420e-02
7.304396e-02
7.308597e-02
7.312753e-02
7.316933e-02
7.321066e-02
7.325229e-02
7.329337e-02
7.333484e-02
7.337560e-02
7.341679e-02
7.345728e-02
7.349811e-02
7.353836e-02
7.357889e-02
7.361893e-02
7.365925e-02
7.369914e-02
7.374002e-02
7.378180e-02
7.382241e-02
7.386391e-02
7.390423e-02
7.394543e-02
7.398562e-02
7.402667e-02
7.406663e-02
7.410745e-02
7.414725e-02
7.418861e-02
7.422828e-02
7.426946e-02
7.430902e-02
7.435004e-02
7.438948e-02
7.443033e-02
7.446997e-02
7.451006e-02
7.454947e-02
7.458935e-02
7.462861e-02
7.466973e-02
7.470886e-02
7.474910e-02
7.478828e-02
7.482851e-02
7.486764e-02
7.490779e-02
7.494686e-02
7.498690e-02
7.502590e-02
7.506589e-02
7.510487e-02
7.513291e-02
7.516147e-02
7.518953e-02
7.521811e-02
7.524619e-02
7.527452e-02
7.530261e-02
7.533095e-02
7.535905e-02
7.538740e-02
7.541551e-02
7.544386e-02
7.547198e-02
7.550034e-02
7.552846e-02
7.555683e-02
7.558496e-02
7.561333e-02
7.564146e-02
7.566985e-02
7.569798e-02
7.572637e-02
7.575451e-02
7.578290e-02
7.581105e-02
7.583945e-02
7.586760e-02
7.589601e-02
7.592417e-02
7.595284e-02
7.598100e-02
7.600969e-02
7.603785e-02
7.606655e-02
7.609472e-02
7.612342e-02
7.615159e-02
7.618030e-02
7.620848e-02
7.623720e-02
7.626538e-02
7.629411e-02
7.632230e-02
7.635103e-02
7.637924e-02
7.640798e-02
7.643619e-02
7.646493e-02
7.649315e-02
7.652191e-02
7.655013e-02
7.657890e-02
7.660714e-02
7.663592e-02
7.666416e-02
7.669295e-02
7.672120e-02
7.675000e-02
7.677826e-02
7.680708e-02
7.683535e-02
7.686418e-02
7.689246e-02
7.692131e-02
7.694960e-02
7.697847e-02
7.700678e-02
7.703566e-02
7.706399e-02
7.709289e-02
7.712123e-02
7.715016e-02
7.717851e-02
7.720746e-02
7.723583e-02
7.726480e-02
7.729319e-02
7.732218e-02
7.735058e-02
7.737960e-02
7.740803e-02
7.743707e-02
7.746551e-02
7.749459e-02
7.752305e-02
7.755216e-02
7.758065e-02
7.760979e-02
7.763830e-02
7.766748e-02
7.769602e-02
7.772524e-02
7.775381e-02
7.778308e-02
7.781169e-02
7.784100e-02
7.787122e-02
7.790251e-02
7.793512e-02
7.796914e-02
7.800471e-02
7.804179e-02
7.808037e-02
7.812023e-02
7.816115e-02
7.820280e-02
7.824498e-02
7.828719e-02
7.831550e-02
7.834466e-02
7.837463e-02
7.840359e-02
7.843334e-02
7.846242e-02
7.849229e-02
7.852147e-02
7.855148e-02
7.858076e-02
7.861091e-02
7.864031e-02
7.867060e-02
7.870013e-02
7.873060e-02
7.876027e-02
7.879095e-02
7.882079e-02
7.885170e-02
7.888175e-02
7.891295e-02
7.894323e-02
7.897477e-02
7.900762e-02
7.904211e-02
7.907824e-02
7.911600e-02
7.915516e-02
7.919544e-02
7.923525e-02
7.927683e-02
7.931704e-02
7.935909e-02
7.939982e-02
7.944205e-02
7.948344e-02
7.951176e-02
7.954291e-02
7.957717e-02
7.961486e-02
7.965529e-02
7.969584e-02
7.973626e-02
7.977683e-02
7.981726e-02
7.985784e-02
7.989827e-02
7.993885e-02
7.997928e-02
8.001988e-02
8.006033e-02
8.008965e-02
8.011960e-02
8.015027e-02
8.017922e-02
8.020875e-02
8.023771e-02
8.026726e-02
8.029624e-02
8.032580e-02
8.035479e-02
8.038438e-02
8.041338e-02
8.044299e-02
8.047201e-02
8.050164e-02
8.053068e-02
8.056034e-02
8.058940e-02
8.061909e-02
8.064817e-02
8.067790e-02
8.070702e-02
8.073679e-02
8.076595e-02
8.079578e-02
8.082497e-02
8.085487e-02
8.088412e-02
8.091409e-02
8.094340e-02
8.097346e-02
8.100285e-02
8.103302e-02
8.106249e-02
8.109280e-02
8.112125e-02
8.115069e-02
8.118107e-02
8.121035e-02
8.124055e-02
8.127002e-02
8.130042e-02
8.133006e-02
8.136067e-02
8.139049e-02
8.142133e-02
8.145135e-02
8.148246e-02
8.151271e-02
8.154414e-02
8.157466e-02
8.160648e-02
8.163733e-02
8.166961e-02
8.170087e-02
8.173371e-02
8.176546e-02
8.179898e-02
8.183067e-02
8.186371e-02
8.189599e-02
8.192896e-02
8.196158e-02
8.199386e-02
8.202683e-02
8.206041e-02
8.209582e-02
8.213306e-02
8.217191e-02
8.221122e-02
8.225036e-02
8.228933e-02
8.232815e-02
8.236682e-02
8.240535e-02
8.244375e-02
8.248201e-02
8.252016e-02
8.255814e-02
8.259602e-02
8.263376e-02
8.267142e-02
8.270898e-02
8.274646e-02
8.278385e-02
8.282118e-02
8.285843e-02
8.289562e-02
8.293275e-02
8.296983e-02
8.300685e-02
8.304383e-02
8.308077e-02
8.311766e-02
8.315459e-02
8.319150e-02
8.322835e-02
8.326519e-02
8.330198e-02
8.333876e-02
8.337550e-02
8.341222e-02
8.344891e-02
8.348558e-02
8.352223e-02
8.355886e-02
8.359548e-02
8.363207e-02
8.366875e-02
8.370542e-02
8.374207e-02
8.377871e-02
8.381533e-02
8.385195e-02
8.388856e-02
8.392516e-02
8.396174e-02
8.399833e-02
8.403490e-02
8.407147e-02
8.410803e-02
8.414465e-02
8.418124e-02
8.421042e-02
8.424150e-02
8.427428e-02
8.430558e-02
8.433864e-02
8.437012e-02
8.440346e-02
8.443564e-02
8.446856e-02
8.450336e-02
8.453210e-02
8.456147e-02
8.459024e-02
8.461962e-02
8.464842e-02
8.467782e-02
8.470664e-02
8.473607e-02
8.476492e-02
8.479439e-02
8.482455e-02
8.485563e-02
8.488768e-02
8.492075e-02
8.494974e-02
8.497944e-02
8.500990e-02
8.503886e-02
8.506854e-02
8.509943e-02
8.512925e-02
8.516044e-02
8.518913e-02
8.521899e-02
8.524770e-02
8.527903e-02
8.530777e-02
8.533767e-02
8.536705e-02
8.539831e-02
8.542790e-02
8.545851e-02
8.548836e-02
8.552120e-02
8.555026e-02
8.558223e-02
8.561135e-02
8.564337e-02
8.567227e-02
8.570407e-02
8.573300e-02
8.576482e-02
8.579394e-02
8.582342e-02
8.585255e-02
8.588319e-02
8.591434e-02
8.594860e-02
8.597998e-02
8.601450e-02
8.604614e-02
8.608095e-02
8.611287e-02
8.614798e-02
8.618019e-02
8.621563e-02
8.624817e-02
8.628396e-02
8.631682e-02
8.635298e-02
8.638619e-02
8.642273e-02
8.645630e-02
8.649296e-02
8.652690e-02
8.656358e-02
8.659788e-02
8.663457e-02
8.666923e-02
8.670593e-02
8.674095e-02
8.677763e-02
8.681302e-02
8.684969e-02
8.687815e-02
8.690946e-02
8.694390e-02
8.698056e-02
8.700886e-02
8.703998e-02
8.706819e-02
8.709922e-02
8.712734e-02
8.715827e-02
8.719230e-02
8.722904e-02
8.725705e-02
8.728600e-02
8.731392e-02
8.734325e-02
8.737110e-02
8.740004e-02
8.742782e-02
8.745580e-02
8.748352e-02
8.751169e-02
8.753934e-02
8.756745e-02
8.759608e-02
8.762526e-02
8.765508e-02
8.768559e-02
8.771687e-02
8.774900e-02
8.778205e-02
8.781609e-02
8.785296e-02
8.788983e-02
8.791837e-02
8.794713e-02
8.797876e-02
8.800794e-02
8.803768e-02
8.806679e-02
8.809881e-02
8.813402e-02
8.816366e-02
8.819253e-02
8.822093e-02
8.825217e-02
8.828051e-02
8.831069e-02
8.834169e-02
8.837355e-02
8.840211e-02
8.843271e-02
8.846255e-02
8.849315e-02
8.852294e-02
8.855156e-02
8.858128e-02
8.860983e-02
8.863951e-02
8.866769e-02
8.869591e-02
8.872403e-02
8.875220e-02
8.878061e-02
8.880873e-02
8.883708e-02
8.886516e-02
8.889348e-02
8.892316e-02
8.895388e-02
8.898359e-02
8.901438e-02
8.904409e-02
8.907492e-02
8.910461e-02
8.913275e-02
8.916141e-02
8.918948e-02
8.921911e-02
8.924981e-02
8.927939e-02
8.931005e-02
8.933960e-02
8.937022e-02
8.939973e-02
8.943033e-02
8.945981e-02
8.949039e-02
8.951984e-02
8.955040e-02
8.957981e-02
8.961036e-02
8.963975e-02
8.967027e-02
8.969964e-02
8.973015e-02
8.975949e-02
8.978999e-02
8.981930e-02
8.984980e-02
8.987910e-02
8.990959e-02
8.993886e-02
8.996934e-02
8.999860e-02
9.002909e-02
9.005833e-02
9.008882e-02
9.011805e-02
9.014856e-02
9.017779e-02
9.020831e-02
9.023754e-02
9.026809e-02
9.029732e-02
9.032790e-02
9.035714e-02
9.038776e-02
9.041703e-02
9.044771e-02
9.047700e-02
9.050775e-02
9.053708e-02
9.056789e-02
9.059724e-02
9.062811e-02
9.065749e-02
9.068841e-02
9.071782e-02
9.074880e-02
9.077824e-02
9.080928e-02
9.083874e-02
9.086984e-02
9.089933e-02
9.093049e-02
9.096001e-02
9.099123e-02
9.102077e-02
9.105203e-02
9.108159e-02
9.111288e-02
9.114244e-02
9.117373e-02
9.120329e-02
9.123458e-02
9.126412e-02
9.129538e-02
9.132490e-02
9.135613e-02
9.138563e-02
9.141680e-02
9.144624e-02
9.147736e-02
9.150680e-02
9.153789e-02
9.156727e-02
9.159829e-02
9.162767e-02
9.165866e-02
9.168797e-02
9.171887e-02
9.174815e-02
9.177899e-02
9.180820e-02
9.183894e-02
9.186809e-02
9.189873e-02
9.192781e-02
9.195834e-02
9.198736e-02
9.201779e-02
9.204674e-02
9.207708e-02
9.210596e-02
9.213620e-02
9.216502e-02
9.219517e-02
9.222392e-02
9.225398e-02
9.228267e-02
9.231264e-02
9.234128e-02
9.237119e-02
9.239979e-02
9.242965e-02
9.245822e-02
9.248804e-02
9.251657e-02
9.254633e-02
9.257480e-02
9.260451e-02
9.263293e-02
9.266258e-02
9.269097e-02
9.272059e-02
9.274896e-02
9.277856e-02
9.280693e-02
9.283652e-02
9.286489e-02
9.289451e-02
9.292290e-02
9.295256e-02
9.298099e-02
9.301072e-02
9.303920e-02
9.306902e-02
9.309757e-02
9.312752e-02
9.315616e-02
9.318625e-02
9.321500e-02
9.324527e-02
9.327415e-02
9.330464e-02
9.333366e-02
9.336441e-02
9.339360e-02
9.342412e-02
9.345358e-02
9.348383e-02
9.351352e-02
9.354395e-02
9.357374e-02
9.360428e-02
9.363415e-02
9.366476e-02
9.369469e-02
9.372538e-02
9.375536e-02
9.378611e-02
9.381616e-02
9.384690e-02
9.387690e-02
9.390765e-02
9.393769e-02
9.396848e-02
9.399856e-02
9.402933e-02
9.405938e-02
9.409015e-02
9.412022e-02
9.415103e-02
9.418115e-02
9.421201e-02
9.424218e-02
9.427303e-02
9.430316e-02
9.433402e-02
9.436418e-02
9.439508e-02
9.442529e-02
9.445624e-02
9.448650e-02
9.451744e-02
9.454766e-02
9.457861e-02
9.460886e-02
9.463984e-02
9.467014e-02
9.470118e-02
9.473153e-02
9.476256e-02
9.479286e-02
9.482389e-02
9.485422e-02
9.488528e-02
9.491565e-02
9.494676e-02
9.497719e-02
9.500828e-02
9.503866e-02
9.506974e-02
9.510015e-02
9.513127e-02
9.516173e-02
9.519283e-02
9.522322e-02
9.525431e-02
9.528471e-02
9.531582e-02
9.534625e-02
9.537739e-02
9.540785e-02
9.543895e-02
9.546934e-02
9.550041e-02
9.553079e-02
9.556187e-02
9.559226e-02
9.562335e-02
9.565376e-02
9.568486e-02
9.571528e-02
9.574640e-02
9.577684e-02
9.580797e-02
9.583624e-02
9.586584e-02
9.589632e-02
9.592750e-02
9.595583e-02
9.598527e-02
9.601363e-02
9.604302e-02
9.607141e-02
9.610077e-02
9.612920e-02
9.615853e-02
9.618701e-02
9.621634e-02
9.624485e-02
9.627399e-02
9.630255e-02
9.633192e-02
9.636053e-02
9.638994e-02
9.641862e-02
9.644806e-02
9.647681e-02
9.650548e-02
9.653373e-02
9.656185e-02
9.659011e-02
9.661876e-02
9.664645e-02
9.667511e-02
9.670340e-02
9.673218e-02
9.676054e-02
9.678942e-02
9.681787e-02
9.684682e-02
9.687534e-02
9.690434e-02
9.693292e-02
9.696195e-02
9.699058e-02
9.701995e-02
9.704861e-02
9.707800e-02
9.710670e-02
9.713611e-02
9.716485e-02
9.719429e-02
9.722308e-02
9.725258e-02
9.728143e-02
9.731101e-02
9.733938e-02
9.736887e-02
9.739726e-02
9.742637e-02
9.745477e-02
9.748377e-02
9.751218e-02
9.754113e-02
9.756956e-02
9.759850e-02
9.762694e-02
9.765591e-02
9.768444e-02
9.771338e-02
9.774201e-02
9.777096e-02
9.779968e-02
9.782870e-02
9.785747e-02
9.788653e-02
9.791534e-02
9.794442e-02
9.797325e-02
9.800236e-02
9.803121e-02
9.806034e-02
9.808920e-02
9.811835e-02
9.814723e-02
9.817686e-02
9.820814e-02
9.823882e-02
9.827024e-02
9.830101e-02
9.833049e-02
9.836132e-02
9.839084e-02
9.842213e-02
9.845084e-02
9.848220e-02
9.851093e-02
9.854242e-02
9.857118e-02
9.860114e-02
9.862991e-02
9.865985e-02
9.868865e-02
9.871859e-02
9.874741e-02
9.877911e-02
9.880769e-02
9.883914e-02
9.886973e-02
9.890190e-02
9.893262e-02
9.896491e-02
9.899574e-02
9.902795e-02
9.905889e-02
9.909110e-02
9.912217e-02
9.915444e-02
9.918565e-02
9.921793e-02
9.924933e-02
9.928178e-02
9.931338e-02
9.934602e-02
9.937785e-02
9.941072e-02
9.944278e-02
9.947599e-02
9.950833e-02
9.954196e-02
9.957462e-02
9.960870e-02
9.964169e-02
9.967627e-02
9.970964e-02
9.974481e-02
9.977863e-02
9.981456e-02
9.984896e-02
9.988442e-02
9.992067e-02
9.995657e-02
9.999251e-02
1.000293e-01
1.000594e-01
1.000904e-01
1.001202e-01
1.001505e-01
1.001798e-01
1.002097e-01
1.002386e-01
1.002680e-01
1.002981e-01
1.003273e-01
1.003562e-01
1.003856e-01
1.004159e-01
1.004474e-01
1.004777e-01
1.005093e-01
1.005392e-01
1.005700e-01
1.006003e-01
1.006317e-01
1.006618e-01
1.006927e-01
1.007231e-01
1.007544e-01
1.007837e-01
1.008139e-01
1.008443e-01
1.008735e-01
1.009036e-01
1.009339e-01
1.009624e-01
1.009916e-01
1.010216e-01
1.010529e-01
1.010835e-01
1.011150e-01
1.011457e-01
1.011773e-01
1.012081e-01
1.012398e-01
1.012707e-01
1.013025e-01
1.013335e-01
1.013655e-01
1.013966e-01
1.014288e-01
1.014601e-01
1.014925e-01
1.015240e-01
1.015566e-01
1.015883e-01
1.016214e-01
1.016533e-01
1.016867e-01
1.017190e-01
1.017530e-01
1.017857e-01
1.018204e-01
1.018537e-01
1.018879e-01
1.019178e-01
1.019501e-01
1.019800e-01
1.020103e-01
1.020403e-01
1.020705e-01
1.021014e-01
1.021329e-01
1.021651e-01
1.022006e-01
1.022358e-01
1.022717e-01
1.023069e-01
1.023428e-01
1.023781e-01
1.024141e-01
1.024494e-01
1.024855e-01
1.025209e-01
1.025571e-01
1.025926e-01
1.026289e-01
1.026645e-01
1.027010e-01
1.027367e-01
1.027733e-01
1.028092e-01
1.028459e-01
1.028820e-01
1.029189e-01
1.029551e-01
1.029922e-01
1.030285e-01
1.030658e-01
1.031022e-01
1.031397e-01
1.031764e-01
1.032140e-01
1.032508e-01
1.032887e-01
1.033257e-01
1.033637e-01
1.034025e-01
1.034419e-01
1.034817e-01
1.035220e-01
1.035636e-01
1.036057e-01
1.036478e-01
1.036899e-01
1.037320e-01
1.037741e-01
1.038162e-01
1.038583e-01
1.039004e-01
1.039425e-01
1.039846e-01
1.040267e-01
1.040688e-01
1.041109e-01
1.041530e-01
1.041951e-01
1.042372e-01
1.042793e-01
1.043214e-01
1.043635e-01
1.044056e-01
1.044477e-01
1.044898e-01
1.045319e-01
1.045739e-01
1.046160e-01
1.046581e-01
1.047002e-01
1.047422e-01
1.047843e-01
1.048263e-01
1.048684e-01
1.049104e-01
1.049525e-01
1.049820e-01
1.050146e-01
1.050441e-01
1.050766e-01
1.051062e-01
1.051387e-01
1.051683e-01
1.052008e-01
1.052303e-01
1.052628e-01
1.052924e-01
1.053249e-01
1.053544e-01
1.053869e-01
1.054165e-01
1.054490e-01
1.054785e-01
1.055110e-01
1.055405e-01
1.055730e-01
1.056026e-01
1.056350e-01
1.056646e-01
1.056971e-01
1.057266e-01
1.057591e-01
1.057886e-01
1.058211e-01
1.058506e-01
1.058831e-01
1.059126e-01
1.059451e-01
1.059746e-01
1.060070e-01
1.060366e-01
1.060690e-01
1.060986e-01
1.061310e-01
1.061606e-01
1.061930e-01
1.062225e-01
1.062550e-01
1.062845e-01
1.063170e-01
1.063465e-01
1.063790e-01
1.064085e-01
1.064410e-01
1.064705e-01
1.065030e-01
1.065387e-01
1.065780e-01
1.066202e-01
1.066624e-01
1.067046e-01
1.067468e-01
1.067890e-01
1.068312e-01
1.068735e-01
1.069157e-01
1.069579e-01
1.070002e-01
1.070425e-01
1.070848e-01
1.071270e-01
1.071693e-01
1.072117e-01
1.072540e-01
1.072963e-01
1.073386e-01
1.073810e-01
1.074233e-01
1.074657e-01
1.075081e-01
1.075505e-01
1.075928e-01
1.076353e-01
1.076777e-01
1.077201e-01
1.077625e-01
1.078050e-01
1.078474e-01
1.078899e-01
1.079324e-01
1.079749e-01
1.080174e-01
1.080599e-01
1.081025e-01
1.081450e-01
1.081876e-01
1.082301e-01
1.082727e-01
1.083153e-01
1.083579e-01
1.083875e-01
1.084177e-01
1.084473e-01
1.084775e-01
1.085071e-01
1.085373e-01
1.085669e-01
1.085970e-01
1.086266e-01
1.086568e-01
1.086864e-01
1.087166e-01
1.087462e-01
1.087764e-01
1.088060e-01
1.088362e-01
1.088659e-01
1.088960e-01
1.089257e-01
1.089559e-01
1.089867e-01
1.090182e-01
1.090506e-01
1.090838e-01
1.091181e-01
1.091535e-01
1.091900e-01
1.092279e-01
1.092669e-01
1.093071e-01
1.093481e-01
1.093899e-01
1.094323e-01
1.094749e-01
1.095177e-01
1.095606e-01
1.096035e-01
1.096463e-01
1.096892e-01
1.097321e-01
1.097749e-01
1.098178e-01
1.098607e-01
1.099036e-01
1.099465e-01
1.099894e-01
1.100323e-01
1.100752e-01
1.101181e-01
1.101610e-01
1.102039e-01
1.102468e-01
1.102897e-01
1.103326e-01
1.103755e-01
1.104184e-01
1.104614e-01
1.105043e-01
1.105472e-01
1.105901e-01
1.106330e-01
1.106760e-01
1.107189e-01
1.107618e-01
1.108048e-01
1.108477e-01
1.108906e-01
1.109336e-01
1.109765e-01
1.110194e-01
1.110624e-01
1.111053e-01
1.111482e-01
1.111912e-01
1.112341e-01
1.112771e-01
1.113200e-01
1.113630e-01
1.114059e-01
1.114489e-01
1.114919e-01
1.115348e-01
1.115778e-01
1.116208e-01
1.116637e-01
1.117067e-01
1.117497e-01
1.117927e-01
1.118357e-01
1.118787e-01
1.119217e-01
1.119647e-01
1.120077e-01
1.120507e-01
1.120937e-01
1.121368e-01
1.121798e-01
1.122228e-01
1.122659e-01
1.123089e-01
1.123520e-01
1.123951e-01
1.124381e-01
1.124812e-01
1.125243e-01
1.125674e-01
1.126105e-01
1.126536e-01
1.126967e-01
1.127399e-01
1.127830e-01
1.128261e-01
1.128693e-01
1.129124e-01
1.129556e-01
1.129988e-01
1.130420e-01
1.130852e-01
1.131284e-01
1.131716e-01
1.132148e-01
1.132580e-01
1.133013e-01
1.133445e-01
1.133878e-01
1.134311e-01
1.134743e-01
1.135176e-01
1.135609e-01
1.136042e-01
1.136475e-01
1.136909e-01
1.137342e-01
1.137775e-01
1.138209e-01
1.138642e-01
1.138945e-01
1.139277e-01
1.139579e-01
1.139884e-01
1.140186e-01
1.140492e-01
1.140794e-01
1.141099e-01
1.141402e-01
1.141707e-01
1.142010e-01
1.142315e-01
1.142618e-01
1.142924e-01
1.143227e-01
1.143532e-01
1.143835e-01
1.144141e-01
1.144444e-01
1.144750e-01
1.145053e-01
1.145359e-01
1.145662e-01
1.145969e-01
1.146272e-01
1.146578e-01
1.146882e-01
1.147188e-01
1.147491e-01
1.147801e-01
1.148104e-01
1.148414e-01
1.148717e-01
1.149027e-01
1.149331e-01
1.149665e-01
1.150033e-01
1.150437e-01
1.150872e-01
1.151307e-01
1.151742e-01
1.152176e-01
1.152611e-01
1.153046e-01
1.153481e-01
1.153916e-01
1.154351e-01
1.154786e-01
1.155222e-01
1.155658e-01
1.156096e-01
1.156535e-01
1.156975e-01
1.157416e-01
1.157857e-01
1.158299e-01
1.158741e-01
1.159183e-01
1.159626e-01
1.160068e-01
1.160511e-01
1.160954e-01
1.161397e-01
1.161840e-01
1.162283e-01
1.162726e-01
1.163169e-01
1.163613e-01
1.164056e-01
1.164499e-01
1.164943e-01
1.165386e-01
1.165829e-01
1.166273e-01
1.166716e-01
1.167160e-01
1.167603e-01
1.168047e-01
1.168490e-01
1.168934e-01
1.169377e-01
1.169821e-01
1.170258e-01
1.170695e-01
1.171132e-01
1.171570e-01
1.172007e-01
1.172445e-01
1.172882e-01
1.173320e-01
1.173758e-01
1.174197e-01
1.174636e-01
1.175075e-01
1.175514e-01
1.175954e-01
1.176395e-01
1.176836e-01
1.177277e-01
1.177720e-01
1.178163e-01
1.178606e-01
1.179049e-01
1.179492e-01
1.179935e-01
1.180377e-01
1.180820e-01
1.181263e-01
1.181705e-01
1.182148e-01
1.182590e-01
1.183033e-01
1.183475e-01
1.183917e-01
1.184359e-01
1.184802e-01
1.185244e-01
1.185686e-01
1.186128e-01
1.186570e-01
1.187012e-01
1.187454e-01
1.187896e-01
1.188338e-01
1.188774e-01
1.189210e-01
1.189646e-01
1.190083e-01
1.190519e-01
1.190956e-01
1.191393e-01
1.191830e-01
1.192268e-01
1.192706e-01
1.193144e-01
1.193583e-01
1.194022e-01
1.194462e-01
1.194903e-01
1.195345e-01
1.195787e-01
1.196229e-01
1.196671e-01
1.197113e-01
1.197555e-01
1.197998e-01
1.198440e-01
1.198882e-01
1.199325e-01
1.199767e-01
1.200081e-01
1.200427e-01
1.200741e-01
1.201087e-01
1.201401e-01
1.201747e-01
1.202061e-01
1.202407e-01
1.202722e-01
1.203064e-01
1.203379e-01
1.203717e-01
1.204032e-01
1.204368e-01
1.204683e-01
1.205017e-01
1.205332e-01
1.205665e-01
1.205981e-01
1.206312e-01
1.206625e-01
1.206956e-01
1.207266e-01
1.207581e-01
1.207892e-01
1.208207e-01
1.208519e-01
1.208834e-01
1.209146e-01
1.209461e-01
1.209773e-01
1.210090e-01
1.210402e-01
1.210719e-01
1.211032e-01
1.211349e-01
1.211662e-01
1.211982e-01
1.212313e-01
1.212657e-01
1.213016e-01
1.213394e-01
1.213790e-01
1.214205e-01
1.214633e-01
1.215062e-01
1.215492e-01
1.215923e-01
1.216355e-01
1.216787e-01
1.217221e-01
1.217656e-01
1.218092e-01
1.218530e-01
1.218970e-01
1.219412e-01
1.219856e-01
1.220299e-01
1.220742e-01
1.221186e-01
1.221629e-01
1.222072e-01
1.222515e-01
1.222958e-01
1.223390e-01
1.223822e-01
1.224255e-01
1.224688e-01
1.225122e-01
1.225557e-01
1.225992e-01
1.226428e-01
1.226865e-01
1.227303e-01
1.227742e-01
1.228171e-01
1.228612e-01
1.229044e-01
1.229485e-01
1.229921e-01
1.230362e-01
1.230804e-01
1.231245e-01
1.231687e-01
1.232128e-01
1.232558e-01
1.232989e-01
1.233419e-01
1.233850e-01
1.234282e-01
1.234714e-01
1.235147e-01
1.235582e-01
1.236018e-01
1.236455e-01
1.236894e-01
1.237334e-01
1.237770e-01
1.238209e-01
1.238648e-01
1.239087e-01
1.239527e-01
1.239966e-01
1.240405e-01
1.240844e-01
1.241283e-01
1.241721e-01
1.242156e-01
1.242591e-01
1.243025e-01
1.243460e-01
1.243896e-01
1.244333e-01
1.244771e-01
1.245209e-01
1.245647e-01
1.246085e-01
1.246523e-01
1.246961e-01
1.247399e-01
1.247836e-01
1.248274e-01
1.248712e-01
1.249149e-01
1.249587e-01
1.250024e-01
1.250461e-01
1.250899e-01
1.251336e-01
1.251773e-01
1.252210e-01
1.252647e-01
1.253084e-01
1.253521e-01
1.253958e-01
1.254394e-01
1.254831e-01
1.255268e-01
1.255704e-01
1.256141e-01
1.256577e-01
1.257014e-01
1.257450e-01
1.257887e-01
1.258323e-01
1.258759e-01
1.259196e-01
1.259632e-01
1.260068e-01
1.260504e-01
1.260940e-01
1.261376e-01
1.261812e-01
1.262248e-01
1.262684e-01
1.263120e-01
1.263556e-01
1.263992e-01
1.264427e-01
1.264863e-01
1.265299e-01
1.265735e-01
1.266170e-01
1.266606e-01
1.267040e-01
1.267473e-01
1.267906e-01
1.268337e-01
1.268768e-01
1.269199e-01
1.269630e-01
1.270060e-01
1.270491e-01
1.270923e-01
1.271356e-01
1.271791e-01
1.272226e-01
1.272662e-01
1.273097e-01
1.273532e-01
1.273959e-01
1.274385e-01
1.274811e-01
1.275236e-01
1.275662e-01
1.276087e-01
1.276512e-01
1.276937e-01
1.277362e-01
1.277788e-01
1.278216e-01
1.278645e-01
1.279077e-01
1.279510e-01
1.279820e-01
1.280150e-01
1.280499e-01
1.280832e-01
1.281184e-01
1.281520e-01
1.281877e-01
1.282223e-01
1.282577e-01
1.282932e-01
1.283225e-01
1.283548e-01
1.283842e-01
1.284148e-01
1.284444e-01
1.284743e-01
1.285039e-01
1.285337e-01
1.285632e-01
1.285930e-01
1.286225e-01
1.286527e-01
1.286822e-01
1.287125e-01
1.287421e-01
1.287725e-01
1.288028e-01
1.288330e-01
1.288642e-01
1.288957e-01
1.289263e-01
1.289568e-01
1.289884e-01
1.290210e-01
1.290515e-01
1.290825e-01
1.291144e-01
1.291457e-01
1.291783e-01
1.292097e-01
1.292406e-01
1.292730e-01
1.293041e-01
1.293360e-01
1.293690e-01
1.294006e-01
1.294333e-01
1.294663e-01
1.295002e-01
1.295323e-01
1.295654e-01
1.295996e-01
1.296313e-01
1.296647e-01
1.296968e-01
1.297307e-01
1.297633e-01
1.297979e-01
1.298287e-01
1.298621e-01
1.298966e-01
1.299295e-01
1.299635e-01
1.299976e-01
1.300320e-01
1.300675e-01
1.301027e-01
1.301388e-01
1.301747e-01
1.302116e-01
1.302483e-01
1.302857e-01
1.303227e-01
1.303605e-01
1.303979e-01
1.304361e-01
1.304752e-01
1.305150e-01
1.305553e-01
1.305961e-01
1.306373e-01
1.306788e-01
1.307117e-01
1.307463e-01
1.307825e-01
1.308203e-01
1.308506e-01
1.308816e-01
1.309134e-01
1.309459e-01
1.309760e-01
1.310068e-01
1.310383e-01
1.310691e-01
1.310996e-01
1.311307e-01
1.311614e-01
1.311928e-01
1.312239e-01
1.312556e-01
1.312869e-01
1.313188e-01
1.313506e-01
1.313829e-01
1.314148e-01
1.314479e-01
1.314822e-01
1.315153e-01
1.315498e-01
1.315840e-01
1.316171e-01
1.316519e-01
1.316884e-01
1.317231e-01
1.317592e-01
1.317960e-01
1.318305e-01
1.318664e-01
1.319025e-01
1.319393e-01
1.319757e-01
1.320129e-01
1.320496e-01
1.320873e-01
1.321245e-01
1.321626e-01
1.322001e-01
1.322386e-01
1.322765e-01
1.323153e-01
1.323548e-01
1.323948e-01
1.324349e-01
1.324754e-01
1.325155e-01
1.325560e-01
1.325962e-01
1.326368e-01
1.326771e-01
1.327177e-01
1.327581e-01
1.327988e-01
1.328392e-01
1.328800e-01
1.329205e-01
1.329614e-01
1.330020e-01
1.330430e-01
1.330836e-01
1.331247e-01
1.331655e-01
1.332067e-01
1.332475e-01
1.332889e-01
1.333299e-01
1.333713e-01
1.334124e-01
1.334540e-01
1.334952e-01
1.335370e-01
1.335783e-01
1.336202e-01
1.336617e-01
1.337038e-01
1.337454e-01
1.337877e-01
1.338295e-01
1.338720e-01
1.339139e-01
1.339566e-01
1.339987e-01
1.340416e-01
1.340839e-01
1.341270e-01
1.341695e-01
1.342128e-01
1.342555e-01
1.342991e-01
1.343420e-01
1.343858e-01
1.344289e-01
1.344726e-01
1.345159e-01
1.345597e-01
1.346032e-01
1.346470e-01
1.346907e-01
1.347344e-01
1.347782e-01
1.348219e-01
1.348657e-01
1.349094e-01
1.349532e-01
1.349969e-01
1.350406e-01
1.350843e-01
1.351280e-01
1.351717e-01
1.352154e-01
1.352591e-01
1.353028e-01
1.353465e-01
1.353902e-01
1.354340e-01
1.354777e-01
1.355213e-01
1.355650e-01
1.356087e-01
1.356524e-01
1.356961e-01
1.357398e-01
1.357834e-01
1.358271e-01
1.358708e-01
1.359144e-01
1.359581e-01
1.360018e-01
1.360454e-01
1.360891e-01
1.361327e-01
1.361763e-01
1.362200e-01
1.362636e-01
1.363063e-01
1.363497e-01
1.363923e-01
1.364359e-01
1.364787e-01
1.365223e-01
1.365656e-01
1.366092e-01
1.366528e-01
1.366964e-01
1.367399e-01
1.367835e-01
1.368271e-01
1.368706e-01
1.369142e-01
1.369578e-01
1.370013e-01
1.370449e-01
1.370884e-01
1.371319e-01
1.371755e-01
1.372190e-01
1.372625e-01
1.373060e-01
1.373495e-01
1.373930e-01
1.374364e-01
1.374799e-01
1.375233e-01
1.375667e-01
1.376101e-01
1.376535e-01
1.376969e-01
1.377402e-01
1.377835e-01
1.378268e-01
1.378700e-01
1.379133e-01
1.379565e-01
1.379997e-01
1.380428e-01
1.380859e-01
1.381290e-01
1.381720e-01
1.382150e-01
1.382579e-01
1.383008e-01
1.383436e-01
1.383864e-01
1.384291e-01
1.384717e-01
1.385143e-01
1.385569e-01
1.385994e-01
1.386418e-01
1.386841e-01
1.387264e-01
1.387686e-01
1.388108e-01
1.388529e-01
1.388949e-01
1.389368e-01
1.389787e-01
1.390205e-01
1.390622e-01
1.391039e-01
1.391454e-01
1.391869e-01
1.392283e-01
1.392696e-01
1.393109e-01
1.393520e-01
1.393931e-01
1.394341e-01
1.394751e-01
1.395159e-01
1.395567e-01
1.395975e-01
1.396382e-01
1.396788e-01
1.397193e-01
1.397599e-01
1.398004e-01
1.398408e-01
1.398812e-01
1.399215e-01
1.399617e-01
1.400020e-01
1.400421e-01
1.400823e-01
1.401224e-01
1.401624e-01
1.402025e-01
1.402425e-01
1.402824e-01
1.403224e-01
1.403623e-01
1.404022e-01
1.404421e-01
1.404820e-01
1.405219e-01
1.405618e-01
1.406018e-01
1.406417e-01
1.406817e-01
1.407216e-01
1.407616e-01
1.408016e-01
1.408416e-01
1.408817e-01
1.409218e-01
1.409619e-01
1.410019e-01
1.410419e-01
1.410818e-01
1.411217e-01
1.411617e-01
1.412016e-01
1.412414e-01
1.412812e-01
1.413210e-01
1.413607e-01
1.414004e-01
1.414401e-01
1.414798e-01
1.415195e-01
1.415592e-01
1.415989e-01
1.416386e-01
1.416783e-01
1.417181e-01
1.417578e-01
1.417977e-01
1.418375e-01
1.418773e-01
1.419172e-01
1.419570e-01
1.419968e-01
1.420367e-01
1.420765e-01
1.421163e-01
1.421561e-01
1.421959e-01
1.422356e-01
1.422754e-01
1.423152e-01
1.423549e-01
1.423947e-01
1.424347e-01
1.424747e-01
1.425147e-01
1.425547e-01
1.425946e-01
1.426346e-01
1.426745e-01
1.427144e-01
1.427544e-01
1.427943e-01
1.428342e-01
1.428740e-01
1.429139e-01
1.429538e-01
1.429936e-01
1.430336e-01
1.430736e-01
1.431136e-01
1.431537e-01
1.431937e-01
1.432337e-01
1.432738e-01
1.433138e-01
1.433539e-01
1.433939e-01
1.434340e-01
1.434741e-01
1.435142e-01
1.435543e-01
1.435944e-01
1.436345e-01
1.436746e-01
1.437148e-01
1.437549e-01
1.437951e-01
1.438353e-01
1.438755e-01
1.439157e-01
1.439559e-01
1.439962e-01
1.440364e-01
1.440767e-01
1.441170e-01
1.441573e-01
1.441976e-01
1.442379e-01
1.442782e-01
1.443186e-01
1.443589e-01
1.443993e-01
1.444397e-01
1.444801e-01
1.445205e-01
1.445610e-01
1.446014e-01
1.446419e-01
1.446823e-01
1.447228e-01
1.447633e-01
1.448037e-01
1.448442e-01
1.448847e-01
1.449252e-01
1.449657e-01
1.450062e-01
1.450467e-01
1.450872e-01
1.451278e-01
1.451683e-01
1.452088e-01
1.452493e-01
1.452898e-01
1.453303e-01
1.453708e-01
1.454113e-01
1.454518e-01
1.454924e-01
1.455329e-01
1.455734e-01
1.456139e-01
1.456544e-01
1.456950e-01
1.457355e-01
1.457760e-01
1.458165e-01
1.458570e-01
1.458976e-01
1.459381e-01
1.459786e-01
1.460192e-01
1.460597e-01
1.461003e-01
1.461408e-01
1.461814e-01
1.462219e-01
1.462625e-01
1.463031e-01
1.463437e-01
1.463843e-01
1.464249e-01
1.464655e-01
1.465061e-01
1.465468e-01
1.465874e-01
1.466281e-01
1.466687e-01
1.467094e-01
1.467501e-01
1.467908e-01
1.468316e-01
1.468723e-01
1.469131e-01
1.469539e-01
1.469947e-01
1.470355e-01
1.470763e-01
1.471171e-01
1.471580e-01
1.471989e-01
1.472398e-01
1.472807e-01
1.473216e-01
1.473625e-01
1.474035e-01
1.474445e-01
1.474855e-01
1.475265e-01
1.475675e-01
1.476085e-01
1.476496e-01
1.476907e-01
1.477317e-01
1.477728e-01
1.478140e-01
1.478551e-01
1.478962e-01
1.479374e-01
1.479786e-01
1.480198e-01
1.480610e-01
1.481022e-01
1.481434e-01
1.481846e-01
1.482259e-01
1.482671e-01
1.483084e-01
1.483497e-01
1.483910e-01
1.484322e-01
1.484736e-01
1.485149e-01
1.485562e-01
1.485975e-01
1.486388e-01
1.486802e-01
1.487215e-01
1.487629e-01
1.488042e-01
1.488456e-01
1.488870e-01
1.489283e-01
1.489697e-01
1.490111e-01
1.490525e-01
1.490939e-01
1.491353e-01
1.491767e-01
1.492181e-01
1.492595e-01
1.493009e-01
1.493423e-01
1.493837e-01
1.494251e-01
1.494665e-01
1.495079e-01
1.495493e-01
1.495907e-01
1.496321e-01
1.496735e-01
1.497149e-01
1.497564e-01
1.497978e-01
1.498392e-01
1.498806e-01
1.499220e-01
1.499634e-01
1.500048e-01
1.500462e-01
1.500876e-01
1.501290e-01
1.501704e-01
1.502118e-01
1.502532e-01
1.502946e-01
1.503360e-01
1.503774e-01
1.504188e-01
1.504602e-01
1.505016e-01
1.505430e-01
1.505843e-01
1.506257e-01
1.506671e-01
1.507085e-01
1.507498e-01
1.507912e-01
1.508326e-01
1.508740e-01
1.509153e-01
1.509567e-01
1.509981e-01
1.510394e-01
1.510808e-01
1.511222e-01
1.511635e-01
1.512049e-01
1.512463e-01
1.512876e-01
1.513290e-01
1.513704e-01
1.514117e-01
1.514531e-01
1.514945e-01
1.515359e-01
1.515772e-01
1.516186e-01
1.516600e-01
1.517014e-01
1.517428e-01
1.517842e-01
1.518256e-01
1.518670e-01
1.519084e-01
1.519498e-01
1.519912e-01
1.520326e-01
1.520740e-01
1.521155e-01
1.521569e-01
1.521983e-01
1.522397e-01
1.522812e-01
1.523226e-01
1.523641e-01
1.524055e-01
1.524469e-01
1.524884e-01
1.525298e-01
1.525713e-01
1.526127e-01
1.526542e-01
1.526956e-01
1.527371e-01
1.527785e-01
1.528200e-01
1.528614e-01
1.529029e-01
1.529443e-01
1.529858e-01
1.530272e-01
1.530686e-01
1.531101e-01
1.531515e-01
1.531929e-01
1.532344e-01
1.532758e-01
1.533172e-01
1.533586e-01
1.534000e-01
1.534414e-01
1.534828e-01
1.535242e-01
1.535656e-01
1.536070e-01
1.536484e-01
1.536897e-01
1.537311e-01
1.537724e-01
1.538138e-01
1.538551e-01
1.538964e-01
1.539377e-01
1.539790e-01
1.540203e-01
1.540615e-01
1.541028e-01
1.541441e-01
1.541853e-01
1.542266e-01
1.542678e-01
1.543090e-01
1.543502e-01
1.543913e-01
1.544325e-01
1.544737e-01
1.545148e-01
1.545559e-01
1.545970e-01
1.546381e-01
1.546791e-01
1.547201e-01
1.547611e-01
1.548021e-01
1.548431e-01
1.548840e-01
1.549249e-01
1.549658e-01
1.550067e-01
1.550475e-01
1.550883e-01
1.551291e-01
1.551698e-01
1.552105e-01
1.552512e-01
1.552919e-01
1.553325e-01
1.553731e-01
1.554136e-01
1.554542e-01
1.554947e-01
1.555352e-01
1.555757e-01
1.556161e-01
1.556566e-01
1.556970e-01
1.557374e-01
1.557777e-01
1.558181e-01
1.558584e-01
1.558987e-01
1.559390e-01
1.559793e-01
1.560196e-01
1.560599e-01
1.561001e-01
1.561404e-01
1.561806e-01
1.562208e-01
1.562611e-01
1.563013e-01
1.563415e-01
1.563817e-01
1.564220e-01
1.564622e-01
1.565024e-01
1.565427e-01
1.565829e-01
1.566231e-01
1.566634e-01
1.567036e-01
1.567439e-01
1.567841e-01
1.568244e-01
1.568647e-01
1.569049e-01
1.569452e-01
1.569855e-01
1.570258e-01
1.570662e-01
1.571065e-01
1.571468e-01
1.571872e-01
1.572275e-01
1.572679e-01
1.573083e-01
1.573487e-01
1.573891e-01
1.574295e-01
1.574700e-01
1.575104e-01
1.575509e-01
1.575913e-01
1.576318e-01
1.576723e-01
1.577129e-01
1.577534e-01
1.577939e-01
1.578345e-01
1.578751e-01
1.579157e-01
1.579563e-01
1.579969e-01
1.580376e-01
1.580782e-01
1.581189e-01
1.581596e-01
1.582003e-01
1.582410e-01
1.582817e-01
1.583224e-01
1.583632e-01
1.584039e-01
1.584447e-01
1.584855e-01
1.585263e-01
1.585671e-01
1.586079e-01
1.586487e-01
1.586895e-01
1.587304e-01
1.587712e-01
1.588121e-01
1.588530e-01
1.588939e-01
1.589347e-01
1.589756e-01
1.590165e-01
1.590575e-01
1.591025e-01
1.591489e-01
1.591955e-01
1.592422e-01
1.592890e-01
1.593360e-01
1.593832e-01
1.594306e-01
1.594779e-01
1.595256e-01
1.595729e-01
1.596210e-01
1.596684e-01
1.597169e-01
1.597642e-01
1.598132e-01
1.598605e-01
1.599071e-01
1.599537e-01
1.600002e-01
1.600467e-01
1.600932e-01
1.601396e-01
1.601862e-01
1.602328e-01
1.602796e-01
1.603266e-01
1.603737e-01
1.604208e-01
1.604582e-01
1.604965e-01
1.605358e-01
1.605738e-01
1.606126e-01
1.606506e-01
1.606882e-01
1.607265e-01
1.607641e-01
1.608024e-01
1.608400e-01
1.608783e-01
1.609159e-01
1.609542e-01
1.609918e-01
1.610300e-01
1.610676e-01
1.611058e-01
1.611434e-01
1.611816e-01
1.612192e-01
1.612574e-01
1.612950e-01
1.613332e-01
1.613708e-01
1.614090e-01
1.614465e-01
1.614849e-01
1.615242e-01
1.615624e-01
1.616014e-01
1.616397e-01
1.616787e-01
1.617170e-01
1.617549e-01
1.617935e-01
1.618314e-01
1.618700e-01
1.619078e-01
1.619464e-01
1.619843e-01
1.620229e-01
1.620607e-01
1.620993e-01
1.621372e-01
1.621757e-01
1.622136e-01
1.622521e-01
1.622900e-01
1.623285e-01
1.623664e-01
1.624049e-01
1.624427e-01
1.624812e-01
1.625191e-01
1.625576e-01
1.625954e-01
1.626342e-01
1.626740e-01
1.627126e-01
1.627522e-01
1.627909e-01
1.628305e-01
1.628692e-01
1.629089e-01
1.629477e-01
1.629874e-01
1.630262e-01
1.630658e-01
1.631046e-01
1.631443e-01
1.631831e-01
1.632228e-01
1.632617e-01
1.633013e-01
1.633402e-01
1.633799e-01
1.634188e-01
1.634585e-01
1.634973e-01
1.635370e-01
1.635776e-01
1.636160e-01
1.636552e-01
1.636937e-01
1.637329e-01
1.637714e-01
1.638106e-01
1.638490e-01
1.638882e-01
1.639267e-01
1.639658e-01
1.640057e-01
1.640464e-01
1.640880e-01
1.641306e-01
1.641743e-01
1.642192e-01
1.642653e-01
1.643119e-01
1.643585e-01
1.644052e-01
1.644521e-01
1.644992e-01
1.645465e-01
1.645939e-01
1.646416e-01
1.646897e-01
1.647374e-01
1.647848e-01
1.648314e-01
1.648780e-01
1.649246e-01
1.649712e-01
1.650179e-01
1.650645e-01
1.651112e-01
1.651580e-01
1.652050e-01
1.652523e-01
1.652997e-01
1.653470e-01
1.653949e-01
1.654422e-01
1.654901e-01
1.655368e-01
1.655834e-01
1.656301e-01
1.656767e-01
1.657234e-01
1.657701e-01
1.658169e-01
1.658638e-01
1.659108e-01
1.659580e-01
1.660053e-01
1.660529e-01
1.661002e-01
1.661478e-01
1.661951e-01
1.662418e-01
1.662885e-01
1.663352e-01
1.663819e-01
1.664287e-01
1.664755e-01
1.665223e-01
1.665693e-01
1.666165e-01
1.666637e-01
1.667114e-01
1.667587e-01
1.668069e-01
1.668541e-01
1.669009e-01
1.669476e-01
1.669944e-01
1.670412e-01
1.670880e-01
1.671349e-01
1.671818e-01
1.672288e-01
1.672760e-01
1.673232e-01
1.673710e-01
1.674182e-01
1.674666e-01
1.675138e-01
1.675606e-01
1.676074e-01
1.676542e-01
1.677011e-01
1.677480e-01
1.677950e-01
1.678420e-01
1.678891e-01
1.679364e-01
1.679840e-01
1.680318e-01
1.680791e-01
1.681275e-01
1.681748e-01
1.682217e-01
1.682686e-01
1.683155e-01
1.683624e-01
1.684094e-01
1.684564e-01
1.685036e-01
1.685509e-01
1.685984e-01
1.686462e-01
1.686943e-01
1.687428e-01
1.687917e-01
1.688387e-01
1.688856e-01
1.689326e-01
1.689796e-01
1.690267e-01
1.690738e-01
1.691210e-01
1.691684e-01
1.692160e-01
1.692639e-01
1.693121e-01
1.693606e-01
1.694095e-01
1.694566e-01
1.695037e-01
1.695508e-01
1.695979e-01
1.696451e-01
1.696923e-01
1.697396e-01
1.697869e-01
1.698346e-01
1.698825e-01
1.699308e-01
1.699794e-01
1.700284e-01
1.700755e-01
1.701227e-01
1.701699e-01
1.702171e-01
1.702644e-01
1.703117e-01
1.703590e-01
1.704066e-01
1.704544e-01
1.705025e-01
1.705510e-01
1.705998e-01
1.706490e-01
1.706962e-01
1.707435e-01
1.707908e-01
1.708381e-01
1.708855e-01
1.709328e-01
1.709804e-01
1.710277e-01
1.710758e-01
1.711241e-01
1.711727e-01
1.712218e-01
1.712691e-01
1.713165e-01
1.713639e-01
1.714113e-01
1.714587e-01
1.715061e-01
1.715537e-01
1.716011e-01
1.716490e-01
1.716964e-01
1.717450e-01
1.717939e-01
1.718413e-01
1.718888e-01
1.719363e-01
1.719837e-01
1.720312e-01
1.720786e-01
1.721263e-01
1.721737e-01
1.722216e-01
1.722690e-01
1.723175e-01
1.723649e-01
1.724135e-01
1.724609e-01
1.725085e-01
1.725559e-01
1.726035e-01
1.726512e-01
1.726989e-01
1.727463e-01
1.727942e-01
1.728417e-01
1.728901e-01
1.729375e-01
1.729866e-01
1.730341e-01
1.730817e-01
1.731292e-01
1.731769e-01
1.732243e-01
1.732721e-01
1.733196e-01
1.733675e-01
1.734157e-01
1.734641e-01
1.735116e-01
1.735606e-01
1.736082e-01
1.736559e-01
1.737035e-01
1.737512e-01
1.737988e-01
1.738466e-01
1.738942e-01
1.739422e-01
1.739903e-01
1.740387e-01
1.740874e-01
1.741364e-01
1.741858e-01
1.742336e-01
1.742812e-01
1.743291e-01
1.743767e-01
1.744247e-01
1.744723e-01
1.745204e-01
1.745680e-01
1.746164e-01
1.746650e-01
1.747139e-01
1.747632e-01
1.748129e-01
1.748609e-01
1.749089e-01
1.749569e-01
1.750050e-01
1.750527e-01
1.751008e-01
1.751485e-01
1.751969e-01
1.752446e-01
1.752934e-01
1.753426e-01
1.753921e-01
1.754420e-01
1.754901e-01
1.755383e-01
1.755864e-01
1.756342e-01
1.756825e-01
1.757303e-01
1.757787e-01
1.758265e-01
1.758753e-01
1.759231e-01
1.759725e-01
1.760223e-01
1.760724e-01
1.761207e-01
1.761691e-01
1.762174e-01
1.762659e-01
1.763138e-01
1.763623e-01
1.764102e-01
1.764589e-01
1.765069e-01
1.765561e-01
1.766040e-01
1.766539e-01
1.767041e-01
1.767526e-01
1.768011e-01
1.768497e-01
1.768977e-01
1.769463e-01
1.769944e-01
1.770431e-01
1.770912e-01
1.771403e-01
1.771883e-01
1.772380e-01
1.772879e-01
1.773383e-01
1.773891e-01
1.774378e-01
1.774865e-01
1.775353e-01
1.775835e-01
1.776324e-01
1.776806e-01
1.777296e-01
1.777778e-01
1.778272e-01
1.778754e-01
1.779250e-01
1.779732e-01
1.780226e-01
1.780708e-01
1.781197e-01
1.781687e-01
1.782177e-01
1.782668e-01
1.783159e-01
1.783642e-01
1.784028e-01
1.784421e-01
1.784822e-01
1.785212e-01
1.785598e-01
1.785992e-01
1.786378e-01
1.786772e-01
1.787159e-01
1.787552e-01
1.787938e-01
1.788332e-01
1.788718e-01
1.789111e-01
1.789498e-01
1.789891e-01
1.790278e-01
1.790670e-01
1.791057e-01
1.791450e-01
1.791849e-01
1.792257e-01
1.792673e-01
1.793098e-01
1.793485e-01
1.793878e-01
1.794280e-01
1.794670e-01
1.795058e-01
1.795451e-01
1.795839e-01
1.796232e-01
1.796620e-01
1.797013e-01
1.797400e-01
1.797794e-01
1.798181e-01
1.798574e-01
1.798962e-01
1.799355e-01
1.799742e-01
1.800135e-01
1.800535e-01
1.800943e-01
1.801360e-01
1.801786e-01
1.802173e-01
1.802568e-01
1.802971e-01
1.803362e-01
1.803762e-01
1.804153e-01
1.804552e-01
1.804943e-01
1.805331e-01
1.805726e-01
1.806114e-01
1.806509e-01
1.806896e-01
1.807291e-01
1.807679e-01
1.808073e-01
1.808461e-01
1.808855e-01
1.809242e-01
1.809636e-01
1.810024e-01
1.810418e-01
1.810818e-01
1.811227e-01
1.811615e-01
1.812011e-01
1.812416e-01
1.812809e-01
1.813211e-01
1.813604e-01
1.814005e-01
1.814399e-01
1.814800e-01
1.815193e-01
1.815594e-01
1.815987e-01
1.816387e-01
1.816780e-01
1.817180e-01
1.817573e-01
1.817973e-01
1.818382e-01
1.818771e-01
1.819166e-01
1.819555e-01
1.819951e-01
1.820340e-01
1.820735e-01
1.821124e-01
1.821519e-01
1.821908e-01
1.822303e-01
1.822705e-01
1.823115e-01
1.823535e-01
1.823964e-01
1.824353e-01
1.824751e-01
1.825158e-01
1.825553e-01
1.825956e-01
1.826368e-01
1.826759e-01
1.827157e-01
1.827548e-01
1.827946e-01
1.828337e-01
1.828735e-01
1.829126e-01
1.829524e-01
1.829914e-01
1.830312e-01
1.830702e-01
1.831100e-01
1.831490e-01
1.831887e-01
1.832277e-01
1.832675e-01
1.833079e-01
1.833493e-01
1.833916e-01
1.834349e-01
1.834794e-01
1.835252e-01
1.835723e-01
1.836207e-01
1.836696e-01
1.837181e-01
1.837670e-01
1.838154e-01
1.838644e-01
1.839128e-01
1.839630e-01
1.840115e-01
1.840616e-01
1.841112e-01
1.841601e-01
1.842100e-01
1.842588e-01
1.843087e-01
1.843575e-01
1.844072e-01
1.844560e-01
1.845045e-01
1.845532e-01
1.846029e-01
1.846516e-01
1.847012e-01
1.847499e-01
1.847994e-01
1.848482e-01
1.848965e-01
1.849450e-01
1.849932e-01
1.850417e-01
1.850899e-01
1.851383e-01
1.851878e-01
1.852363e-01
1.852858e-01
1.853344e-01
1.853840e-01
1.854327e-01
1.854824e-01
1.855313e-01
1.855798e-01
1.856287e-01
1.856773e-01
1.857163e-01
1.857560e-01
1.857966e-01
1.858360e-01
1.858762e-01
1.859156e-01
1.859558e-01
1.859952e-01
1.860354e-01
1.860748e-01
1.861150e-01
1.861559e-01
1.861950e-01
1.862348e-01
1.862753e-01
1.863167e-01
1.863590e-01
1.864023e-01
1.864469e-01
1.864927e-01
1.865398e-01
1.865883e-01
1.866375e-01
1.866865e-01
1.867358e-01
1.867848e-01
1.868350e-01
1.868853e-01
1.869371e-01
1.869865e-01
1.870372e-01
1.870890e-01
1.871418e-01
1.871910e-01
1.872418e-01
1.872917e-01
1.873308e-01
1.873707e-01
1.874113e-01
1.874508e-01
1.874911e-01
1.875306e-01
1.875698e-01
1.876097e-01
1.876489e-01
1.876888e-01
1.877280e-01
1.877679e-01
1.878086e-01
1.878481e-01
1.878884e-01
1.879296e-01
1.879688e-01
1.880087e-01
1.880495e-01
1.880911e-01
1.881303e-01
1.881703e-01
1.882096e-01
1.882492e-01
1.882885e-01
1.883286e-01
1.883679e-01
1.884080e-01
1.884474e-01
1.884875e-01
1.885269e-01
1.885670e-01
1.886063e-01
1.886464e-01
1.886857e-01
1.887258e-01
1.887667e-01
1.888065e-01
1.888460e-01
1.888858e-01
1.889253e-01
1.889656e-01
1.890052e-01
1.890369e-01
1.890695e-01
1.891030e-01
1.891344e-01
1.891661e-01
1.891986e-01
1.892321e-01
1.892634e-01
1.892954e-01
1.893268e-01
1.893590e-01
1.893904e-01
1.894227e-01
1.894542e-01
1.894856e-01
1.895172e-01
1.895500e-01
1.895812e-01
1.896136e-01
1.896457e-01
1.896792e-01
1.897110e-01
1.897440e-01
1.897761e-01
1.898096e-01
1.898421e-01
1.898763e-01
1.899091e-01
1.899437e-01
1.899769e-01
1.900121e-01
1.900458e-01
1.900807e-01
1.901154e-01
1.901513e-01
1.901871e-01
1.902237e-01
1.902601e-01
1.902973e-01
1.903341e-01
1.903717e-01
1.904088e-01
1.904467e-01
1.904840e-01
1.905221e-01
1.905532e-01
1.905853e-01
1.906185e-01
1.906527e-01
1.906842e-01
1.907163e-01
1.907493e-01
1.907833e-01
1.908144e-01
1.908465e-01
1.908796e-01
1.909119e-01
1.909426e-01
1.909743e-01
1.910055e-01
1.910358e-01
1.910667e-01
1.910970e-01
1.911272e-01
1.911577e-01
1.911879e-01
1.912185e-01
1.912490e-01
1.912797e-01
1.913102e-01
1.913410e-01
1.913716e-01
1.914024e-01
1.914330e-01
1.914639e-01
1.914946e-01
1.915255e-01
1.915563e-01
1.915872e-01
1.916179e-01
1.916489e-01
1.916797e-01
1.917135e-01
1.917508e-01
1.917908e-01
1.918306e-01
1.918715e-01
1.919120e-01
1.919536e-01
1.919903e-01
1.920306e-01
1.920725e-01
1.921152e-01
1.921576e-01
1.922009e-01
1.922436e-01
1.922874e-01
1.923304e-01
1.923743e-01
1.924179e-01
1.924628e-01
1.925072e-01
1.925528e-01
1.925978e-01
1.926440e-01
1.926862e-01
1.927326e-01
1.927731e-01
1.928165e-01
1.928613e-01
1.929050e-01
1.929496e-01
1.929937e-01
1.930356e-01
1.930779e-01
1.931210e-01
1.931650e-01
1.932091e-01
1.932544e-01
1.932982e-01
1.933433e-01
1.933871e-01
1.934322e-01
1.934788e-01
1.935265e-01
1.935603e-01
1.935953e-01
1.936316e-01
1.936666e-01
1.937029e-01
1.937385e-01
1.937754e-01
1.938114e-01
1.938490e-01
1.938855e-01
1.939238e-01
1.939610e-01
1.940001e-01
1.940380e-01
1.940780e-01
1.941160e-01
1.941564e-01
1.941952e-01
1.942350e-01
1.942754e-01
1.943147e-01
1.943550e-01
1.943949e-01
1.944357e-01
1.944761e-01
1.945173e-01
1.945583e-01
1.946002e-01
1.946417e-01
1.946841e-01
1.947263e-01
1.947693e-01
1.948120e-01
1.948556e-01
1.948988e-01
1.949427e-01
1.949858e-01
1.950304e-01
1.950759e-01
1.951203e-01
1.951643e-01
1.952097e-01
1.952536e-01
1.952985e-01
1.953418e-01
1.953860e-01
1.954314e-01
1.954782e-01
1.955215e-01
1.955655e-01
1.956088e-01
1.956528e-01
1.956978e-01
1.957443e-01
1.957876e-01
1.958323e-01
1.958758e-01
1.959206e-01
1.959642e-01
1.960083e-01
1.960521e-01
1.960970e-01
1.961409e-01
1.961859e-01
1.962298e-01
1.962749e-01
1.963188e-01
1.963640e-01
1.964080e-01
1.964533e-01
1.964974e-01
1.965428e-01
1.965864e-01
1.966315e-01
1.966737e-01
1.967183e-01
1.967605e-01
1.968049e-01
1.968471e-01
1.968913e-01
1.969335e-01
1.969777e-01
1.970199e-01
1.970641e-01
1.971063e-01
1.971505e-01
1.971927e-01
1.972369e-01
1.972791e-01
1.973232e-01
1.973669e-01
1.974110e-01
1.974560e-01
1.975007e-01
1.975465e-01
1.975937e-01
1.976382e-01
1.976838e-01
1.977285e-01
1.977736e-01
1.978159e-01
1.978624e-01
1.979065e-01
1.979514e-01
1.979954e-01
1.980398e-01
1.980851e-01
1.981314e-01
1.981754e-01
1.982200e-01
1.982622e-01
1.983068e-01
1.983490e-01
1.983937e-01
1.984377e-01
1.984826e-01
1.985265e-01
1.985717e-01
1.986159e-01
1.986604e-01
1.987049e-01
1.987513e-01
1.987957e-01
1.988412e-01
1.988852e-01
1.989300e-01
1.989748e-01
1.990191e-01
1.990641e-01
1.991089e-01
1.991510e-01
1.991942e-01
1.992364e-01
1.992793e-01
1.993215e-01
1.993644e-01
1.994066e-01
1.994496e-01
1.994918e-01
1.995349e-01
1.995771e-01
1.996202e-01
1.996624e-01
1.997056e-01
1.997478e-01
1.997909e-01
1.998332e-01
1.998767e-01
1.999189e-01
1.999624e-01
2.000046e-01
2.000478e-01
2.000900e-01
2.001327e-01
