# 1  : Date
# 2  : Temps elapsed min (mus)
# 3  : Rang temps elapsed min
# 4  : Noeud temps elapsed min
# 5  : Temps elapsed max (mus)
# 6  : Rang temps elapsed max
# 7  : Noeud temps elapsed max
# 8  : Grind time (mus/maille/cycle)
# 9  : Grind time équivalent séquentiel (#8 X nb_de_coeurs)
#     1     2     3     4      5      6      7       8      9
#   ATTENTION  les temps cpu schémas sont données dans l'ordre alphabétique des schémas WARNING
#  10: TELAPS Hydro (mus)
6.756129e-04   4.200e+04 0 inti1227   4.210e+04 3 inti1227   3.001e-01 4.802e+00  3.316e+04
1.910636e-03   4.489e+04 1 inti1227   4.500e+04 3 inti1227   3.094e-01 4.951e+00  3.558e+04
3.088630e-03   4.693e+04 0 inti1227   4.703e+04 3 inti1227   3.113e-01 4.980e+00  3.751e+04
4.399600e-03   4.793e+04 0 inti1227   4.802e+04 3 inti1227   3.059e-01 4.894e+00  3.847e+04
5.951871e-03   5.693e+04 1 inti1227   5.700e+04 0 inti1227   3.455e-01 5.528e+00  4.709e+04
7.769876e-03   5.280e+04 0 inti1227   5.293e+04 3 inti1227   3.045e-01 4.871e+00  4.276e+04
9.830571e-03   5.565e+04 1 inti1227   5.576e+04 3 inti1227   3.010e-01 4.816e+00  4.519e+04
1.204688e-02   5.640e+04 0 inti1227   5.650e+04 3 inti1227   2.867e-01 4.588e+00  4.592e+04
1.438981e-02   6.029e+04 0 inti1227   6.045e+04 3 inti1227   2.870e-01 4.592e+00  4.920e+04
1.622111e-02   6.134e+04 0 inti1227   6.143e+04 3 inti1227   2.775e-01 4.440e+00  5.009e+04
1.744406e-02   6.346e+04 0 inti1227   6.354e+04 3 inti1227   2.775e-01 4.440e+00  5.191e+04
1.857988e-02   6.502e+04 0 inti1227   6.513e+04 3 inti1227   2.766e-01 4.425e+00  5.292e+04
1.975605e-02   6.593e+04 0 inti1227   6.601e+04 3 inti1227   2.716e-01 4.346e+00  5.384e+04
2.091232e-02   6.874e+04 0 inti1227   6.889e+04 3 inti1227   2.753e-01 4.406e+00  5.638e+04
2.215299e-02   7.127e+04 0 inti1227   7.135e+04 3 inti1227   2.756e-01 4.410e+00  5.885e+04
2.343299e-02   7.172e+04 0 inti1227   7.189e+04 3 inti1227   2.690e-01 4.304e+00  5.891e+04
2.479961e-02   7.387e+04 0 inti1227   7.396e+04 3 inti1227   2.671e-01 4.274e+00  6.093e+04
2.627731e-02   7.518e+04 0 inti1227   7.535e+04 3 inti1227   2.623e-01 4.197e+00  6.196e+04
2.778308e-02   7.744e+04 0 inti1227   7.751e+04 3 inti1227   2.597e-01 4.155e+00  6.405e+04
2.935918e-02   8.001e+04 0 inti1227   8.006e+04 3 inti1227   2.584e-01 4.134e+00  6.612e+04
3.098997e-02   8.238e+04 0 inti1227   8.246e+04 3 inti1227   2.557e-01 4.092e+00  6.834e+04
3.276813e-02   8.441e+04 0 inti1227   8.458e+04 3 inti1227   2.524e-01 4.039e+00  7.032e+04
3.460648e-02   8.747e+04 0 inti1227   8.754e+04 3 inti1227   2.509e-01 4.014e+00  7.285e+04
3.651773e-02   8.915e+04 0 inti1227   8.922e+04 3 inti1227   2.461e-01 3.938e+00  7.438e+04
3.842025e-02   8.846e+04 0 inti1227   8.854e+04 2 inti1227   2.348e-01 3.757e+00  7.368e+04
4.027661e-02   9.016e+04 0 inti1227   9.024e+04 2 inti1227   2.313e-01 3.701e+00  7.526e+04
4.208619e-02   9.154e+04 0 inti1227   9.162e+04 2 inti1227   2.267e-01 3.627e+00  7.648e+04
4.405424e-02   9.452e+04 0 inti1227   9.460e+04 2 inti1227   2.265e-01 3.624e+00  7.922e+04
4.603124e-02   9.696e+04 0 inti1227   9.703e+04 2 inti1227   2.245e-01 3.592e+00  8.151e+04
4.795369e-02   9.943e+04 0 inti1227   9.952e+04 2 inti1227   2.237e-01 3.579e+00  8.370e+04
4.982860e-02   1.040e+05 0 inti1227   1.041e+05 2 inti1227   2.271e-01 3.634e+00  8.763e+04
5.159921e-02   1.047e+05 0 inti1227   1.048e+05 2 inti1227   2.232e-01 3.572e+00  8.833e+04
5.355393e-02   1.079e+05 0 inti1227   1.079e+05 2 inti1227   2.237e-01 3.579e+00  9.114e+04
5.550722e-02   1.101e+05 0 inti1227   1.102e+05 2 inti1227   2.231e-01 3.569e+00  9.317e+04
5.748236e-02   1.140e+05 0 inti1227   1.142e+05 2 inti1227   2.251e-01 3.601e+00  9.668e+04
5.946979e-02   1.186e+05 0 inti1227   1.187e+05 2 inti1227   2.285e-01 3.656e+00  1.008e+05
6.142595e-02   1.196e+05 0 inti1227   1.197e+05 2 inti1227   2.246e-01 3.594e+00  1.015e+05
6.343975e-02   1.163e+05 0 inti1227   1.163e+05 2 inti1227   2.133e-01 3.412e+00  9.831e+04
6.539787e-02   1.188e+05 0 inti1227   1.188e+05 1 inti1227   2.123e-01 3.396e+00  1.007e+05
6.741659e-02   1.215e+05 0 inti1227   1.215e+05 2 inti1227   2.119e-01 3.391e+00  1.033e+05
6.944825e-02   1.263e+05 0 inti1227   1.264e+05 2 inti1227   2.147e-01 3.435e+00  1.067e+05
7.135566e-02   1.275e+05 1 inti1227   1.276e+05 2 inti1227   2.118e-01 3.388e+00  1.087e+05
7.337560e-02   1.350e+05 0 inti1227   1.351e+05 2 inti1227   2.183e-01 3.493e+00  1.151e+05
7.530261e-02   1.362e+05 0 inti1227   1.363e+05 2 inti1227   2.153e-01 3.445e+00  1.161e+05
7.672120e-02   1.387e+05 0 inti1227   1.388e+05 2 inti1227   2.153e-01 3.445e+00  1.184e+05
7.824498e-02   1.418e+05 0 inti1227   1.419e+05 2 inti1227   2.165e-01 3.463e+00  1.214e+05
7.997928e-02   1.443e+05 0 inti1227   1.444e+05 2 inti1227   2.154e-01 3.447e+00  1.236e+05
8.148246e-02   1.482e+05 0 inti1227   1.484e+05 3 inti1227   2.178e-01 3.485e+00  1.273e+05
8.326519e-02   1.509e+05 0 inti1227   1.509e+05 2 inti1227   2.169e-01 3.471e+00  1.297e+05
8.494974e-02   1.519e+05 0 inti1227   1.521e+05 2 inti1227   2.149e-01 3.438e+00  1.306e+05
8.652690e-02   1.543e+05 0 inti1227   1.544e+05 2 inti1227   2.148e-01 3.437e+00  1.326e+05
8.809881e-02   1.586e+05 0 inti1227   1.587e+05 2 inti1227   2.179e-01 3.486e+00  1.370e+05
8.957981e-02   1.591e+05 0 inti1227   1.592e+05 2 inti1227   2.156e-01 3.450e+00  1.372e+05
9.108159e-02   1.613e+05 0 inti1227   1.614e+05 2 inti1227   2.161e-01 3.457e+00  1.391e+05
9.257480e-02   1.562e+05 0 inti1227   1.563e+05 1 inti1227   2.065e-01 3.304e+00  1.344e+05
9.405938e-02   1.628e+05 0 inti1227   1.628e+05 1 inti1227   2.127e-01 3.403e+00  1.407e+05
9.559226e-02   1.611e+05 0 inti1227   1.613e+05 2 inti1227   2.080e-01 3.328e+00  1.389e+05
9.704861e-02   1.618e+05 0 inti1227   1.619e+05 1 inti1227   2.066e-01 3.306e+00  1.395e+05
9.851093e-02   1.646e+05 0 inti1227   1.647e+05 1 inti1227   2.080e-01 3.327e+00  1.422e+05
1.001202e-01   1.806e+05 0 inti1227   1.806e+05 2 inti1227   2.256e-01 3.609e+00  1.536e+05
1.016533e-01   1.714e+05 0 inti1227   1.715e+05 1 inti1227   2.119e-01 3.391e+00  1.483e+05
1.034025e-01   1.717e+05 0 inti1227   1.718e+05 1 inti1227   2.101e-01 3.361e+00  1.484e+05
1.053544e-01   1.760e+05 0 inti1227   1.761e+05 1 inti1227   2.127e-01 3.404e+00  1.526e+05
1.070425e-01   1.752e+05 0 inti1227   1.753e+05 2 inti1227   2.098e-01 3.357e+00  1.521e+05
1.089257e-01   1.775e+05 0 inti1227   1.776e+05 1 inti1227   2.106e-01 3.370e+00  1.540e+05
1.109765e-01   1.770e+05 0 inti1227   1.771e+05 1 inti1227   2.083e-01 3.333e+00  1.529e+05
1.131284e-01   1.769e+05 3 inti1227   1.770e+05 1 inti1227   2.059e-01 3.295e+00  1.532e+05
1.148717e-01   1.776e+05 3 inti1227   1.777e+05 2 inti1227   2.053e-01 3.284e+00  1.539e+05
1.170258e-01   1.811e+05 0 inti1227   1.811e+05 1 inti1227   2.073e-01 3.317e+00  1.568e+05
1.192268e-01   1.813e+05 3 inti1227   1.814e+05 1 inti1227   2.060e-01 3.296e+00  1.573e+05
1.210402e-01   1.847e+05 3 inti1227   1.848e+05 1 inti1227   2.084e-01 3.334e+00  1.602e+05
1.231245e-01   1.874e+05 0 inti1227   1.876e+05 1 inti1227   2.101e-01 3.362e+00  1.625e+05
1.253084e-01   1.877e+05 0 inti1227   1.877e+05 2 inti1227   2.088e-01 3.340e+00  1.631e+05
1.274811e-01   1.904e+05 3 inti1227   1.905e+05 2 inti1227   2.103e-01 3.364e+00  1.660e+05
1.291783e-01   1.924e+05 3 inti1227   1.925e+05 2 inti1227   2.111e-01 3.378e+00  1.676e+05
1.309134e-01   1.914e+05 3 inti1227   1.915e+05 1 inti1227   2.088e-01 3.341e+00  1.667e+05
1.326771e-01   1.923e+05 3 inti1227   1.924e+05 2 inti1227   2.084e-01 3.334e+00  1.676e+05
1.347782e-01   1.963e+05 0 inti1227   1.964e+05 1 inti1227   2.113e-01 3.380e+00  1.715e+05
1.369578e-01   1.959e+05 3 inti1227   1.959e+05 2 inti1227   2.090e-01 3.344e+00  1.709e+05
1.391039e-01   1.955e+05 3 inti1227   1.957e+05 0 inti1227   2.073e-01 3.316e+00  1.707e+05
1.411217e-01   1.962e+05 3 inti1227   1.964e+05 1 inti1227   2.064e-01 3.303e+00  1.707e+05
1.431136e-01   1.993e+05 3 inti1227   1.995e+05 2 inti1227   2.083e-01 3.333e+00  1.737e+05
1.451278e-01   2.012e+05 3 inti1227   2.014e+05 2 inti1227   2.090e-01 3.344e+00  1.754e+05
1.471580e-01   2.016e+05 3 inti1227   2.017e+05 1 inti1227   2.084e-01 3.334e+00  1.757e+05
1.492181e-01   2.038e+05 3 inti1227   2.040e+05 1 inti1227   2.096e-01 3.354e+00  1.778e+05
1.512876e-01   2.121e+05 3 inti1227   2.122e+05 2 inti1227   2.170e-01 3.473e+00  1.826e+05
1.533586e-01   2.060e+05 3 inti1227   2.062e+05 2 inti1227   2.098e-01 3.357e+00  1.800e+05
1.554136e-01   2.065e+05 3 inti1227   2.066e+05 1 inti1227   2.093e-01 3.349e+00  1.805e+05
1.574295e-01   2.096e+05 3 inti1227   2.097e+05 1 inti1227   2.115e-01 3.384e+00  1.837e+05
1.595256e-01   2.113e+05 3 inti1227   2.115e+05 2 inti1227   2.124e-01 3.398e+00  1.835e+05
1.616014e-01   2.109e+05 3 inti1227   2.111e+05 2 inti1227   2.110e-01 3.376e+00  1.848e+05
1.635370e-01   2.108e+05 3 inti1227   2.110e+05 2 inti1227   2.101e-01 3.362e+00  1.848e+05
1.657701e-01   2.131e+05 3 inti1227   2.132e+05 2 inti1227   2.114e-01 3.383e+00  1.869e+05
1.681275e-01   2.134e+05 3 inti1227   2.135e+05 2 inti1227   2.109e-01 3.374e+00  1.871e+05
1.705025e-01   2.135e+05 3 inti1227   2.137e+05 2 inti1227   2.101e-01 3.362e+00  1.873e+05
1.728901e-01   2.142e+05 3 inti1227   2.144e+05 2 inti1227   2.101e-01 3.362e+00  1.879e+05
1.752934e-01   2.144e+05 3 inti1227   2.146e+05 2 inti1227   2.095e-01 3.351e+00  1.879e+05
1.777296e-01   2.175e+05 3 inti1227   2.177e+05 2 inti1227   2.118e-01 3.389e+00  1.908e+05
1.798181e-01   2.164e+05 3 inti1227   2.165e+05 2 inti1227   2.101e-01 3.361e+00  1.898e+05
1.817973e-01   2.157e+05 3 inti1227   2.158e+05 2 inti1227   2.089e-01 3.342e+00  1.884e+05
1.838644e-01   2.154e+05 3 inti1227   2.155e+05 2 inti1227   2.080e-01 3.329e+00  1.882e+05
1.861950e-01   2.156e+05 3 inti1227   2.157e+05 2 inti1227   2.076e-01 3.322e+00  1.886e+05
1.883679e-01   2.165e+05 3 inti1227   2.167e+05 2 inti1227   2.082e-01 3.330e+00  1.896e+05
1.901154e-01   2.172e+05 3 inti1227   2.173e+05 2 inti1227   2.085e-01 3.336e+00  1.902e+05
1.917508e-01   2.173e+05 3 inti1227   2.173e+05 1 inti1227   2.084e-01 3.334e+00  1.903e+05
1.938490e-01   2.166e+05 3 inti1227   2.167e+05 2 inti1227   2.076e-01 3.321e+00  1.895e+05
1.959642e-01   2.160e+05 3 inti1227   2.162e+05 2 inti1227   2.070e-01 3.311e+00  1.896e+05
1.981754e-01   2.199e+05 3 inti1227   2.201e+05 2 inti1227   2.103e-01 3.365e+00  1.934e+05
