#   1 : Date        
# Date        
0.000000e+00
1.807392e-05
2.865299e-05
3.680825e-05
4.331462e-05
4.906367e-05
5.538763e-05
6.204872e-05
6.795979e-05
7.446196e-05
8.161436e-05
8.947053e-05
9.702468e-05
1.053342e-04
1.143002e-04
1.241628e-04
1.337027e-04
1.436480e-04
1.545879e-04
1.657374e-04
1.769297e-04
1.886124e-04
2.010176e-04
2.132284e-04
2.257171e-04
2.388127e-04
2.521957e-04
2.655017e-04
2.797183e-04
2.939297e-04
3.084532e-04
3.235230e-04
3.388720e-04
3.545256e-04
3.707045e-04
3.871136e-04
4.039712e-04
4.213429e-04
4.389057e-04
4.566041e-04
4.748726e-04
4.934284e-04
5.123968e-04
5.317204e-04
5.513472e-04
5.713195e-04
5.916317e-04
6.121877e-04
6.330631e-04
6.541431e-04
6.756129e-04
6.973298e-04
7.193540e-04
7.416524e-04
7.642145e-04
7.870888e-04
8.102207e-04
8.336410e-04
8.572999e-04
8.811975e-04
9.052984e-04
9.296850e-04
9.542344e-04
9.790738e-04
1.004107e-03
1.029433e-03
1.054937e-03
1.080786e-03
1.106828e-03
1.133123e-03
1.159624e-03
1.186464e-03
1.213485e-03
1.240660e-03
1.267814e-03
1.295174e-03
1.322930e-03
1.351116e-03
1.379486e-03
1.407056e-03
1.433920e-03
1.459873e-03
1.485136e-03
1.509913e-03
1.534239e-03
1.558421e-03
1.582302e-03
1.606134e-03
1.629782e-03
1.653435e-03
1.677003e-03
1.700570e-03
1.724071e-03
1.747587e-03
1.770892e-03
1.794256e-03
1.817468e-03
1.840790e-03
1.864056e-03
1.887413e-03
1.910636e-03
1.933875e-03
1.956887e-03
1.980049e-03
2.003007e-03
2.026206e-03
2.049416e-03
2.072626e-03
2.095711e-03
2.118934e-03
2.142197e-03
2.165502e-03
2.188927e-03
2.212490e-03
2.236044e-03
2.259853e-03
2.283757e-03
2.307677e-03
2.331423e-03
2.355171e-03
2.378803e-03
2.402415e-03
2.425964e-03
2.449470e-03
2.472946e-03
2.496332e-03
2.519826e-03
2.543237e-03
2.566730e-03
2.590133e-03
2.613602e-03
2.637023e-03
2.660492e-03
2.683950e-03
2.707441e-03
2.730953e-03
2.754486e-03
2.778068e-03
2.801660e-03
2.825325e-03
2.848989e-03
2.872751e-03
2.896501e-03
2.920343e-03
2.944190e-03
2.968122e-03
2.992077e-03
3.016108e-03
3.040183e-03
3.064321e-03
3.088524e-03
3.112779e-03
3.137120e-03
3.161500e-03
3.185990e-03
3.210503e-03
3.235132e-03
3.259785e-03
3.284543e-03
3.309344e-03
3.334236e-03
3.359189e-03
3.384221e-03
3.409335e-03
3.434513e-03
3.459797e-03
3.485127e-03
3.510579e-03
3.536068e-03
3.561665e-03
3.587323e-03
3.613072e-03
3.638909e-03
3.664817e-03
3.690843e-03
3.716917e-03
3.743124e-03
3.769374e-03
3.795740e-03
3.822175e-03
3.848707e-03
3.875337e-03
3.902045e-03
3.928884e-03
3.955777e-03
3.982789e-03
4.009875e-03
4.037063e-03
4.064357e-03
4.091728e-03
4.119242e-03
4.146806e-03
4.174498e-03
4.202265e-03
4.230139e-03
4.258118e-03
4.286181e-03
4.314382e-03
4.342641e-03
4.371018e-03
4.399484e-03
4.428041e-03
4.456727e-03
4.485477e-03
4.514359e-03
4.543313e-03
4.572377e-03
4.601544e-03
4.630798e-03
4.660187e-03
4.689640e-03
4.719210e-03
4.748871e-03
4.778625e-03
4.808508e-03
4.838457e-03
4.868535e-03
4.898686e-03
4.928947e-03
4.959318e-03
4.989773e-03
5.020359e-03
5.051021e-03
5.081793e-03
5.112675e-03
5.143641e-03
5.174747e-03
5.205918e-03
5.237210e-03
5.268599e-03
5.300084e-03
5.331702e-03
5.363390e-03
5.395194e-03
5.427100e-03
5.459098e-03
5.491237e-03
5.523442e-03
5.555682e-03
5.587976e-03
5.620306e-03
5.652715e-03
5.685188e-03
5.717765e-03
5.750359e-03
5.782985e-03
5.815644e-03
5.848371e-03
5.881167e-03
5.914065e-03
5.947015e-03
5.979994e-03
6.013011e-03
6.046104e-03
6.079279e-03
6.112571e-03
6.145907e-03
6.179286e-03
6.212724e-03
6.246256e-03
6.279894e-03
6.313637e-03
6.347408e-03
6.381247e-03
6.415171e-03
6.449216e-03
6.483373e-03
6.517570e-03
6.551830e-03
6.586197e-03
6.620695e-03
6.655303e-03
6.689967e-03
6.724745e-03
6.759676e-03
6.794799e-03
6.830000e-03
6.865354e-03
6.900910e-03
6.936570e-03
6.972296e-03
7.008098e-03
7.043979e-03
7.079947e-03
7.116006e-03
7.152134e-03
7.188330e-03
7.224604e-03
7.260957e-03
7.297397e-03
7.333921e-03
7.370510e-03
7.407165e-03
7.443896e-03
7.480705e-03
7.517602e-03
7.554573e-03
7.591610e-03
7.628716e-03
7.665903e-03
7.703176e-03
7.740548e-03
7.777992e-03
7.815518e-03
7.853135e-03
7.890862e-03
7.928684e-03
7.966598e-03
8.004618e-03
8.042764e-03
8.081025e-03
8.119392e-03
8.157878e-03
8.196510e-03
8.235264e-03
8.274139e-03
8.313149e-03
8.352323e-03
8.391617e-03
8.431047e-03
8.470626e-03
8.510376e-03
8.550194e-03
8.590117e-03
8.630089e-03
8.670159e-03
8.710325e-03
8.750581e-03
8.790953e-03
8.831382e-03
8.871786e-03
8.912353e-03
8.952881e-03
8.993497e-03
9.034230e-03
9.075007e-03
9.115763e-03
9.156606e-03
9.197412e-03
9.238257e-03
9.279122e-03
9.319977e-03
9.360798e-03
9.401713e-03
9.442613e-03
9.483548e-03
9.524461e-03
9.565402e-03
9.606357e-03
9.647316e-03
9.688247e-03
9.729284e-03
9.770330e-03
9.811424e-03
9.852522e-03
9.893673e-03
9.934867e-03
9.976097e-03
1.001732e-02
1.005868e-02
1.010011e-02
1.014154e-02
1.018301e-02
1.022457e-02
1.026621e-02
1.030790e-02
1.034964e-02
1.039157e-02
1.043352e-02
1.047550e-02
1.051753e-02
1.055971e-02
1.060197e-02
1.064434e-02
1.068683e-02
1.072940e-02
1.077202e-02
1.081469e-02
1.085744e-02
1.090038e-02
1.094338e-02
1.098649e-02
1.102970e-02
1.107298e-02
1.111633e-02
1.115979e-02
1.120336e-02
1.124707e-02
1.129086e-02
1.133474e-02
1.137873e-02
1.142287e-02
1.146709e-02
1.151140e-02
1.155590e-02
1.160045e-02
1.164511e-02
1.168983e-02
1.173465e-02
1.177963e-02
1.182472e-02
1.186992e-02
1.191525e-02
1.196072e-02
1.200630e-02
1.205202e-02
1.209784e-02
1.214368e-02
1.218978e-02
1.223595e-02
1.228226e-02
1.232865e-02
1.237518e-02
1.242185e-02
1.246867e-02
1.251561e-02
1.256272e-02
1.260995e-02
1.265735e-02
1.270489e-02
1.275262e-02
1.280049e-02
1.284847e-02
1.289646e-02
1.294471e-02
1.299306e-02
1.304157e-02
1.309020e-02
1.313899e-02
1.318791e-02
1.323699e-02
1.328622e-02
1.333566e-02
1.338523e-02
1.343500e-02
1.348493e-02
1.353509e-02
1.358541e-02
1.363595e-02
1.368664e-02
1.373757e-02
1.378864e-02
1.383982e-02
1.389110e-02
1.394246e-02
1.399387e-02
1.404536e-02
1.409691e-02
1.414852e-02
1.420019e-02
1.425193e-02
1.430377e-02
1.435570e-02
1.440768e-02
1.443344e-02
1.445914e-02
1.448482e-02
1.451048e-02
1.453616e-02
1.456183e-02
1.458753e-02
1.461324e-02
1.463900e-02
1.466478e-02
1.469062e-02
1.471650e-02
1.474242e-02
1.476794e-02
1.479344e-02
1.481894e-02
1.484442e-02
1.486988e-02
1.489533e-02
1.492076e-02
1.494627e-02
1.497192e-02
1.499763e-02
1.502360e-02
1.505026e-02
1.507517e-02
1.510022e-02
1.512565e-02
1.515197e-02
1.517662e-02
1.520151e-02
1.522691e-02
1.525136e-02
1.527598e-02
1.530095e-02
1.532536e-02
1.534984e-02
1.537460e-02
1.539896e-02
1.542337e-02
1.544799e-02
1.547232e-02
1.549668e-02
1.552120e-02
1.554608e-02
1.557041e-02
1.559486e-02
1.561962e-02
1.564393e-02
1.566834e-02
1.569297e-02
1.571729e-02
1.574167e-02
1.576621e-02
1.579054e-02
1.581490e-02
1.583938e-02
1.586412e-02
1.588848e-02
1.591293e-02
1.593757e-02
1.596197e-02
1.598642e-02
1.601100e-02
1.603546e-02
1.605993e-02
1.608449e-02
1.610925e-02
1.613377e-02
1.615834e-02
1.618306e-02
1.620766e-02
1.623227e-02
1.625697e-02
1.628167e-02
1.630636e-02
1.633110e-02
1.635600e-02
1.638079e-02
1.640559e-02
1.643051e-02
1.645544e-02
1.648034e-02
1.650530e-02
1.653044e-02
1.655548e-02
1.658054e-02
1.660571e-02
1.663093e-02
1.665612e-02
1.668136e-02
1.670679e-02
1.673216e-02
1.675754e-02
1.678302e-02
1.680868e-02
1.683419e-02
1.685982e-02
1.688542e-02
1.691139e-02
1.693729e-02
1.696323e-02
1.698899e-02
1.701528e-02
1.704120e-02
1.706750e-02
1.709374e-02
1.712028e-02
1.714644e-02
1.717276e-02
1.719906e-02
1.722592e-02
1.725227e-02
1.727894e-02
1.730513e-02
1.733150e-02
1.735797e-02
1.738487e-02
1.741137e-02
1.743827e-02
1.746456e-02
1.749106e-02
1.751709e-02
1.754326e-02
1.756966e-02
1.759703e-02
1.762364e-02
1.765056e-02
1.767684e-02
1.770330e-02
1.772931e-02
1.775545e-02
1.778329e-02
1.781169e-02
1.783800e-02
1.786473e-02
1.789099e-02
1.791749e-02
1.794355e-02
1.796976e-02
1.799562e-02
1.802407e-02
1.805296e-02
1.808211e-02
1.811085e-02
1.814079e-02
1.816962e-02
1.819847e-02
1.822417e-02
1.825245e-02
1.827805e-02
1.830380e-02
1.832926e-02
1.835727e-02
1.838804e-02
1.841710e-02
1.844272e-02
1.847049e-02
1.849601e-02
1.852170e-02
1.854709e-02
1.857502e-02
1.860574e-02
1.863489e-02
1.866406e-02
1.869332e-02
1.871869e-02
1.874660e-02
1.877184e-02
1.879724e-02
1.882234e-02
1.884994e-02
1.887911e-02
1.890837e-02
1.893367e-02
1.896104e-02
1.898624e-02
1.901161e-02
1.903666e-02
1.906187e-02
1.908960e-02
1.911875e-02
1.914798e-02
1.917743e-02
1.920722e-02
1.923746e-02
1.926240e-02
1.928983e-02
1.931463e-02
1.933962e-02
1.936428e-02
1.938911e-02
1.941643e-02
1.944579e-02
1.947547e-02
1.950556e-02
1.953622e-02
1.956758e-02
1.959222e-02
1.961931e-02
1.964383e-02
1.966855e-02
1.969296e-02
1.971754e-02
1.974458e-02
1.977391e-02
1.980354e-02
1.983358e-02
1.986416e-02
1.989548e-02
1.992001e-02
1.994700e-02
1.997147e-02
1.999839e-02
2.002275e-02
2.004955e-02
2.007381e-02
2.009828e-02
2.012246e-02
2.014907e-02
2.017833e-02
2.020918e-02
2.024078e-02
2.027329e-02
2.030203e-02
2.033082e-02
2.035968e-02
2.038870e-02
2.041794e-02
2.044745e-02
2.047173e-02
2.049844e-02
2.052269e-02
2.054937e-02
2.057355e-02
2.059795e-02
2.062206e-02
2.064636e-02
2.067039e-02
2.069682e-02
2.072590e-02
2.075546e-02
2.078548e-02
2.081604e-02
2.084735e-02
2.087599e-02
2.090462e-02
2.093333e-02
2.095751e-02
2.098395e-02
2.100811e-02
2.103469e-02
2.105880e-02
2.108312e-02
2.110718e-02
2.113143e-02
2.115542e-02
2.118182e-02
2.121041e-02
2.123908e-02
2.126789e-02
2.129695e-02
2.132636e-02
2.135622e-02
2.138669e-02
2.141791e-02
2.144210e-02
2.146870e-02
2.149288e-02
2.151728e-02
2.154143e-02
2.156579e-02
2.158989e-02
2.161640e-02
2.164557e-02
2.167595e-02
2.170699e-02
2.173879e-02
2.177147e-02
2.180027e-02
2.182910e-02
2.185801e-02
2.188236e-02
2.190914e-02
2.193349e-02
2.196028e-02
2.198460e-02
2.200914e-02
2.203343e-02
2.205794e-02
2.208219e-02
2.210886e-02
2.213820e-02
2.217048e-02
2.220444e-02
2.223340e-02
2.226242e-02
2.229151e-02
2.232070e-02
2.235000e-02
2.237945e-02
2.240906e-02
2.243888e-02
2.246895e-02
2.249353e-02
2.252057e-02
2.254517e-02
2.257224e-02
2.259684e-02
2.262389e-02
2.264847e-02
2.267329e-02
2.269787e-02
2.272267e-02
2.274996e-02
2.277905e-02
2.280818e-02
2.283735e-02
2.286658e-02
2.289588e-02
2.292527e-02
2.295475e-02
2.298437e-02
2.301414e-02
2.304410e-02
2.307430e-02
2.310481e-02
2.313571e-02
2.316706e-02
2.319902e-02
2.323155e-02
2.326471e-02
2.329841e-02
2.333276e-02
2.336650e-02
2.339547e-02
2.342447e-02
2.345350e-02
2.348256e-02
2.351168e-02
2.354088e-02
2.357016e-02
2.359543e-02
2.362322e-02
2.364859e-02
2.367650e-02
2.370191e-02
2.372986e-02
2.375529e-02
2.378325e-02
2.380866e-02
2.383662e-02
2.386200e-02
2.388764e-02
2.391298e-02
2.393857e-02
2.396383e-02
2.398932e-02
2.401449e-02
2.403986e-02
2.406777e-02
2.409706e-02
2.412649e-02
2.415608e-02
2.418586e-02
2.421586e-02
2.424610e-02
2.427664e-02
2.430195e-02
2.432777e-02
2.435306e-02
2.437862e-02
2.440386e-02
2.442936e-02
2.445454e-02
2.447997e-02
2.450509e-02
2.453046e-02
2.455554e-02
2.458087e-02
2.460592e-02
2.463348e-02
2.466322e-02
2.469315e-02
2.472330e-02
2.475371e-02
2.478441e-02
2.481545e-02
2.484691e-02
2.487885e-02
2.490400e-02
2.493168e-02
2.495686e-02
2.498456e-02
2.500979e-02
2.503754e-02
2.506703e-02
2.509665e-02
2.512642e-02
2.515637e-02
2.518652e-02
2.521690e-02
2.524754e-02
2.527851e-02
2.530986e-02
2.534165e-02
2.537396e-02
2.540332e-02
2.543269e-02
2.546211e-02
2.549159e-02
2.552116e-02
2.554637e-02
2.557355e-02
2.559880e-02
2.562657e-02
2.565180e-02
2.567728e-02
2.570248e-02
2.572790e-02
2.575304e-02
2.577839e-02
2.580347e-02
2.583106e-02
2.586140e-02
2.589079e-02
2.592019e-02
2.594963e-02
2.597913e-02
2.600870e-02
2.603837e-02
2.606817e-02
2.609810e-02
2.612822e-02
2.615348e-02
2.618127e-02
2.620655e-02
2.623207e-02
2.625733e-02
2.628281e-02
2.630802e-02
2.633345e-02
2.635861e-02
2.638629e-02
2.641528e-02
2.644433e-02
2.647347e-02
2.650274e-02
2.653218e-02
2.656182e-02
2.659173e-02
2.662199e-02
2.665268e-02
2.668105e-02
2.670935e-02
2.673766e-02
2.676599e-02
2.679439e-02
2.682288e-02
2.685151e-02
2.687700e-02
2.690470e-02
2.693025e-02
2.695835e-02
2.698390e-02
2.700971e-02
2.703528e-02
2.706108e-02
2.708663e-02
2.711241e-02
2.713794e-02
2.716369e-02
2.719201e-02
2.722055e-02
2.724927e-02
2.727821e-02
2.730734e-02
2.733682e-02
2.736646e-02
2.739662e-02
2.742698e-02
2.745515e-02
2.748334e-02
2.751157e-02
2.753988e-02
2.756829e-02
2.759680e-02
2.762545e-02
2.765128e-02
2.767896e-02
2.770481e-02
2.773325e-02
2.775909e-02
2.778518e-02
2.781100e-02
2.783705e-02
2.786285e-02
2.788886e-02
2.791463e-02
2.794059e-02
2.796907e-02
2.799760e-02
2.802622e-02
2.805497e-02
2.808385e-02
2.811287e-02
2.814206e-02
2.817141e-02
2.820094e-02
2.823066e-02
2.826059e-02
2.829076e-02
2.832119e-02
2.835194e-02
2.838076e-02
2.840960e-02
2.843848e-02
2.846738e-02
2.849635e-02
2.852539e-02
2.855455e-02
2.858383e-02
2.861324e-02
2.864278e-02
2.867246e-02
2.870227e-02
2.873222e-02
2.876233e-02
2.879258e-02
2.882299e-02
2.885358e-02
2.888438e-02
2.891538e-02
2.894473e-02
2.897411e-02
2.900348e-02
2.903286e-02
2.906225e-02
2.909166e-02
2.912112e-02
2.915066e-02
2.918031e-02
2.921009e-02
2.924000e-02
2.927006e-02
2.930026e-02
2.932677e-02
2.935412e-02
2.938080e-02
2.940825e-02
2.943497e-02
2.946259e-02
2.948931e-02
2.951704e-02
2.954373e-02
2.957154e-02
2.959818e-02
2.962610e-02
2.965268e-02
2.968077e-02
2.970728e-02
2.973563e-02
2.976208e-02
2.979086e-02
2.981724e-02
2.984626e-02
2.987259e-02
2.990155e-02
2.992784e-02
2.995676e-02
2.998301e-02
3.001190e-02
3.003814e-02
3.006700e-02
3.009323e-02
3.012208e-02
3.014831e-02
3.017716e-02
3.020339e-02
3.023224e-02
3.025848e-02
3.028735e-02
3.031359e-02
3.034247e-02
3.036873e-02
3.039762e-02
3.042390e-02
3.045281e-02
3.047911e-02
3.050804e-02
3.053435e-02
3.056331e-02
3.058965e-02
3.061862e-02
3.064498e-02
3.067398e-02
3.070037e-02
3.072940e-02
3.075582e-02
3.078489e-02
3.081134e-02
3.084044e-02
3.086693e-02
3.089606e-02
3.092259e-02
3.095177e-02
3.098205e-02
3.101237e-02
3.104271e-02
3.107307e-02
3.110346e-02
3.113388e-02
3.116432e-02
3.119479e-02
3.122528e-02
3.125580e-02
3.128634e-02
3.131691e-02
3.134750e-02
3.137812e-02
3.140877e-02
3.143944e-02
3.147014e-02
3.150087e-02
3.153162e-02
3.156241e-02
3.159321e-02
3.162405e-02
3.165491e-02
3.168581e-02
3.171673e-02
3.174768e-02
3.177866e-02
3.180968e-02
3.184073e-02
3.187181e-02
3.189876e-02
3.192840e-02
3.195886e-02
3.198936e-02
3.201987e-02
3.205042e-02
3.208099e-02
3.211160e-02
3.214223e-02
3.217292e-02
3.220362e-02
3.223438e-02
3.226518e-02
3.229603e-02
3.232692e-02
3.235787e-02
3.238888e-02
3.241996e-02
3.245109e-02
3.248230e-02
3.251356e-02
3.254490e-02
3.257631e-02
3.260783e-02
3.263943e-02
3.267116e-02
3.270300e-02
3.273501e-02
3.276716e-02
3.279811e-02
3.282907e-02
3.286009e-02
3.289116e-02
3.292229e-02
3.295349e-02
3.298475e-02
3.301608e-02
3.304745e-02
3.307456e-02
3.310439e-02
3.313590e-02
3.316747e-02
3.319908e-02
3.323074e-02
3.326246e-02
3.329423e-02
3.332608e-02
3.335799e-02
3.338999e-02
3.342209e-02
3.345429e-02
3.348661e-02
3.351905e-02
3.355166e-02
3.358443e-02
3.361740e-02
3.365058e-02
3.368405e-02
3.371585e-02
3.374716e-02
3.377845e-02
3.380971e-02
3.384097e-02
3.387226e-02
3.390359e-02
3.393500e-02
3.396647e-02
3.399802e-02
3.402528e-02
3.405301e-02
3.408031e-02
3.410784e-02
3.413516e-02
3.416271e-02
3.419004e-02
3.421758e-02
3.424491e-02
3.427245e-02
3.429977e-02
3.432730e-02
3.435462e-02
3.438214e-02
3.440945e-02
3.443697e-02
3.446723e-02
3.449884e-02
3.453043e-02
3.456201e-02
3.459357e-02
3.462512e-02
3.465668e-02
3.468827e-02
3.471993e-02
3.475168e-02
3.478352e-02
3.481546e-02
3.484749e-02
3.487963e-02
3.491188e-02
3.494422e-02
3.497663e-02
3.500921e-02
3.503665e-02
3.506465e-02
3.509212e-02
3.511982e-02
3.514732e-02
3.517503e-02
3.520254e-02
3.523025e-02
3.525776e-02
3.528546e-02
3.531297e-02
3.534067e-02
3.536818e-02
3.539588e-02
3.542636e-02
3.545817e-02
3.549009e-02
3.552213e-02
3.555428e-02
3.558660e-02
3.561874e-02
3.565134e-02
3.568349e-02
3.571629e-02
3.574845e-02
3.578123e-02
3.581343e-02
3.584513e-02
3.587681e-02
3.590846e-02
3.594010e-02
3.597171e-02
3.600336e-02
3.603507e-02
3.606687e-02
3.609878e-02
3.613080e-02
3.616293e-02
3.619508e-02
3.622748e-02
3.625526e-02
3.628354e-02
3.631137e-02
3.633946e-02
3.636732e-02
3.639543e-02
3.642330e-02
3.645141e-02
3.647929e-02
3.650739e-02
3.653526e-02
3.656335e-02
3.659121e-02
3.661928e-02
3.664713e-02
3.667519e-02
3.670303e-02
3.673107e-02
3.675890e-02
3.678951e-02
3.682160e-02
3.685419e-02
3.688623e-02
3.691923e-02
3.695124e-02
3.698272e-02
3.701419e-02
3.704563e-02
3.707706e-02
3.710847e-02
3.713990e-02
3.717139e-02
3.720298e-02
3.723468e-02
3.726649e-02
3.729844e-02
3.733040e-02
3.736264e-02
3.739455e-02
3.742714e-02
3.745900e-02
3.749026e-02
3.752151e-02
3.755271e-02
3.758390e-02
3.761506e-02
3.764623e-02
3.767744e-02
3.770532e-02
3.773409e-02
3.776199e-02
3.779011e-02
3.781802e-02
3.784614e-02
3.787406e-02
3.790219e-02
3.793011e-02
3.795823e-02
3.798615e-02
3.801428e-02
3.804220e-02
3.807292e-02
3.810380e-02
3.813467e-02
3.816559e-02
3.819661e-02
3.822776e-02
3.825904e-02
3.829049e-02
3.832211e-02
3.835393e-02
3.838596e-02
3.841400e-02
3.844250e-02
3.847059e-02
3.849890e-02
3.852701e-02
3.855534e-02
3.858347e-02
3.861181e-02
3.863994e-02
3.866829e-02
3.869644e-02
3.872480e-02
3.875296e-02
3.878132e-02
3.880949e-02
3.883974e-02
3.886996e-02
3.890015e-02
3.893034e-02
3.896051e-02
3.899070e-02
3.902093e-02
3.905125e-02
3.908170e-02
3.911231e-02
3.914310e-02
3.917398e-02
3.920520e-02
3.923520e-02
3.926519e-02
3.929518e-02
3.932516e-02
3.935517e-02
3.938520e-02
3.941529e-02
3.944548e-02
3.947582e-02
3.950633e-02
3.953704e-02
3.956799e-02
3.959900e-02
3.962898e-02
3.965898e-02
3.968899e-02
3.971902e-02
3.974909e-02
3.977772e-02
3.980688e-02
3.983558e-02
3.986486e-02
3.989360e-02
3.992313e-02
3.995190e-02
3.998152e-02
4.001031e-02
4.004000e-02
4.006881e-02
4.009857e-02
4.012738e-02
4.015723e-02
4.018605e-02
4.021605e-02
4.024487e-02
4.027506e-02
4.030388e-02
4.033436e-02
4.036318e-02
4.039340e-02
4.042364e-02
4.045391e-02
4.048422e-02
4.051456e-02
4.054496e-02
4.057542e-02
4.060599e-02
4.063671e-02
4.066762e-02
4.069875e-02
4.073011e-02
4.076175e-02
4.079209e-02
4.082245e-02
4.085284e-02
4.088325e-02
4.091370e-02
4.094420e-02
4.097478e-02
4.100547e-02
4.103632e-02
4.106736e-02
4.109861e-02
4.113010e-02
4.116150e-02
4.119190e-02
4.122233e-02
4.125276e-02
4.128323e-02
4.131372e-02
4.134427e-02
4.137488e-02
4.140560e-02
4.143649e-02
4.146757e-02
4.149887e-02
4.153036e-02
4.156078e-02
4.159120e-02
4.162164e-02
4.165209e-02
4.168257e-02
4.171309e-02
4.174366e-02
4.177431e-02
4.180508e-02
4.183602e-02
4.186717e-02
4.189855e-02
4.193019e-02
4.196062e-02
4.199107e-02
4.202155e-02
4.205205e-02
4.208093e-02
4.211030e-02
4.213920e-02
4.216835e-02
4.219726e-02
4.222641e-02
4.225532e-02
4.228447e-02
4.231338e-02
4.234251e-02
4.237142e-02
4.240054e-02
4.242944e-02
4.245855e-02
4.248744e-02
4.251655e-02
4.254543e-02
4.257452e-02
4.260340e-02
4.263464e-02
4.266612e-02
4.269787e-02
4.272992e-02
4.276052e-02
4.279115e-02
4.282181e-02
4.285252e-02
4.288328e-02
4.291412e-02
4.294504e-02
4.297399e-02
4.300344e-02
4.303242e-02
4.306165e-02
4.309064e-02
4.311986e-02
4.314885e-02
4.317806e-02
4.320704e-02
4.323625e-02
4.326521e-02
4.329440e-02
4.332335e-02
4.335252e-02
4.338147e-02
4.341062e-02
4.343955e-02
4.346870e-02
4.349762e-02
4.352675e-02
4.355566e-02
4.358650e-02
4.361736e-02
4.364824e-02
4.367917e-02
4.371013e-02
4.374116e-02
4.377228e-02
4.380354e-02
4.383497e-02
4.386659e-02
4.389843e-02
4.392740e-02
4.395687e-02
4.398587e-02
4.401510e-02
4.404411e-02
4.407335e-02
4.410235e-02
4.413159e-02
4.416059e-02
4.418983e-02
4.421882e-02
4.424804e-02
4.427702e-02
4.430623e-02
4.433520e-02
4.436440e-02
4.439335e-02
4.442253e-02
4.445147e-02
4.448064e-02
4.450957e-02
4.453871e-02
4.456763e-02
4.459676e-02
4.462567e-02
4.465479e-02
4.468607e-02
4.471752e-02
4.474916e-02
4.478100e-02
4.481277e-02
4.484507e-02
4.487602e-02
4.490697e-02
4.493793e-02
4.496889e-02
4.499988e-02
4.503089e-02
4.506195e-02
4.509310e-02
4.512437e-02
4.515580e-02
4.518739e-02
4.521918e-02
4.525088e-02
4.528310e-02
4.531555e-02
4.534655e-02
4.537755e-02
4.540855e-02
4.543957e-02
4.547059e-02
4.550166e-02
4.553276e-02
4.556395e-02
4.559528e-02
4.562678e-02
4.565845e-02
4.569010e-02
4.572219e-02
4.575451e-02
4.578553e-02
4.581655e-02
4.584757e-02
4.587861e-02
4.590965e-02
4.594071e-02
4.597180e-02
4.600295e-02
4.603422e-02
4.606563e-02
4.609720e-02
4.612881e-02
4.616075e-02
4.619291e-02
4.622530e-02
4.625637e-02
4.628744e-02
4.631851e-02
4.634958e-02
4.638068e-02
4.641178e-02
4.644292e-02
4.647412e-02
4.650543e-02
4.653687e-02
4.656844e-02
4.660022e-02
4.663220e-02
4.666438e-02
4.669679e-02
4.672789e-02
4.675899e-02
4.679009e-02
4.682120e-02
4.685231e-02
4.688344e-02
4.691459e-02
4.694579e-02
4.697710e-02
4.700854e-02
4.704013e-02
4.707163e-02
4.710357e-02
4.713570e-02
4.716803e-02
4.719692e-02
4.722627e-02
4.725516e-02
4.728428e-02
4.731318e-02
4.734230e-02
4.737119e-02
4.740031e-02
4.742919e-02
4.745830e-02
4.748718e-02
4.751628e-02
4.754516e-02
4.757425e-02
4.760312e-02
4.763220e-02
4.766106e-02
4.769014e-02
4.771899e-02
4.774999e-02
4.778098e-02
4.781198e-02
4.784298e-02
4.787400e-02
4.790506e-02
4.793620e-02
4.796746e-02
4.799887e-02
4.803025e-02
4.806200e-02
4.809395e-02
4.812610e-02
4.815848e-02
4.818940e-02
4.822032e-02
4.825123e-02
4.828215e-02
4.831307e-02
4.834402e-02
4.837500e-02
4.840605e-02
4.843722e-02
4.846853e-02
4.850001e-02
4.853166e-02
4.856351e-02
4.859556e-02
4.862784e-02
4.865869e-02
4.868954e-02
4.872039e-02
4.875124e-02
4.878211e-02
4.881299e-02
4.884390e-02
4.887490e-02
4.890601e-02
4.893726e-02
4.896867e-02
4.900025e-02
4.903173e-02
4.906371e-02
4.909517e-02
4.912595e-02
4.915673e-02
4.918751e-02
4.921829e-02
4.924907e-02
4.927988e-02
4.931071e-02
4.934160e-02
4.937259e-02
4.940373e-02
4.943504e-02
4.946647e-02
4.949816e-02
4.952958e-02
4.956171e-02
4.959238e-02
4.962305e-02
4.965372e-02
4.968440e-02
4.971509e-02
4.974579e-02
4.977653e-02
4.980735e-02
4.983827e-02
4.986934e-02
4.990055e-02
4.993194e-02
4.996332e-02
4.999507e-02
5.002645e-02
5.005864e-02
5.008925e-02
5.011985e-02
5.014877e-02
5.017818e-02
5.020713e-02
5.023736e-02
5.026631e-02
5.029681e-02
5.032577e-02
5.035630e-02
5.038527e-02
5.041447e-02
5.044345e-02
5.047266e-02
5.050163e-02
5.053085e-02
5.055982e-02
5.058903e-02
5.061801e-02
5.064722e-02
5.067620e-02
5.070541e-02
5.073438e-02
5.076359e-02
5.079257e-02
5.082177e-02
5.085074e-02
5.087994e-02
5.090891e-02
5.093811e-02
5.096944e-02
5.100113e-02
5.103249e-02
5.106461e-02
5.109600e-02
5.112649e-02
5.115699e-02
5.118750e-02
5.121802e-02
5.124856e-02
5.127912e-02
5.130970e-02
5.134036e-02
5.137113e-02
5.140203e-02
5.143307e-02
5.146426e-02
5.149561e-02
5.152694e-02
5.155861e-02
5.158999e-02
5.162202e-02
5.165109e-02
5.168066e-02
5.170974e-02
5.173907e-02
5.176816e-02
5.179748e-02
5.182657e-02
5.185589e-02
5.188496e-02
5.191427e-02
5.194334e-02
5.197264e-02
5.200169e-02
5.203098e-02
5.206002e-02
5.208929e-02
5.211832e-02
5.214758e-02
5.217659e-02
5.220583e-02
5.223484e-02
5.226407e-02
5.229306e-02
5.232495e-02
5.235530e-02
5.238564e-02
5.241599e-02
5.244632e-02
5.247665e-02
5.250698e-02
5.253733e-02
5.256771e-02
5.259681e-02
5.262640e-02
5.265551e-02
5.268486e-02
5.271397e-02
5.274332e-02
5.277242e-02
5.280176e-02
5.283086e-02
5.286018e-02
5.288926e-02
5.291857e-02
5.294764e-02
5.297694e-02
5.300599e-02
5.303528e-02
5.306432e-02
5.309359e-02
5.312262e-02
5.315188e-02
5.318089e-02
5.321039e-02
5.323939e-02
5.326888e-02
5.329787e-02
5.332735e-02
5.335634e-02
5.338581e-02
5.341478e-02
5.344425e-02
5.347321e-02
5.350267e-02
5.353162e-02
5.356107e-02
5.359001e-02
5.361944e-02
5.364836e-02
5.367777e-02
5.370668e-02
5.373607e-02
5.376496e-02
5.379432e-02
5.382318e-02
5.385253e-02
5.388136e-02
5.391067e-02
5.393948e-02
5.396852e-02
5.399730e-02
5.402630e-02
5.405505e-02
5.408403e-02
5.411275e-02
5.414169e-02
5.417038e-02
5.420194e-02
5.423505e-02
5.426820e-02
5.430134e-02
5.433450e-02
5.436332e-02
5.439270e-02
5.442155e-02
5.445092e-02
5.447976e-02
5.450886e-02
5.453769e-02
5.456677e-02
5.459557e-02
5.462462e-02
5.465340e-02
5.468241e-02
5.471116e-02
5.474013e-02
5.476885e-02
5.479779e-02
5.482648e-02
5.485539e-02
5.488406e-02
5.491559e-02
5.494907e-02
5.498257e-02
5.501607e-02
5.504960e-02
5.508312e-02
5.511667e-02
5.515022e-02
5.518379e-02
5.521735e-02
5.525094e-02
5.528452e-02
5.531812e-02
5.535172e-02
5.538534e-02
5.541404e-02
5.544323e-02
5.547193e-02
5.550087e-02
5.552958e-02
5.556115e-02
5.559490e-02
5.562870e-02
5.566251e-02
5.569635e-02
5.573018e-02
5.576405e-02
5.579791e-02
5.583179e-02
5.586567e-02
5.589957e-02
5.593347e-02
5.596739e-02
5.600132e-02
5.603526e-02
5.606921e-02
5.610318e-02
5.613715e-02
5.617115e-02
5.620515e-02
5.623918e-02
5.627321e-02
5.630726e-02
5.634133e-02
5.637542e-02
5.640952e-02
5.644365e-02
5.647779e-02
5.651195e-02
5.654613e-02
5.658034e-02
5.661456e-02
5.664882e-02
5.668309e-02
5.671746e-02
5.675189e-02
5.678638e-02
5.682091e-02
5.685121e-02
5.688215e-02
5.691378e-02
5.694378e-02
5.697436e-02
5.700560e-02
5.703590e-02
5.706592e-02
5.709623e-02
5.712626e-02
5.715658e-02
5.718663e-02
5.721696e-02
5.724702e-02
5.727767e-02
5.730774e-02
5.733840e-02
5.736849e-02
5.739918e-02
5.742928e-02
5.745999e-02
5.749012e-02
5.752085e-02
5.755100e-02
5.758176e-02
5.761193e-02
5.764272e-02
5.767292e-02
5.770374e-02
5.773396e-02
5.776483e-02
5.779508e-02
5.782598e-02
5.785626e-02
5.788721e-02
5.791752e-02
5.794852e-02
5.797887e-02
5.800992e-02
5.804031e-02
5.807141e-02
5.810185e-02
5.813302e-02
5.816350e-02
5.819475e-02
5.822189e-02
5.825175e-02
5.827890e-02
5.830876e-02
5.833943e-02
5.837095e-02
5.840170e-02
5.843334e-02
5.846418e-02
5.849597e-02
5.852877e-02
5.856274e-02
5.859800e-02
5.863467e-02
5.867279e-02
5.871100e-02
5.874926e-02
5.878761e-02
5.882600e-02
5.886448e-02
5.890300e-02
5.894160e-02
5.898024e-02
5.901897e-02
5.905775e-02
5.909661e-02
5.913552e-02
5.917453e-02
5.921359e-02
5.924424e-02
5.927554e-02
5.930757e-02
5.933791e-02
5.936885e-02
5.940046e-02
5.943114e-02
5.946245e-02
5.949448e-02
5.952490e-02
5.955593e-02
5.958763e-02
5.961840e-02
5.964980e-02
5.968193e-02
5.971488e-02
5.974571e-02
5.977720e-02
5.980943e-02
5.983999e-02
5.987119e-02
5.990307e-02
5.993401e-02
5.996561e-02
5.999795e-02
6.002863e-02
6.005995e-02
6.009198e-02
6.012303e-02
6.015478e-02
6.018729e-02
6.021456e-02
6.024235e-02
6.026966e-02
6.029722e-02
6.032455e-02
6.035307e-02
6.038042e-02
6.040884e-02
6.043906e-02
6.047039e-02
6.050247e-02
6.053391e-02
6.056610e-02
6.059763e-02
6.062993e-02
6.066155e-02
6.069398e-02
6.072571e-02
6.075828e-02
6.079014e-02
6.082287e-02
6.085487e-02
6.088781e-02
6.091997e-02
6.095314e-02
6.098551e-02
6.101895e-02
6.105155e-02
6.108532e-02
6.111822e-02
6.115239e-02
6.118564e-02
6.122030e-02
6.125646e-02
6.129421e-02
6.133358e-02
6.137352e-02
6.141344e-02
6.145332e-02
6.149317e-02
6.153298e-02
6.157276e-02
6.161250e-02
6.165221e-02
6.169189e-02
6.173153e-02
6.177113e-02
6.181070e-02
6.185023e-02
6.188973e-02
6.192920e-02
6.196863e-02
6.200803e-02
6.204739e-02
6.208672e-02
6.212602e-02
6.216528e-02
6.220452e-02
6.224372e-02
6.228289e-02
6.232202e-02
6.236113e-02
6.240020e-02
6.243925e-02
6.247827e-02
6.250618e-02
6.253470e-02
6.256391e-02
6.259142e-02
6.261950e-02
6.264701e-02
6.267509e-02
6.270261e-02
6.273069e-02
6.275820e-02
6.278629e-02
6.281381e-02
6.284191e-02
6.286943e-02
6.289754e-02
6.292506e-02
6.295319e-02
6.298072e-02
6.300887e-02
6.303641e-02
6.306459e-02
6.309178e-02
6.311920e-02
6.314639e-02
6.317382e-02
6.320101e-02
6.322844e-02
6.325564e-02
6.328307e-02
6.331027e-02
6.333871e-02
6.336591e-02
6.339445e-02
6.342228e-02
6.345096e-02
6.347888e-02
6.350771e-02
6.353575e-02
6.356476e-02
6.359294e-02
6.362219e-02
6.365325e-02
6.368669e-02
6.372323e-02
6.376217e-02
6.380111e-02
6.384003e-02
6.387896e-02
6.391787e-02
6.394502e-02
6.397488e-02
6.400204e-02
6.403192e-02
6.405908e-02
6.408896e-02
6.411613e-02
6.414601e-02
6.417889e-02
6.421505e-02
6.425394e-02
6.429283e-02
6.433174e-02
6.437064e-02
6.440955e-02
6.444847e-02
6.448740e-02
6.452634e-02
6.456530e-02
6.460428e-02
6.464047e-02
6.467951e-02
6.471578e-02
6.475495e-02
6.479130e-02
6.483002e-02
6.486645e-02
6.490481e-02
6.494438e-02
6.498395e-02
6.502354e-02
6.506311e-02
6.510269e-02
6.514228e-02
6.518187e-02
6.522146e-02
6.526106e-02
6.530066e-02
6.534027e-02
6.537988e-02
6.541950e-02
6.544649e-02
6.547413e-02
6.550247e-02
6.552907e-02
6.555626e-02
6.558289e-02
6.561011e-02
6.563675e-02
6.566400e-02
6.569066e-02
6.571793e-02
6.574460e-02
6.577189e-02
6.579857e-02
6.582588e-02
6.585450e-02
6.588494e-02
6.591775e-02
6.595329e-02
6.599149e-02
6.603110e-02
6.607071e-02
6.611030e-02
6.614989e-02
6.618948e-02
6.622905e-02
6.626861e-02
6.630817e-02
6.634772e-02
6.638725e-02
6.642677e-02
6.646628e-02
6.650578e-02
6.654527e-02
6.658475e-02
6.662421e-02
6.666365e-02
6.670309e-02
6.674251e-02
6.678191e-02
6.680809e-02
6.683483e-02
6.686221e-02
6.688801e-02
6.691433e-02
6.694014e-02
6.696647e-02
6.699229e-02
6.701863e-02
6.704446e-02
6.707081e-02
6.709664e-02
6.712300e-02
6.714883e-02
6.717520e-02
6.720105e-02
6.722743e-02
6.725328e-02
6.727967e-02
6.730667e-02
6.733282e-02
6.735957e-02
6.738697e-02
6.741284e-02
6.743930e-02
6.746640e-02
6.749420e-02
6.752010e-02
6.754662e-02
6.757381e-02
6.760174e-02
6.762769e-02
6.765431e-02
6.768163e-02
6.770974e-02
6.773578e-02
6.776253e-02
6.779005e-02
6.781840e-02
6.784457e-02
6.787152e-02
6.789932e-02
6.792609e-02
6.795375e-02
6.798233e-02
6.800884e-02
6.803635e-02
6.806487e-02
6.809226e-02
6.812039e-02
6.814932e-02
6.817645e-02
6.820498e-02
6.823467e-02
6.826327e-02
6.829330e-02
6.832443e-02
6.835010e-02
6.837635e-02
6.840212e-02
6.842841e-02
6.845418e-02
6.848049e-02
6.850737e-02
6.853512e-02
6.856398e-02
6.859420e-02
6.862597e-02
6.865941e-02
6.869445e-02
6.873087e-02
6.876836e-02
6.880656e-02
6.884524e-02
6.888420e-02
6.892336e-02
6.896265e-02
6.900203e-02
6.904142e-02
6.908080e-02
6.912018e-02
6.915956e-02
6.919893e-02
6.923830e-02
6.927767e-02
6.931703e-02
6.935640e-02
6.939577e-02
6.943513e-02
6.947449e-02
6.951386e-02
6.955322e-02
6.959259e-02
6.963196e-02
6.967132e-02
6.971069e-02
6.975007e-02
6.978944e-02
6.982882e-02
6.986820e-02
6.990758e-02
6.994697e-02
6.998636e-02
7.002575e-02
7.006515e-02
7.010456e-02
7.014396e-02
7.018338e-02
7.022280e-02
7.026222e-02
7.030165e-02
7.034108e-02
7.038052e-02
7.041997e-02
7.045943e-02
7.049890e-02
7.053838e-02
7.057788e-02
7.061741e-02
7.065695e-02
7.069653e-02
7.073611e-02
7.077570e-02
7.081527e-02
7.085484e-02
7.088192e-02
7.091171e-02
7.093880e-02
7.096859e-02
7.099567e-02
7.102545e-02
7.105253e-02
7.108231e-02
7.110938e-02
7.113669e-02
7.116375e-02
7.119105e-02
7.121811e-02
7.124541e-02
7.127247e-02
7.129976e-02
7.132681e-02
7.135409e-02
7.138114e-02
7.140842e-02
7.143546e-02
7.146521e-02
7.149225e-02
7.152151e-02
7.154854e-02
7.157718e-02
7.160421e-02
7.163250e-02
7.166262e-02
7.169485e-02
7.172953e-02
7.176684e-02
7.180649e-02
7.184617e-02
7.188585e-02
7.192556e-02
7.196526e-02
7.200500e-02
7.204474e-02
7.208450e-02
7.212426e-02
7.216405e-02
7.220385e-02
7.224366e-02
7.228349e-02
7.232333e-02
7.236318e-02
7.240305e-02
7.242961e-02
7.245884e-02
7.249098e-02
7.252635e-02
7.256524e-02
7.260516e-02
7.264509e-02
7.268503e-02
7.272497e-02
7.276493e-02
7.280489e-02
7.284485e-02
7.288482e-02
7.292480e-02
7.296477e-02
7.300475e-02
7.304472e-02
7.308470e-02
7.312468e-02
7.316465e-02
7.319014e-02
7.321580e-02
7.324404e-02
7.327510e-02
7.330926e-02
7.334684e-02
7.338679e-02
7.342673e-02
7.346667e-02
7.350646e-02
7.353178e-02
7.355750e-02
7.358278e-02
7.361060e-02
7.364120e-02
7.367485e-02
7.371187e-02
7.375074e-02
7.378944e-02
7.382799e-02
7.386638e-02
7.390464e-02
7.394277e-02
7.396835e-02
7.399357e-02
7.401899e-02
7.404417e-02
7.407187e-02
7.410233e-02
7.413585e-02
7.417272e-02
7.421010e-02
7.424740e-02
7.428463e-02
7.432177e-02
7.435885e-02
7.439584e-02
7.442143e-02
7.444750e-02
7.447291e-02
7.449805e-02
7.452337e-02
7.454844e-02
7.457601e-02
7.460135e-02
7.462921e-02
7.465456e-02
7.468205e-02
7.470743e-02
7.473462e-02
7.476002e-02
7.478701e-02
7.481243e-02
7.483787e-02
7.486332e-02
7.488983e-02
7.491492e-02
7.494019e-02
7.496518e-02
7.499034e-02
7.501575e-02
7.504168e-02
7.506726e-02
7.509378e-02
7.511926e-02
7.514527e-02
7.517079e-02
7.519683e-02
7.522239e-02
7.524848e-02
7.527407e-02
7.530020e-02
7.532583e-02
7.535201e-02
7.537768e-02
7.540391e-02
7.542987e-02
7.545589e-02
7.548193e-02
7.550801e-02
7.553330e-02
7.555944e-02
7.558501e-02
7.561090e-02
7.563626e-02
7.566185e-02
7.568697e-02
7.571226e-02
7.573715e-02
7.576218e-02
7.578687e-02
7.581247e-02
7.583806e-02
7.586382e-02
7.589016e-02
7.591592e-02
7.594143e-02
7.596707e-02
7.599327e-02
7.601894e-02
7.604482e-02
7.607058e-02
7.609613e-02
7.612227e-02
7.614793e-02
7.617349e-02
7.619879e-02
7.622440e-02
7.624958e-02
7.627526e-02
7.630029e-02
7.632555e-02
7.635037e-02
7.637536e-02
7.639999e-02
7.642477e-02
7.645041e-02
7.647663e-02
7.650233e-02
7.652864e-02
7.655440e-02
7.658080e-02
7.660663e-02
7.663324e-02
7.665861e-02
7.668323e-02
7.670761e-02
7.673217e-02
7.675744e-02
7.678361e-02
7.680914e-02
7.683530e-02
7.686088e-02
7.688699e-02
7.691246e-02
7.693823e-02
7.696345e-02
7.698888e-02
7.701387e-02
7.703903e-02
7.706383e-02
7.708878e-02
7.711343e-02
7.713824e-02
7.716440e-02
7.719142e-02
7.721767e-02
7.724479e-02
7.727114e-02
7.729836e-02
7.732483e-02
7.734969e-02
7.737431e-02
7.739911e-02
7.742369e-02
7.744986e-02
7.747684e-02
7.750323e-02
7.752875e-02
7.755495e-02
7.758035e-02
7.760601e-02
7.763124e-02
7.765667e-02
7.768173e-02
7.770697e-02
7.773190e-02
7.775699e-02
7.778180e-02
7.780679e-02
7.783152e-02
7.785662e-02
7.788212e-02
7.790809e-02
7.793457e-02
7.796162e-02
7.798826e-02
7.801328e-02
7.803806e-02
7.806302e-02
7.808775e-02
7.811270e-02
7.813994e-02
7.816842e-02
7.819423e-02
7.822084e-02
7.824654e-02
7.827254e-02
7.829805e-02
7.832379e-02
7.834909e-02
7.837459e-02
7.839972e-02
7.842503e-02
7.845001e-02
7.847517e-02
7.850003e-02
7.852526e-02
7.855091e-02
7.857704e-02
7.860369e-02
7.863092e-02
7.865743e-02
7.868481e-02
7.871319e-02
7.874036e-02
7.876854e-02
7.879776e-02
7.882471e-02
7.885284e-02
7.888221e-02
7.891031e-02
7.893980e-02
7.897050e-02
7.899625e-02
7.902306e-02
7.905099e-02
7.908016e-02
7.910605e-02
7.913277e-02
7.915889e-02
7.918581e-02
7.921211e-02
7.923922e-02
7.926564e-02
7.929291e-02
7.932114e-02
7.934817e-02
7.937614e-02
7.940521e-02
7.943194e-02
7.945970e-02
7.948857e-02
7.951619e-02
7.954464e-02
7.957426e-02
7.960007e-02
7.962712e-02
7.965531e-02
7.968417e-02
7.971402e-02
7.974320e-02
7.977315e-02
7.980379e-02
7.982966e-02
7.985639e-02
7.988407e-02
7.991069e-02
7.993825e-02
7.996517e-02
7.999304e-02
8.002037e-02
8.004870e-02
8.007639e-02
8.010514e-02
8.013315e-02
8.016218e-02
8.018725e-02
8.021287e-02
8.023905e-02
8.026367e-02
8.028854e-02
8.031387e-02
8.033966e-02
8.036425e-02
8.038903e-02
8.041628e-02
8.044485e-02
8.047093e-02
8.049785e-02
8.052408e-02
8.055083e-02
8.057668e-02
8.060319e-02
8.062873e-02
8.065312e-02
8.067731e-02
8.070181e-02
8.072611e-02
8.075060e-02
8.077489e-02
8.080005e-02
8.082489e-02
8.084993e-02
8.087468e-02
8.089915e-02
8.092384e-02
8.094831e-02
8.097267e-02
8.099752e-02
8.102189e-02
8.104673e-02
8.107201e-02
8.109685e-02
8.112215e-02
8.114699e-02
8.117230e-02
8.119716e-02
8.122184e-02
8.124694e-02
8.127135e-02
8.129623e-02
8.132066e-02
8.134559e-02
8.137002e-02
8.139501e-02
8.142062e-02
8.144696e-02
8.147176e-02
8.149735e-02
8.152221e-02
8.154787e-02
8.157277e-02
8.159846e-02
8.162337e-02
8.164908e-02
8.167590e-02
8.170404e-02
8.173266e-02
8.176298e-02
8.178920e-02
8.181692e-02
8.184574e-02
8.187562e-02
8.190181e-02
8.192870e-02
8.195311e-02
8.197956e-02
8.200595e-02
8.203058e-02
8.205560e-02
8.208024e-02
8.210526e-02
8.212992e-02
8.215496e-02
8.217964e-02
8.220471e-02
8.222941e-02
8.225449e-02
8.227921e-02
8.230378e-02
8.232852e-02
8.235311e-02
8.237787e-02
8.240249e-02
8.242954e-02
8.245608e-02
8.248322e-02
8.250979e-02
8.253699e-02
8.256361e-02
8.259088e-02
8.261755e-02
8.264490e-02
8.267164e-02
8.269908e-02
8.272590e-02
8.275346e-02
8.278038e-02
8.280807e-02
8.283510e-02
8.286296e-02
8.289013e-02
8.291818e-02
8.294551e-02
8.297380e-02
8.300132e-02
8.302990e-02
8.305766e-02
8.308660e-02
8.311304e-02
8.314191e-02
8.316837e-02
8.319687e-02
8.322187e-02
8.324705e-02
8.327209e-02
8.329731e-02
8.332239e-02
8.334766e-02
8.337278e-02
8.339809e-02
8.342326e-02
8.345014e-02
8.347679e-02
8.350369e-02
8.353035e-02
8.355728e-02
8.358396e-02
8.361091e-02
8.363761e-02
8.366484e-02
8.369002e-02
8.371567e-02
8.374089e-02
8.376630e-02
8.379156e-02
8.381700e-02
8.384230e-02
8.386779e-02
8.389313e-02
8.391865e-02
8.394403e-02
8.396960e-02
8.399502e-02
8.402299e-02
8.405375e-02
8.408759e-02
8.412381e-02
8.416005e-02
8.419630e-02
8.423257e-02
8.425800e-02
8.428382e-02
8.430930e-02
8.433497e-02
8.436049e-02
8.438620e-02
8.441176e-02
8.443750e-02
8.446292e-02
8.448871e-02
8.451435e-02
8.454018e-02
8.456586e-02
8.459173e-02
8.461868e-02
8.464623e-02
8.467321e-02
8.470080e-02
8.472783e-02
8.475548e-02
8.478114e-02
8.480719e-02
8.483289e-02
8.485878e-02
8.488452e-02
8.491045e-02
8.493622e-02
8.496219e-02
8.498800e-02
8.501400e-02
8.503985e-02
8.506589e-02
8.509178e-02
8.511786e-02
8.514552e-02
8.517406e-02
8.520187e-02
8.523065e-02
8.525865e-02
8.528773e-02
8.531361e-02
8.533989e-02
8.536581e-02
8.539193e-02
8.541789e-02
8.544405e-02
8.547004e-02
8.549623e-02
8.552226e-02
8.554849e-02
8.557455e-02
8.560081e-02
8.562690e-02
8.565319e-02
8.567932e-02
8.570584e-02
8.573280e-02
8.576011e-02
8.578718e-02
8.581478e-02
8.584299e-02
8.587190e-02
8.590160e-02
8.593219e-02
8.596377e-02
8.599646e-02
8.603031e-02
8.606535e-02
8.610155e-02
8.613877e-02
8.617662e-02
8.620299e-02
8.622979e-02
8.625707e-02
8.628321e-02
8.630975e-02
8.633592e-02
8.636228e-02
8.638847e-02
8.641486e-02
8.644107e-02
8.646748e-02
8.649430e-02
8.652074e-02
8.654689e-02
8.657345e-02
8.659964e-02
8.662603e-02
8.665224e-02
8.667865e-02
8.670489e-02
8.673133e-02
8.675759e-02
8.678404e-02
8.681032e-02
8.683680e-02
8.686310e-02
8.688959e-02
8.691592e-02
8.694244e-02
8.696878e-02
8.699532e-02
8.702169e-02
8.704935e-02
8.707766e-02
8.710540e-02
8.713379e-02
8.716159e-02
8.719007e-02
8.721794e-02
8.724651e-02
8.727446e-02
8.730314e-02
8.733119e-02
8.736001e-02
8.738817e-02
8.741461e-02
8.744145e-02
8.746791e-02
8.749458e-02
8.752108e-02
8.754777e-02
8.757429e-02
8.760101e-02
8.762756e-02
8.765430e-02
8.768088e-02
8.770765e-02
8.773425e-02
8.776105e-02
8.778828e-02
8.781595e-02
8.784330e-02
8.787109e-02
8.789851e-02
8.792643e-02
8.795388e-02
8.798216e-02
8.801144e-02
8.804189e-02
8.807372e-02
8.810706e-02
8.814204e-02
8.817869e-02
8.821689e-02
8.825566e-02
8.829446e-02
8.833327e-02
8.837209e-02
8.841095e-02
8.843776e-02
8.846499e-02
8.849183e-02
8.851887e-02
8.854574e-02
8.857280e-02
8.859969e-02
8.862678e-02
8.865368e-02
8.868079e-02
8.870771e-02
8.873483e-02
8.876177e-02
8.878892e-02
8.881587e-02
8.884553e-02
8.887815e-02
8.891403e-02
8.895312e-02
8.899222e-02
8.903133e-02
8.907046e-02
8.910959e-02
8.914874e-02
8.918789e-02
8.922705e-02
8.925407e-02
8.928152e-02
8.930857e-02
8.933603e-02
8.936310e-02
8.939037e-02
8.941745e-02
8.944473e-02
8.947182e-02
8.949912e-02
8.952623e-02
8.955375e-02
8.958087e-02
8.960840e-02
8.963553e-02
8.966538e-02
8.969821e-02
8.973432e-02
8.977357e-02
8.981283e-02
8.983994e-02
8.986747e-02
8.989460e-02
8.992214e-02
8.994928e-02
8.997684e-02
9.000399e-02
9.003155e-02
9.005871e-02
9.008629e-02
9.011346e-02
9.014105e-02
9.016823e-02
9.019812e-02
9.023101e-02
9.026718e-02
9.029433e-02
9.032190e-02
9.034907e-02
9.037666e-02
9.040383e-02
9.043121e-02
9.045840e-02
9.048579e-02
9.051299e-02
9.054039e-02
9.056759e-02
9.059500e-02
9.062221e-02
9.064984e-02
9.067706e-02
9.070470e-02
9.073192e-02
9.075957e-02
9.078817e-02
9.081606e-02
9.084326e-02
9.087090e-02
9.089812e-02
9.092577e-02
9.095300e-02
9.098044e-02
9.100768e-02
9.103513e-02
9.106238e-02
9.108984e-02
9.111710e-02
9.114456e-02
9.117183e-02
9.119930e-02
9.122657e-02
9.125405e-02
9.128132e-02
9.130902e-02
9.133631e-02
9.136401e-02
9.139219e-02
9.142029e-02
9.144755e-02
9.147526e-02
9.150254e-02
9.153026e-02
9.155756e-02
9.158507e-02
9.161238e-02
9.163990e-02
9.166721e-02
9.169474e-02
9.172206e-02
9.174959e-02
9.177692e-02
9.180446e-02
9.183179e-02
9.185933e-02
9.188667e-02
9.191421e-02
9.194156e-02
9.196933e-02
9.199665e-02
9.202445e-02
9.205180e-02
9.207961e-02
9.210698e-02
9.213457e-02
9.216195e-02
9.218955e-02
9.221694e-02
9.224454e-02
9.227194e-02
9.229955e-02
9.232695e-02
9.235456e-02
9.238196e-02
9.240958e-02
9.243699e-02
9.246460e-02
9.249201e-02
9.251963e-02
9.254705e-02
9.257467e-02
9.260209e-02
9.263001e-02
9.265747e-02
9.268540e-02
9.271288e-02
9.274059e-02
9.276809e-02
9.279581e-02
9.282331e-02
9.285103e-02
9.287854e-02
9.290626e-02
9.293377e-02
9.296150e-02
9.298901e-02
9.301673e-02
9.304424e-02
9.307197e-02
9.309948e-02
9.312720e-02
9.315471e-02
9.318244e-02
9.320995e-02
9.323767e-02
9.326520e-02
9.329329e-02
9.332195e-02
9.334984e-02
9.337748e-02
9.340563e-02
9.343328e-02
9.346143e-02
9.348908e-02
9.351722e-02
9.354488e-02
9.357301e-02
9.360067e-02
9.362880e-02
9.365645e-02
9.368457e-02
9.371221e-02
9.374032e-02
9.376796e-02
9.379606e-02
9.382369e-02
9.385178e-02
9.387941e-02
9.390749e-02
9.393515e-02
9.396347e-02
9.399243e-02
9.402057e-02
9.404932e-02
9.407747e-02
9.410534e-02
9.413376e-02
9.416164e-02
9.419005e-02
9.421792e-02
9.424633e-02
9.427419e-02
9.430258e-02
9.433043e-02
9.435881e-02
9.438665e-02
9.441501e-02
9.444284e-02
9.447118e-02
9.449900e-02
9.452732e-02
9.455513e-02
9.458344e-02
9.461128e-02
9.463988e-02
9.466918e-02
9.469758e-02
9.472665e-02
9.475512e-02
9.478326e-02
9.481205e-02
9.484021e-02
9.486900e-02
9.489682e-02
9.492527e-02
9.495336e-02
9.498206e-02
9.501016e-02
9.503849e-02
9.506655e-02
9.509522e-02
9.512323e-02
9.515222e-02
9.518210e-02
9.521094e-02
9.523905e-02
9.526778e-02
9.529625e-02
9.532487e-02
9.535332e-02
9.538196e-02
9.541031e-02
9.543942e-02
9.546759e-02
9.549664e-02
9.552504e-02
9.555429e-02
9.558288e-02
9.561241e-02
9.564160e-02
9.567104e-02
9.570002e-02
9.572920e-02
9.575797e-02
9.578695e-02
9.581559e-02
9.584709e-02
9.588000e-02
9.591365e-02
9.594563e-02
9.597866e-02
9.600984e-02
9.604222e-02
9.607275e-02
9.610422e-02
9.613425e-02
9.616520e-02
9.619483e-02
9.622543e-02
9.625473e-02
9.628513e-02
9.631416e-02
9.634452e-02
9.637334e-02
9.640397e-02
9.643263e-02
9.646416e-02
9.649455e-02
9.652686e-02
9.656053e-02
9.659278e-02
9.662418e-02
9.665691e-02
9.668673e-02
9.671864e-02
9.674846e-02
9.677976e-02
9.680958e-02
9.684035e-02
9.687003e-02
9.690040e-02
9.692977e-02
9.695940e-02
9.698854e-02
9.701789e-02
9.704683e-02
9.707596e-02
9.710474e-02
9.713395e-02
9.716375e-02
9.719498e-02
9.722478e-02
9.725581e-02
9.728562e-02
9.731840e-02
9.734820e-02
9.737708e-02
9.740644e-02
9.743638e-02
9.746618e-02
9.749754e-02
9.752738e-02
9.755851e-02
9.758835e-02
9.761915e-02
9.764888e-02
9.767941e-02
9.770898e-02
9.773930e-02
9.776876e-02
9.779897e-02
9.782880e-02
9.785862e-02
9.788845e-02
9.792002e-02
9.794986e-02
9.797977e-02
9.800960e-02
9.804097e-02
9.807449e-02
9.810527e-02
9.813793e-02
9.817252e-02
9.820289e-02
9.823184e-02
9.826369e-02
9.829873e-02
9.832988e-02
9.836265e-02
9.839671e-02
9.843171e-02
9.846418e-02
9.849830e-02
9.853352e-02
9.856777e-02
9.860298e-02
9.863382e-02
9.866646e-02
9.870075e-02
9.872923e-02
9.875879e-02
9.878962e-02
9.882201e-02
9.885146e-02
9.888274e-02
9.891314e-02
9.894551e-02
9.897647e-02
9.900858e-02
9.903953e-02
9.907156e-02
9.910240e-02
9.913429e-02
9.916482e-02
9.919621e-02
9.922641e-02
9.925695e-02
9.928687e-02
9.931705e-02
9.934670e-02
9.937658e-02
9.940601e-02
9.943563e-02
9.946488e-02
9.949432e-02
9.952400e-02
9.955592e-02
9.958559e-02
9.961740e-02
9.965208e-02
9.968780e-02
9.972159e-02
9.975620e-02
9.978923e-02
9.982289e-02
9.985522e-02
9.988910e-02
9.992076e-02
9.995389e-02
9.998517e-02
1.000177e-01
1.000487e-01
1.000808e-01
1.001115e-01
1.001431e-01
1.001735e-01
1.002048e-01
1.002349e-01
1.002659e-01
1.002977e-01
1.003304e-01
1.003602e-01
1.003907e-01
1.004204e-01
1.004508e-01
1.004804e-01
1.005103e-01
1.005398e-01
1.005696e-01
1.005990e-01
1.006286e-01
1.006580e-01
1.006875e-01
1.007168e-01
1.007465e-01
1.007763e-01
1.008072e-01
1.008369e-01
1.008686e-01
1.008984e-01
1.009298e-01
1.009595e-01
1.009907e-01
1.010204e-01
1.010514e-01
1.010812e-01
1.011120e-01
1.011437e-01
1.011771e-01
1.012086e-01
1.012419e-01
1.012734e-01
1.013065e-01
1.013379e-01
1.013710e-01
1.014024e-01
1.014354e-01
1.014668e-01
1.014998e-01
1.015312e-01
1.015642e-01
1.015957e-01
1.016288e-01
1.016603e-01
1.016936e-01
1.017252e-01
1.017587e-01
1.017904e-01
1.018230e-01
1.018551e-01
1.018879e-01
1.019200e-01
1.019529e-01
1.019851e-01
1.020181e-01
1.020504e-01
1.020835e-01
1.021158e-01
1.021491e-01
1.021815e-01
1.022148e-01
1.022472e-01
1.022805e-01
1.023130e-01
1.023462e-01
1.023787e-01
1.024119e-01
1.024444e-01
1.024776e-01
1.025100e-01
1.025432e-01
1.025756e-01
1.026088e-01
1.026412e-01
1.026743e-01
1.027067e-01
1.027398e-01
1.027722e-01
1.028053e-01
1.028376e-01
1.028708e-01
1.029057e-01
1.029422e-01
1.029803e-01
1.030198e-01
1.030598e-01
1.030998e-01
1.031398e-01
1.031798e-01
1.032198e-01
1.032598e-01
1.032999e-01
1.033399e-01
1.033799e-01
1.034200e-01
1.034600e-01
1.035000e-01
1.035401e-01
1.035801e-01
1.036202e-01
1.036603e-01
1.036901e-01
1.037230e-01
1.037528e-01
1.037857e-01
1.038155e-01
1.038456e-01
1.038755e-01
1.039056e-01
1.039354e-01
1.039655e-01
1.039954e-01
1.040255e-01
1.040553e-01
1.040854e-01
1.041153e-01
1.041481e-01
1.041779e-01
1.042108e-01
1.042406e-01
1.042734e-01
1.043095e-01
1.043493e-01
1.043894e-01
1.044296e-01
1.044698e-01
1.045099e-01
1.045501e-01
1.045903e-01
1.046304e-01
1.046706e-01
1.047108e-01
1.047509e-01
1.047911e-01
1.048313e-01
1.048715e-01
1.049117e-01
1.049519e-01
1.049921e-01
1.050323e-01
1.050725e-01
1.051127e-01
1.051529e-01
1.051931e-01
1.052333e-01
1.052736e-01
1.053138e-01
1.053541e-01
1.053943e-01
1.054346e-01
1.054748e-01
1.055151e-01
1.055554e-01
1.055957e-01
1.056360e-01
1.056763e-01
1.057080e-01
1.057414e-01
1.057764e-01
1.058074e-01
1.058400e-01
1.058713e-01
1.059041e-01
1.059355e-01
1.059683e-01
1.059998e-01
1.060326e-01
1.060640e-01
1.060968e-01
1.061282e-01
1.061610e-01
1.061924e-01
1.062251e-01
1.062564e-01
1.062891e-01
1.063204e-01
1.063530e-01
1.063843e-01
1.064169e-01
1.064482e-01
1.064808e-01
1.065121e-01
1.065446e-01
1.065760e-01
1.066085e-01
1.066399e-01
1.066725e-01
1.067038e-01
1.067366e-01
1.067710e-01
1.068067e-01
1.068382e-01
1.068714e-01
1.069034e-01
1.069371e-01
1.069693e-01
1.070034e-01
1.070359e-01
1.070705e-01
1.071034e-01
1.071372e-01
1.071706e-01
1.072048e-01
1.072385e-01
1.072729e-01
1.073067e-01
1.073412e-01
1.073751e-01
1.074098e-01
1.074438e-01
1.074785e-01
1.075125e-01
1.075471e-01
1.075810e-01
1.076156e-01
1.076494e-01
1.076840e-01
1.077179e-01
1.077525e-01
1.077864e-01
1.078210e-01
1.078548e-01
1.078894e-01
1.079190e-01
1.079492e-01
1.079789e-01
1.080092e-01
1.080388e-01
1.080688e-01
1.080985e-01
1.081285e-01
1.081582e-01
1.081882e-01
1.082179e-01
1.082482e-01
1.082779e-01
1.083082e-01
1.083379e-01
1.083682e-01
1.083980e-01
1.084283e-01
1.084580e-01
1.084883e-01
1.085181e-01
1.085484e-01
1.085782e-01
1.086085e-01
1.086383e-01
1.086687e-01
1.086984e-01
1.087288e-01
1.087586e-01
1.087890e-01
1.088188e-01
1.088492e-01
1.088790e-01
1.089094e-01
1.089393e-01
1.089697e-01
1.089996e-01
1.090300e-01
1.090599e-01
1.090904e-01
1.091203e-01
1.091508e-01
1.091807e-01
1.092113e-01
1.092412e-01
1.092718e-01
1.093018e-01
1.093324e-01
1.093624e-01
1.093930e-01
1.094230e-01
1.094538e-01
1.094838e-01
1.095145e-01
1.095446e-01
1.095754e-01
1.096056e-01
1.096364e-01
1.096666e-01
1.096975e-01
1.097277e-01
1.097587e-01
1.097890e-01
1.098201e-01
1.098504e-01
1.098816e-01
1.099119e-01
1.099432e-01
1.099734e-01
1.100068e-01
1.100417e-01
1.100781e-01
1.101084e-01
1.101416e-01
1.101718e-01
1.102050e-01
1.102352e-01
1.102684e-01
1.103049e-01
1.103451e-01
1.103859e-01
1.104267e-01
1.104675e-01
1.105083e-01
1.105384e-01
1.105714e-01
1.106012e-01
1.106320e-01
1.106620e-01
1.106926e-01
1.107240e-01
1.107548e-01
1.107865e-01
1.108174e-01
1.108473e-01
1.108783e-01
1.109082e-01
1.109393e-01
1.109692e-01
1.110005e-01
1.110304e-01
1.110618e-01
1.110917e-01
1.111233e-01
1.111530e-01
1.111849e-01
1.112146e-01
1.112468e-01
1.112765e-01
1.113085e-01
1.113383e-01
1.113695e-01
1.113993e-01
1.114316e-01
1.114670e-01
1.115061e-01
1.115468e-01
1.115878e-01
1.116289e-01
1.116700e-01
1.117003e-01
1.117311e-01
1.117626e-01
1.117932e-01
1.118244e-01
1.118550e-01
1.118862e-01
1.119168e-01
1.119480e-01
1.119786e-01
1.120098e-01
1.120404e-01
1.120706e-01
1.121026e-01
1.121329e-01
1.121638e-01
1.121941e-01
1.122251e-01
1.122554e-01
1.122864e-01
1.123167e-01
1.123477e-01
1.123773e-01
1.124079e-01
1.124383e-01
1.124688e-01
1.124982e-01
1.125288e-01
1.125582e-01
1.125892e-01
1.126187e-01
1.126496e-01
1.126791e-01
1.127098e-01
1.127393e-01
1.127697e-01
1.127992e-01
1.128299e-01
1.128594e-01
1.128894e-01
1.129189e-01
1.129489e-01
1.129784e-01
1.130084e-01
1.130379e-01
1.130680e-01
1.130977e-01
1.131278e-01
1.131574e-01
1.131875e-01
1.132172e-01
1.132473e-01
1.132769e-01
1.133071e-01
1.133367e-01
1.133668e-01
1.133965e-01
1.134274e-01
1.134575e-01
1.134885e-01
1.135186e-01
1.135496e-01
1.135797e-01
1.136107e-01
1.136408e-01
1.136718e-01
1.137019e-01
1.137330e-01
1.137631e-01
1.137942e-01
1.138243e-01
1.138554e-01
1.138856e-01
1.139168e-01
1.139470e-01
1.139782e-01
1.140084e-01
1.140397e-01
1.140700e-01
1.141013e-01
1.141320e-01
1.141643e-01
1.141949e-01
1.142261e-01
1.142568e-01
1.142883e-01
1.143190e-01
1.143506e-01
1.143813e-01
1.144129e-01
1.144436e-01
1.144773e-01
1.145080e-01
1.145411e-01
1.145771e-01
1.146160e-01
1.146467e-01
1.146805e-01
1.147112e-01
1.147449e-01
1.147757e-01
1.148089e-01
1.148397e-01
1.148722e-01
1.149029e-01
1.149348e-01
1.149656e-01
1.149975e-01
1.150310e-01
1.150664e-01
1.151041e-01
1.151443e-01
1.151861e-01
1.152279e-01
1.152698e-01
1.153116e-01
1.153535e-01
1.153953e-01
1.154372e-01
1.154790e-01
1.155209e-01
1.155628e-01
1.155921e-01
1.156225e-01
1.156534e-01
1.156836e-01
1.157145e-01
1.157448e-01
1.157746e-01
1.158053e-01
1.158352e-01
1.158659e-01
1.158957e-01
1.159264e-01
1.159563e-01
1.159870e-01
1.160168e-01
1.160475e-01
1.160773e-01
1.161080e-01
1.161379e-01
1.161685e-01
1.161984e-01
1.162290e-01
1.162588e-01
1.162894e-01
1.163193e-01
1.163499e-01
1.163797e-01
1.164103e-01
1.164401e-01
1.164707e-01
1.165005e-01
1.165311e-01
1.165609e-01
1.165915e-01
1.166213e-01
1.166519e-01
1.166817e-01
1.167123e-01
1.167421e-01
1.167727e-01
1.168026e-01
1.168332e-01
1.168630e-01
1.168936e-01
1.169235e-01
1.169541e-01
1.169840e-01
1.170147e-01
1.170445e-01
1.170752e-01
1.171051e-01
1.171358e-01
1.171657e-01
1.171965e-01
1.172264e-01
1.172572e-01
1.172871e-01
1.173179e-01
1.173479e-01
1.173787e-01
1.174087e-01
1.174396e-01
1.174696e-01
1.175005e-01
1.175305e-01
1.175615e-01
1.175915e-01
1.176225e-01
1.176526e-01
1.176836e-01
1.177137e-01
1.177448e-01
1.177749e-01
1.178060e-01
1.178362e-01
1.178673e-01
1.178968e-01
1.179279e-01
1.179582e-01
1.179894e-01
1.180188e-01
1.180501e-01
1.180795e-01
1.181108e-01
1.181403e-01
1.181717e-01
1.182011e-01
1.182325e-01
1.182620e-01
1.182934e-01
1.183229e-01
1.183540e-01
1.183835e-01
1.184143e-01
1.184438e-01
1.184745e-01
1.185040e-01
1.185343e-01
1.185652e-01
1.185973e-01
1.186283e-01
1.186606e-01
1.186917e-01
1.187242e-01
1.187554e-01
1.187882e-01
1.188195e-01
1.188525e-01
1.188871e-01
1.189232e-01
1.189527e-01
1.189851e-01
1.190145e-01
1.190466e-01
1.190808e-01
1.191173e-01
1.191475e-01
1.191790e-01
1.192120e-01
1.192431e-01
1.192755e-01
1.193092e-01
1.193395e-01
1.193707e-01
1.194031e-01
1.194340e-01
1.194659e-01
1.194990e-01
1.195284e-01
1.195584e-01
1.195878e-01
1.196178e-01
1.196472e-01
1.196786e-01
1.197080e-01
1.197388e-01
1.197683e-01
1.197996e-01
1.198290e-01
1.198604e-01
1.198898e-01
1.199222e-01
1.199516e-01
1.199836e-01
1.200130e-01
1.200447e-01
1.200741e-01
1.201055e-01
1.201350e-01
1.201649e-01
1.201944e-01
1.202241e-01
1.202535e-01
1.202832e-01
1.203127e-01
1.203425e-01
1.203719e-01
1.204017e-01
1.204312e-01
1.204612e-01
1.204918e-01
1.205218e-01
1.205525e-01
1.205827e-01
1.206135e-01
1.206436e-01
1.206745e-01
1.207047e-01
1.207357e-01
1.207658e-01
1.207968e-01
1.208272e-01
1.208583e-01
1.208884e-01
1.209194e-01
1.209498e-01
1.209800e-01
1.210101e-01
1.210409e-01
1.210716e-01
1.211018e-01
1.211318e-01
1.211626e-01
1.211935e-01
1.212237e-01
1.212537e-01
1.212845e-01
1.213153e-01
1.213470e-01
1.213770e-01
1.214066e-01
1.214366e-01
1.214662e-01
1.214962e-01
1.215257e-01
1.215558e-01
1.215853e-01
1.216156e-01
1.216451e-01
1.216766e-01
1.217061e-01
1.217376e-01
1.217671e-01
1.217984e-01
1.218279e-01
1.218604e-01
1.218906e-01
1.219217e-01
1.219540e-01
1.219874e-01
1.220176e-01
1.220487e-01
1.220801e-01
1.221122e-01
1.221424e-01
1.221735e-01
1.222049e-01
1.222356e-01
1.222669e-01
1.222989e-01
1.223303e-01
1.223624e-01
1.223938e-01
1.224258e-01
1.224572e-01
1.224893e-01
1.225207e-01
1.225527e-01
1.225841e-01
1.226161e-01
1.226475e-01
1.226795e-01
1.227110e-01
1.227441e-01
1.227791e-01
1.228154e-01
1.228534e-01
1.228929e-01
1.229243e-01
1.229564e-01
1.229878e-01
1.230200e-01
1.230514e-01
1.230835e-01
1.231149e-01
1.231471e-01
1.231801e-01
1.232142e-01
1.232437e-01
1.232737e-01
1.233032e-01
1.233332e-01
1.233627e-01
1.233927e-01
1.234222e-01
1.234522e-01
1.234817e-01
1.235117e-01
1.235412e-01
1.235712e-01
1.236007e-01
1.236308e-01
1.236602e-01
1.236903e-01
1.237198e-01
1.237498e-01
1.237793e-01
1.238093e-01
1.238387e-01
1.238688e-01
1.238982e-01
1.239282e-01
1.239577e-01
1.239877e-01
1.240172e-01
1.240472e-01
1.240767e-01
1.241067e-01
1.241361e-01
1.241661e-01
1.241956e-01
1.242256e-01
1.242561e-01
1.242873e-01
1.243193e-01
1.243520e-01
1.243857e-01
1.244204e-01
1.244561e-01
1.244930e-01
1.245242e-01
1.245569e-01
1.245864e-01
1.246164e-01
1.246471e-01
1.246769e-01
1.247065e-01
1.247365e-01
1.247661e-01
1.247962e-01
1.248258e-01
1.248559e-01
1.248854e-01
1.249155e-01
1.249451e-01
1.249752e-01
1.250048e-01
1.250349e-01
1.250645e-01
1.250946e-01
1.251241e-01
1.251543e-01
1.251838e-01
1.252139e-01
1.252435e-01
1.252736e-01
1.253032e-01
1.253333e-01
1.253629e-01
1.253930e-01
1.254225e-01
1.254526e-01
1.254822e-01
1.255123e-01
1.255419e-01
1.255720e-01
1.256015e-01
1.256317e-01
1.256612e-01
1.256913e-01
1.257209e-01
1.257510e-01
1.257806e-01
1.258107e-01
1.258403e-01
1.258704e-01
1.258999e-01
1.259300e-01
1.259596e-01
1.259897e-01
1.260193e-01
1.260494e-01
1.260790e-01
1.261091e-01
1.261386e-01
1.261688e-01
1.261983e-01
1.262284e-01
1.262580e-01
1.262881e-01
1.263177e-01
1.263478e-01
1.263774e-01
1.264075e-01
1.264370e-01
1.264672e-01
1.264967e-01
1.265268e-01
1.265564e-01
1.265865e-01
1.266161e-01
1.266462e-01
1.266758e-01
1.267059e-01
1.267354e-01
1.267655e-01
1.267951e-01
1.268252e-01
1.268548e-01
1.268849e-01
1.269145e-01
1.269445e-01
1.269741e-01
1.270042e-01
1.270338e-01
1.270639e-01
1.270934e-01
1.271235e-01
1.271531e-01
1.271832e-01
1.272141e-01
1.272440e-01
1.272747e-01
1.273047e-01
1.273353e-01
1.273654e-01
1.273961e-01
1.274261e-01
1.274569e-01
1.274870e-01
1.275173e-01
1.275474e-01
1.275782e-01
1.276083e-01
1.276391e-01
1.276693e-01
1.276997e-01
1.277298e-01
1.277602e-01
1.277904e-01
1.278208e-01
1.278510e-01
1.278814e-01
1.279116e-01
1.279420e-01
1.279723e-01
1.280026e-01
1.280330e-01
1.280633e-01
1.280937e-01
1.281241e-01
1.281545e-01
1.281848e-01
1.282154e-01
1.282434e-01
1.282721e-01
1.283015e-01
1.283317e-01
1.283601e-01
1.283885e-01
1.284177e-01
1.284476e-01
1.284758e-01
1.285047e-01
1.285344e-01
1.285631e-01
1.285926e-01
1.286229e-01
1.286508e-01
1.286792e-01
1.287082e-01
1.287373e-01
1.287651e-01
1.287935e-01
1.288214e-01
1.288499e-01
1.288778e-01
1.289063e-01
1.289353e-01
1.289633e-01
1.289920e-01
1.290203e-01
1.290480e-01
1.290763e-01
1.291051e-01
1.291331e-01
1.291614e-01
1.291894e-01
1.292172e-01
1.292456e-01
1.292735e-01
1.293014e-01
1.293295e-01
1.293583e-01
1.293861e-01
1.294135e-01
1.294414e-01
1.294701e-01
1.294973e-01
1.295251e-01
1.295523e-01
1.295802e-01
1.296076e-01
1.296356e-01
1.296631e-01
1.296903e-01
1.297171e-01
1.297444e-01
1.297712e-01
1.297984e-01
1.298253e-01
1.298526e-01
1.298795e-01
1.299068e-01
1.299337e-01
1.299613e-01
1.299883e-01
1.300160e-01
1.300431e-01
1.300709e-01
1.300981e-01
1.301261e-01
1.301535e-01
1.301818e-01
1.302095e-01
1.302366e-01
1.302633e-01
1.302914e-01
1.303181e-01
1.303452e-01
1.303721e-01
1.303991e-01
1.304259e-01
1.304530e-01
1.304803e-01
1.305085e-01
1.305361e-01
1.305647e-01
1.305917e-01
1.306191e-01
1.306463e-01
1.306738e-01
1.307012e-01
1.307290e-01
1.307566e-01
1.307847e-01
1.308127e-01
1.308411e-01
1.308693e-01
1.308979e-01
1.309264e-01
1.309552e-01
1.309837e-01
1.310130e-01
1.310415e-01
1.310709e-01
1.311003e-01
1.311294e-01
1.311588e-01
1.311891e-01
1.312181e-01
1.312481e-01
1.312774e-01
1.313077e-01
1.313371e-01
1.313671e-01
1.313965e-01
1.314265e-01
1.314559e-01
1.314858e-01
1.315153e-01
1.315452e-01
1.315746e-01
1.316045e-01
1.316339e-01
1.316639e-01
1.316933e-01
1.317232e-01
1.317526e-01
1.317825e-01
1.318119e-01
1.318419e-01
1.318713e-01
1.319012e-01
1.319306e-01
1.319605e-01
1.319899e-01
1.320198e-01
1.320492e-01
1.320791e-01
1.321085e-01
1.321384e-01
1.321678e-01
1.321977e-01
1.322271e-01
1.322570e-01
1.322864e-01
1.323163e-01
1.323471e-01
1.323788e-01
1.324117e-01
1.324458e-01
1.324813e-01
1.325182e-01
1.325565e-01
1.325960e-01
1.326367e-01
1.326781e-01
1.327198e-01
1.327614e-01
1.328030e-01
1.328446e-01
1.328862e-01
1.329278e-01
1.329694e-01
1.330111e-01
1.330527e-01
1.330943e-01
1.331358e-01
1.331774e-01
1.332190e-01
1.332606e-01
1.333022e-01
1.333438e-01
1.333854e-01
1.334269e-01
1.334685e-01
1.335101e-01
1.335516e-01
1.335932e-01
1.336348e-01
1.336763e-01
1.337179e-01
1.337595e-01
1.338010e-01
1.338426e-01
1.338841e-01
1.339257e-01
1.339672e-01
1.340088e-01
1.340503e-01
1.340918e-01
1.341334e-01
1.341749e-01
1.342165e-01
1.342580e-01
1.342995e-01
1.343411e-01
1.343826e-01
1.344242e-01
1.344657e-01
1.345072e-01
1.345488e-01
1.345903e-01
1.346318e-01
1.346734e-01
1.347149e-01
1.347564e-01
1.347980e-01
1.348395e-01
1.348810e-01
1.349226e-01
1.349641e-01
1.350056e-01
1.350472e-01
1.350887e-01
1.351302e-01
1.351718e-01
1.352133e-01
1.352549e-01
1.352964e-01
1.353379e-01
1.353795e-01
1.354210e-01
1.354626e-01
1.355041e-01
1.355456e-01
1.355872e-01
1.356287e-01
1.356703e-01
1.357118e-01
1.357534e-01
1.357949e-01
1.358365e-01
1.358780e-01
1.359196e-01
1.359612e-01
1.360027e-01
1.360443e-01
1.360858e-01
1.361274e-01
1.361689e-01
1.362105e-01
1.362521e-01
1.362936e-01
1.363352e-01
1.363767e-01
1.364183e-01
1.364599e-01
1.365014e-01
1.365430e-01
1.365846e-01
1.366261e-01
1.366677e-01
1.367093e-01
1.367508e-01
1.367924e-01
1.368340e-01
1.368755e-01
1.369171e-01
1.369587e-01
1.370003e-01
1.370418e-01
1.370834e-01
1.371250e-01
1.371666e-01
1.372081e-01
1.372497e-01
1.372913e-01
1.373329e-01
1.373745e-01
1.374161e-01
1.374576e-01
1.374992e-01
1.375408e-01
1.375824e-01
1.376240e-01
1.376655e-01
1.377071e-01
1.377487e-01
1.377903e-01
1.378319e-01
1.378734e-01
1.379150e-01
1.379566e-01
1.379982e-01
1.380398e-01
1.380813e-01
1.381229e-01
1.381645e-01
1.382060e-01
1.382476e-01
1.382892e-01
1.383307e-01
1.383723e-01
1.384138e-01
1.384554e-01
1.384969e-01
1.385385e-01
1.385800e-01
1.386216e-01
1.386631e-01
1.387046e-01
1.387462e-01
1.387877e-01
1.388292e-01
1.388707e-01
1.389122e-01
1.389538e-01
1.389953e-01
1.390368e-01
1.390783e-01
1.391200e-01
1.391616e-01
1.392033e-01
1.392450e-01
1.392866e-01
1.393283e-01
1.393699e-01
1.394115e-01
1.394531e-01
1.394948e-01
1.395364e-01
1.395779e-01
1.396195e-01
1.396611e-01
1.397027e-01
1.397442e-01
1.397857e-01
1.398273e-01
1.398688e-01
1.399103e-01
1.399518e-01
1.399933e-01
1.400348e-01
1.400762e-01
1.401054e-01
1.401351e-01
1.401653e-01
1.401948e-01
1.402248e-01
1.402542e-01
1.402834e-01
1.403131e-01
1.403423e-01
1.403720e-01
1.404012e-01
1.404308e-01
1.404600e-01
1.404897e-01
1.405189e-01
1.405485e-01
1.405777e-01
1.406073e-01
1.406365e-01
1.406662e-01
1.406953e-01
1.407250e-01
1.407541e-01
1.407837e-01
1.408129e-01
1.408425e-01
1.408716e-01
1.409013e-01
1.409304e-01
1.409600e-01
1.409902e-01
1.410196e-01
1.410489e-01
1.410787e-01
1.411079e-01
1.411377e-01
1.411669e-01
1.411967e-01
1.412259e-01
1.412557e-01
1.412849e-01
1.413147e-01
1.413439e-01
1.413736e-01
1.414029e-01
1.414326e-01
1.414618e-01
1.414915e-01
1.415207e-01
1.415504e-01
1.415796e-01
1.416093e-01
1.416385e-01
1.416682e-01
1.416974e-01
1.417271e-01
1.417563e-01
1.417859e-01
1.418151e-01
1.418448e-01
1.418739e-01
1.419036e-01
1.419327e-01
1.419624e-01
1.419915e-01
1.420211e-01
1.420503e-01
1.420799e-01
1.421090e-01
1.421386e-01
1.421678e-01
1.421971e-01
1.422262e-01
1.422556e-01
1.422847e-01
1.423140e-01
1.423431e-01
1.423725e-01
1.424016e-01
1.424309e-01
1.424600e-01
1.424893e-01
1.425184e-01
1.425477e-01
1.425768e-01
1.426064e-01
1.426355e-01
1.426652e-01
1.426955e-01
1.427249e-01
1.427541e-01
1.427839e-01
1.428131e-01
1.428428e-01
1.428720e-01
1.429017e-01
1.429309e-01
1.429606e-01
1.429898e-01
1.430195e-01
1.430486e-01
1.430783e-01
1.431075e-01
1.431371e-01
1.431663e-01
1.431960e-01
1.432251e-01
1.432548e-01
1.432839e-01
1.433135e-01
1.433427e-01
1.433723e-01
1.434014e-01
1.434310e-01
1.434602e-01
1.434898e-01
1.435189e-01
1.435485e-01
1.435776e-01
1.436072e-01
1.436363e-01
1.436656e-01
1.436947e-01
1.437240e-01
1.437531e-01
1.437824e-01
1.438115e-01
1.438408e-01
1.438699e-01
1.438992e-01
1.439283e-01
1.439576e-01
1.439867e-01
1.440160e-01
1.440458e-01
1.440753e-01
1.441045e-01
1.441342e-01
1.441634e-01
1.441932e-01
1.442224e-01
1.442521e-01
1.442813e-01
1.443110e-01
1.443402e-01
1.443699e-01
1.443991e-01
1.444288e-01
1.444579e-01
1.444876e-01
1.445168e-01
1.445465e-01
1.445756e-01
1.446053e-01
1.446345e-01
1.446641e-01
1.446933e-01
1.447229e-01
1.447521e-01
1.447817e-01
1.448108e-01
1.448402e-01
1.448693e-01
1.448987e-01
1.449278e-01
1.449572e-01
1.449863e-01
1.450156e-01
1.450448e-01
1.450741e-01
1.451032e-01
1.451325e-01
1.451616e-01
1.451910e-01
1.452200e-01
1.452494e-01
1.452784e-01
1.453078e-01
1.453368e-01
1.453661e-01
1.453952e-01
1.454245e-01
1.454536e-01
1.454829e-01
1.455119e-01
1.455412e-01
1.455703e-01
1.455996e-01
1.456318e-01
1.456672e-01
1.457062e-01
1.457470e-01
1.457878e-01
1.458286e-01
1.458693e-01
1.459100e-01
1.459508e-01
1.459915e-01
1.460322e-01
1.460729e-01
1.461136e-01
1.461542e-01
1.461948e-01
1.462353e-01
1.462758e-01
1.463162e-01
1.463566e-01
1.463970e-01
1.464373e-01
1.464775e-01
1.465178e-01
1.465580e-01
1.465981e-01
1.466383e-01
1.466784e-01
1.467185e-01
1.467480e-01
1.467804e-01
1.468099e-01
1.468424e-01
1.468719e-01
1.469044e-01
1.469338e-01
1.469650e-01
1.469994e-01
1.470371e-01
1.470661e-01
1.470955e-01
1.471244e-01
1.471535e-01
1.471825e-01
1.472116e-01
1.472406e-01
1.472697e-01
1.472986e-01
1.473278e-01
1.473567e-01
1.473858e-01
1.474147e-01
1.474439e-01
1.474728e-01
1.475019e-01
1.475308e-01
1.475599e-01
1.475888e-01
1.476179e-01
1.476468e-01
1.476759e-01
1.477048e-01
1.477365e-01
1.477657e-01
1.477962e-01
1.478254e-01
1.478551e-01
1.478843e-01
1.479139e-01
1.479430e-01
1.479726e-01
1.480014e-01
1.480307e-01
1.480596e-01
1.480889e-01
1.481177e-01
1.481467e-01
1.481756e-01
1.482046e-01
1.482334e-01
1.482625e-01
1.482913e-01
1.483203e-01
1.483491e-01
1.483781e-01
1.484069e-01
1.484360e-01
1.484647e-01
1.484938e-01
1.485225e-01
1.485515e-01
1.485803e-01
1.486095e-01
1.486383e-01
1.486675e-01
1.486963e-01
1.487279e-01
1.487567e-01
1.487859e-01
1.488147e-01
1.488439e-01
1.488726e-01
1.489016e-01
1.489304e-01
1.489594e-01
1.489881e-01
1.490171e-01
1.490458e-01
1.490748e-01
1.491035e-01
1.491324e-01
1.491612e-01
1.491901e-01
1.492188e-01
1.492478e-01
1.492765e-01
1.493054e-01
1.493341e-01
1.493632e-01
1.493919e-01
1.494211e-01
1.494498e-01
1.494789e-01
1.495076e-01
1.495368e-01
1.495655e-01
1.495946e-01
1.496233e-01
1.496523e-01
1.496810e-01
1.497099e-01
1.497386e-01
1.497675e-01
1.497962e-01
1.498251e-01
1.498538e-01
1.498827e-01
1.499114e-01
1.499403e-01
1.499689e-01
1.499978e-01
1.500265e-01
1.500553e-01
1.500840e-01
1.501128e-01
1.501415e-01
1.501703e-01
1.501990e-01
1.502278e-01
1.502565e-01
1.502853e-01
1.503139e-01
1.503428e-01
1.503714e-01
1.504002e-01
1.504293e-01
1.504588e-01
1.504875e-01
1.505166e-01
1.505452e-01
1.505743e-01
1.506029e-01
1.506318e-01
1.506604e-01
1.506893e-01
1.507179e-01
1.507468e-01
1.507754e-01
1.508042e-01
1.508328e-01
1.508616e-01
1.508902e-01
1.509191e-01
1.509476e-01
1.509765e-01
1.510050e-01
1.510338e-01
1.510624e-01
1.510912e-01
1.511197e-01
1.511485e-01
1.511771e-01
1.512058e-01
1.512344e-01
1.512631e-01
1.512916e-01
1.513204e-01
1.513489e-01
1.513803e-01
1.514148e-01
1.514527e-01
1.514927e-01
1.515326e-01
1.515611e-01
1.515925e-01
1.516210e-01
1.516519e-01
1.516804e-01
1.517109e-01
1.517394e-01
1.517698e-01
1.517982e-01
1.518284e-01
1.518569e-01
1.518870e-01
1.519154e-01
1.519454e-01
1.519738e-01
1.520025e-01
1.520309e-01
1.520596e-01
1.520880e-01
1.521166e-01
1.521451e-01
1.521737e-01
1.522021e-01
1.522307e-01
1.522591e-01
1.522903e-01
1.523247e-01
1.523625e-01
1.524020e-01
1.524415e-01
1.524810e-01
1.525205e-01
1.525599e-01
1.525994e-01
1.526388e-01
1.526782e-01
1.527176e-01
1.527570e-01
1.527853e-01
1.528141e-01
1.528424e-01
1.528709e-01
1.528992e-01
1.529277e-01
1.529560e-01
1.529845e-01
1.530128e-01
1.530413e-01
1.530696e-01
1.530981e-01
1.531263e-01
1.531548e-01
1.531830e-01
1.532115e-01
1.532397e-01
1.532682e-01
1.532995e-01
1.533339e-01
1.533717e-01
1.534108e-01
1.534390e-01
1.534677e-01
1.534959e-01
1.535244e-01
1.535526e-01
1.535810e-01
1.536093e-01
1.536377e-01
1.536659e-01
1.536943e-01
1.537225e-01
1.537509e-01
1.537791e-01
1.538075e-01
1.538356e-01
1.538640e-01
1.538922e-01
1.539205e-01
1.539486e-01
1.539770e-01
1.540051e-01
1.540361e-01
1.540701e-01
1.541075e-01
1.541464e-01
1.541853e-01
1.542242e-01
1.542631e-01
1.543021e-01
1.543410e-01
1.543691e-01
1.543976e-01
1.544257e-01
1.544541e-01
1.544822e-01
1.545105e-01
1.545386e-01
1.545669e-01
1.545949e-01
1.546232e-01
1.546513e-01
1.546796e-01
1.547076e-01
1.547359e-01
1.547640e-01
1.547922e-01
1.548202e-01
1.548511e-01
1.548850e-01
1.549223e-01
1.549611e-01
1.549998e-01
1.550279e-01
1.550564e-01
1.550845e-01
1.551127e-01
1.551408e-01
1.551691e-01
1.551972e-01
1.552254e-01
1.552535e-01
1.552817e-01
1.553098e-01
1.553380e-01
1.553660e-01
1.553943e-01
1.554223e-01
1.554505e-01
1.554785e-01
1.555067e-01
1.555378e-01
1.555719e-01
1.556095e-01
1.556482e-01
1.556762e-01
1.557047e-01
1.557328e-01
1.557611e-01
1.557891e-01
1.558174e-01
1.558455e-01
1.558737e-01
1.559018e-01
1.559300e-01
1.559581e-01
1.559863e-01
1.560143e-01
1.560426e-01
1.560706e-01
1.560988e-01
1.561268e-01
1.561550e-01
1.561831e-01
1.562139e-01
1.562478e-01
1.562850e-01
1.563131e-01
1.563416e-01
1.563697e-01
1.563980e-01
1.564261e-01
1.564544e-01
1.564825e-01
1.565108e-01
1.565388e-01
1.565671e-01
1.565952e-01
1.566235e-01
1.566515e-01
1.566798e-01
1.567078e-01
1.567361e-01
1.567641e-01
1.567923e-01
1.568204e-01
1.568512e-01
1.568851e-01
1.569224e-01
1.569505e-01
1.569791e-01
1.570072e-01
1.570355e-01
1.570636e-01
1.570920e-01
1.571201e-01
1.571485e-01
1.571766e-01
1.572049e-01
1.572330e-01
1.572613e-01
1.572894e-01
1.573177e-01
1.573457e-01
1.573740e-01
1.574021e-01
1.574304e-01
1.574584e-01
1.574867e-01
1.575178e-01
1.575520e-01
1.575896e-01
1.576289e-01
1.576570e-01
1.576856e-01
1.577138e-01
1.577421e-01
1.577703e-01
1.577986e-01
1.578268e-01
1.578551e-01
1.578833e-01
1.579116e-01
1.579397e-01
1.579681e-01
1.579962e-01
1.580245e-01
1.580526e-01
1.580809e-01
1.581090e-01
1.581373e-01
1.581654e-01
1.581963e-01
1.582244e-01
1.582531e-01
1.582813e-01
1.583100e-01
1.583382e-01
1.583666e-01
1.583949e-01
1.584233e-01
1.584515e-01
1.584799e-01
1.585081e-01
1.585365e-01
1.585646e-01
1.585930e-01
1.586212e-01
1.586495e-01
1.586777e-01
1.587060e-01
1.587342e-01
1.587626e-01
1.587909e-01
1.588198e-01
1.588481e-01
1.588769e-01
1.589053e-01
1.589339e-01
1.589622e-01
1.589907e-01
1.590190e-01
1.590476e-01
1.590759e-01
1.591044e-01
1.591327e-01
1.591612e-01
1.591894e-01
1.592179e-01
1.592461e-01
1.592746e-01
1.593028e-01
1.593312e-01
1.593595e-01
1.593885e-01
1.594182e-01
1.594470e-01
1.594755e-01
1.595045e-01
1.595330e-01
1.595621e-01
1.595906e-01
1.596196e-01
1.596481e-01
1.596771e-01
1.597055e-01
1.597345e-01
1.597629e-01
1.597918e-01
1.598202e-01
1.598491e-01
1.598775e-01
1.599064e-01
1.599348e-01
1.599636e-01
1.599921e-01
1.600213e-01
1.600497e-01
1.600786e-01
1.601073e-01
1.601366e-01
1.601653e-01
1.601946e-01
1.602232e-01
1.602525e-01
1.602812e-01
1.603104e-01
1.603391e-01
1.603683e-01
1.603970e-01
1.604266e-01
1.604553e-01
1.604848e-01
1.605151e-01
1.605448e-01
1.605740e-01
1.606043e-01
1.606337e-01
1.606642e-01
1.606963e-01
1.607303e-01
1.607666e-01
1.608052e-01
1.608448e-01
1.608852e-01
1.609259e-01
1.609667e-01
1.610077e-01
1.610486e-01
1.610896e-01
1.611307e-01
1.611718e-01
1.612129e-01
1.612540e-01
1.612952e-01
1.613364e-01
1.613776e-01
1.614188e-01
1.614601e-01
1.615013e-01
1.615426e-01
1.615839e-01
1.616252e-01
1.616665e-01
1.617078e-01
1.617492e-01
1.617906e-01
1.618320e-01
1.618734e-01
1.619148e-01
1.619562e-01
1.619976e-01
1.620391e-01
1.620806e-01
1.621221e-01
1.621637e-01
1.622052e-01
1.622467e-01
1.622882e-01
1.623297e-01
1.623712e-01
1.624126e-01
1.624541e-01
1.624956e-01
1.625372e-01
1.625788e-01
1.626205e-01
1.626622e-01
1.627039e-01
1.627455e-01
1.627871e-01
1.628288e-01
1.628704e-01
1.629122e-01
1.629540e-01
1.629958e-01
1.630377e-01
1.630796e-01
1.631215e-01
1.631633e-01
1.632052e-01
1.632472e-01
1.632892e-01
1.633311e-01
1.633730e-01
1.634149e-01
1.634569e-01
1.634988e-01
1.635407e-01
1.635826e-01
1.636246e-01
1.636666e-01
1.637087e-01
1.637509e-01
1.637930e-01
1.638351e-01
1.638772e-01
1.639193e-01
1.639614e-01
1.640035e-01
1.640456e-01
1.640878e-01
1.641301e-01
1.641595e-01
1.641897e-01
1.642208e-01
1.642505e-01
1.642800e-01
1.643099e-01
1.643393e-01
1.643692e-01
1.643985e-01
1.644283e-01
1.644575e-01
1.644870e-01
1.645161e-01
1.645455e-01
1.645747e-01
1.646040e-01
1.646331e-01
1.646624e-01
1.646914e-01
1.647207e-01
1.647500e-01
1.647792e-01
1.648089e-01
1.648387e-01
1.648681e-01
1.648981e-01
1.649275e-01
1.649575e-01
1.649868e-01
1.650167e-01
1.650460e-01
1.650758e-01
1.651050e-01
1.651347e-01
1.651639e-01
1.651933e-01
1.652225e-01
1.652519e-01
1.652810e-01
1.653103e-01
1.653394e-01
1.653686e-01
1.653977e-01
1.654269e-01
1.654559e-01
1.654851e-01
1.655141e-01
1.655433e-01
1.655722e-01
1.656014e-01
1.656303e-01
1.656594e-01
1.656885e-01
1.657177e-01
1.657468e-01
1.657765e-01
1.658057e-01
1.658354e-01
1.658646e-01
1.658940e-01
1.659231e-01
1.659525e-01
1.659815e-01
1.660109e-01
1.660400e-01
1.660693e-01
1.660983e-01
1.661276e-01
1.661566e-01
1.661858e-01
1.662148e-01
1.662440e-01
1.662730e-01
1.663022e-01
1.663311e-01
1.663603e-01
1.663893e-01
1.664184e-01
1.664473e-01
1.664765e-01
1.665054e-01
1.665345e-01
1.665640e-01
1.665964e-01
1.666320e-01
1.666712e-01
1.667002e-01
1.667297e-01
1.667587e-01
1.667883e-01
1.668173e-01
1.668466e-01
1.668756e-01
1.669049e-01
1.669339e-01
1.669632e-01
1.669922e-01
1.670214e-01
1.670505e-01
1.670797e-01
1.671087e-01
1.671379e-01
1.671669e-01
1.671961e-01
1.672251e-01
1.672543e-01
1.672833e-01
1.673125e-01
1.673447e-01
1.673800e-01
1.674189e-01
1.674617e-01
1.674907e-01
1.675203e-01
1.675494e-01
1.675787e-01
1.676078e-01
1.676372e-01
1.676663e-01
1.676956e-01
1.677247e-01
1.677541e-01
1.677832e-01
1.678125e-01
1.678416e-01
1.678709e-01
1.679000e-01
1.679293e-01
1.679584e-01
1.679877e-01
1.680168e-01
1.680462e-01
1.680752e-01
1.681046e-01
1.681337e-01
1.681630e-01
1.681953e-01
1.682307e-01
1.682698e-01
1.683127e-01
1.683556e-01
1.683985e-01
1.684414e-01
1.684843e-01
1.685271e-01
1.685700e-01
1.685992e-01
1.686289e-01
1.686581e-01
1.686875e-01
1.687184e-01
1.687506e-01
1.687847e-01
1.688208e-01
1.688590e-01
1.688990e-01
1.689409e-01
1.689838e-01
1.690267e-01
1.690696e-01
1.691125e-01
1.691553e-01
1.691982e-01
1.692410e-01
1.692838e-01
1.693266e-01
1.693561e-01
1.693861e-01
1.694166e-01
1.694478e-01
1.694798e-01
1.695126e-01
1.695464e-01
1.695812e-01
1.696171e-01
1.696541e-01
1.696923e-01
1.697315e-01
1.697717e-01
1.698125e-01
1.698539e-01
1.698957e-01
1.699286e-01
1.699636e-01
1.700005e-01
1.700350e-01
1.700710e-01
1.701050e-01
1.701403e-01
1.701739e-01
1.702085e-01
1.702418e-01
1.702761e-01
1.703090e-01
1.703430e-01
1.703756e-01
1.704093e-01
1.704417e-01
1.704752e-01
1.705074e-01
1.705406e-01
1.705748e-01
1.706077e-01
1.706396e-01
1.706725e-01
1.707065e-01
1.707399e-01
1.707751e-01
1.708087e-01
1.708412e-01
1.708758e-01
1.709096e-01
1.709433e-01
1.709791e-01
1.710132e-01
1.710485e-01
1.710832e-01
1.711192e-01
1.711543e-01
1.711861e-01
1.712194e-01
1.712545e-01
1.712865e-01
1.713201e-01
1.713531e-01
1.713879e-01
1.714222e-01
1.714583e-01
1.714921e-01
1.715250e-01
1.715596e-01
1.715944e-01
1.716250e-01
1.716586e-01
1.716917e-01
1.717251e-01
1.717551e-01
1.717860e-01
1.718176e-01
1.718500e-01
1.718801e-01
1.719133e-01
1.719460e-01
1.719805e-01
1.720175e-01
1.720523e-01
1.720890e-01
1.721262e-01
1.721604e-01
1.721954e-01
1.722302e-01
1.722654e-01
1.722993e-01
1.723345e-01
1.723645e-01
1.723974e-01
1.724274e-01
1.724588e-01
1.724887e-01
1.725216e-01
1.725515e-01
1.725844e-01
1.726140e-01
1.726441e-01
1.726737e-01
1.727036e-01
1.727332e-01
1.727631e-01
1.727928e-01
1.728227e-01
1.728523e-01
1.728830e-01
1.729149e-01
1.729472e-01
1.729767e-01
1.730088e-01
1.730401e-01
1.730724e-01
1.731035e-01
1.731377e-01
1.731686e-01
1.732026e-01
1.732381e-01
1.732744e-01
1.733039e-01
1.733364e-01
1.733707e-01
1.734071e-01
1.734366e-01
1.734690e-01
1.735025e-01
1.735393e-01
1.735725e-01
1.736090e-01
1.736384e-01
1.736708e-01
1.737036e-01
1.737395e-01
1.737791e-01
1.738226e-01
1.738661e-01
1.739095e-01
1.739390e-01
1.739714e-01
1.740070e-01
1.740462e-01
1.740893e-01
1.741326e-01
1.741758e-01
1.742191e-01
1.742624e-01
1.743058e-01
1.743492e-01
1.743927e-01
1.744362e-01
1.744797e-01
1.745232e-01
1.745667e-01
1.746101e-01
1.746535e-01
1.746968e-01
1.747402e-01
1.747835e-01
1.748269e-01
1.748703e-01
1.749137e-01
1.749571e-01
1.750007e-01
1.750442e-01
1.750878e-01
1.751314e-01
1.751750e-01
1.752185e-01
1.752620e-01
1.753055e-01
1.753490e-01
1.753924e-01
1.754358e-01
1.754793e-01
1.755228e-01
1.755662e-01
1.756098e-01
1.756534e-01
1.756970e-01
1.757407e-01
1.757844e-01
1.758281e-01
1.758718e-01
1.759154e-01
1.759591e-01
1.760027e-01
1.760463e-01
1.760899e-01
1.761335e-01
1.761772e-01
1.762209e-01
1.762646e-01
1.763084e-01
1.763522e-01
1.763961e-01
1.764399e-01
1.764838e-01
1.765276e-01
1.765714e-01
1.766152e-01
1.766590e-01
1.767027e-01
1.767465e-01
1.767903e-01
1.768341e-01
1.768780e-01
1.769219e-01
1.769658e-01
1.770098e-01
1.770539e-01
1.770979e-01
1.771418e-01
1.771858e-01
1.772297e-01
1.772737e-01
1.773176e-01
1.773615e-01
1.774054e-01
1.774494e-01
1.774933e-01
1.775373e-01
1.775814e-01
1.776255e-01
1.776696e-01
1.777137e-01
1.777578e-01
1.778020e-01
1.778460e-01
1.778901e-01
1.779341e-01
1.779782e-01
1.780222e-01
1.780663e-01
1.781104e-01
1.781545e-01
1.781987e-01
1.782429e-01
1.782871e-01
1.783314e-01
1.783756e-01
1.784199e-01
1.784641e-01
1.785084e-01
1.785525e-01
1.785967e-01
1.786409e-01
1.786851e-01
1.787293e-01
1.787736e-01
1.788178e-01
1.788622e-01
1.789065e-01
1.789509e-01
1.789954e-01
1.790398e-01
1.790842e-01
1.791287e-01
1.791730e-01
1.792174e-01
1.792617e-01
1.793061e-01
1.793505e-01
1.793949e-01
1.794393e-01
1.794838e-01
1.795283e-01
1.795729e-01
1.796174e-01
1.796621e-01
1.797067e-01
1.797514e-01
1.797959e-01
1.798405e-01
1.798850e-01
1.799296e-01
1.799742e-01
1.800188e-01
1.800634e-01
1.801080e-01
1.801527e-01
1.801974e-01
1.802422e-01
1.802870e-01
1.803319e-01
1.803768e-01
1.804217e-01
1.804665e-01
1.805113e-01
1.805562e-01
1.806009e-01
1.806458e-01
1.806906e-01
1.807354e-01
1.807803e-01
1.808253e-01
1.808702e-01
1.809153e-01
1.809603e-01
1.810055e-01
1.810507e-01
1.810959e-01
1.811411e-01
1.811862e-01
1.812314e-01
1.812765e-01
1.813217e-01
1.813669e-01
1.814120e-01
1.814573e-01
1.814872e-01
1.815200e-01
1.815562e-01
1.815960e-01
1.816259e-01
1.816588e-01
1.816950e-01
1.817347e-01
1.817646e-01
1.817975e-01
1.818274e-01
1.818603e-01
1.818965e-01
1.819363e-01
1.819801e-01
1.820257e-01
1.820556e-01
1.820885e-01
1.821246e-01
1.821644e-01
1.822081e-01
1.822539e-01
1.822839e-01
1.823168e-01
1.823467e-01
1.823796e-01
1.824096e-01
1.824425e-01
1.824724e-01
1.825054e-01
1.825353e-01
1.825682e-01
1.825981e-01
1.826304e-01
1.826603e-01
1.826923e-01
1.827222e-01
1.827539e-01
1.827839e-01
1.828154e-01
1.828453e-01
1.828767e-01
1.829067e-01
1.829380e-01
1.829679e-01
1.829991e-01
1.830291e-01
1.830602e-01
1.830901e-01
1.831212e-01
1.831512e-01
1.831822e-01
1.832144e-01
1.832474e-01
1.832773e-01
1.833078e-01
1.833392e-01
1.833720e-01
1.834059e-01
1.834415e-01
1.834786e-01
1.835175e-01
1.835581e-01
1.836004e-01
1.836442e-01
1.836892e-01
1.837351e-01
1.837816e-01
1.838280e-01
1.838744e-01
1.839044e-01
1.839348e-01
1.839648e-01
1.839952e-01
1.840252e-01
1.840556e-01
1.840856e-01
1.841160e-01
1.841460e-01
1.841764e-01
1.842064e-01
1.842368e-01
1.842668e-01
1.842972e-01
1.843272e-01
1.843576e-01
1.843876e-01
1.844181e-01
1.844480e-01
1.844785e-01
1.845084e-01
1.845389e-01
1.845688e-01
1.845993e-01
1.846292e-01
1.846597e-01
1.846897e-01
1.847201e-01
1.847501e-01
1.847806e-01
1.848105e-01
1.848410e-01
1.848709e-01
1.849014e-01
1.849314e-01
1.849619e-01
1.849918e-01
1.850223e-01
1.850523e-01
1.850828e-01
1.851127e-01
1.851432e-01
1.851732e-01
1.852037e-01
1.852336e-01
1.852641e-01
1.852941e-01
1.853243e-01
1.853543e-01
1.853849e-01
1.854149e-01
1.854455e-01
1.854755e-01
1.855060e-01
1.855360e-01
1.855662e-01
1.855962e-01
1.856265e-01
1.856564e-01
1.856867e-01
1.857167e-01
1.857469e-01
1.857769e-01
1.858072e-01
1.858372e-01
1.858674e-01
1.858974e-01
1.859277e-01
1.859577e-01
1.859884e-01
1.860185e-01
1.860490e-01
1.860791e-01
1.861101e-01
1.861401e-01
1.861707e-01
1.862008e-01
1.862314e-01
1.862614e-01
1.862923e-01
1.863224e-01
1.863532e-01
1.863853e-01
1.864182e-01
1.864483e-01
1.864795e-01
1.865096e-01
1.865405e-01
1.865706e-01
1.866014e-01
1.866315e-01
1.866623e-01
1.866924e-01
1.867227e-01
1.867528e-01
1.867834e-01
1.868134e-01
1.868441e-01
1.868741e-01
1.869048e-01
1.869348e-01
1.869655e-01
1.869956e-01
1.870262e-01
1.870563e-01
1.870869e-01
1.871170e-01
1.871491e-01
1.871791e-01
1.872113e-01
1.872413e-01
1.872735e-01
1.873036e-01
1.873357e-01
1.873658e-01
1.873980e-01
1.874281e-01
1.874603e-01
1.874904e-01
1.875225e-01
1.875526e-01
1.875844e-01
1.876145e-01
1.876458e-01
1.876759e-01
1.877080e-01
1.877380e-01
1.877684e-01
1.877985e-01
1.878292e-01
1.878593e-01
1.878905e-01
1.879206e-01
1.879537e-01
1.879902e-01
1.880237e-01
1.880593e-01
1.880914e-01
1.881247e-01
1.881551e-01
1.881860e-01
1.882167e-01
1.882473e-01
1.882777e-01
1.883081e-01
1.883389e-01
1.883696e-01
1.884005e-01
1.884314e-01
1.884623e-01
1.884935e-01
1.885246e-01
1.885560e-01
1.885872e-01
1.886174e-01
1.886481e-01
1.886783e-01
1.887091e-01
1.887394e-01
1.887701e-01
1.888004e-01
1.888312e-01
1.888614e-01
1.888922e-01
1.889228e-01
1.889538e-01
1.889846e-01
1.890156e-01
1.890462e-01
1.890775e-01
1.891095e-01
1.891406e-01
1.891724e-01
1.892034e-01
1.892341e-01
1.892655e-01
1.892962e-01
1.893271e-01
1.893578e-01
1.893887e-01
1.894195e-01
1.894507e-01
1.894815e-01
1.895129e-01
1.895437e-01
1.895751e-01
1.896072e-01
1.896384e-01
1.896692e-01
1.897007e-01
1.897331e-01
1.897645e-01
1.897959e-01
1.898274e-01
1.898587e-01
1.898905e-01
1.899207e-01
1.899515e-01
1.899830e-01
1.900136e-01
1.900444e-01
1.900750e-01
1.901062e-01
1.901368e-01
1.901680e-01
1.901986e-01
1.902299e-01
1.902605e-01
1.902918e-01
1.903225e-01
1.903538e-01
1.903843e-01
1.904154e-01
1.904460e-01
1.904771e-01
1.905076e-01
1.905387e-01
1.905692e-01
1.906003e-01
1.906301e-01
1.906601e-01
1.906907e-01
1.907205e-01
1.907506e-01
1.907807e-01
1.908111e-01
1.908411e-01
1.908718e-01
1.909019e-01
1.909323e-01
1.909626e-01
1.909931e-01
1.910234e-01
1.910542e-01
1.910849e-01
1.911165e-01
1.911471e-01
1.911793e-01
1.912100e-01
1.912430e-01
1.912737e-01
1.913054e-01
1.913361e-01
1.913675e-01
1.914000e-01
1.914316e-01
1.914627e-01
1.914944e-01
1.915248e-01
1.915559e-01
1.915873e-01
1.916193e-01
1.916498e-01
1.916810e-01
1.917115e-01
1.917425e-01
1.917727e-01
1.918034e-01
1.918351e-01
1.918658e-01
1.918960e-01
1.919268e-01
1.919574e-01
1.919882e-01
1.920184e-01
1.920494e-01
1.920800e-01
1.921109e-01
1.921410e-01
1.921720e-01
1.922027e-01
1.922335e-01
1.922636e-01
1.922946e-01
1.923247e-01
1.923555e-01
1.923866e-01
1.924174e-01
1.924485e-01
1.924804e-01
1.925115e-01
1.925434e-01
1.925745e-01
1.926064e-01
1.926374e-01
1.926693e-01
1.927004e-01
1.927324e-01
1.927635e-01
1.927954e-01
1.928266e-01
1.928586e-01
1.928898e-01
1.929219e-01
1.929532e-01
1.929853e-01
1.930166e-01
1.930489e-01
1.930803e-01
1.931126e-01
1.931441e-01
1.931765e-01
1.932081e-01
1.932407e-01
1.932723e-01
1.933050e-01
1.933367e-01
1.933686e-01
1.934003e-01
1.934324e-01
1.934641e-01
1.934962e-01
1.935280e-01
1.935601e-01
1.935920e-01
1.936261e-01
1.936582e-01
1.936927e-01
1.937259e-01
1.937611e-01
1.937938e-01
1.938280e-01
1.938640e-01
1.939018e-01
1.939355e-01
1.939712e-01
1.940075e-01
1.940429e-01
1.940792e-01
1.941174e-01
1.941537e-01
1.941915e-01
1.942280e-01
1.942661e-01
1.943030e-01
1.943407e-01
1.943727e-01
1.944049e-01
1.944370e-01
1.944694e-01
1.945016e-01
1.945340e-01
1.945663e-01
1.945988e-01
1.946311e-01
1.946637e-01
1.946961e-01
1.947288e-01
1.947613e-01
1.947970e-01
1.948296e-01
1.948646e-01
1.948973e-01
1.949321e-01
1.949649e-01
1.949994e-01
1.950368e-01
1.950764e-01
1.951095e-01
1.951435e-01
1.951794e-01
1.952178e-01
1.952512e-01
1.952858e-01
1.953220e-01
1.953604e-01
1.953943e-01
1.954297e-01
1.954668e-01
1.955060e-01
1.955407e-01
1.955772e-01
1.956157e-01
1.956551e-01
1.956907e-01
1.957282e-01
1.957668e-01
1.958060e-01
1.958430e-01
1.958816e-01
1.959201e-01
1.959592e-01
1.959975e-01
1.960365e-01
1.960748e-01
1.961138e-01
1.961522e-01
1.961913e-01
1.962297e-01
1.962688e-01
1.963073e-01
1.963465e-01
1.963849e-01
1.964241e-01
1.964579e-01
1.964928e-01
1.965294e-01
1.965680e-01
1.966061e-01
1.966415e-01
1.966785e-01
1.967168e-01
1.967523e-01
1.967898e-01
1.968216e-01
1.968556e-01
1.968921e-01
1.969299e-01
1.969638e-01
1.969996e-01
1.970365e-01
1.970745e-01
1.971125e-01
1.971518e-01
1.971901e-01
1.972296e-01
1.972681e-01
1.973077e-01
1.973463e-01
1.973863e-01
1.974254e-01
1.974657e-01
1.975048e-01
1.975448e-01
1.975845e-01
1.976254e-01
1.976651e-01
1.977053e-01
1.977485e-01
1.977931e-01
1.978360e-01
1.978772e-01
1.979197e-01
1.979634e-01
1.980060e-01
1.980498e-01
1.980946e-01
1.981396e-01
1.981835e-01
1.982285e-01
1.982736e-01
1.983188e-01
1.983639e-01
1.984091e-01
1.984395e-01
1.984706e-01
1.985025e-01
1.985333e-01
1.985648e-01
1.985957e-01
1.986262e-01
1.986572e-01
1.986887e-01
1.987211e-01
1.987515e-01
1.987824e-01
1.988128e-01
1.988439e-01
1.988744e-01
1.989057e-01
1.989363e-01
1.989677e-01
1.989984e-01
1.990299e-01
1.990608e-01
1.990925e-01
1.991225e-01
1.991543e-01
1.991844e-01
1.992159e-01
1.992461e-01
1.992772e-01
1.993074e-01
1.993378e-01
1.993680e-01
1.993984e-01
1.994286e-01
1.994591e-01
1.994893e-01
1.995198e-01
1.995500e-01
1.995806e-01
1.996108e-01
1.996413e-01
1.996716e-01
1.997021e-01
1.997324e-01
1.997630e-01
1.997932e-01
1.998238e-01
1.998540e-01
1.998846e-01
1.999148e-01
1.999453e-01
1.999754e-01
2.000065e-01
2.000369e-01
2.000679e-01
2.000984e-01
2.001295e-01
