# 1  : Date
# 2  : Temps elapsed min (mus)
# 3  : Rang temps elapsed min
# 4  : Noeud temps elapsed min
# 5  : Temps elapsed max (mus)
# 6  : Rang temps elapsed max
# 7  : Noeud temps elapsed max
# 8  : Grind time (mus/maille/cycle)
# 9  : Grind time équivalent séquentiel (#8 X nb_de_coeurs)
#     1     2     3     4      5      6      7       8      9
#   ATTENTION  les temps cpu schémas sont données dans l'ordre alphabétique des schémas WARNING
#  10: TELAPS Hydro (mus)
8.968823e-04   7.198e+04 0 inti1235   7.212e+04 3 inti1235   5.073e-01 8.117e+00  3.500e+04
2.742799e-03   4.806e+04 0 inti1235   4.823e+04 3 inti1235   3.206e-01 5.130e+00  3.834e+04
4.733003e-03   4.876e+04 0 inti1235   4.882e+04 3 inti1235   3.087e-01 4.939e+00  3.890e+04
6.121427e-03   5.077e+04 0 inti1235   5.084e+04 2 inti1235   3.067e-01 4.907e+00  4.071e+04
7.314781e-03   8.160e+04 0 inti1235   8.166e+04 3 inti1235   4.761e-01 7.617e+00  4.249e+04
8.508393e-03   5.462e+04 0 inti1235   5.476e+04 3 inti1235   3.098e-01 4.957e+00  4.410e+04
1.006348e-02   5.337e+04 0 inti1235   5.342e+04 1 inti1235   2.915e-01 4.663e+00  4.282e+04
1.198972e-02   5.435e+04 0 inti1235   5.449e+04 3 inti1235   2.850e-01 4.560e+00  4.351e+04
1.414979e-02   8.737e+04 0 inti1235   8.743e+04 1 inti1235   4.345e-01 6.953e+00  4.620e+04
1.652466e-02   5.847e+04 0 inti1235   5.861e+04 3 inti1235   2.778e-01 4.444e+00  4.721e+04
1.903166e-02   6.075e+04 2 inti1235   6.080e+04 1 inti1235   2.743e-01 4.389e+00  4.922e+04
2.165950e-02   6.313e+04 0 inti1235   6.320e+04 1 inti1235   2.719e-01 4.350e+00  5.112e+04
2.415904e-02   9.989e+04 0 inti1235   9.994e+04 1 inti1235   4.100e-01 6.561e+00  5.373e+04
2.683217e-02   6.538e+04 0 inti1235   6.544e+04 1 inti1235   2.561e-01 4.098e+00  5.296e+04
2.953021e-02   6.781e+04 0 inti1235   6.788e+04 1 inti1235   2.535e-01 4.057e+00  5.526e+04
3.239668e-02   7.074e+04 0 inti1235   7.082e+04 1 inti1235   2.517e-01 4.027e+00  5.767e+04
3.529692e-02   1.137e+05 2 inti1235   1.138e+05 1 inti1235   3.836e-01 6.138e+00  6.126e+04
3.810662e-02   7.484e+04 0 inti1235   7.492e+04 1 inti1235   2.409e-01 3.854e+00  6.126e+04
4.107435e-02   7.801e+04 0 inti1235   7.807e+04 1 inti1235   2.388e-01 3.821e+00  6.424e+04
4.413529e-02   8.539e+04 0 inti1235   8.554e+04 1 inti1235   2.488e-01 3.981e+00  7.133e+04
4.708455e-02   1.271e+05 2 inti1235   1.272e+05 1 inti1235   3.519e-01 5.631e+00  7.160e+04
5.005989e-02   8.577e+04 2 inti1235   8.589e+04 1 inti1235   2.271e-01 3.633e+00  7.092e+04
5.253654e-02   8.828e+04 2 inti1235   8.840e+04 1 inti1235   2.251e-01 3.602e+00  7.360e+04
5.463512e-02   9.050e+04 2 inti1235   9.061e+04 1 inti1235   2.239e-01 3.583e+00  7.548e+04
5.662036e-02   1.423e+05 0 inti1235   1.424e+05 1 inti1235   3.419e-01 5.470e+00  7.831e+04
5.852224e-02   9.444e+04 2 inti1235   9.456e+04 1 inti1235   2.212e-01 3.539e+00  7.876e+04
6.049174e-02   9.629e+04 2 inti1235   9.638e+04 1 inti1235   2.194e-01 3.511e+00  8.072e+04
6.255514e-02   9.867e+04 2 inti1235   9.878e+04 1 inti1235   2.187e-01 3.500e+00  8.267e+04
6.465848e-02   1.543e+05 0 inti1235   1.545e+05 1 inti1235   3.323e-01 5.317e+00  8.696e+04
6.663255e-02   1.034e+05 0 inti1235   1.035e+05 1 inti1235   2.170e-01 3.472e+00  8.700e+04
6.860755e-02   1.048e+05 0 inti1235   1.049e+05 1 inti1235   2.144e-01 3.430e+00  8.811e+04
7.062245e-02   1.070e+05 0 inti1235   1.071e+05 1 inti1235   2.133e-01 3.413e+00  8.978e+04
7.265351e-02   1.642e+05 0 inti1235   1.642e+05 1 inti1235   3.181e-01 5.089e+00  9.657e+04
7.481672e-02   1.124e+05 0 inti1235   1.124e+05 1 inti1235   2.117e-01 3.387e+00  9.470e+04
7.732245e-02   1.168e+05 0 inti1235   1.169e+05 1 inti1235   2.134e-01 3.414e+00  9.893e+04
8.000580e-02   1.196e+05 0 inti1235   1.197e+05 1 inti1235   2.115e-01 3.385e+00  1.010e+05
8.278220e-02   1.859e+05 0 inti1235   1.860e+05 1 inti1235   3.177e-01 5.082e+00  1.069e+05
8.545962e-02   1.267e+05 0 inti1235   1.269e+05 1 inti1235   2.102e-01 3.364e+00  1.077e+05
8.803041e-02   1.295e+05 0 inti1235   1.296e+05 1 inti1235   2.084e-01 3.334e+00  1.108e+05
9.063716e-02   1.342e+05 0 inti1235   1.343e+05 1 inti1235   2.097e-01 3.355e+00  1.148e+05
9.349233e-02   2.101e+05 0 inti1235   2.102e+05 1 inti1235   3.171e-01 5.074e+00  1.242e+05
9.597044e-02   1.445e+05 0 inti1235   1.446e+05 1 inti1235   2.124e-01 3.399e+00  1.240e+05
9.833012e-02   1.473e+05 0 inti1235   1.474e+05 1 inti1235   2.114e-01 3.382e+00  1.268e+05
1.006804e-01   1.503e+05 0 inti1235   1.504e+05 1 inti1235   2.107e-01 3.371e+00  1.291e+05
1.030594e-01   2.282e+05 0 inti1235   2.283e+05 1 inti1235   3.119e-01 4.990e+00  1.363e+05
1.055805e-01   1.577e+05 0 inti1235   1.578e+05 1 inti1235   2.102e-01 3.363e+00  1.358e+05
1.080675e-01   1.621e+05 0 inti1235   1.622e+05 1 inti1235   2.108e-01 3.373e+00  1.402e+05
1.106209e-01   1.666e+05 0 inti1235   1.667e+05 1 inti1235   2.111e-01 3.378e+00  1.441e+05
1.134001e-01   2.618e+05 0 inti1235   2.618e+05 1 inti1235   3.220e-01 5.152e+00  1.528e+05
1.158922e-01   1.755e+05 0 inti1235   1.757e+05 1 inti1235   2.108e-01 3.373e+00  1.521e+05
1.182820e-01   1.782e+05 0 inti1235   1.783e+05 1 inti1235   2.093e-01 3.348e+00  1.552e+05
1.206407e-01   1.831e+05 0 inti1235   1.832e+05 1 inti1235   2.105e-01 3.368e+00  1.590e+05
1.230128e-01   2.641e+05 0 inti1235   2.642e+05 1 inti1235   2.970e-01 4.752e+00  1.637e+05
1.254048e-01   1.876e+05 0 inti1235   1.877e+05 1 inti1235   2.070e-01 3.311e+00  1.634e+05
1.278385e-01   1.903e+05 0 inti1235   1.904e+05 1 inti1235   2.061e-01 3.298e+00  1.663e+05
1.303385e-01   1.949e+05 0 inti1235   1.951e+05 1 inti1235   2.077e-01 3.322e+00  1.703e+05
1.328759e-01   2.950e+05 0 inti1235   2.950e+05 1 inti1235   3.090e-01 4.944e+00  1.782e+05
1.353798e-01   2.040e+05 0 inti1235   2.042e+05 1 inti1235   2.110e-01 3.376e+00  1.786e+05
1.379277e-01   2.084e+05 0 inti1235   2.086e+05 1 inti1235   2.131e-01 3.409e+00  1.827e+05
1.404874e-01   2.111e+05 0 inti1235   2.112e+05 1 inti1235   2.137e-01 3.419e+00  1.848e+05
1.430633e-01   3.133e+05 0 inti1235   3.135e+05 1 inti1235   3.138e-01 5.021e+00  1.893e+05
1.456422e-01   2.148e+05 2 inti1235   2.150e+05 1 inti1235   2.132e-01 3.412e+00  1.881e+05
1.482323e-01   2.138e+05 2 inti1235   2.140e+05 1 inti1235   2.106e-01 3.370e+00  1.874e+05
1.507676e-01   2.166e+05 2 inti1235   2.168e+05 1 inti1235   2.120e-01 3.393e+00  1.896e+05
1.532537e-01   3.079e+05 2 inti1235   3.080e+05 1 inti1235   2.995e-01 4.792e+00  1.936e+05
1.556984e-01   2.203e+05 2 inti1235   2.204e+05 1 inti1235   2.133e-01 3.412e+00  1.923e+05
1.581360e-01   2.199e+05 2 inti1235   2.201e+05 1 inti1235   2.121e-01 3.393e+00  1.922e+05
1.606206e-01   2.217e+05 0 inti1235   2.218e+05 1 inti1235   2.131e-01 3.409e+00  1.935e+05
1.631308e-01   3.117e+05 2 inti1235   3.119e+05 1 inti1235   2.987e-01 4.780e+00  1.953e+05
1.656666e-01   2.223e+05 2 inti1235   2.225e+05 1 inti1235   2.126e-01 3.401e+00  1.942e+05
1.682308e-01   2.222e+05 2 inti1235   2.224e+05 1 inti1235   2.120e-01 3.392e+00  1.942e+05
1.708480e-01   2.227e+05 2 inti1235   2.229e+05 1 inti1235   2.120e-01 3.393e+00  1.945e+05
1.734653e-01   3.129e+05 2 inti1235   3.130e+05 1 inti1235   2.973e-01 4.757e+00  1.965e+05
1.761770e-01   2.227e+05 2 inti1235   2.229e+05 1 inti1235   2.114e-01 3.383e+00  1.945e+05
1.790346e-01   2.246e+05 2 inti1235   2.248e+05 1 inti1235   2.131e-01 3.409e+00  1.965e+05
1.819049e-01   2.238e+05 2 inti1235   2.240e+05 1 inti1235   2.122e-01 3.395e+00  1.956e+05
1.847400e-01   3.120e+05 2 inti1235   3.121e+05 1 inti1235   2.957e-01 4.731e+00  1.979e+05
1.875288e-01   2.232e+05 2 inti1235   2.233e+05 1 inti1235   2.116e-01 3.386e+00  1.947e+05
1.903734e-01   2.245e+05 0 inti1235   2.247e+05 1 inti1235   2.130e-01 3.407e+00  1.961e+05
1.933515e-01   2.239e+05 2 inti1235   2.240e+05 1 inti1235   2.123e-01 3.397e+00  1.954e+05
1.964060e-01   2.931e+05 2 inti1235   2.932e+05 1 inti1235   2.779e-01 4.447e+00  1.972e+05
1.995848e-01   2.238e+05 2 inti1235   2.240e+05 1 inti1235   2.123e-01 3.397e+00  1.954e+05
