#   1 : Date        
# Date        
0.000000e+00
1.807392e-05
2.865299e-05
3.680825e-05
4.331462e-05
4.906367e-05
5.538763e-05
6.204872e-05
6.795979e-05
7.446196e-05
8.161436e-05
8.947053e-05
9.702468e-05
1.053342e-04
1.143002e-04
1.241628e-04
1.337027e-04
1.436480e-04
1.545879e-04
1.657374e-04
1.769297e-04
1.886124e-04
2.010176e-04
2.132284e-04
2.257171e-04
2.388127e-04
2.521957e-04
2.655017e-04
2.797183e-04
2.939297e-04
3.084532e-04
3.235230e-04
3.388720e-04
3.545256e-04
3.707045e-04
3.871136e-04
4.039712e-04
4.213429e-04
4.389057e-04
4.566041e-04
4.748726e-04
4.934284e-04
5.123968e-04
5.317204e-04
5.513472e-04
5.713195e-04
5.916317e-04
6.121877e-04
6.330631e-04
6.541431e-04
6.756129e-04
6.973298e-04
7.193540e-04
7.416524e-04
7.642145e-04
7.870888e-04
8.102207e-04
8.336410e-04
8.572999e-04
8.811975e-04
9.052984e-04
9.296850e-04
9.542344e-04
9.790738e-04
1.004107e-03
1.029433e-03
1.054937e-03
1.080786e-03
1.106828e-03
1.133123e-03
1.159624e-03
1.186464e-03
1.213485e-03
1.240745e-03
1.268213e-03
1.295923e-03
1.323861e-03
1.352053e-03
1.380427e-03
1.409065e-03
1.437917e-03
1.467083e-03
1.496472e-03
1.526126e-03
1.555964e-03
1.586157e-03
1.616605e-03
1.647287e-03
1.678149e-03
1.709331e-03
1.740719e-03
1.772176e-03
1.803794e-03
1.835622e-03
1.867602e-03
1.899875e-03
1.932477e-03
1.965120e-03
1.998093e-03
2.031272e-03
2.064625e-03
2.098278e-03
2.132152e-03
2.166096e-03
2.200218e-03
2.234613e-03
2.269156e-03
2.304035e-03
2.339154e-03
2.374341e-03
2.409910e-03
2.445536e-03
2.481298e-03
2.517257e-03
2.553563e-03
2.589879e-03
2.626441e-03
2.663275e-03
2.700239e-03
2.737218e-03
2.774286e-03
2.811384e-03
2.848464e-03
2.885545e-03
2.922654e-03
2.959773e-03
2.996956e-03
3.034185e-03
3.071426e-03
3.108658e-03
3.145912e-03
3.183198e-03
3.220536e-03
3.257870e-03
3.295200e-03
3.332536e-03
3.369894e-03
3.407260e-03
3.444668e-03
3.482147e-03
3.519673e-03
3.557183e-03
3.594705e-03
3.632233e-03
3.669785e-03
3.707361e-03
3.744979e-03
3.782656e-03
3.820390e-03
3.858179e-03
3.895974e-03
3.933780e-03
3.971613e-03
4.009467e-03
4.047361e-03
4.085306e-03
4.123305e-03
4.161376e-03
4.199514e-03
4.237739e-03
4.276041e-03
4.314375e-03
4.352763e-03
4.391183e-03
4.429648e-03
4.468167e-03
4.506740e-03
4.545383e-03
4.584094e-03
4.622892e-03
4.661770e-03
4.700738e-03
4.739795e-03
4.778951e-03
4.818211e-03
4.857580e-03
4.897008e-03
4.936562e-03
4.976227e-03
5.016040e-03
5.055974e-03
5.096068e-03
5.136308e-03
5.176716e-03
5.217294e-03
5.258054e-03
5.298898e-03
5.339959e-03
5.381206e-03
5.422705e-03
5.464406e-03
5.506366e-03
5.548551e-03
5.590969e-03
5.633478e-03
5.676268e-03
5.719278e-03
5.762600e-03
5.806189e-03
5.850104e-03
5.894337e-03
5.938919e-03
5.983870e-03
6.028940e-03
6.074401e-03
6.120168e-03
6.166087e-03
6.212199e-03
6.258463e-03
6.304919e-03
6.351502e-03
6.398256e-03
6.445149e-03
6.491984e-03
6.538814e-03
6.585634e-03
6.632479e-03
6.679338e-03
6.726244e-03
6.773153e-03
6.820047e-03
6.866960e-03
6.913930e-03
6.960908e-03
7.007964e-03
7.055056e-03
7.102123e-03
7.149236e-03
7.196399e-03
7.243601e-03
7.290889e-03
7.338237e-03
7.385648e-03
7.433130e-03
7.480701e-03
7.528326e-03
7.576025e-03
7.623137e-03
7.669844e-03
7.716377e-03
7.762280e-03
7.808021e-03
7.853451e-03
7.898491e-03
7.943181e-03
7.987737e-03
8.031940e-03
8.075857e-03
8.119650e-03
8.163144e-03
8.206395e-03
8.249546e-03
8.292281e-03
8.334891e-03
8.377372e-03
8.419548e-03
8.461617e-03
8.503582e-03
8.545372e-03
8.587083e-03
8.628679e-03
8.669252e-03
8.706468e-03
8.741308e-03
8.773898e-03
8.805315e-03
8.835546e-03
8.864884e-03
8.893307e-03
8.920886e-03
8.946898e-03
8.971827e-03
8.996430e-03
9.020817e-03
9.045332e-03
9.069907e-03
9.094568e-03
9.119303e-03
9.144121e-03
9.168967e-03
9.193842e-03
9.218700e-03
9.243555e-03
9.268350e-03
9.293118e-03
9.317810e-03
9.342458e-03
9.367021e-03
9.391529e-03
9.415947e-03
9.440305e-03
9.464574e-03
9.488781e-03
9.512901e-03
9.536961e-03
9.560939e-03
9.584860e-03
9.608706e-03
9.632499e-03
9.656225e-03
9.679906e-03
9.703527e-03
9.727110e-03
9.750645e-03
9.774149e-03
9.797614e-03
9.821059e-03
9.844476e-03
9.867882e-03
9.891272e-03
9.914659e-03
9.938038e-03
9.961422e-03
9.984809e-03
1.000821e-02
1.003163e-02
1.005506e-02
1.007853e-02
1.010202e-02
1.012555e-02
1.014912e-02
1.017273e-02
1.019639e-02
1.022009e-02
1.024385e-02
1.026766e-02
1.029153e-02
1.031545e-02
1.033943e-02
1.036348e-02
1.038759e-02
1.041176e-02
1.043599e-02
1.046030e-02
1.048467e-02
1.050911e-02
1.053362e-02
1.055820e-02
1.058286e-02
1.060759e-02
1.063240e-02
1.065729e-02
1.068226e-02
1.070731e-02
1.073245e-02
1.075767e-02
1.078299e-02
1.080840e-02
1.083390e-02
1.085950e-02
1.088519e-02
1.091099e-02
1.093689e-02
1.096290e-02
1.098901e-02
1.101524e-02
1.104158e-02
1.106804e-02
1.109461e-02
1.112130e-02
1.114812e-02
1.117506e-02
1.120212e-02
1.122932e-02
1.125664e-02
1.128409e-02
1.131168e-02
1.133940e-02
1.136725e-02
1.139524e-02
1.142336e-02
1.145162e-02
1.148002e-02
1.150855e-02
1.153722e-02
1.156603e-02
1.159497e-02
1.162404e-02
1.165326e-02
1.168261e-02
1.171209e-02
1.174170e-02
1.177145e-02
1.180133e-02
1.183133e-02
1.186147e-02
1.189174e-02
1.192214e-02
1.195266e-02
1.198331e-02
1.201409e-02
1.204500e-02
1.207603e-02
1.210718e-02
1.213846e-02
1.216986e-02
1.220139e-02
1.223304e-02
1.226480e-02
1.229669e-02
1.232870e-02
1.236082e-02
1.239306e-02
1.242541e-02
1.245788e-02
1.249046e-02
1.252316e-02
1.255596e-02
1.258887e-02
1.262189e-02
1.265502e-02
1.268826e-02
1.272160e-02
1.275504e-02
1.278858e-02
1.282222e-02
1.285596e-02
1.288979e-02
1.292372e-02
1.295774e-02
1.299186e-02
1.302606e-02
1.306034e-02
1.309471e-02
1.312916e-02
1.316369e-02
1.319830e-02
1.323299e-02
1.326774e-02
1.330257e-02
1.333746e-02
1.337241e-02
1.340743e-02
1.344251e-02
1.347765e-02
1.351284e-02
1.354808e-02
1.358337e-02
1.361871e-02
1.365409e-02
1.368952e-02
1.372498e-02
1.376049e-02
1.379603e-02
1.383160e-02
1.386720e-02
1.390283e-02
1.393848e-02
1.397416e-02
1.400986e-02
1.404558e-02
1.408132e-02
1.411708e-02
1.415284e-02
1.418863e-02
1.422442e-02
1.426022e-02
1.429602e-02
1.433183e-02
1.436765e-02
1.440346e-02
1.443928e-02
1.447510e-02
1.451091e-02
1.454671e-02
1.458252e-02
1.461831e-02
1.465409e-02
1.468987e-02
1.472563e-02
1.476138e-02
1.479712e-02
1.483285e-02
1.487136e-02
1.490987e-02
1.494836e-02
1.498684e-02
1.502529e-02
1.506372e-02
1.510212e-02
1.514050e-02
1.517885e-02
1.521717e-02
1.525546e-02
1.529371e-02
1.533194e-02
1.537013e-02
1.540829e-02
1.544641e-02
1.548451e-02
1.552257e-02
1.556060e-02
1.559859e-02
1.563656e-02
1.567449e-02
1.571239e-02
1.575026e-02
1.578811e-02
1.582591e-02
1.586369e-02
1.590144e-02
1.593914e-02
1.597682e-02
1.601447e-02
1.605210e-02
1.608970e-02
1.612729e-02
1.616485e-02
1.620238e-02
1.623990e-02
1.627739e-02
1.631486e-02
1.635231e-02
1.638974e-02
1.642715e-02
1.646455e-02
1.650192e-02
1.653928e-02
1.657662e-02
1.661394e-02
1.665125e-02
1.668855e-02
1.672583e-02
1.676310e-02
1.680035e-02
1.683760e-02
1.687483e-02
1.691206e-02
1.694927e-02
1.698648e-02
1.702368e-02
1.706087e-02
1.709806e-02
1.713525e-02
1.717243e-02
1.720961e-02
1.724679e-02
1.728397e-02
1.732115e-02
1.735833e-02
1.739552e-02
1.743270e-02
1.746989e-02
1.750708e-02
1.754428e-02
1.758148e-02
1.761869e-02
1.765590e-02
1.769313e-02
1.773035e-02
1.776760e-02
1.780484e-02
1.784211e-02
1.787938e-02
1.791666e-02
1.795396e-02
1.799127e-02
1.802859e-02
1.806593e-02
1.810329e-02
1.814066e-02
1.817804e-02
1.821545e-02
1.825286e-02
1.829030e-02
1.832775e-02
1.836523e-02
1.840272e-02
1.844023e-02
1.847711e-02
1.851399e-02
1.855087e-02
1.858779e-02
1.862472e-02
1.866169e-02
1.869867e-02
1.873567e-02
1.877268e-02
1.880970e-02
1.884672e-02
1.888375e-02
1.892067e-02
1.895723e-02
1.899276e-02
1.902751e-02
1.906150e-02
1.909463e-02
1.912677e-02
1.915784e-02
1.918803e-02
1.921755e-02
1.924661e-02
1.927523e-02
1.930341e-02
1.933126e-02
1.935889e-02
1.938631e-02
1.941350e-02
1.944051e-02
1.946739e-02
1.949414e-02
1.952075e-02
1.954724e-02
1.957363e-02
1.959994e-02
1.962619e-02
1.965233e-02
1.967839e-02
1.970438e-02
1.973034e-02
1.975623e-02
1.978207e-02
1.980785e-02
1.983359e-02
1.985929e-02
1.988500e-02
1.991069e-02
1.993638e-02
1.996207e-02
1.998779e-02
2.001346e-02
2.003912e-02
2.006475e-02
2.009039e-02
2.011604e-02
2.014170e-02
2.016738e-02
2.019311e-02
2.021887e-02
2.024462e-02
2.027038e-02
2.029615e-02
2.032193e-02
2.034775e-02
2.037360e-02
2.039951e-02
2.042546e-02
2.045149e-02
2.047752e-02
2.050359e-02
2.052968e-02
2.055581e-02
2.058198e-02
2.060821e-02
2.063449e-02
2.066085e-02
2.068728e-02
2.071378e-02
2.074031e-02
2.076689e-02
2.079350e-02
2.082017e-02
2.084690e-02
2.087371e-02
2.090058e-02
2.092755e-02
2.095460e-02
2.098172e-02
2.100888e-02
2.103610e-02
2.106337e-02
2.109071e-02
2.111812e-02
2.114562e-02
2.117320e-02
2.120088e-02
2.122865e-02
2.125649e-02
2.128436e-02
2.131230e-02
2.134030e-02
2.136838e-02
2.139653e-02
2.142477e-02
2.145310e-02
2.148154e-02
2.151006e-02
2.153862e-02
2.156723e-02
2.159590e-02
2.162463e-02
2.165345e-02
2.168233e-02
2.171132e-02
2.174039e-02
2.176957e-02
2.179879e-02
2.182805e-02
2.185736e-02
2.188673e-02
2.191617e-02
2.194568e-02
2.197528e-02
2.200496e-02
2.203473e-02
2.206457e-02
2.209444e-02
2.212436e-02
2.215432e-02
2.218434e-02
2.221442e-02
2.224458e-02
2.227482e-02
2.230515e-02
2.233557e-02
2.236601e-02
2.239649e-02
2.242702e-02
2.245760e-02
2.248825e-02
2.251897e-02
2.254978e-02
2.258068e-02
2.261165e-02
2.264265e-02
2.267369e-02
2.270476e-02
2.273590e-02
2.276709e-02
2.279836e-02
2.282971e-02
2.286116e-02
2.289269e-02
2.292425e-02
2.295585e-02
2.298748e-02
2.301917e-02
2.305093e-02
2.308275e-02
2.311466e-02
2.314666e-02
2.317873e-02
2.321083e-02
2.324297e-02
2.327515e-02
2.330740e-02
2.333971e-02
2.337211e-02
2.340459e-02
2.343717e-02
2.346984e-02
2.350253e-02
2.353527e-02
2.356805e-02
2.360088e-02
2.363378e-02
2.366675e-02
2.369981e-02
2.373295e-02
2.376619e-02
2.379945e-02
2.383275e-02
2.386610e-02
2.389951e-02
2.393298e-02
2.396654e-02
2.400018e-02
2.403392e-02
2.406775e-02
2.410161e-02
2.413551e-02
2.416946e-02
2.420347e-02
2.423754e-02
2.427167e-02
2.430588e-02
2.434017e-02
2.437456e-02
2.440900e-02
2.444347e-02
2.447798e-02
2.451254e-02
2.454716e-02
2.458185e-02
2.461662e-02
2.465148e-02
2.468643e-02
2.472143e-02
2.475647e-02
2.479155e-02
2.482668e-02
2.486187e-02
2.489713e-02
2.493244e-02
2.496783e-02
2.500330e-02
2.503886e-02
2.507447e-02
2.511010e-02
2.514578e-02
2.518150e-02
2.521728e-02
2.525313e-02
2.528905e-02
2.532506e-02
2.536116e-02
2.539731e-02
2.543349e-02
2.546972e-02
2.550600e-02
2.554233e-02
2.557874e-02
2.561521e-02
2.565175e-02
2.568836e-02
2.572505e-02
2.576182e-02
2.579863e-02
2.583548e-02
2.587238e-02
2.590933e-02
2.594634e-02
2.598342e-02
2.602058e-02
2.605783e-02
2.609517e-02
2.613255e-02
2.616997e-02
2.620744e-02
2.624496e-02
2.628255e-02
2.632021e-02
2.635792e-02
2.639570e-02
2.643354e-02
2.647145e-02
2.650944e-02
2.654747e-02
2.658551e-02
2.662357e-02
2.666166e-02
2.669978e-02
2.673793e-02
2.677609e-02
2.681425e-02
2.685240e-02
2.689057e-02
2.692874e-02
2.696690e-02
2.700503e-02
2.704313e-02
2.708119e-02
2.711922e-02
2.715721e-02
2.719519e-02
2.723314e-02
2.727108e-02
2.730898e-02
2.734686e-02
2.738473e-02
2.742259e-02
2.746046e-02
2.749831e-02
2.753615e-02
2.757399e-02
2.761184e-02
2.764970e-02
2.768757e-02
2.772545e-02
2.776334e-02
2.780124e-02
2.783917e-02
2.787713e-02
2.791512e-02
2.795312e-02
2.799116e-02
2.802922e-02
2.806733e-02
2.810548e-02
2.814367e-02
2.818188e-02
2.822012e-02
2.825840e-02
2.829671e-02
2.833506e-02
2.837345e-02
2.841187e-02
2.845032e-02
2.848880e-02
2.852732e-02
2.856588e-02
2.860447e-02
2.864311e-02
2.868180e-02
2.872051e-02
2.875927e-02
2.879805e-02
2.883687e-02
2.887571e-02
2.891458e-02
2.895347e-02
2.899240e-02
2.903136e-02
2.907036e-02
2.910939e-02
2.914847e-02
2.918760e-02
2.922677e-02
2.926598e-02
2.930525e-02
2.934457e-02
2.938394e-02
2.942335e-02
2.946280e-02
2.950231e-02
2.954186e-02
2.958147e-02
2.962113e-02
2.966083e-02
2.970059e-02
2.974039e-02
2.978024e-02
2.982013e-02
2.986006e-02
2.990003e-02
2.994005e-02
2.998011e-02
3.002022e-02
3.006037e-02
3.010058e-02
3.014083e-02
3.018113e-02
3.022149e-02
3.026189e-02
3.030235e-02
3.034286e-02
3.038341e-02
3.042401e-02
3.046465e-02
3.050534e-02
3.054607e-02
3.058685e-02
3.062768e-02
3.066856e-02
3.070949e-02
3.075047e-02
3.079150e-02
3.083259e-02
3.087372e-02
3.091490e-02
3.095612e-02
3.099740e-02
3.103872e-02
3.108011e-02
3.112154e-02
3.116303e-02
3.120458e-02
3.124619e-02
3.128786e-02
3.132960e-02
3.137139e-02
3.141324e-02
3.145515e-02
3.149712e-02
3.153915e-02
3.158125e-02
3.162340e-02
3.166563e-02
3.170792e-02
3.175028e-02
3.179270e-02
3.183519e-02
3.187775e-02
3.192039e-02
3.196310e-02
3.200588e-02
3.204873e-02
3.209162e-02
3.213453e-02
3.217745e-02
3.222039e-02
3.226334e-02
3.230632e-02
3.234933e-02
3.239237e-02
3.243542e-02
3.247849e-02
3.252159e-02
3.256472e-02
3.260788e-02
3.265108e-02
3.269429e-02
3.273753e-02
3.278080e-02
3.282410e-02
3.286743e-02
3.291081e-02
3.295422e-02
3.299768e-02
3.304117e-02
3.308469e-02
3.312824e-02
3.317184e-02
3.321547e-02
3.325915e-02
3.330287e-02
3.334664e-02
3.339046e-02
3.343434e-02
3.347827e-02
3.352226e-02
3.356630e-02
3.361041e-02
3.365456e-02
3.369877e-02
3.374300e-02
3.378728e-02
3.383159e-02
3.387594e-02
3.392033e-02
3.396476e-02
3.400924e-02
3.405376e-02
3.409832e-02
3.414294e-02
3.418760e-02
3.423231e-02
3.427707e-02
3.432189e-02
3.436676e-02
3.441168e-02
3.445666e-02
3.450169e-02
3.454675e-02
3.459187e-02
3.463702e-02
3.468223e-02
3.472747e-02
3.477277e-02
3.481811e-02
3.486349e-02
3.490891e-02
3.495436e-02
3.499984e-02
3.504536e-02
3.509092e-02
3.513652e-02
3.518215e-02
3.522783e-02
3.527354e-02
3.531930e-02
3.536509e-02
3.541094e-02
3.545681e-02
3.550273e-02
3.554867e-02
3.559465e-02
3.564067e-02
3.568672e-02
3.573281e-02
3.577894e-02
3.582511e-02
3.587132e-02
3.591757e-02
3.596386e-02
3.601019e-02
3.605657e-02
3.610299e-02
3.614946e-02
3.619596e-02
3.624252e-02
3.628912e-02
3.633576e-02
3.638243e-02
3.642914e-02
3.647589e-02
3.652268e-02
3.656951e-02
3.661637e-02
3.666327e-02
3.671020e-02
3.675716e-02
3.680416e-02
3.685119e-02
3.689825e-02
3.694535e-02
3.699249e-02
3.703965e-02
3.708686e-02
3.713410e-02
3.718138e-02
3.722870e-02
3.727605e-02
3.732345e-02
3.737089e-02
3.741836e-02
3.746587e-02
3.751341e-02
3.756099e-02
3.760860e-02
3.765626e-02
3.770396e-02
3.775170e-02
3.779949e-02
3.784733e-02
3.789521e-02
3.794315e-02
3.799115e-02
3.803920e-02
3.808730e-02
3.813547e-02
3.818369e-02
3.823198e-02
3.828033e-02
3.832875e-02
3.837722e-02
3.842576e-02
3.847435e-02
3.852300e-02
3.857171e-02
3.862049e-02
3.866932e-02
3.871823e-02
3.876719e-02
3.881623e-02
3.886532e-02
3.891449e-02
3.896372e-02
3.901302e-02
3.906239e-02
3.911182e-02
3.916133e-02
3.921090e-02
3.926054e-02
3.931025e-02
3.936002e-02
3.940986e-02
3.945977e-02
3.950975e-02
3.955979e-02
3.960990e-02
3.966007e-02
3.971030e-02
3.976058e-02
3.981093e-02
3.986132e-02
3.991178e-02
3.996230e-02
4.001287e-02
4.006349e-02
4.011417e-02
4.016491e-02
4.021570e-02
4.026654e-02
4.031743e-02
4.036838e-02
4.041938e-02
4.047043e-02
4.052153e-02
4.057267e-02
4.062388e-02
4.067513e-02
4.072643e-02
4.077778e-02
4.082918e-02
4.088063e-02
4.093213e-02
4.098368e-02
4.103529e-02
4.108694e-02
4.113865e-02
4.119042e-02
4.124223e-02
4.129411e-02
4.134603e-02
4.139802e-02
4.145006e-02
4.150215e-02
4.155430e-02
4.160650e-02
4.165876e-02
4.171108e-02
4.176345e-02
4.181588e-02
4.186838e-02
4.192093e-02
4.197355e-02
4.202623e-02
4.207897e-02
4.213178e-02
4.218466e-02
4.223761e-02
4.229063e-02
4.234371e-02
4.239687e-02
4.245010e-02
4.250340e-02
4.255677e-02
4.261021e-02
4.266372e-02
4.271730e-02
4.277094e-02
4.282466e-02
4.287843e-02
4.293227e-02
4.298617e-02
4.304003e-02
4.309382e-02
4.314751e-02
4.320110e-02
4.325458e-02
4.330795e-02
4.336121e-02
4.341436e-02
4.346742e-02
4.352039e-02
4.357328e-02
4.362610e-02
4.367887e-02
4.373158e-02
4.378425e-02
4.383688e-02
4.388947e-02
4.394203e-02
4.399455e-02
4.404703e-02
4.409948e-02
4.415189e-02
4.420425e-02
4.425657e-02
4.430885e-02
4.436108e-02
4.441326e-02
4.446539e-02
4.451747e-02
4.456949e-02
4.462146e-02
4.467338e-02
4.472525e-02
4.477707e-02
4.482886e-02
4.488060e-02
4.493230e-02
4.498398e-02
4.503562e-02
4.508724e-02
4.513884e-02
4.519042e-02
4.524199e-02
4.529355e-02
4.534509e-02
4.539663e-02
4.544817e-02
4.549970e-02
4.555124e-02
4.560278e-02
4.565431e-02
4.570584e-02
4.575737e-02
4.580890e-02
4.586044e-02
4.591198e-02
4.596352e-02
4.601508e-02
4.606664e-02
4.611821e-02
4.616980e-02
4.622138e-02
4.627298e-02
4.632459e-02
4.637621e-02
4.642784e-02
4.647947e-02
4.653111e-02
4.658276e-02
4.663441e-02
4.668608e-02
4.673774e-02
4.678942e-02
4.684109e-02
4.689276e-02
4.694442e-02
4.699608e-02
4.704773e-02
4.709937e-02
4.715101e-02
4.720264e-02
4.725427e-02
4.730589e-02
4.735750e-02
4.740910e-02
4.746070e-02
4.751228e-02
4.756385e-02
4.761542e-02
4.766699e-02
4.771855e-02
4.777010e-02
4.782165e-02
4.787319e-02
4.792471e-02
4.797621e-02
4.802770e-02
4.807918e-02
4.813064e-02
4.818210e-02
4.823355e-02
4.828499e-02
4.833644e-02
4.838788e-02
4.843932e-02
4.849077e-02
4.854222e-02
4.859368e-02
4.864516e-02
4.869665e-02
4.874813e-02
4.879961e-02
4.885109e-02
4.890257e-02
4.895405e-02
4.900554e-02
4.905704e-02
4.910855e-02
4.916008e-02
4.921163e-02
4.926320e-02
4.931479e-02
4.936641e-02
4.941806e-02
4.946974e-02
4.952146e-02
4.957322e-02
4.962501e-02
4.967683e-02
4.972866e-02
4.978051e-02
4.983238e-02
4.988427e-02
4.993619e-02
4.998813e-02
5.004010e-02
5.009211e-02
5.014414e-02
5.019620e-02
5.024830e-02
5.030044e-02
5.035261e-02
5.040481e-02
5.045706e-02
5.050934e-02
5.056166e-02
5.061403e-02
5.066640e-02
5.071880e-02
5.077121e-02
5.082364e-02
5.087609e-02
5.092857e-02
5.098107e-02
5.103359e-02
5.108614e-02
5.113872e-02
5.119132e-02
5.124396e-02
5.129663e-02
5.134933e-02
5.140207e-02
5.145484e-02
5.150765e-02
5.156049e-02
5.161336e-02
5.166623e-02
5.171913e-02
5.177204e-02
5.182497e-02
5.187792e-02
5.193089e-02
5.198389e-02
5.203692e-02
5.208998e-02
5.214307e-02
5.219619e-02
5.224934e-02
5.230253e-02
5.235576e-02
5.240903e-02
5.246234e-02
5.251569e-02
5.256907e-02
5.262246e-02
5.267587e-02
5.272931e-02
5.278277e-02
5.283627e-02
5.288978e-02
5.294333e-02
5.299692e-02
5.305053e-02
5.310418e-02
5.315787e-02
5.321160e-02
5.326537e-02
5.331918e-02
5.337303e-02
5.342693e-02
5.348087e-02
5.353486e-02
5.358889e-02
5.364294e-02
5.369702e-02
5.375113e-02
5.380527e-02
5.385944e-02
5.391365e-02
5.396789e-02
5.402216e-02
5.407647e-02
5.413082e-02
5.418520e-02
5.423963e-02
5.429409e-02
5.434861e-02
5.440316e-02
5.445777e-02
5.451242e-02
5.456712e-02
5.462185e-02
5.467662e-02
5.473141e-02
5.478623e-02
5.484108e-02
5.489597e-02
5.495089e-02
5.500584e-02
5.506084e-02
5.511587e-02
5.517094e-02
5.522606e-02
5.528121e-02
5.533641e-02
5.539165e-02
5.544695e-02
5.550228e-02
5.555766e-02
5.561309e-02
5.566854e-02
5.572402e-02
5.577953e-02
5.583506e-02
5.589062e-02
5.594622e-02
5.600184e-02
5.605750e-02
5.611319e-02
5.616892e-02
5.622468e-02
5.628049e-02
5.633633e-02
5.639221e-02
5.644813e-02
5.650409e-02
5.656010e-02
5.661613e-02
5.667220e-02
5.672828e-02
5.678439e-02
5.684051e-02
5.689665e-02
5.695281e-02
5.700900e-02
5.706521e-02
5.712144e-02
5.717771e-02
5.723399e-02
5.729031e-02
5.734666e-02
5.740303e-02
5.745944e-02
5.751588e-02
5.757235e-02
5.762884e-02
5.768536e-02
5.774188e-02
5.779843e-02
5.785498e-02
5.791155e-02
5.796814e-02
5.802474e-02
5.808137e-02
5.813801e-02
5.819468e-02
5.825136e-02
5.830808e-02
5.836481e-02
5.842158e-02
5.847837e-02
5.853519e-02
5.859202e-02
5.864887e-02
5.870575e-02
5.876263e-02
5.881952e-02
5.887641e-02
5.893332e-02
5.899024e-02
5.904717e-02
5.910411e-02
5.916106e-02
5.921803e-02
5.927502e-02
5.933202e-02
5.938904e-02
5.944607e-02
5.950312e-02
5.956018e-02
5.961724e-02
5.967430e-02
5.973137e-02
5.978842e-02
5.984542e-02
5.990226e-02
5.995893e-02
6.001546e-02
6.007185e-02
6.012809e-02
6.018422e-02
6.024026e-02
6.029622e-02
6.035210e-02
6.040793e-02
6.046373e-02
6.051951e-02
6.057529e-02
6.063108e-02
6.068687e-02
6.074268e-02
6.079852e-02
6.085439e-02
6.091030e-02
6.096624e-02
6.102224e-02
6.107826e-02
6.113434e-02
6.119045e-02
6.124660e-02
6.130279e-02
6.135901e-02
6.141527e-02
6.147156e-02
6.152788e-02
6.158423e-02
6.164060e-02
6.169700e-02
6.175343e-02
6.180989e-02
6.186637e-02
6.192288e-02
6.197942e-02
6.203598e-02
6.209257e-02
6.214918e-02
6.220581e-02
6.226248e-02
6.231916e-02
6.237588e-02
6.243263e-02
6.248940e-02
6.254614e-02
6.260289e-02
6.265963e-02
6.271639e-02
6.277317e-02
6.282998e-02
6.288683e-02
6.294372e-02
6.300066e-02
6.305766e-02
6.311472e-02
6.317184e-02
6.322902e-02
6.328626e-02
6.334357e-02
6.340093e-02
6.345836e-02
6.351584e-02
6.357335e-02
6.363088e-02
6.368844e-02
6.374603e-02
6.380364e-02
6.386128e-02
6.391894e-02
6.397662e-02
6.403431e-02
6.409203e-02
6.414976e-02
6.420750e-02
6.426526e-02
6.432303e-02
6.438080e-02
6.443858e-02
6.449637e-02
6.455417e-02
6.461197e-02
6.466977e-02
6.472755e-02
6.478525e-02
6.484285e-02
6.490036e-02
6.495779e-02
6.501515e-02
6.507244e-02
6.512966e-02
6.518683e-02
6.524397e-02
6.530106e-02
6.535814e-02
6.541520e-02
6.547226e-02
6.552931e-02
6.558635e-02
6.564338e-02
6.570039e-02
6.575738e-02
6.581436e-02
6.587131e-02
6.592823e-02
6.598511e-02
6.604195e-02
6.609870e-02
6.615537e-02
6.621194e-02
6.626840e-02
6.632475e-02
6.638098e-02
6.643709e-02
6.649309e-02
6.654898e-02
6.660477e-02
6.666044e-02
6.671601e-02
6.677145e-02
6.682678e-02
6.688201e-02
6.693714e-02
6.699219e-02
6.704715e-02
6.710206e-02
6.715690e-02
6.721168e-02
6.726639e-02
6.732105e-02
6.737567e-02
6.743024e-02
6.748479e-02
6.753930e-02
6.759379e-02
6.764826e-02
6.770270e-02
6.775711e-02
6.781149e-02
6.786583e-02
6.792013e-02
6.797439e-02
6.802860e-02
6.808277e-02
6.813689e-02
6.819096e-02
6.824499e-02
6.829897e-02
6.835290e-02
6.840679e-02
6.846063e-02
6.851444e-02
6.856821e-02
6.862194e-02
6.867563e-02
6.872928e-02
6.878290e-02
6.883650e-02
6.889008e-02
6.894365e-02
6.899721e-02
6.905077e-02
6.910434e-02
6.915790e-02
6.921145e-02
6.926501e-02
6.931856e-02
6.937213e-02
6.942571e-02
6.947930e-02
6.953291e-02
6.958654e-02
6.964019e-02
6.969383e-02
6.974749e-02
6.980115e-02
6.985482e-02
6.990849e-02
6.996218e-02
7.001588e-02
7.006958e-02
7.012330e-02
7.017702e-02
7.023075e-02
7.028448e-02
7.033822e-02
7.039196e-02
7.044569e-02
7.049942e-02
7.055315e-02
7.060687e-02
7.066060e-02
7.071433e-02
7.076806e-02
7.082178e-02
7.087551e-02
7.092924e-02
7.098297e-02
7.103668e-02
7.109038e-02
7.114406e-02
7.119774e-02
7.125139e-02
7.130504e-02
7.135868e-02
7.141231e-02
7.146594e-02
7.151956e-02
7.157319e-02
7.162681e-02
7.168044e-02
7.173405e-02
7.178766e-02
7.184126e-02
7.189485e-02
7.194844e-02
7.200202e-02
7.205560e-02
7.210917e-02
7.216272e-02
7.221627e-02
7.226980e-02
7.232332e-02
7.237681e-02
7.243028e-02
7.248370e-02
7.253707e-02
7.259037e-02
7.264360e-02
7.269677e-02
7.274996e-02
7.280308e-02
7.285613e-02
7.290910e-02
7.296198e-02
7.301478e-02
7.306747e-02
7.312007e-02
7.317257e-02
7.322497e-02
7.327741e-02
7.332974e-02
7.338196e-02
7.343406e-02
7.348607e-02
7.353796e-02
7.358974e-02
7.364139e-02
7.369293e-02
7.374435e-02
7.379566e-02
7.384696e-02
7.389815e-02
7.394923e-02
7.400020e-02
7.405105e-02
7.410180e-02
7.415245e-02
7.420301e-02
7.425355e-02
7.430401e-02
7.435437e-02
7.440466e-02
7.445486e-02
7.450497e-02
7.455502e-02
7.460500e-02
7.465494e-02
7.470484e-02
7.475467e-02
7.480445e-02
7.485419e-02
7.490387e-02
7.495352e-02
7.500312e-02
7.505270e-02
7.510225e-02
7.515176e-02
7.520124e-02
7.525070e-02
7.530014e-02
7.534955e-02
7.539893e-02
7.544830e-02
7.549766e-02
7.554700e-02
7.559631e-02
7.564563e-02
7.569493e-02
7.574422e-02
7.579348e-02
7.584274e-02
7.589199e-02
7.594124e-02
7.599047e-02
7.603969e-02
7.608891e-02
7.613812e-02
7.618731e-02
7.623650e-02
7.628567e-02
7.633484e-02
7.638402e-02
7.643317e-02
7.648233e-02
7.653147e-02
7.658061e-02
7.662974e-02
7.667886e-02
7.672797e-02
7.677709e-02
7.682618e-02
7.687528e-02
7.692437e-02
7.697345e-02
7.702252e-02
7.707159e-02
7.712065e-02
7.716970e-02
7.721873e-02
7.726777e-02
7.731679e-02
7.736581e-02
7.741481e-02
7.746382e-02
7.751280e-02
7.756179e-02
7.761076e-02
7.765973e-02
7.770870e-02
7.775765e-02
7.780659e-02
7.785555e-02
7.790447e-02
7.795340e-02
7.800231e-02
7.805123e-02
7.810014e-02
7.814904e-02
7.819795e-02
7.824686e-02
7.829575e-02
7.834465e-02
7.839353e-02
7.844243e-02
7.849133e-02
7.854023e-02
7.858915e-02
7.863808e-02
7.868699e-02
7.873593e-02
7.878486e-02
7.883382e-02
7.888278e-02
7.893176e-02
7.898075e-02
7.902976e-02
7.907879e-02
7.912784e-02
7.917689e-02
7.922598e-02
7.927508e-02
7.932421e-02
7.937334e-02
7.942251e-02
7.947170e-02
7.952092e-02
7.957015e-02
7.961942e-02
7.966870e-02
7.971802e-02
7.976734e-02
7.981670e-02
7.986608e-02
7.991549e-02
7.996491e-02
8.001437e-02
8.006383e-02
8.011334e-02
8.016285e-02
8.021240e-02
8.026195e-02
8.031154e-02
8.036115e-02
8.041078e-02
8.046042e-02
8.051009e-02
8.055977e-02
8.060948e-02
8.065920e-02
8.070895e-02
8.075871e-02
8.080850e-02
8.085830e-02
8.090812e-02
8.095795e-02
8.100782e-02
8.105769e-02
8.110760e-02
8.115751e-02
8.120746e-02
8.125742e-02
8.130741e-02
8.135740e-02
8.140742e-02
8.145746e-02
8.150754e-02
8.155763e-02
8.160776e-02
8.165792e-02
8.170810e-02
8.175830e-02
8.180852e-02
8.185877e-02
8.190906e-02
8.195937e-02
8.200973e-02
8.206012e-02
8.211053e-02
8.216098e-02
8.221145e-02
8.226194e-02
8.231248e-02
8.236304e-02
8.241364e-02
8.246428e-02
8.251496e-02
8.256568e-02
8.261642e-02
8.266720e-02
8.271800e-02
8.276883e-02
8.281971e-02
8.287062e-02
8.292157e-02
8.297255e-02
8.302359e-02
8.307465e-02
8.312573e-02
8.317685e-02
8.322799e-02
8.327917e-02
8.333039e-02
8.338164e-02
8.343292e-02
8.348422e-02
8.353557e-02
8.358696e-02
8.363836e-02
8.368980e-02
8.374125e-02
8.379275e-02
8.384426e-02
8.389581e-02
8.394738e-02
8.399898e-02
8.405062e-02
8.410229e-02
8.415399e-02
8.420572e-02
8.425746e-02
8.430923e-02
8.436102e-02
8.441284e-02
8.446467e-02
8.451654e-02
8.456845e-02
8.462038e-02
8.467234e-02
8.472434e-02
8.477635e-02
8.482839e-02
8.488044e-02
8.493252e-02
8.498462e-02
8.503675e-02
8.508892e-02
8.514112e-02
8.519336e-02
8.524562e-02
8.529789e-02
8.535018e-02
8.540247e-02
8.545478e-02
8.550710e-02
8.555945e-02
8.561182e-02
8.566421e-02
8.571663e-02
8.576908e-02
8.582155e-02
8.587404e-02
8.592652e-02
8.597904e-02
8.603153e-02
8.608405e-02
8.613659e-02
8.618915e-02
8.624173e-02
8.629435e-02
8.634699e-02
8.639968e-02
8.645238e-02
8.650514e-02
8.655793e-02
8.661076e-02
8.666361e-02
8.671652e-02
8.676943e-02
8.682238e-02
8.687536e-02
8.692839e-02
8.698145e-02
8.703132e-02
8.708080e-02
8.713007e-02
8.717922e-02
8.722826e-02
8.727725e-02
8.732619e-02
8.737510e-02
8.741901e-02
8.746279e-02
8.750608e-02
8.754934e-02
8.759245e-02
8.763556e-02
8.767854e-02
8.772152e-02
8.776493e-02
8.780832e-02
8.785088e-02
8.789328e-02
8.793534e-02
8.797732e-02
8.801921e-02
8.806104e-02
8.810385e-02
8.814676e-02
8.818947e-02
8.823228e-02
8.827572e-02
8.831930e-02
8.836188e-02
8.840422e-02
8.844610e-02
8.848791e-02
8.852963e-02
8.857131e-02
8.861291e-02
8.865446e-02
8.869699e-02
8.873962e-02
8.878334e-02
8.882718e-02
8.886946e-02
8.891147e-02
8.895320e-02
8.899485e-02
8.903642e-02
8.907794e-02
8.911940e-02
8.916079e-02
8.920212e-02
8.924338e-02
8.928458e-02
8.932709e-02
8.936888e-02
8.941049e-02
8.945206e-02
8.949356e-02
8.953503e-02
8.957642e-02
8.961775e-02
8.965902e-02
8.970240e-02
8.974594e-02
8.978800e-02
8.982977e-02
8.987131e-02
8.991277e-02
8.995420e-02
8.999557e-02
9.003692e-02
9.007922e-02
9.012183e-02
9.016465e-02
9.020725e-02
9.024949e-02
9.029101e-02
9.033243e-02
9.037381e-02
9.041514e-02
9.045644e-02
9.049866e-02
9.054089e-02
9.058332e-02
9.062641e-02
9.066910e-02
9.071065e-02
9.075202e-02
9.079335e-02
9.083462e-02
9.087587e-02
9.091800e-02
9.095994e-02
9.100207e-02
9.104530e-02
9.108855e-02
9.113032e-02
9.117186e-02
9.121317e-02
9.125443e-02
9.129567e-02
9.133775e-02
9.137961e-02
9.142165e-02
9.146439e-02
9.150733e-02
9.154951e-02
9.159140e-02
9.163275e-02
9.167401e-02
9.171587e-02
9.175793e-02
9.179976e-02
9.184178e-02
9.188420e-02
9.192683e-02
9.196941e-02
9.201168e-02
9.205311e-02
9.209441e-02
9.213627e-02
9.217834e-02
9.222016e-02
9.226218e-02
9.230442e-02
9.234687e-02
9.238974e-02
9.243230e-02
9.247391e-02
9.251535e-02
9.255724e-02
9.259933e-02
9.264119e-02
9.268324e-02
9.272546e-02
9.276789e-02
9.281089e-02
9.285358e-02
9.289536e-02
9.293979e-02
9.298173e-02
9.302388e-02
9.306580e-02
9.310792e-02
9.315029e-02
9.319286e-02
9.323575e-02
9.327837e-02
9.332020e-02
9.336452e-02
9.340589e-02
9.344810e-02
9.349019e-02
9.353247e-02
9.357518e-02
9.361806e-02
9.366065e-02
9.370301e-02
9.374475e-02
9.378910e-02
9.383120e-02
9.387348e-02
9.391590e-02
9.395850e-02
9.400170e-02
9.404464e-02
9.408685e-02
9.413089e-02
9.417250e-02
9.421488e-02
9.425725e-02
9.429981e-02
9.434276e-02
9.438585e-02
9.442848e-02
9.447092e-02
9.451284e-02
9.455709e-02
9.459867e-02
9.464122e-02
9.468399e-02
9.472690e-02
9.477002e-02
9.481292e-02
9.485524e-02
9.489929e-02
9.494111e-02
9.498374e-02
9.502643e-02
9.506929e-02
9.511247e-02
9.515576e-02
9.519859e-02
9.524126e-02
9.528348e-02
9.532771e-02
9.536958e-02
9.541246e-02
9.545551e-02
9.549869e-02
9.554209e-02
9.558529e-02
9.562805e-02
9.567068e-02
9.571296e-02
9.575594e-02
9.579796e-02
9.584114e-02
9.588454e-02
9.592803e-02
9.597139e-02
9.601458e-02
9.605740e-02
9.610011e-02
9.614254e-02
9.618582e-02
9.622803e-02
9.627153e-02
9.631526e-02
9.635898e-02
9.640239e-02
9.644566e-02
9.648861e-02
9.653147e-02
9.657408e-02
9.661765e-02
9.666006e-02
9.670386e-02
9.674745e-02
9.679127e-02
9.683521e-02
9.687857e-02
9.692166e-02
9.696467e-02
9.700745e-02
9.705132e-02
9.709389e-02
9.713796e-02
9.718437e-02
9.723051e-02
9.727405e-02
9.731783e-02
9.736172e-02
9.740596e-02
9.745041e-02
9.749512e-02
9.754011e-02
9.758548e-02
9.763127e-02
9.767713e-02
9.772402e-02
9.777082e-02
9.781432e-02
9.785804e-02
9.790189e-02
9.794608e-02
9.799049e-02
9.803516e-02
9.808010e-02
9.812542e-02
9.817115e-02
9.821724e-02
9.826329e-02
9.830932e-02
9.835277e-02
9.839644e-02
9.844023e-02
9.848437e-02
9.852874e-02
9.857334e-02
9.861305e-02
9.865283e-02
9.869258e-02
9.873243e-02
9.877224e-02
9.881218e-02
9.885207e-02
9.889212e-02
9.893212e-02
9.897229e-02
9.901242e-02
9.905274e-02
9.909302e-02
9.913353e-02
9.917398e-02
9.921470e-02
9.925546e-02
9.929601e-02
9.933719e-02
9.937874e-02
9.941863e-02
9.945863e-02
9.949859e-02
9.953870e-02
9.957876e-02
9.961900e-02
9.965917e-02
9.969957e-02
9.973988e-02
9.978048e-02
9.982096e-02
9.986177e-02
9.990245e-02
9.994353e-02
9.998443e-02
1.000258e-01
1.000670e-01
1.001083e-01
1.001501e-01
1.001926e-01
1.002327e-01
1.002729e-01
1.003131e-01
1.003535e-01
1.003938e-01
1.004344e-01
1.004748e-01
1.005156e-01
1.005562e-01
1.005973e-01
1.006381e-01
1.006794e-01
1.007205e-01
1.007622e-01
1.008035e-01
1.008456e-01
1.008874e-01
1.009276e-01
1.009677e-01
1.010080e-01
1.010482e-01
1.010886e-01
1.011288e-01
1.011694e-01
1.012098e-01
1.012505e-01
1.012911e-01
1.013319e-01
1.013731e-01
1.014151e-01
1.014577e-01
1.015011e-01
1.015451e-01
1.015901e-01
1.016357e-01
1.016825e-01
1.017271e-01
1.017690e-01
1.018109e-01
1.018533e-01
1.018957e-01
1.019385e-01
1.019812e-01
1.020243e-01
1.020677e-01
1.021119e-01
1.021567e-01
1.022023e-01
1.022485e-01
1.022956e-01
1.023408e-01
1.023856e-01
1.024302e-01
1.024750e-01
1.025183e-01
1.025617e-01
1.026050e-01
1.026493e-01
1.026926e-01
1.027370e-01
1.027814e-01
1.028253e-01
1.028694e-01
1.029129e-01
1.029565e-01
1.029996e-01
1.030430e-01
1.030865e-01
1.031298e-01
1.031731e-01
1.032164e-01
1.032597e-01
1.033017e-01
1.033440e-01
1.033862e-01
1.034301e-01
1.034739e-01
1.035178e-01
1.035616e-01
1.036056e-01
1.036494e-01
1.036934e-01
1.037376e-01
1.037819e-01
1.038262e-01
1.038705e-01
1.039147e-01
1.039590e-01
1.040032e-01
1.040475e-01
1.040917e-01
1.041361e-01
1.041803e-01
1.042244e-01
1.042681e-01
1.043115e-01
1.043552e-01
1.043988e-01
1.044425e-01
1.044861e-01
1.045298e-01
1.045734e-01
1.046156e-01
1.046593e-01
1.047013e-01
1.047449e-01
1.047871e-01
1.048308e-01
1.048745e-01
1.049182e-01
1.049619e-01
1.050056e-01
1.050493e-01
1.050956e-01
1.051409e-01
1.051857e-01
1.052288e-01
1.052723e-01
1.053161e-01
1.053603e-01
1.054045e-01
1.054486e-01
1.054909e-01
1.055350e-01
1.055772e-01
1.056209e-01
1.056637e-01
1.057070e-01
1.057492e-01
1.057931e-01
1.058356e-01
1.058797e-01
1.059220e-01
1.059678e-01
1.060100e-01
1.060558e-01
1.060979e-01
1.061408e-01
1.061837e-01
1.062269e-01
1.062705e-01
1.063146e-01
1.063588e-01
1.064030e-01
1.064455e-01
1.064896e-01
1.065321e-01
1.065748e-01
1.066170e-01
1.066593e-01
1.067014e-01
1.067435e-01
1.067854e-01
1.068274e-01
1.068693e-01
1.069113e-01
1.069532e-01
1.069951e-01
1.070370e-01
1.070789e-01
1.071208e-01
1.071628e-01
1.072046e-01
1.072466e-01
1.072886e-01
1.073306e-01
1.073726e-01
1.074147e-01
1.074567e-01
1.074989e-01
1.075410e-01
1.075832e-01
1.076253e-01
1.076676e-01
1.077098e-01
1.077521e-01
1.077941e-01
1.078363e-01
1.078785e-01
1.079206e-01
1.079628e-01
1.080053e-01
1.080477e-01
1.080903e-01
1.081328e-01
1.081754e-01
1.082172e-01
1.082593e-01
1.083015e-01
1.083435e-01
1.083857e-01
1.084283e-01
1.084710e-01
1.085138e-01
1.085553e-01
1.085971e-01
1.086389e-01
1.086810e-01
1.087231e-01
1.087652e-01
1.088074e-01
1.088501e-01
1.088932e-01
1.089364e-01
1.089779e-01
1.090197e-01
1.090615e-01
1.091033e-01
1.091451e-01
1.091875e-01
1.092303e-01
1.092736e-01
1.093176e-01
1.093622e-01
1.094039e-01
1.094459e-01
1.094880e-01
1.095299e-01
1.095720e-01
1.096145e-01
1.096576e-01
1.097013e-01
1.097428e-01
1.097845e-01
1.098262e-01
1.098679e-01
1.099097e-01
1.099520e-01
1.099947e-01
1.100380e-01
1.100794e-01
1.101209e-01
1.101625e-01
1.102044e-01
1.102463e-01
1.102882e-01
1.103302e-01
1.103726e-01
1.104157e-01
1.104594e-01
1.105008e-01
1.105424e-01
1.105840e-01
1.106256e-01
1.106673e-01
1.107094e-01
1.107521e-01
1.107955e-01
1.108367e-01
1.108781e-01
1.109196e-01
1.109610e-01
1.110025e-01
1.110446e-01
1.110871e-01
1.111301e-01
1.111712e-01
1.112125e-01
1.112539e-01
1.112955e-01
1.113373e-01
1.113789e-01
1.114207e-01
1.114629e-01
1.115058e-01
1.115493e-01
1.115904e-01
1.116318e-01
1.116733e-01
1.117146e-01
1.117561e-01
1.117980e-01
1.118405e-01
1.118836e-01
1.119246e-01
1.119659e-01
1.120072e-01
1.120485e-01
1.120898e-01
1.121316e-01
1.121739e-01
1.122167e-01
1.122601e-01
1.123042e-01
1.123455e-01
1.123870e-01
1.124286e-01
1.124701e-01
1.125117e-01
1.125538e-01
1.125965e-01
1.126398e-01
1.126809e-01
1.127222e-01
1.127635e-01
1.128048e-01
1.128462e-01
1.128881e-01
1.129305e-01
1.129735e-01
1.130145e-01
1.130557e-01
1.130970e-01
1.131382e-01
1.131795e-01
1.132213e-01
1.132636e-01
1.133064e-01
1.133474e-01
1.133886e-01
1.134298e-01
1.134714e-01
1.135129e-01
1.135545e-01
1.135961e-01
1.136383e-01
1.136810e-01
1.137245e-01
1.137656e-01
1.138069e-01
1.138483e-01
1.138897e-01
1.139312e-01
1.139731e-01
1.140156e-01
1.140588e-01
1.140998e-01
1.141411e-01
1.141825e-01
1.142238e-01
1.142653e-01
1.143072e-01
1.143496e-01
1.143925e-01
1.144336e-01
1.144750e-01
1.145164e-01
1.145580e-01
1.145997e-01
1.146413e-01
1.146831e-01
1.147254e-01
1.147683e-01
1.148118e-01
1.148531e-01
1.148946e-01
1.149361e-01
1.149776e-01
1.150192e-01
1.150612e-01
1.151038e-01
1.151470e-01
1.151882e-01
1.152297e-01
1.152713e-01
1.153127e-01
1.153543e-01
1.153963e-01
1.154387e-01
1.154816e-01
1.155251e-01
1.155692e-01
1.156108e-01
1.156527e-01
1.156946e-01
1.157363e-01
1.157782e-01
1.158204e-01
1.158632e-01
1.159066e-01
1.159480e-01
1.159897e-01
1.160315e-01
1.160731e-01
1.161149e-01
1.161570e-01
1.161995e-01
1.162426e-01
1.162862e-01
1.163304e-01
1.163722e-01
1.164142e-01
1.164563e-01
1.164982e-01
1.165402e-01
1.165827e-01
1.166256e-01
1.166690e-01
1.167107e-01
1.167527e-01
1.167946e-01
1.168365e-01
1.168784e-01
1.169207e-01
1.169634e-01
1.170065e-01
1.170503e-01
1.170945e-01
1.171366e-01
1.171788e-01
1.172211e-01
1.172633e-01
1.173055e-01
1.173481e-01
1.173911e-01
1.174346e-01
1.174787e-01
1.175233e-01
1.175656e-01
1.176081e-01
1.176506e-01
1.176929e-01
1.177353e-01
1.177781e-01
1.178213e-01
1.178650e-01
1.179093e-01
1.179541e-01
1.179965e-01
1.180391e-01
1.180818e-01
1.181243e-01
1.181668e-01
1.182097e-01
1.182530e-01
1.182969e-01
1.183413e-01
1.183862e-01
1.184287e-01
1.184715e-01
1.185143e-01
1.185569e-01
1.185996e-01
1.186426e-01
1.186861e-01
1.187300e-01
1.187746e-01
1.188196e-01
1.188623e-01
1.189052e-01
1.189482e-01
1.189909e-01
1.190337e-01
1.190769e-01
1.191205e-01
1.191646e-01
1.192093e-01
1.192545e-01
1.192973e-01
1.193404e-01
1.193835e-01
1.194264e-01
1.194694e-01
1.195127e-01
1.195564e-01
1.196007e-01
1.196455e-01
1.196908e-01
1.197338e-01
1.197770e-01
1.198203e-01
1.198634e-01
1.199065e-01
1.199499e-01
1.199938e-01
1.200381e-01
1.200830e-01
1.201284e-01
1.201716e-01
1.202150e-01
1.202584e-01
1.203016e-01
1.203448e-01
1.203884e-01
1.204323e-01
1.204767e-01
1.205216e-01
1.205669e-01
1.206126e-01
1.206582e-01
1.207018e-01
1.207456e-01
1.207894e-01
1.208330e-01
1.208765e-01
1.209205e-01
1.209649e-01
1.210098e-01
1.210552e-01
1.211012e-01
1.211448e-01
1.211886e-01
1.212324e-01
1.212759e-01
1.213194e-01
1.213633e-01
1.214075e-01
1.214522e-01
1.214973e-01
1.215430e-01
1.215893e-01
1.216360e-01
1.216799e-01
1.217235e-01
1.217670e-01
1.218109e-01
1.218550e-01
1.218996e-01
1.219446e-01
1.219899e-01
1.220356e-01
1.220813e-01
1.221269e-01
1.221724e-01
1.222165e-01
1.222603e-01
1.223041e-01
1.223481e-01
1.223924e-01
1.224371e-01
1.224823e-01
1.225277e-01
1.225736e-01
1.226198e-01
1.226666e-01
1.227138e-01
1.227581e-01
1.228020e-01
1.228458e-01
1.228899e-01
1.229343e-01
1.229791e-01
1.230242e-01
1.230696e-01
1.231153e-01
1.231614e-01
1.232079e-01
1.232547e-01
1.232991e-01
1.233436e-01
1.233882e-01
1.234323e-01
1.234763e-01
1.235206e-01
1.235651e-01
1.236100e-01
1.236552e-01
1.237007e-01
1.237464e-01
1.237925e-01
1.238389e-01
1.238857e-01
1.239328e-01
1.239802e-01
1.240249e-01
1.240692e-01
1.241133e-01
1.241576e-01
1.242020e-01
1.242468e-01
1.242919e-01
1.243373e-01
1.243829e-01
1.244286e-01
1.244744e-01
1.245204e-01
1.245668e-01
1.246133e-01
1.246602e-01
1.247073e-01
1.247543e-01
1.248011e-01
1.248460e-01
1.248904e-01
1.249346e-01
1.249790e-01
1.250235e-01
1.250684e-01
1.251136e-01
1.251591e-01
1.252048e-01
1.252505e-01
1.252965e-01
1.253426e-01
1.253889e-01
1.254355e-01
1.254824e-01
1.255295e-01
1.255770e-01
1.256247e-01
1.256697e-01
1.257142e-01
1.257585e-01
1.258030e-01
1.258476e-01
1.258925e-01
1.259377e-01
1.259832e-01
1.260288e-01
1.260746e-01
1.261204e-01
1.261664e-01
1.262127e-01
1.262592e-01
1.263058e-01
1.263527e-01
1.263998e-01
1.264470e-01
1.264940e-01
1.265409e-01
1.265878e-01
1.266346e-01
1.266790e-01
1.267237e-01
1.267685e-01
1.268136e-01
1.268589e-01
1.269045e-01
1.269503e-01
1.269961e-01
1.270419e-01
1.270879e-01
1.271341e-01
1.271804e-01
1.272268e-01
1.272734e-01
1.273202e-01
1.273671e-01
1.274141e-01
1.274612e-01
1.275086e-01
1.275560e-01
1.276037e-01
1.276527e-01
1.277030e-01
1.277543e-01
1.278049e-01
1.278550e-01
1.279006e-01
1.279461e-01
1.279915e-01
1.280372e-01
1.280830e-01
1.281289e-01
1.281750e-01
1.282211e-01
1.282672e-01
1.283135e-01
1.283598e-01
1.284062e-01
1.284526e-01
1.284991e-01
1.285457e-01
1.285923e-01
1.286390e-01
1.286857e-01
1.287325e-01
1.287794e-01
1.288263e-01
1.288734e-01
1.289204e-01
1.289680e-01
1.290149e-01
1.290637e-01
1.291129e-01
1.291623e-01
1.292119e-01
1.292627e-01
1.293144e-01
1.293602e-01
1.294059e-01
1.294517e-01
1.294975e-01
1.295433e-01
1.295890e-01
1.296349e-01
1.296808e-01
1.297270e-01
1.297732e-01
1.298193e-01
1.298655e-01
1.299117e-01
1.299580e-01
1.300043e-01
1.300506e-01
1.300971e-01
1.301437e-01
1.301902e-01
1.302368e-01
1.302827e-01
1.303285e-01
1.303745e-01
1.304203e-01
1.304665e-01
1.305125e-01
1.305589e-01
1.306050e-01
1.306516e-01
1.306979e-01
1.307448e-01
1.307914e-01
1.308386e-01
1.308859e-01
1.309337e-01
1.309812e-01
1.310288e-01
1.310763e-01
1.311238e-01
1.311711e-01
1.312185e-01
1.312658e-01
1.313120e-01
1.313578e-01
1.314042e-01
1.314501e-01
1.314966e-01
1.315424e-01
1.315884e-01
1.316344e-01
1.316806e-01
1.317270e-01
1.317735e-01
1.318202e-01
1.318666e-01
1.319127e-01
1.319590e-01
1.320053e-01
1.320519e-01
1.320985e-01
1.321453e-01
1.321921e-01
1.322387e-01
1.322852e-01
1.323317e-01
1.323784e-01
1.324248e-01
1.324707e-01
1.325174e-01
1.325634e-01
1.326102e-01
1.326564e-01
1.327032e-01
1.327500e-01
1.327968e-01
1.328437e-01
1.328906e-01
1.329374e-01
1.329843e-01
1.330312e-01
1.330781e-01
1.331249e-01
1.331717e-01
1.332185e-01
1.332650e-01
1.333114e-01
1.333577e-01
1.334036e-01
1.334494e-01
1.334949e-01
1.335400e-01
1.335849e-01
1.336295e-01
1.336738e-01
1.337178e-01
1.337615e-01
1.338050e-01
1.338482e-01
1.338913e-01
1.339340e-01
1.339767e-01
1.340192e-01
1.340615e-01
1.341037e-01
1.341502e-01
1.341922e-01
1.342385e-01
1.342861e-01
1.343339e-01
1.343815e-01
1.344292e-01
1.344759e-01
1.345219e-01
1.345669e-01
1.346125e-01
1.346586e-01
1.347049e-01
1.347507e-01
1.347962e-01
1.348410e-01
1.348854e-01
1.349293e-01
1.349738e-01
1.350186e-01
1.350637e-01
1.351084e-01
1.351532e-01
1.351977e-01
1.352421e-01
1.352862e-01
1.353302e-01
1.353740e-01
1.354177e-01
1.354612e-01
1.355048e-01
1.355481e-01
1.355916e-01
1.356349e-01
1.356782e-01
1.357215e-01
1.357648e-01
1.358081e-01
1.358514e-01
1.358947e-01
1.359381e-01
1.359814e-01
1.360247e-01
1.360680e-01
1.361114e-01
1.361548e-01
1.361982e-01
1.362416e-01
1.362851e-01
1.363324e-01
1.363759e-01
1.364233e-01
1.364706e-01
1.365177e-01
1.365649e-01
1.366119e-01
1.366589e-01
1.367057e-01
1.367526e-01
1.367998e-01
1.368468e-01
1.368939e-01
1.369410e-01
1.369884e-01
1.370356e-01
1.370835e-01
1.371309e-01
1.371790e-01
1.372265e-01
1.372748e-01
1.373225e-01
1.373706e-01
1.374176e-01
1.374639e-01
1.375104e-01
1.375571e-01
1.376040e-01
1.376506e-01
1.376975e-01
1.377442e-01
1.377910e-01
1.378376e-01
1.378845e-01
1.379312e-01
1.379780e-01
1.380244e-01
1.380705e-01
1.381164e-01
1.381625e-01
1.382089e-01
1.382556e-01
1.383023e-01
1.383492e-01
1.383959e-01
1.384428e-01
1.384896e-01
1.385364e-01
1.385831e-01
1.386299e-01
1.386760e-01
1.387217e-01
1.387674e-01
1.388133e-01
1.388595e-01
1.389061e-01
1.389525e-01
1.389989e-01
1.390451e-01
1.390914e-01
1.391375e-01
1.391837e-01
1.392295e-01
1.392756e-01
1.393215e-01
1.393672e-01
1.394127e-01
1.394586e-01
1.395044e-01
1.395502e-01
1.395971e-01
1.396442e-01
1.396914e-01
1.397386e-01
1.397854e-01
1.398322e-01
1.398779e-01
1.399238e-01
1.399696e-01
1.400151e-01
1.400604e-01
1.401061e-01
1.401520e-01
1.401981e-01
1.402441e-01
1.402902e-01
1.403361e-01
1.403829e-01
1.404288e-01
1.404753e-01
1.405207e-01
1.405664e-01
1.406120e-01
1.406573e-01
1.407024e-01
1.407480e-01
1.407938e-01
1.408399e-01
1.408860e-01
1.409319e-01
1.409779e-01
1.410237e-01
1.410689e-01
1.411142e-01
1.411596e-01
1.412051e-01
1.412486e-01
1.412923e-01
1.413361e-01
1.413798e-01
1.414233e-01
1.414670e-01
1.415107e-01
1.415545e-01
1.415985e-01
1.416425e-01
1.416865e-01
1.417304e-01
1.417743e-01
1.418182e-01
1.418622e-01
1.419063e-01
1.419505e-01
1.419947e-01
1.420388e-01
1.420830e-01
1.421274e-01
1.421717e-01
1.422162e-01
1.422607e-01
1.423053e-01
1.423500e-01
1.423945e-01
1.424393e-01
1.424842e-01
1.425291e-01
1.425742e-01
1.426199e-01
1.426652e-01
1.427108e-01
1.427553e-01
1.427999e-01
1.428445e-01
1.428887e-01
1.429327e-01
1.429772e-01
1.430203e-01
1.430636e-01
1.431069e-01
1.431504e-01
1.431941e-01
1.432380e-01
1.432820e-01
1.433258e-01
1.433693e-01
1.434132e-01
1.434572e-01
1.435015e-01
1.435459e-01
1.435905e-01
1.436348e-01
1.436791e-01
1.437227e-01
1.437665e-01
1.438103e-01
1.438538e-01
1.438972e-01
1.439409e-01
1.439850e-01
1.440295e-01
1.440745e-01
1.441201e-01
1.441635e-01
1.442071e-01
1.442505e-01
1.442939e-01
1.443371e-01
1.443807e-01
1.444241e-01
1.444678e-01
1.445116e-01
1.445557e-01
1.446000e-01
1.446443e-01
1.446877e-01
1.447313e-01
1.447749e-01
1.448182e-01
1.448615e-01
1.449052e-01
1.449485e-01
1.449930e-01
1.450364e-01
1.450818e-01
1.451253e-01
1.451709e-01
1.452146e-01
1.452581e-01
1.453014e-01
1.453450e-01
1.453885e-01
1.454322e-01
1.454761e-01
1.455197e-01
1.455633e-01
1.456071e-01
1.456510e-01
1.456953e-01
1.457397e-01
1.457839e-01
1.458279e-01
1.458722e-01
1.459168e-01
1.459617e-01
1.460064e-01
1.460512e-01
1.460958e-01
1.461406e-01
1.461851e-01
1.462298e-01
1.462743e-01
1.463183e-01
1.463620e-01
1.464060e-01
1.464499e-01
1.464942e-01
1.465386e-01
1.465833e-01
1.466281e-01
1.466728e-01
1.467176e-01
1.467625e-01
1.468076e-01
1.468529e-01
1.468985e-01
1.469442e-01
1.469903e-01
1.470364e-01
1.470829e-01
1.471297e-01
1.471757e-01
1.472218e-01
1.472677e-01
1.473139e-01
1.473602e-01
1.474064e-01
1.474526e-01
1.474989e-01
1.475452e-01
1.475917e-01
1.476384e-01
1.476852e-01
1.477322e-01
1.477793e-01
1.478267e-01
1.478759e-01
1.479240e-01
1.479725e-01
1.480207e-01
1.480691e-01
1.481175e-01
1.481660e-01
1.482145e-01
1.482632e-01
1.483119e-01
1.483608e-01
1.484100e-01
1.484593e-01
1.485088e-01
1.485598e-01
1.486101e-01
1.486609e-01
1.487116e-01
1.487627e-01
1.488138e-01
1.488650e-01
1.489162e-01
1.489677e-01
1.490195e-01
1.490713e-01
1.491232e-01
1.491761e-01
1.492282e-01
1.492811e-01
1.493338e-01
1.493870e-01
1.494400e-01
1.494935e-01
1.495471e-01
1.496008e-01
1.496545e-01
1.497093e-01
1.497631e-01
1.498155e-01
1.498680e-01
1.499206e-01
1.499733e-01
1.500261e-01
1.500790e-01
1.501320e-01
1.501850e-01
1.502382e-01
1.502916e-01
1.503450e-01
1.503986e-01
1.504524e-01
1.505064e-01
1.505605e-01
1.506151e-01
1.506700e-01
1.507252e-01
1.507803e-01
1.508354e-01
1.508905e-01
1.509456e-01
1.510003e-01
1.510552e-01
1.511103e-01
1.511654e-01
1.512205e-01
1.512756e-01
1.513307e-01
1.513858e-01
1.514404e-01
1.514953e-01
1.515492e-01
1.516033e-01
1.516584e-01
1.517134e-01
1.517685e-01
1.518211e-01
1.518737e-01
1.519264e-01
1.519793e-01
1.520323e-01
1.520855e-01
1.521389e-01
1.521925e-01
1.522463e-01
1.523002e-01
1.523543e-01
1.524069e-01
1.524613e-01
1.525138e-01
1.525685e-01
1.526211e-01
1.526761e-01
1.527287e-01
1.527839e-01
1.528366e-01
1.528919e-01
1.529466e-01
1.530018e-01
1.530570e-01
1.531123e-01
1.531688e-01
1.532257e-01
1.532809e-01
1.533362e-01
1.533918e-01
1.534476e-01
1.535036e-01
1.535598e-01
1.536155e-01
1.536715e-01
1.537264e-01
1.537815e-01
1.538354e-01
1.538895e-01
1.539430e-01
1.539991e-01
1.540583e-01
1.541179e-01
1.541713e-01
1.542248e-01
1.542784e-01
1.543320e-01
1.543857e-01
1.544395e-01
1.544934e-01
1.545473e-01
1.546013e-01
1.546555e-01
1.547097e-01
1.547641e-01
1.548186e-01
1.548731e-01
1.549278e-01
1.549827e-01
1.550376e-01
1.550927e-01
1.551480e-01
1.552034e-01
1.552589e-01
1.553147e-01
1.553706e-01
1.554266e-01
1.554830e-01
1.555396e-01
1.555949e-01
1.556505e-01
1.557061e-01
1.557620e-01
1.558180e-01
1.558741e-01
1.559304e-01
1.559869e-01
1.560437e-01
1.561009e-01
1.561584e-01
1.562161e-01
1.562740e-01
1.563322e-01
1.563905e-01
1.564489e-01
1.565024e-01
1.565560e-01
1.566096e-01
1.566633e-01
1.567170e-01
1.567708e-01
1.568246e-01
1.568784e-01
1.569323e-01
1.569862e-01
1.570402e-01
1.570943e-01
1.571484e-01
1.572026e-01
1.572569e-01
1.573112e-01
1.573657e-01
1.574203e-01
1.574749e-01
1.575297e-01
1.575846e-01
1.576396e-01
1.576947e-01
1.577500e-01
1.578054e-01
1.578611e-01
1.579170e-01
1.579725e-01
1.580289e-01
1.580844e-01
1.581415e-01
1.581969e-01
1.582534e-01
1.583094e-01
1.583657e-01
1.584212e-01
1.584780e-01
1.585335e-01
1.585908e-01
1.586463e-01
1.587038e-01
1.587614e-01
1.588193e-01
1.588724e-01
1.589247e-01
1.589771e-01
1.590294e-01
1.590818e-01
1.591342e-01
1.591866e-01
1.592390e-01
1.592914e-01
1.593439e-01
1.593963e-01
1.594488e-01
1.595013e-01
1.595539e-01
1.596064e-01
1.596590e-01
1.597115e-01
1.597641e-01
1.598167e-01
1.598693e-01
1.599219e-01
1.599746e-01
1.600272e-01
1.600798e-01
1.601325e-01
1.601851e-01
1.602378e-01
1.602903e-01
1.603428e-01
1.603953e-01
1.604478e-01
1.605002e-01
1.605526e-01
1.606050e-01
1.606574e-01
1.607098e-01
1.607621e-01
1.608143e-01
1.608666e-01
1.609188e-01
1.609710e-01
1.610231e-01
1.610752e-01
1.611273e-01
1.611794e-01
1.612314e-01
1.612833e-01
1.613353e-01
1.613872e-01
1.614392e-01
1.614911e-01
1.615431e-01
1.615951e-01
1.616472e-01
1.616994e-01
1.617518e-01
1.618043e-01
1.618571e-01
1.619104e-01
1.619641e-01
1.620179e-01
1.620719e-01
1.621259e-01
1.621800e-01
1.622341e-01
1.622884e-01
1.623427e-01
1.623971e-01
1.624516e-01
1.625035e-01
1.625556e-01
1.626077e-01
1.626599e-01
1.627122e-01
1.627646e-01
1.628170e-01
1.628696e-01
1.629222e-01
1.629750e-01
1.630278e-01
1.630809e-01
1.631341e-01
1.631877e-01
1.632415e-01
1.632958e-01
1.633506e-01
1.634059e-01
1.634619e-01
1.635186e-01
1.635759e-01
1.636334e-01
1.636910e-01
1.637485e-01
1.638058e-01
1.638628e-01
1.639196e-01
1.639762e-01
1.640287e-01
1.640813e-01
1.641340e-01
1.641867e-01
1.642396e-01
1.642925e-01
1.643455e-01
1.643987e-01
1.644519e-01
1.645053e-01
1.645588e-01
1.646124e-01
1.646661e-01
1.647199e-01
1.647739e-01
1.648280e-01
1.648813e-01
1.649349e-01
1.649882e-01
1.650418e-01
1.650951e-01
1.651488e-01
1.652020e-01
1.652556e-01
1.653096e-01
1.653636e-01
1.654175e-01
1.654714e-01
1.655248e-01
1.655787e-01
1.656319e-01
1.656857e-01
1.657394e-01
1.657930e-01
1.658466e-01
1.659001e-01
1.659537e-01
1.660072e-01
1.660607e-01
1.661143e-01
1.661677e-01
1.662213e-01
1.662748e-01
1.663284e-01
1.663820e-01
1.664357e-01
1.664894e-01
1.665431e-01
1.665969e-01
1.666508e-01
1.667047e-01
1.667587e-01
1.668127e-01
1.668667e-01
1.669204e-01
1.669744e-01
1.670285e-01
1.670825e-01
1.671365e-01
1.671904e-01
1.672443e-01
1.672982e-01
1.673519e-01
1.674062e-01
1.674605e-01
1.675148e-01
1.675676e-01
1.676209e-01
1.676750e-01
1.677291e-01
1.677831e-01
1.678370e-01
1.678910e-01
1.679449e-01
1.679988e-01
1.680528e-01
1.681069e-01
1.681610e-01
1.682152e-01
1.682695e-01
1.683240e-01
1.683786e-01
1.684328e-01
1.684871e-01
1.685414e-01
1.685958e-01
1.686499e-01
1.687040e-01
1.687582e-01
1.688124e-01
1.688666e-01
1.689210e-01
1.689755e-01
1.690300e-01
1.690847e-01
1.691396e-01
1.691947e-01
1.692500e-01
1.693055e-01
1.693614e-01
1.694177e-01
1.694740e-01
1.695306e-01
1.695872e-01
1.696441e-01
1.697012e-01
1.697586e-01
1.698123e-01
1.698662e-01
1.699202e-01
1.699744e-01
1.700287e-01
1.700831e-01
1.701379e-01
1.701929e-01
1.702483e-01
1.703041e-01
1.703604e-01
1.704174e-01
1.704750e-01
1.705321e-01
1.705904e-01
1.706475e-01
1.707051e-01
1.707622e-01
1.708198e-01
1.708745e-01
1.709293e-01
1.709841e-01
1.710390e-01
1.710938e-01
1.711487e-01
1.712037e-01
1.712582e-01
1.713128e-01
1.713676e-01
1.714225e-01
1.714776e-01
1.715327e-01
1.715878e-01
1.716429e-01
1.716980e-01
1.717532e-01
1.718083e-01
1.718635e-01
1.719187e-01
1.719740e-01
1.720293e-01
1.720849e-01
1.721406e-01
1.721967e-01
1.722531e-01
1.723098e-01
1.723670e-01
1.724237e-01
1.724808e-01
1.725375e-01
1.725946e-01
1.726512e-01
1.727094e-01
1.727660e-01
1.728245e-01
1.728829e-01
1.729413e-01
1.729998e-01
1.730582e-01
1.731159e-01
1.731726e-01
1.732288e-01
1.732844e-01
1.733398e-01
1.733948e-01
1.734498e-01
1.735048e-01
1.735598e-01
1.736147e-01
1.736697e-01
1.737246e-01
1.737795e-01
1.738344e-01
1.738892e-01
1.739441e-01
1.739990e-01
1.740538e-01
1.741087e-01
1.741637e-01
1.742186e-01
1.742736e-01
1.743286e-01
1.743837e-01
1.744388e-01
1.744940e-01
1.745492e-01
1.746045e-01
1.746598e-01
1.747151e-01
1.747705e-01
1.748260e-01
1.748815e-01
1.749370e-01
1.749926e-01
1.750482e-01
1.751038e-01
1.751594e-01
1.752150e-01
1.752707e-01
1.753264e-01
1.753821e-01
1.754378e-01
1.754936e-01
1.755494e-01
1.756053e-01
1.756612e-01
1.757173e-01
1.757736e-01
1.758298e-01
1.758864e-01
1.759431e-01
1.760001e-01
1.760566e-01
1.761133e-01
1.761703e-01
1.762278e-01
1.762853e-01
1.763429e-01
1.764007e-01
1.764586e-01
1.765166e-01
1.765747e-01
1.766315e-01
1.766882e-01
1.767450e-01
1.768019e-01
1.768589e-01
1.769159e-01
1.769716e-01
1.770274e-01
1.770832e-01
1.771394e-01
1.771957e-01
1.772524e-01
1.773093e-01
1.773659e-01
1.774223e-01
1.774790e-01
1.775359e-01
1.775931e-01
1.776505e-01
1.777079e-01
1.777654e-01
1.778230e-01
1.778809e-01
1.779379e-01
1.779944e-01
1.780508e-01
1.781072e-01
1.781637e-01
1.782202e-01
1.782768e-01
1.783337e-01
1.783907e-01
1.784463e-01
1.785023e-01
1.785584e-01
1.786148e-01
1.786713e-01
1.787276e-01
1.787836e-01
1.788400e-01
1.788964e-01
1.789527e-01
1.790091e-01
1.790655e-01
1.791219e-01
1.791783e-01
1.792347e-01
1.792913e-01
1.793481e-01
1.794051e-01
1.794625e-01
1.795201e-01
1.795760e-01
1.796313e-01
1.796863e-01
1.797414e-01
1.797968e-01
1.798525e-01
1.799085e-01
1.799649e-01
1.800213e-01
1.800777e-01
1.801343e-01
1.801910e-01
1.802479e-01
1.803052e-01
1.803628e-01
1.804208e-01
1.804764e-01
1.805321e-01
1.805877e-01
1.806427e-01
1.806974e-01
1.807525e-01
1.808078e-01
1.808635e-01
1.809197e-01
1.809761e-01
1.810329e-01
1.810900e-01
1.811475e-01
1.812053e-01
1.812637e-01
1.813223e-01
1.813656e-01
1.814097e-01
1.814548e-01
1.814976e-01
1.815411e-01
1.815839e-01
1.816271e-01
1.816699e-01
1.817131e-01
1.817559e-01
1.817991e-01
1.818431e-01
1.818870e-01
1.819305e-01
1.819749e-01
1.820184e-01
1.820628e-01
1.821064e-01
1.821496e-01
1.821931e-01
1.822363e-01
1.822799e-01
1.823231e-01
1.823667e-01
1.824100e-01
1.824536e-01
1.824968e-01
1.825397e-01
1.825843e-01
1.826279e-01
1.826725e-01
1.827162e-01
1.827609e-01
1.828046e-01
1.828493e-01
1.828955e-01
1.829435e-01
1.829938e-01
1.830464e-01
1.831008e-01
1.831548e-01
1.832092e-01
1.832637e-01
1.833188e-01
1.833742e-01
1.834174e-01
1.834618e-01
1.835073e-01
1.835514e-01
1.835966e-01
1.836408e-01
1.836845e-01
1.837292e-01
1.837729e-01
1.838177e-01
1.838615e-01
1.839064e-01
1.839502e-01
1.839951e-01
1.840388e-01
1.840837e-01
1.841276e-01
1.841726e-01
1.842165e-01
1.842616e-01
1.843056e-01
1.843506e-01
1.843972e-01
1.844455e-01
1.844959e-01
1.845485e-01
1.846033e-01
1.846580e-01
1.847123e-01
1.847663e-01
1.848206e-01
1.848751e-01
1.849187e-01
1.849635e-01
1.850094e-01
1.850538e-01
1.850994e-01
1.851440e-01
1.851896e-01
1.852342e-01
1.852800e-01
1.853247e-01
1.853705e-01
1.854153e-01
1.854591e-01
1.855039e-01
1.855499e-01
1.855949e-01
1.856410e-01
1.856860e-01
1.857322e-01
1.857773e-01
1.858237e-01
1.858689e-01
1.859154e-01
1.859607e-01
1.860074e-01
1.860528e-01
1.860997e-01
1.861453e-01
1.861923e-01
1.862380e-01
1.862853e-01
1.863313e-01
1.863788e-01
1.864250e-01
1.864728e-01
1.865192e-01
1.865674e-01
1.866141e-01
1.866627e-01
1.867097e-01
1.867588e-01
1.868062e-01
1.868558e-01
1.869037e-01
1.869540e-01
1.870024e-01
1.870534e-01
1.871016e-01
1.871524e-01
1.872012e-01
1.872518e-01
1.873011e-01
1.873522e-01
1.874018e-01
1.874524e-01
1.875048e-01
1.875598e-01
1.876059e-01
1.876499e-01
1.876956e-01
1.877396e-01
1.877843e-01
1.878279e-01
1.878759e-01
1.879196e-01
1.879676e-01
1.880112e-01
1.880593e-01
1.881029e-01
1.881510e-01
1.881947e-01
1.882427e-01
1.882864e-01
1.883345e-01
1.883782e-01
1.884263e-01
1.884700e-01
1.885153e-01
1.885590e-01
1.886039e-01
1.886476e-01
1.886925e-01
1.887363e-01
1.887812e-01
1.888250e-01
1.888699e-01
1.889138e-01
1.889587e-01
1.890026e-01
1.890476e-01
1.890914e-01
1.891374e-01
1.891813e-01
1.892271e-01
1.892710e-01
1.893167e-01
1.893607e-01
1.894063e-01
1.894503e-01
1.894958e-01
1.895399e-01
1.895854e-01
1.896295e-01
1.896748e-01
1.897189e-01
1.897638e-01
1.898079e-01
1.898534e-01
1.898976e-01
1.899430e-01
1.899872e-01
1.900326e-01
1.900770e-01
1.901224e-01
1.901668e-01
1.902122e-01
1.902567e-01
1.903021e-01
1.903467e-01
1.903922e-01
1.904369e-01
1.904824e-01
1.905288e-01
1.905762e-01
1.906247e-01
1.906745e-01
1.907256e-01
1.907783e-01
1.908320e-01
1.908859e-01
1.909401e-01
1.909947e-01
1.910495e-01
1.911019e-01
1.911543e-01
1.912067e-01
1.912585e-01
1.913100e-01
1.913617e-01
1.914137e-01
1.914661e-01
1.915189e-01
1.915719e-01
1.916253e-01
1.916790e-01
1.917305e-01
1.917822e-01
1.918339e-01
1.918857e-01
1.919374e-01
1.919888e-01
1.920402e-01
1.920919e-01
1.921439e-01
1.921964e-01
1.922494e-01
1.923029e-01
1.923540e-01
1.923985e-01
1.924439e-01
1.924903e-01
1.925354e-01
1.925813e-01
1.926264e-01
1.926711e-01
1.927166e-01
1.927613e-01
1.928069e-01
1.928516e-01
1.928972e-01
1.929419e-01
1.929875e-01
1.930322e-01
1.930778e-01
1.931226e-01
1.931682e-01
1.932129e-01
1.932586e-01
1.933055e-01
1.933538e-01
1.934039e-01
1.934549e-01
1.935061e-01
1.935575e-01
1.936086e-01
1.936599e-01
1.937117e-01
1.937642e-01
1.938174e-01
1.938683e-01
1.939194e-01
1.939706e-01
1.940216e-01
1.940727e-01
1.941244e-01
1.941767e-01
1.942296e-01
1.942806e-01
1.943319e-01
1.943833e-01
1.944349e-01
1.944866e-01
1.945381e-01
1.945897e-01
1.946418e-01
1.946946e-01
1.947481e-01
1.947995e-01
1.948512e-01
1.949030e-01
1.949544e-01
1.950059e-01
1.950579e-01
1.951103e-01
1.951634e-01
1.952171e-01
1.952615e-01
1.953067e-01
1.953528e-01
1.953999e-01
1.954443e-01
1.954896e-01
1.955356e-01
1.955827e-01
1.956272e-01
1.956724e-01
1.957185e-01
1.957655e-01
1.958137e-01
1.958630e-01
1.959137e-01
1.959659e-01
1.960186e-01
1.960713e-01
1.961236e-01
1.961756e-01
1.962282e-01
1.962810e-01
1.963345e-01
1.963885e-01
1.964429e-01
1.964978e-01
1.965533e-01
1.966061e-01
1.966590e-01
1.967119e-01
1.967642e-01
1.968163e-01
1.968688e-01
1.969216e-01
1.969749e-01
1.970286e-01
1.970827e-01
1.971372e-01
1.971920e-01
1.972472e-01
1.973029e-01
1.973591e-01
1.974156e-01
1.974677e-01
1.975138e-01
1.975645e-01
1.976106e-01
1.976613e-01
1.977073e-01
1.977565e-01
1.978026e-01
1.978533e-01
1.978994e-01
1.979501e-01
1.979962e-01
1.980460e-01
1.980921e-01
1.981409e-01
1.981869e-01
1.982317e-01
1.982774e-01
1.983241e-01
1.983686e-01
1.984139e-01
1.984584e-01
1.985038e-01
1.985483e-01
1.985937e-01
1.986383e-01
1.986837e-01
1.987284e-01
1.987738e-01
1.988185e-01
1.988640e-01
1.989086e-01
1.989542e-01
1.989989e-01
1.990444e-01
1.990905e-01
1.991357e-01
1.991817e-01
1.992286e-01
1.992734e-01
1.993190e-01
1.993655e-01
1.994108e-01
1.994569e-01
1.995036e-01
1.995485e-01
1.995942e-01
1.996408e-01
1.996875e-01
1.997354e-01
1.997821e-01
1.998300e-01
1.998767e-01
1.999246e-01
1.999713e-01
2.000191e-01
2.000658e-01
2.001136e-01
