# 1  : Date
# 2  : Temps elapsed min (mus)
# 3  : Rang temps elapsed min
# 4  : Noeud temps elapsed min
# 5  : Temps elapsed max (mus)
# 6  : Rang temps elapsed max
# 7  : Noeud temps elapsed max
# 8  : Grind time (mus/maille/cycle)
# 9  : Grind time équivalent séquentiel (#8 X nb_de_coeurs)
#     1     2     3     4      5      6      7       8      9
#   ATTENTION  les temps cpu schémas sont données dans l'ordre alphabétique des schémas WARNING
#  10: TELAPS Hydro (mus)
4.389057e-04   4.132e+04 0 inti1210   4.140e+04 3 inti1210   2.959e-01 4.735e+00  3.243e+04
1.323861e-03   5.019e+04 0 inti1210   5.298e+04 3 inti1210   3.666e-01 5.865e+00  4.131e+04
2.553563e-03   4.424e+04 0 inti1210   4.432e+04 3 inti1210   2.914e-01 4.662e+00  3.517e+04
3.971613e-03   4.719e+04 0 inti1210   4.728e+04 3 inti1210   2.950e-01 4.720e+00  3.771e+04
5.464406e-03   4.930e+04 0 inti1210   4.944e+04 3 inti1210   2.910e-01 4.656e+00  3.961e+04
7.196399e-03   5.204e+04 0 inti1210   5.216e+04 3 inti1210   2.911e-01 4.658e+00  4.163e+04
8.835546e-03   5.405e+04 0 inti1210   5.415e+04 3 inti1210   2.872e-01 4.595e+00  4.343e+04
9.774149e-03   5.538e+04 0 inti1210   5.547e+04 3 inti1210   2.868e-01 4.589e+00  4.460e+04
1.068226e-02   5.725e+04 0 inti1210   5.740e+04 3 inti1210   2.896e-01 4.633e+00  4.634e+04
1.171209e-02   5.874e+04 0 inti1210   5.885e+04 3 inti1210   2.899e-01 4.638e+00  4.739e+04
1.292372e-02   5.866e+04 0 inti1210   5.873e+04 3 inti1210   2.806e-01 4.490e+00  4.754e+04
1.426022e-02   5.973e+04 0 inti1210   5.985e+04 3 inti1210   2.775e-01 4.440e+00  4.844e+04
1.567449e-02   6.102e+04 0 inti1210   6.110e+04 3 inti1210   2.742e-01 4.388e+00  4.972e+04
1.709806e-02   6.197e+04 0 inti1210   6.207e+04 3 inti1210   2.707e-01 4.332e+00  5.061e+04
1.851399e-02   6.215e+04 0 inti1210   6.228e+04 3 inti1210   2.634e-01 4.214e+00  5.038e+04
1.970438e-02   6.312e+04 0 inti1210   6.318e+04 3 inti1210   2.609e-01 4.174e+00  5.132e+04
2.068728e-02   6.396e+04 0 inti1210   6.402e+04 3 inti1210   2.592e-01 4.146e+00  5.206e+04
2.174039e-02   6.485e+04 0 inti1210   6.493e+04 3 inti1210   2.577e-01 4.123e+00  5.290e+04
2.289269e-02   6.592e+04 0 inti1210   6.597e+04 3 inti1210   2.560e-01 4.095e+00  5.380e+04
2.413551e-02   6.673e+04 0 inti1210   6.678e+04 2 inti1210   2.535e-01 4.055e+00  5.461e+04
2.546972e-02   6.773e+04 0 inti1210   6.779e+04 3 inti1210   2.507e-01 4.011e+00  5.548e+04
2.689057e-02   6.884e+04 0 inti1210   6.890e+04 3 inti1210   2.485e-01 3.975e+00  5.655e+04
2.833506e-02   7.081e+04 0 inti1210   7.087e+04 3 inti1210   2.482e-01 3.971e+00  5.803e+04
2.982013e-02   7.208e+04 0 inti1210   7.217e+04 3 inti1210   2.462e-01 3.939e+00  5.911e+04
3.137139e-02   7.341e+04 0 inti1210   7.345e+04 3 inti1210   2.430e-01 3.888e+00  6.032e+04
3.299768e-02   7.586e+04 0 inti1210   7.592e+04 2 inti1210   2.441e-01 3.906e+00  6.244e+04
3.468223e-02   7.777e+04 0 inti1210   7.785e+04 3 inti1210   2.419e-01 3.871e+00  6.423e+04
3.642914e-02   7.935e+04 1 inti1210   7.945e+04 2 inti1210   2.390e-01 3.824e+00  6.558e+04
3.823198e-02   8.265e+04 0 inti1210   8.277e+04 3 inti1210   2.399e-01 3.839e+00  6.838e+04
4.011417e-02   8.170e+04 0 inti1210   8.183e+04 2 inti1210   2.291e-01 3.665e+00  6.757e+04
4.207897e-02   8.405e+04 0 inti1210   8.410e+04 1 inti1210   2.264e-01 3.623e+00  6.980e+04
4.409948e-02   8.653e+04 0 inti1210   8.659e+04 1 inti1210   2.255e-01 3.608e+00  7.189e+04
4.606664e-02   8.899e+04 0 inti1210   8.908e+04 2 inti1210   2.241e-01 3.585e+00  7.406e+04
4.802770e-02   9.124e+04 0 inti1210   9.130e+04 2 inti1210   2.227e-01 3.563e+00  7.607e+04
4.998813e-02   9.327e+04 0 inti1210   9.332e+04 2 inti1210   2.201e-01 3.522e+00  7.787e+04
5.198389e-02   9.586e+04 0 inti1210   9.592e+04 2 inti1210   2.198e-01 3.517e+00  8.010e+04
5.402216e-02   9.850e+04 0 inti1210   9.856e+04 2 inti1210   2.186e-01 3.498e+00  8.237e+04
5.611319e-02   1.011e+05 0 inti1210   1.012e+05 2 inti1210   2.179e-01 3.486e+00  8.457e+04
5.825136e-02   1.040e+05 0 inti1210   1.041e+05 2 inti1210   2.169e-01 3.471e+00  8.720e+04
6.040793e-02   1.065e+05 0 inti1210   1.066e+05 3 inti1210   2.162e-01 3.460e+00  8.945e+04
6.254614e-02   1.094e+05 0 inti1210   1.095e+05 2 inti1210   2.159e-01 3.455e+00  9.207e+04
6.472755e-02   1.084e+05 0 inti1210   1.085e+05 1 inti1210   2.086e-01 3.337e+00  9.149e+04
6.688201e-02   1.107e+05 0 inti1210   1.107e+05 1 inti1210   2.073e-01 3.316e+00  9.350e+04
6.894365e-02   1.131e+05 0 inti1210   1.131e+05 1 inti1210   2.072e-01 3.316e+00  9.548e+04
7.098297e-02   1.159e+05 0 inti1210   1.160e+05 2 inti1210   2.079e-01 3.326e+00  9.822e+04
7.301478e-02   1.179e+05 0 inti1210   1.180e+05 2 inti1210   2.072e-01 3.315e+00  9.984e+04
7.495352e-02   1.202e+05 0 inti1210   1.202e+05 1 inti1210   2.070e-01 3.312e+00  1.021e+05
7.682618e-02   1.226e+05 0 inti1210   1.227e+05 2 inti1210   2.076e-01 3.322e+00  1.041e+05
7.868699e-02   1.293e+05 0 inti1210   1.293e+05 2 inti1210   2.148e-01 3.437e+00  1.095e+05
8.055977e-02   1.283e+05 0 inti1210   1.283e+05 1 inti1210   2.097e-01 3.355e+00  1.091e+05
8.246428e-02   1.312e+05 0 inti1210   1.312e+05 2 inti1210   2.106e-01 3.370e+00  1.117e+05
8.441284e-02   1.331e+05 0 inti1210   1.332e+05 3 inti1210   2.104e-01 3.366e+00  1.136e+05
8.639968e-02   1.353e+05 0 inti1210   1.353e+05 3 inti1210   2.100e-01 3.360e+00  1.155e+05
8.818947e-02   1.399e+05 0 inti1210   1.400e+05 2 inti1210   2.142e-01 3.427e+00  1.199e+05
8.978800e-02   1.367e+05 2 inti1210   1.368e+05 1 inti1210   2.065e-01 3.304e+00  1.165e+05
9.137961e-02   1.376e+05 0 inti1210   1.377e+05 1 inti1210   2.054e-01 3.287e+00  1.175e+05
9.298173e-02   1.396e+05 0 inti1210   1.397e+05 3 inti1210   2.057e-01 3.291e+00  1.191e+05
9.459867e-02   1.406e+05 0 inti1210   1.406e+05 1 inti1210   2.047e-01 3.275e+00  1.201e+05
9.622803e-02   1.435e+05 0 inti1210   1.435e+05 3 inti1210   2.063e-01 3.301e+00  1.228e+05
9.790189e-02   1.466e+05 0 inti1210   1.467e+05 2 inti1210   2.085e-01 3.336e+00  1.258e+05
9.949859e-02   1.481e+05 0 inti1210   1.481e+05 2 inti1210   2.081e-01 3.329e+00  1.270e+05
1.010482e-01   1.521e+05 0 inti1210   1.522e+05 2 inti1210   2.117e-01 3.386e+00  1.306e+05
1.026926e-01   1.533e+05 0 inti1210   1.534e+05 2 inti1210   2.110e-01 3.376e+00  1.316e+05
1.043552e-01   1.612e+05 0 inti1210   1.612e+05 2 inti1210   2.194e-01 3.511e+00  1.391e+05
1.060100e-01   1.588e+05 0 inti1210   1.589e+05 1 inti1210   2.137e-01 3.420e+00  1.367e+05
1.076253e-01   1.616e+05 0 inti1210   1.617e+05 2 inti1210   2.153e-01 3.444e+00  1.394e+05
1.092303e-01   1.621e+05 0 inti1210   1.622e+05 1 inti1210   2.135e-01 3.417e+00  1.396e+05
1.108367e-01   1.661e+05 0 inti1210   1.662e+05 2 inti1210   2.166e-01 3.466e+00  1.434e+05
1.124286e-01   1.684e+05 0 inti1210   1.685e+05 2 inti1210   2.172e-01 3.475e+00  1.456e+05
1.140156e-01   1.730e+05 0 inti1210   1.731e+05 2 inti1210   2.209e-01 3.534e+00  1.499e+05
1.156108e-01   1.739e+05 0 inti1210   1.740e+05 2 inti1210   2.197e-01 3.515e+00  1.506e+05
1.172211e-01   1.646e+05 3 inti1210   1.647e+05 2 inti1210   2.060e-01 3.296e+00  1.419e+05
1.188623e-01   1.667e+05 3 inti1210   1.669e+05 2 inti1210   2.064e-01 3.303e+00  1.440e+05
1.205216e-01   1.684e+05 3 inti1210   1.686e+05 2 inti1210   2.064e-01 3.303e+00  1.457e+05
1.222165e-01   1.716e+05 3 inti1210   1.718e+05 1 inti1210   2.080e-01 3.328e+00  1.486e+05
1.239328e-01   1.737e+05 3 inti1210   1.739e+05 2 inti1210   2.083e-01 3.333e+00  1.499e+05
1.256697e-01   1.762e+05 3 inti1210   1.764e+05 2 inti1210   2.091e-01 3.345e+00  1.528e+05
1.274141e-01   1.806e+05 3 inti1210   1.807e+05 1 inti1210   2.121e-01 3.394e+00  1.569e+05
1.292119e-01   1.867e+05 3 inti1210   1.869e+05 1 inti1210   2.171e-01 3.473e+00  1.630e+05
1.309812e-01   1.896e+05 3 inti1210   1.898e+05 1 inti1210   2.183e-01 3.492e+00  1.652e+05
1.327500e-01   1.897e+05 3 inti1210   1.899e+05 1 inti1210   2.162e-01 3.459e+00  1.654e+05
1.344759e-01   1.847e+05 3 inti1210   1.849e+05 1 inti1210   2.088e-01 3.340e+00  1.596e+05
1.361548e-01   1.876e+05 3 inti1210   1.879e+05 0 inti1210   2.103e-01 3.365e+00  1.624e+05
1.379312e-01   1.905e+05 3 inti1210   1.908e+05 1 inti1210   2.118e-01 3.389e+00  1.651e+05
1.396914e-01   1.901e+05 3 inti1210   1.904e+05 1 inti1210   2.097e-01 3.355e+00  1.648e+05
1.414233e-01   1.925e+05 3 inti1210   1.927e+05 1 inti1210   2.108e-01 3.372e+00  1.672e+05
1.431069e-01   1.945e+05 3 inti1210   1.948e+05 1 inti1210   2.113e-01 3.381e+00  1.689e+05
1.447749e-01   1.956e+05 3 inti1210   1.959e+05 1 inti1210   2.111e-01 3.377e+00  1.701e+05
1.464499e-01   2.000e+05 3 inti1210   2.003e+05 1 inti1210   2.142e-01 3.427e+00  1.722e+05
1.482145e-01   1.992e+05 3 inti1210   1.996e+05 1 inti1210   2.120e-01 3.392e+00  1.733e+05
1.501850e-01   2.013e+05 3 inti1210   2.015e+05 0 inti1210   2.123e-01 3.397e+00  1.755e+05
1.522463e-01   1.984e+05 3 inti1210   1.988e+05 1 inti1210   2.079e-01 3.327e+00  1.722e+05
1.543320e-01   1.994e+05 3 inti1210   1.998e+05 1 inti1210   2.077e-01 3.322e+00  1.731e+05
1.564489e-01   2.002e+05 3 inti1210   2.005e+05 0 inti1210   2.073e-01 3.317e+00  1.740e+05
1.585335e-01   2.031e+05 3 inti1210   2.034e+05 0 inti1210   2.093e-01 3.349e+00  1.766e+05
1.605526e-01   2.029e+05 3 inti1210   2.033e+05 1 inti1210   2.082e-01 3.331e+00  1.765e+05
1.625556e-01   2.054e+05 3 inti1210   2.058e+05 1 inti1210   2.100e-01 3.360e+00  1.786e+05
1.646124e-01   2.055e+05 3 inti1210   2.161e+05 1 inti1210   2.198e-01 3.516e+00  1.790e+05
1.666508e-01   2.072e+05 3 inti1210   2.076e+05 1 inti1210   2.102e-01 3.364e+00  1.805e+05
1.687040e-01   2.081e+05 3 inti1210   2.084e+05 1 inti1210   2.102e-01 3.364e+00  1.813e+05
1.708198e-01   2.081e+05 3 inti1210   2.084e+05 1 inti1210   2.092e-01 3.348e+00  1.812e+05
1.729413e-01   2.080e+05 3 inti1210   2.083e+05 0 inti1210   2.084e-01 3.334e+00  1.811e+05
1.750482e-01   2.109e+05 3 inti1210   2.112e+05 1 inti1210   2.104e-01 3.366e+00  1.838e+05
1.771957e-01   2.110e+05 3 inti1210   2.114e+05 1 inti1210   2.096e-01 3.353e+00  1.838e+05
1.793481e-01   2.115e+05 3 inti1210   2.119e+05 1 inti1210   2.089e-01 3.343e+00  1.843e+05
1.814548e-01   2.132e+05 3 inti1210   2.135e+05 1 inti1210   2.095e-01 3.352e+00  1.859e+05
1.831548e-01   2.140e+05 3 inti1210   2.143e+05 0 inti1210   2.093e-01 3.349e+00  1.867e+05
1.849635e-01   2.149e+05 3 inti1210   2.153e+05 1 inti1210   2.094e-01 3.351e+00  1.875e+05
1.867097e-01   2.156e+05 3 inti1210   2.159e+05 1 inti1210   2.091e-01 3.346e+00  1.882e+05
1.885153e-01   2.157e+05 3 inti1210   2.160e+05 2 inti1210   2.085e-01 3.336e+00  1.882e+05
1.902122e-01   2.161e+05 3 inti1210   2.165e+05 1 inti1210   2.083e-01 3.333e+00  1.885e+05
1.921439e-01   2.175e+05 3 inti1210   2.179e+05 2 inti1210   2.091e-01 3.346e+00  1.901e+05
1.939706e-01   2.175e+05 3 inti1210   2.178e+05 2 inti1210   2.087e-01 3.339e+00  1.899e+05
1.958630e-01   2.176e+05 3 inti1210   2.180e+05 1 inti1210   2.086e-01 3.337e+00  1.902e+05
1.978533e-01   2.181e+05 3 inti1210   2.185e+05 1 inti1210   2.088e-01 3.341e+00  1.904e+05
1.995942e-01   2.179e+05 3 inti1210   2.183e+05 1 inti1210   2.084e-01 3.334e+00  1.904e+05
