#   1 : Date        
# Date        
0.000000e+00
1.807392e-05
2.865299e-05
3.680825e-05
4.331462e-05
4.906367e-05
5.538763e-05
6.204872e-05
6.795979e-05
7.446196e-05
8.161436e-05
8.947053e-05
9.702468e-05
1.053342e-04
1.143002e-04
1.241628e-04
1.337027e-04
1.436480e-04
1.545879e-04
1.657374e-04
1.769297e-04
1.886124e-04
2.010176e-04
2.132284e-04
2.257171e-04
2.388127e-04
2.521957e-04
2.655017e-04
2.797183e-04
2.939297e-04
3.084532e-04
3.235230e-04
3.388720e-04
3.545256e-04
3.707045e-04
3.871136e-04
4.039712e-04
4.213429e-04
4.389057e-04
4.566041e-04
4.748726e-04
4.934284e-04
5.123968e-04
5.317204e-04
5.513472e-04
5.713195e-04
5.916317e-04
6.121877e-04
6.330631e-04
6.541431e-04
6.756129e-04
6.973298e-04
7.193540e-04
7.416524e-04
7.642145e-04
7.870888e-04
8.102207e-04
8.336410e-04
8.572999e-04
8.811975e-04
9.052984e-04
9.296850e-04
9.542344e-04
9.790738e-04
1.004107e-03
1.029433e-03
1.054937e-03
1.080786e-03
1.106828e-03
1.133123e-03
1.159624e-03
1.186464e-03
1.213485e-03
1.240660e-03
1.267814e-03
1.295174e-03
1.322930e-03
1.351116e-03
1.379486e-03
1.407056e-03
1.433920e-03
1.459873e-03
1.485136e-03
1.509913e-03
1.534239e-03
1.558421e-03
1.582302e-03
1.606134e-03
1.629782e-03
1.653435e-03
1.677003e-03
1.700570e-03
1.724071e-03
1.747587e-03
1.770892e-03
1.794256e-03
1.817468e-03
1.840790e-03
1.864056e-03
1.887413e-03
1.910634e-03
1.933873e-03
1.956885e-03
1.980047e-03
2.003005e-03
2.026204e-03
2.049414e-03
2.072624e-03
2.095709e-03
2.118932e-03
2.142195e-03
2.165500e-03
2.188925e-03
2.212488e-03
2.236042e-03
2.259851e-03
2.283755e-03
2.307676e-03
2.331421e-03
2.355169e-03
2.378801e-03
2.402413e-03
2.425968e-03
2.449480e-03
2.472989e-03
2.496433e-03
2.519925e-03
2.543336e-03
2.566829e-03
2.590233e-03
2.613701e-03
2.637122e-03
2.660591e-03
2.684049e-03
2.707541e-03
2.731053e-03
2.754586e-03
2.778168e-03
2.801760e-03
2.825425e-03
2.849089e-03
2.872851e-03
2.896601e-03
2.920443e-03
2.944291e-03
2.968223e-03
2.992178e-03
3.016209e-03
3.040284e-03
3.064422e-03
3.088625e-03
3.112880e-03
3.137221e-03
3.161601e-03
3.186091e-03
3.210605e-03
3.235233e-03
3.259887e-03
3.284646e-03
3.309446e-03
3.334339e-03
3.359292e-03
3.384325e-03
3.409439e-03
3.434617e-03
3.459901e-03
3.485231e-03
3.510684e-03
3.536173e-03
3.561771e-03
3.587428e-03
3.613178e-03
3.639014e-03
3.664923e-03
3.690949e-03
3.717023e-03
3.743231e-03
3.769481e-03
3.795847e-03
3.822282e-03
3.848815e-03
3.875445e-03
3.902153e-03
3.928992e-03
3.955884e-03
3.982897e-03
4.009984e-03
4.037172e-03
4.064465e-03
4.091837e-03
4.119351e-03
4.146914e-03
4.174607e-03
4.202374e-03
4.230248e-03
4.258227e-03
4.286290e-03
4.314491e-03
4.342751e-03
4.371127e-03
4.399593e-03
4.428150e-03
4.456836e-03
4.485586e-03
4.514467e-03
4.543421e-03
4.572485e-03
4.601652e-03
4.630906e-03
4.660295e-03
4.689748e-03
4.719318e-03
4.748979e-03
4.778734e-03
4.808617e-03
4.838566e-03
4.868645e-03
4.898797e-03
4.929057e-03
4.959429e-03
4.989884e-03
5.020470e-03
5.051133e-03
5.081905e-03
5.112787e-03
5.143753e-03
5.174860e-03
5.206031e-03
5.237323e-03
5.268711e-03
5.300197e-03
5.331814e-03
5.363502e-03
5.395306e-03
5.427212e-03
5.459210e-03
5.491349e-03
5.523554e-03
5.555798e-03
5.588097e-03
5.620431e-03
5.652845e-03
5.685322e-03
5.717904e-03
5.750504e-03
5.783135e-03
5.815800e-03
5.848533e-03
5.881336e-03
5.914240e-03
5.947197e-03
5.980183e-03
6.013208e-03
6.046308e-03
6.079491e-03
6.112791e-03
6.146135e-03
6.179524e-03
6.212970e-03
6.246512e-03
6.280160e-03
6.313913e-03
6.347694e-03
6.381544e-03
6.415479e-03
6.449536e-03
6.483706e-03
6.517916e-03
6.552189e-03
6.586570e-03
6.621082e-03
6.655706e-03
6.690386e-03
6.725181e-03
6.760130e-03
6.795273e-03
6.830494e-03
6.865870e-03
6.901449e-03
6.937134e-03
6.972884e-03
7.008708e-03
7.044611e-03
7.080600e-03
7.116678e-03
7.152830e-03
7.189049e-03
7.225345e-03
7.261719e-03
7.298179e-03
7.334727e-03
7.371339e-03
7.408016e-03
7.444768e-03
7.481598e-03
7.518515e-03
7.555510e-03
7.592570e-03
7.629698e-03
7.666906e-03
7.704199e-03
7.741590e-03
7.779057e-03
7.816605e-03
7.854243e-03
7.891991e-03
7.929835e-03
7.967770e-03
8.005809e-03
8.043974e-03
8.082255e-03
8.120639e-03
8.159143e-03
8.197790e-03
8.236561e-03
8.275449e-03
8.314472e-03
8.353657e-03
8.392961e-03
8.432400e-03
8.471988e-03
8.511742e-03
8.551560e-03
8.591481e-03
8.631457e-03
8.671530e-03
8.711697e-03
8.751954e-03
8.792233e-03
8.832666e-03
8.873077e-03
8.913653e-03
8.954139e-03
8.994763e-03
9.035408e-03
9.076150e-03
9.116908e-03
9.157726e-03
9.198531e-03
9.239379e-03
9.280250e-03
9.321107e-03
9.361930e-03
9.402850e-03
9.443754e-03
9.484689e-03
9.525603e-03
9.566551e-03
9.607513e-03
9.648476e-03
9.689411e-03
9.730453e-03
9.771504e-03
9.812602e-03
9.853706e-03
9.894861e-03
9.936060e-03
9.977294e-03
1.001852e-02
1.005988e-02
1.010132e-02
1.014275e-02
1.018423e-02
1.022579e-02
1.026744e-02
1.030914e-02
1.035089e-02
1.039281e-02
1.043476e-02
1.047675e-02
1.051879e-02
1.056097e-02
1.060323e-02
1.064561e-02
1.068811e-02
1.073068e-02
1.077330e-02
1.081598e-02
1.085873e-02
1.090167e-02
1.094468e-02
1.098780e-02
1.103102e-02
1.107430e-02
1.111766e-02
1.116112e-02
1.120470e-02
1.124841e-02
1.129220e-02
1.133609e-02
1.138009e-02
1.142423e-02
1.146846e-02
1.151277e-02
1.155727e-02
1.160183e-02
1.164650e-02
1.169122e-02
1.173605e-02
1.178103e-02
1.182612e-02
1.187133e-02
1.191667e-02
1.196214e-02
1.200773e-02
1.205345e-02
1.209928e-02
1.214513e-02
1.219123e-02
1.223741e-02
1.228372e-02
1.233012e-02
1.237666e-02
1.242334e-02
1.247016e-02
1.251711e-02
1.256422e-02
1.261146e-02
1.265887e-02
1.270641e-02
1.275415e-02
1.280203e-02
1.285001e-02
1.289802e-02
1.294627e-02
1.299463e-02
1.304314e-02
1.309178e-02
1.314058e-02
1.318951e-02
1.323860e-02
1.328784e-02
1.333728e-02
1.338687e-02
1.343665e-02
1.348659e-02
1.353677e-02
1.358710e-02
1.363765e-02
1.368835e-02
1.373930e-02
1.379038e-02
1.384158e-02
1.389289e-02
1.394427e-02
1.399570e-02
1.404721e-02
1.409879e-02
1.415042e-02
1.420211e-02
1.425387e-02
1.430575e-02
1.435771e-02
1.440971e-02
1.446180e-02
1.448706e-02
1.451231e-02
1.453754e-02
1.456277e-02
1.458800e-02
1.461323e-02
1.463847e-02
1.466374e-02
1.468901e-02
1.471431e-02
1.473963e-02
1.476497e-02
1.479000e-02
1.481502e-02
1.484006e-02
1.486512e-02
1.489020e-02
1.491533e-02
1.494049e-02
1.496566e-02
1.499087e-02
1.501617e-02
1.504168e-02
1.506734e-02
1.509207e-02
1.511688e-02
1.514189e-02
1.516730e-02
1.519325e-02
1.521749e-02
1.524193e-02
1.526689e-02
1.529090e-02
1.531499e-02
1.533944e-02
1.536326e-02
1.538717e-02
1.541136e-02
1.543512e-02
1.545890e-02
1.548292e-02
1.550658e-02
1.553027e-02
1.555416e-02
1.557777e-02
1.560138e-02
1.562519e-02
1.564873e-02
1.567230e-02
1.569605e-02
1.571958e-02
1.574311e-02
1.576681e-02
1.579034e-02
1.581387e-02
1.583754e-02
1.586109e-02
1.588462e-02
1.590827e-02
1.593185e-02
1.595541e-02
1.597907e-02
1.600272e-02
1.602633e-02
1.605002e-02
1.607392e-02
1.609761e-02
1.612133e-02
1.614524e-02
1.616900e-02
1.619279e-02
1.621673e-02
1.624061e-02
1.626448e-02
1.628848e-02
1.631248e-02
1.633646e-02
1.636053e-02
1.638483e-02
1.640894e-02
1.643310e-02
1.645745e-02
1.648173e-02
1.650601e-02
1.653044e-02
1.655489e-02
1.657933e-02
1.660386e-02
1.662863e-02
1.665326e-02
1.667793e-02
1.670277e-02
1.672765e-02
1.675251e-02
1.677747e-02
1.680270e-02
1.682784e-02
1.685300e-02
1.687831e-02
1.690384e-02
1.692931e-02
1.695482e-02
1.698053e-02
1.700632e-02
1.703219e-02
1.705809e-02
1.708417e-02
1.711029e-02
1.713647e-02
1.716262e-02
1.718892e-02
1.721499e-02
1.724116e-02
1.726711e-02
1.729316e-02
1.731917e-02
1.734538e-02
1.737133e-02
1.739741e-02
1.742324e-02
1.744917e-02
1.747513e-02
1.750132e-02
1.752721e-02
1.755325e-02
1.757900e-02
1.760487e-02
1.763046e-02
1.765861e-02
1.768441e-02
1.771104e-02
1.773673e-02
1.776257e-02
1.778811e-02
1.781377e-02
1.784200e-02
1.787114e-02
1.789630e-02
1.792376e-02
1.794894e-02
1.797663e-02
1.800183e-02
1.802787e-02
1.805306e-02
1.807865e-02
1.810397e-02
1.812963e-02
1.815498e-02
1.818057e-02
1.820585e-02
1.823129e-02
1.825683e-02
1.828270e-02
1.830824e-02
1.833400e-02
1.835986e-02
1.838546e-02
1.841131e-02
1.843758e-02
1.846340e-02
1.848943e-02
1.851566e-02
1.854227e-02
1.856854e-02
1.859520e-02
1.862128e-02
1.864759e-02
1.867418e-02
1.870020e-02
1.872647e-02
1.875302e-02
1.877941e-02
1.880607e-02
1.883216e-02
1.885842e-02
1.888492e-02
1.891171e-02
1.893831e-02
1.896528e-02
1.899160e-02
1.901814e-02
1.904416e-02
1.907036e-02
1.909681e-02
1.912425e-02
1.915090e-02
1.917785e-02
1.920416e-02
1.923066e-02
1.925668e-02
1.928284e-02
1.931142e-02
1.934024e-02
1.936950e-02
1.939940e-02
1.942476e-02
1.945266e-02
1.947785e-02
1.950556e-02
1.953062e-02
1.955582e-02
1.958078e-02
1.960824e-02
1.963655e-02
1.966494e-02
1.969345e-02
1.972225e-02
1.974728e-02
1.977482e-02
1.979976e-02
1.982720e-02
1.985205e-02
1.987939e-02
1.990414e-02
1.992904e-02
1.995371e-02
1.998084e-02
2.001070e-02
2.004124e-02
2.007247e-02
2.010452e-02
2.012924e-02
2.015642e-02
2.018105e-02
2.020583e-02
2.023037e-02
2.025737e-02
2.028666e-02
2.031597e-02
2.034529e-02
2.037462e-02
2.039918e-02
2.042620e-02
2.045067e-02
2.047527e-02
2.049964e-02
2.052645e-02
2.055595e-02
2.058577e-02
2.061030e-02
2.063728e-02
2.066173e-02
2.068632e-02
2.071067e-02
2.073745e-02
2.076691e-02
2.079924e-02
2.082388e-02
2.085100e-02
2.087559e-02
2.090040e-02
2.092493e-02
2.094967e-02
2.097687e-02
2.100600e-02
2.103519e-02
2.106448e-02
2.109389e-02
2.112347e-02
2.115326e-02
2.118334e-02
2.121378e-02
2.124473e-02
2.127626e-02
2.130854e-02
2.133347e-02
2.136088e-02
2.138587e-02
2.141336e-02
2.143835e-02
2.146585e-02
2.149085e-02
2.151834e-02
2.154333e-02
2.157082e-02
2.159580e-02
2.162328e-02
2.164825e-02
2.167572e-02
2.170068e-02
2.172813e-02
2.175308e-02
2.178051e-02
2.180543e-02
2.183284e-02
2.185773e-02
2.188284e-02
2.190770e-02
2.193276e-02
2.195755e-02
2.198254e-02
2.200726e-02
2.203446e-02
2.206438e-02
2.209471e-02
2.211966e-02
2.214502e-02
2.216994e-02
2.219505e-02
2.221991e-02
2.224494e-02
2.226972e-02
2.229468e-02
2.231939e-02
2.234656e-02
2.237178e-02
2.239769e-02
2.242297e-02
2.244855e-02
2.247384e-02
2.249942e-02
2.252471e-02
2.255026e-02
2.257554e-02
2.260108e-02
2.262634e-02
2.265187e-02
2.267714e-02
2.270493e-02
2.273317e-02
2.276147e-02
2.278982e-02
2.281825e-02
2.284676e-02
2.287539e-02
2.290075e-02
2.292864e-02
2.295766e-02
2.298687e-02
2.301629e-02
2.304597e-02
2.307593e-02
2.310625e-02
2.313695e-02
2.316816e-02
2.319993e-02
2.322808e-02
2.325626e-02
2.328449e-02
2.330954e-02
2.333661e-02
2.336166e-02
2.338923e-02
2.341426e-02
2.344179e-02
2.346680e-02
2.349210e-02
2.351710e-02
2.354239e-02
2.356739e-02
2.359490e-02
2.361989e-02
2.364738e-02
2.367237e-02
2.369987e-02
2.372806e-02
2.375628e-02
2.378452e-02
2.381281e-02
2.384117e-02
2.386961e-02
2.389814e-02
2.392678e-02
2.395554e-02
2.398446e-02
2.401354e-02
2.404285e-02
2.406678e-02
2.409289e-02
2.411664e-02
2.414275e-02
2.416629e-02
2.419001e-02
2.421337e-02
2.423691e-02
2.426010e-02
2.428348e-02
2.430920e-02
2.433745e-02
2.436577e-02
2.439418e-02
2.442270e-02
2.445137e-02
2.448020e-02
2.450924e-02
2.453845e-02
2.456805e-02
2.459766e-02
2.462550e-02
2.465329e-02
2.468107e-02
2.470885e-02
2.473665e-02
2.475974e-02
2.478513e-02
2.480823e-02
2.483365e-02
2.485674e-02
2.488214e-02
2.490520e-02
2.492850e-02
2.495155e-02
2.497482e-02
2.499784e-02
2.502108e-02
2.504664e-02
2.507382e-02
2.510096e-02
2.512813e-02
2.515532e-02
2.518259e-02
2.520995e-02
2.523743e-02
2.526485e-02
2.529272e-02
2.531630e-02
2.534223e-02
2.536588e-02
2.538979e-02
2.541347e-02
2.543740e-02
2.546110e-02
2.548502e-02
2.550871e-02
2.553476e-02
2.556177e-02
2.558925e-02
2.561664e-02
2.564314e-02
2.566958e-02
2.569600e-02
2.572243e-02
2.574891e-02
2.577549e-02
2.580219e-02
2.582645e-02
2.585280e-02
2.587713e-02
2.590172e-02
2.592609e-02
2.595070e-02
2.597508e-02
2.599969e-02
2.602407e-02
2.605054e-02
2.607711e-02
2.610386e-02
2.613081e-02
2.615801e-02
2.618522e-02
2.621312e-02
2.624091e-02
2.626737e-02
2.629384e-02
2.632039e-02
2.634703e-02
2.637383e-02
2.639879e-02
2.642582e-02
2.645086e-02
2.647840e-02
2.650347e-02
2.652880e-02
2.655389e-02
2.657922e-02
2.660431e-02
2.662964e-02
2.665472e-02
2.668002e-02
2.670725e-02
2.673469e-02
2.676235e-02
2.679029e-02
2.681853e-02
2.684716e-02
2.687535e-02
2.690251e-02
2.692971e-02
2.695697e-02
2.698432e-02
2.701183e-02
2.703951e-02
2.706740e-02
2.709553e-02
2.712392e-02
2.715260e-02
2.718162e-02
2.720713e-02
2.723444e-02
2.725999e-02
2.728770e-02
2.731327e-02
2.733908e-02
2.736466e-02
2.739047e-02
2.741605e-02
2.744185e-02
2.746743e-02
2.749321e-02
2.751878e-02
2.754456e-02
2.757264e-02
2.760075e-02
2.762890e-02
2.765709e-02
2.768533e-02
2.771366e-02
2.774211e-02
2.777071e-02
2.779950e-02
2.782848e-02
2.785767e-02
2.788710e-02
2.791676e-02
2.794670e-02
2.797523e-02
2.800377e-02
2.803234e-02
2.806095e-02
2.808960e-02
2.811829e-02
2.814707e-02
2.817597e-02
2.820503e-02
2.823426e-02
2.826369e-02
2.829333e-02
2.832320e-02
2.835333e-02
2.838216e-02
2.841101e-02
2.843990e-02
2.846880e-02
2.849775e-02
2.852673e-02
2.855577e-02
2.858488e-02
2.861078e-02
2.863795e-02
2.866389e-02
2.869241e-02
2.871838e-02
2.874694e-02
2.877292e-02
2.880149e-02
2.882748e-02
2.885607e-02
2.888207e-02
2.891067e-02
2.893667e-02
2.896291e-02
2.898893e-02
2.901518e-02
2.904120e-02
2.906745e-02
2.909347e-02
2.911972e-02
2.914575e-02
2.917200e-02
2.919804e-02
2.922669e-02
2.925743e-02
2.928688e-02
2.931636e-02
2.934586e-02
2.937540e-02
2.940496e-02
2.943457e-02
2.946421e-02
2.949392e-02
2.952373e-02
2.955366e-02
2.958375e-02
2.960992e-02
2.963872e-02
2.966491e-02
2.969372e-02
2.971993e-02
2.974876e-02
2.977500e-02
2.980386e-02
2.983013e-02
2.985902e-02
2.988532e-02
2.991426e-02
2.994059e-02
2.996956e-02
2.999593e-02
3.002494e-02
3.005503e-02
3.008522e-02
3.011551e-02
3.014593e-02
3.017648e-02
3.020713e-02
3.023791e-02
3.026879e-02
3.029978e-02
3.033081e-02
3.036185e-02
3.039294e-02
3.042408e-02
3.045530e-02
3.048659e-02
3.051801e-02
3.054954e-02
3.058124e-02
3.061165e-02
3.064351e-02
3.067390e-02
3.070433e-02
3.073471e-02
3.076510e-02
3.079547e-02
3.082582e-02
3.085617e-02
3.088654e-02
3.091697e-02
3.094749e-02
3.097809e-02
3.100878e-02
3.103957e-02
3.107046e-02
3.110143e-02
3.113248e-02
3.116361e-02
3.119482e-02
3.122609e-02
3.125744e-02
3.128885e-02
3.132033e-02
3.134672e-02
3.137331e-02
3.139971e-02
3.142631e-02
3.145271e-02
3.147932e-02
3.150573e-02
3.153235e-02
3.155878e-02
3.158541e-02
3.161185e-02
3.164093e-02
3.167168e-02
3.170238e-02
3.173307e-02
3.176373e-02
3.179438e-02
3.182505e-02
3.185577e-02
3.188655e-02
3.191742e-02
3.194836e-02
3.197938e-02
3.201049e-02
3.204167e-02
3.207293e-02
3.210427e-02
3.213570e-02
3.216722e-02
3.219883e-02
3.223055e-02
3.226239e-02
3.229435e-02
3.232647e-02
3.235876e-02
3.239125e-02
3.241795e-02
3.244732e-02
3.247405e-02
3.250346e-02
3.253024e-02
3.255968e-02
3.258649e-02
3.261352e-02
3.264037e-02
3.266744e-02
3.269432e-02
3.272142e-02
3.275123e-02
3.278249e-02
3.281388e-02
3.284542e-02
3.287710e-02
3.290894e-02
3.293596e-02
3.296432e-02
3.299402e-02
3.302500e-02
3.305728e-02
3.308628e-02
3.311297e-02
3.314181e-02
3.316867e-02
3.319560e-02
3.322264e-02
3.325185e-02
3.327864e-02
3.330580e-02
3.333263e-02
3.336114e-02
3.338832e-02
3.341605e-02
3.344332e-02
3.347250e-02
3.350440e-02
3.353646e-02
3.356818e-02
3.360064e-02
3.363144e-02
3.366245e-02
3.369233e-02
3.372275e-02
3.375185e-02
3.378121e-02
3.380971e-02
3.383836e-02
3.386640e-02
3.389726e-02
3.392851e-02
3.395991e-02
3.399145e-02
3.402314e-02
3.405500e-02
3.408704e-02
3.411925e-02
3.415166e-02
3.417933e-02
3.420757e-02
3.423526e-02
3.426320e-02
3.429394e-02
3.432504e-02
3.435614e-02
3.438725e-02
3.441840e-02
3.444962e-02
3.448050e-02
3.451195e-02
3.454214e-02
3.457284e-02
3.460247e-02
3.463245e-02
3.466162e-02
3.469102e-02
3.471982e-02
3.475096e-02
3.478212e-02
3.481326e-02
3.484442e-02
3.487558e-02
3.490676e-02
3.493795e-02
3.496919e-02
3.500053e-02
3.503199e-02
3.506359e-02
3.509535e-02
3.512728e-02
3.515933e-02
3.519152e-02
3.521893e-02
3.524697e-02
3.527439e-02
3.530374e-02
3.533118e-02
3.535884e-02
3.538627e-02
3.541393e-02
3.544136e-02
3.546902e-02
3.549644e-02
3.552408e-02
3.555149e-02
3.557912e-02
3.560653e-02
3.563414e-02
3.566154e-02
3.568915e-02
3.571951e-02
3.575155e-02
3.578275e-02
3.581395e-02
3.584516e-02
3.587637e-02
3.590761e-02
3.593887e-02
3.597017e-02
3.600155e-02
3.603305e-02
3.606469e-02
3.609650e-02
3.612847e-02
3.616064e-02
3.619300e-02
3.622543e-02
3.625666e-02
3.628790e-02
3.631913e-02
3.634677e-02
3.637553e-02
3.640322e-02
3.643368e-02
3.646139e-02
3.648934e-02
3.651709e-02
3.654505e-02
3.657281e-02
3.660079e-02
3.662856e-02
3.665655e-02
3.668433e-02
3.671233e-02
3.674312e-02
3.677428e-02
3.680546e-02
3.683665e-02
3.686788e-02
3.689915e-02
3.693050e-02
3.696199e-02
3.699364e-02
3.702548e-02
3.705752e-02
3.708977e-02
3.712227e-02
3.715344e-02
3.718462e-02
3.721581e-02
3.724384e-02
3.727261e-02
3.730068e-02
3.732900e-02
3.735710e-02
3.738543e-02
3.741355e-02
3.744189e-02
3.747001e-02
3.749836e-02
3.752648e-02
3.755482e-02
3.758295e-02
3.761129e-02
3.763941e-02
3.767035e-02
3.770150e-02
3.773266e-02
3.776388e-02
3.779515e-02
3.782654e-02
3.785808e-02
3.788640e-02
3.791523e-02
3.794359e-02
3.797221e-02
3.800060e-02
3.802923e-02
3.805729e-02
3.808591e-02
3.811430e-02
3.814291e-02
3.817128e-02
3.819988e-02
3.822825e-02
3.825684e-02
3.828516e-02
3.831370e-02
3.834199e-02
3.837052e-02
3.839875e-02
3.842733e-02
3.845565e-02
3.848597e-02
3.851566e-02
3.854645e-02
3.857461e-02
3.860300e-02
3.863122e-02
3.865970e-02
3.868808e-02
3.871680e-02
3.874522e-02
3.877387e-02
3.880397e-02
3.883585e-02
3.886660e-02
3.889735e-02
3.892812e-02
3.895889e-02
3.898736e-02
3.901636e-02
3.904650e-02
3.907749e-02
3.910820e-02
3.913936e-02
3.916952e-02
3.919993e-02
3.922959e-02
3.925941e-02
3.928867e-02
3.931806e-02
3.934889e-02
3.937972e-02
3.941060e-02
3.944152e-02
3.947252e-02
3.950365e-02
3.953494e-02
3.956643e-02
3.959813e-02
3.963006e-02
3.966224e-02
3.969308e-02
3.972393e-02
3.975478e-02
3.978565e-02
3.981654e-02
3.984746e-02
3.987843e-02
3.990950e-02
3.994072e-02
3.997212e-02
4.000371e-02
4.003235e-02
4.006158e-02
4.009027e-02
4.011918e-02
4.014995e-02
4.018072e-02
4.021150e-02
4.024230e-02
4.027315e-02
4.030409e-02
4.033516e-02
4.036639e-02
4.039780e-02
4.042943e-02
4.046066e-02
4.049132e-02
4.052197e-02
4.055261e-02
4.058288e-02
4.061344e-02
4.064333e-02
4.067346e-02
4.070305e-02
4.073356e-02
4.076292e-02
4.079422e-02
4.082575e-02
4.085752e-02
4.088808e-02
4.091863e-02
4.094919e-02
4.097976e-02
4.101036e-02
4.104100e-02
4.107170e-02
4.110252e-02
4.113351e-02
4.116468e-02
4.119609e-02
4.122774e-02
4.125967e-02
4.129026e-02
4.132088e-02
4.135151e-02
4.137990e-02
4.141060e-02
4.143900e-02
4.146982e-02
4.150076e-02
4.153188e-02
4.156319e-02
4.159473e-02
4.162652e-02
4.165859e-02
4.168937e-02
4.172018e-02
4.175101e-02
4.178187e-02
4.181277e-02
4.184372e-02
4.187474e-02
4.190584e-02
4.193709e-02
4.196851e-02
4.200012e-02
4.203196e-02
4.206373e-02
4.209604e-02
4.212784e-02
4.215895e-02
4.219009e-02
4.222126e-02
4.224974e-02
4.227869e-02
4.230719e-02
4.233592e-02
4.236444e-02
4.239318e-02
4.242170e-02
4.245044e-02
4.247896e-02
4.250770e-02
4.253622e-02
4.256496e-02
4.259349e-02
4.262223e-02
4.265075e-02
4.267948e-02
4.270800e-02
4.273674e-02
4.276824e-02
4.279976e-02
4.283130e-02
4.286285e-02
4.289445e-02
4.292613e-02
4.295791e-02
4.298983e-02
4.302188e-02
4.305407e-02
4.308642e-02
4.311891e-02
4.315094e-02
4.318374e-02
4.321578e-02
4.324893e-02
4.328097e-02
4.331420e-02
4.334601e-02
4.337780e-02
4.340961e-02
4.344140e-02
4.347320e-02
4.350499e-02
4.353680e-02
4.356867e-02
4.360061e-02
4.363264e-02
4.366478e-02
4.369702e-02
4.372910e-02
4.376154e-02
4.379363e-02
4.382628e-02
4.385492e-02
4.388402e-02
4.391267e-02
4.394156e-02
4.397022e-02
4.399911e-02
4.402779e-02
4.405668e-02
4.408535e-02
4.411424e-02
4.414291e-02
4.417180e-02
4.420047e-02
4.422935e-02
4.425802e-02
4.428690e-02
4.431557e-02
4.434710e-02
4.437907e-02
4.441111e-02
4.444322e-02
4.447541e-02
4.450760e-02
4.453997e-02
4.457218e-02
4.460471e-02
4.463344e-02
4.466264e-02
4.469138e-02
4.472035e-02
4.474910e-02
4.477807e-02
4.480682e-02
4.483579e-02
4.486453e-02
4.489348e-02
4.492222e-02
4.495117e-02
4.497989e-02
4.500883e-02
4.503754e-02
4.506647e-02
4.509517e-02
4.512409e-02
4.515590e-02
4.518918e-02
4.522146e-02
4.525367e-02
4.528588e-02
4.531805e-02
4.535022e-02
4.538235e-02
4.541448e-02
4.544661e-02
4.547877e-02
4.551099e-02
4.554328e-02
4.557563e-02
4.560799e-02
4.564035e-02
4.566908e-02
4.569827e-02
4.572701e-02
4.575726e-02
4.578602e-02
4.581609e-02
4.584486e-02
4.587471e-02
4.590611e-02
4.593841e-02
4.597071e-02
4.600302e-02
4.603532e-02
4.606763e-02
4.609994e-02
4.613226e-02
4.616459e-02
4.619692e-02
4.622926e-02
4.626161e-02
4.629396e-02
4.632633e-02
4.635872e-02
4.639111e-02
4.642353e-02
4.645596e-02
4.648841e-02
4.652088e-02
4.655337e-02
4.658589e-02
4.661842e-02
4.665100e-02
4.668358e-02
4.671623e-02
4.674891e-02
4.678163e-02
4.681440e-02
4.684723e-02
4.687606e-02
4.690534e-02
4.693418e-02
4.696590e-02
4.699835e-02
4.703158e-02
4.706402e-02
4.709746e-02
4.712989e-02
4.716314e-02
4.719556e-02
4.722868e-02
4.726110e-02
4.729413e-02
4.732655e-02
4.735952e-02
4.739193e-02
4.742425e-02
4.745657e-02
4.748888e-02
4.752119e-02
4.755349e-02
4.758578e-02
4.761876e-02
4.765131e-02
4.768433e-02
4.771695e-02
4.775052e-02
4.778539e-02
4.782175e-02
4.785058e-02
4.788230e-02
4.791113e-02
4.794285e-02
4.797168e-02
4.800340e-02
4.803224e-02
4.806396e-02
4.809280e-02
4.812452e-02
4.815336e-02
4.818509e-02
4.821393e-02
4.824566e-02
4.827451e-02
4.830625e-02
4.833510e-02
4.836684e-02
4.839569e-02
4.842743e-02
4.845629e-02
4.848804e-02
4.851690e-02
4.854599e-02
4.857486e-02
4.860395e-02
4.863282e-02
4.866192e-02
4.869079e-02
4.871989e-02
4.874877e-02
4.877787e-02
4.880675e-02
4.883586e-02
4.886474e-02
4.889652e-02
4.892893e-02
4.896176e-02
4.899421e-02
4.902710e-02
4.905961e-02
4.909300e-02
4.912557e-02
4.915907e-02
4.919173e-02
4.922538e-02
4.925814e-02
4.929199e-02
4.932489e-02
4.935898e-02
4.939206e-02
4.942645e-02
4.945974e-02
4.949244e-02
4.952409e-02
4.955658e-02
4.958819e-02
4.962059e-02
4.965218e-02
4.968452e-02
4.971610e-02
4.974833e-02
4.977989e-02
4.981203e-02
4.984364e-02
4.987578e-02
4.990753e-02
4.993978e-02
4.997174e-02
5.000418e-02
5.003321e-02
5.006273e-02
5.009178e-02
5.012107e-02
5.015013e-02
5.017942e-02
5.020849e-02
5.023779e-02
5.026687e-02
5.029617e-02
5.032524e-02
5.035455e-02
5.038362e-02
5.041293e-02
5.044200e-02
5.047131e-02
5.050039e-02
5.052969e-02
5.055877e-02
5.058808e-02
5.061716e-02
5.064915e-02
5.068435e-02
5.072132e-02
5.075821e-02
5.079577e-02
5.083318e-02
5.087124e-02
5.090907e-02
5.094757e-02
5.098580e-02
5.102471e-02
5.106332e-02
5.110266e-02
5.114168e-02
5.118149e-02
5.122096e-02
5.126120e-02
5.130106e-02
5.134172e-02
5.138200e-02
5.142286e-02
5.146358e-02
5.150446e-02
5.154535e-02
5.158626e-02
5.162718e-02
5.166812e-02
5.170907e-02
5.175003e-02
5.179100e-02
5.183199e-02
5.187299e-02
5.191400e-02
5.195502e-02
5.199605e-02
5.203709e-02
5.207814e-02
5.211920e-02
5.216027e-02
5.220134e-02
5.224243e-02
5.228353e-02
5.232464e-02
5.236575e-02
5.240687e-02
5.244797e-02
5.248907e-02
5.253015e-02
5.257123e-02
5.261230e-02
5.265337e-02
5.269443e-02
5.273548e-02
5.277653e-02
5.281758e-02
5.285862e-02
5.289965e-02
5.294069e-02
5.298171e-02
5.302274e-02
5.306375e-02
5.310474e-02
5.314571e-02
5.318666e-02
5.322758e-02
5.326848e-02
5.330937e-02
5.335023e-02
5.339107e-02
5.343188e-02
5.347268e-02
5.351346e-02
5.355422e-02
5.359496e-02
5.363568e-02
5.367639e-02
5.371708e-02
5.375775e-02
5.379842e-02
5.383906e-02
5.387969e-02
5.392031e-02
5.396091e-02
5.400151e-02
5.404209e-02
5.408266e-02
5.412323e-02
5.416378e-02
5.420433e-02
5.424487e-02
5.428541e-02
5.432594e-02
5.436647e-02
5.440699e-02
5.444752e-02
5.448808e-02
5.452865e-02
5.456916e-02
5.460968e-02
5.465015e-02
5.469060e-02
5.473102e-02
5.477142e-02
5.481178e-02
5.485212e-02
5.489242e-02
5.493270e-02
5.497293e-02
5.501314e-02
5.505325e-02
5.509340e-02
5.513321e-02
5.517328e-02
5.521280e-02
5.525280e-02
5.529202e-02
5.533195e-02
5.537084e-02
5.541070e-02
5.544929e-02
5.548907e-02
5.552738e-02
5.556695e-02
5.560502e-02
5.564428e-02
5.568388e-02
5.572239e-02
5.576159e-02
5.580108e-02
5.584053e-02
5.587995e-02
5.591932e-02
5.595865e-02
5.599795e-02
5.603720e-02
5.607640e-02
5.611557e-02
5.615469e-02
5.619377e-02
5.623281e-02
5.627181e-02
5.631076e-02
5.634967e-02
5.638853e-02
5.642736e-02
5.646614e-02
5.650489e-02
5.654359e-02
5.658226e-02
5.662088e-02
5.665948e-02
5.669803e-02
5.673656e-02
5.677505e-02
5.681352e-02
5.685195e-02
5.689035e-02
5.692873e-02
5.696708e-02
5.700541e-02
5.704373e-02
5.708307e-02
5.712236e-02
5.716167e-02
5.720093e-02
5.724021e-02
5.727945e-02
5.731870e-02
5.735792e-02
5.739716e-02
5.743637e-02
5.747561e-02
5.751481e-02
5.755404e-02
5.759324e-02
5.763247e-02
5.767168e-02
5.771091e-02
5.775012e-02
5.778935e-02
5.782857e-02
5.786781e-02
5.790703e-02
5.794628e-02
5.798552e-02
5.802477e-02
5.806402e-02
5.810328e-02
5.814253e-02
5.818177e-02
5.822101e-02
5.826024e-02
5.829947e-02
5.833864e-02
5.837785e-02
5.841676e-02
5.845594e-02
5.849458e-02
5.853374e-02
5.857208e-02
5.861122e-02
5.864942e-02
5.868842e-02
5.872651e-02
5.876535e-02
5.879457e-02
5.882672e-02
5.886209e-02
5.890077e-02
5.893878e-02
5.897757e-02
5.901553e-02
5.905432e-02
5.909233e-02
5.913116e-02
5.916922e-02
5.920810e-02
5.924621e-02
5.928512e-02
5.932326e-02
5.936221e-02
5.940040e-02
5.943939e-02
5.947762e-02
5.951666e-02
5.955495e-02
5.959398e-02
5.963240e-02
5.967142e-02
5.970994e-02
5.974895e-02
5.977820e-02
5.981037e-02
5.984576e-02
5.988469e-02
5.992369e-02
5.996259e-02
6.000158e-02
6.004056e-02
6.007954e-02
6.011852e-02
6.015749e-02
6.019646e-02
6.023543e-02
6.027439e-02
6.031335e-02
6.035231e-02
6.039126e-02
6.043021e-02
6.046916e-02
6.050811e-02
6.054705e-02
6.058599e-02
6.062492e-02
6.066386e-02
6.070279e-02
6.074173e-02
6.078066e-02
6.081959e-02
6.085853e-02
6.089747e-02
6.093640e-02
6.097534e-02
6.101428e-02
6.105323e-02
6.109218e-02
6.113113e-02
6.117008e-02
6.120904e-02
6.124799e-02
6.128695e-02
6.131617e-02
6.134832e-02
6.137754e-02
6.140969e-02
6.143891e-02
6.147106e-02
6.150642e-02
6.154531e-02
6.158429e-02
6.162326e-02
6.166224e-02
6.170123e-02
6.174022e-02
6.177921e-02
6.181820e-02
6.185720e-02
6.189621e-02
6.193521e-02
6.197423e-02
6.201324e-02
6.205226e-02
6.209129e-02
6.213032e-02
6.216936e-02
6.220840e-02
6.224744e-02
6.228649e-02
6.232555e-02
6.236461e-02
6.240368e-02
6.244276e-02
6.248184e-02
6.252093e-02
6.256003e-02
6.259914e-02
6.263825e-02
6.267737e-02
6.271650e-02
6.275563e-02
6.279477e-02
6.283392e-02
6.287307e-02
6.291223e-02
6.295140e-02
6.299058e-02
6.302976e-02
6.306896e-02
6.310816e-02
6.314737e-02
6.318659e-02
6.322582e-02
6.326506e-02
6.330431e-02
6.334357e-02
6.338283e-02
6.342211e-02
6.346139e-02
6.350069e-02
6.353999e-02
6.357930e-02
6.361861e-02
6.365794e-02
6.369727e-02
6.373661e-02
6.377595e-02
6.381531e-02
6.385467e-02
6.389403e-02
6.393341e-02
6.397279e-02
6.401217e-02
6.405156e-02
6.409096e-02
6.413036e-02
6.416977e-02
6.420918e-02
6.424860e-02
6.428802e-02
6.432745e-02
6.436689e-02
6.439608e-02
6.442820e-02
6.445739e-02
6.448950e-02
6.452483e-02
6.456368e-02
6.460315e-02
6.464262e-02
6.468209e-02
6.472157e-02
6.476106e-02
6.480056e-02
6.484006e-02
6.487957e-02
6.491909e-02
6.495860e-02
6.499811e-02
6.503761e-02
6.507712e-02
6.511663e-02
6.515613e-02
6.519564e-02
6.523514e-02
6.527464e-02
6.531414e-02
6.535363e-02
6.539313e-02
6.543262e-02
6.547211e-02
6.551159e-02
6.555108e-02
6.559056e-02
6.563003e-02
6.566950e-02
6.570897e-02
6.574844e-02
6.578790e-02
6.582735e-02
6.586680e-02
6.590625e-02
6.594569e-02
6.598512e-02
6.602455e-02
6.606398e-02
6.610340e-02
6.614281e-02
6.618222e-02
6.622162e-02
6.626102e-02
6.630040e-02
6.633979e-02
6.637916e-02
6.641854e-02
6.645791e-02
6.649726e-02
6.653662e-02
6.657596e-02
6.661530e-02
6.665463e-02
6.669396e-02
6.673327e-02
6.677258e-02
6.681189e-02
6.685162e-02
6.689135e-02
6.693108e-02
6.697082e-02
6.701055e-02
6.705028e-02
6.709002e-02
6.712977e-02
6.716951e-02
6.720926e-02
6.724900e-02
6.728875e-02
6.732850e-02
6.736825e-02
6.740800e-02
6.744774e-02
6.748749e-02
6.752724e-02
6.756699e-02
6.760675e-02
6.764650e-02
6.768624e-02
6.772599e-02
6.776573e-02
6.780547e-02
6.784521e-02
6.788495e-02
6.792468e-02
6.796442e-02
6.800416e-02
6.804390e-02
6.808364e-02
6.812338e-02
6.816312e-02
6.820287e-02
6.824261e-02
6.828236e-02
6.832211e-02
6.836186e-02
6.840162e-02
6.844138e-02
6.848114e-02
6.852091e-02
6.856067e-02
6.860045e-02
6.864022e-02
6.868001e-02
6.871979e-02
6.875959e-02
6.879938e-02
6.883919e-02
6.887899e-02
6.891881e-02
6.895863e-02
6.899847e-02
6.903831e-02
6.907816e-02
6.911802e-02
6.915789e-02
6.919777e-02
6.923766e-02
6.927756e-02
6.931747e-02
6.935738e-02
6.939729e-02
6.943721e-02
6.947714e-02
6.951707e-02
6.955701e-02
6.959695e-02
6.963690e-02
6.967686e-02
6.971682e-02
6.975679e-02
6.979677e-02
6.983675e-02
6.987675e-02
6.991675e-02
6.995676e-02
6.999677e-02
7.003680e-02
7.007683e-02
7.011687e-02
7.015692e-02
7.019698e-02
7.023705e-02
7.027713e-02
7.031722e-02
7.035733e-02
7.039744e-02
7.043757e-02
7.047770e-02
7.051786e-02
7.055802e-02
7.059819e-02
7.063838e-02
7.067858e-02
7.071879e-02
7.075901e-02
7.079925e-02
7.083949e-02
7.086855e-02
7.089815e-02
7.092723e-02
7.095658e-02
7.098567e-02
7.101501e-02
7.104410e-02
7.107343e-02
7.110251e-02
7.113182e-02
7.116089e-02
7.119287e-02
7.122804e-02
7.126674e-02
7.130713e-02
7.134755e-02
7.138797e-02
7.142841e-02
7.146886e-02
7.150933e-02
7.154981e-02
7.159030e-02
7.163081e-02
7.167133e-02
7.170038e-02
7.173235e-02
7.176751e-02
7.180618e-02
7.184673e-02
7.188728e-02
7.192782e-02
7.196837e-02
7.200891e-02
7.204945e-02
7.207852e-02
7.210810e-02
7.213718e-02
7.216651e-02
7.219559e-02
7.222493e-02
7.225403e-02
7.228337e-02
7.231247e-02
7.234220e-02
7.237131e-02
7.240093e-02
7.243005e-02
7.245968e-02
7.248881e-02
7.251846e-02
7.254760e-02
7.257727e-02
7.260642e-02
7.263611e-02
7.266528e-02
7.269499e-02
7.272417e-02
7.275391e-02
7.278312e-02
7.281289e-02
7.284330e-02
7.287283e-02
7.290299e-02
7.293384e-02
7.296311e-02
7.299301e-02
7.302360e-02
7.305327e-02
7.308363e-02
7.311475e-02
7.314415e-02
7.317427e-02
7.320516e-02
7.323507e-02
7.326577e-02
7.329734e-02
7.332696e-02
7.335745e-02
7.338886e-02
7.341916e-02
7.345045e-02
7.348277e-02
7.351273e-02
7.354380e-02
7.357598e-02
7.360686e-02
7.363894e-02
7.366891e-02
7.369792e-02
7.372744e-02
7.375638e-02
7.378561e-02
7.381453e-02
7.384368e-02
7.387253e-02
7.390165e-02
7.393051e-02
7.395959e-02
7.398846e-02
7.401964e-02
7.405155e-02
7.408482e-02
7.411988e-02
7.415667e-02
7.419513e-02
7.423506e-02
7.427543e-02
7.431579e-02
7.435612e-02
7.439643e-02
7.443672e-02
7.447699e-02
7.450662e-02
7.453757e-02
7.456963e-02
7.460034e-02
7.463056e-02
7.466172e-02
7.469193e-02
7.472302e-02
7.475318e-02
7.478417e-02
7.481427e-02
7.484516e-02
7.487519e-02
7.490598e-02
7.493594e-02
7.496663e-02
7.499653e-02
7.502713e-02
7.505697e-02
7.508750e-02
7.511728e-02
7.514775e-02
7.517748e-02
7.520789e-02
7.523759e-02
7.526796e-02
7.529763e-02
7.532797e-02
7.535762e-02
7.538794e-02
7.541758e-02
7.544789e-02
7.547752e-02
7.550784e-02
7.553748e-02
7.556782e-02
7.559748e-02
7.562785e-02
7.565753e-02
7.568795e-02
7.571767e-02
7.574815e-02
7.577945e-02
7.580965e-02
7.584072e-02
7.587269e-02
7.590250e-02
7.593323e-02
7.596490e-02
7.599538e-02
7.602686e-02
7.605936e-02
7.608940e-02
7.612054e-02
7.615276e-02
7.618365e-02
7.621571e-02
7.624896e-02
7.628363e-02
7.631980e-02
7.635747e-02
7.639654e-02
7.642247e-02
7.645024e-02
7.648006e-02
7.651231e-02
7.653830e-02
7.656576e-02
7.659488e-02
7.662591e-02
7.665197e-02
7.667924e-02
7.670786e-02
7.673808e-02
7.676422e-02
7.679139e-02
7.681974e-02
7.684662e-02
7.687452e-02
7.690365e-02
7.692995e-02
7.695688e-02
7.698327e-02
7.701052e-02
7.703699e-02
7.706433e-02
7.709090e-02
7.711835e-02
7.714503e-02
7.717260e-02
7.719941e-02
7.722714e-02
7.725412e-02
7.728204e-02
7.730920e-02
7.733738e-02
7.736477e-02
7.739325e-02
7.742092e-02
7.744980e-02
7.747782e-02
7.750722e-02
7.753569e-02
7.756516e-02
7.759401e-02
7.762032e-02
7.764756e-02
7.767577e-02
7.770507e-02
7.773160e-02
7.775909e-02
7.778767e-02
7.781432e-02
7.784202e-02
7.786910e-02
7.789726e-02
7.792470e-02
7.795332e-02
7.797898e-02
7.800629e-02
7.803198e-02
7.805910e-02
7.808748e-02
7.811699e-02
7.814617e-02
7.817626e-02
7.820631e-02
7.823711e-02
7.826291e-02
7.828953e-02
7.831705e-02
7.834557e-02
7.837169e-02
7.839864e-02
7.842651e-02
7.845333e-02
7.848107e-02
7.850985e-02
7.853652e-02
7.856422e-02
7.859231e-02
7.861993e-02
7.864856e-02
7.867864e-02
7.870437e-02
7.873195e-02
7.876005e-02
7.878983e-02
7.881868e-02
7.884844e-02
7.887825e-02
7.890893e-02
7.893478e-02
7.896145e-02
7.898902e-02
7.901559e-02
7.904300e-02
7.907134e-02
7.909778e-02
7.912504e-02
7.915320e-02
7.918033e-02
7.920811e-02
7.923609e-02
7.926309e-02
7.929102e-02
7.931873e-02
7.934661e-02
7.937428e-02
7.940215e-02
7.942978e-02
7.945762e-02
7.948522e-02
7.951324e-02
7.954174e-02
7.957076e-02
7.960038e-02
7.963067e-02
7.965666e-02
7.968349e-02
7.971101e-02
7.973873e-02
7.976499e-02
7.979204e-02
7.981997e-02
7.984883e-02
7.987538e-02
7.990274e-02
7.993100e-02
7.996024e-02
7.998707e-02
8.001477e-02
8.004215e-02
8.006996e-02
8.009710e-02
8.012532e-02
8.015450e-02
8.018263e-02
8.021182e-02
8.024199e-02
8.026993e-02
8.029948e-02
8.032675e-02
8.035443e-02
8.038258e-02
8.041124e-02
8.044047e-02
8.047035e-02
8.050094e-02
8.053231e-02
8.055848e-02
8.058550e-02
8.061344e-02
8.064240e-02
8.066886e-02
8.069616e-02
8.072437e-02
8.075359e-02
8.078035e-02
8.080797e-02
8.083653e-02
8.086613e-02
8.089320e-02
8.092122e-02
8.095027e-02
8.098047e-02
8.100790e-02
8.103650e-02
8.106630e-02
8.109484e-02
8.112474e-02
8.115602e-02
8.118435e-02
8.121437e-02
8.124608e-02
8.127564e-02
8.130658e-02
8.133928e-02
8.136926e-02
8.140043e-02
8.143252e-02
8.146436e-02
8.149631e-02
8.152904e-02
8.156154e-02
8.159492e-02
8.162801e-02
8.165629e-02
8.168581e-02
8.171713e-02
8.174549e-02
8.177483e-02
8.180351e-02
8.183319e-02
8.186217e-02
8.189222e-02
8.192151e-02
8.195199e-02
8.198161e-02
8.201254e-02
8.204251e-02
8.207393e-02
8.210429e-02
8.213629e-02
8.216709e-02
8.219977e-02
8.223112e-02
8.226336e-02
8.229634e-02
8.232898e-02
8.236165e-02
8.239496e-02
8.242800e-02
8.246214e-02
8.249629e-02
8.253041e-02
8.255997e-02
8.259043e-02
8.262187e-02
8.265440e-02
8.268503e-02
8.271675e-02
8.274791e-02
8.278026e-02
8.281194e-02
8.284498e-02
8.287718e-02
8.291096e-02
8.294371e-02
8.297766e-02
8.301104e-02
8.304512e-02
8.307920e-02
8.311326e-02
8.314731e-02
8.318134e-02
8.321536e-02
8.324935e-02
8.328334e-02
8.331730e-02
8.335125e-02
8.338518e-02
8.341911e-02
8.345302e-02
8.348693e-02
8.352084e-02
8.355474e-02
8.358864e-02
8.362253e-02
8.365643e-02
8.369033e-02
8.372422e-02
8.375812e-02
8.379202e-02
8.382593e-02
8.385984e-02
8.389375e-02
8.392767e-02
8.396159e-02
8.399552e-02
8.402946e-02
8.406340e-02
8.409735e-02
8.413131e-02
8.416528e-02
8.419925e-02
8.423324e-02
8.426722e-02
8.430122e-02
8.433523e-02
8.436924e-02
8.440326e-02
8.443728e-02
8.447131e-02
8.450534e-02
8.453938e-02
8.457342e-02
8.460747e-02
8.464152e-02
8.467558e-02
8.470204e-02
8.473114e-02
8.476316e-02
8.479723e-02
8.483131e-02
8.486539e-02
8.489948e-02
8.493358e-02
8.496768e-02
8.500178e-02
8.503589e-02
8.507000e-02
8.510412e-02
8.513824e-02
8.516477e-02
8.519396e-02
8.522051e-02
8.524725e-02
8.527381e-02
8.530057e-02
8.532714e-02
8.535390e-02
8.538049e-02
8.540726e-02
8.543386e-02
8.546064e-02
8.548725e-02
8.551405e-02
8.554066e-02
8.556747e-02
8.559407e-02
8.562170e-02
8.564831e-02
8.567512e-02
8.570174e-02
8.572856e-02
8.575519e-02
8.578201e-02
8.580865e-02
8.583569e-02
8.586317e-02
8.589115e-02
8.591968e-02
8.594882e-02
8.597545e-02
8.600227e-02
8.602891e-02
8.605574e-02
8.608238e-02
8.610942e-02
8.613690e-02
8.616487e-02
8.619339e-02
8.622252e-02
8.624915e-02
8.627597e-02
8.630259e-02
8.632941e-02
8.635603e-02
8.638305e-02
8.641051e-02
8.643846e-02
8.646696e-02
8.649606e-02
8.652266e-02
8.654967e-02
8.657628e-02
8.660307e-02
8.663255e-02
8.666498e-02
8.669910e-02
8.673324e-02
8.676737e-02
8.680150e-02
8.682809e-02
8.685508e-02
8.688167e-02
8.690846e-02
8.693504e-02
8.696182e-02
8.699128e-02
8.702369e-02
8.705787e-02
8.709206e-02
8.712625e-02
8.716045e-02
8.719464e-02
8.722884e-02
8.726305e-02
8.729749e-02
8.733194e-02
8.736245e-02
8.739495e-02
8.742844e-02
8.745521e-02
8.748250e-02
8.750914e-02
8.753622e-02
8.756289e-02
8.758980e-02
8.761650e-02
8.764395e-02
8.767068e-02
8.769784e-02
8.772453e-02
8.775148e-02
8.777819e-02
8.780512e-02
8.783187e-02
8.785888e-02
8.788676e-02
8.791570e-02
8.794252e-02
8.796979e-02
8.799660e-02
8.802388e-02
8.805074e-02
8.807781e-02
8.810468e-02
8.813176e-02
8.815864e-02
8.818573e-02
8.821264e-02
8.823996e-02
8.826684e-02
8.829457e-02
8.832144e-02
8.834847e-02
8.837547e-02
8.840273e-02
8.842962e-02
8.845656e-02
8.848337e-02
8.851052e-02
8.853786e-02
8.856793e-02
8.859529e-02
8.862539e-02
8.865277e-02
8.868288e-02
8.871026e-02
8.873999e-02
8.876857e-02
8.879762e-02
8.882591e-02
8.885461e-02
8.888263e-02
8.891197e-02
8.894425e-02
8.897900e-02
8.901426e-02
8.904953e-02
8.908482e-02
8.912012e-02
8.915544e-02
8.919077e-02
8.922613e-02
8.926150e-02
8.928889e-02
8.931672e-02
8.934414e-02
8.937177e-02
8.939920e-02
8.942684e-02
8.945428e-02
8.948193e-02
8.950937e-02
8.953703e-02
8.956448e-02
8.959214e-02
8.961959e-02
8.964726e-02
8.967472e-02
8.970239e-02
8.972985e-02
8.975753e-02
8.978500e-02
8.981268e-02
8.984016e-02
8.986785e-02
8.989831e-02
8.993181e-02
8.995998e-02
8.999097e-02
9.001913e-02
9.005012e-02
9.007828e-02
9.010926e-02
9.013741e-02
9.016838e-02
9.019652e-02
9.022748e-02
9.025562e-02
9.028657e-02
9.031470e-02
9.034564e-02
9.037376e-02
9.040469e-02
9.043280e-02
9.046372e-02
9.049773e-02
9.053390e-02
9.057009e-02
9.060628e-02
9.063389e-02
9.066194e-02
9.068956e-02
9.071741e-02
9.074505e-02
9.077290e-02
9.080055e-02
9.082842e-02
9.085607e-02
9.088394e-02
9.091161e-02
9.093948e-02
9.096715e-02
9.099504e-02
9.102272e-02
9.105061e-02
9.108129e-02
9.111503e-02
9.115148e-02
9.118794e-02
9.122441e-02
9.126088e-02
9.128862e-02
9.131682e-02
9.134460e-02
9.137260e-02
9.140039e-02
9.142840e-02
9.145620e-02
9.148423e-02
9.151204e-02
9.154007e-02
9.156789e-02
9.159592e-02
9.162374e-02
9.165178e-02
9.167961e-02
9.170765e-02
9.173548e-02
9.176353e-02
9.179137e-02
9.181942e-02
9.184727e-02
9.187533e-02
9.190620e-02
9.194015e-02
9.196806e-02
9.199647e-02
9.202436e-02
9.205247e-02
9.208045e-02
9.210920e-02
9.213800e-02
9.216938e-02
9.219824e-02
9.222998e-02
9.225798e-02
9.228646e-02
9.231448e-02
9.234308e-02
9.237106e-02
9.239948e-02
9.242747e-02
9.245568e-02
9.248374e-02
9.251233e-02
9.254171e-02
9.257199e-02
9.260335e-02
9.263588e-02
9.266973e-02
9.270492e-02
9.274152e-02
9.277845e-02
9.281538e-02
9.285233e-02
9.288045e-02
9.290911e-02
9.293829e-02
9.296830e-02
9.299633e-02
9.302493e-02
9.305321e-02
9.308156e-02
9.310966e-02
9.313796e-02
9.316600e-02
9.319430e-02
9.322244e-02
9.325068e-02
9.327873e-02
9.330709e-02
9.333520e-02
9.336356e-02
9.339171e-02
9.342068e-02
9.344877e-02
9.347712e-02
9.350528e-02
9.353378e-02
9.356209e-02
9.359076e-02
9.361927e-02
9.364850e-02
9.367714e-02
9.370651e-02
9.373562e-02
9.376492e-02
9.379381e-02
9.382288e-02
9.385161e-02
9.388320e-02
9.391796e-02
9.395529e-02
9.399263e-02
9.402996e-02
9.405876e-02
9.408857e-02
9.411819e-02
9.414877e-02
9.417832e-02
9.420825e-02
9.423765e-02
9.426732e-02
9.429651e-02
9.432593e-02
9.435494e-02
9.438414e-02
9.441299e-02
9.444203e-02
9.447397e-02
9.450910e-02
9.454641e-02
9.458374e-02
9.462109e-02
9.465845e-02
9.469585e-02
9.473326e-02
9.477068e-02
9.480810e-02
9.484552e-02
9.488295e-02
9.492038e-02
9.495782e-02
9.499527e-02
9.503272e-02
9.507018e-02
9.510765e-02
9.514514e-02
9.518265e-02
9.522018e-02
9.525772e-02
9.529528e-02
9.533285e-02
9.537044e-02
9.540805e-02
9.544567e-02
9.548331e-02
9.552096e-02
9.555863e-02
9.559630e-02
9.563399e-02
9.567169e-02
9.570939e-02
9.574711e-02
9.578483e-02
9.582256e-02
9.586029e-02
9.589803e-02
9.593577e-02
9.597353e-02
9.601129e-02
9.604907e-02
9.608685e-02
9.612465e-02
9.616245e-02
9.620032e-02
9.623820e-02
9.627608e-02
9.631397e-02
9.635187e-02
9.638977e-02
9.642767e-02
9.646558e-02
9.650351e-02
9.654143e-02
9.657021e-02
9.660187e-02
9.663670e-02
9.667464e-02
9.671259e-02
9.675055e-02
9.678852e-02
9.682649e-02
9.686447e-02
9.690246e-02
9.694046e-02
9.697847e-02
9.701648e-02
9.705451e-02
9.708323e-02
9.711482e-02
9.714354e-02
9.717514e-02
9.720386e-02
9.723535e-02
9.726999e-02
9.730808e-02
9.734619e-02
9.738430e-02
9.742243e-02
9.746057e-02
9.749872e-02
9.753688e-02
9.757506e-02
9.761325e-02
9.765145e-02
9.768966e-02
9.772788e-02
9.776612e-02
9.780436e-02
9.784262e-02
9.788090e-02
9.791918e-02
9.795748e-02
9.799579e-02
9.803417e-02
9.807255e-02
9.811095e-02
9.814936e-02
9.818778e-02
9.822621e-02
9.826465e-02
9.830310e-02
9.834157e-02
9.838004e-02
9.840894e-02
9.843833e-02
9.846724e-02
9.849640e-02
9.852533e-02
9.855450e-02
9.858343e-02
9.861260e-02
9.864154e-02
9.867072e-02
9.869967e-02
9.872885e-02
9.875780e-02
9.878698e-02
9.881593e-02
9.884512e-02
9.887407e-02
9.890326e-02
9.893222e-02
9.896141e-02
9.899036e-02
9.901956e-02
9.904851e-02
9.907771e-02
9.910666e-02
9.913586e-02
9.916482e-02
9.919401e-02
9.922297e-02
9.925216e-02
9.928113e-02
9.931056e-02
9.933953e-02
9.936897e-02
9.940135e-02
9.943697e-02
9.947579e-02
9.951463e-02
9.955345e-02
9.959230e-02
9.962127e-02
9.965077e-02
9.967978e-02
9.970929e-02
9.973830e-02
9.976757e-02
9.979659e-02
9.982586e-02
9.985489e-02
9.988416e-02
9.991319e-02
9.994246e-02
9.997148e-02
1.000008e-01
1.000298e-01
1.000591e-01
1.000881e-01
1.001173e-01
1.001464e-01
1.001756e-01
1.002047e-01
1.002339e-01
1.002630e-01
1.002922e-01
1.003212e-01
1.003505e-01
1.003795e-01
1.004088e-01
1.004378e-01
1.004671e-01
1.004961e-01
1.005254e-01
1.005544e-01
1.005836e-01
1.006127e-01
1.006419e-01
1.006709e-01
1.007002e-01
1.007292e-01
1.007585e-01
1.007875e-01
1.008170e-01
1.008461e-01
1.008756e-01
1.009047e-01
1.009342e-01
1.009632e-01
1.009928e-01
1.010219e-01
1.010514e-01
1.010805e-01
1.011101e-01
1.011391e-01
1.011687e-01
1.011978e-01
1.012274e-01
1.012565e-01
1.012861e-01
1.013152e-01
1.013449e-01
1.013740e-01
1.014037e-01
1.014327e-01
1.014621e-01
1.014913e-01
1.015209e-01
1.015500e-01
1.015795e-01
1.016086e-01
1.016383e-01
1.016675e-01
1.016972e-01
1.017264e-01
1.017561e-01
1.017853e-01
1.018151e-01
1.018444e-01
1.018742e-01
1.019035e-01
1.019334e-01
1.019625e-01
1.019922e-01
1.020214e-01
1.020512e-01
1.020805e-01
1.021104e-01
1.021397e-01
1.021696e-01
1.021989e-01
1.022288e-01
1.022581e-01
1.022880e-01
1.023174e-01
1.023470e-01
1.023764e-01
1.024064e-01
1.024359e-01
1.024660e-01
1.024962e-01
1.025272e-01
1.025574e-01
1.025885e-01
1.026188e-01
1.026499e-01
1.026801e-01
1.027112e-01
1.027414e-01
1.027725e-01
1.028026e-01
1.028336e-01
1.028637e-01
1.028946e-01
1.029246e-01
1.029554e-01
1.029853e-01
1.030160e-01
1.030459e-01
1.030764e-01
1.031062e-01
1.031367e-01
1.031664e-01
1.031967e-01
1.032264e-01
1.032563e-01
1.032859e-01
1.033158e-01
1.033453e-01
1.033751e-01
1.034046e-01
1.034344e-01
1.034638e-01
1.034935e-01
1.035229e-01
1.035553e-01
1.035909e-01
1.036300e-01
1.036692e-01
1.037084e-01
1.037476e-01
1.037868e-01
1.038260e-01
1.038652e-01
1.038947e-01
1.039251e-01
1.039563e-01
1.039864e-01
1.040162e-01
1.040466e-01
1.040763e-01
1.041064e-01
1.041361e-01
1.041661e-01
1.041957e-01
1.042256e-01
1.042552e-01
1.042851e-01
1.043146e-01
1.043444e-01
1.043739e-01
1.044064e-01
1.044421e-01
1.044813e-01
1.045205e-01
1.045597e-01
1.045990e-01
1.046382e-01
1.046774e-01
1.047167e-01
1.047559e-01
1.047951e-01
1.048247e-01
1.048550e-01
1.048847e-01
1.049150e-01
1.049447e-01
1.049747e-01
1.050044e-01
1.050343e-01
1.050640e-01
1.050939e-01
1.051235e-01
1.051533e-01
1.051862e-01
1.052223e-01
1.052616e-01
1.053009e-01
1.053402e-01
1.053795e-01
1.054189e-01
1.054582e-01
1.054975e-01
1.055368e-01
1.055762e-01
1.056155e-01
1.056548e-01
1.056942e-01
1.057335e-01
1.057729e-01
1.058123e-01
1.058517e-01
1.058813e-01
1.059114e-01
1.059411e-01
1.059737e-01
1.060096e-01
1.060490e-01
1.060884e-01
1.061279e-01
1.061673e-01
1.062068e-01
1.062463e-01
1.062858e-01
1.063252e-01
1.063647e-01
1.064042e-01
1.064438e-01
1.064833e-01
1.065228e-01
1.065624e-01
1.066019e-01
1.066415e-01
1.066811e-01
1.067206e-01
1.067602e-01
1.067998e-01
1.068393e-01
1.068789e-01
1.069185e-01
1.069580e-01
1.069976e-01
1.070372e-01
1.070767e-01
1.071163e-01
1.071559e-01
1.071955e-01
1.072350e-01
1.072672e-01
1.073026e-01
1.073348e-01
1.073677e-01
1.073999e-01
1.074327e-01
1.074649e-01
1.074976e-01
1.075298e-01
1.075626e-01
1.075947e-01
1.076272e-01
1.076594e-01
1.076918e-01
1.077275e-01
1.077668e-01
1.078064e-01
1.078460e-01
1.078856e-01
1.079253e-01
1.079649e-01
1.080045e-01
1.080441e-01
1.080837e-01
1.081233e-01
1.081630e-01
1.082026e-01
1.082422e-01
1.082725e-01
1.083058e-01
1.083361e-01
1.083695e-01
1.084017e-01
1.084372e-01
1.084675e-01
1.085008e-01
1.085311e-01
1.085644e-01
1.085947e-01
1.086273e-01
1.086576e-01
1.086895e-01
1.087198e-01
1.087531e-01
1.087898e-01
1.088294e-01
1.088596e-01
1.088927e-01
1.089229e-01
1.089554e-01
1.089856e-01
1.090175e-01
1.090477e-01
1.090794e-01
1.091098e-01
1.091415e-01
1.091718e-01
1.092033e-01
1.092336e-01
1.092670e-01
1.092974e-01
1.093296e-01
1.093599e-01
1.093917e-01
1.094220e-01
1.094534e-01
1.094838e-01
1.095164e-01
1.095466e-01
1.095790e-01
1.096093e-01
1.096426e-01
1.096729e-01
1.097054e-01
1.097357e-01
1.097678e-01
1.097982e-01
1.098299e-01
1.098641e-01
1.099000e-01
1.099304e-01
1.099610e-01
1.099914e-01
1.100224e-01
1.100527e-01
1.100837e-01
1.101141e-01
1.101463e-01
1.101767e-01
1.102086e-01
1.102390e-01
1.102707e-01
1.103009e-01
1.103325e-01
1.103627e-01
1.103942e-01
1.104244e-01
1.104558e-01
1.104861e-01
1.105174e-01
1.105477e-01
1.105790e-01
1.106093e-01
1.106408e-01
1.106754e-01
1.107122e-01
1.107518e-01
1.107914e-01
1.108310e-01
1.108706e-01
1.109102e-01
1.109498e-01
1.109894e-01
1.110289e-01
1.110685e-01
1.111080e-01
1.111476e-01
1.111871e-01
1.112173e-01
1.112505e-01
1.112871e-01
1.113266e-01
1.113661e-01
1.114056e-01
1.114451e-01
1.114845e-01
1.115240e-01
1.115635e-01
1.116029e-01
1.116424e-01
1.116726e-01
1.117035e-01
1.117337e-01
1.117645e-01
1.117948e-01
1.118257e-01
1.118559e-01
1.118868e-01
1.119171e-01
1.119479e-01
1.119782e-01
1.120091e-01
1.120394e-01
1.120703e-01
1.121006e-01
1.121315e-01
1.121619e-01
1.121928e-01
1.122234e-01
1.122547e-01
1.122853e-01
1.123166e-01
1.123472e-01
1.123785e-01
1.124092e-01
1.124405e-01
1.124712e-01
1.125025e-01
1.125328e-01
1.125637e-01
1.125939e-01
1.126248e-01
1.126551e-01
1.126860e-01
1.127163e-01
1.127472e-01
1.127775e-01
1.128084e-01
1.128387e-01
1.128696e-01
1.128999e-01
1.129309e-01
1.129612e-01
1.129921e-01
1.130223e-01
1.130532e-01
1.130834e-01
1.131144e-01
1.131445e-01
1.131753e-01
1.132054e-01
1.132362e-01
1.132663e-01
1.132970e-01
1.133264e-01
1.133571e-01
1.133862e-01
1.134168e-01
1.134465e-01
1.134770e-01
1.135056e-01
1.135358e-01
1.135635e-01
1.135927e-01
1.136204e-01
1.136496e-01
1.136773e-01
1.137065e-01
1.137343e-01
1.137634e-01
1.137912e-01
1.138204e-01
1.138490e-01
1.138782e-01
1.139069e-01
1.139380e-01
1.139653e-01
1.139953e-01
1.140226e-01
1.140526e-01
1.140799e-01
1.141100e-01
1.141393e-01
1.141706e-01
1.142000e-01
1.142313e-01
1.142582e-01
1.142878e-01
1.143147e-01
1.143444e-01
1.143713e-01
1.144009e-01
1.144279e-01
1.144575e-01
1.144845e-01
1.145141e-01
1.145411e-01
1.145706e-01
1.145976e-01
1.146268e-01
1.146538e-01
1.146826e-01
1.147097e-01
1.147383e-01
1.147653e-01
1.147938e-01
1.148209e-01
1.148493e-01
1.148763e-01
1.149046e-01
1.149317e-01
1.149599e-01
1.149870e-01
1.150146e-01
1.150412e-01
1.150706e-01
1.150972e-01
1.151266e-01
1.151533e-01
1.151823e-01
1.152090e-01
1.152376e-01
1.152643e-01
1.152928e-01
1.153242e-01
1.153555e-01
1.153878e-01
1.154198e-01
1.154529e-01
1.154849e-01
1.155180e-01
1.155522e-01
1.155786e-01
1.156077e-01
1.156342e-01
1.156633e-01
1.156898e-01
1.157189e-01
1.157454e-01
1.157745e-01
1.158010e-01
1.158299e-01
1.158564e-01
1.158850e-01
1.159115e-01
1.159399e-01
1.159658e-01
1.159939e-01
1.160197e-01
1.160477e-01
1.160734e-01
1.161008e-01
1.161265e-01
1.161530e-01
1.161787e-01
1.162052e-01
1.162310e-01
1.162575e-01
1.162833e-01
1.163097e-01
1.163355e-01
1.163639e-01
1.163897e-01
1.164180e-01
1.164438e-01
1.164722e-01
1.164980e-01
1.165260e-01
1.165518e-01
1.165793e-01
1.166052e-01
1.166325e-01
1.166583e-01
1.166855e-01
1.167113e-01
1.167383e-01
1.167642e-01
1.167905e-01
1.168162e-01
1.168444e-01
1.168701e-01
1.168984e-01
1.169241e-01
1.169523e-01
1.169780e-01
1.170063e-01
1.170374e-01
1.170716e-01
1.171093e-01
1.171488e-01
1.171744e-01
1.172006e-01
1.172262e-01
1.172523e-01
1.172780e-01
1.173041e-01
1.173298e-01
1.173580e-01
1.173837e-01
1.174119e-01
1.174376e-01
1.174658e-01
1.174915e-01
1.175197e-01
1.175453e-01
1.175736e-01
1.175992e-01
1.176274e-01
1.176530e-01
1.176800e-01
1.177057e-01
1.177339e-01
1.177595e-01
1.177877e-01
1.178141e-01
1.178432e-01
1.178753e-01
1.179105e-01
1.179493e-01
1.179891e-01
1.180289e-01
1.180687e-01
1.180954e-01
1.181247e-01
1.181514e-01
1.181808e-01
1.182074e-01
1.182368e-01
1.182634e-01
1.182923e-01
1.183189e-01
1.183474e-01
1.183740e-01
1.184022e-01
1.184288e-01
1.184556e-01
1.184822e-01
1.185089e-01
1.185373e-01
1.185662e-01
1.185980e-01
1.186330e-01
1.186600e-01
1.186896e-01
1.187166e-01
1.187462e-01
1.187729e-01
1.187998e-01
1.188265e-01
1.188535e-01
1.188801e-01
1.189095e-01
1.189361e-01
1.189652e-01
1.189918e-01
1.190197e-01
1.190463e-01
1.190734e-01
1.191000e-01
1.191271e-01
1.191537e-01
1.191808e-01
1.192073e-01
1.192343e-01
1.192609e-01
1.192879e-01
1.193147e-01
1.193416e-01
1.193684e-01
1.193954e-01
1.194221e-01
1.194490e-01
1.194758e-01
1.195052e-01
1.195323e-01
1.195621e-01
1.195892e-01
1.196189e-01
1.196460e-01
1.196758e-01
1.197028e-01
1.197325e-01
1.197595e-01
1.197892e-01
1.198162e-01
1.198458e-01
1.198728e-01
1.199024e-01
1.199293e-01
1.199570e-01
1.199839e-01
1.200110e-01
1.200378e-01
1.200674e-01
1.200945e-01
1.201245e-01
1.201516e-01
1.201815e-01
1.202086e-01
1.202385e-01
1.202656e-01
1.202954e-01
1.203225e-01
1.203523e-01
1.203794e-01
1.204092e-01
1.204362e-01
1.204660e-01
1.204930e-01
1.205227e-01
1.205554e-01
1.205914e-01
1.206184e-01
1.206480e-01
1.206806e-01
1.207165e-01
1.207560e-01
1.207962e-01
1.208364e-01
1.208766e-01
1.209169e-01
1.209571e-01
1.209973e-01
1.210376e-01
1.210778e-01
1.211181e-01
1.211583e-01
1.211986e-01
1.212388e-01
1.212791e-01
1.213193e-01
1.213596e-01
1.213998e-01
1.214401e-01
1.214803e-01
1.215206e-01
1.215608e-01
1.216011e-01
1.216413e-01
1.216816e-01
1.217219e-01
1.217621e-01
1.218024e-01
1.218426e-01
1.218695e-01
1.218968e-01
1.219247e-01
1.219532e-01
1.219801e-01
1.220074e-01
1.220354e-01
1.220639e-01
1.220931e-01
1.221231e-01
1.221539e-01
1.221856e-01
1.222184e-01
1.222522e-01
1.222871e-01
1.223228e-01
1.223595e-01
1.223968e-01
1.224345e-01
1.224748e-01
1.225151e-01
1.225554e-01
1.225956e-01
1.226359e-01
1.226762e-01
1.227165e-01
1.227569e-01
1.227973e-01
1.228377e-01
1.228781e-01
1.229184e-01
1.229588e-01
1.229992e-01
1.230396e-01
1.230800e-01
1.231204e-01
1.231608e-01
1.232012e-01
1.232416e-01
1.232820e-01
1.233224e-01
1.233628e-01
1.234031e-01
1.234435e-01
1.234839e-01
1.235243e-01
1.235647e-01
1.236051e-01
1.236455e-01
1.236858e-01
1.237262e-01
1.237666e-01
1.238070e-01
1.238474e-01
1.238878e-01
1.239281e-01
1.239685e-01
1.240089e-01
1.240493e-01
1.240897e-01
1.241301e-01
1.241705e-01
1.242109e-01
1.242513e-01
1.242917e-01
1.243321e-01
1.243582e-01
1.243847e-01
1.244118e-01
1.244395e-01
1.244657e-01
1.244923e-01
1.245184e-01
1.245451e-01
1.245712e-01
1.245979e-01
1.246241e-01
1.246507e-01
1.246769e-01
1.247036e-01
1.247298e-01
1.247565e-01
1.247828e-01
1.248095e-01
1.248357e-01
1.248624e-01
1.248887e-01
1.249155e-01
1.249417e-01
1.249685e-01
1.249948e-01
1.250215e-01
1.250488e-01
1.250767e-01
1.251031e-01
1.251298e-01
1.251572e-01
1.251851e-01
1.252137e-01
1.252430e-01
1.252732e-01
1.253043e-01
1.253363e-01
1.253694e-01
1.254034e-01
1.254384e-01
1.254742e-01
1.255106e-01
1.255475e-01
1.255847e-01
1.256221e-01
1.256596e-01
1.256972e-01
1.257349e-01
1.257612e-01
1.257879e-01
1.258153e-01
1.258432e-01
1.258696e-01
1.258964e-01
1.259228e-01
1.259496e-01
1.259760e-01
1.260029e-01
1.260293e-01
1.260562e-01
1.260827e-01
1.261096e-01
1.261360e-01
1.261630e-01
1.261894e-01
1.262164e-01
1.262429e-01
1.262698e-01
1.262963e-01
1.263233e-01
1.263498e-01
1.263769e-01
1.264034e-01
1.264304e-01
1.264570e-01
1.264841e-01
1.265107e-01
1.265377e-01
1.265643e-01
1.265915e-01
1.266181e-01
1.266452e-01
1.266719e-01
1.266991e-01
1.267257e-01
1.267529e-01
1.267797e-01
1.268069e-01
1.268336e-01
1.268609e-01
1.268877e-01
1.269150e-01
1.269418e-01
1.269691e-01
1.269960e-01
1.270234e-01
1.270502e-01
1.270776e-01
1.271046e-01
1.271320e-01
1.271590e-01
1.271865e-01
1.272135e-01
1.272410e-01
1.272680e-01
1.272956e-01
1.273227e-01
1.273504e-01
1.273775e-01
1.274052e-01
1.274323e-01
1.274601e-01
1.274873e-01
1.275151e-01
1.275423e-01
1.275702e-01
1.275975e-01
1.276255e-01
1.276528e-01
1.276808e-01
1.277082e-01
1.277363e-01
1.277637e-01
1.277919e-01
1.278194e-01
1.278476e-01
1.278752e-01
1.279035e-01
1.279312e-01
1.279596e-01
1.279873e-01
1.280158e-01
1.280436e-01
1.280722e-01
1.281000e-01
1.281287e-01
1.281567e-01
1.281855e-01
1.282136e-01
1.282426e-01
1.282726e-01
1.283040e-01
1.283343e-01
1.283656e-01
1.283979e-01
1.284288e-01
1.284607e-01
1.284936e-01
1.285240e-01
1.285550e-01
1.285852e-01
1.286159e-01
1.286472e-01
1.286795e-01
1.287097e-01
1.287411e-01
1.287713e-01
1.288029e-01
1.288332e-01
1.288647e-01
1.288950e-01
1.289264e-01
1.289567e-01
1.289881e-01
1.290184e-01
1.290497e-01
1.290800e-01
1.291112e-01
1.291415e-01
1.291727e-01
1.292030e-01
1.292342e-01
1.292646e-01
1.292955e-01
1.293257e-01
1.293566e-01
1.293869e-01
1.294177e-01
1.294480e-01
1.294792e-01
1.295095e-01
1.295409e-01
1.295712e-01
1.296027e-01
1.296355e-01
1.296699e-01
1.297061e-01
1.297440e-01
1.297837e-01
1.298243e-01
1.298649e-01
1.299055e-01
1.299462e-01
1.299868e-01
1.300274e-01
1.300681e-01
1.301087e-01
1.301493e-01
1.301900e-01
1.302306e-01
1.302713e-01
1.303119e-01
1.303525e-01
1.303932e-01
1.304338e-01
1.304745e-01
1.305151e-01
1.305558e-01
1.305964e-01
1.306371e-01
1.306777e-01
1.307184e-01
1.307590e-01
1.307997e-01
1.308403e-01
1.308810e-01
1.309216e-01
1.309623e-01
1.310030e-01
1.310436e-01
1.310843e-01
1.311249e-01
1.311656e-01
1.312063e-01
1.312469e-01
1.312876e-01
1.313283e-01
1.313690e-01
1.314096e-01
1.314503e-01
1.314912e-01
1.315322e-01
1.315731e-01
1.316140e-01
1.316549e-01
1.316959e-01
1.317368e-01
1.317777e-01
1.318187e-01
1.318596e-01
1.319006e-01
1.319416e-01
1.319825e-01
1.320235e-01
1.320645e-01
1.321055e-01
1.321333e-01
1.321617e-01
1.321909e-01
1.322207e-01
1.322487e-01
1.322773e-01
1.323053e-01
1.323339e-01
1.323619e-01
1.323906e-01
1.324187e-01
1.324473e-01
1.324754e-01
1.325041e-01
1.325323e-01
1.325610e-01
1.325891e-01
1.326178e-01
1.326460e-01
1.326747e-01
1.327029e-01
1.327316e-01
1.327598e-01
1.327885e-01
1.328166e-01
1.328454e-01
1.328735e-01
1.329023e-01
1.329304e-01
1.329591e-01
1.329873e-01
1.330160e-01
1.330442e-01
1.330728e-01
1.331010e-01
1.331297e-01
1.331578e-01
1.331864e-01
1.332146e-01
1.332432e-01
1.332713e-01
1.332997e-01
1.333278e-01
1.333561e-01
1.333843e-01
1.334126e-01
1.334407e-01
1.334693e-01
1.335007e-01
1.335353e-01
1.335733e-01
1.336146e-01
1.336558e-01
1.336971e-01
1.337251e-01
1.337539e-01
1.337834e-01
1.338120e-01
1.338403e-01
1.338692e-01
1.338976e-01
1.339265e-01
1.339549e-01
1.339838e-01
1.340121e-01
1.340410e-01
1.340693e-01
1.340982e-01
1.341265e-01
1.341554e-01
1.341837e-01
1.342122e-01
1.342405e-01
1.342690e-01
1.342972e-01
1.343257e-01
1.343540e-01
1.343824e-01
1.344106e-01
1.344391e-01
1.344673e-01
1.344957e-01
1.345239e-01
1.345550e-01
1.345891e-01
1.346266e-01
1.346679e-01
1.347091e-01
1.347503e-01
1.347916e-01
1.348328e-01
1.348741e-01
1.349153e-01
1.349566e-01
1.349978e-01
1.350391e-01
1.350803e-01
1.351216e-01
1.351497e-01
1.351780e-01
1.352091e-01
1.352434e-01
1.352811e-01
1.353224e-01
1.353636e-01
1.354049e-01
1.354461e-01
1.354874e-01
1.355286e-01
1.355699e-01
1.356111e-01
1.356523e-01
1.356938e-01
1.357353e-01
1.357767e-01
1.358182e-01
1.358597e-01
1.359011e-01
1.359426e-01
1.359841e-01
1.360255e-01
1.360670e-01
1.361084e-01
1.361499e-01
1.361913e-01
1.362328e-01
1.362742e-01
1.363156e-01
1.363441e-01
1.363730e-01
1.364015e-01
1.364305e-01
1.364590e-01
1.364880e-01
1.365165e-01
1.365455e-01
1.365741e-01
1.366031e-01
1.366317e-01
1.366608e-01
1.366894e-01
1.367185e-01
1.367471e-01
1.367762e-01
1.368049e-01
1.368340e-01
1.368627e-01
1.368919e-01
1.369206e-01
1.369498e-01
1.369785e-01
1.370078e-01
1.370366e-01
1.370659e-01
1.370947e-01
1.371240e-01
1.371528e-01
1.371822e-01
1.372110e-01
1.372405e-01
1.372693e-01
1.372988e-01
1.373277e-01
1.373572e-01
1.373862e-01
1.374157e-01
1.374447e-01
1.374743e-01
1.375033e-01
1.375330e-01
1.375620e-01
1.375917e-01
1.376208e-01
1.376505e-01
1.376797e-01
1.377094e-01
1.377386e-01
1.377684e-01
1.377976e-01
1.378275e-01
1.378567e-01
1.378866e-01
1.379159e-01
1.379458e-01
1.379751e-01
1.380050e-01
1.380344e-01
1.380644e-01
1.380937e-01
1.381237e-01
1.381531e-01
1.381832e-01
1.382126e-01
1.382427e-01
1.382721e-01
1.383022e-01
1.383316e-01
1.383618e-01
1.383912e-01
1.384214e-01
1.384508e-01
1.384810e-01
1.385105e-01
1.385406e-01
1.385701e-01
1.386003e-01
1.386298e-01
1.386599e-01
1.386894e-01
1.387196e-01
1.387491e-01
1.387792e-01
1.388087e-01
1.388389e-01
1.388684e-01
1.388985e-01
1.389280e-01
1.389580e-01
1.389875e-01
1.390176e-01
1.390470e-01
1.390771e-01
1.391065e-01
1.391365e-01
1.391659e-01
1.391959e-01
1.392253e-01
1.392553e-01
1.392847e-01
1.393146e-01
1.393439e-01
1.393738e-01
1.394032e-01
1.394330e-01
1.394624e-01
1.394922e-01
1.395215e-01
1.395514e-01
1.395807e-01
1.396105e-01
1.396407e-01
1.396717e-01
1.397010e-01
1.397312e-01
1.397614e-01
1.397914e-01
1.398216e-01
1.398516e-01
1.398813e-01
1.399117e-01
1.399413e-01
1.399717e-01
1.400014e-01
1.400317e-01
1.400614e-01
1.400917e-01
1.401213e-01
1.401516e-01
1.401812e-01
1.402115e-01
1.402411e-01
1.402712e-01
1.403008e-01
1.403309e-01
1.403605e-01
1.403906e-01
1.404201e-01
1.404501e-01
1.404796e-01
1.405096e-01
1.405391e-01
1.405691e-01
1.405985e-01
1.406285e-01
1.406579e-01
1.406879e-01
1.407173e-01
1.407472e-01
1.407766e-01
1.408066e-01
1.408368e-01
1.408670e-01
1.408969e-01
1.409276e-01
1.409576e-01
1.409882e-01
1.410182e-01
1.410488e-01
1.410787e-01
1.411093e-01
1.411392e-01
1.411698e-01
1.411996e-01
1.412301e-01
1.412599e-01
1.412904e-01
1.413201e-01
1.413505e-01
1.413803e-01
1.414106e-01
1.414403e-01
1.414705e-01
1.415002e-01
1.415304e-01
1.415601e-01
1.415902e-01
1.416198e-01
1.416499e-01
1.416795e-01
1.417096e-01
1.417391e-01
1.417692e-01
1.417987e-01
1.418287e-01
1.418582e-01
1.418882e-01
1.419185e-01
1.419497e-01
1.419799e-01
1.420109e-01
1.420412e-01
1.420721e-01
1.421024e-01
1.421334e-01
1.421674e-01
1.422024e-01
1.422406e-01
1.422790e-01
1.423172e-01
1.423554e-01
1.423858e-01
1.424169e-01
1.424473e-01
1.424785e-01
1.425088e-01
1.425401e-01
1.425705e-01
1.426018e-01
1.426322e-01
1.426635e-01
1.426959e-01
1.427296e-01
1.427648e-01
1.428016e-01
1.428309e-01
1.428607e-01
1.428900e-01
1.429196e-01
1.429489e-01
1.429812e-01
1.430166e-01
1.430544e-01
1.430921e-01
1.431300e-01
1.431678e-01
1.432055e-01
1.432351e-01
1.432656e-01
1.432971e-01
1.433275e-01
1.433574e-01
1.433881e-01
1.434180e-01
1.434487e-01
1.434785e-01
1.435087e-01
1.435386e-01
1.435687e-01
1.435985e-01
1.436285e-01
1.436582e-01
1.436881e-01
1.437177e-01
1.437475e-01
1.437770e-01
1.438068e-01
1.438362e-01
1.438659e-01
1.438962e-01
1.439285e-01
1.439583e-01
1.439887e-01
1.440189e-01
1.440490e-01
1.440788e-01
1.441092e-01
1.441390e-01
1.441690e-01
1.441988e-01
1.442289e-01
1.442586e-01
1.442886e-01
1.443184e-01
1.443484e-01
1.443781e-01
1.444081e-01
1.444374e-01
1.444672e-01
1.444965e-01
1.445261e-01
1.445577e-01
1.445905e-01
1.446249e-01
1.446603e-01
1.446972e-01
1.447354e-01
1.447741e-01
1.448129e-01
1.448516e-01
1.448903e-01
1.449291e-01
1.449684e-01
1.449972e-01
1.450263e-01
1.450558e-01
1.450857e-01
1.451151e-01
1.451451e-01
1.451745e-01
1.452045e-01
1.452340e-01
1.452639e-01
1.452934e-01
1.453234e-01
1.453529e-01
1.453829e-01
1.454124e-01
1.454424e-01
1.454719e-01
1.455020e-01
1.455315e-01
1.455616e-01
1.455911e-01
1.456212e-01
1.456508e-01
1.456809e-01
1.457104e-01
1.457406e-01
1.457698e-01
1.457997e-01
1.458291e-01
1.458591e-01
1.458882e-01
1.459179e-01
1.459471e-01
1.459773e-01
1.460074e-01
1.460389e-01
1.460686e-01
1.460989e-01
1.461286e-01
1.461590e-01
1.461888e-01
1.462191e-01
1.462492e-01
1.462793e-01
1.463094e-01
1.463404e-01
1.463702e-01
1.464006e-01
1.464304e-01
1.464608e-01
1.464906e-01
1.465211e-01
1.465509e-01
1.465814e-01
1.466112e-01
1.466416e-01
1.466715e-01
1.467019e-01
1.467317e-01
1.467621e-01
1.467919e-01
1.468223e-01
1.468521e-01
1.468825e-01
1.469123e-01
1.469426e-01
1.469724e-01
1.470024e-01
1.470322e-01
1.470622e-01
1.470919e-01
1.471219e-01
1.471516e-01
1.471831e-01
1.472177e-01
1.472557e-01
1.472966e-01
1.473376e-01
1.473785e-01
1.474195e-01
1.474605e-01
1.475015e-01
1.475425e-01
1.475835e-01
1.476246e-01
1.476657e-01
1.477069e-01
1.477480e-01
1.477892e-01
1.478303e-01
1.478715e-01
1.479127e-01
1.479539e-01
1.479951e-01
1.480363e-01
1.480776e-01
1.481188e-01
1.481600e-01
1.482014e-01
1.482427e-01
1.482841e-01
1.483254e-01
1.483668e-01
1.484081e-01
1.484495e-01
1.484909e-01
1.485323e-01
1.485737e-01
1.486152e-01
1.486566e-01
1.486980e-01
1.487396e-01
1.487811e-01
1.488226e-01
1.488642e-01
1.489058e-01
1.489474e-01
1.489890e-01
1.490306e-01
1.490722e-01
1.491139e-01
1.491555e-01
1.491972e-01
1.492389e-01
1.492806e-01
1.493224e-01
1.493642e-01
1.494060e-01
1.494478e-01
1.494896e-01
1.495314e-01
1.495733e-01
1.496151e-01
1.496570e-01
1.496989e-01
1.497408e-01
1.497827e-01
1.498246e-01
1.498666e-01
1.499085e-01
1.499505e-01
1.499925e-01
1.500344e-01
1.500764e-01
1.501184e-01
1.501605e-01
1.502025e-01
1.502445e-01
1.502866e-01
1.503287e-01
1.503708e-01
1.504128e-01
1.504550e-01
1.504971e-01
1.505392e-01
1.505813e-01
1.506235e-01
1.506657e-01
1.507079e-01
1.507501e-01
1.507923e-01
1.508345e-01
1.508767e-01
1.509190e-01
1.509612e-01
1.510035e-01
1.510458e-01
1.510880e-01
1.511303e-01
1.511726e-01
1.512149e-01
1.512572e-01
1.512995e-01
1.513419e-01
1.513842e-01
1.514265e-01
1.514689e-01
1.515112e-01
1.515536e-01
1.515959e-01
1.516383e-01
1.516807e-01
1.517230e-01
1.517654e-01
1.518078e-01
1.518502e-01
1.518927e-01
1.519351e-01
1.519775e-01
1.520200e-01
1.520625e-01
1.521049e-01
1.521474e-01
1.521899e-01
1.522325e-01
1.522750e-01
1.523175e-01
1.523601e-01
1.524026e-01
1.524452e-01
1.524878e-01
1.525304e-01
1.525730e-01
1.526156e-01
1.526582e-01
1.527009e-01
1.527435e-01
1.527862e-01
1.528288e-01
1.528715e-01
1.529142e-01
1.529569e-01
1.529996e-01
1.530423e-01
1.530850e-01
1.531277e-01
1.531705e-01
1.532132e-01
1.532417e-01
1.532708e-01
1.533007e-01
1.533295e-01
1.533590e-01
1.533879e-01
1.534165e-01
1.534456e-01
1.534742e-01
1.535032e-01
1.535318e-01
1.535608e-01
1.535894e-01
1.536184e-01
1.536469e-01
1.536759e-01
1.537044e-01
1.537334e-01
1.537619e-01
1.537912e-01
1.538212e-01
1.538503e-01
1.538801e-01
1.539092e-01
1.539390e-01
1.539681e-01
1.539979e-01
1.540270e-01
1.540568e-01
1.540858e-01
1.541155e-01
1.541446e-01
1.541742e-01
1.542033e-01
1.542329e-01
1.542632e-01
1.542918e-01
1.543211e-01
1.543497e-01
1.543789e-01
1.544076e-01
1.544367e-01
1.544653e-01
1.544944e-01
1.545230e-01
1.545521e-01
1.545818e-01
1.546111e-01
1.546412e-01
1.546722e-01
1.547011e-01
1.547309e-01
1.547599e-01
1.547897e-01
1.548188e-01
1.548486e-01
1.548776e-01
1.549073e-01
1.549363e-01
1.549660e-01
1.549950e-01
1.550246e-01
1.550535e-01
1.550831e-01
1.551120e-01
1.551415e-01
1.551704e-01
1.551998e-01
1.552287e-01
1.552581e-01
1.552868e-01
1.553162e-01
1.553449e-01
1.553742e-01
1.554030e-01
1.554322e-01
1.554609e-01
1.554901e-01
1.555187e-01
1.555479e-01
1.555776e-01
1.556078e-01
1.556388e-01
1.556704e-01
1.557029e-01
1.557362e-01
1.557704e-01
1.558056e-01
1.558417e-01
1.558787e-01
1.559165e-01
1.559550e-01
1.559949e-01
1.560349e-01
1.560750e-01
1.561150e-01
1.561551e-01
1.561952e-01
1.562353e-01
1.562754e-01
1.563155e-01
1.563556e-01
1.563957e-01
1.564360e-01
1.564763e-01
1.565165e-01
1.565568e-01
1.565971e-01
1.566258e-01
1.566553e-01
1.566856e-01
1.567148e-01
1.567448e-01
1.567741e-01
1.568041e-01
1.568334e-01
1.568634e-01
1.568927e-01
1.569226e-01
1.569518e-01
1.569817e-01
1.570110e-01
1.570408e-01
1.570701e-01
1.570999e-01
1.571291e-01
1.571590e-01
1.571894e-01
1.572183e-01
1.572477e-01
1.572765e-01
1.573059e-01
1.573348e-01
1.573641e-01
1.573929e-01
1.574223e-01
1.574510e-01
1.574804e-01
1.575102e-01
1.575398e-01
1.575703e-01
1.576000e-01
1.576307e-01
1.576605e-01
1.576912e-01
1.577211e-01
1.577519e-01
1.577819e-01
1.578127e-01
1.578427e-01
1.578735e-01
1.579035e-01
1.579343e-01
1.579643e-01
1.579951e-01
1.580251e-01
1.580559e-01
1.580859e-01
1.581168e-01
1.581468e-01
1.581776e-01
1.582076e-01
1.582384e-01
1.582684e-01
1.582993e-01
1.583293e-01
1.583601e-01
1.583901e-01
1.584209e-01
1.584509e-01
1.584817e-01
1.585117e-01
1.585424e-01
1.585724e-01
1.586032e-01
1.586331e-01
1.586639e-01
1.586938e-01
1.587246e-01
1.587545e-01
1.587852e-01
1.588151e-01
1.588458e-01
1.588757e-01
1.589064e-01
1.589363e-01
1.589669e-01
1.589968e-01
1.590274e-01
1.590588e-01
1.590882e-01
1.591182e-01
1.591476e-01
1.591776e-01
1.592069e-01
1.592369e-01
1.592662e-01
1.592961e-01
1.593253e-01
1.593552e-01
1.593844e-01
1.594142e-01
1.594434e-01
1.594732e-01
1.595023e-01
1.595320e-01
1.595611e-01
1.595907e-01
1.596198e-01
1.596494e-01
1.596784e-01
1.597079e-01
1.597381e-01
1.597673e-01
1.597971e-01
1.598276e-01
1.598587e-01
1.598905e-01
1.599232e-01
1.599567e-01
1.599912e-01
1.600267e-01
1.600632e-01
1.601007e-01
1.601389e-01
1.601779e-01
1.602174e-01
1.602573e-01
1.602974e-01
1.603378e-01
1.603784e-01
1.604190e-01
1.604596e-01
1.605002e-01
1.605408e-01
1.605815e-01
1.606221e-01
1.606627e-01
1.607034e-01
1.607440e-01
1.607847e-01
1.608253e-01
1.608660e-01
1.609066e-01
1.609473e-01
1.609879e-01
1.610286e-01
1.610693e-01
1.611099e-01
1.611506e-01
1.611912e-01
1.612319e-01
1.612726e-01
1.613133e-01
1.613539e-01
1.613946e-01
1.614353e-01
1.614760e-01
1.615167e-01
1.615574e-01
1.615981e-01
1.616388e-01
1.616795e-01
1.617201e-01
1.617608e-01
1.618016e-01
1.618423e-01
1.618830e-01
1.619238e-01
1.619645e-01
1.620052e-01
1.620460e-01
1.620867e-01
1.621274e-01
1.621682e-01
1.622089e-01
1.622497e-01
1.622905e-01
1.623313e-01
1.623721e-01
1.624129e-01
1.624537e-01
1.624945e-01
1.625353e-01
1.625761e-01
1.626169e-01
1.626577e-01
1.626985e-01
1.627394e-01
1.627803e-01
1.628211e-01
1.628620e-01
1.629029e-01
1.629438e-01
1.629847e-01
1.630256e-01
1.630665e-01
1.631074e-01
1.631483e-01
1.631892e-01
1.632302e-01
1.632712e-01
1.633122e-01
1.633532e-01
1.633943e-01
1.634353e-01
1.634763e-01
1.635173e-01
1.635584e-01
1.635994e-01
1.636404e-01
1.636815e-01
1.637226e-01
1.637638e-01
1.638050e-01
1.638462e-01
1.638874e-01
1.639286e-01
1.639698e-01
1.640110e-01
1.640522e-01
1.640934e-01
1.641346e-01
1.641758e-01
1.642170e-01
1.642585e-01
1.642999e-01
1.643413e-01
1.643828e-01
1.644242e-01
1.644656e-01
1.645070e-01
1.645485e-01
1.645899e-01
1.646313e-01
1.646727e-01
1.647017e-01
1.647312e-01
1.647614e-01
1.647907e-01
1.648206e-01
1.648499e-01
1.648790e-01
1.649085e-01
1.649376e-01
1.649671e-01
1.649961e-01
1.650257e-01
1.650547e-01
1.650842e-01
1.651132e-01
1.651427e-01
1.651717e-01
1.652011e-01
1.652301e-01
1.652596e-01
1.652885e-01
1.653180e-01
1.653469e-01
1.653763e-01
1.654053e-01
1.654347e-01
1.654637e-01
1.654933e-01
1.655237e-01
1.655531e-01
1.655832e-01
1.656127e-01
1.656428e-01
1.656723e-01
1.657024e-01
1.657319e-01
1.657620e-01
1.657915e-01
1.658215e-01
1.658510e-01
1.658811e-01
1.659105e-01
1.659406e-01
1.659700e-01
1.660001e-01
1.660308e-01
1.660599e-01
1.660896e-01
1.661187e-01
1.661483e-01
1.661775e-01
1.662071e-01
1.662362e-01
1.662658e-01
1.662949e-01
1.663245e-01
1.663535e-01
1.663831e-01
1.664122e-01
1.664417e-01
1.664707e-01
1.665003e-01
1.665293e-01
1.665588e-01
1.665878e-01
1.666172e-01
1.666462e-01
1.666757e-01
1.667057e-01
1.667363e-01
1.667653e-01
1.667951e-01
1.668256e-01
1.668551e-01
1.668854e-01
1.669164e-01
1.669456e-01
1.669754e-01
1.670046e-01
1.670345e-01
1.670637e-01
1.670936e-01
1.671228e-01
1.671526e-01
1.671818e-01
1.672116e-01
1.672408e-01
1.672706e-01
1.672998e-01
1.673296e-01
1.673587e-01
1.673885e-01
1.674176e-01
1.674473e-01
1.674765e-01
1.675061e-01
1.675353e-01
1.675649e-01
1.675940e-01
1.676237e-01
1.676528e-01
1.676824e-01
1.677114e-01
1.677410e-01
1.677701e-01
1.677997e-01
1.678287e-01
1.678583e-01
1.678873e-01
1.679168e-01
1.679458e-01
1.679753e-01
1.680043e-01
1.680338e-01
1.680628e-01
1.680923e-01
1.681212e-01
1.681507e-01
1.681796e-01
1.682091e-01
1.682380e-01
1.682674e-01
1.682964e-01
1.683258e-01
1.683547e-01
1.683841e-01
1.684130e-01
1.684424e-01
1.684713e-01
1.685007e-01
1.685296e-01
1.685589e-01
1.685878e-01
1.686172e-01
1.686461e-01
1.686752e-01
1.687040e-01
1.687331e-01
1.687620e-01
1.687911e-01
1.688200e-01
1.688491e-01
1.688779e-01
1.689070e-01
1.689359e-01
1.689653e-01
1.689953e-01
1.690245e-01
1.690534e-01
1.690829e-01
1.691118e-01
1.691412e-01
1.691702e-01
1.691996e-01
1.692285e-01
1.692579e-01
1.692869e-01
1.693163e-01
1.693452e-01
1.693743e-01
1.694032e-01
1.694324e-01
1.694613e-01
1.694905e-01
1.695194e-01
1.695485e-01
1.695774e-01
1.696066e-01
1.696355e-01
1.696646e-01
1.696935e-01
1.697226e-01
1.697515e-01
1.697806e-01
1.698095e-01
1.698387e-01
1.698676e-01
1.698967e-01
1.699256e-01
1.699547e-01
1.699836e-01
1.700127e-01
1.700416e-01
1.700707e-01
1.700996e-01
1.701288e-01
1.701576e-01
1.701868e-01
1.702157e-01
1.702448e-01
1.702768e-01
1.703121e-01
1.703508e-01
1.703935e-01
1.704365e-01
1.704796e-01
1.705099e-01
1.705428e-01
1.705786e-01
1.706174e-01
1.706591e-01
1.707025e-01
1.707460e-01
1.707895e-01
1.708331e-01
1.708768e-01
1.709204e-01
1.709642e-01
1.710080e-01
1.710519e-01
1.710958e-01
1.711397e-01
1.711837e-01
1.712277e-01
1.712718e-01
1.713159e-01
1.713601e-01
1.714043e-01
1.714332e-01
1.714627e-01
1.714916e-01
1.715209e-01
1.715498e-01
1.715790e-01
1.716080e-01
1.716372e-01
1.716662e-01
1.716954e-01
1.717244e-01
1.717536e-01
1.717825e-01
1.718118e-01
1.718407e-01
1.718699e-01
1.718989e-01
1.719281e-01
1.719571e-01
1.719863e-01
1.720153e-01
1.720445e-01
1.720735e-01
1.721027e-01
1.721317e-01
1.721636e-01
1.721986e-01
1.722372e-01
1.722796e-01
1.723241e-01
1.723687e-01
1.724133e-01
1.724579e-01
1.725026e-01
1.725472e-01
1.725918e-01
1.726364e-01
1.726811e-01
1.727101e-01
1.727396e-01
1.727687e-01
1.727979e-01
1.728270e-01
1.728562e-01
1.728853e-01
1.729146e-01
1.729436e-01
1.729729e-01
1.730019e-01
1.730312e-01
1.730602e-01
1.730895e-01
1.731186e-01
1.731478e-01
1.731769e-01
1.732062e-01
1.732352e-01
1.732645e-01
1.732935e-01
1.733228e-01
1.733518e-01
1.733811e-01
1.734102e-01
1.734394e-01
1.734685e-01
1.735004e-01
1.735356e-01
1.735743e-01
1.736168e-01
1.736611e-01
1.737056e-01
1.737501e-01
1.737947e-01
1.738394e-01
1.738842e-01
1.739290e-01
1.739581e-01
1.739876e-01
1.740167e-01
1.740460e-01
1.740751e-01
1.741044e-01
1.741335e-01
1.741628e-01
1.741919e-01
1.742213e-01
1.742503e-01
1.742797e-01
1.743088e-01
1.743381e-01
1.743672e-01
1.743965e-01
1.744256e-01
1.744549e-01
1.744840e-01
1.745133e-01
1.745424e-01
1.745717e-01
1.746007e-01
1.746301e-01
1.746591e-01
1.746884e-01
1.747175e-01
1.747495e-01
1.747847e-01
1.748234e-01
1.748660e-01
1.749105e-01
1.749551e-01
1.749998e-01
1.750445e-01
1.750893e-01
1.751340e-01
1.751787e-01
1.752235e-01
1.752682e-01
1.753130e-01
1.753577e-01
1.754025e-01
1.754472e-01
1.754920e-01
1.755367e-01
1.755815e-01
1.756263e-01
1.756710e-01
1.757158e-01
1.757606e-01
1.758053e-01
1.758501e-01
1.758949e-01
1.759397e-01
1.759845e-01
1.760293e-01
1.760741e-01
1.761190e-01
1.761638e-01
1.762086e-01
1.762535e-01
1.762984e-01
1.763432e-01
1.763723e-01
1.764019e-01
1.764311e-01
1.764604e-01
1.764895e-01
1.765189e-01
1.765480e-01
1.765774e-01
1.766065e-01
1.766359e-01
1.766650e-01
1.766943e-01
1.767235e-01
1.767528e-01
1.767820e-01
1.768113e-01
1.768405e-01
1.768698e-01
1.768990e-01
1.769283e-01
1.769575e-01
1.769868e-01
1.770160e-01
1.770454e-01
1.770745e-01
1.771039e-01
1.771362e-01
1.771717e-01
1.772108e-01
1.772539e-01
1.772983e-01
1.773429e-01
1.773876e-01
1.774324e-01
1.774772e-01
1.775221e-01
1.775671e-01
1.776121e-01
1.776572e-01
1.777023e-01
1.777315e-01
1.777612e-01
1.777904e-01
1.778198e-01
1.778490e-01
1.778785e-01
1.779077e-01
1.779372e-01
1.779664e-01
1.779958e-01
1.780251e-01
1.780545e-01
1.780838e-01
1.781132e-01
1.781425e-01
1.781719e-01
1.782012e-01
1.782306e-01
1.782599e-01
1.782894e-01
1.783186e-01
1.783481e-01
1.783773e-01
1.784068e-01
1.784361e-01
1.784655e-01
1.784948e-01
1.785270e-01
1.785624e-01
1.786013e-01
1.786441e-01
1.786888e-01
1.787336e-01
1.787784e-01
1.788234e-01
1.788684e-01
1.789135e-01
1.789587e-01
1.790039e-01
1.790492e-01
1.790945e-01
1.791399e-01
1.791854e-01
1.792309e-01
1.792764e-01
1.793220e-01
1.793513e-01
1.793811e-01
1.794105e-01
1.794400e-01
1.794694e-01
1.794990e-01
1.795283e-01
1.795579e-01
1.795873e-01
1.796169e-01
1.796462e-01
1.796758e-01
1.797052e-01
1.797348e-01
1.797642e-01
1.797938e-01
1.798231e-01
1.798528e-01
1.798821e-01
1.799117e-01
1.799411e-01
1.799708e-01
1.800001e-01
1.800298e-01
1.800592e-01
1.800915e-01
1.801271e-01
1.801662e-01
1.802092e-01
1.802545e-01
1.802999e-01
1.803454e-01
1.803909e-01
1.804366e-01
1.804823e-01
1.805280e-01
1.805739e-01
1.806198e-01
1.806657e-01
1.807116e-01
1.807576e-01
1.808036e-01
1.808497e-01
1.808958e-01
1.809419e-01
1.809880e-01
1.810342e-01
1.810804e-01
1.811266e-01
1.811728e-01
1.812191e-01
1.812653e-01
1.813116e-01
1.813580e-01
1.814043e-01
1.814507e-01
1.814970e-01
1.815434e-01
1.815898e-01
1.816362e-01
1.816827e-01
1.817291e-01
1.817756e-01
1.818220e-01
1.818685e-01
1.819150e-01
1.819615e-01
1.820081e-01
1.820546e-01
1.821012e-01
1.821477e-01
1.821943e-01
1.822409e-01
1.822875e-01
1.823341e-01
1.823807e-01
1.824274e-01
1.824740e-01
1.825207e-01
1.825674e-01
1.826140e-01
1.826607e-01
1.827075e-01
1.827542e-01
1.828009e-01
1.828477e-01
1.828944e-01
1.829412e-01
1.829880e-01
1.830348e-01
1.830816e-01
1.831284e-01
1.831753e-01
1.832221e-01
1.832690e-01
1.833159e-01
1.833627e-01
1.834097e-01
1.834566e-01
1.835035e-01
1.835504e-01
1.835974e-01
1.836444e-01
1.836913e-01
1.837383e-01
1.837853e-01
1.838324e-01
1.838794e-01
1.839264e-01
1.839735e-01
1.840206e-01
1.840677e-01
1.841148e-01
1.841619e-01
1.842090e-01
1.842562e-01
1.843033e-01
1.843505e-01
1.843977e-01
1.844449e-01
1.844748e-01
1.845078e-01
1.845377e-01
1.845690e-01
1.845989e-01
1.846301e-01
1.846601e-01
1.846916e-01
1.847216e-01
1.847533e-01
1.847883e-01
1.848267e-01
1.848689e-01
1.849129e-01
1.849585e-01
1.850048e-01
1.850517e-01
1.850987e-01
1.851460e-01
1.851932e-01
1.852233e-01
1.852564e-01
1.852927e-01
1.853327e-01
1.853768e-01
1.854228e-01
1.854698e-01
1.855171e-01
1.855647e-01
1.856122e-01
1.856598e-01
1.857074e-01
1.857550e-01
1.858026e-01
1.858327e-01
1.858659e-01
1.858961e-01
1.859276e-01
1.859577e-01
1.859897e-01
1.860199e-01
1.860524e-01
1.860826e-01
1.861152e-01
1.861454e-01
1.861778e-01
1.862080e-01
1.862401e-01
1.862703e-01
1.863022e-01
1.863373e-01
1.863760e-01
1.864185e-01
1.864635e-01
1.865105e-01
1.865578e-01
1.866056e-01
1.866534e-01
1.867012e-01
1.867491e-01
1.867969e-01
1.868448e-01
1.868927e-01
1.869405e-01
1.869884e-01
1.870363e-01
1.870842e-01
1.871321e-01
1.871800e-01
1.872280e-01
1.872759e-01
1.873239e-01
1.873542e-01
1.873850e-01
1.874154e-01
1.874462e-01
1.874765e-01
1.875074e-01
1.875377e-01
1.875686e-01
1.875990e-01
1.876298e-01
1.876602e-01
1.876911e-01
1.877214e-01
1.877523e-01
1.877827e-01
1.878136e-01
1.878440e-01
1.878749e-01
1.879053e-01
1.879362e-01
1.879666e-01
1.879975e-01
1.880279e-01
1.880588e-01
1.880892e-01
1.881202e-01
1.881506e-01
1.881815e-01
1.882119e-01
1.882426e-01
1.882730e-01
1.883037e-01
1.883342e-01
1.883649e-01
1.883953e-01
1.884260e-01
1.884565e-01
1.884872e-01
1.885177e-01
1.885484e-01
1.885788e-01
1.886096e-01
1.886401e-01
1.886708e-01
1.887013e-01
1.887320e-01
1.887625e-01
1.887933e-01
1.888238e-01
1.888545e-01
1.888851e-01
1.889158e-01
1.889464e-01
1.889771e-01
1.890077e-01
1.890385e-01
1.890690e-01
1.890998e-01
1.891303e-01
1.891611e-01
1.891917e-01
1.892232e-01
1.892538e-01
1.892854e-01
1.893164e-01
1.893480e-01
1.893791e-01
1.894107e-01
1.894417e-01
1.894733e-01
1.895043e-01
1.895358e-01
1.895668e-01
1.895984e-01
1.896291e-01
1.896604e-01
1.896911e-01
1.897228e-01
1.897538e-01
1.897852e-01
1.898162e-01
1.898476e-01
1.898786e-01
1.899101e-01
1.899410e-01
1.899724e-01
1.900033e-01
1.900350e-01
1.900659e-01
1.900971e-01
1.901280e-01
1.901592e-01
1.901902e-01
1.902216e-01
1.902526e-01
1.902841e-01
1.903150e-01
1.903465e-01
1.903773e-01
1.904088e-01
1.904396e-01
1.904708e-01
1.905016e-01
1.905328e-01
1.905636e-01
1.905951e-01
1.906259e-01
1.906574e-01
1.906882e-01
1.907196e-01
1.907505e-01
1.907819e-01
1.908128e-01
1.908442e-01
1.908751e-01
1.909064e-01
1.909373e-01
1.909686e-01
1.909994e-01
1.910307e-01
1.910617e-01
1.910929e-01
1.911236e-01
1.911548e-01
1.911859e-01
1.912172e-01
1.912483e-01
1.912797e-01
1.913108e-01
1.913422e-01
1.913743e-01
1.914058e-01
1.914378e-01
1.914693e-01
1.915000e-01
1.915315e-01
1.915639e-01
1.915956e-01
1.916281e-01
1.916599e-01
1.916914e-01
1.917233e-01
1.917563e-01
1.917882e-01
1.918213e-01
1.918556e-01
1.918864e-01
1.919186e-01
1.919521e-01
1.919873e-01
1.920243e-01
1.920633e-01
1.921043e-01
1.921470e-01
1.921911e-01
1.922361e-01
1.922818e-01
1.923279e-01
1.923741e-01
1.924205e-01
1.924669e-01
1.925133e-01
1.925598e-01
1.926062e-01
1.926527e-01
1.926992e-01
1.927457e-01
1.927922e-01
1.928388e-01
1.928853e-01
1.929319e-01
1.929785e-01
1.930251e-01
1.930717e-01
1.931183e-01
1.931650e-01
1.932117e-01
1.932584e-01
1.933051e-01
1.933518e-01
1.933986e-01
1.934454e-01
1.934923e-01
1.935391e-01
1.935860e-01
1.936330e-01
1.936799e-01
1.937269e-01
1.937739e-01
1.938210e-01
1.938681e-01
1.939152e-01
1.939624e-01
1.940095e-01
1.940567e-01
1.941040e-01
1.941512e-01
1.941985e-01
1.942459e-01
1.942932e-01
1.943406e-01
1.943880e-01
1.944354e-01
1.944828e-01
1.945303e-01
1.945778e-01
1.946253e-01
1.946728e-01
1.947203e-01
1.947679e-01
1.948155e-01
1.948631e-01
1.949107e-01
1.949584e-01
1.950060e-01
1.950537e-01
1.951014e-01
1.951492e-01
1.951969e-01
1.952447e-01
1.952925e-01
1.953404e-01
1.953882e-01
1.954361e-01
1.954840e-01
1.955319e-01
1.955799e-01
1.956278e-01
1.956758e-01
1.957239e-01
1.957719e-01
1.958200e-01
1.958680e-01
1.959161e-01
1.959642e-01
1.960124e-01
1.960604e-01
1.961085e-01
1.961565e-01
1.962045e-01
1.962524e-01
1.963004e-01
1.963482e-01
1.963961e-01
1.964439e-01
1.964917e-01
1.965395e-01
1.965872e-01
1.966349e-01
1.966825e-01
1.967302e-01
1.967778e-01
1.968253e-01
1.968729e-01
1.969204e-01
1.969679e-01
1.970153e-01
1.970627e-01
1.971101e-01
1.971575e-01
1.972048e-01
1.972521e-01
1.972994e-01
1.973466e-01
1.973939e-01
1.974411e-01
1.974883e-01
1.975354e-01
1.975826e-01
1.976297e-01
1.976769e-01
1.977240e-01
1.977711e-01
1.978181e-01
1.978652e-01
1.979123e-01
1.979444e-01
1.979775e-01
1.980116e-01
1.980446e-01
1.980784e-01
1.981115e-01
1.981456e-01
1.981789e-01
1.982132e-01
1.982466e-01
1.982812e-01
1.983148e-01
1.983496e-01
1.983835e-01
1.984187e-01
1.984529e-01
1.984885e-01
1.985230e-01
1.985591e-01
1.985942e-01
1.986310e-01
1.986666e-01
1.986996e-01
1.987349e-01
1.987663e-01
1.988002e-01
1.988313e-01
1.988644e-01
1.988994e-01
1.989354e-01
1.989667e-01
1.989987e-01
1.990300e-01
1.990620e-01
1.990933e-01
1.991250e-01
1.991562e-01
1.991879e-01
1.992191e-01
1.992508e-01
1.992820e-01
1.993137e-01
1.993449e-01
1.993766e-01
1.994078e-01
1.994394e-01
1.994706e-01
1.995023e-01
1.995335e-01
1.995651e-01
1.995962e-01
1.996279e-01
1.996589e-01
1.996906e-01
1.997217e-01
1.997533e-01
1.997844e-01
1.998161e-01
1.998471e-01
1.998788e-01
1.999099e-01
1.999415e-01
1.999726e-01
2.000043e-01
2.000353e-01
2.000670e-01
2.000981e-01
2.001298e-01
