# 1  : Date
# 2  : Temps elapsed min (mus)
# 3  : Rang temps elapsed min
# 4  : Noeud temps elapsed min
# 5  : Temps elapsed max (mus)
# 6  : Rang temps elapsed max
# 7  : Noeud temps elapsed max
# 8  : Grind time (mus/maille/cycle)
# 9  : Grind time équivalent séquentiel (#8 X nb_de_coeurs)
#     1     2     3     4      5      6      7       8      9
#   ATTENTION  les temps cpu schémas sont données dans l'ordre alphabétique des schémas WARNING
#  10: TELAPS Hydro (mus)
9.824849e-05   4.039e+04 0 inti1203   4.054e+04 3 inti1203   2.935e-01 4.696e+00  3.188e+04
2.300895e-04   4.122e+04 0 inti1203   4.143e+04 3 inti1203   2.991e-01 4.786e+00  3.252e+04
4.140046e-04   4.187e+04 0 inti1203   4.202e+04 3 inti1203   3.012e-01 4.818e+00  3.308e+04
6.483051e-04   4.206e+04 0 inti1203   4.226e+04 3 inti1203   3.007e-01 4.811e+00  3.324e+04
9.252446e-04   4.164e+04 0 inti1203   4.187e+04 3 inti1203   2.950e-01 4.720e+00  3.298e+04
1.239583e-03   4.213e+04 0 inti1203   4.234e+04 3 inti1203   2.949e-01 4.719e+00  3.336e+04
1.589698e-03   4.282e+04 0 inti1203   4.295e+04 3 inti1203   2.954e-01 4.727e+00  3.406e+04
1.974394e-03   4.469e+04 0 inti1203   4.487e+04 3 inti1203   3.047e-01 4.875e+00  3.556e+04
2.390406e-03   5.122e+04 1 inti1203   5.129e+04 3 inti1203   3.433e-01 5.493e+00  4.199e+04
2.835441e-03   4.640e+04 0 inti1203   4.660e+04 3 inti1203   3.075e-01 4.920e+00  3.707e+04
3.288871e-03   4.466e+04 0 inti1203   4.484e+04 3 inti1203   2.915e-01 4.664e+00  3.582e+04
3.745220e-03   4.530e+04 0 inti1203   4.556e+04 3 inti1203   2.921e-01 4.674e+00  3.632e+04
4.185403e-03   4.566e+04 0 inti1203   4.584e+04 3 inti1203   2.924e-01 4.679e+00  3.673e+04
4.543334e-03   4.653e+04 0 inti1203   4.671e+04 3 inti1203   2.946e-01 4.714e+00  3.744e+04
4.941044e-03   4.814e+04 0 inti1203   4.842e+04 3 inti1203   3.015e-01 4.824e+00  3.898e+04
5.339325e-03   4.886e+04 0 inti1203   4.904e+04 3 inti1203   3.010e-01 4.817e+00  3.962e+04
5.677743e-03   4.941e+04 0 inti1203   4.961e+04 3 inti1203   3.005e-01 4.808e+00  4.012e+04
5.985272e-03   4.804e+04 1 inti1203   4.809e+04 3 inti1203   2.880e-01 4.607e+00  3.877e+04
6.287114e-03   4.881e+04 1 inti1203   4.887e+04 3 inti1203   2.893e-01 4.628e+00  3.944e+04
6.586044e-03   4.910e+04 1 inti1203   4.918e+04 3 inti1203   2.875e-01 4.600e+00  3.972e+04
6.883871e-03   4.976e+04 1 inti1203   4.986e+04 3 inti1203   2.885e-01 4.617e+00  4.026e+04
7.182592e-03   5.032e+04 1 inti1203   5.055e+04 3 inti1203   2.898e-01 4.637e+00  4.071e+04
7.484219e-03   5.062e+04 1 inti1203   5.070e+04 3 inti1203   2.881e-01 4.610e+00  4.103e+04
7.783294e-03   5.083e+04 0 inti1203   5.086e+04 1 inti1203   2.859e-01 4.575e+00  4.107e+04
8.061089e-03   5.031e+04 0 inti1203   5.034e+04 1 inti1203   2.804e-01 4.486e+00  4.082e+04
8.322396e-03   5.078e+04 0 inti1203   5.082e+04 2 inti1203   2.808e-01 4.493e+00  4.110e+04
8.577426e-03   5.094e+04 0 inti1203   5.099e+04 3 inti1203   2.796e-01 4.474e+00  4.132e+04
8.833635e-03   5.174e+04 0 inti1203   5.179e+04 3 inti1203   2.815e-01 4.504e+00  4.197e+04
9.101217e-03   5.214e+04 0 inti1203   5.220e+04 3 inti1203   2.815e-01 4.505e+00  4.246e+04
9.381309e-03   5.554e+04 0 inti1203   5.559e+04 3 inti1203   2.974e-01 4.758e+00  4.572e+04
9.678187e-03   5.283e+04 0 inti1203   5.298e+04 3 inti1203   2.806e-01 4.490e+00  4.302e+04
9.992752e-03   5.350e+04 0 inti1203   5.355e+04 3 inti1203   2.810e-01 4.495e+00  4.357e+04
1.033156e-02   5.395e+04 0 inti1203   5.409e+04 3 inti1203   2.809e-01 4.495e+00  4.395e+04
1.069814e-02   5.716e+04 0 inti1203   5.719e+04 1 inti1203   2.938e-01 4.700e+00  4.648e+04
1.108984e-02   5.686e+04 0 inti1203   5.700e+04 3 inti1203   2.896e-01 4.633e+00  4.633e+04
1.149867e-02   5.762e+04 0 inti1203   5.765e+04 1 inti1203   2.890e-01 4.624e+00  4.702e+04
1.191443e-02   5.832e+04 0 inti1203   5.844e+04 3 inti1203   2.895e-01 4.632e+00  4.769e+04
1.233343e-02   5.914e+04 0 inti1203   5.926e+04 3 inti1203   2.900e-01 4.640e+00  4.844e+04
1.275580e-02   6.052e+04 0 inti1203   6.066e+04 3 inti1203   2.934e-01 4.694e+00  4.971e+04
1.318184e-02   6.598e+04 0 inti1203   6.602e+04 3 inti1203   3.155e-01 5.048e+00  5.516e+04
1.361173e-02   6.048e+04 0 inti1203   6.064e+04 3 inti1203   2.864e-01 4.582e+00  4.932e+04
1.404620e-02   6.082e+04 0 inti1203   6.091e+04 3 inti1203   2.844e-01 4.550e+00  4.952e+04
1.448649e-02   6.119e+04 0 inti1203   6.138e+04 3 inti1203   2.831e-01 4.530e+00  4.998e+04
1.493359e-02   6.171e+04 0 inti1203   6.186e+04 3 inti1203   2.822e-01 4.515e+00  5.042e+04
1.538778e-02   6.253e+04 0 inti1203   6.273e+04 3 inti1203   2.827e-01 4.523e+00  5.112e+04
1.584925e-02   6.314e+04 0 inti1203   6.323e+04 3 inti1203   2.814e-01 4.503e+00  5.173e+04
1.631816e-02   6.375e+04 0 inti1203   6.384e+04 3 inti1203   2.808e-01 4.493e+00  5.230e+04
1.679427e-02   6.385e+04 0 inti1203   6.394e+04 3 inti1203   2.779e-01 4.446e+00  5.229e+04
1.727687e-02   6.437e+04 1 inti1203   6.445e+04 3 inti1203   2.767e-01 4.426e+00  5.290e+04
1.776388e-02   6.553e+04 0 inti1203   6.570e+04 3 inti1203   2.785e-01 4.456e+00  5.389e+04
1.825208e-02   6.582e+04 0 inti1203   6.599e+04 3 inti1203   2.766e-01 4.426e+00  5.415e+04
1.874392e-02   6.684e+04 1 inti1203   6.694e+04 3 inti1203   2.769e-01 4.430e+00  5.510e+04
1.924292e-02   7.106e+04 1 inti1203   7.114e+04 3 inti1203   2.908e-01 4.652e+00  5.849e+04
1.975126e-02   6.915e+04 0 inti1203   6.922e+04 3 inti1203   2.796e-01 4.473e+00  5.655e+04
2.026958e-02   7.311e+04 0 inti1203   7.327e+04 3 inti1203   2.921e-01 4.673e+00  6.048e+04
2.079633e-02   6.950e+04 0 inti1203   6.958e+04 3 inti1203   2.740e-01 4.384e+00  5.683e+04
2.132594e-02   7.009e+04 0 inti1203   7.018e+04 3 inti1203   2.729e-01 4.366e+00  5.742e+04
2.185672e-02   7.096e+04 0 inti1203   7.106e+04 3 inti1203   2.728e-01 4.365e+00  5.816e+04
2.239026e-02   7.093e+04 0 inti1203   7.100e+04 3 inti1203   2.692e-01 4.307e+00  5.820e+04
2.292834e-02   7.129e+04 0 inti1203   7.146e+04 3 inti1203   2.678e-01 4.284e+00  5.849e+04
2.347073e-02   7.511e+04 0 inti1203   7.516e+04 3 inti1203   2.778e-01 4.445e+00  6.184e+04
2.401707e-02   7.319e+04 0 inti1203   7.336e+04 3 inti1203   2.679e-01 4.286e+00  6.021e+04
2.456666e-02   7.350e+04 0 inti1203   7.359e+04 3 inti1203   2.655e-01 4.248e+00  6.060e+04
2.511867e-02   7.424e+04 0 inti1203   7.444e+04 3 inti1203   2.654e-01 4.247e+00  6.130e+04
2.567243e-02   7.502e+04 0 inti1203   7.519e+04 3 inti1203   2.651e-01 4.241e+00  6.201e+04
2.622779e-02   7.509e+04 0 inti1203   7.526e+04 3 inti1203   2.622e-01 4.195e+00  6.210e+04
2.678523e-02   7.637e+04 0 inti1203   7.648e+04 3 inti1203   2.635e-01 4.216e+00  6.309e+04
2.734508e-02   7.719e+04 0 inti1203   7.736e+04 3 inti1203   2.635e-01 4.216e+00  6.379e+04
2.790680e-02   7.758e+04 0 inti1203   7.767e+04 3 inti1203   2.618e-01 4.188e+00  6.431e+04
2.847036e-02   7.823e+04 0 inti1203   7.846e+04 3 inti1203   2.616e-01 4.185e+00  6.477e+04
2.903491e-02   7.904e+04 0 inti1203   7.914e+04 3 inti1203   2.612e-01 4.179e+00  6.550e+04
2.960023e-02   7.978e+04 0 inti1203   7.996e+04 3 inti1203   2.610e-01 4.176e+00  6.598e+04
3.016599e-02   7.994e+04 0 inti1203   8.006e+04 3 inti1203   2.586e-01 4.137e+00  6.627e+04
3.073127e-02   8.070e+04 0 inti1203   8.078e+04 3 inti1203   2.583e-01 4.132e+00  6.648e+04
3.129693e-02   7.963e+04 0 inti1203   7.971e+04 3 inti1203   2.522e-01 4.035e+00  6.572e+04
3.186406e-02   8.045e+04 0 inti1203   8.051e+04 3 inti1203   2.523e-01 4.036e+00  6.656e+04
3.243180e-02   8.105e+04 2 inti1203   8.111e+04 3 inti1203   2.516e-01 4.025e+00  6.690e+04
3.300095e-02   8.181e+04 0 inti1203   8.188e+04 3 inti1203   2.516e-01 4.025e+00  6.769e+04
3.355368e-02   8.290e+04 0 inti1203   8.306e+04 3 inti1203   2.527e-01 4.043e+00  6.860e+04
3.406452e-02   8.368e+04 0 inti1203   8.374e+04 3 inti1203   2.526e-01 4.041e+00  6.988e+04
3.454540e-02   8.242e+04 0 inti1203   8.250e+04 3 inti1203   2.467e-01 3.948e+00  6.853e+04
3.500885e-02   8.428e+04 0 inti1203   8.435e+04 3 inti1203   2.503e-01 4.004e+00  7.002e+04
3.547121e-02   8.405e+04 2 inti1203   8.412e+04 3 inti1203   2.478e-01 3.964e+00  6.993e+04
3.593866e-02   8.351e+04 0 inti1203   8.366e+04 3 inti1203   2.447e-01 3.916e+00  6.942e+04
3.641167e-02   8.409e+04 1 inti1203   8.413e+04 3 inti1203   2.444e-01 3.911e+00  7.005e+04
3.688747e-02   8.543e+04 0 inti1203   8.551e+04 3 inti1203   2.468e-01 3.948e+00  7.115e+04
3.736487e-02   8.613e+04 0 inti1203   8.619e+04 3 inti1203   2.471e-01 3.953e+00  7.177e+04
3.784623e-02   8.543e+04 0 inti1203   8.556e+04 3 inti1203   2.437e-01 3.900e+00  7.120e+04
3.833426e-02   8.642e+04 0 inti1203   8.658e+04 3 inti1203   2.450e-01 3.920e+00  7.202e+04
3.882786e-02   8.633e+04 0 inti1203   8.638e+04 3 inti1203   2.428e-01 3.885e+00  7.197e+04
3.932686e-02   8.652e+04 0 inti1203   8.666e+04 3 inti1203   2.421e-01 3.874e+00  7.212e+04
3.983268e-02   8.768e+04 0 inti1203   8.773e+04 3 inti1203   2.435e-01 3.896e+00  7.306e+04
4.034499e-02   8.673e+04 0 inti1203   8.689e+04 3 inti1203   2.396e-01 3.833e+00  7.192e+04
4.086310e-02   8.738e+04 0 inti1203   8.746e+04 3 inti1203   2.396e-01 3.834e+00  7.247e+04
4.138782e-02   8.756e+04 0 inti1203   8.771e+04 3 inti1203   2.388e-01 3.821e+00  7.276e+04
4.191954e-02   8.811e+04 0 inti1203   8.819e+04 3 inti1203   2.386e-01 3.817e+00  7.317e+04
4.245747e-02   8.835e+04 0 inti1203   8.855e+04 3 inti1203   2.381e-01 3.809e+00  7.338e+04
4.300074e-02   8.828e+04 0 inti1203   8.835e+04 3 inti1203   2.360e-01 3.776e+00  7.336e+04
4.355000e-02   8.889e+04 0 inti1203   8.907e+04 3 inti1203   2.364e-01 3.782e+00  7.402e+04
4.410545e-02   8.945e+04 0 inti1203   8.953e+04 3 inti1203   2.361e-01 3.777e+00  7.449e+04
4.466664e-02   8.971e+04 0 inti1203   8.988e+04 3 inti1203   2.354e-01 3.766e+00  7.479e+04
4.523312e-02   8.966e+04 0 inti1203   8.984e+04 3 inti1203   2.338e-01 3.741e+00  7.474e+04
4.580490e-02   9.043e+04 0 inti1203   9.060e+04 3 inti1203   2.342e-01 3.748e+00  7.544e+04
4.638160e-02   9.042e+04 0 inti1203   9.051e+04 3 inti1203   2.325e-01 3.720e+00  7.531e+04
4.696167e-02   9.177e+04 0 inti1203   9.193e+04 3 inti1203   2.345e-01 3.752e+00  7.666e+04
4.754577e-02   9.309e+04 2 inti1203   9.312e+04 3 inti1203   2.360e-01 3.776e+00  7.729e+04
4.813466e-02   9.191e+04 0 inti1203   9.200e+04 3 inti1203   2.317e-01 3.707e+00  7.659e+04
4.872789e-02   9.161e+04 0 inti1203   9.167e+04 3 inti1203   2.293e-01 3.669e+00  7.624e+04
4.932355e-02   9.214e+04 0 inti1203   9.230e+04 3 inti1203   2.294e-01 3.670e+00  7.679e+04
4.991945e-02   9.428e+04 0 inti1203   9.437e+04 3 inti1203   2.329e-01 3.727e+00  7.874e+04
5.051830e-02   9.302e+04 0 inti1203   9.310e+04 3 inti1203   2.283e-01 3.653e+00  7.751e+04
5.112106e-02   9.343e+04 0 inti1203   9.352e+04 3 inti1203   2.278e-01 3.645e+00  7.776e+04
5.172530e-02   9.472e+04 0 inti1203   9.488e+04 3 inti1203   2.296e-01 3.673e+00  7.893e+04
5.233155e-02   9.524e+04 0 inti1203   9.532e+04 3 inti1203   2.291e-01 3.665e+00  7.939e+04
5.293758e-02   9.544e+04 0 inti1203   9.554e+04 3 inti1203   2.281e-01 3.649e+00  7.958e+04
5.354458e-02   9.549e+04 0 inti1203   9.559e+04 3 inti1203   2.267e-01 3.628e+00  7.956e+04
5.414405e-02   9.632e+04 1 inti1203   1.071e+05 0 inti1203   2.523e-01 4.037e+00  8.016e+04
5.475782e-02   9.705e+04 0 inti1203   9.715e+04 3 inti1203   2.274e-01 3.638e+00  8.101e+04
5.537256e-02   9.684e+04 0 inti1203   9.691e+04 3 inti1203   2.254e-01 3.606e+00  8.074e+04
5.599174e-02   9.942e+04 0 inti1203   9.959e+04 3 inti1203   2.300e-01 3.680e+00  8.321e+04
5.660430e-02   9.926e+04 0 inti1203   9.934e+04 3 inti1203   2.279e-01 3.646e+00  8.287e+04
5.722219e-02   9.844e+04 0 inti1203   9.863e+04 3 inti1203   2.247e-01 3.595e+00  8.207e+04
5.783274e-02   9.953e+04 0 inti1203   9.961e+04 3 inti1203   2.254e-01 3.606e+00  8.307e+04
5.842307e-02   9.996e+04 0 inti1203   1.001e+05 3 inti1203   2.251e-01 3.601e+00  8.325e+04
5.904162e-02   1.012e+05 0 inti1203   1.013e+05 3 inti1203   2.261e-01 3.617e+00  8.442e+04
5.964567e-02   1.019e+05 0 inti1203   1.021e+05 3 inti1203   2.264e-01 3.623e+00  8.470e+04
6.026376e-02   1.024e+05 0 inti1203   1.025e+05 3 inti1203   2.257e-01 3.611e+00  8.561e+04
6.079365e-02   1.045e+05 0 inti1203   1.046e+05 3 inti1203   2.289e-01 3.662e+00  8.778e+04
6.131992e-02   1.051e+05 1 inti1203   1.052e+05 3 inti1203   2.289e-01 3.663e+00  8.825e+04
6.184371e-02   1.056e+05 0 inti1203   1.058e+05 3 inti1203   2.287e-01 3.659e+00  8.860e+04
6.236453e-02   1.058e+05 0 inti1203   1.060e+05 3 inti1203   2.279e-01 3.647e+00  8.888e+04
6.288342e-02   1.056e+05 0 inti1203   1.058e+05 3 inti1203   2.262e-01 3.620e+00  8.856e+04
6.341652e-02   1.066e+05 1 inti1203   1.067e+05 3 inti1203   2.267e-01 3.628e+00  8.951e+04
6.401960e-02   1.063e+05 0 inti1203   1.065e+05 3 inti1203   2.249e-01 3.598e+00  8.923e+04
6.459692e-02   1.088e+05 0 inti1203   1.090e+05 2 inti1203   2.287e-01 3.659e+00  9.135e+04
6.518988e-02   1.075e+05 1 inti1203   1.076e+05 2 inti1203   2.241e-01 3.586e+00  9.010e+04
6.574632e-02   1.086e+05 1 inti1203   1.087e+05 2 inti1203   2.252e-01 3.603e+00  9.111e+04
6.630657e-02   1.082e+05 0 inti1203   1.083e+05 2 inti1203   2.229e-01 3.566e+00  9.077e+04
6.681980e-02   1.091e+05 1 inti1203   1.092e+05 2 inti1203   2.235e-01 3.576e+00  9.177e+04
6.732052e-02   1.095e+05 1 inti1203   1.096e+05 2 inti1203   2.230e-01 3.568e+00  9.194e+04
6.783801e-02   1.097e+05 1 inti1203   1.098e+05 2 inti1203   2.223e-01 3.556e+00  9.220e+04
6.836322e-02   1.101e+05 1 inti1203   1.102e+05 2 inti1203   2.218e-01 3.550e+00  9.230e+04
6.887790e-02   1.096e+05 1 inti1203   1.098e+05 2 inti1203   2.197e-01 3.515e+00  9.208e+04
6.938177e-02   1.110e+05 1 inti1203   1.112e+05 2 inti1203   2.213e-01 3.540e+00  9.330e+04
6.988974e-02   1.107e+05 0 inti1203   1.108e+05 2 inti1203   2.195e-01 3.512e+00  9.293e+04
7.041640e-02   1.120e+05 1 inti1203   1.121e+05 2 inti1203   2.208e-01 3.533e+00  9.395e+04
7.092228e-02   1.115e+05 1 inti1203   1.116e+05 2 inti1203   2.187e-01 3.499e+00  9.365e+04
7.143331e-02   1.123e+05 0 inti1203   1.125e+05 3 inti1203   2.193e-01 3.508e+00  9.426e+04
7.193608e-02   1.129e+05 1 inti1203   1.130e+05 2 inti1203   2.193e-01 3.508e+00  9.490e+04
7.243866e-02   1.135e+05 1 inti1203   1.137e+05 3 inti1203   2.194e-01 3.510e+00  9.546e+04
7.293766e-02   1.140e+05 0 inti1203   1.141e+05 3 inti1203   2.191e-01 3.506e+00  9.585e+04
7.344368e-02   1.141e+05 1 inti1203   1.143e+05 3 inti1203   2.184e-01 3.494e+00  9.599e+04
7.394738e-02   1.152e+05 0 inti1203   1.153e+05 3 inti1203   2.193e-01 3.509e+00  9.686e+04
7.444700e-02   1.165e+05 0 inti1203   1.166e+05 2 inti1203   2.207e-01 3.531e+00  9.813e+04
7.495117e-02   1.154e+05 0 inti1203   1.155e+05 2 inti1203   2.176e-01 3.482e+00  9.706e+04
7.546353e-02   1.158e+05 1 inti1203   1.159e+05 3 inti1203   2.173e-01 3.477e+00  9.735e+04
7.596854e-02   1.160e+05 0 inti1203   1.162e+05 2 inti1203   2.167e-01 3.468e+00  9.747e+04
7.646898e-02   1.169e+05 0 inti1203   1.170e+05 3 inti1203   2.173e-01 3.477e+00  9.831e+04
7.696648e-02   1.177e+05 0 inti1203   1.178e+05 2 inti1203   2.179e-01 3.486e+00  9.857e+04
7.747107e-02   1.176e+05 1 inti1203   1.177e+05 2 inti1203   2.167e-01 3.467e+00  9.880e+04
7.798071e-02   1.188e+05 0 inti1203   1.190e+05 3 inti1203   2.180e-01 3.488e+00  9.995e+04
7.849395e-02   1.191e+05 1 inti1203   1.192e+05 3 inti1203   2.174e-01 3.478e+00  1.001e+05
7.899625e-02   1.194e+05 0 inti1203   1.196e+05 2 inti1203   2.170e-01 3.472e+00  1.004e+05
7.949811e-02   1.195e+05 0 inti1203   1.197e+05 2 inti1203   2.163e-01 3.460e+00  1.005e+05
8.000745e-02   1.199e+05 1 inti1203   1.200e+05 2 inti1203   2.160e-01 3.456e+00  1.010e+05
8.051928e-02   1.217e+05 1 inti1203   1.218e+05 3 inti1203   2.182e-01 3.491e+00  1.026e+05
8.102132e-02   1.233e+05 0 inti1203   1.234e+05 3 inti1203   2.201e-01 3.521e+00  1.036e+05
8.152241e-02   1.224e+05 1 inti1203   1.225e+05 3 inti1203   2.175e-01 3.480e+00  1.032e+05
8.202770e-02   1.238e+05 0 inti1203   1.240e+05 3 inti1203   2.192e-01 3.507e+00  1.041e+05
8.254460e-02   1.248e+05 1 inti1203   1.249e+05 2 inti1203   2.198e-01 3.516e+00  1.051e+05
8.304963e-02   1.245e+05 1 inti1203   1.246e+05 3 inti1203   2.183e-01 3.493e+00  1.051e+05
8.355010e-02   1.255e+05 1 inti1203   1.256e+05 3 inti1203   2.192e-01 3.507e+00  1.061e+05
8.405249e-02   1.257e+05 0 inti1203   1.259e+05 3 inti1203   2.188e-01 3.501e+00  1.061e+05
8.456671e-02   1.281e+05 1 inti1203   1.283e+05 3 inti1203   2.220e-01 3.551e+00  1.085e+05
8.508612e-02   1.271e+05 1 inti1203   1.273e+05 3 inti1203   2.192e-01 3.508e+00  1.075e+05
8.559887e-02   1.274e+05 1 inti1203   1.276e+05 3 inti1203   2.188e-01 3.501e+00  1.077e+05
8.610585e-02   1.274e+05 1 inti1203   1.276e+05 3 inti1203   2.180e-01 3.487e+00  1.078e+05
8.663617e-02   1.287e+05 1 inti1203   1.289e+05 3 inti1203   2.192e-01 3.507e+00  1.087e+05
8.717164e-02   1.304e+05 0 inti1203   1.306e+05 3 inti1203   2.213e-01 3.540e+00  1.103e+05
8.768758e-02   1.293e+05 0 inti1203   1.295e+05 3 inti1203   2.184e-01 3.494e+00  1.093e+05
8.823321e-02   1.297e+05 1 inti1203   1.298e+05 3 inti1203   2.180e-01 3.488e+00  1.105e+05
8.876160e-02   1.295e+05 0 inti1203   1.297e+05 3 inti1203   2.169e-01 3.470e+00  1.102e+05
8.930114e-02   1.320e+05 0 inti1203   1.321e+05 2 inti1203   2.201e-01 3.522e+00  1.128e+05
8.983622e-02   1.313e+05 0 inti1203   1.315e+05 2 inti1203   2.181e-01 3.490e+00  1.119e+05
9.037807e-02   1.303e+05 0 inti1203   1.305e+05 2 inti1203   2.155e-01 3.448e+00  1.108e+05
9.093047e-02   1.309e+05 0 inti1203   1.311e+05 2 inti1203   2.156e-01 3.450e+00  1.114e+05
9.146637e-02   1.321e+05 0 inti1203   1.322e+05 2 inti1203   2.166e-01 3.466e+00  1.127e+05
9.201135e-02   1.325e+05 0 inti1203   1.326e+05 2 inti1203   2.163e-01 3.462e+00  1.129e+05
9.255766e-02   1.312e+05 0 inti1203   1.313e+05 2 inti1203   2.133e-01 3.413e+00  1.117e+05
9.308429e-02   1.316e+05 0 inti1203   1.318e+05 2 inti1203   2.133e-01 3.413e+00  1.121e+05
9.358135e-02   1.321e+05 0 inti1203   1.322e+05 2 inti1203   2.130e-01 3.408e+00  1.125e+05
9.408068e-02   1.316e+05 0 inti1203   1.318e+05 2 inti1203   2.117e-01 3.387e+00  1.120e+05
9.457949e-02   1.340e+05 0 inti1203   1.341e+05 2 inti1203   2.146e-01 3.433e+00  1.144e+05
9.507698e-02   1.325e+05 0 inti1203   1.327e+05 2 inti1203   2.116e-01 3.386e+00  1.129e+05
9.561248e-02   1.326e+05 0 inti1203   1.328e+05 2 inti1203   2.110e-01 3.375e+00  1.129e+05
9.616995e-02   1.334e+05 0 inti1203   1.336e+05 3 inti1203   2.114e-01 3.382e+00  1.135e+05
9.673264e-02   1.341e+05 0 inti1203   1.342e+05 2 inti1203   2.114e-01 3.383e+00  1.142e+05
9.729568e-02   1.345e+05 1 inti1203   1.346e+05 3 inti1203   2.112e-01 3.380e+00  1.145e+05
9.786557e-02   1.354e+05 0 inti1203   1.356e+05 3 inti1203   2.120e-01 3.393e+00  1.153e+05
9.842774e-02   1.358e+05 0 inti1203   1.360e+05 2 inti1203   2.119e-01 3.390e+00  1.156e+05
9.899766e-02   1.366e+05 1 inti1203   1.367e+05 2 inti1203   2.120e-01 3.393e+00  1.163e+05
9.957666e-02   1.371e+05 0 inti1203   1.372e+05 2 inti1203   2.120e-01 3.392e+00  1.168e+05
1.001353e-01   1.373e+05 0 inti1203   1.374e+05 2 inti1203   2.116e-01 3.385e+00  1.170e+05
1.006820e-01   1.385e+05 1 inti1203   1.386e+05 2 inti1203   2.128e-01 3.404e+00  1.179e+05
1.012691e-01   1.389e+05 1 inti1203   1.390e+05 2 inti1203   2.126e-01 3.401e+00  1.182e+05
1.018568e-01   1.397e+05 1 inti1203   1.398e+05 2 inti1203   2.129e-01 3.406e+00  1.189e+05
1.024471e-01   1.411e+05 0 inti1203   1.413e+05 2 inti1203   2.145e-01 3.432e+00  1.202e+05
1.029978e-01   1.406e+05 1 inti1203   1.407e+05 2 inti1203   2.128e-01 3.405e+00  1.197e+05
1.035299e-01   1.405e+05 1 inti1203   1.406e+05 2 inti1203   2.119e-01 3.390e+00  1.198e+05
1.040630e-01   1.419e+05 1 inti1203   1.420e+05 2 inti1203   2.133e-01 3.413e+00  1.209e+05
1.045975e-01   1.411e+05 0 inti1203   1.412e+05 2 inti1203   2.115e-01 3.384e+00  1.203e+05
1.051341e-01   1.417e+05 0 inti1203   1.419e+05 2 inti1203   2.119e-01 3.390e+00  1.209e+05
1.056725e-01   1.428e+05 0 inti1203   1.430e+05 2 inti1203   2.127e-01 3.403e+00  1.217e+05
1.062529e-01   1.428e+05 1 inti1203   1.429e+05 2 inti1203   2.119e-01 3.391e+00  1.218e+05
1.068454e-01   1.432e+05 0 inti1203   1.434e+05 2 inti1203   2.119e-01 3.390e+00  1.223e+05
1.074007e-01   1.436e+05 1 inti1203   1.438e+05 2 inti1203   2.118e-01 3.388e+00  1.225e+05
1.079510e-01   1.446e+05 0 inti1203   1.448e+05 2 inti1203   2.127e-01 3.403e+00  1.234e+05
1.085048e-01   1.464e+05 1 inti1203   1.465e+05 2 inti1203   2.144e-01 3.431e+00  1.253e+05
1.090617e-01   1.456e+05 0 inti1203   1.458e+05 2 inti1203   2.127e-01 3.404e+00  1.244e+05
1.096216e-01   1.462e+05 0 inti1203   1.464e+05 2 inti1203   2.130e-01 3.407e+00  1.251e+05
1.101843e-01   1.454e+05 0 inti1203   1.455e+05 2 inti1203   2.110e-01 3.377e+00  1.242e+05
1.107497e-01   1.472e+05 1 inti1203   1.473e+05 2 inti1203   2.130e-01 3.408e+00  1.259e+05
1.113180e-01   1.470e+05 0 inti1203   1.471e+05 2 inti1203   2.121e-01 3.393e+00  1.253e+05
1.118895e-01   1.480e+05 1 inti1203   1.481e+05 2 inti1203   2.129e-01 3.406e+00  1.264e+05
1.124650e-01   1.490e+05 1 inti1203   1.491e+05 2 inti1203   2.138e-01 3.420e+00  1.274e+05
1.130453e-01   1.488e+05 1 inti1203   1.489e+05 3 inti1203   2.127e-01 3.404e+00  1.272e+05
1.136290e-01   1.495e+05 0 inti1203   1.497e+05 2 inti1203   2.133e-01 3.412e+00  1.279e+05
1.142214e-01   1.485e+05 1 inti1203   1.486e+05 2 inti1203   2.111e-01 3.378e+00  1.273e+05
1.148056e-01   1.489e+05 1 inti1203   1.490e+05 2 inti1203   2.111e-01 3.377e+00  1.278e+05
1.154007e-01   1.486e+05 0 inti1203   1.488e+05 2 inti1203   2.102e-01 3.364e+00  1.277e+05
1.159840e-01   1.491e+05 1 inti1203   1.492e+05 3 inti1203   2.101e-01 3.361e+00  1.280e+05
1.165780e-01   1.491e+05 0 inti1203   1.492e+05 2 inti1203   2.095e-01 3.353e+00  1.280e+05
1.171691e-01   1.493e+05 1 inti1203   1.494e+05 2 inti1203   2.092e-01 3.347e+00  1.282e+05
1.177589e-01   1.497e+05 1 inti1203   1.498e+05 2 inti1203   2.091e-01 3.346e+00  1.287e+05
1.183584e-01   1.499e+05 0 inti1203   1.501e+05 2 inti1203   2.089e-01 3.343e+00  1.287e+05
1.189477e-01   1.509e+05 0 inti1203   1.510e+05 2 inti1203   2.096e-01 3.354e+00  1.297e+05
1.195453e-01   1.521e+05 0 inti1203   1.522e+05 2 inti1203   2.107e-01 3.371e+00  1.308e+05
1.201395e-01   1.518e+05 0 inti1203   1.520e+05 2 inti1203   2.098e-01 3.357e+00  1.306e+05
1.207281e-01   1.518e+05 1 inti1203   1.519e+05 2 inti1203   2.090e-01 3.344e+00  1.305e+05
1.213200e-01   1.522e+05 0 inti1203   1.524e+05 2 inti1203   2.091e-01 3.345e+00  1.310e+05
1.219108e-01   1.520e+05 1 inti1203   1.521e+05 2 inti1203   2.082e-01 3.331e+00  1.307e+05
1.224958e-01   1.524e+05 0 inti1203   1.527e+05 2 inti1203   2.083e-01 3.333e+00  1.311e+05
1.230845e-01   1.532e+05 1 inti1203   1.533e+05 2 inti1203   2.086e-01 3.337e+00  1.319e+05
1.236719e-01   1.535e+05 0 inti1203   1.537e+05 2 inti1203   2.084e-01 3.335e+00  1.320e+05
1.242555e-01   1.537e+05 0 inti1203   1.539e+05 2 inti1203   2.082e-01 3.331e+00  1.323e+05
1.248371e-01   1.541e+05 0 inti1203   1.543e+05 2 inti1203   2.081e-01 3.330e+00  1.326e+05
1.254165e-01   1.549e+05 0 inti1203   1.551e+05 2 inti1203   2.086e-01 3.338e+00  1.334e+05
1.259956e-01   1.550e+05 0 inti1203   1.552e+05 2 inti1203   2.082e-01 3.331e+00  1.335e+05
1.265770e-01   1.556e+05 1 inti1203   1.557e+05 2 inti1203   2.083e-01 3.332e+00  1.340e+05
1.271603e-01   1.565e+05 1 inti1203   1.566e+05 2 inti1203   2.089e-01 3.343e+00  1.350e+05
1.277454e-01   1.572e+05 1 inti1203   1.574e+05 2 inti1203   2.093e-01 3.350e+00  1.356e+05
1.283312e-01   1.573e+05 0 inti1203   1.576e+05 2 inti1203   2.091e-01 3.345e+00  1.355e+05
1.289195e-01   1.575e+05 1 inti1203   1.576e+05 2 inti1203   2.085e-01 3.337e+00  1.357e+05
1.295070e-01   1.582e+05 0 inti1203   1.584e+05 2 inti1203   2.090e-01 3.344e+00  1.364e+05
1.300968e-01   1.589e+05 1 inti1203   1.590e+05 2 inti1203   2.093e-01 3.348e+00  1.372e+05
1.306916e-01   1.590e+05 1 inti1203   1.591e+05 2 inti1203   2.088e-01 3.341e+00  1.372e+05
1.312910e-01   1.608e+05 0 inti1203   1.610e+05 2 inti1203   2.107e-01 3.372e+00  1.390e+05
1.318838e-01   1.609e+05 1 inti1203   1.610e+05 2 inti1203   2.102e-01 3.363e+00  1.387e+05
1.324837e-01   1.622e+05 3 inti1203   1.623e+05 2 inti1203   2.114e-01 3.382e+00  1.400e+05
1.330850e-01   1.618e+05 1 inti1203   1.619e+05 2 inti1203   2.101e-01 3.362e+00  1.396e+05
1.336830e-01   1.615e+05 1 inti1203   1.617e+05 2 inti1203   2.092e-01 3.348e+00  1.395e+05
1.342822e-01   1.620e+05 0 inti1203   1.622e+05 2 inti1203   2.094e-01 3.351e+00  1.399e+05
1.348862e-01   1.628e+05 1 inti1203   1.629e+05 2 inti1203   2.097e-01 3.355e+00  1.404e+05
1.354882e-01   1.632e+05 0 inti1203   1.633e+05 2 inti1203   2.096e-01 3.354e+00  1.408e+05
1.360860e-01   1.636e+05 1 inti1203   1.637e+05 2 inti1203   2.095e-01 3.352e+00  1.412e+05
1.366923e-01   1.630e+05 0 inti1203   1.633e+05 2 inti1203   2.084e-01 3.334e+00  1.406e+05
1.372990e-01   1.642e+05 0 inti1203   1.737e+05 1 inti1203   2.211e-01 3.537e+00  1.418e+05
1.379004e-01   1.659e+05 1 inti1203   1.661e+05 2 inti1203   2.107e-01 3.372e+00  1.435e+05
1.385107e-01   1.653e+05 1 inti1203   1.655e+05 2 inti1203   2.093e-01 3.349e+00  1.427e+05
1.391205e-01   1.666e+05 1 inti1203   1.668e+05 2 inti1203   2.104e-01 3.367e+00  1.440e+05
1.397306e-01   1.687e+05 0 inti1203   1.689e+05 2 inti1203   2.124e-01 3.399e+00  1.457e+05
1.403511e-01   1.665e+05 0 inti1203   1.666e+05 2 inti1203   2.089e-01 3.343e+00  1.436e+05
1.409590e-01   1.669e+05 0 inti1203   1.671e+05 2 inti1203   2.090e-01 3.344e+00  1.441e+05
1.415778e-01   1.668e+05 1 inti1203   1.669e+05 2 inti1203   2.081e-01 3.330e+00  1.439e+05
1.421911e-01   1.674e+05 0 inti1203   1.677e+05 2 inti1203   2.085e-01 3.335e+00  1.445e+05
1.428094e-01   1.688e+05 1 inti1203   1.689e+05 2 inti1203   2.094e-01 3.350e+00  1.459e+05
1.434269e-01   1.684e+05 0 inti1203   1.686e+05 3 inti1203   2.084e-01 3.334e+00  1.453e+05
1.440479e-01   1.685e+05 0 inti1203   1.686e+05 2 inti1203   2.077e-01 3.323e+00  1.453e+05
1.446681e-01   1.706e+05 0 inti1203   1.709e+05 2 inti1203   2.099e-01 3.358e+00  1.474e+05
1.452897e-01   1.701e+05 1 inti1203   1.702e+05 2 inti1203   2.085e-01 3.335e+00  1.469e+05
1.459110e-01   1.706e+05 0 inti1203   1.708e+05 2 inti1203   2.085e-01 3.336e+00  1.474e+05
1.465351e-01   1.711e+05 0 inti1203   1.714e+05 2 inti1203   2.086e-01 3.337e+00  1.479e+05
1.471553e-01   1.721e+05 0 inti1203   1.723e+05 2 inti1203   2.090e-01 3.345e+00  1.488e+05
1.477854e-01   1.728e+05 0 inti1203   1.730e+05 2 inti1203   2.092e-01 3.347e+00  1.494e+05
1.484032e-01   1.736e+05 0 inti1203   1.737e+05 2 inti1203   2.094e-01 3.351e+00  1.502e+05
1.490398e-01   1.740e+05 0 inti1203   1.742e+05 2 inti1203   2.093e-01 3.349e+00  1.505e+05
1.496585e-01   1.745e+05 0 inti1203   1.747e+05 2 inti1203   2.092e-01 3.348e+00  1.511e+05
1.502896e-01   1.750e+05 0 inti1203   1.751e+05 2 inti1203   2.091e-01 3.345e+00  1.515e+05
1.509123e-01   1.759e+05 0 inti1203   1.760e+05 2 inti1203   2.095e-01 3.351e+00  1.523e+05
1.515391e-01   1.769e+05 0 inti1203   1.771e+05 2 inti1203   2.100e-01 3.361e+00  1.533e+05
1.521595e-01   1.771e+05 0 inti1203   1.773e+05 2 inti1203   2.095e-01 3.353e+00  1.533e+05
1.527854e-01   1.780e+05 0 inti1203   1.781e+05 2 inti1203   2.099e-01 3.358e+00  1.544e+05
1.533997e-01   1.796e+05 0 inti1203   1.797e+05 2 inti1203   2.110e-01 3.376e+00  1.558e+05
1.540253e-01   1.828e+05 1 inti1203   1.829e+05 2 inti1203   2.142e-01 3.427e+00  1.583e+05
1.546389e-01   1.808e+05 1 inti1203   1.809e+05 2 inti1203   2.111e-01 3.378e+00  1.569e+05
1.552590e-01   1.812e+05 1 inti1203   1.813e+05 2 inti1203   2.108e-01 3.373e+00  1.570e+05
1.558800e-01   1.821e+05 1 inti1203   1.822e+05 2 inti1203   2.112e-01 3.379e+00  1.579e+05
1.564966e-01   1.822e+05 1 inti1203   1.823e+05 2 inti1203   2.106e-01 3.370e+00  1.581e+05
1.571231e-01   1.835e+05 0 inti1203   1.837e+05 2 inti1203   2.115e-01 3.384e+00  1.591e+05
1.577386e-01   1.862e+05 0 inti1203   1.863e+05 2 inti1203   2.137e-01 3.419e+00  1.621e+05
1.583624e-01   1.845e+05 1 inti1203   1.846e+05 2 inti1203   2.110e-01 3.376e+00  1.604e+05
1.589851e-01   1.847e+05 0 inti1203   1.849e+05 2 inti1203   2.105e-01 3.368e+00  1.604e+05
1.596018e-01   1.847e+05 0 inti1203   1.848e+05 2 inti1203   2.097e-01 3.355e+00  1.603e+05
1.602244e-01   1.973e+05 1 inti1203   1.974e+05 2 inti1203   2.232e-01 3.571e+00  1.691e+05
1.608415e-01   1.867e+05 0 inti1203   1.869e+05 2 inti1203   2.106e-01 3.369e+00  1.621e+05
1.614618e-01   1.865e+05 0 inti1203   1.866e+05 2 inti1203   2.096e-01 3.354e+00  1.620e+05
1.620849e-01   1.873e+05 0 inti1203   1.875e+05 2 inti1203   2.099e-01 3.358e+00  1.624e+05
1.627010e-01   1.893e+05 0 inti1203   1.894e+05 2 inti1203   2.113e-01 3.381e+00  1.646e+05
1.633282e-01   1.886e+05 0 inti1203   1.887e+05 3 inti1203   2.099e-01 3.358e+00  1.639e+05
1.639487e-01   1.878e+05 0 inti1203   1.879e+05 2 inti1203   2.083e-01 3.333e+00  1.632e+05
1.645723e-01   1.882e+05 0 inti1203   1.883e+05 2 inti1203   2.081e-01 3.330e+00  1.637e+05
1.652011e-01   1.890e+05 0 inti1203   1.892e+05 2 inti1203   2.084e-01 3.334e+00  1.644e+05
1.658215e-01   1.898e+05 0 inti1203   1.899e+05 2 inti1203   2.085e-01 3.336e+00  1.650e+05
1.664589e-01   1.900e+05 0 inti1203   1.901e+05 2 inti1203   2.081e-01 3.329e+00  1.652e+05
1.670804e-01   1.903e+05 0 inti1203   1.905e+05 2 inti1203   2.078e-01 3.325e+00  1.653e+05
1.677118e-01   1.913e+05 0 inti1203   1.915e+05 2 inti1203   2.084e-01 3.334e+00  1.651e+05
1.683550e-01   1.912e+05 0 inti1203   1.914e+05 2 inti1203   2.077e-01 3.323e+00  1.662e+05
1.689795e-01   1.917e+05 0 inti1203   1.919e+05 2 inti1203   2.076e-01 3.322e+00  1.665e+05
1.696090e-01   1.930e+05 0 inti1203   1.932e+05 2 inti1203   2.084e-01 3.334e+00  1.680e+05
1.702477e-01   1.923e+05 0 inti1203   1.925e+05 2 inti1203   2.071e-01 3.314e+00  1.671e+05
1.708821e-01   1.925e+05 0 inti1203   1.926e+05 2 inti1203   2.067e-01 3.307e+00  1.673e+05
1.715091e-01   1.925e+05 0 inti1203   1.928e+05 2 inti1203   2.063e-01 3.300e+00  1.674e+05
1.721465e-01   1.937e+05 0 inti1203   1.938e+05 2 inti1203   2.069e-01 3.310e+00  1.684e+05
1.727896e-01   1.947e+05 0 inti1203   1.949e+05 2 inti1203   2.075e-01 3.320e+00  1.696e+05
1.734160e-01   1.951e+05 0 inti1203   1.953e+05 2 inti1203   2.074e-01 3.318e+00  1.699e+05
1.740523e-01   1.974e+05 0 inti1203   1.976e+05 2 inti1203   2.093e-01 3.350e+00  1.720e+05
1.747030e-01   1.967e+05 0 inti1203   1.968e+05 2 inti1203   2.079e-01 3.327e+00  1.713e+05
1.753316e-01   1.985e+05 0 inti1203   1.987e+05 2 inti1203   2.094e-01 3.351e+00  1.730e+05
1.759657e-01   2.012e+05 0 inti1203   2.014e+05 2 inti1203   2.118e-01 3.388e+00  1.754e+05
1.766076e-01   1.996e+05 0 inti1203   1.999e+05 2 inti1203   2.097e-01 3.355e+00  1.741e+05
1.772515e-01   2.013e+05 0 inti1203   2.014e+05 2 inti1203   2.108e-01 3.373e+00  1.755e+05
1.778812e-01   2.012e+05 0 inti1203   2.014e+05 2 inti1203   2.104e-01 3.366e+00  1.756e+05
1.785200e-01   2.021e+05 1 inti1203   2.023e+05 2 inti1203   2.108e-01 3.372e+00  1.762e+05
1.791640e-01   2.035e+05 0 inti1203   2.037e+05 2 inti1203   2.119e-01 3.390e+00  1.776e+05
1.797847e-01   2.042e+05 0 inti1203   2.043e+05 2 inti1203   2.121e-01 3.394e+00  1.783e+05
1.804174e-01   2.039e+05 0 inti1203   2.041e+05 2 inti1203   2.114e-01 3.382e+00  1.779e+05
1.810322e-01   2.059e+05 1 inti1203   2.061e+05 2 inti1203   2.131e-01 3.409e+00  1.787e+05
1.816622e-01   2.055e+05 0 inti1203   2.057e+05 2 inti1203   2.123e-01 3.397e+00  1.796e+05
1.822787e-01   2.062e+05 1 inti1203   2.063e+05 2 inti1203   2.126e-01 3.401e+00  1.803e+05
1.829099e-01   2.064e+05 1 inti1203   2.066e+05 2 inti1203   2.125e-01 3.400e+00  1.806e+05
1.835310e-01   2.064e+05 1 inti1203   2.065e+05 2 inti1203   2.121e-01 3.394e+00  1.806e+05
1.841618e-01   2.089e+05 1 inti1203   2.090e+05 2 inti1203   2.143e-01 3.429e+00  1.830e+05
1.847862e-01   2.106e+05 0 inti1203   2.108e+05 2 inti1203   2.158e-01 3.454e+00  1.845e+05
1.854170e-01   2.067e+05 0 inti1203   2.068e+05 2 inti1203   2.115e-01 3.384e+00  1.799e+05
1.860423e-01   2.072e+05 0 inti1203   2.073e+05 2 inti1203   2.116e-01 3.386e+00  1.806e+05
1.866743e-01   2.085e+05 0 inti1203   2.087e+05 2 inti1203   2.127e-01 3.403e+00  1.819e+05
1.873087e-01   2.077e+05 0 inti1203   2.078e+05 2 inti1203   2.115e-01 3.385e+00  1.812e+05
1.879403e-01   2.084e+05 0 inti1203   2.086e+05 2 inti1203   2.120e-01 3.392e+00  1.815e+05
1.885832e-01   2.072e+05 0 inti1203   2.074e+05 2 inti1203   2.105e-01 3.369e+00  1.805e+05
1.892143e-01   2.109e+05 0 inti1203   2.111e+05 2 inti1203   2.139e-01 3.423e+00  1.844e+05
1.898528e-01   2.071e+05 0 inti1203   2.072e+05 2 inti1203   2.097e-01 3.355e+00  1.806e+05
1.904908e-01   2.075e+05 0 inti1203   2.077e+05 2 inti1203   2.100e-01 3.359e+00  1.809e+05
1.911234e-01   2.074e+05 0 inti1203   2.075e+05 2 inti1203   2.095e-01 3.352e+00  1.808e+05
1.917655e-01   2.076e+05 0 inti1203   2.078e+05 2 inti1203   2.095e-01 3.352e+00  1.811e+05
1.924130e-01   2.077e+05 0 inti1203   2.078e+05 2 inti1203   2.092e-01 3.347e+00  1.811e+05
1.930473e-01   2.080e+05 0 inti1203   2.081e+05 2 inti1203   2.093e-01 3.348e+00  1.814e+05
1.936965e-01   2.072e+05 0 inti1203   2.114e+05 2 inti1203   2.123e-01 3.397e+00  1.808e+05
1.943449e-01   2.086e+05 0 inti1203   2.095e+05 2 inti1203   2.102e-01 3.363e+00  1.823e+05
1.949861e-01   2.072e+05 0 inti1203   2.081e+05 2 inti1203   2.086e-01 3.338e+00  1.807e+05
1.956406e-01   2.079e+05 0 inti1203   2.081e+05 2 inti1203   2.084e-01 3.334e+00  1.814e+05
1.962934e-01   2.079e+05 0 inti1203   2.080e+05 2 inti1203   2.081e-01 3.329e+00  1.813e+05
1.969382e-01   2.076e+05 0 inti1203   2.077e+05 2 inti1203   2.076e-01 3.321e+00  1.810e+05
1.975928e-01   2.078e+05 0 inti1203   2.080e+05 2 inti1203   2.076e-01 3.322e+00  1.813e+05
1.982502e-01   2.079e+05 0 inti1203   2.080e+05 2 inti1203   2.074e-01 3.319e+00  1.815e+05
1.988977e-01   2.074e+05 0 inti1203   2.076e+05 2 inti1203   2.069e-01 3.310e+00  1.810e+05
1.995474e-01   2.076e+05 0 inti1203   2.077e+05 2 inti1203   2.068e-01 3.309e+00  1.811e+05
