# 1  : Date
# 2  : Temps elapsed min (mus)
# 3  : Rang temps elapsed min
# 4  : Noeud temps elapsed min
# 5  : Temps elapsed max (mus)
# 6  : Rang temps elapsed max
# 7  : Noeud temps elapsed max
# 8  : Grind time (mus/maille/cycle)
# 9  : Grind time équivalent séquentiel (#8 X nb_de_coeurs)
#     1     2     3     4      5      6      7       8      9
#   ATTENTION  les temps cpu schémas sont données dans l'ordre alphabétique des schémas WARNING
#  10: TELAPS Hydro (mus)
1.053342e-04   6.019e+04 0 inti1217   6.034e+04 3 inti1217   4.365e-01 6.984e+00  3.233e+04
2.521957e-04   4.033e+04 0 inti1217   4.042e+04 3 inti1217   2.911e-01 4.657e+00  3.176e+04
4.566041e-04   4.069e+04 0 inti1217   4.076e+04 3 inti1217   2.917e-01 4.667e+00  3.195e+04
7.193540e-04   4.157e+04 0 inti1217   4.166e+04 3 inti1217   2.956e-01 4.729e+00  3.278e+04
1.029433e-03   7.043e+04 0 inti1217   7.046e+04 3 inti1217   4.927e-01 7.884e+00  3.674e+04
1.380427e-03   4.268e+04 0 inti1217   4.278e+04 3 inti1217   2.959e-01 4.734e+00  3.377e+04
1.772176e-03   4.420e+04 1 inti1217   4.428e+04 3 inti1217   3.023e-01 4.837e+00  3.500e+04
2.200218e-03   4.478e+04 1 inti1217   4.486e+04 3 inti1217   3.021e-01 4.834e+00  3.560e+04
2.663275e-03   7.232e+04 1 inti1217   7.241e+04 3 inti1217   4.782e-01 7.650e+00  3.695e+04
3.145912e-03   4.450e+04 0 inti1217   4.466e+04 3 inti1217   2.908e-01 4.653e+00  3.566e+04
3.632233e-03   4.497e+04 0 inti1217   4.512e+04 3 inti1217   2.895e-01 4.632e+00  3.579e+04
4.099354e-03   4.706e+04 0 inti1217   4.724e+04 3 inti1217   3.019e-01 4.830e+00  3.812e+04
4.487661e-03   7.452e+04 0 inti1217   7.473e+04 3 inti1217   4.699e-01 7.518e+00  3.784e+04
4.910539e-03   4.722e+04 0 inti1217   4.739e+04 3 inti1217   2.940e-01 4.704e+00  3.810e+04
5.324751e-03   4.832e+04 0 inti1217   4.847e+04 3 inti1217   2.967e-01 4.748e+00  3.886e+04
5.676681e-03   4.773e+04 1 inti1217   4.776e+04 3 inti1217   2.887e-01 4.619e+00  3.842e+04
6.008854e-03   7.635e+04 1 inti1217   7.641e+04 2 inti1217   4.548e-01 7.277e+00  3.952e+04
6.336742e-03   4.918e+04 1 inti1217   4.927e+04 3 inti1217   2.894e-01 4.631e+00  3.977e+04
6.664517e-03   5.047e+04 1 inti1217   5.053e+04 3 inti1217   2.931e-01 4.690e+00  4.026e+04
6.992619e-03   5.037e+04 1 inti1217   5.043e+04 3 inti1217   2.897e-01 4.636e+00  4.076e+04
7.324113e-03   8.120e+04 1 inti1217   8.126e+04 2 inti1217   4.607e-01 7.371e+00  4.204e+04
7.657838e-03   6.796e+04 3 inti1217   6.800e+04 1 inti1217   3.816e-01 6.106e+00  5.598e+04
7.984530e-03   5.106e+04 3 inti1217   5.111e+04 1 inti1217   2.840e-01 4.545e+00  4.145e+04
8.284473e-03   5.194e+04 0 inti1217   5.200e+04 1 inti1217   2.864e-01 4.582e+00  4.209e+04
8.570880e-03   8.144e+04 0 inti1217   8.147e+04 1 inti1217   4.435e-01 7.095e+00  4.249e+04
8.856260e-03   5.180e+04 0 inti1217   5.183e+04 1 inti1217   2.800e-01 4.480e+00  4.207e+04
9.151585e-03   5.267e+04 0 inti1217   5.270e+04 1 inti1217   2.822e-01 4.516e+00  4.283e+04
9.459588e-03   5.250e+04 0 inti1217   5.253e+04 1 inti1217   2.786e-01 4.458e+00  4.269e+04
9.785736e-03   9.540e+04 0 inti1217   9.557e+04 3 inti1217   5.005e-01 8.007e+00  5.576e+04
1.013126e-02   5.418e+04 0 inti1217   5.422e+04 1 inti1217   2.811e-01 4.498e+00  4.407e+04
1.050187e-02   5.445e+04 0 inti1217   5.448e+04 3 inti1217   2.796e-01 4.474e+00  4.432e+04
1.090756e-02   5.737e+04 0 inti1217   5.740e+04 1 inti1217   2.915e-01 4.663e+00  4.651e+04
1.134327e-02   8.686e+04 0 inti1217   8.688e+04 1 inti1217   4.336e-01 6.938e+00  4.866e+04
1.179975e-02   5.880e+04 0 inti1217   5.883e+04 3 inti1217   2.901e-01 4.641e+00  4.804e+04
1.226314e-02   5.957e+04 0 inti1217   5.960e+04 3 inti1217   2.901e-01 4.642e+00  4.897e+04
1.272808e-02   6.009e+04 0 inti1217   6.021e+04 3 inti1217   2.895e-01 4.632e+00  4.917e+04
1.319524e-02   9.213e+04 0 inti1217   9.216e+04 3 inti1217   4.359e-01 6.975e+00  5.426e+04
1.366492e-02   6.229e+04 0 inti1217   6.233e+04 3 inti1217   2.914e-01 4.663e+00  5.026e+04
1.413765e-02   6.215e+04 0 inti1217   6.219e+04 3 inti1217   2.872e-01 4.596e+00  5.138e+04
1.461515e-02   6.362e+04 0 inti1217   6.365e+04 1 inti1217   2.906e-01 4.650e+00  5.237e+04
1.509946e-02   9.510e+04 0 inti1217   9.516e+04 3 inti1217   4.275e-01 6.840e+00  5.139e+04
1.559160e-02   6.257e+04 0 inti1217   6.269e+04 3 inti1217   2.784e-01 4.455e+00  5.119e+04
1.609149e-02   6.324e+04 0 inti1217   6.329e+04 3 inti1217   2.775e-01 4.441e+00  5.186e+04
1.659868e-02   6.330e+04 0 inti1217   6.337e+04 3 inti1217   2.746e-01 4.393e+00  5.159e+04
1.711023e-02   9.694e+04 0 inti1217   9.700e+04 3 inti1217   4.136e-01 6.618e+00  5.356e+04
1.762314e-02   6.543e+04 0 inti1217   6.548e+04 3 inti1217   2.759e-01 4.415e+00  5.373e+04
1.814092e-02   6.692e+04 1 inti1217   6.699e+04 3 inti1217   2.790e-01 4.464e+00  5.500e+04
1.866619e-02   6.638e+04 0 inti1217   6.647e+04 3 inti1217   2.732e-01 4.372e+00  5.431e+04
1.920085e-02   9.470e+04 0 inti1217   9.476e+04 3 inti1217   3.835e-01 6.135e+00  5.590e+04
1.974688e-02   6.827e+04 0 inti1217   6.834e+04 3 inti1217   2.730e-01 4.368e+00  5.633e+04
2.030554e-02   6.909e+04 1 inti1217   6.916e+04 3 inti1217   2.729e-01 4.366e+00  5.744e+04
2.087704e-02   7.029e+04 1 inti1217   7.040e+04 3 inti1217   2.744e-01 4.390e+00  5.829e+04
2.146092e-02   1.100e+05 0 inti1217   1.101e+05 3 inti1217   4.218e-01 6.749e+00  6.008e+04
2.204926e-02   7.250e+04 0 inti1217   7.258e+04 3 inti1217   2.744e-01 4.391e+00  5.922e+04
2.263830e-02   7.310e+04 0 inti1217   7.315e+04 3 inti1217   2.731e-01 4.369e+00  5.967e+04
2.323035e-02   7.336e+04 0 inti1217   7.342e+04 3 inti1217   2.706e-01 4.329e+00  6.008e+04
2.382643e-02   1.129e+05 0 inti1217   1.130e+05 3 inti1217   4.093e-01 6.549e+00  6.146e+04
2.442607e-02   7.487e+04 0 inti1217   7.493e+04 3 inti1217   2.682e-01 4.291e+00  6.126e+04
2.502817e-02   7.763e+04 2 inti1217   7.765e+04 3 inti1217   2.747e-01 4.395e+00  6.409e+04
2.563190e-02   7.656e+04 0 inti1217   7.657e+04 3 inti1217   2.678e-01 4.284e+00  6.291e+04
2.623681e-02   1.147e+05 0 inti1217   1.148e+05 3 inti1217   3.952e-01 6.324e+00  6.433e+04
2.684299e-02   7.760e+04 0 inti1217   7.766e+04 3 inti1217   2.644e-01 4.230e+00  6.404e+04
2.745139e-02   7.840e+04 0 inti1217   7.843e+04 3 inti1217   2.641e-01 4.226e+00  6.496e+04
2.806233e-02   7.898e+04 0 inti1217   7.902e+04 3 inti1217   2.632e-01 4.212e+00  6.528e+04
2.867610e-02   1.260e+05 0 inti1217   1.260e+05 3 inti1217   4.139e-01 6.623e+00  6.782e+04
2.929229e-02   8.112e+04 0 inti1217   8.116e+04 3 inti1217   2.638e-01 4.221e+00  6.722e+04
2.991068e-02   8.085e+04 0 inti1217   8.090e+04 3 inti1217   2.601e-01 4.162e+00  6.698e+04
3.053101e-02   8.337e+04 2 inti1217   8.338e+04 3 inti1217   2.652e-01 4.244e+00  6.776e+04
3.115397e-02   1.266e+05 0 inti1217   1.267e+05 3 inti1217   3.975e-01 6.360e+00  6.972e+04
3.177819e-02   8.348e+04 0 inti1217   8.352e+04 3 inti1217   2.594e-01 4.150e+00  6.911e+04
3.239805e-02   8.422e+04 0 inti1217   8.427e+04 3 inti1217   2.592e-01 4.147e+00  6.985e+04
3.295938e-02   8.439e+04 0 inti1217   8.448e+04 3 inti1217   2.574e-01 4.119e+00  7.007e+04
3.348160e-02   1.255e+05 0 inti1217   1.256e+05 3 inti1217   3.785e-01 6.055e+00  7.157e+04
3.398504e-02   8.515e+04 0 inti1217   8.520e+04 3 inti1217   2.547e-01 4.075e+00  7.076e+04
3.448196e-02   8.794e+04 0 inti1217   8.799e+04 3 inti1217   2.610e-01 4.176e+00  7.368e+04
3.497859e-02   8.692e+04 0 inti1217   8.698e+04 3 inti1217   2.561e-01 4.098e+00  7.262e+04
3.548098e-02   1.327e+05 0 inti1217   1.328e+05 3 inti1217   3.873e-01 6.197e+00  7.411e+04
3.599108e-02   8.858e+04 0 inti1217   8.872e+04 3 inti1217   2.570e-01 4.112e+00  7.412e+04
3.650528e-02   8.755e+04 0 inti1217   8.758e+04 3 inti1217   2.521e-01 4.033e+00  7.299e+04
3.702210e-02   9.020e+04 0 inti1217   9.025e+04 3 inti1217   2.580e-01 4.128e+00  7.531e+04
3.754200e-02   1.329e+05 0 inti1217   1.330e+05 3 inti1217   3.769e-01 6.030e+00  7.591e+04
3.806539e-02   8.881e+04 0 inti1217   8.886e+04 3 inti1217   2.502e-01 4.003e+00  7.437e+04
3.858679e-02   8.927e+04 0 inti1217   8.933e+04 3 inti1217   2.499e-01 3.999e+00  7.468e+04
3.912148e-02   9.008e+04 0 inti1217   9.024e+04 3 inti1217   2.509e-01 4.015e+00  7.519e+04
3.963988e-02   1.377e+05 0 inti1217   1.377e+05 3 inti1217   3.797e-01 6.075e+00  7.709e+04
4.017494e-02   9.246e+04 0 inti1217   9.254e+04 3 inti1217   2.537e-01 4.059e+00  7.708e+04
4.070016e-02   9.219e+04 0 inti1217   9.226e+04 3 inti1217   2.514e-01 4.022e+00  7.719e+04
4.125615e-02   9.277e+04 0 inti1217   9.289e+04 3 inti1217   2.515e-01 4.025e+00  7.774e+04
4.178216e-02   1.485e+05 0 inti1217   1.486e+05 3 inti1217   3.993e-01 6.389e+00  8.276e+04
4.231489e-02   9.438e+04 2 inti1217   9.441e+04 3 inti1217   2.521e-01 4.034e+00  7.921e+04
4.283856e-02   9.415e+04 2 inti1217   9.417e+04 1 inti1217   2.501e-01 4.001e+00  7.900e+04
4.335070e-02   9.502e+04 1 inti1217   9.506e+04 3 inti1217   2.510e-01 4.016e+00  7.947e+04
4.387208e-02   1.495e+05 0 inti1217   1.496e+05 3 inti1217   3.918e-01 6.269e+00  8.132e+04
4.438625e-02   9.633e+04 0 inti1217   9.638e+04 3 inti1217   2.511e-01 4.018e+00  8.077e+04
4.488831e-02   9.582e+04 0 inti1217   9.589e+04 3 inti1217   2.485e-01 3.976e+00  8.058e+04
4.537693e-02   9.603e+04 0 inti1217   9.611e+04 3 inti1217   2.478e-01 3.964e+00  8.029e+04
4.585726e-02   1.424e+05 0 inti1217   1.425e+05 3 inti1217   3.650e-01 5.840e+00  8.182e+04
4.634477e-02   9.703e+04 0 inti1217   9.710e+04 3 inti1217   2.473e-01 3.957e+00  8.138e+04
4.685915e-02   9.671e+04 0 inti1217   9.680e+04 3 inti1217   2.453e-01 3.925e+00  8.135e+04
4.738740e-02   9.718e+04 0 inti1217   9.725e+04 3 inti1217   2.451e-01 3.922e+00  8.157e+04
4.790770e-02   1.468e+05 0 inti1217   1.469e+05 3 inti1217   3.675e-01 5.879e+00  8.288e+04
4.842782e-02   9.718e+04 0 inti1217   9.736e+04 3 inti1217   2.423e-01 3.877e+00  8.170e+04
4.893888e-02   9.797e+04 0 inti1217   9.806e+04 3 inti1217   2.428e-01 3.884e+00  8.233e+04
4.945561e-02   9.784e+04 0 inti1217   9.792e+04 3 inti1217   2.411e-01 3.858e+00  8.220e+04
4.996335e-02   1.511e+05 0 inti1217   1.512e+05 3 inti1217   3.698e-01 5.917e+00  8.519e+04
5.047487e-02   9.933e+04 1 inti1217   9.937e+04 3 inti1217   2.417e-01 3.867e+00  8.315e+04
5.099010e-02   9.933e+04 0 inti1217   9.940e+04 3 inti1217   2.405e-01 3.848e+00  8.332e+04
5.150018e-02   9.973e+04 1 inti1217   1.104e+05 0 inti1217   2.658e-01 4.252e+00  8.350e+04
5.202266e-02   1.483e+05 0 inti1217   1.485e+05 3 inti1217   3.548e-01 5.677e+00  8.487e+04
5.253509e-02   9.972e+04 0 inti1217   9.984e+04 3 inti1217   2.373e-01 3.798e+00  8.353e+04
5.305976e-02   1.003e+05 0 inti1217   1.004e+05 3 inti1217   2.375e-01 3.800e+00  8.412e+04
5.357643e-02   1.028e+05 0 inti1217   1.029e+05 3 inti1217   2.420e-01 3.872e+00  8.594e+04
5.409559e-02   1.520e+05 0 inti1217   1.522e+05 3 inti1217   3.556e-01 5.689e+00  8.681e+04
5.461250e-02   1.026e+05 0 inti1217   1.027e+05 3 inti1217   2.387e-01 3.820e+00  8.606e+04
5.513009e-02   1.046e+05 0 inti1217   1.047e+05 3 inti1217   2.419e-01 3.871e+00  8.820e+04
5.565050e-02   1.030e+05 0 inti1217   1.031e+05 3 inti1217   2.370e-01 3.793e+00  8.627e+04
5.617061e-02   1.575e+05 0 inti1217   1.576e+05 3 inti1217   3.598e-01 5.756e+00  8.851e+04
5.669541e-02   1.038e+05 0 inti1217   1.039e+05 3 inti1217   2.359e-01 3.775e+00  8.686e+04
5.721338e-02   1.048e+05 0 inti1217   1.049e+05 3 inti1217   2.369e-01 3.791e+00  8.795e+04
5.774371e-02   1.043e+05 0 inti1217   1.044e+05 3 inti1217   2.346e-01 3.753e+00  8.723e+04
5.826776e-02   1.610e+05 0 inti1217   1.611e+05 3 inti1217   3.593e-01 5.749e+00  9.153e+04
5.880295e-02   1.055e+05 0 inti1217   1.056e+05 3 inti1217   2.343e-01 3.748e+00  8.836e+04
5.933347e-02   1.061e+05 0 inti1217   1.061e+05 3 inti1217   2.341e-01 3.746e+00  8.902e+04
5.987856e-02   1.083e+05 0 inti1217   1.084e+05 3 inti1217   2.378e-01 3.804e+00  9.082e+04
6.041829e-02   1.615e+05 0 inti1217   1.616e+05 3 inti1217   3.519e-01 5.630e+00  9.100e+04
6.097122e-02   1.071e+05 0 inti1217   1.073e+05 3 inti1217   2.323e-01 3.717e+00  8.968e+04
6.152006e-02   1.064e+05 0 inti1217   1.065e+05 3 inti1217   2.293e-01 3.669e+00  8.911e+04
6.207662e-02   1.064e+05 0 inti1217   1.065e+05 3 inti1217   2.279e-01 3.647e+00  8.886e+04
6.263558e-02   1.620e+05 0 inti1217   1.622e+05 3 inti1217   3.444e-01 5.511e+00  9.135e+04
6.319407e-02   1.073e+05 0 inti1217   1.074e+05 3 inti1217   2.268e-01 3.629e+00  8.959e+04
6.375668e-02   1.072e+05 0 inti1217   1.073e+05 3 inti1217   2.253e-01 3.605e+00  8.967e+04
6.431477e-02   1.078e+05 0 inti1217   1.080e+05 3 inti1217   2.253e-01 3.605e+00  8.984e+04
6.488218e-02   1.685e+05 0 inti1217   1.686e+05 3 inti1217   3.493e-01 5.588e+00  9.363e+04
6.543915e-02   1.093e+05 0 inti1217   1.094e+05 3 inti1217   2.252e-01 3.604e+00  9.137e+04
6.600935e-02   1.100e+05 1 inti1217   1.101e+05 3 inti1217   2.253e-01 3.605e+00  9.218e+04
6.656378e-02   1.123e+05 0 inti1217   1.124e+05 3 inti1217   2.288e-01 3.661e+00  9.430e+04
6.713145e-02   1.595e+05 0 inti1217   1.596e+05 3 inti1217   3.225e-01 5.161e+00  9.621e+04
6.768531e-02   1.120e+05 0 inti1217   1.121e+05 3 inti1217   2.252e-01 3.604e+00  9.362e+04
6.825607e-02   1.126e+05 0 inti1217   1.127e+05 3 inti1217   2.252e-01 3.603e+00  9.449e+04
6.882013e-02   1.131e+05 1 inti1217   1.131e+05 3 inti1217   2.249e-01 3.598e+00  9.476e+04
6.938411e-02   1.757e+05 0 inti1217   1.758e+05 3 inti1217   3.468e-01 5.550e+00  9.897e+04
6.995792e-02   1.145e+05 0 inti1217   1.145e+05 3 inti1217   2.248e-01 3.596e+00  9.599e+04
7.051848e-02   1.157e+05 0 inti1217   1.157e+05 3 inti1217   2.259e-01 3.615e+00  9.713e+04
7.108486e-02   1.163e+05 0 inti1217   1.165e+05 3 inti1217   2.262e-01 3.619e+00  9.747e+04
7.166424e-02   1.735e+05 0 inti1217   1.735e+05 3 inti1217   3.346e-01 5.354e+00  1.012e+05
7.222505e-02   1.172e+05 0 inti1217   1.172e+05 3 inti1217   2.249e-01 3.598e+00  9.817e+04
7.279535e-02   1.179e+05 0 inti1217   1.179e+05 3 inti1217   2.251e-01 3.602e+00  9.905e+04
7.336299e-02   1.181e+05 0 inti1217   1.182e+05 3 inti1217   2.244e-01 3.591e+00  9.904e+04
7.392267e-02   1.837e+05 0 inti1217   1.838e+05 3 inti1217   3.468e-01 5.548e+00  1.031e+05
7.449169e-02   1.203e+05 0 inti1217   1.203e+05 3 inti1217   2.259e-01 3.614e+00  1.008e+05
7.504792e-02   1.203e+05 1 inti1217   1.204e+05 3 inti1217   2.249e-01 3.598e+00  1.013e+05
7.561209e-02   1.208e+05 0 inti1217   1.209e+05 2 inti1217   2.247e-01 3.595e+00  1.014e+05
7.617280e-02   1.827e+05 0 inti1217   1.828e+05 3 inti1217   3.377e-01 5.403e+00  1.051e+05
7.672951e-02   1.224e+05 0 inti1217   1.225e+05 3 inti1217   2.253e-01 3.604e+00  1.028e+05
7.728314e-02   1.230e+05 0 inti1217   1.231e+05 3 inti1217   2.252e-01 3.603e+00  1.033e+05
7.783323e-02   1.236e+05 0 inti1217   1.238e+05 3 inti1217   2.254e-01 3.607e+00  1.037e+05
7.838044e-02   1.949e+05 0 inti1217   1.950e+05 3 inti1217   3.530e-01 5.648e+00  1.080e+05
7.892507e-02   1.254e+05 1 inti1217   1.255e+05 2 inti1217   2.263e-01 3.620e+00  1.066e+05
7.946781e-02   1.257e+05 1 inti1217   1.259e+05 2 inti1217   2.258e-01 3.613e+00  1.071e+05
8.002455e-02   1.255e+05 1 inti1217   1.256e+05 2 inti1217   2.243e-01 3.589e+00  1.066e+05
8.056950e-02   1.900e+05 0 inti1217   1.902e+05 2 inti1217   3.377e-01 5.403e+00  1.080e+05
8.113343e-02   1.285e+05 0 inti1217   1.287e+05 2 inti1217   2.275e-01 3.641e+00  1.094e+05
8.168490e-02   1.252e+05 0 inti1217   1.253e+05 2 inti1217   2.205e-01 3.528e+00  1.063e+05
8.225980e-02   1.251e+05 1 inti1217   1.252e+05 2 inti1217   2.193e-01 3.508e+00  1.061e+05
8.280602e-02   1.850e+05 1 inti1217   1.851e+05 2 inti1217   3.225e-01 5.160e+00  1.080e+05
8.336652e-02   1.261e+05 1 inti1217   1.262e+05 2 inti1217   2.188e-01 3.501e+00  1.069e+05
8.391103e-02   1.283e+05 0 inti1217   1.284e+05 2 inti1217   2.218e-01 3.549e+00  1.093e+05
8.446350e-02   1.271e+05 0 inti1217   1.273e+05 2 inti1217   2.189e-01 3.502e+00  1.078e+05
8.500908e-02   1.912e+05 1 inti1217   1.913e+05 2 inti1217   3.272e-01 5.235e+00  1.094e+05
8.555856e-02   1.274e+05 1 inti1217   1.275e+05 2 inti1217   2.172e-01 3.475e+00  1.080e+05
8.610938e-02   1.311e+05 1 inti1217   1.312e+05 2 inti1217   2.224e-01 3.559e+00  1.118e+05
8.665572e-02   1.283e+05 0 inti1217   1.284e+05 2 inti1217   2.169e-01 3.471e+00  1.087e+05
8.721677e-02   1.921e+05 1 inti1217   1.922e+05 2 inti1217   3.230e-01 5.168e+00  1.118e+05
8.781796e-02   1.299e+05 1 inti1217   1.300e+05 2 inti1217   2.174e-01 3.479e+00  1.101e+05
8.842876e-02   1.306e+05 1 inti1217   1.307e+05 2 inti1217   2.176e-01 3.481e+00  1.111e+05
8.905595e-02   1.307e+05 1 inti1217   1.308e+05 2 inti1217   2.168e-01 3.468e+00  1.109e+05
8.966287e-02   1.955e+05 1 inti1217   1.956e+05 2 inti1217   3.224e-01 5.159e+00  1.136e+05
9.027854e-02   1.320e+05 1 inti1217   1.321e+05 2 inti1217   2.168e-01 3.469e+00  1.120e+05
9.088665e-02   1.322e+05 1 inti1217   1.323e+05 2 inti1217   2.161e-01 3.457e+00  1.122e+05
9.150443e-02   1.325e+05 0 inti1217   1.327e+05 2 inti1217   2.158e-01 3.453e+00  1.121e+05
9.211018e-02   2.038e+05 1 inti1217   2.039e+05 2 inti1217   3.298e-01 5.277e+00  1.166e+05
9.273356e-02   1.342e+05 1 inti1217   1.343e+05 2 inti1217   2.163e-01 3.461e+00  1.138e+05
9.334422e-02   1.341e+05 1 inti1217   1.342e+05 2 inti1217   2.152e-01 3.443e+00  1.139e+05
9.397088e-02   1.352e+05 0 inti1217   1.353e+05 2 inti1217   2.161e-01 3.457e+00  1.143e+05
9.459137e-02   2.093e+05 1 inti1217   2.094e+05 2 inti1217   3.326e-01 5.322e+00  1.183e+05
9.521642e-02   1.367e+05 1 inti1217   1.368e+05 2 inti1217   2.164e-01 3.463e+00  1.158e+05
9.585840e-02   1.369e+05 1 inti1217   1.370e+05 2 inti1217   2.158e-01 3.453e+00  1.160e+05
9.648010e-02   1.371e+05 0 inti1217   1.372e+05 2 inti1217   2.152e-01 3.442e+00  1.162e+05
9.710574e-02   2.095e+05 1 inti1217   2.096e+05 2 inti1217   3.272e-01 5.235e+00  1.199e+05
9.773436e-02   1.388e+05 1 inti1217   1.389e+05 2 inti1217   2.159e-01 3.455e+00  1.177e+05
9.837306e-02   1.392e+05 1 inti1217   1.393e+05 2 inti1217   2.157e-01 3.452e+00  1.187e+05
9.901515e-02   1.392e+05 1 inti1217   1.393e+05 2 inti1217   2.149e-01 3.438e+00  1.182e+05
9.964204e-02   2.152e+05 1 inti1217   2.153e+05 2 inti1217   3.304e-01 5.286e+00  1.239e+05
1.002684e-01   1.425e+05 1 inti1217   1.426e+05 2 inti1217   2.180e-01 3.488e+00  1.211e+05
1.009549e-01   1.455e+05 1 inti1217   1.456e+05 2 inti1217   2.217e-01 3.547e+00  1.250e+05
1.016610e-01   1.432e+05 1 inti1217   1.433e+05 2 inti1217   2.173e-01 3.477e+00  1.227e+05
1.022897e-01   2.151e+05 1 inti1217   2.153e+05 2 inti1217   3.247e-01 5.196e+00  1.267e+05
1.029381e-01   1.438e+05 1 inti1217   1.440e+05 2 inti1217   2.164e-01 3.462e+00  1.231e+05
1.035646e-01   1.435e+05 1 inti1217   1.436e+05 2 inti1217   2.151e-01 3.442e+00  1.231e+05
1.041956e-01   1.466e+05 1 inti1217   1.467e+05 2 inti1217   2.189e-01 3.502e+00  1.258e+05
1.048336e-01   2.180e+05 1 inti1217   2.182e+05 2 inti1217   3.240e-01 5.184e+00  1.261e+05
1.054912e-01   1.449e+05 0 inti1217   1.451e+05 2 inti1217   2.147e-01 3.435e+00  1.239e+05
1.061216e-01   1.448e+05 1 inti1217   1.449e+05 2 inti1217   2.138e-01 3.420e+00  1.241e+05
1.067557e-01   1.451e+05 0 inti1217   1.453e+05 2 inti1217   2.136e-01 3.418e+00  1.242e+05
1.073941e-01   2.165e+05 1 inti1217   2.167e+05 2 inti1217   3.170e-01 5.073e+00  1.267e+05
1.080476e-01   1.463e+05 1 inti1217   1.464e+05 2 inti1217   2.135e-01 3.416e+00  1.251e+05
1.086915e-01   1.485e+05 1 inti1217   1.486e+05 2 inti1217   2.160e-01 3.457e+00  1.277e+05
1.093269e-01   1.472e+05 0 inti1217   1.473e+05 2 inti1217   2.134e-01 3.415e+00  1.260e+05
1.099638e-01   2.174e+05 1 inti1217   2.175e+05 2 inti1217   3.138e-01 5.021e+00  1.287e+05
1.106059e-01   1.471e+05 0 inti1217   1.473e+05 2 inti1217   2.119e-01 3.391e+00  1.260e+05
1.112665e-01   1.468e+05 1 inti1217   1.469e+05 2 inti1217   2.107e-01 3.371e+00  1.259e+05
1.119015e-01   1.473e+05 0 inti1217   1.475e+05 2 inti1217   2.108e-01 3.372e+00  1.261e+05
1.125390e-01   2.166e+05 1 inti1217   2.167e+05 2 inti1217   3.086e-01 4.937e+00  1.303e+05
1.131795e-01   1.488e+05 1 inti1217   1.489e+05 2 inti1217   2.114e-01 3.383e+00  1.277e+05
1.138127e-01   1.493e+05 1 inti1217   1.495e+05 2 inti1217   2.116e-01 3.386e+00  1.284e+05
1.144437e-01   1.495e+05 1 inti1217   1.496e+05 2 inti1217   2.112e-01 3.379e+00  1.282e+05
1.150804e-01   2.110e+05 1 inti1217   2.111e+05 2 inti1217   2.969e-01 4.750e+00  1.316e+05
1.157057e-01   1.508e+05 1 inti1217   1.509e+05 2 inti1217   2.116e-01 3.385e+00  1.293e+05
1.163375e-01   1.513e+05 1 inti1217   1.514e+05 2 inti1217   2.117e-01 3.387e+00  1.301e+05
1.169754e-01   1.528e+05 1 inti1217   1.530e+05 2 inti1217   2.133e-01 3.413e+00  1.311e+05
1.176051e-01   2.293e+05 1 inti1217   2.293e+05 2 inti1217   3.186e-01 5.098e+00  1.363e+05
1.182409e-01   1.539e+05 1 inti1217   1.540e+05 2 inti1217   2.133e-01 3.413e+00  1.322e+05
1.188788e-01   1.537e+05 1 inti1217   1.538e+05 2 inti1217   2.124e-01 3.399e+00  1.322e+05
1.195090e-01   1.544e+05 0 inti1217   1.545e+05 2 inti1217   2.128e-01 3.404e+00  1.325e+05
1.201387e-01   2.356e+05 1 inti1217   2.357e+05 2 inti1217   3.234e-01 5.174e+00  1.365e+05
1.207712e-01   1.559e+05 1 inti1217   1.560e+05 2 inti1217   2.135e-01 3.416e+00  1.339e+05
1.214047e-01   1.566e+05 1 inti1217   1.568e+05 2 inti1217   2.138e-01 3.421e+00  1.349e+05
1.220355e-01   1.571e+05 1 inti1217   1.572e+05 2 inti1217   2.139e-01 3.422e+00  1.349e+05
1.226600e-01   2.396e+05 1 inti1217   2.397e+05 2 inti1217   3.249e-01 5.198e+00  1.391e+05
1.232825e-01   1.592e+05 1 inti1217   1.594e+05 2 inti1217   2.154e-01 3.446e+00  1.371e+05
1.239030e-01   1.589e+05 1 inti1217   1.590e+05 2 inti1217   2.143e-01 3.429e+00  1.370e+05
1.245218e-01   1.588e+05 1 inti1217   1.590e+05 2 inti1217   2.137e-01 3.418e+00  1.367e+05
1.251408e-01   2.470e+05 1 inti1217   2.471e+05 2 inti1217   3.309e-01 5.294e+00  1.418e+05
1.257630e-01   1.614e+05 0 inti1217   1.616e+05 2 inti1217   2.157e-01 3.452e+00  1.390e+05
1.263881e-01   1.610e+05 1 inti1217   1.612e+05 2 inti1217   2.146e-01 3.433e+00  1.388e+05
1.270149e-01   1.614e+05 0 inti1217   1.616e+05 2 inti1217   2.146e-01 3.433e+00  1.388e+05
1.276426e-01   2.435e+05 1 inti1217   2.437e+05 2 inti1217   3.224e-01 5.158e+00  1.438e+05
1.282734e-01   1.629e+05 0 inti1217   1.630e+05 2 inti1217   2.151e-01 3.442e+00  1.403e+05
1.289065e-01   1.634e+05 1 inti1217   1.635e+05 2 inti1217   2.152e-01 3.443e+00  1.408e+05
1.295412e-01   1.634e+05 0 inti1217   1.635e+05 2 inti1217   2.146e-01 3.434e+00  1.408e+05
1.301730e-01   2.500e+05 1 inti1217   2.501e+05 2 inti1217   3.270e-01 5.232e+00  1.443e+05
1.308092e-01   1.642e+05 1 inti1217   1.643e+05 2 inti1217   2.143e-01 3.429e+00  1.412e+05
1.314510e-01   1.642e+05 1 inti1217   1.643e+05 2 inti1217   2.137e-01 3.420e+00  1.416e+05
1.320934e-01   1.658e+05 1 inti1217   1.659e+05 2 inti1217   2.152e-01 3.442e+00  1.428e+05
1.327349e-01   2.487e+05 0 inti1217   2.489e+05 2 inti1217   3.215e-01 5.145e+00  1.471e+05
1.333757e-01   1.689e+05 0 inti1217   1.691e+05 2 inti1217   2.178e-01 3.485e+00  1.454e+05
1.340212e-01   1.676e+05 1 inti1217   1.678e+05 2 inti1217   2.155e-01 3.449e+00  1.446e+05
1.346676e-01   1.692e+05 0 inti1217   1.693e+05 2 inti1217   2.170e-01 3.472e+00  1.458e+05
1.353117e-01   2.598e+05 1 inti1217   2.599e+05 2 inti1217   3.318e-01 5.309e+00  1.501e+05
1.359545e-01   1.703e+05 1 inti1217   1.704e+05 2 inti1217   2.169e-01 3.471e+00  1.468e+05
1.366021e-01   1.703e+05 1 inti1217   1.704e+05 2 inti1217   2.163e-01 3.461e+00  1.472e+05
1.372512e-01   1.710e+05 0 inti1217   1.712e+05 2 inti1217   2.167e-01 3.468e+00  1.477e+05
1.378979e-01   2.628e+05 1 inti1217   2.629e+05 2 inti1217   3.315e-01 5.304e+00  1.534e+05
1.385468e-01   1.738e+05 1 inti1217   1.739e+05 2 inti1217   2.187e-01 3.499e+00  1.499e+05
1.392027e-01   1.732e+05 1 inti1217   1.733e+05 2 inti1217   2.173e-01 3.476e+00  1.498e+05
1.398559e-01   1.763e+05 0 inti1217   1.764e+05 2 inti1217   2.204e-01 3.527e+00  1.520e+05
1.405070e-01   2.652e+05 0 inti1217   2.654e+05 2 inti1217   3.304e-01 5.287e+00  1.557e+05
1.411695e-01   1.736e+05 0 inti1217   1.737e+05 2 inti1217   2.157e-01 3.451e+00  1.500e+05
1.418231e-01   1.732e+05 0 inti1217   1.733e+05 2 inti1217   2.145e-01 3.433e+00  1.499e+05
1.424852e-01   1.743e+05 0 inti1217   1.744e+05 2 inti1217   2.152e-01 3.443e+00  1.509e+05
1.431474e-01   2.556e+05 0 inti1217   2.557e+05 2 inti1217   3.144e-01 5.030e+00  1.535e+05
1.438079e-01   1.749e+05 0 inti1217   1.750e+05 2 inti1217   2.145e-01 3.431e+00  1.513e+05
1.444767e-01   1.756e+05 0 inti1217   1.757e+05 2 inti1217   2.147e-01 3.435e+00  1.522e+05
1.451358e-01   1.751e+05 0 inti1217   1.753e+05 2 inti1217   2.135e-01 3.416e+00  1.517e+05
1.458090e-01   2.661e+05 0 inti1217   2.662e+05 2 inti1217   3.230e-01 5.168e+00  1.550e+05
1.464704e-01   1.763e+05 0 inti1217   1.764e+05 2 inti1217   2.133e-01 3.413e+00  1.527e+05
1.471431e-01   1.769e+05 0 inti1217   1.771e+05 2 inti1217   2.135e-01 3.416e+00  1.535e+05
1.478114e-01   1.770e+05 0 inti1217   1.771e+05 2 inti1217   2.129e-01 3.407e+00  1.535e+05
1.484816e-01   2.619e+05 0 inti1217   2.620e+05 2 inti1217   3.136e-01 5.018e+00  1.573e+05
1.491544e-01   1.791e+05 0 inti1217   1.792e+05 2 inti1217   2.138e-01 3.420e+00  1.555e+05
1.498230e-01   1.793e+05 0 inti1217   1.794e+05 2 inti1217   2.133e-01 3.412e+00  1.559e+05
1.504922e-01   1.800e+05 0 inti1217   1.802e+05 2 inti1217   2.135e-01 3.417e+00  1.565e+05
1.511631e-01   2.513e+05 0 inti1217   2.514e+05 2 inti1217   2.967e-01 4.746e+00  1.594e+05
1.518248e-01   1.827e+05 0 inti1217   1.828e+05 2 inti1217   2.149e-01 3.439e+00  1.589e+05
1.524937e-01   1.815e+05 0 inti1217   1.816e+05 2 inti1217   2.128e-01 3.405e+00  1.576e+05
1.531555e-01   1.825e+05 0 inti1217   1.828e+05 2 inti1217   2.136e-01 3.417e+00  1.588e+05
1.538170e-01   2.746e+05 3 inti1217   2.748e+05 2 inti1217   3.196e-01 5.114e+00  1.609e+05
1.544859e-01   1.861e+05 0 inti1217   1.862e+05 2 inti1217   2.159e-01 3.454e+00  1.613e+05
1.551465e-01   1.826e+05 0 inti1217   1.827e+05 2 inti1217   2.111e-01 3.377e+00  1.588e+05
1.558108e-01   1.833e+05 0 inti1217   1.834e+05 2 inti1217   2.112e-01 3.380e+00  1.594e+05
1.564839e-01   2.786e+05 0 inti1217   2.788e+05 2 inti1217   3.195e-01 5.112e+00  1.646e+05
1.571439e-01   1.855e+05 0 inti1217   1.857e+05 2 inti1217   2.120e-01 3.392e+00  1.615e+05
1.578116e-01   1.859e+05 0 inti1217   1.860e+05 2 inti1217   2.116e-01 3.386e+00  1.621e+05
1.584795e-01   1.871e+05 0 inti1217   1.872e+05 2 inti1217   2.123e-01 3.397e+00  1.630e+05
1.591394e-01   2.771e+05 0 inti1217   2.772e+05 2 inti1217   3.128e-01 5.005e+00  1.672e+05
1.598067e-01   1.883e+05 0 inti1217   1.884e+05 2 inti1217   2.120e-01 3.391e+00  1.641e+05
1.604764e-01   1.881e+05 0 inti1217   1.882e+05 2 inti1217   2.110e-01 3.376e+00  1.639e+05
1.611392e-01   1.878e+05 0 inti1217   1.880e+05 2 inti1217   2.101e-01 3.362e+00  1.632e+05
1.618094e-01   2.898e+05 0 inti1217   2.899e+05 2 inti1217   3.226e-01 5.162e+00  1.682e+05
1.624829e-01   1.898e+05 0 inti1217   1.899e+05 2 inti1217   2.106e-01 3.370e+00  1.651e+05
1.631471e-01   1.900e+05 0 inti1217   1.901e+05 2 inti1217   2.101e-01 3.362e+00  1.653e+05
1.638179e-01   1.906e+05 0 inti1217   1.907e+05 2 inti1217   2.102e-01 3.363e+00  1.657e+05
1.644898e-01   2.871e+05 0 inti1217   2.872e+05 2 inti1217   3.151e-01 5.042e+00  1.721e+05
1.651634e-01   1.925e+05 0 inti1217   1.926e+05 2 inti1217   2.107e-01 3.371e+00  1.674e+05
1.658406e-01   1.929e+05 0 inti1217   1.930e+05 2 inti1217   2.106e-01 3.369e+00  1.681e+05
1.665309e-01   1.932e+05 0 inti1217   1.933e+05 2 inti1217   2.102e-01 3.363e+00  1.682e+05
1.672025e-01   2.851e+05 0 inti1217   2.852e+05 2 inti1217   3.091e-01 4.946e+00  1.730e+05
1.678785e-01   1.962e+05 0 inti1217   1.964e+05 2 inti1217   2.122e-01 3.395e+00  1.702e+05
1.685595e-01   1.959e+05 0 inti1217   1.960e+05 2 inti1217   2.112e-01 3.380e+00  1.709e+05
1.692559e-01   1.977e+05 0 inti1217   1.979e+05 2 inti1217   2.127e-01 3.403e+00  1.721e+05
1.699277e-01   3.016e+05 0 inti1217   3.017e+05 2 inti1217   3.232e-01 5.170e+00  1.770e+05
1.706070e-01   1.983e+05 0 inti1217   1.984e+05 2 inti1217   2.120e-01 3.392e+00  1.729e+05
1.712945e-01   2.004e+05 0 inti1217   2.006e+05 1 inti1217   2.137e-01 3.420e+00  1.740e+05
1.719845e-01   2.019e+05 0 inti1217   2.020e+05 2 inti1217   2.147e-01 3.435e+00  1.764e+05
1.726614e-01   2.995e+05 0 inti1217   2.997e+05 2 inti1217   3.175e-01 5.079e+00  1.781e+05
1.733445e-01   2.032e+05 0 inti1217   2.033e+05 2 inti1217   2.148e-01 3.437e+00  1.776e+05
1.740428e-01   2.034e+05 0 inti1217   2.035e+05 2 inti1217   2.145e-01 3.432e+00  1.776e+05
1.747244e-01   2.039e+05 0 inti1217   2.040e+05 2 inti1217   2.146e-01 3.433e+00  1.781e+05
1.754055e-01   3.132e+05 0 inti1217   3.134e+05 2 inti1217   3.286e-01 5.257e+00  1.849e+05
1.760917e-01   2.068e+05 0 inti1217   2.070e+05 2 inti1217   2.165e-01 3.463e+00  1.801e+05
1.767942e-01   2.067e+05 0 inti1217   2.068e+05 2 inti1217   2.159e-01 3.454e+00  1.800e+05
1.774694e-01   2.065e+05 0 inti1217   2.066e+05 2 inti1217   2.152e-01 3.443e+00  1.800e+05
1.781500e-01   3.181e+05 0 inti1217   3.183e+05 2 inti1217   3.305e-01 5.289e+00  1.865e+05
1.788391e-01   2.079e+05 0 inti1217   2.080e+05 2 inti1217   2.156e-01 3.449e+00  1.812e+05
1.795004e-01   2.081e+05 0 inti1217   2.082e+05 2 inti1217   2.154e-01 3.446e+00  1.816e+05
1.801824e-01   2.069e+05 0 inti1217   2.070e+05 2 inti1217   2.138e-01 3.421e+00  1.804e+05
1.808475e-01   3.049e+05 0 inti1217   3.051e+05 2 inti1217   3.143e-01 5.029e+00  1.800e+05
1.815268e-01   2.055e+05 0 inti1217   2.057e+05 2 inti1217   2.116e-01 3.386e+00  1.791e+05
1.821901e-01   2.057e+05 0 inti1217   2.058e+05 2 inti1217   2.114e-01 3.382e+00  1.794e+05
1.828637e-01   2.056e+05 0 inti1217   2.058e+05 2 inti1217   2.111e-01 3.377e+00  1.791e+05
1.835295e-01   3.032e+05 0 inti1217   3.033e+05 2 inti1217   3.103e-01 4.966e+00  1.822e+05
1.842119e-01   2.075e+05 3 inti1217   2.076e+05 2 inti1217   2.121e-01 3.394e+00  1.809e+05
1.848822e-01   2.072e+05 0 inti1217   2.073e+05 2 inti1217   2.115e-01 3.385e+00  1.809e+05
1.855641e-01   2.080e+05 0 inti1217   2.081e+05 2 inti1217   2.120e-01 3.392e+00  1.815e+05
1.862382e-01   2.762e+05 0 inti1217   2.763e+05 2 inti1217   2.809e-01 4.495e+00  1.834e+05
1.869279e-01   2.094e+05 0 inti1217   2.094e+05 2 inti1217   2.127e-01 3.403e+00  1.828e+05
1.876233e-01   2.090e+05 3 inti1217   2.091e+05 2 inti1217   2.120e-01 3.393e+00  1.824e+05
1.883051e-01   2.065e+05 0 inti1217   2.066e+05 2 inti1217   2.092e-01 3.348e+00  1.800e+05
1.889823e-01   3.039e+05 0 inti1217   3.040e+05 2 inti1217   3.074e-01 4.918e+00  1.844e+05
1.896677e-01   2.080e+05 0 inti1217   2.081e+05 2 inti1217   2.101e-01 3.361e+00  1.813e+05
1.903558e-01   2.082e+05 0 inti1217   2.082e+05 2 inti1217   2.100e-01 3.359e+00  1.818e+05
1.910607e-01   2.091e+05 0 inti1217   2.093e+05 2 inti1217   2.108e-01 3.372e+00  1.824e+05
1.917458e-01   3.092e+05 0 inti1217   3.093e+05 2 inti1217   3.110e-01 4.976e+00  1.856e+05
1.924427e-01   2.101e+05 3 inti1217   2.102e+05 2 inti1217   2.111e-01 3.377e+00  1.831e+05
1.931500e-01   2.114e+05 0 inti1217   2.115e+05 2 inti1217   2.122e-01 3.395e+00  1.846e+05
1.938398e-01   2.102e+05 0 inti1217   2.103e+05 2 inti1217   2.107e-01 3.371e+00  1.833e+05
1.945428e-01   3.080e+05 0 inti1217   3.082e+05 2 inti1217   3.085e-01 4.936e+00  1.870e+05
1.952545e-01   2.113e+05 0 inti1217   2.115e+05 2 inti1217   2.115e-01 3.384e+00  1.847e+05
1.959479e-01   2.116e+05 0 inti1217   2.117e+05 2 inti1217   2.115e-01 3.384e+00  1.849e+05
1.966516e-01   2.117e+05 0 inti1217   2.118e+05 2 inti1217   2.114e-01 3.382e+00  1.847e+05
1.973685e-01   3.074e+05 0 inti1217   3.075e+05 2 inti1217   3.066e-01 4.905e+00  1.880e+05
1.980683e-01   2.126e+05 0 inti1217   2.127e+05 2 inti1217   2.119e-01 3.390e+00  1.856e+05
1.987679e-01   2.125e+05 0 inti1217   2.126e+05 2 inti1217   2.116e-01 3.385e+00  1.858e+05
1.994703e-01   2.135e+05 0 inti1217   2.136e+05 2 inti1217   2.124e-01 3.398e+00  1.864e+05
