# 1  : Date
# 2  : Temps elapsed min (mus)
# 3  : Rang temps elapsed min
# 4  : Noeud temps elapsed min
# 5  : Temps elapsed max (mus)
# 6  : Rang temps elapsed max
# 7  : Noeud temps elapsed max
# 8  : Grind time (mus/maille/cycle)
# 9  : Grind time équivalent séquentiel (#8 X nb_de_coeurs)
#     1     2     3     4      5      6      7       8      9
#   ATTENTION  les temps cpu schémas sont données dans l'ordre alphabétique des schémas WARNING
#  10: TELAPS Hydro (mus)
8.476062e-04   4.381e+04 0 inti1210   4.395e+04 3 inti1210   3.102e-01 4.963e+00  3.454e+04
2.588393e-03   4.734e+04 0 inti1210   4.740e+04 3 inti1210   3.156e-01 5.050e+00  3.746e+04
4.538954e-03   8.668e+04 0 inti1210   8.675e+04 3 inti1210   5.483e-01 8.774e+00  4.344e+04
6.084185e-03   5.980e+04 0 inti1210   5.991e+04 3 inti1210   3.606e-01 5.770e+00  4.920e+04
7.504498e-03   5.075e+04 0 inti1210   5.080e+04 3 inti1210   2.947e-01 4.716e+00  4.044e+04
8.756645e-03   5.200e+04 0 inti1210   5.206e+04 3 inti1210   2.929e-01 4.687e+00  4.146e+04
1.026520e-02   8.242e+04 0 inti1210   8.254e+04 3 inti1210   4.484e-01 7.175e+00  4.329e+04
1.217368e-02   5.469e+04 0 inti1210   5.474e+04 3 inti1210   2.858e-01 4.573e+00  4.408e+04
1.422174e-02   5.510e+04 0 inti1210   5.516e+04 3 inti1210   2.760e-01 4.417e+00  4.424e+04
1.637719e-02   5.712e+04 0 inti1210   5.716e+04 3 inti1210   2.737e-01 4.379e+00  4.597e+04
1.862183e-02   9.261e+04 0 inti1210   9.265e+04 3 inti1210   4.234e-01 6.774e+00  4.932e+04
2.060122e-02   6.138e+04 0 inti1210   6.145e+04 3 inti1210   2.705e-01 4.328e+00  4.981e+04
2.272975e-02   6.386e+04 0 inti1210   6.391e+04 1 inti1210   2.690e-01 4.305e+00  5.201e+04
2.508591e-02   6.312e+04 0 inti1210   6.317e+04 3 inti1210   2.540e-01 4.064e+00  5.126e+04
2.757060e-02   1.019e+05 0 inti1210   1.019e+05 3 inti1210   3.915e-01 6.265e+00  5.438e+04
3.012932e-02   6.791e+04 0 inti1210   6.807e+04 3 inti1210   2.502e-01 4.004e+00  5.551e+04
3.268123e-02   6.809e+04 0 inti1210   6.822e+04 1 inti1210   2.395e-01 3.831e+00  5.562e+04
3.526118e-02   7.158e+04 0 inti1210   7.171e+04 1 inti1210   2.404e-01 3.846e+00  5.874e+04
3.788958e-02   1.195e+05 2 inti1210   1.196e+05 1 inti1210   3.824e-01 6.118e+00  6.371e+04
4.053816e-02   7.655e+04 0 inti1210   7.668e+04 1 inti1210   2.351e-01 3.761e+00  6.333e+04
4.314025e-02   7.979e+04 0 inti1210   7.984e+04 1 inti1210   2.343e-01 3.749e+00  6.626e+04
4.574573e-02   8.081e+04 0 inti1210   8.087e+04 1 inti1210   2.274e-01 3.638e+00  6.673e+04
4.840511e-02   1.242e+05 0 inti1210   1.243e+05 1 inti1210   3.353e-01 5.364e+00  7.044e+04
5.092118e-02   8.572e+04 0 inti1210   8.580e+04 1 inti1210   2.232e-01 3.572e+00  7.116e+04
5.336086e-02   8.853e+04 0 inti1210   8.859e+04 1 inti1210   2.221e-01 3.554e+00  7.383e+04
5.575584e-02   9.145e+04 0 inti1210   9.159e+04 1 inti1210   2.218e-01 3.549e+00  7.643e+04
5.818323e-02   1.405e+05 2 inti1210   1.406e+05 1 inti1210   3.293e-01 5.269e+00  7.833e+04
6.056629e-02   9.544e+04 2 inti1210   9.552e+04 1 inti1210   2.170e-01 3.472e+00  7.952e+04
6.284832e-02   9.685e+04 2 inti1210   9.696e+04 1 inti1210   2.135e-01 3.415e+00  8.119e+04
6.496198e-02   9.912e+04 2 inti1210   9.922e+04 1 inti1210   2.125e-01 3.401e+00  8.303e+04
6.693629e-02   1.523e+05 2 inti1210   1.524e+05 1 inti1210   3.183e-01 5.093e+00  8.666e+04
6.886102e-02   1.032e+05 0 inti1210   1.033e+05 1 inti1210   2.110e-01 3.375e+00  8.676e+04
7.080028e-02   1.056e+05 0 inti1210   1.057e+05 1 inti1210   2.103e-01 3.366e+00  8.916e+04
7.278985e-02   1.080e+05 0 inti1210   1.081e+05 1 inti1210   2.096e-01 3.353e+00  9.105e+04
7.485292e-02   1.647e+05 2 inti1210   1.648e+05 1 inti1210   3.111e-01 4.978e+00  9.575e+04
7.695678e-02   1.140e+05 2 inti1210   1.141e+05 1 inti1210   2.098e-01 3.356e+00  9.602e+04
7.913747e-02   1.148e+05 0 inti1210   1.149e+05 1 inti1210   2.055e-01 3.288e+00  9.758e+04
8.139318e-02   1.178e+05 2 inti1210   1.179e+05 1 inti1210   2.049e-01 3.278e+00  1.000e+05
8.368029e-02   1.806e+05 2 inti1210   1.807e+05 1 inti1210   3.052e-01 4.884e+00  1.048e+05
8.597880e-02   1.236e+05 2 inti1210   1.237e+05 1 inti1210   2.036e-01 3.258e+00  1.052e+05
8.829393e-02   1.268e+05 0 inti1210   1.269e+05 1 inti1210   2.032e-01 3.251e+00  1.085e+05
9.060115e-02   1.310e+05 2 inti1210   1.311e+05 1 inti1210   2.043e-01 3.268e+00  1.119e+05
9.291002e-02   2.068e+05 0 inti1210   2.070e+05 1 inti1210   3.139e-01 5.022e+00  1.213e+05
9.522832e-02   1.385e+05 2 inti1210   1.386e+05 1 inti1210   2.049e-01 3.278e+00  1.189e+05
9.757852e-02   1.463e+05 2 inti1210   1.464e+05 1 inti1210   2.104e-01 3.366e+00  1.259e+05
9.995067e-02   1.508e+05 0 inti1210   1.510e+05 1 inti1210   2.114e-01 3.383e+00  1.299e+05
1.023215e-01   2.231e+05 0 inti1210   2.232e+05 1 inti1210   3.047e-01 4.875e+00  1.349e+05
1.047151e-01   1.548e+05 0 inti1210   1.549e+05 1 inti1210   2.064e-01 3.303e+00  1.336e+05
1.070781e-01   1.585e+05 0 inti1210   1.585e+05 1 inti1210   2.061e-01 3.297e+00  1.372e+05
1.093693e-01   1.622e+05 0 inti1210   1.624e+05 1 inti1210   2.060e-01 3.297e+00  1.402e+05
1.116255e-01   2.441e+05 0 inti1210   2.442e+05 1 inti1210   3.029e-01 4.846e+00  1.465e+05
1.139008e-01   1.682e+05 0 inti1210   1.683e+05 1 inti1210   2.046e-01 3.273e+00  1.458e+05
1.161514e-01   1.715e+05 2 inti1210   1.716e+05 1 inti1210   2.039e-01 3.262e+00  1.491e+05
1.184321e-01   1.759e+05 0 inti1210   1.760e+05 1 inti1210   2.047e-01 3.275e+00  1.527e+05
1.206680e-01   2.748e+05 2 inti1210   2.749e+05 1 inti1210   3.132e-01 5.011e+00  1.628e+05
1.228334e-01   1.833e+05 0 inti1210   1.834e+05 1 inti1210   2.052e-01 3.283e+00  1.593e+05
1.250372e-01   1.878e+05 2 inti1210   1.879e+05 1 inti1210   2.066e-01 3.306e+00  1.640e+05
1.272372e-01   1.925e+05 0 inti1210   1.926e+05 1 inti1210   2.082e-01 3.331e+00  1.679e+05
1.293758e-01   2.863e+05 0 inti1210   2.864e+05 1 inti1210   3.050e-01 4.881e+00  1.761e+05
1.313720e-01   2.000e+05 0 inti1210   2.002e+05 1 inti1210   2.107e-01 3.372e+00  1.748e+05
1.333957e-01   2.029e+05 0 inti1210   2.030e+05 1 inti1210   2.111e-01 3.377e+00  1.778e+05
1.354990e-01   2.061e+05 2 inti1210   2.062e+05 1 inti1210   2.127e-01 3.404e+00  1.805e+05
1.375920e-01   3.119e+05 0 inti1210   3.120e+05 1 inti1210   3.198e-01 5.117e+00  1.901e+05
1.397298e-01   2.096e+05 2 inti1210   2.097e+05 1 inti1210   2.132e-01 3.412e+00  1.836e+05
1.418781e-01   2.177e+05 2 inti1210   2.178e+05 1 inti1210   2.195e-01 3.512e+00  1.906e+05
1.439959e-01   2.170e+05 2 inti1210   2.171e+05 1 inti1210   2.172e-01 3.475e+00  1.897e+05
1.461029e-01   5.256e+05 2 inti1210   5.262e+05 3 inti1210   5.227e-01 8.363e+00  1.905e+05
1.482400e-01   2.119e+05 2 inti1210   2.120e+05 1 inti1210   2.094e-01 3.350e+00  1.855e+05
1.503960e-01   2.133e+05 2 inti1210   2.134e+05 1 inti1210   2.096e-01 3.353e+00  1.871e+05
1.525777e-01   2.158e+05 2 inti1210   2.159e+05 1 inti1210   2.110e-01 3.376e+00  1.891e+05
1.547256e-01   3.062e+05 2 inti1210   3.063e+05 1 inti1210   2.981e-01 4.770e+00  1.923e+05
1.569205e-01   2.167e+05 2 inti1210   2.168e+05 1 inti1210   2.102e-01 3.363e+00  1.897e+05
1.590323e-01   2.197e+05 2 inti1210   2.198e+05 1 inti1210   2.124e-01 3.399e+00  1.930e+05
1.611284e-01   2.186e+05 2 inti1210   2.187e+05 1 inti1210   2.106e-01 3.370e+00  1.916e+05
1.632498e-01   3.043e+05 2 inti1210   3.045e+05 1 inti1210   2.925e-01 4.681e+00  1.968e+05
1.654589e-01   2.191e+05 2 inti1210   2.192e+05 1 inti1210   2.103e-01 3.365e+00  1.921e+05
1.677651e-01   2.195e+05 2 inti1210   2.197e+05 1 inti1210   2.106e-01 3.369e+00  1.925e+05
1.701062e-01   2.197e+05 2 inti1210   2.198e+05 1 inti1210   2.102e-01 3.364e+00  1.924e+05
1.724583e-01   3.098e+05 2 inti1210   3.100e+05 1 inti1210   2.961e-01 4.737e+00  1.940e+05
1.748262e-01   2.200e+05 2 inti1210   2.202e+05 1 inti1210   2.101e-01 3.361e+00  1.927e+05
1.772234e-01   2.194e+05 2 inti1210   2.196e+05 1 inti1210   2.093e-01 3.348e+00  1.924e+05
1.796528e-01   2.224e+05 2 inti1210   2.225e+05 1 inti1210   2.119e-01 3.390e+00  1.949e+05
1.821011e-01   2.916e+05 2 inti1210   2.917e+05 1 inti1210   2.777e-01 4.443e+00  1.973e+05
1.845351e-01   2.204e+05 0 inti1210   2.205e+05 1 inti1210   2.099e-01 3.358e+00  1.927e+05
1.869551e-01   2.212e+05 2 inti1210   2.213e+05 3 inti1210   2.106e-01 3.369e+00  1.936e+05
1.894064e-01   2.200e+05 2 inti1210   2.201e+05 1 inti1210   2.095e-01 3.351e+00  1.925e+05
1.919371e-01   2.891e+05 2 inti1210   2.892e+05 1 inti1210   2.752e-01 4.403e+00  1.964e+05
1.945231e-01   2.206e+05 2 inti1210   2.208e+05 1 inti1210   2.101e-01 3.362e+00  1.932e+05
1.971007e-01   2.210e+05 2 inti1210   2.212e+05 1 inti1210   2.105e-01 3.368e+00  1.936e+05
1.997161e-01   2.212e+05 2 inti1210   2.213e+05 1 inti1210   2.106e-01 3.370e+00  1.937e+05
