#   1 : Date        
# Date        
0.000000e+00
1.807392e-05
2.571902e-05
3.219329e-05
3.778079e-05
4.286842e-05
4.846480e-05
5.439093e-05
5.971029e-05
6.556158e-05
7.199801e-05
7.907807e-05
8.605545e-05
9.373057e-05
1.021383e-04
1.112377e-04
1.199138e-04
1.282544e-04
1.374290e-04
1.475211e-04
1.577382e-04
1.677783e-04
1.788224e-04
1.902508e-04
2.013940e-04
2.127247e-04
2.251886e-04
2.374954e-04
2.497770e-04
2.621041e-04
2.752722e-04
2.884191e-04
3.017946e-04
3.158872e-04
3.301496e-04
3.444266e-04
3.595261e-04
3.747268e-04
3.901963e-04
4.060404e-04
4.222534e-04
4.388344e-04
4.557869e-04
4.730181e-04
4.906916e-04
5.085018e-04
5.266860e-04
5.451131e-04
5.638614e-04
5.828249e-04
6.021821e-04
6.217258e-04
6.415717e-04
6.617306e-04
6.820800e-04
7.026117e-04
7.233875e-04
7.443709e-04
7.655638e-04
7.870154e-04
8.086579e-04
8.304779e-04
8.524524e-04
8.747491e-04
8.971883e-04
9.198279e-04
9.426449e-04
9.657262e-04
9.889411e-04
1.012454e-03
1.036129e-03
1.059984e-03
1.083984e-03
1.108236e-03
1.132640e-03
1.157249e-03
1.182029e-03
1.207006e-03
1.232106e-03
1.257499e-03
1.283028e-03
1.308753e-03
1.334627e-03
1.360844e-03
1.387185e-03
1.413723e-03
1.440425e-03
1.467342e-03
1.494458e-03
1.521760e-03
1.549209e-03
1.576851e-03
1.604705e-03
1.632801e-03
1.661091e-03
1.689576e-03
1.718214e-03
1.747130e-03
1.776216e-03
1.805495e-03
1.834972e-03
1.864673e-03
1.894545e-03
1.924623e-03
1.954847e-03
1.985391e-03
2.016116e-03
2.047045e-03
2.078129e-03
2.109530e-03
2.141078e-03
2.172834e-03
2.204807e-03
2.237008e-03
2.269421e-03
2.302037e-03
2.334834e-03
2.367889e-03
2.401085e-03
2.434568e-03
2.468166e-03
2.502022e-03
2.536215e-03
2.570407e-03
2.604866e-03
2.639509e-03
2.674266e-03
2.709236e-03
2.744318e-03
2.779540e-03
2.814866e-03
2.850462e-03
2.886088e-03
2.921697e-03
2.957316e-03
2.992962e-03
3.028672e-03
3.064372e-03
3.100059e-03
3.135775e-03
3.171496e-03
3.207293e-03
3.243100e-03
3.278908e-03
3.314730e-03
3.350574e-03
3.386445e-03
3.422375e-03
3.454415e-03
3.484611e-03
3.516320e-03
3.545562e-03
3.577416e-03
3.608732e-03
3.639516e-03
3.670475e-03
3.700789e-03
3.727878e-03
3.754072e-03
3.781280e-03
3.808969e-03
3.836337e-03
3.862071e-03
3.886358e-03
3.913075e-03
3.939576e-03
3.967593e-03
3.997644e-03
4.027732e-03
4.057850e-03
4.088094e-03
4.118148e-03
4.147764e-03
4.177154e-03
4.206420e-03
4.235712e-03
4.265088e-03
4.294474e-03
4.323988e-03
4.353477e-03
4.382778e-03
4.411806e-03
4.440865e-03
4.469924e-03
4.499026e-03
4.528154e-03
4.557489e-03
4.586789e-03
4.615969e-03
4.644780e-03
4.673435e-03
4.701686e-03
4.729818e-03
4.757722e-03
4.785503e-03
4.813300e-03
4.840956e-03
4.868918e-03
4.896703e-03
4.924762e-03
4.952920e-03
4.981295e-03
5.009480e-03
5.037566e-03
5.065531e-03
5.093327e-03
5.121048e-03
5.148734e-03
5.176273e-03
5.203771e-03
5.231251e-03
5.258667e-03
5.286001e-03
5.313305e-03
5.340563e-03
5.367796e-03
5.394945e-03
5.422069e-03
5.449176e-03
5.476252e-03
5.503275e-03
5.530291e-03
5.557297e-03
5.584284e-03
5.611222e-03
5.638145e-03
5.665052e-03
5.691932e-03
5.718775e-03
5.745612e-03
5.772439e-03
5.799258e-03
5.826045e-03
5.852832e-03
5.879580e-03
5.906313e-03
5.933031e-03
5.959744e-03
5.986434e-03
6.013108e-03
6.039753e-03
6.066391e-03
6.092992e-03
6.119572e-03
6.146114e-03
6.172636e-03
6.199124e-03
6.225543e-03
6.251925e-03
6.278269e-03
6.304574e-03
6.330874e-03
6.357119e-03
6.383293e-03
6.409431e-03
6.435501e-03
6.461543e-03
6.487532e-03
6.513498e-03
6.539433e-03
6.565349e-03
6.591270e-03
6.617165e-03
6.643034e-03
6.668857e-03
6.694677e-03
6.720463e-03
6.746239e-03
6.772024e-03
6.797792e-03
6.823569e-03
6.849360e-03
6.875154e-03
6.900981e-03
6.926820e-03
6.952687e-03
6.978595e-03
7.004525e-03
7.030482e-03
7.056481e-03
7.082484e-03
7.108524e-03
7.134595e-03
7.160698e-03
7.186851e-03
7.213035e-03
7.239266e-03
7.265548e-03
7.291876e-03
7.318270e-03
7.344709e-03
7.371219e-03
7.397780e-03
7.424411e-03
7.451104e-03
7.477854e-03
7.504664e-03
7.531541e-03
7.558476e-03
7.585364e-03
7.612146e-03
7.638893e-03
7.665602e-03
7.692289e-03
7.718986e-03
7.745752e-03
7.772589e-03
7.799503e-03
7.826489e-03
7.853590e-03
7.880798e-03
7.908142e-03
7.935593e-03
7.963169e-03
7.990865e-03
8.018694e-03
8.046651e-03
8.074744e-03
8.102965e-03
8.131322e-03
8.159811e-03
8.188439e-03
8.217205e-03
8.246112e-03
8.275143e-03
8.304156e-03
8.333041e-03
8.361777e-03
8.390372e-03
8.418831e-03
8.447136e-03
8.475303e-03
8.503318e-03
8.531184e-03
8.558905e-03
8.586473e-03
8.613886e-03
8.641100e-03
8.668126e-03
8.694970e-03
8.721647e-03
8.748159e-03
8.774529e-03
8.800751e-03
8.826852e-03
8.852833e-03
8.878713e-03
8.904506e-03
8.930220e-03
8.955867e-03
8.981453e-03
9.006993e-03
9.032504e-03
9.057997e-03
9.083481e-03
9.108970e-03
9.134482e-03
9.160014e-03
9.185574e-03
9.211182e-03
9.236831e-03
9.262530e-03
9.288289e-03
9.314126e-03
9.340025e-03
9.366002e-03
9.392063e-03
9.418224e-03
9.444490e-03
9.470856e-03
9.497299e-03
9.523757e-03
9.550238e-03
9.576747e-03
9.603291e-03
9.629876e-03
9.656508e-03
9.683190e-03
9.709929e-03
9.736708e-03
9.763530e-03
9.790394e-03
9.817308e-03
9.844273e-03
9.871295e-03
9.898375e-03
9.925518e-03
9.952724e-03
9.980001e-03
1.000735e-02
1.003475e-02
1.006221e-02
1.008973e-02
1.011730e-02
1.014495e-02
1.017266e-02
1.020045e-02
1.022830e-02
1.025624e-02
1.028425e-02
1.031235e-02
1.034052e-02
1.036876e-02
1.039706e-02
1.042545e-02
1.045391e-02
1.048246e-02
1.051103e-02
1.053959e-02
1.056818e-02
1.059678e-02
1.062539e-02
1.065402e-02
1.068268e-02
1.071136e-02
1.074007e-02
1.076882e-02
1.079760e-02
1.082641e-02
1.085528e-02
1.088422e-02
1.091319e-02
1.094222e-02
1.097133e-02
1.100052e-02
1.102978e-02
1.105912e-02
1.108857e-02
1.111813e-02
1.114778e-02
1.117754e-02
1.120743e-02
1.123747e-02
1.126763e-02
1.129792e-02
1.132837e-02
1.135899e-02
1.138979e-02
1.142073e-02
1.145186e-02
1.148317e-02
1.151471e-02
1.154645e-02
1.157837e-02
1.161050e-02
1.164285e-02
1.167544e-02
1.170830e-02
1.174137e-02
1.177466e-02
1.180818e-02
1.184197e-02
1.187602e-02
1.191036e-02
1.194496e-02
1.197980e-02
1.201489e-02
1.205024e-02
1.208588e-02
1.212182e-02
1.215805e-02
1.219455e-02
1.223131e-02
1.226833e-02
1.230563e-02
1.234321e-02
1.238109e-02
1.241926e-02
1.245773e-02
1.249644e-02
1.253540e-02
1.257462e-02
1.261410e-02
1.265385e-02
1.269385e-02
1.273412e-02
1.277466e-02
1.281542e-02
1.285638e-02
1.289755e-02
1.293891e-02
1.298046e-02
1.302215e-02
1.306380e-02
1.310540e-02
1.314695e-02
1.318843e-02
1.322983e-02
1.327115e-02
1.331239e-02
1.335355e-02
1.339461e-02
1.343559e-02
1.347647e-02
1.351727e-02
1.355798e-02
1.359860e-02
1.363912e-02
1.367955e-02
1.371992e-02
1.376021e-02
1.380044e-02
1.384060e-02
1.388071e-02
1.392077e-02
1.396076e-02
1.400069e-02
1.404058e-02
1.408043e-02
1.412025e-02
1.416004e-02
1.419980e-02
1.423954e-02
1.427925e-02
1.431893e-02
1.435858e-02
1.439820e-02
1.443779e-02
1.447737e-02
1.451693e-02
1.455647e-02
1.459601e-02
1.463553e-02
1.467504e-02
1.471454e-02
1.475403e-02
1.479350e-02
1.483294e-02
1.487237e-02
1.491177e-02
1.495116e-02
1.499052e-02
1.502987e-02
1.506921e-02
1.510853e-02
1.514784e-02
1.518715e-02
1.522645e-02
1.526573e-02
1.530501e-02
1.534428e-02
1.538355e-02
1.542282e-02
1.546208e-02
1.550135e-02
1.554063e-02
1.557991e-02
1.561921e-02
1.565851e-02
1.569782e-02
1.573715e-02
1.577648e-02
1.581583e-02
1.585520e-02
1.589458e-02
1.593398e-02
1.597340e-02
1.601284e-02
1.605230e-02
1.609177e-02
1.613127e-02
1.617078e-02
1.621031e-02
1.624987e-02
1.628945e-02
1.632905e-02
1.636868e-02
1.640834e-02
1.644803e-02
1.648775e-02
1.652749e-02
1.656727e-02
1.660708e-02
1.664692e-02
1.668679e-02
1.672671e-02
1.676666e-02
1.680665e-02
1.684668e-02
1.688676e-02
1.692688e-02
1.696705e-02
1.700726e-02
1.704751e-02
1.708781e-02
1.712817e-02
1.716857e-02
1.720903e-02
1.724955e-02
1.729011e-02
1.733073e-02
1.737141e-02
1.741214e-02
1.745293e-02
1.749378e-02
1.753469e-02
1.757567e-02
1.761670e-02
1.765780e-02
1.769896e-02
1.774019e-02
1.778148e-02
1.782283e-02
1.786426e-02
1.790575e-02
1.794730e-02
1.798892e-02
1.803061e-02
1.807237e-02
1.811420e-02
1.815610e-02
1.819806e-02
1.824009e-02
1.828219e-02
1.832436e-02
1.836661e-02
1.840892e-02
1.845131e-02
1.849378e-02
1.853632e-02
1.857894e-02
1.862163e-02
1.866438e-02
1.870721e-02
1.875011e-02
1.879308e-02
1.883612e-02
1.887924e-02
1.892242e-02
1.896568e-02
1.900901e-02
1.905241e-02
1.909588e-02
1.913941e-02
1.918301e-02
1.922667e-02
1.927040e-02
1.931418e-02
1.935803e-02
1.940193e-02
1.944589e-02
1.948990e-02
1.953398e-02
1.957810e-02
1.962229e-02
1.966652e-02
1.971080e-02
1.975514e-02
1.979953e-02
1.984396e-02
1.988845e-02
1.993297e-02
1.997754e-02
2.002214e-02
2.006679e-02
2.011148e-02
2.015622e-02
2.020099e-02
2.024580e-02
2.029065e-02
2.033555e-02
2.038048e-02
2.042546e-02
2.047047e-02
2.051553e-02
2.056062e-02
2.060576e-02
2.065093e-02
2.069614e-02
2.074138e-02
2.078666e-02
2.083198e-02
2.087735e-02
2.092274e-02
2.096818e-02
2.101366e-02
2.105919e-02
2.110475e-02
2.115036e-02
2.119602e-02
2.124172e-02
2.128745e-02
2.133323e-02
2.137905e-02
2.142491e-02
2.147082e-02
2.151677e-02
2.156277e-02
2.160881e-02
2.165491e-02
2.170105e-02
2.174725e-02
2.179350e-02
2.183980e-02
2.188615e-02
2.193254e-02
2.197899e-02
2.202548e-02
2.207203e-02
2.211863e-02
2.216528e-02
2.221199e-02
2.225876e-02
2.230558e-02
2.235246e-02
2.239940e-02
2.244640e-02
2.249346e-02
2.254058e-02
2.258775e-02
2.263498e-02
2.268227e-02
2.272961e-02
2.277702e-02
2.282449e-02
2.287202e-02
2.291961e-02
2.296726e-02
2.301498e-02
2.306276e-02
2.311061e-02
2.315851e-02
2.320649e-02
2.325453e-02
2.330263e-02
2.335079e-02
2.339900e-02
2.344728e-02
2.349562e-02
2.354401e-02
2.359247e-02
2.364098e-02
2.368955e-02
2.373819e-02
2.378688e-02
2.383562e-02
2.388443e-02
2.393329e-02
2.398221e-02
2.403117e-02
2.408009e-02
2.412826e-02
2.417634e-02
2.422415e-02
2.427223e-02
2.432007e-02
2.436837e-02
2.441657e-02
2.446374e-02
2.451013e-02
2.455594e-02
2.460134e-02
2.464657e-02
2.469162e-02
2.473677e-02
2.478200e-02
2.482748e-02
2.487338e-02
2.491944e-02
2.496570e-02
2.501217e-02
2.505878e-02
2.510536e-02
2.515191e-02
2.519844e-02
2.524489e-02
2.529132e-02
2.533789e-02
2.538439e-02
2.543101e-02
2.547765e-02
2.552430e-02
2.557103e-02
2.561777e-02
2.566443e-02
2.571097e-02
2.575752e-02
2.580402e-02
2.585033e-02
2.589659e-02
2.594267e-02
2.598846e-02
2.603390e-02
2.607945e-02
2.612503e-02
2.617061e-02
2.621627e-02
2.626194e-02
2.630770e-02
2.635376e-02
2.640016e-02
2.644689e-02
2.649360e-02
2.654071e-02
2.658811e-02
2.663574e-02
2.668347e-02
2.673112e-02
2.677875e-02
2.682635e-02
2.687379e-02
2.692119e-02
2.696829e-02
2.701528e-02
2.706213e-02
2.710876e-02
2.715519e-02
2.720151e-02
2.724761e-02
2.729379e-02
2.733976e-02
2.738566e-02
2.743145e-02
2.747715e-02
2.752287e-02
2.756866e-02
2.761443e-02
2.766024e-02
2.769294e-02
2.772582e-02
2.775865e-02
2.779172e-02
2.782472e-02
2.785798e-02
2.789117e-02
2.792462e-02
2.795824e-02
2.799213e-02
2.802660e-02
2.806129e-02
2.809690e-02
2.813259e-02
2.816930e-02
2.820592e-02
2.824343e-02
2.827717e-02
2.831428e-02
2.834816e-02
2.838543e-02
2.841946e-02
2.845689e-02
2.849107e-02
2.852867e-02
2.856301e-02
2.860078e-02
2.863528e-02
2.867323e-02
2.870789e-02
2.874242e-02
2.877738e-02
2.881274e-02
2.884848e-02
2.888501e-02
2.892176e-02
2.896219e-02
2.900000e-02
2.904160e-02
2.908569e-02
2.912906e-02
2.917179e-02
2.921397e-02
2.925563e-02
2.929690e-02
2.933773e-02
2.937824e-02
2.941845e-02
2.945839e-02
2.949813e-02
2.953406e-02
2.957034e-02
2.960959e-02
2.964873e-02
2.968773e-02
2.972664e-02
2.976551e-02
2.980428e-02
2.984299e-02
2.988166e-02
2.992031e-02
2.995891e-02
2.999747e-02
3.003601e-02
3.007455e-02
3.011307e-02
3.015157e-02
3.019005e-02
3.022852e-02
3.026699e-02
3.030548e-02
3.034395e-02
3.038241e-02
3.042087e-02
3.045933e-02
3.049780e-02
3.053628e-02
3.057474e-02
3.061322e-02
3.065169e-02
3.068902e-02
3.072676e-02
3.076433e-02
3.080236e-02
3.084021e-02
3.087857e-02
3.091677e-02
3.095538e-02
3.099403e-02
3.103271e-02
3.107143e-02
3.111017e-02
3.114896e-02
3.118780e-02
3.122669e-02
3.126428e-02
3.130150e-02
3.133929e-02
3.137663e-02
3.141465e-02
3.145215e-02
3.149041e-02
3.152811e-02
3.156663e-02
3.160453e-02
3.164334e-02
3.168149e-02
3.172060e-02
3.175902e-02
3.179845e-02
3.183717e-02
3.187693e-02
3.191596e-02
3.195589e-02
3.199523e-02
3.203527e-02
3.207491e-02
3.211506e-02
3.215498e-02
3.219523e-02
3.223545e-02
3.227581e-02
3.231623e-02
3.235670e-02
3.239722e-02
3.243779e-02
3.247841e-02
3.251907e-02
3.255626e-02
3.259358e-02
3.263127e-02
3.266929e-02
3.270779e-02
3.274691e-02
3.278673e-02
3.282744e-02
3.286846e-02
3.290950e-02
3.295058e-02
3.299168e-02
3.303282e-02
3.307398e-02
3.311517e-02
3.315637e-02
3.319759e-02
3.323881e-02
3.328005e-02
3.332130e-02
3.336256e-02
3.340382e-02
3.344510e-02
3.348638e-02
3.352766e-02
3.356893e-02
3.361019e-02
3.365144e-02
3.369269e-02
3.373393e-02
3.377517e-02
3.381640e-02
3.385763e-02
3.389883e-02
3.394004e-02
3.398125e-02
3.402246e-02
3.406367e-02
3.410480e-02
3.414605e-02
3.418731e-02
3.422858e-02
3.426987e-02
3.431117e-02
3.435251e-02
3.439387e-02
3.443527e-02
3.447670e-02
3.451740e-02
3.455852e-02
3.459995e-02
3.464153e-02
3.468317e-02
3.472485e-02
3.476659e-02
3.480840e-02
3.485027e-02
3.489220e-02
3.493419e-02
3.497624e-02
3.501655e-02
3.505727e-02
3.509833e-02
3.513994e-02
3.518201e-02
3.522449e-02
3.526704e-02
3.530966e-02
3.535236e-02
3.539513e-02
3.543520e-02
3.547516e-02
3.551513e-02
3.555549e-02
3.559615e-02
3.563733e-02
3.567894e-02
3.572101e-02
3.576362e-02
3.580679e-02
3.585024e-02
3.589374e-02
3.593354e-02
3.597316e-02
3.601273e-02
3.605264e-02
3.609283e-02
3.613352e-02
3.617464e-02
3.621621e-02
3.625833e-02
3.630099e-02
3.634018e-02
3.638330e-02
3.642270e-02
3.646192e-02
3.650115e-02
3.654076e-02
3.658074e-02
3.662128e-02
3.666237e-02
3.670398e-02
3.674629e-02
3.678922e-02
3.682831e-02
3.686763e-02
3.690703e-02
3.694629e-02
3.698561e-02
3.702535e-02
3.706549e-02
3.710623e-02
3.714747e-02
3.718930e-02
3.723164e-02
3.727452e-02
3.731371e-02
3.735309e-02
3.739250e-02
3.743210e-02
3.747171e-02
3.751152e-02
3.755135e-02
3.759101e-02
3.763073e-02
3.767091e-02
3.771155e-02
3.775277e-02
3.779459e-02
3.783692e-02
3.787578e-02
3.791481e-02
3.795389e-02
3.799273e-02
3.803151e-02
3.807062e-02
3.811001e-02
3.814986e-02
3.819007e-02
3.823073e-02
3.827176e-02
3.831309e-02
3.835486e-02
3.839705e-02
3.843596e-02
3.847502e-02
3.851410e-02
3.855292e-02
3.859165e-02
3.863071e-02
3.867003e-02
3.870982e-02
3.874997e-02
3.879056e-02
3.883153e-02
3.887280e-02
3.891452e-02
3.895666e-02
3.899561e-02
3.903471e-02
3.907383e-02
3.911270e-02
3.915147e-02
3.919057e-02
3.922993e-02
3.926974e-02
3.930991e-02
3.935051e-02
3.939147e-02
3.943272e-02
3.947439e-02
3.951646e-02
3.955545e-02
3.959459e-02
3.963373e-02
3.967260e-02
3.971137e-02
3.975045e-02
3.978977e-02
3.982953e-02
3.986963e-02
3.991015e-02
3.995102e-02
3.999215e-02
4.003369e-02
4.007562e-02
4.011457e-02
4.015365e-02
4.019273e-02
4.023153e-02
4.027023e-02
4.030922e-02
4.034846e-02
4.038812e-02
4.042812e-02
4.046844e-02
4.050911e-02
4.055018e-02
4.059172e-02
4.063362e-02
4.067248e-02
4.071148e-02
4.075047e-02
4.078916e-02
4.082775e-02
4.086663e-02
4.090579e-02
4.094538e-02
4.098534e-02
4.102564e-02
4.106633e-02
4.110739e-02
4.114891e-02
4.119072e-02
4.122908e-02
4.126619e-02
4.130202e-02
4.133638e-02
4.136974e-02
4.140644e-02
4.144364e-02
4.147976e-02
4.151487e-02
4.154927e-02
4.158281e-02
4.161590e-02
4.164847e-02
4.168086e-02
4.171296e-02
4.174508e-02
4.177716e-02
4.180931e-02
4.184143e-02
4.187367e-02
4.190592e-02
4.193830e-02
4.197072e-02
4.200328e-02
4.203589e-02
4.206863e-02
4.210143e-02
4.213435e-02
4.216732e-02
4.220359e-02
4.224349e-02
4.228436e-02
4.232427e-02
4.236512e-02
4.240508e-02
4.244588e-02
4.248585e-02
4.252653e-02
4.256648e-02
4.260699e-02
4.264691e-02
4.268721e-02
4.272710e-02
4.276719e-02
4.280706e-02
4.284694e-02
4.288660e-02
4.292592e-02
4.296470e-02
4.300413e-02
4.304382e-02
4.308350e-02
4.312297e-02
4.316210e-02
4.320073e-02
4.324035e-02
4.328053e-02
4.332089e-02
4.336117e-02
4.340116e-02
4.344068e-02
4.348128e-02
4.352253e-02
4.356396e-02
4.360532e-02
4.364640e-02
4.368700e-02
4.372875e-02
4.376453e-02
4.380388e-02
4.384641e-02
4.388872e-02
4.393060e-02
4.397325e-02
4.400934e-02
4.404904e-02
4.408519e-02
4.412496e-02
4.416113e-02
4.420091e-02
4.424257e-02
4.428595e-02
4.432234e-02
4.436237e-02
4.439880e-02
4.443887e-02
4.447530e-02
4.451538e-02
4.455821e-02
4.459474e-02
4.463136e-02
4.467164e-02
4.470828e-02
4.474491e-02
4.478153e-02
4.482182e-02
4.485841e-02
4.489510e-02
4.493189e-02
4.496869e-02
4.500550e-02
4.504228e-02
4.507906e-02
4.511582e-02
4.515257e-02
4.518941e-02
4.522632e-02
4.526325e-02
4.530018e-02
4.533711e-02
4.537403e-02
4.541095e-02
4.544788e-02
4.548490e-02
4.552196e-02
4.555908e-02
4.559621e-02
4.563336e-02
4.567052e-02
4.570770e-02
4.574490e-02
4.578218e-02
4.581945e-02
4.585677e-02
4.589412e-02
4.593153e-02
4.596897e-02
4.600646e-02
4.604397e-02
4.608149e-02
4.611897e-02
4.615652e-02
4.619410e-02
4.623175e-02
4.626942e-02
4.630714e-02
4.634487e-02
4.638261e-02
4.642036e-02
4.645805e-02
4.649570e-02
4.653341e-02
4.657116e-02
4.660897e-02
4.664682e-02
4.668471e-02
4.672263e-02
4.676056e-02
4.679850e-02
4.683650e-02
4.687455e-02
4.691265e-02
4.695080e-02
4.698901e-02
4.702728e-02
4.706562e-02
4.710403e-02
4.714252e-02
4.718109e-02
4.721975e-02
4.725851e-02
4.729841e-02
4.733925e-02
4.738105e-02
4.742352e-02
4.746652e-02
4.750358e-02
4.754056e-02
4.757746e-02
4.761451e-02
4.765163e-02
4.768892e-02
4.772629e-02
4.776377e-02
4.780131e-02
4.783875e-02
4.787612e-02
4.791360e-02
4.795113e-02
4.798878e-02
4.802648e-02
4.806417e-02
4.810184e-02
4.813962e-02
4.817745e-02
4.821537e-02
4.825334e-02
4.829130e-02
4.832926e-02
4.836729e-02
4.840539e-02
4.844351e-02
4.848165e-02
4.852028e-02
4.855928e-02
4.859860e-02
4.863811e-02
4.867775e-02
4.871743e-02
4.875706e-02
4.879659e-02
4.883657e-02
4.887715e-02
4.891820e-02
4.895949e-02
4.900087e-02
4.904209e-02
4.908393e-02
4.912111e-02
4.915843e-02
4.919580e-02
4.923339e-02
4.927105e-02
4.931248e-02
4.935016e-02
4.938789e-02
4.942543e-02
4.946308e-02
4.950076e-02
4.953856e-02
4.957639e-02
4.961425e-02
4.965210e-02
4.968995e-02
4.972779e-02
4.976572e-02
4.980350e-02
4.984140e-02
4.987934e-02
4.991738e-02
4.995545e-02
4.999356e-02
5.003166e-02
5.006977e-02
5.010788e-02
5.014607e-02
5.018417e-02
5.022237e-02
5.026060e-02
5.029890e-02
5.033723e-02
5.037554e-02
5.041386e-02
5.045218e-02
5.049051e-02
5.052890e-02
5.056720e-02
5.060560e-02
5.064403e-02
5.068252e-02
5.072105e-02
5.075961e-02
5.079816e-02
5.083673e-02
5.087530e-02
5.091393e-02
5.095256e-02
5.099123e-02
5.102991e-02
5.106863e-02
5.110736e-02
5.114610e-02
5.118486e-02
5.122364e-02
5.126244e-02
5.130127e-02
5.134009e-02
5.137896e-02
5.141784e-02
5.145677e-02
5.149571e-02
5.153469e-02
5.157369e-02
5.161271e-02
5.165174e-02
5.169078e-02
5.172981e-02
5.176882e-02
5.180781e-02
5.184684e-02
5.188589e-02
5.192498e-02
5.196408e-02
5.200322e-02
5.204237e-02
5.208155e-02
5.212075e-02
5.215997e-02
5.219920e-02
5.223847e-02
5.227778e-02
5.231713e-02
5.235652e-02
5.239595e-02
5.243542e-02
5.247494e-02
5.251451e-02
5.255454e-02
5.259502e-02
5.263599e-02
5.267722e-02
5.271868e-02
5.276024e-02
5.280249e-02
5.284546e-02
5.288927e-02
5.293359e-02
5.297830e-02
5.302312e-02
5.306888e-02
5.310740e-02
5.314604e-02
5.318475e-02
5.322358e-02
5.326248e-02
5.330125e-02
5.333994e-02
5.337870e-02
5.341750e-02
5.345641e-02
5.349537e-02
5.353428e-02
5.357316e-02
5.361211e-02
5.365112e-02
5.369013e-02
5.372913e-02
5.376822e-02
5.380735e-02
5.384648e-02
5.388562e-02
5.392482e-02
5.396406e-02
5.400330e-02
5.404256e-02
5.408184e-02
5.412117e-02
5.416053e-02
5.419992e-02
5.423978e-02
5.428001e-02
5.432055e-02
5.436125e-02
5.440208e-02
5.444294e-02
5.448379e-02
5.452461e-02
5.456637e-02
5.460889e-02
5.465196e-02
5.469530e-02
5.473869e-02
5.477750e-02
5.481599e-02
5.485428e-02
5.489268e-02
5.493113e-02
5.496975e-02
5.500846e-02
5.504729e-02
5.508618e-02
5.512513e-02
5.516412e-02
5.520283e-02
5.524136e-02
5.528000e-02
5.531867e-02
5.535748e-02
5.539635e-02
5.543529e-02
5.547426e-02
5.551314e-02
5.555196e-02
5.559087e-02
5.562982e-02
5.566885e-02
5.570791e-02
5.574695e-02
5.578600e-02
5.582563e-02
5.586573e-02
5.590618e-02
5.594683e-02
5.598761e-02
5.602843e-02
5.606989e-02
5.611209e-02
5.615511e-02
5.619862e-02
5.624250e-02
5.628077e-02
5.631893e-02
5.635702e-02
5.639522e-02
5.643348e-02
5.647187e-02
5.651034e-02
5.654889e-02
5.658749e-02
5.662594e-02
5.666428e-02
5.670271e-02
5.674118e-02
5.677976e-02
5.681840e-02
5.685697e-02
5.689550e-02
5.693412e-02
5.697279e-02
5.701143e-02
5.705006e-02
5.708878e-02
5.712756e-02
5.716636e-02
5.720519e-02
5.724406e-02
5.728297e-02
5.732193e-02
5.736094e-02
5.739998e-02
5.743906e-02
5.747870e-02
5.751880e-02
5.755925e-02
5.759990e-02
5.764069e-02
5.768152e-02
5.772295e-02
5.776505e-02
5.780785e-02
5.785100e-02
5.789429e-02
5.793279e-02
5.797106e-02
5.800920e-02
5.804746e-02
5.808579e-02
5.812428e-02
5.816287e-02
5.820159e-02
5.824037e-02
5.827890e-02
5.831729e-02
5.835577e-02
5.839432e-02
5.843301e-02
5.847179e-02
5.851066e-02
5.854958e-02
5.858837e-02
5.862711e-02
5.866593e-02
5.870482e-02
5.874379e-02
5.878282e-02
5.882178e-02
5.886073e-02
5.889975e-02
5.893884e-02
5.897793e-02
5.901705e-02
5.905619e-02
5.909537e-02
5.913461e-02
5.917388e-02
5.921377e-02
5.925414e-02
5.929488e-02
5.933583e-02
5.937691e-02
5.941803e-02
5.945979e-02
5.950227e-02
5.954551e-02
5.958923e-02
5.963324e-02
5.967181e-02
5.971023e-02
5.974857e-02
5.978702e-02
5.982553e-02
5.986419e-02
5.990292e-02
5.994175e-02
5.998062e-02
6.001933e-02
6.005792e-02
6.009661e-02
6.013535e-02
6.017420e-02
6.021311e-02
6.025208e-02
6.029109e-02
6.032996e-02
6.036877e-02
6.040766e-02
6.044661e-02
6.048559e-02
6.052460e-02
6.056371e-02
6.060289e-02
6.064209e-02
6.068133e-02
6.072062e-02
6.075997e-02
6.079996e-02
6.084049e-02
6.088146e-02
6.092269e-02
6.096409e-02
6.100557e-02
6.104778e-02
6.108580e-02
6.112392e-02
6.116210e-02
6.120045e-02
6.123894e-02
6.127761e-02
6.131644e-02
6.135504e-02
6.139351e-02
6.143211e-02
6.147078e-02
6.150963e-02
6.154857e-02
6.158763e-02
6.162676e-02
6.166578e-02
6.170474e-02
6.174381e-02
6.178294e-02
6.182218e-02
6.186150e-02
6.190077e-02
6.194005e-02
6.197941e-02
6.201886e-02
6.205833e-02
6.209786e-02
6.213746e-02
6.217713e-02
6.221752e-02
6.225853e-02
6.230006e-02
6.234189e-02
6.238391e-02
6.242268e-02
6.246109e-02
6.249928e-02
6.253758e-02
6.257594e-02
6.261451e-02
6.265320e-02
6.269209e-02
6.273109e-02
6.277025e-02
6.280951e-02
6.284846e-02
6.288722e-02
6.292612e-02
6.296510e-02
6.300426e-02
6.304353e-02
6.308291e-02
6.312237e-02
6.316173e-02
6.320105e-02
6.324048e-02
6.328001e-02
6.331954e-02
6.335911e-02
6.339879e-02
6.343858e-02
6.347840e-02
6.351830e-02
6.355894e-02
6.360024e-02
6.364207e-02
6.368424e-02
6.372658e-02
6.376548e-02
6.380412e-02
6.384258e-02
6.388118e-02
6.391984e-02
6.395871e-02
6.399768e-02
6.403683e-02
6.407607e-02
6.411544e-02
6.415487e-02
6.419397e-02
6.423288e-02
6.427192e-02
6.431103e-02
6.435033e-02
6.438973e-02
6.442926e-02
6.446885e-02
6.450836e-02
6.454784e-02
6.458743e-02
6.462712e-02
6.466685e-02
6.470664e-02
6.474654e-02
6.478654e-02
6.482725e-02
6.486858e-02
6.491046e-02
6.495268e-02
6.499508e-02
6.503405e-02
6.507266e-02
6.511104e-02
6.514954e-02
6.518811e-02
6.522690e-02
6.526581e-02
6.530493e-02
6.534417e-02
6.538356e-02
6.542306e-02
6.546225e-02
6.550125e-02
6.554040e-02
6.557962e-02
6.561903e-02
6.565854e-02
6.569816e-02
6.573786e-02
6.577746e-02
6.581702e-02
6.585669e-02
6.589644e-02
6.593630e-02
6.597624e-02
6.601614e-02
6.605608e-02
6.609607e-02
6.613614e-02
6.617699e-02
6.621848e-02
6.626049e-02
6.630280e-02
6.634528e-02
6.638442e-02
6.642319e-02
6.646173e-02
6.650039e-02
6.653910e-02
6.657802e-02
6.661705e-02
6.665629e-02
6.669566e-02
6.673517e-02
6.677477e-02
6.681402e-02
6.685305e-02
6.689221e-02
6.693143e-02
6.697083e-02
6.701032e-02
6.704994e-02
6.708961e-02
6.712933e-02
6.716908e-02
6.720862e-02
6.724806e-02
6.728761e-02
6.732725e-02
6.736702e-02
6.740687e-02
6.744671e-02
6.748657e-02
6.752653e-02
6.756656e-02
6.760663e-02
6.764673e-02
6.768758e-02
6.772902e-02
6.777094e-02
6.781316e-02
6.785556e-02
6.789806e-02
6.794140e-02
6.797994e-02
6.801861e-02
6.805736e-02
6.809633e-02
6.813542e-02
6.817471e-02
6.821414e-02
6.825371e-02
6.829335e-02
6.833265e-02
6.837175e-02
6.841100e-02
6.845032e-02
6.848984e-02
6.852946e-02
6.856920e-02
6.860901e-02
6.864874e-02
6.868843e-02
6.872822e-02
6.876809e-02
6.880797e-02
6.884787e-02
6.888786e-02
6.892793e-02
6.896868e-02
6.901000e-02
6.905174e-02
6.909372e-02
6.913579e-02
6.917786e-02
6.922079e-02
6.926458e-02
6.930917e-02
6.934811e-02
6.938721e-02
6.942644e-02
6.946553e-02
6.950454e-02
6.954366e-02
6.958283e-02
6.962213e-02
6.966149e-02
6.970095e-02
6.974043e-02
6.977969e-02
6.981877e-02
6.985794e-02
6.989713e-02
6.993645e-02
6.997582e-02
7.001526e-02
7.005471e-02
7.009390e-02
7.013295e-02
7.017207e-02
7.021123e-02
7.025050e-02
7.028983e-02
7.032921e-02
7.036863e-02
7.040789e-02
7.044706e-02
7.048630e-02
7.052558e-02
7.056493e-02
7.060432e-02
7.064356e-02
7.068273e-02
7.072197e-02
7.076125e-02
7.080059e-02
7.083998e-02
7.087930e-02
7.091860e-02
7.095795e-02
7.099735e-02
7.103673e-02
7.107612e-02
7.111555e-02
7.115503e-02
7.119448e-02
7.123395e-02
7.127343e-02
7.131291e-02
7.135290e-02
7.139327e-02
7.143394e-02
7.147479e-02
7.151576e-02
7.155678e-02
7.159833e-02
7.164043e-02
7.168302e-02
7.172586e-02
7.176878e-02
7.180776e-02
7.184642e-02
7.188491e-02
7.192353e-02
7.196221e-02
7.200109e-02
7.204006e-02
7.207920e-02
7.211840e-02
7.215773e-02
7.219713e-02
7.223621e-02
7.227510e-02
7.231412e-02
7.235322e-02
7.239249e-02
7.243185e-02
7.247134e-02
7.251089e-02
7.255036e-02
7.258980e-02
7.262936e-02
7.266901e-02
7.270875e-02
7.274858e-02
7.278841e-02
7.282827e-02
7.286865e-02
7.290961e-02
7.295113e-02
7.299299e-02
7.303515e-02
7.307746e-02
7.312055e-02
7.315895e-02
7.319749e-02
7.323611e-02
7.327494e-02
7.331391e-02
7.335308e-02
7.339240e-02
7.343146e-02
7.347036e-02
7.350940e-02
7.354852e-02
7.358785e-02
7.362730e-02
7.366689e-02
7.370658e-02
7.374619e-02
7.378577e-02
7.382547e-02
7.386526e-02
7.390518e-02
7.394518e-02
7.398515e-02
7.402515e-02
7.406522e-02
7.410539e-02
7.414564e-02
7.418600e-02
7.422710e-02
7.426885e-02
7.431115e-02
7.435379e-02
7.439664e-02
7.443600e-02
7.447500e-02
7.451380e-02
7.455273e-02
7.459172e-02
7.463095e-02
7.467031e-02
7.470987e-02
7.474958e-02
7.478945e-02
7.482942e-02
7.486910e-02
7.490860e-02
7.494826e-02
7.498800e-02
7.502794e-02
7.506799e-02
7.510817e-02
7.514843e-02
7.518861e-02
7.522877e-02
7.526905e-02
7.530942e-02
7.534982e-02
7.539028e-02
7.543085e-02
7.547153e-02
7.551291e-02
7.555491e-02
7.559744e-02
7.564028e-02
7.568334e-02
7.572304e-02
7.576238e-02
7.580150e-02
7.584074e-02
7.588004e-02
7.591957e-02
7.595922e-02
7.599909e-02
7.603910e-02
7.607926e-02
7.611952e-02
7.615944e-02
7.619916e-02
7.623902e-02
7.627895e-02
7.631909e-02
7.635932e-02
7.639969e-02
7.644012e-02
7.648039e-02
7.652061e-02
7.656093e-02
7.660135e-02
7.664189e-02
7.668254e-02
7.672318e-02
7.676386e-02
7.680462e-02
7.684548e-02
7.688714e-02
7.692950e-02
7.697243e-02
7.701571e-02
7.705916e-02
7.709908e-02
7.713860e-02
7.717788e-02
7.721729e-02
7.725675e-02
7.729645e-02
7.733628e-02
7.737630e-02
7.741643e-02
7.745671e-02
7.749707e-02
7.753716e-02
7.757707e-02
7.761712e-02
7.765723e-02
7.769751e-02
7.773788e-02
7.777835e-02
7.781887e-02
7.785929e-02
7.789968e-02
7.794018e-02
7.798075e-02
7.802137e-02
7.806204e-02
7.810281e-02
7.814367e-02
7.818524e-02
7.822741e-02
7.827010e-02
7.831310e-02
7.835628e-02
7.839957e-02
7.844373e-02
7.848316e-02
7.852273e-02
7.856237e-02
7.860225e-02
7.864225e-02
7.868247e-02
7.872282e-02
7.876332e-02
7.880391e-02
7.884414e-02
7.888417e-02
7.892435e-02
7.896459e-02
7.900505e-02
7.904560e-02
7.908629e-02
7.912706e-02
7.916766e-02
7.920820e-02
7.924886e-02
7.928961e-02
7.933050e-02
7.937150e-02
7.941249e-02
7.945352e-02
7.949465e-02
7.953589e-02
7.957716e-02
7.961848e-02
7.966057e-02
7.970329e-02
7.974650e-02
7.979001e-02
7.983369e-02
7.987744e-02
7.992203e-02
7.996755e-02
8.000786e-02
8.005220e-02
8.009283e-02
8.013752e-02
8.017851e-02
8.022360e-02
8.026450e-02
8.030527e-02
8.034619e-02
8.038719e-02
8.042836e-02
8.046963e-02
8.051103e-02
8.055250e-02
8.059405e-02
8.063566e-02
8.067698e-02
8.071813e-02
8.075941e-02
8.080076e-02
8.084227e-02
8.088387e-02
8.092557e-02
8.096732e-02
8.100911e-02
8.105093e-02
8.109259e-02
8.113414e-02
8.117581e-02
8.121753e-02
8.125934e-02
8.130119e-02
8.134298e-02
8.138485e-02
8.142665e-02
8.146847e-02
8.151028e-02
8.155215e-02
8.159392e-02
8.163578e-02
8.167752e-02
8.171935e-02
8.176111e-02
8.180298e-02
8.184475e-02
8.188660e-02
8.192834e-02
8.197015e-02
8.201188e-02
8.205371e-02
8.209544e-02
8.213724e-02
8.217894e-02
8.222071e-02
8.226241e-02
8.230419e-02
8.234589e-02
8.238764e-02
8.242931e-02
8.247104e-02
8.251271e-02
8.255445e-02
8.259611e-02
8.263783e-02
8.267947e-02
8.272118e-02
8.276282e-02
8.280450e-02
8.284613e-02
8.288782e-02
8.292943e-02
8.297110e-02
8.301270e-02
8.305437e-02
8.309597e-02
8.313763e-02
8.317922e-02
8.322086e-02
8.326244e-02
8.330408e-02
8.334565e-02
8.338727e-02
8.342883e-02
8.347044e-02
8.351200e-02
8.355360e-02
8.359515e-02
8.363674e-02
8.367828e-02
8.371986e-02
8.376140e-02
8.380298e-02
8.384451e-02
8.388608e-02
8.392761e-02
8.396919e-02
8.401071e-02
8.405229e-02
8.409382e-02
8.413540e-02
8.417693e-02
8.421852e-02
8.426006e-02
8.430166e-02
8.434320e-02
8.438481e-02
8.442637e-02
8.446798e-02
8.450955e-02
8.455118e-02
8.459280e-02
8.463451e-02
8.467619e-02
8.471794e-02
8.475964e-02
8.480141e-02
8.484312e-02
8.488490e-02
8.492661e-02
8.496839e-02
8.501010e-02
8.505188e-02
8.509360e-02
8.513539e-02
8.517711e-02
8.521890e-02
8.526063e-02
8.530243e-02
8.534417e-02
8.538599e-02
8.542774e-02
8.546956e-02
8.551133e-02
8.555317e-02
8.559494e-02
8.563679e-02
8.567858e-02
8.572044e-02
8.576224e-02
8.580410e-02
8.584596e-02
8.588787e-02
8.592981e-02
8.597179e-02
8.601377e-02
8.605577e-02
8.609778e-02
8.613985e-02
8.618196e-02
8.622410e-02
8.626626e-02
8.630841e-02
8.635061e-02
8.639292e-02
8.643529e-02
8.647774e-02
8.652022e-02
8.656266e-02
8.660523e-02
8.664800e-02
8.669090e-02
8.673392e-02
8.677695e-02
8.681993e-02
8.686319e-02
8.690679e-02
8.695063e-02
8.699465e-02
8.703868e-02
8.708261e-02
8.712702e-02
8.717213e-02
8.721767e-02
8.726348e-02
8.730923e-02
8.735477e-02
8.740127e-02
8.744926e-02
8.749840e-02
8.754834e-02
8.759849e-02
8.764126e-02
8.768831e-02
8.773132e-02
8.777863e-02
8.782111e-02
8.786488e-02
8.790757e-02
8.795105e-02
8.799400e-02
8.803763e-02
8.808075e-02
8.812455e-02
8.816777e-02
8.821204e-02
8.825499e-02
8.829884e-02
8.834212e-02
8.838596e-02
8.842961e-02
8.847346e-02
8.851732e-02
8.856120e-02
8.860510e-02
8.864901e-02
8.869298e-02
8.873687e-02
8.878084e-02
8.882495e-02
8.886923e-02
8.891367e-02
8.895826e-02
8.900302e-02
8.904796e-02
8.909305e-02
8.913819e-02
8.918347e-02
8.922882e-02
8.927433e-02
8.931991e-02
8.936562e-02
8.941153e-02
8.945771e-02
8.950402e-02
8.955058e-02
8.959728e-02
8.964426e-02
8.969144e-02
8.973895e-02
8.978226e-02
8.982990e-02
8.987320e-02
8.991972e-02
8.996303e-02
9.000828e-02
9.005165e-02
9.009643e-02
9.013996e-02
9.018464e-02
9.022841e-02
9.027278e-02
9.031682e-02
9.036118e-02
9.040554e-02
9.044988e-02
9.049422e-02
9.053855e-02
9.058290e-02
9.062723e-02
9.067161e-02
9.071595e-02
9.076039e-02
9.080478e-02
9.084933e-02
9.089383e-02
9.093830e-02
9.098269e-02
9.102708e-02
9.107148e-02
9.111593e-02
9.116041e-02
9.120495e-02
9.124951e-02
9.129411e-02
9.133873e-02
9.138338e-02
9.142804e-02
9.147271e-02
9.151738e-02
9.156194e-02
9.160641e-02
9.165087e-02
9.169536e-02
9.173990e-02
9.178449e-02
9.182912e-02
9.187375e-02
9.191839e-02
9.196303e-02
9.200766e-02
9.205234e-02
9.209707e-02
9.214185e-02
9.218667e-02
9.223153e-02
9.227641e-02
9.232131e-02
9.236622e-02
9.241114e-02
9.245607e-02
9.250100e-02
9.254595e-02
9.259089e-02
9.263585e-02
9.268080e-02
9.272577e-02
9.277074e-02
9.281573e-02
9.286071e-02
9.290571e-02
9.295072e-02
9.299574e-02
9.304078e-02
9.308582e-02
9.313088e-02
9.317596e-02
9.322105e-02
9.326617e-02
9.331130e-02
9.335646e-02
9.340164e-02
9.344685e-02
9.349208e-02
9.353736e-02
9.358266e-02
9.362801e-02
9.367339e-02
9.371883e-02
9.376431e-02
9.380986e-02
9.385546e-02
9.390113e-02
9.394688e-02
9.399271e-02
9.403862e-02
9.408465e-02
9.413078e-02
9.417705e-02
9.422344e-02
9.427001e-02
9.431673e-02
9.436368e-02
9.441080e-02
9.445823e-02
9.450588e-02
9.455394e-02
9.459936e-02
9.464471e-02
9.469001e-02
9.473524e-02
9.478048e-02
9.482576e-02
9.487111e-02
9.491652e-02
9.496200e-02
9.500754e-02
9.505313e-02
9.509876e-02
9.514442e-02
9.519011e-02
9.523583e-02
9.528157e-02
9.532733e-02
9.537311e-02
9.541893e-02
9.546477e-02
9.551065e-02
9.555657e-02
9.560253e-02
9.564855e-02
9.569463e-02
9.574078e-02
9.578701e-02
9.583332e-02
9.587972e-02
9.592624e-02
9.597284e-02
9.601958e-02
9.606642e-02
9.611345e-02
9.616060e-02
9.620799e-02
9.625553e-02
9.630338e-02
9.635143e-02
9.639987e-02
9.644859e-02
9.649330e-02
9.653802e-02
9.658272e-02
9.662742e-02
9.667214e-02
9.671692e-02
9.676179e-02
9.680676e-02
9.685183e-02
9.689700e-02
9.694224e-02
9.698749e-02
9.703274e-02
9.707797e-02
9.712320e-02
9.716844e-02
9.721367e-02
9.725891e-02
9.730415e-02
9.734940e-02
9.739466e-02
9.743993e-02
9.748522e-02
9.753052e-02
9.757583e-02
9.762116e-02
9.766651e-02
9.771188e-02
9.775728e-02
9.780269e-02
9.784814e-02
9.789361e-02
9.793911e-02
9.798465e-02
9.803022e-02
9.807583e-02
9.812149e-02
9.816719e-02
9.821294e-02
9.825875e-02
9.830462e-02
9.835055e-02
9.839656e-02
9.844264e-02
9.848881e-02
9.853508e-02
9.858145e-02
9.862793e-02
9.867456e-02
9.872131e-02
9.876823e-02
9.881532e-02
9.886263e-02
9.891014e-02
9.895793e-02
9.900598e-02
9.905439e-02
9.910314e-02
9.914843e-02
9.919375e-02
9.923908e-02
9.928443e-02
9.932977e-02
9.937510e-02
9.942042e-02
9.946572e-02
9.951101e-02
9.955628e-02
9.960155e-02
9.964680e-02
9.969204e-02
9.973728e-02
9.978252e-02
9.982775e-02
9.987298e-02
9.991821e-02
9.996797e-02
1.000213e-01
1.000748e-01
1.001284e-01
1.001823e-01
1.002363e-01
1.002906e-01
1.003450e-01
1.003997e-01
1.004545e-01
1.005096e-01
1.005649e-01
1.006204e-01
1.006761e-01
1.007321e-01
1.007883e-01
1.008447e-01
1.009013e-01
1.009582e-01
1.010154e-01
1.010727e-01
1.011303e-01
1.011882e-01
1.012462e-01
1.013046e-01
1.013631e-01
1.014219e-01
1.014809e-01
1.015402e-01
1.015997e-01
1.016459e-01
1.016938e-01
1.017397e-01
1.017872e-01
1.018332e-01
1.018806e-01
1.019266e-01
1.019739e-01
1.020200e-01
1.020674e-01
1.021135e-01
1.021610e-01
1.022072e-01
1.022548e-01
1.023012e-01
1.023489e-01
1.023955e-01
1.024435e-01
1.024902e-01
1.025385e-01
1.025855e-01
1.026341e-01
1.026815e-01
1.027306e-01
1.027783e-01
1.028279e-01
1.028762e-01
1.029265e-01
1.029754e-01
1.030266e-01
1.030763e-01
1.031287e-01
1.031838e-01
1.032415e-01
1.033016e-01
1.033631e-01
1.034246e-01
1.034861e-01
1.035475e-01
1.036090e-01
1.036705e-01
1.037320e-01
1.037935e-01
1.038549e-01
1.039164e-01
1.039779e-01
1.040394e-01
1.041009e-01
1.041623e-01
1.042238e-01
1.042853e-01
1.043467e-01
1.044082e-01
1.044696e-01
1.045310e-01
1.045925e-01
1.046539e-01
1.047153e-01
1.047766e-01
1.048380e-01
1.048993e-01
1.049448e-01
1.049949e-01
1.050404e-01
1.050905e-01
1.051360e-01
1.051820e-01
1.052275e-01
1.052734e-01
1.053190e-01
1.053649e-01
1.054105e-01
1.054564e-01
1.055020e-01
1.055479e-01
1.055935e-01
1.056395e-01
1.056850e-01
1.057310e-01
1.057766e-01
1.058226e-01
1.058681e-01
1.059141e-01
1.059597e-01
1.060057e-01
1.060513e-01
1.060973e-01
1.061429e-01
1.061889e-01
1.062345e-01
1.062806e-01
1.063260e-01
1.063715e-01
1.064170e-01
1.064624e-01
1.065079e-01
1.065534e-01
1.065989e-01
1.066444e-01
1.066899e-01
1.067354e-01
1.067809e-01
1.068264e-01
1.068720e-01
1.069175e-01
1.069631e-01
1.070086e-01
1.070542e-01
1.070998e-01
1.071454e-01
1.071910e-01
1.072367e-01
1.072823e-01
1.073281e-01
1.073738e-01
1.074196e-01
1.074655e-01
1.075114e-01
1.075574e-01
1.076035e-01
1.076497e-01
1.076960e-01
1.077424e-01
1.077881e-01
1.078348e-01
1.078808e-01
1.079273e-01
1.079733e-01
1.080200e-01
1.080661e-01
1.081128e-01
1.081591e-01
1.082037e-01
1.082482e-01
1.082927e-01
1.083373e-01
1.083819e-01
1.084266e-01
1.084714e-01
1.085162e-01
1.085610e-01
1.086059e-01
1.086509e-01
1.086958e-01
1.087409e-01
1.087860e-01
1.088311e-01
1.088763e-01
1.089216e-01
1.089670e-01
1.090125e-01
1.090581e-01
1.091038e-01
1.091497e-01
1.091958e-01
1.092420e-01
1.092885e-01
1.093352e-01
1.093821e-01
1.094294e-01
1.094771e-01
1.095252e-01
1.095698e-01
1.096145e-01
1.096591e-01
1.097038e-01
1.097485e-01
1.097933e-01
1.098382e-01
1.098833e-01
1.099285e-01
1.099738e-01
1.100193e-01
1.100649e-01
1.101106e-01
1.101564e-01
1.102023e-01
1.102481e-01
1.102942e-01
1.103399e-01
1.103860e-01
1.104324e-01
1.104789e-01
1.105255e-01
1.105722e-01
1.106190e-01
1.106659e-01
1.107129e-01
1.107601e-01
1.108073e-01
1.108548e-01
1.109024e-01
1.109503e-01
1.109984e-01
1.110469e-01
1.110923e-01
1.111377e-01
1.111831e-01
1.112284e-01
1.112736e-01
1.113189e-01
1.113642e-01
1.114096e-01
1.114550e-01
1.115006e-01
1.115462e-01
1.115919e-01
1.116378e-01
1.116836e-01
1.117296e-01
1.117757e-01
1.118218e-01
1.118680e-01
1.119143e-01
1.119606e-01
1.120065e-01
1.120531e-01
1.120989e-01
1.121458e-01
1.121916e-01
1.122388e-01
1.122847e-01
1.123316e-01
1.123775e-01
1.124226e-01
1.124677e-01
1.125127e-01
1.125576e-01
1.126026e-01
1.126476e-01
1.126927e-01
1.127378e-01
1.127831e-01
1.128285e-01
1.128740e-01
1.129196e-01
1.129653e-01
1.130111e-01
1.130571e-01
1.131032e-01
1.131494e-01
1.131958e-01
1.132424e-01
1.132892e-01
1.133364e-01
1.133812e-01
1.134260e-01
1.134707e-01
1.135153e-01
1.135599e-01
1.136045e-01
1.136491e-01
1.136938e-01
1.137386e-01
1.137836e-01
1.138287e-01
1.138740e-01
1.139194e-01
1.139651e-01
1.140110e-01
1.140571e-01
1.141034e-01
1.141501e-01
1.141946e-01
1.142391e-01
1.142836e-01
1.143281e-01
1.143726e-01
1.144170e-01
1.144616e-01
1.145062e-01
1.145511e-01
1.145961e-01
1.146413e-01
1.146868e-01
1.147324e-01
1.147783e-01
1.148245e-01
1.148709e-01
1.149175e-01
1.149623e-01
1.150070e-01
1.150518e-01
1.150965e-01
1.151412e-01
1.151860e-01
1.152307e-01
1.152755e-01
1.153204e-01
1.153654e-01
1.154106e-01
1.154560e-01
1.155015e-01
1.155474e-01
1.155934e-01
1.156397e-01
1.156862e-01
1.157330e-01
1.157779e-01
1.158229e-01
1.158678e-01
1.159127e-01
1.159576e-01
1.160025e-01
1.160475e-01
1.160925e-01
1.161375e-01
1.161827e-01
1.162281e-01
1.162737e-01
1.163195e-01
1.163654e-01
1.164116e-01
1.164581e-01
1.165048e-01
1.165510e-01
1.165982e-01
1.166433e-01
1.166885e-01
1.167336e-01
1.167787e-01
1.168238e-01
1.168689e-01
1.169141e-01
1.169593e-01
1.170046e-01
1.170501e-01
1.170958e-01
1.171416e-01
1.171877e-01
1.172340e-01
1.172805e-01
1.173273e-01
1.173735e-01
1.174208e-01
1.174661e-01
1.175113e-01
1.175565e-01
1.176016e-01
1.176468e-01
1.176920e-01
1.177372e-01
1.177824e-01
1.178277e-01
1.178732e-01
1.179189e-01
1.179648e-01
1.180107e-01
1.180570e-01
1.181036e-01
1.181504e-01
1.181975e-01
1.182426e-01
1.182877e-01
1.183327e-01
1.183777e-01
1.184227e-01
1.184677e-01
1.185127e-01
1.185577e-01
1.186030e-01
1.186484e-01
1.186940e-01
1.187398e-01
1.187859e-01
1.188319e-01
1.188785e-01
1.189234e-01
1.189682e-01
1.190130e-01
1.190578e-01
1.191026e-01
1.191474e-01
1.191923e-01
1.192372e-01
1.192822e-01
1.193275e-01
1.193729e-01
1.194186e-01
1.194646e-01
1.195109e-01
1.195575e-01
1.196023e-01
1.196471e-01
1.196920e-01
1.197369e-01
1.197818e-01
1.198267e-01
1.198717e-01
1.199167e-01
1.199619e-01
1.200072e-01
1.200528e-01
1.200986e-01
1.201447e-01
1.201911e-01
1.202379e-01
1.202849e-01
1.203301e-01
1.203752e-01
1.204204e-01
1.204656e-01
1.205109e-01
1.205562e-01
1.206015e-01
1.206470e-01
1.206925e-01
1.207383e-01
1.207843e-01
1.208305e-01
1.208770e-01
1.209238e-01
1.209708e-01
1.210181e-01
1.210658e-01
1.211114e-01
1.211570e-01
1.212027e-01
1.212484e-01
1.212941e-01
1.213399e-01
1.213857e-01
1.214315e-01
1.214774e-01
1.215235e-01
1.215698e-01
1.216163e-01
1.216630e-01
1.217100e-01
1.217572e-01
1.218047e-01
1.218525e-01
1.219005e-01
1.219479e-01
1.219940e-01
1.220400e-01
1.220861e-01
1.221322e-01
1.221783e-01
1.222244e-01
1.222706e-01
1.223168e-01
1.223632e-01
1.224097e-01
1.224564e-01
1.225033e-01
1.225505e-01
1.225978e-01
1.226454e-01
1.226932e-01
1.227413e-01
1.227888e-01
1.228351e-01
1.228815e-01
1.229278e-01
1.229741e-01
1.230204e-01
1.230667e-01
1.231130e-01
1.231594e-01
1.232058e-01
1.232523e-01
1.232989e-01
1.233458e-01
1.233928e-01
1.234400e-01
1.234874e-01
1.235350e-01
1.235829e-01
1.236305e-01
1.236788e-01
1.237264e-01
1.237728e-01
1.238192e-01
1.238655e-01
1.239119e-01
1.239582e-01
1.240046e-01
1.240509e-01
1.240973e-01
1.241439e-01
1.241905e-01
1.242374e-01
1.242845e-01
1.243318e-01
1.243793e-01
1.244270e-01
1.244746e-01
1.245228e-01
1.245704e-01
1.246167e-01
1.246631e-01
1.247094e-01
1.247557e-01
1.248020e-01
1.248483e-01
1.248947e-01
1.249410e-01
1.249875e-01
1.250342e-01
1.250810e-01
1.251281e-01
1.251754e-01
1.252229e-01
1.252706e-01
1.253183e-01
1.253666e-01
1.254152e-01
1.254615e-01
1.255078e-01
1.255541e-01
1.256004e-01
1.256466e-01
1.256929e-01
1.257392e-01
1.257856e-01
1.258322e-01
1.258790e-01
1.259260e-01
1.259732e-01
1.260206e-01
1.260683e-01
1.261163e-01
1.261641e-01
1.262104e-01
1.262567e-01
1.263029e-01
1.263492e-01
1.263955e-01
1.264418e-01
1.264881e-01
1.265345e-01
1.265809e-01
1.266275e-01
1.266743e-01
1.267213e-01
1.267686e-01
1.268161e-01
1.268638e-01
1.269117e-01
1.269600e-01
1.270080e-01
1.270544e-01
1.271008e-01
1.271471e-01
1.271935e-01
1.272399e-01
1.272863e-01
1.273328e-01
1.273793e-01
1.274259e-01
1.274728e-01
1.275198e-01
1.275671e-01
1.276146e-01
1.276624e-01
1.277104e-01
1.277585e-01
1.278071e-01
1.278553e-01
1.279018e-01
1.279484e-01
1.279950e-01
1.280415e-01
1.280881e-01
1.281347e-01
1.281814e-01
1.282281e-01
1.282749e-01
1.283220e-01
1.283692e-01
1.284167e-01
1.284644e-01
1.285123e-01
1.285605e-01
1.286090e-01
1.286577e-01
1.287067e-01
1.287535e-01
1.288003e-01
1.288471e-01
1.288939e-01
1.289407e-01
1.289875e-01
1.290344e-01
1.290813e-01
1.291283e-01
1.291754e-01
1.292227e-01
1.292702e-01
1.293180e-01
1.293659e-01
1.294141e-01
1.294624e-01
1.295110e-01
1.295599e-01
1.296090e-01
1.296584e-01
1.297055e-01
1.297526e-01
1.297996e-01
1.298467e-01
1.298938e-01
1.299409e-01
1.299880e-01
1.300351e-01
1.300824e-01
1.301297e-01
1.301773e-01
1.302250e-01
1.302729e-01
1.303210e-01
1.303693e-01
1.304178e-01
1.304665e-01
1.305154e-01
1.305645e-01
1.306139e-01
1.306635e-01
1.307135e-01
1.307608e-01
1.308082e-01
1.308556e-01
1.309029e-01
1.309503e-01
1.309976e-01
1.310450e-01
1.310924e-01
1.311399e-01
1.311876e-01
1.312354e-01
1.312834e-01
1.313316e-01
1.313800e-01
1.314285e-01
1.314772e-01
1.315261e-01
1.315752e-01
1.316244e-01
1.316739e-01
1.317236e-01
1.317736e-01
1.318212e-01
1.318689e-01
1.319165e-01
1.319641e-01
1.320117e-01
1.320593e-01
1.321069e-01
1.321545e-01
1.322021e-01
1.322498e-01
1.322977e-01
1.323457e-01
1.323938e-01
1.324421e-01
1.324906e-01
1.325392e-01
1.325879e-01
1.326368e-01
1.326859e-01
1.327351e-01
1.327845e-01
1.328341e-01
1.328838e-01
1.329338e-01
1.329840e-01
1.330345e-01
1.330824e-01
1.331303e-01
1.331781e-01
1.332259e-01
1.332737e-01
1.333215e-01
1.333692e-01
1.334170e-01
1.334649e-01
1.335129e-01
1.335610e-01
1.336093e-01
1.336577e-01
1.337063e-01
1.337550e-01
1.338038e-01
1.338527e-01
1.339018e-01
1.339510e-01
1.340004e-01
1.340499e-01
1.340996e-01
1.341495e-01
1.341996e-01
1.342499e-01
1.343005e-01
1.343485e-01
1.343964e-01
1.344444e-01
1.344923e-01
1.345402e-01
1.345881e-01
1.346359e-01
1.346838e-01
1.347317e-01
1.347797e-01
1.348278e-01
1.348761e-01
1.349245e-01
1.349731e-01
1.350218e-01
1.350706e-01
1.351196e-01
1.351687e-01
1.352180e-01
1.352674e-01
1.353169e-01
1.353667e-01
1.354166e-01
1.354667e-01
1.355171e-01
1.355677e-01
1.356157e-01
1.356636e-01
1.357116e-01
1.357595e-01
1.358074e-01
1.358552e-01
1.359031e-01
1.359509e-01
1.359989e-01
1.360469e-01
1.360951e-01
1.361435e-01
1.361919e-01
1.362405e-01
1.362893e-01
1.363382e-01
1.363872e-01
1.364364e-01
1.364857e-01
1.365352e-01
1.365848e-01
1.366346e-01
1.366847e-01
1.367349e-01
1.367854e-01
1.368361e-01
1.368842e-01
1.369322e-01
1.369802e-01
1.370282e-01
1.370761e-01
1.371241e-01
1.371720e-01
1.372199e-01
1.372680e-01
1.373162e-01
1.373645e-01
1.374129e-01
1.374616e-01
1.375103e-01
1.375592e-01
1.376082e-01
1.376574e-01
1.377067e-01
1.377562e-01
1.378058e-01
1.378555e-01
1.379054e-01
1.379555e-01
1.380058e-01
1.380563e-01
1.381070e-01
1.381580e-01
1.382093e-01
1.382576e-01
1.383058e-01
1.383541e-01
1.384023e-01
1.384504e-01
1.384986e-01
1.385468e-01
1.385951e-01
1.386435e-01
1.386920e-01
1.387406e-01
1.387893e-01
1.388382e-01
1.388871e-01
1.389362e-01
1.389854e-01
1.390346e-01
1.390840e-01
1.391334e-01
1.391829e-01
1.392325e-01
1.392822e-01
1.393320e-01
1.393819e-01
1.394319e-01
1.394819e-01
1.395318e-01
1.395812e-01
1.396311e-01
1.396805e-01
1.397304e-01
1.397798e-01
1.398296e-01
1.398790e-01
1.399276e-01
1.399761e-01
1.400245e-01
1.400730e-01
1.401214e-01
1.401698e-01
1.402182e-01
1.402667e-01
1.403153e-01
1.403640e-01
1.404128e-01
1.404617e-01
1.405107e-01
1.405598e-01
1.406089e-01
1.406581e-01
1.407074e-01
1.407567e-01
1.408060e-01
1.408553e-01
1.409046e-01
1.409540e-01
1.410034e-01
1.410529e-01
1.411024e-01
1.411519e-01
1.412015e-01
1.412512e-01
1.413010e-01
1.413508e-01
1.414007e-01
1.414507e-01
1.415009e-01
1.415511e-01
1.416009e-01
1.416503e-01
1.417000e-01
1.417494e-01
1.417992e-01
1.418485e-01
1.418982e-01
1.419476e-01
1.419962e-01
1.420448e-01
1.420934e-01
1.421419e-01
1.421904e-01
1.422390e-01
1.422876e-01
1.423363e-01
1.423851e-01
1.424340e-01
1.424829e-01
1.425320e-01
1.425811e-01
1.426302e-01
1.426794e-01
1.427285e-01
1.427776e-01
1.428268e-01
1.428759e-01
1.429251e-01
1.429743e-01
1.430235e-01
1.430727e-01
1.431219e-01
1.431712e-01
1.432205e-01
1.432698e-01
1.433192e-01
1.433686e-01
1.434181e-01
1.434676e-01
1.435172e-01
1.435668e-01
1.436165e-01
1.436663e-01
1.437161e-01
1.437661e-01
1.438161e-01
1.438663e-01
1.439166e-01
1.439671e-01
1.440177e-01
1.440685e-01
1.441195e-01
1.441707e-01
1.442222e-01
1.442719e-01
1.443212e-01
1.443699e-01
1.444186e-01
1.444672e-01
1.445158e-01
1.445644e-01
1.446130e-01
1.446617e-01
1.447104e-01
1.447593e-01
1.448083e-01
1.448573e-01
1.449064e-01
1.449556e-01
1.450048e-01
1.450540e-01
1.451033e-01
1.451525e-01
1.452017e-01
1.452509e-01
1.453002e-01
1.453494e-01
1.453987e-01
1.454480e-01
1.454973e-01
1.455467e-01
1.455960e-01
1.456454e-01
1.456949e-01
1.457443e-01
1.457938e-01
1.458434e-01
1.458930e-01
1.459426e-01
1.459923e-01
1.460421e-01
1.460919e-01
1.461419e-01
1.461912e-01
1.462411e-01
1.462905e-01
1.463409e-01
1.463903e-01
1.464401e-01
1.464896e-01
1.465395e-01
1.465889e-01
1.466394e-01
1.466910e-01
1.467430e-01
1.467952e-01
1.468440e-01
1.468929e-01
1.469416e-01
1.469904e-01
1.470391e-01
1.470878e-01
1.471366e-01
1.471855e-01
1.472345e-01
1.472835e-01
1.473327e-01
1.473819e-01
1.474312e-01
1.474805e-01
1.475299e-01
1.475793e-01
1.476287e-01
1.476781e-01
1.477276e-01
1.477771e-01
1.478266e-01
1.478761e-01
1.479257e-01
1.479753e-01
1.480249e-01
1.480745e-01
1.481242e-01
1.481739e-01
1.482236e-01
1.482734e-01
1.483233e-01
1.483733e-01
1.484233e-01
1.484734e-01
1.485236e-01
1.485740e-01
1.486245e-01
1.486751e-01
1.487259e-01
1.487770e-01
1.488283e-01
1.488798e-01
1.489317e-01
1.489838e-01
1.490325e-01
1.490811e-01
1.491297e-01
1.491782e-01
1.492268e-01
1.492753e-01
1.493239e-01
1.493726e-01
1.494215e-01
1.494704e-01
1.495194e-01
1.495685e-01
1.496177e-01
1.496670e-01
1.497163e-01
1.497657e-01
1.498152e-01
1.498648e-01
1.499144e-01
1.499641e-01
1.500138e-01
1.500636e-01
1.501136e-01
1.501636e-01
1.502137e-01
1.502640e-01
1.503144e-01
1.503650e-01
1.504158e-01
1.504658e-01
1.505169e-01
1.505684e-01
1.506190e-01
1.506691e-01
1.507178e-01
1.507664e-01
1.508150e-01
1.508637e-01
1.509122e-01
1.509608e-01
1.510095e-01
1.510583e-01
1.511072e-01
1.511562e-01
1.512054e-01
1.512546e-01
1.513040e-01
1.513535e-01
1.514030e-01
1.514527e-01
1.515024e-01
1.515523e-01
1.516022e-01
1.516522e-01
1.517023e-01
1.517525e-01
1.518028e-01
1.518532e-01
1.519037e-01
1.519544e-01
1.520052e-01
1.520562e-01
1.521073e-01
1.521587e-01
1.522103e-01
1.522621e-01
1.523143e-01
1.523633e-01
1.524122e-01
1.524612e-01
1.525101e-01
1.525590e-01
1.526079e-01
1.526568e-01
1.527058e-01
1.527548e-01
1.528040e-01
1.528533e-01
1.529027e-01
1.529522e-01
1.530018e-01
1.530515e-01
1.531013e-01
1.531511e-01
1.532010e-01
1.532509e-01
1.533010e-01
1.533510e-01
1.534012e-01
1.534513e-01
1.535016e-01
1.535519e-01
1.536023e-01
1.536528e-01
1.537034e-01
1.537542e-01
1.538050e-01
1.538560e-01
1.539072e-01
1.539585e-01
1.540101e-01
1.540619e-01
1.541140e-01
1.541664e-01
1.542154e-01
1.542644e-01
1.543133e-01
1.543623e-01
1.544111e-01
1.544600e-01
1.545090e-01
1.545580e-01
1.546072e-01
1.546564e-01
1.547058e-01
1.547552e-01
1.548047e-01
1.548544e-01
1.549041e-01
1.549538e-01
1.550037e-01
1.550536e-01
1.551035e-01
1.551536e-01
1.552037e-01
1.552539e-01
1.553042e-01
1.553545e-01
1.554050e-01
1.554556e-01
1.555064e-01
1.555573e-01
1.556085e-01
1.556598e-01
1.557114e-01
1.557633e-01
1.558122e-01
1.558611e-01
1.559100e-01
1.559588e-01
1.560076e-01
1.560564e-01
1.561051e-01
1.561539e-01
1.562028e-01
1.562518e-01
1.563009e-01
1.563502e-01
1.563996e-01
1.564490e-01
1.564986e-01
1.565484e-01
1.565982e-01
1.566481e-01
1.566981e-01
1.567482e-01
1.567985e-01
1.568488e-01
1.568993e-01
1.569500e-01
1.570008e-01
1.570518e-01
1.571030e-01
1.571545e-01
1.572063e-01
1.572584e-01
1.573072e-01
1.573561e-01
1.574049e-01
1.574536e-01
1.575024e-01
1.575511e-01
1.575999e-01
1.576488e-01
1.576978e-01
1.577469e-01
1.577962e-01
1.578455e-01
1.578951e-01
1.579447e-01
1.579944e-01
1.580443e-01
1.580943e-01
1.581444e-01
1.581947e-01
1.582450e-01
1.582956e-01
1.583463e-01
1.583971e-01
1.584482e-01
1.584995e-01
1.585510e-01
1.586029e-01
1.586518e-01
1.587007e-01
1.587495e-01
1.587983e-01
1.588471e-01
1.588959e-01
1.589447e-01
1.589935e-01
1.590425e-01
1.590915e-01
1.591407e-01
1.591901e-01
1.592395e-01
1.592892e-01
1.593389e-01
1.593888e-01
1.594388e-01
1.594889e-01
1.595391e-01
1.595895e-01
1.596401e-01
1.596907e-01
1.597416e-01
1.597926e-01
1.598438e-01
1.598953e-01
1.599470e-01
1.599980e-01
1.600471e-01
1.600961e-01
1.601452e-01
1.601941e-01
1.602431e-01
1.602920e-01
1.603410e-01
1.603900e-01
1.604391e-01
1.604883e-01
1.605377e-01
1.605872e-01
1.606368e-01
1.606865e-01
1.607364e-01
1.607863e-01
1.608364e-01
1.608866e-01
1.609369e-01
1.609873e-01
1.610378e-01
1.610884e-01
1.611391e-01
1.611900e-01
1.612411e-01
1.612923e-01
1.613436e-01
1.613952e-01
1.614458e-01
1.614973e-01
1.615479e-01
1.615972e-01
1.616465e-01
1.616957e-01
1.617450e-01
1.617942e-01
1.618434e-01
1.618926e-01
1.619418e-01
1.619911e-01
1.620406e-01
1.620902e-01
1.621399e-01
1.621897e-01
1.622396e-01
1.622896e-01
1.623397e-01
1.623899e-01
1.624402e-01
1.624905e-01
1.625410e-01
1.625915e-01
1.626421e-01
1.626928e-01
1.627435e-01
1.627944e-01
1.628453e-01
1.628964e-01
1.629476e-01
1.629989e-01
1.630504e-01
1.631021e-01
1.631539e-01
1.632050e-01
1.632556e-01
1.633067e-01
1.633562e-01
1.634057e-01
1.634552e-01
1.635046e-01
1.635540e-01
1.636034e-01
1.636528e-01
1.637023e-01
1.637519e-01
1.638015e-01
1.638513e-01
1.639012e-01
1.639513e-01
1.640013e-01
1.640513e-01
1.641013e-01
1.641513e-01
1.642012e-01
1.642511e-01
1.643010e-01
1.643508e-01
1.644006e-01
1.644503e-01
1.645000e-01
1.645497e-01
1.645994e-01
1.646490e-01
1.646985e-01
1.647481e-01
1.647976e-01
1.648470e-01
1.648965e-01
1.649459e-01
1.649953e-01
1.650447e-01
1.650941e-01
1.651434e-01
1.651928e-01
1.652422e-01
1.652916e-01
1.653409e-01
1.653904e-01
1.654398e-01
1.654893e-01
1.655388e-01
1.655884e-01
1.656380e-01
1.656877e-01
1.657375e-01
1.657873e-01
1.658372e-01
1.658873e-01
1.659374e-01
1.659876e-01
1.660380e-01
1.660885e-01
1.661392e-01
1.661900e-01
1.662410e-01
1.662923e-01
1.663438e-01
1.663956e-01
1.664477e-01
1.665001e-01
1.665529e-01
1.666062e-01
1.666600e-01
1.667142e-01
1.667686e-01
1.668232e-01
1.668780e-01
1.669328e-01
1.669876e-01
1.670425e-01
1.670974e-01
1.671523e-01
1.672072e-01
1.672622e-01
1.673172e-01
1.673723e-01
1.674273e-01
1.674825e-01
1.675376e-01
1.675928e-01
1.676480e-01
1.677033e-01
1.677585e-01
1.678139e-01
1.678693e-01
1.679247e-01
1.679801e-01
1.680356e-01
1.680912e-01
1.681468e-01
1.682024e-01
1.682581e-01
1.683138e-01
1.683695e-01
1.684253e-01
1.684812e-01
1.685371e-01
1.685930e-01
1.686490e-01
1.687050e-01
1.687610e-01
1.688172e-01
1.688733e-01
1.689295e-01
1.689858e-01
1.690421e-01
1.690985e-01
1.691549e-01
1.692113e-01
1.692679e-01
1.693245e-01
1.693812e-01
1.694379e-01
1.694947e-01
1.695516e-01
1.696086e-01
1.696656e-01
1.697228e-01
1.697801e-01
1.698375e-01
1.698950e-01
1.699526e-01
1.700104e-01
1.700684e-01
1.701265e-01
1.701848e-01
1.702434e-01
1.703021e-01
1.703610e-01
1.704202e-01
1.704797e-01
1.705394e-01
1.705993e-01
1.706596e-01
1.707201e-01
1.707809e-01
1.708417e-01
1.709025e-01
1.709633e-01
1.710241e-01
1.710849e-01
1.711457e-01
1.712064e-01
1.712672e-01
1.713280e-01
1.713888e-01
1.714496e-01
1.715103e-01
1.715711e-01
1.716319e-01
1.716927e-01
1.717535e-01
1.718142e-01
1.718750e-01
1.719358e-01
1.719966e-01
1.720573e-01
1.721181e-01
1.721789e-01
1.722397e-01
1.723004e-01
1.723612e-01
1.724220e-01
1.724827e-01
1.725435e-01
1.726043e-01
1.726482e-01
1.726950e-01
1.727447e-01
1.727899e-01
1.728366e-01
1.728846e-01
1.729339e-01
1.729817e-01
1.730310e-01
1.730815e-01
1.731315e-01
1.731827e-01
1.732336e-01
1.732845e-01
1.733367e-01
1.733884e-01
1.734413e-01
1.734936e-01
1.735472e-01
1.736002e-01
1.736545e-01
1.737082e-01
1.737632e-01
1.738177e-01
1.738735e-01
1.739287e-01
1.739853e-01
1.740413e-01
1.740988e-01
1.741557e-01
1.742138e-01
1.742718e-01
1.743309e-01
1.743900e-01
1.744501e-01
1.745097e-01
1.745589e-01
1.746111e-01
1.746603e-01
1.747115e-01
1.747606e-01
1.748147e-01
1.748741e-01
1.749348e-01
1.749954e-01
1.750561e-01
1.751167e-01
1.751774e-01
1.752380e-01
1.752987e-01
1.753593e-01
1.754199e-01
1.754806e-01
1.755412e-01
1.756019e-01
1.756519e-01
1.757032e-01
1.757558e-01
1.758100e-01
1.758599e-01
1.759111e-01
1.759636e-01
1.760174e-01
1.760731e-01
1.761307e-01
1.761903e-01
1.762510e-01
1.763116e-01
1.763722e-01
1.764328e-01
1.764935e-01
1.765541e-01
1.766147e-01
1.766754e-01
1.767360e-01
1.767966e-01
1.768572e-01
1.769179e-01
1.769785e-01
1.770391e-01
1.770997e-01
1.771602e-01
1.772208e-01
1.772813e-01
1.773419e-01
1.774024e-01
1.774629e-01
1.775233e-01
1.775838e-01
1.776443e-01
1.777047e-01
1.777651e-01
1.778255e-01
1.778859e-01
1.779463e-01
1.780066e-01
1.780669e-01
1.781272e-01
1.781875e-01
1.782478e-01
1.783081e-01
1.783683e-01
1.784286e-01
1.784888e-01
1.785490e-01
1.786092e-01
1.786693e-01
1.787295e-01
1.787896e-01
1.788497e-01
1.789099e-01
1.789700e-01
1.790301e-01
1.790901e-01
1.791502e-01
1.792103e-01
1.792703e-01
1.793304e-01
1.793904e-01
1.794504e-01
1.795105e-01
1.795705e-01
1.796306e-01
1.796906e-01
1.797507e-01
1.798108e-01
1.798709e-01
1.799309e-01
1.799910e-01
1.800511e-01
1.801112e-01
1.801713e-01
1.802314e-01
1.802834e-01
1.803352e-01
1.803873e-01
1.804392e-01
1.804913e-01
1.805432e-01
1.805954e-01
1.806476e-01
1.807000e-01
1.807525e-01
1.808054e-01
1.808587e-01
1.809122e-01
1.809663e-01
1.810207e-01
1.810758e-01
1.811279e-01
1.811798e-01
1.812320e-01
1.812840e-01
1.813362e-01
1.813882e-01
1.814405e-01
1.814927e-01
1.815452e-01
1.815979e-01
1.816510e-01
1.817045e-01
1.817584e-01
1.818130e-01
1.818680e-01
1.819239e-01
1.819801e-01
1.820374e-01
1.820950e-01
1.821540e-01
1.822064e-01
1.822585e-01
1.823109e-01
1.823631e-01
1.824156e-01
1.824680e-01
1.825208e-01
1.825740e-01
1.826277e-01
1.826820e-01
1.827369e-01
1.827927e-01
1.828490e-01
1.829066e-01
1.829645e-01
1.830240e-01
1.830838e-01
1.831440e-01
1.831966e-01
1.832488e-01
1.833014e-01
1.833536e-01
1.834063e-01
1.834588e-01
1.835118e-01
1.835651e-01
1.836191e-01
1.836738e-01
1.837291e-01
1.837790e-01
1.838307e-01
1.838807e-01
1.839322e-01
1.839823e-01
1.840337e-01
1.840837e-01
1.841346e-01
1.841846e-01
1.842354e-01
1.842852e-01
1.843378e-01
1.843894e-01
1.844421e-01
1.844938e-01
1.845469e-01
1.845988e-01
1.846522e-01
1.847042e-01
1.847580e-01
1.848102e-01
1.848643e-01
1.849195e-01
1.849756e-01
1.850277e-01
1.850802e-01
1.851324e-01
1.851850e-01
1.852373e-01
1.852901e-01
1.853424e-01
1.853953e-01
1.854478e-01
1.855006e-01
1.855531e-01
1.856057e-01
1.856581e-01
1.857111e-01
1.857636e-01
1.858166e-01
1.858692e-01
1.859225e-01
1.859757e-01
1.860296e-01
1.860820e-01
1.861346e-01
1.861870e-01
1.862394e-01
1.862917e-01
1.863441e-01
1.863964e-01
1.864489e-01
1.865011e-01
1.865536e-01
1.866059e-01
1.866585e-01
1.867108e-01
1.867634e-01
1.868157e-01
1.868685e-01
1.869207e-01
1.869732e-01
1.870251e-01
1.870776e-01
1.871296e-01
1.871823e-01
1.872347e-01
1.872875e-01
1.873399e-01
1.873929e-01
1.874457e-01
1.874987e-01
1.875515e-01
1.876047e-01
1.876572e-01
1.877097e-01
1.877625e-01
1.878157e-01
1.878687e-01
1.879221e-01
1.879757e-01
1.880296e-01
1.880835e-01
1.881376e-01
1.881916e-01
1.882460e-01
1.883003e-01
1.883550e-01
1.884099e-01
1.884650e-01
1.885176e-01
1.885665e-01
1.886164e-01
1.886674e-01
1.887159e-01
1.887653e-01
1.888138e-01
1.888633e-01
1.889118e-01
1.889613e-01
1.890099e-01
1.890594e-01
1.891079e-01
1.891575e-01
1.892061e-01
1.892556e-01
1.893042e-01
1.893538e-01
1.894024e-01
1.894520e-01
1.895007e-01
1.895502e-01
1.895989e-01
1.896485e-01
1.896972e-01
1.897468e-01
1.897975e-01
1.898467e-01
1.898969e-01
1.899482e-01
1.899969e-01
1.900466e-01
1.900973e-01
1.901465e-01
1.901968e-01
1.902482e-01
1.902969e-01
1.903466e-01
1.903974e-01
1.904467e-01
1.904970e-01
1.905485e-01
1.905973e-01
1.906471e-01
1.906980e-01
1.907473e-01
1.907978e-01
1.908493e-01
1.908982e-01
1.909481e-01
1.909983e-01
1.910478e-01
1.910980e-01
1.911497e-01
1.911987e-01
1.912486e-01
1.912990e-01
1.913485e-01
1.913988e-01
1.914504e-01
1.914995e-01
1.915496e-01
1.916009e-01
1.916506e-01
1.917014e-01
1.917536e-01
1.918027e-01
1.918531e-01
1.919046e-01
1.919545e-01
1.920056e-01
1.920581e-01
1.921075e-01
1.921581e-01
1.922100e-01
1.922602e-01
1.923117e-01
1.923646e-01
1.924142e-01
1.924652e-01
1.925177e-01
1.925682e-01
1.926203e-01
1.926736e-01
1.927235e-01
1.927751e-01
1.928283e-01
1.928820e-01
1.929356e-01
1.929896e-01
1.930434e-01
1.930977e-01
1.931516e-01
1.932055e-01
1.932598e-01
1.933146e-01
1.933698e-01
1.934246e-01
1.934793e-01
1.935342e-01
1.935892e-01
1.936442e-01
1.936992e-01
1.937537e-01
1.938102e-01
1.938645e-01
1.939133e-01
1.939660e-01
1.940149e-01
1.940662e-01
1.941150e-01
1.941688e-01
1.942177e-01
1.942712e-01
1.943201e-01
1.943738e-01
1.944228e-01
1.944763e-01
1.945252e-01
1.945779e-01
1.946268e-01
1.946788e-01
1.947278e-01
1.947794e-01
1.948283e-01
1.948795e-01
1.949285e-01
1.949795e-01
1.950285e-01
1.950792e-01
1.951282e-01
1.951788e-01
1.952278e-01
1.952792e-01
1.953344e-01
1.953929e-01
1.954520e-01
1.955057e-01
1.955592e-01
1.956130e-01
1.956665e-01
1.957203e-01
1.957739e-01
1.958278e-01
1.958814e-01
1.959353e-01
1.959890e-01
1.960429e-01
1.960966e-01
1.961506e-01
1.962046e-01
1.962589e-01
1.963134e-01
1.963683e-01
1.964236e-01
1.964755e-01
1.965296e-01
1.965848e-01
1.966352e-01
1.966872e-01
1.967410e-01
1.967909e-01
1.968403e-01
1.968902e-01
1.969396e-01
1.969895e-01
1.970389e-01
1.970888e-01
1.971382e-01
1.971881e-01
1.972376e-01
1.972875e-01
1.973370e-01
1.973869e-01
1.974372e-01
1.974899e-01
1.975397e-01
1.975920e-01
1.976470e-01
1.977029e-01
1.977578e-01
1.978121e-01
1.978620e-01
1.979123e-01
1.979637e-01
1.980141e-01
1.980654e-01
1.981158e-01
1.981672e-01
1.982176e-01
1.982676e-01
1.983180e-01
1.983680e-01
1.984226e-01
1.984788e-01
1.985334e-01
1.985880e-01
1.986427e-01
1.986964e-01
1.987503e-01
1.988043e-01
1.988587e-01
1.989133e-01
1.989682e-01
1.990233e-01
1.990787e-01
1.991345e-01
1.991903e-01
1.992464e-01
1.993026e-01
1.993591e-01
1.994158e-01
1.994703e-01
1.995242e-01
1.995779e-01
1.996319e-01
1.996860e-01
1.997407e-01
1.997956e-01
1.998508e-01
1.999063e-01
1.999622e-01
2.000185e-01
2.000751e-01
2.001321e-01
