# 1  : Date
# 2  : Temps elapsed min (mus)
# 3  : Rang temps elapsed min
# 4  : Noeud temps elapsed min
# 5  : Temps elapsed max (mus)
# 6  : Rang temps elapsed max
# 7  : Noeud temps elapsed max
# 8  : Grind time (mus/maille/cycle)
# 9  : Grind time équivalent séquentiel (#8 X nb_de_coeurs)
#     1     2     3     4      5      6      7       8      9
#   ATTENTION  les temps cpu schémas sont données dans l'ordre alphabétique des schémas WARNING
#  10: TELAPS Hydro (mus)
1.475211e-04   4.020e+04 0 inti1206   4.030e+04 3 inti1206   2.913e-01 4.661e+00  3.163e+04
3.901963e-04   4.085e+04 0 inti1206   4.091e+04 3 inti1206   2.931e-01 4.690e+00  3.201e+04
7.443709e-04   7.364e+04 0 inti1206   7.392e+04 3 inti1206   5.217e-01 8.348e+00  4.148e+04
1.182029e-03   4.780e+04 0 inti1206   5.039e+04 3 inti1206   3.502e-01 5.603e+00  3.911e+04
1.689576e-03   4.443e+04 1 inti1206   4.453e+04 3 inti1206   3.035e-01 4.856e+00  3.532e+04
2.269421e-03   4.566e+04 1 inti1206   4.575e+04 3 inti1206   3.048e-01 4.877e+00  3.644e+04
2.921697e-03   6.843e+04 0 inti1206   6.859e+04 3 inti1206   4.457e-01 7.131e+00  3.660e+04
3.577416e-03   4.569e+04 0 inti1206   4.587e+04 3 inti1206   2.920e-01 4.672e+00  3.658e+04
4.118148e-03   4.666e+04 0 inti1206   4.682e+04 3 inti1206   2.965e-01 4.744e+00  3.719e+04
4.673435e-03   4.781e+04 0 inti1206   4.806e+04 3 inti1206   2.976e-01 4.762e+00  3.852e+04
5.203771e-03   7.539e+04 0 inti1206   7.545e+04 3 inti1206   4.568e-01 7.308e+00  3.867e+04
5.718775e-03   4.794e+04 0 inti1206   4.803e+04 3 inti1206   2.856e-01 4.569e+00  3.875e+04
6.225543e-03   4.937e+04 0 inti1206   4.942e+04 3 inti1206   2.876e-01 4.602e+00  3.992e+04
6.720463e-03   5.042e+04 0 inti1206   5.048e+04 3 inti1206   2.867e-01 4.587e+00  4.089e+04
7.213035e-03   1.322e+05 0 inti1206   1.323e+05 2 inti1206   7.375e-01 1.180e+01  4.246e+04
7.718986e-03   5.148e+04 1 inti1206   5.152e+04 2 inti1206   2.828e-01 4.526e+00  4.172e+04
8.246112e-03   5.180e+04 1 inti1206   5.184e+04 3 inti1206   2.793e-01 4.468e+00  4.206e+04
8.774529e-03   5.306e+04 0 inti1206   5.318e+04 2 inti1206   2.809e-01 4.494e+00  4.302e+04
9.262530e-03   8.670e+04 1 inti1206   8.677e+04 3 inti1206   4.498e-01 7.197e+00  4.484e+04
9.763530e-03   5.674e+04 0 inti1206   5.677e+04 3 inti1206   2.902e-01 4.644e+00  4.616e+04
1.028425e-02   5.776e+04 0 inti1206   5.778e+04 1 inti1206   2.897e-01 4.636e+00  4.744e+04
1.082641e-02   5.856e+04 0 inti1206   5.858e+04 1 inti1206   2.885e-01 4.615e+00  4.804e+04
1.138979e-02   9.347e+04 0 inti1206   9.350e+04 3 inti1206   4.519e-01 7.230e+00  5.038e+04
1.201489e-02   6.051e+04 0 inti1206   6.063e+04 3 inti1206   2.883e-01 4.613e+00  4.967e+04
1.273412e-02   6.293e+04 0 inti1206   6.298e+04 2 inti1206   2.930e-01 4.689e+00  5.212e+04
1.351727e-02   6.111e+04 0 inti1206   6.116e+04 3 inti1206   2.778e-01 4.445e+00  4.985e+04
1.427925e-02   9.436e+04 0 inti1206   9.442e+04 3 inti1206   4.193e-01 6.709e+00  5.107e+04
1.502987e-02   6.288e+04 0 inti1206   6.296e+04 3 inti1206   2.746e-01 4.393e+00  5.144e+04
1.577648e-02   6.418e+04 0 inti1206   6.424e+04 3 inti1206   2.739e-01 4.383e+00  5.284e+04
1.652749e-02   6.513e+04 0 inti1206   6.528e+04 3 inti1206   2.727e-01 4.364e+00  5.352e+04
1.729011e-02   9.827e+04 0 inti1206   9.835e+04 3 inti1206   4.018e-01 6.430e+00  5.541e+04
1.807237e-02   6.727e+04 0 inti1206   6.734e+04 3 inti1206   2.703e-01 4.325e+00  5.540e+04
1.887924e-02   6.873e+04 1 inti1206   6.880e+04 3 inti1206   2.699e-01 4.318e+00  5.686e+04
1.971080e-02   7.772e+04 0 inti1206   7.785e+04 3 inti1206   2.989e-01 4.782e+00  6.210e+04
2.056062e-02   1.104e+05 0 inti1206   1.104e+05 3 inti1206   4.143e-01 6.629e+00  5.974e+04
2.142491e-02   7.284e+04 0 inti1206   7.292e+04 3 inti1206   2.687e-01 4.299e+00  5.945e+04
2.230558e-02   7.426e+04 2 inti1206   7.431e+04 3 inti1206   2.677e-01 4.283e+00  6.088e+04
2.320649e-02   7.528e+04 0 inti1206   7.532e+04 3 inti1206   2.657e-01 4.251e+00  6.178e+04
2.412826e-02   1.142e+05 0 inti1206   1.143e+05 3 inti1206   3.946e-01 6.314e+00  6.401e+04
2.501217e-02   7.782e+04 2 inti1206   7.787e+04 3 inti1206   2.647e-01 4.234e+00  6.404e+04
2.589659e-02   7.958e+04 2 inti1206   7.963e+04 3 inti1206   2.654e-01 4.247e+00  6.590e+04
2.677875e-02   8.016e+04 0 inti1206   8.022e+04 3 inti1206   2.625e-01 4.200e+00  6.620e+04
2.766024e-02   1.222e+05 0 inti1206   1.222e+05 3 inti1206   3.927e-01 6.283e+00  6.904e+04
2.831428e-02   8.185e+04 0 inti1206   8.192e+04 3 inti1206   2.603e-01 4.164e+00  6.760e+04
2.900000e-02   8.216e+04 0 inti1206   8.223e+04 3 inti1206   2.579e-01 4.126e+00  6.824e+04
2.976551e-02   8.327e+04 0 inti1206   8.333e+04 3 inti1206   2.574e-01 4.118e+00  6.898e+04
3.049780e-02   1.289e+05 0 inti1206   1.290e+05 3 inti1206   3.928e-01 6.284e+00  7.281e+04
3.122669e-02   8.571e+04 0 inti1206   8.578e+04 3 inti1206   2.584e-01 4.134e+00  7.102e+04
3.195589e-02   8.716e+04 0 inti1206   8.730e+04 3 inti1206   2.594e-01 4.150e+00  7.259e+04
3.270779e-02   8.801e+04 0 inti1206   8.808e+04 3 inti1206   2.582e-01 4.131e+00  7.344e+04
3.348638e-02   1.314e+05 0 inti1206   1.315e+05 3 inti1206   3.805e-01 6.088e+00  7.507e+04
3.426987e-02   8.825e+04 0 inti1206   8.831e+04 3 inti1206   2.530e-01 4.048e+00  7.354e+04
3.505727e-02   8.962e+04 0 inti1206   8.968e+04 3 inti1206   2.540e-01 4.064e+00  7.474e+04
3.585024e-02   9.029e+04 0 inti1206   9.037e+04 3 inti1206   2.530e-01 4.048e+00  7.534e+04
3.662128e-02   1.339e+05 0 inti1206   1.340e+05 3 inti1206   3.709e-01 5.935e+00  7.671e+04
3.739250e-02   9.104e+04 0 inti1206   9.112e+04 3 inti1206   2.502e-01 4.003e+00  7.588e+04
3.814986e-02   9.170e+04 0 inti1206   9.180e+04 3 inti1206   2.494e-01 3.990e+00  7.675e+04
3.891452e-02   9.302e+04 0 inti1206   9.314e+04 3 inti1206   2.506e-01 4.009e+00  7.768e+04
3.967260e-02   1.360e+05 0 inti1206   1.361e+05 3 inti1206   3.625e-01 5.799e+00  7.907e+04
4.042812e-02   9.472e+04 0 inti1206   9.491e+04 3 inti1206   2.507e-01 4.011e+00  7.917e+04
4.119072e-02   9.438e+04 0 inti1206   9.443e+04 3 inti1206   2.471e-01 3.954e+00  7.928e+04
4.184143e-02   9.484e+04 0 inti1206   9.492e+04 3 inti1206   2.462e-01 3.940e+00  7.961e+04
4.252653e-02   1.455e+05 0 inti1206   1.456e+05 3 inti1206   3.743e-01 5.989e+00  8.227e+04
4.328053e-02   9.582e+04 0 inti1206   9.587e+04 3 inti1206   2.446e-01 3.914e+00  8.024e+04
4.404904e-02   9.616e+04 0 inti1206   9.624e+04 3 inti1206   2.433e-01 3.893e+00  8.092e+04
4.478153e-02   9.618e+04 0 inti1206   9.626e+04 3 inti1206   2.411e-01 3.858e+00  8.049e+04
4.548490e-02   1.442e+05 0 inti1206   1.444e+05 3 inti1206   3.588e-01 5.740e+00  8.329e+04
4.619410e-02   9.775e+04 0 inti1206   9.782e+04 3 inti1206   2.413e-01 3.861e+00  8.198e+04
4.691265e-02   9.850e+04 0 inti1206   9.861e+04 3 inti1206   2.412e-01 3.859e+00  8.293e+04
4.765163e-02   9.843e+04 0 inti1206   9.851e+04 3 inti1206   2.387e-01 3.819e+00  8.244e+04
4.836729e-02   1.487e+05 0 inti1206   1.489e+05 3 inti1206   3.577e-01 5.724e+00  8.526e+04
4.912111e-02   9.919e+04 0 inti1206   9.939e+04 3 inti1206   2.371e-01 3.794e+00  8.317e+04
4.984140e-02   9.962e+04 0 inti1206   9.976e+04 3 inti1206   2.359e-01 3.774e+00  8.376e+04
5.056720e-02   1.011e+05 0 inti1206   1.013e+05 3 inti1206   2.374e-01 3.799e+00  8.479e+04
5.130127e-02   1.514e+05 0 inti1206   1.516e+05 3 inti1206   3.524e-01 5.638e+00  8.678e+04
5.204237e-02   1.023e+05 0 inti1206   1.024e+05 3 inti1206   2.364e-01 3.782e+00  8.576e+04
5.280249e-02   1.034e+05 0 inti1206   1.035e+05 3 inti1206   2.367e-01 3.788e+00  8.682e+04
5.357316e-02   1.035e+05 0 inti1206   1.036e+05 3 inti1206   2.346e-01 3.753e+00  8.672e+04
5.432055e-02   1.604e+05 0 inti1206   1.605e+05 3 inti1206   3.602e-01 5.763e+00  9.073e+04
5.508618e-02   1.048e+05 0 inti1206   1.049e+05 3 inti1206   2.337e-01 3.739e+00  8.781e+04
5.582563e-02   1.050e+05 0 inti1206   1.051e+05 3 inti1206   2.321e-01 3.714e+00  8.824e+04
5.658749e-02   1.061e+05 0 inti1206   1.062e+05 3 inti1206   2.324e-01 3.719e+00  8.896e+04
5.732193e-02   1.691e+05 0 inti1206   1.692e+05 3 inti1206   3.669e-01 5.870e+00  9.184e+04
5.808579e-02   1.074e+05 0 inti1206   1.074e+05 3 inti1206   2.313e-01 3.700e+00  8.980e+04
5.882178e-02   1.088e+05 0 inti1206   1.089e+05 3 inti1206   2.322e-01 3.715e+00  9.125e+04
5.958923e-02   1.102e+05 0 inti1206   1.103e+05 3 inti1206   2.331e-01 3.729e+00  9.247e+04
6.032996e-02   1.669e+05 0 inti1206   1.672e+05 3 inti1206   3.502e-01 5.603e+00  9.323e+04
6.108580e-02   1.099e+05 0 inti1206   1.101e+05 3 inti1206   2.288e-01 3.661e+00  9.167e+04
6.182218e-02   1.101e+05 0 inti1206   1.102e+05 3 inti1206   2.272e-01 3.635e+00  9.234e+04
6.257594e-02   1.110e+05 0 inti1206   1.111e+05 3 inti1206   2.270e-01 3.631e+00  9.292e+04
6.331954e-02   1.684e+05 0 inti1206   1.685e+05 3 inti1206   3.412e-01 5.460e+00  9.592e+04
6.407607e-02   1.117e+05 0 inti1206   1.118e+05 3 inti1206   2.248e-01 3.597e+00  9.347e+04
6.482725e-02   1.131e+05 0 inti1206   1.132e+05 3 inti1206   2.257e-01 3.611e+00  9.508e+04
6.557962e-02   1.134e+05 0 inti1206   1.135e+05 3 inti1206   2.244e-01 3.590e+00  9.504e+04
6.634528e-02   1.751e+05 0 inti1206   1.753e+05 3 inti1206   3.435e-01 5.496e+00  9.902e+04
6.708961e-02   1.148e+05 0 inti1206   1.150e+05 3 inti1206   2.239e-01 3.582e+00  9.634e+04
6.785556e-02   1.154e+05 0 inti1206   1.155e+05 3 inti1206   2.231e-01 3.569e+00  9.700e+04
6.860901e-02   1.162e+05 0 inti1206   1.162e+05 3 inti1206   2.227e-01 3.563e+00  9.738e+04
6.938721e-02   1.754e+05 0 inti1206   1.755e+05 3 inti1206   3.334e-01 5.335e+00  1.006e+05
7.013295e-02   1.182e+05 0 inti1206   1.184e+05 3 inti1206   2.235e-01 3.576e+00  9.937e+04
7.087930e-02   1.190e+05 0 inti1206   1.190e+05 3 inti1206   2.231e-01 3.570e+00  1.001e+05
7.164043e-02   1.211e+05 0 inti1206   1.211e+05 3 inti1206   2.252e-01 3.603e+00  1.017e+05
7.239249e-02   1.855e+05 0 inti1206   1.856e+05 3 inti1206   3.426e-01 5.481e+00  1.051e+05
7.315895e-02   1.294e+05 2 inti1206   1.294e+05 3 inti1206   2.374e-01 3.798e+00  1.096e+05
7.390518e-02   1.230e+05 0 inti1206   1.231e+05 3 inti1206   2.241e-01 3.586e+00  1.034e+05
7.467031e-02   1.238e+05 1 inti1206   1.239e+05 2 inti1206   2.239e-01 3.582e+00  1.053e+05
7.543085e-02   1.915e+05 0 inti1206   1.916e+05 2 inti1206   3.438e-01 5.501e+00  1.099e+05
7.619916e-02   1.246e+05 0 inti1206   1.247e+05 2 inti1206   2.225e-01 3.559e+00  1.061e+05
7.697243e-02   1.256e+05 1 inti1206   1.257e+05 2 inti1206   2.227e-01 3.563e+00  1.073e+05
7.773788e-02   1.260e+05 1 inti1206   1.261e+05 2 inti1206   2.217e-01 3.547e+00  1.073e+05
7.852273e-02   1.889e+05 0 inti1206   1.890e+05 3 inti1206   3.299e-01 5.279e+00  1.095e+05
7.928961e-02   1.263e+05 0 inti1206   1.266e+05 2 inti1206   2.196e-01 3.514e+00  1.076e+05
8.009283e-02   1.271e+05 1 inti1206   1.272e+05 2 inti1206   2.192e-01 3.507e+00  1.083e+05
8.088387e-02   1.268e+05 1 inti1206   1.269e+05 2 inti1206   2.172e-01 3.475e+00  1.077e+05
8.167752e-02   1.883e+05 0 inti1206   1.885e+05 2 inti1206   3.203e-01 5.125e+00  1.092e+05
8.247104e-02   1.280e+05 0 inti1206   1.378e+05 1 inti1206   2.329e-01 3.727e+00  1.086e+05
8.326244e-02   1.281e+05 1 inti1206   1.282e+05 2 inti1206   2.152e-01 3.442e+00  1.090e+05
8.405229e-02   1.287e+05 1 inti1206   1.288e+05 2 inti1206   2.147e-01 3.436e+00  1.093e+05
8.484312e-02   2.000e+05 1 inti1206   2.002e+05 2 inti1206   3.313e-01 5.302e+00  1.139e+05
8.563679e-02   1.301e+05 0 inti1206   1.303e+05 2 inti1206   2.146e-01 3.434e+00  1.105e+05
8.643529e-02   1.308e+05 1 inti1206   1.309e+05 2 inti1206   2.141e-01 3.425e+00  1.111e+05
8.726348e-02   1.324e+05 0 inti1206   1.325e+05 2 inti1206   2.153e-01 3.445e+00  1.124e+05
8.812455e-02   1.978e+05 1 inti1206   1.979e+05 2 inti1206   3.194e-01 5.110e+00  1.164e+05
8.895826e-02   1.340e+05 1 inti1206   1.341e+05 2 inti1206   2.152e-01 3.443e+00  1.138e+05
8.982990e-02   1.341e+05 1 inti1206   1.342e+05 2 inti1206   2.140e-01 3.424e+00  1.143e+05
9.067161e-02   1.360e+05 1 inti1206   1.361e+05 2 inti1206   2.155e-01 3.449e+00  1.157e+05
9.151738e-02   2.119e+05 1 inti1206   2.120e+05 2 inti1206   3.336e-01 5.337e+00  1.203e+05
9.236622e-02   1.375e+05 1 inti1206   1.376e+05 2 inti1206   2.154e-01 3.447e+00  1.166e+05
9.322105e-02   1.397e+05 1 inti1206   1.397e+05 2 inti1206   2.174e-01 3.478e+00  1.187e+05
9.408465e-02   1.402e+05 1 inti1206   1.403e+05 2 inti1206   2.169e-01 3.471e+00  1.190e+05
9.496200e-02   2.068e+05 1 inti1206   2.069e+05 2 inti1206   3.179e-01 5.086e+00  1.232e+05
9.583332e-02   1.422e+05 0 inti1206   1.422e+05 2 inti1206   2.174e-01 3.478e+00  1.208e+05
9.671692e-02   1.458e+05 1 inti1206   1.460e+05 2 inti1206   2.217e-01 3.547e+00  1.248e+05
9.757583e-02   1.459e+05 1 inti1206   1.460e+05 2 inti1206   2.204e-01 3.527e+00  1.251e+05
9.844264e-02   2.193e+05 1 inti1206   2.194e+05 2 inti1206   3.294e-01 5.270e+00  1.292e+05
9.932977e-02   1.470e+05 1 inti1206   1.472e+05 2 inti1206   2.198e-01 3.518e+00  1.262e+05
1.002363e-01   1.484e+05 0 inti1206   1.485e+05 2 inti1206   2.207e-01 3.530e+00  1.273e+05
1.013046e-01   1.469e+05 1 inti1206   1.471e+05 2 inti1206   2.170e-01 3.472e+00  1.258e+05
1.022548e-01   2.219e+05 0 inti1206   2.220e+05 2 inti1206   3.256e-01 5.209e+00  1.280e+05
1.031838e-01   1.480e+05 0 inti1206   1.482e+05 2 inti1206   2.163e-01 3.461e+00  1.269e+05
1.043467e-01   1.498e+05 1 inti1206   1.500e+05 2 inti1206   2.175e-01 3.480e+00  1.270e+05
1.053649e-01   1.497e+05 1 inti1206   1.498e+05 2 inti1206   2.159e-01 3.454e+00  1.283e+05
1.062345e-01   2.202e+05 0 inti1206   2.203e+05 2 inti1206   3.159e-01 5.055e+00  1.306e+05
1.070998e-01   1.500e+05 0 inti1206   1.501e+05 2 inti1206   2.145e-01 3.432e+00  1.285e+05
1.079733e-01   1.517e+05 1 inti1206   1.519e+05 2 inti1206   2.160e-01 3.456e+00  1.305e+05
1.088311e-01   1.507e+05 0 inti1206   1.508e+05 2 inti1206   2.135e-01 3.416e+00  1.293e+05
1.097038e-01   2.226e+05 0 inti1206   2.228e+05 2 inti1206   3.139e-01 5.022e+00  1.315e+05
1.105722e-01   1.518e+05 0 inti1206   1.519e+05 2 inti1206   2.133e-01 3.413e+00  1.302e+05
1.114550e-01   1.520e+05 1 inti1206   1.522e+05 2 inti1206   2.126e-01 3.402e+00  1.307e+05
1.123316e-01   1.535e+05 0 inti1206   1.537e+05 2 inti1206   2.138e-01 3.421e+00  1.319e+05
1.131958e-01   2.337e+05 1 inti1206   2.338e+05 2 inti1206   3.237e-01 5.179e+00  1.356e+05
1.140571e-01   1.553e+05 0 inti1206   1.555e+05 2 inti1206   2.145e-01 3.432e+00  1.335e+05
1.149175e-01   1.551e+05 1 inti1206   1.552e+05 2 inti1206   2.132e-01 3.411e+00  1.335e+05
1.157779e-01   1.556e+05 1 inti1206   1.558e+05 2 inti1206   2.130e-01 3.407e+00  1.337e+05
1.166433e-01   2.294e+05 1 inti1206   2.295e+05 2 inti1206   3.124e-01 4.998e+00  1.371e+05
1.175113e-01   1.581e+05 0 inti1206   1.582e+05 2 inti1206   2.145e-01 3.433e+00  1.355e+05
1.183777e-01   1.594e+05 1 inti1206   1.595e+05 2 inti1206   2.153e-01 3.445e+00  1.371e+05
1.192372e-01   1.605e+05 1 inti1206   1.606e+05 2 inti1206   2.158e-01 3.453e+00  1.376e+05
1.200986e-01   2.383e+05 1 inti1206   2.385e+05 2 inti1206   3.190e-01 5.104e+00  1.417e+05
1.209708e-01   1.625e+05 0 inti1206   1.627e+05 2 inti1206   2.168e-01 3.469e+00  1.394e+05
1.218525e-01   1.627e+05 1 inti1206   1.629e+05 2 inti1206   2.161e-01 3.458e+00  1.401e+05
1.227413e-01   1.632e+05 0 inti1206   1.634e+05 2 inti1206   2.159e-01 3.454e+00  1.403e+05
1.236305e-01   2.453e+05 1 inti1206   2.454e+05 2 inti1206   3.228e-01 5.164e+00  1.466e+05
1.245228e-01   1.646e+05 0 inti1206   1.648e+05 2 inti1206   2.160e-01 3.456e+00  1.415e+05
1.254152e-01   1.648e+05 1 inti1206   1.650e+05 2 inti1206   2.152e-01 3.443e+00  1.420e+05
1.263029e-01   1.664e+05 0 inti1206   1.666e+05 2 inti1206   2.163e-01 3.461e+00  1.431e+05
1.271935e-01   2.521e+05 1 inti1206   2.523e+05 2 inti1206   3.262e-01 5.219e+00  1.486e+05
1.280881e-01   1.679e+05 0 inti1206   1.680e+05 2 inti1206   2.165e-01 3.463e+00  1.438e+05
1.289875e-01   1.689e+05 1 inti1206   1.690e+05 2 inti1206   2.168e-01 3.469e+00  1.457e+05
1.298938e-01   1.696e+05 0 inti1206   1.698e+05 2 inti1206   2.168e-01 3.469e+00  1.460e+05
1.308082e-01   2.621e+05 1 inti1206   2.623e+05 2 inti1206   3.333e-01 5.333e+00  1.528e+05
1.317236e-01   1.709e+05 0 inti1206   1.712e+05 2 inti1206   2.168e-01 3.468e+00  1.474e+05
1.326368e-01   1.717e+05 1 inti1206   1.718e+05 2 inti1206   2.165e-01 3.465e+00  1.480e+05
1.335610e-01   1.725e+05 0 inti1206   1.726e+05 2 inti1206   2.166e-01 3.465e+00  1.486e+05
1.344923e-01   4.783e+05 0 inti1206   4.785e+05 2 inti1206   5.973e-01 9.557e+00  1.568e+05
1.354166e-01   1.729e+05 0 inti1206   1.730e+05 2 inti1206   2.151e-01 3.442e+00  1.493e+05
1.363382e-01   1.729e+05 0 inti1206   1.730e+05 2 inti1206   2.141e-01 3.426e+00  1.493e+05
1.372680e-01   1.731e+05 0 inti1206   1.732e+05 2 inti1206   2.133e-01 3.413e+00  1.495e+05
1.382093e-01   2.596e+05 3 inti1206   2.597e+05 2 inti1206   3.183e-01 5.093e+00  1.522e+05
1.391334e-01   1.739e+05 0 inti1206   1.740e+05 2 inti1206   2.125e-01 3.400e+00  1.504e+05
1.400730e-01   1.745e+05 0 inti1206   1.746e+05 2 inti1206   2.122e-01 3.395e+00  1.511e+05
1.410034e-01   1.772e+05 0 inti1206   1.773e+05 2 inti1206   2.144e-01 3.430e+00  1.534e+05
1.419476e-01   2.611e+05 0 inti1206   2.612e+05 2 inti1206   3.142e-01 5.027e+00  1.572e+05
1.428759e-01   1.812e+05 0 inti1206   1.814e+05 2 inti1206   2.173e-01 3.477e+00  1.576e+05
1.438161e-01   1.809e+05 0 inti1206   1.810e+05 2 inti1206   2.158e-01 3.452e+00  1.574e+05
1.447593e-01   1.803e+05 0 inti1206   1.805e+05 2 inti1206   2.139e-01 3.422e+00  1.566e+05
1.456949e-01   2.701e+05 0 inti1206   2.703e+05 2 inti1206   3.186e-01 5.098e+00  1.592e+05
1.466394e-01   1.821e+05 0 inti1206   1.823e+05 2 inti1206   2.139e-01 3.423e+00  1.583e+05
1.475793e-01   1.851e+05 0 inti1206   1.852e+05 2 inti1206   2.162e-01 3.459e+00  1.606e+05
1.485236e-01   1.839e+05 0 inti1206   1.841e+05 2 inti1206   2.138e-01 3.420e+00  1.601e+05
1.494704e-01   2.784e+05 0 inti1206   2.785e+05 2 inti1206   3.216e-01 5.146e+00  1.626e+05
1.504158e-01   1.853e+05 0 inti1206   1.856e+05 2 inti1206   2.133e-01 3.412e+00  1.613e+05
1.513535e-01   1.879e+05 0 inti1206   1.880e+05 2 inti1206   2.148e-01 3.437e+00  1.640e+05
1.523143e-01   1.861e+05 0 inti1206   1.862e+05 2 inti1206   2.115e-01 3.385e+00  1.620e+05
1.532509e-01   2.760e+05 0 inti1206   2.762e+05 2 inti1206   3.120e-01 4.992e+00  1.656e+05
1.542154e-01   1.874e+05 0 inti1206   1.875e+05 2 inti1206   2.109e-01 3.374e+00  1.632e+05
1.551536e-01   1.902e+05 0 inti1206   1.903e+05 2 inti1206   2.129e-01 3.406e+00  1.661e+05
1.561051e-01   1.897e+05 0 inti1206   1.898e+05 2 inti1206   2.112e-01 3.380e+00  1.653e+05
1.570518e-01   3.119e+05 0 inti1206   3.122e+05 2 inti1206   3.455e-01 5.528e+00  1.693e+05
1.579944e-01   1.921e+05 0 inti1206   1.922e+05 2 inti1206   2.118e-01 3.389e+00  1.676e+05
1.589447e-01   1.956e+05 0 inti1206   1.957e+05 2 inti1206   2.146e-01 3.434e+00  1.707e+05
1.598953e-01   1.954e+05 0 inti1206   1.955e+05 2 inti1206   2.134e-01 3.415e+00  1.705e+05
1.608364e-01   2.992e+05 0 inti1206   2.993e+05 2 inti1206   3.252e-01 5.203e+00  1.737e+05
1.617942e-01   1.949e+05 0 inti1206   1.951e+05 2 inti1206   2.112e-01 3.379e+00  1.700e+05
1.627435e-01   1.965e+05 0 inti1206   1.966e+05 2 inti1206   2.120e-01 3.392e+00  1.714e+05
1.637023e-01   1.975e+05 3 inti1206   1.976e+05 2 inti1206   2.122e-01 3.395e+00  1.722e+05
1.646490e-01   3.037e+05 0 inti1206   3.038e+05 2 inti1206   3.247e-01 5.196e+00  1.766e+05
1.655884e-01   2.010e+05 0 inti1206   2.011e+05 2 inti1206   2.143e-01 3.428e+00  1.757e+05
1.665529e-01   2.009e+05 0 inti1206   2.010e+05 2 inti1206   2.133e-01 3.413e+00  1.757e+05
1.675928e-01   2.023e+05 0 inti1206   2.025e+05 2 inti1206   2.140e-01 3.424e+00  1.770e+05
1.686490e-01   3.140e+05 0 inti1206   3.141e+05 2 inti1206   3.304e-01 5.286e+00  1.826e+05
1.697228e-01   2.068e+05 0 inti1206   2.069e+05 2 inti1206   2.169e-01 3.471e+00  1.801e+05
1.708417e-01   2.079e+05 0 inti1206   2.080e+05 2 inti1206   2.171e-01 3.474e+00  1.811e+05
1.719966e-01   2.089e+05 0 inti1206   2.090e+05 2 inti1206   2.172e-01 3.476e+00  1.817e+05
1.730310e-01   3.093e+05 0 inti1206   3.096e+05 2 inti1206   3.207e-01 5.131e+00  1.864e+05
1.740413e-01   2.087e+05 0 inti1206   2.088e+05 2 inti1206   2.158e-01 3.453e+00  1.820e+05
1.751167e-01   2.099e+05 0 inti1206   2.101e+05 2 inti1206   2.163e-01 3.461e+00  1.833e+05
1.761903e-01   2.089e+05 0 inti1206   2.090e+05 2 inti1206   2.146e-01 3.433e+00  1.822e+05
1.773419e-01   3.005e+05 0 inti1206   3.006e+05 2 inti1206   3.076e-01 4.922e+00  1.852e+05
1.784888e-01   2.090e+05 0 inti1206   2.091e+05 2 inti1206   2.135e-01 3.416e+00  1.824e+05
1.796306e-01   2.113e+05 0 inti1206   2.114e+05 2 inti1206   2.152e-01 3.444e+00  1.848e+05
1.807000e-01   2.100e+05 0 inti1206   2.101e+05 2 inti1206   2.133e-01 3.413e+00  1.826e+05
1.817045e-01   3.068e+05 0 inti1206   3.069e+05 2 inti1206   3.110e-01 4.976e+00  1.854e+05
1.827369e-01   2.095e+05 0 inti1206   2.096e+05 2 inti1206   2.119e-01 3.391e+00  1.828e+05
1.837790e-01   2.093e+05 0 inti1206   2.094e+05 2 inti1206   2.112e-01 3.379e+00  1.828e+05
1.847580e-01   2.092e+05 0 inti1206   2.092e+05 2 inti1206   2.106e-01 3.370e+00  1.826e+05
1.857636e-01   3.036e+05 0 inti1206   3.037e+05 2 inti1206   3.051e-01 4.882e+00  1.874e+05
1.867634e-01   2.104e+05 0 inti1206   2.107e+05 2 inti1206   2.113e-01 3.381e+00  1.839e+05
1.877625e-01   2.113e+05 3 inti1206   2.115e+05 2 inti1206   2.117e-01 3.388e+00  1.846e+05
1.887653e-01   2.121e+05 0 inti1206   2.122e+05 2 inti1206   2.121e-01 3.394e+00  1.853e+05
1.896972e-01   3.016e+05 0 inti1206   3.017e+05 2 inti1206   3.012e-01 4.819e+00  1.905e+05
1.906471e-01   2.124e+05 0 inti1206   2.125e+05 2 inti1206   2.118e-01 3.390e+00  1.856e+05
1.916009e-01   2.128e+05 0 inti1206   2.129e+05 2 inti1206   2.119e-01 3.391e+00  1.861e+05
1.925682e-01   2.152e+05 3 inti1206   2.154e+05 2 inti1206   2.141e-01 3.425e+00  1.881e+05
1.935892e-01   3.151e+05 0 inti1206   3.152e+05 2 inti1206   3.128e-01 5.005e+00  1.925e+05
1.945779e-01   2.153e+05 0 inti1206   2.155e+05 2 inti1206   2.137e-01 3.419e+00  1.880e+05
1.955592e-01   2.154e+05 0 inti1206   2.155e+05 2 inti1206   2.134e-01 3.414e+00  1.885e+05
1.965848e-01   2.158e+05 0 inti1206   2.160e+05 2 inti1206   2.135e-01 3.416e+00  1.887e+05
1.975397e-01   3.045e+05 0 inti1206   3.047e+05 2 inti1206   3.007e-01 4.812e+00  1.953e+05
1.985334e-01   2.195e+05 0 inti1206   2.196e+05 2 inti1206   2.165e-01 3.464e+00  1.916e+05
1.995779e-01   2.225e+05 0 inti1206   2.227e+05 2 inti1206   2.192e-01 3.507e+00  1.948e+05
