#   1 : Date        
# Date        
0.000000e+00
1.807392e-05
2.865299e-05
3.680825e-05
4.331462e-05
4.906367e-05
5.538763e-05
6.204872e-05
6.795979e-05
7.446196e-05
8.161436e-05
8.947053e-05
9.702468e-05
1.053342e-04
1.143002e-04
1.241628e-04
1.337027e-04
1.436480e-04
1.545879e-04
1.657374e-04
1.769297e-04
1.886124e-04
2.010176e-04
2.132284e-04
2.257171e-04
2.388127e-04
2.521957e-04
2.655017e-04
2.797183e-04
2.939297e-04
3.084532e-04
3.235230e-04
3.388720e-04
3.545256e-04
3.707045e-04
3.871136e-04
4.039712e-04
4.213429e-04
4.389057e-04
4.566041e-04
4.748726e-04
4.934284e-04
5.123968e-04
5.317204e-04
5.513472e-04
5.713195e-04
5.916317e-04
6.121877e-04
6.330631e-04
6.541431e-04
6.756129e-04
6.973298e-04
7.193540e-04
7.416524e-04
7.642145e-04
7.870888e-04
8.102207e-04
8.336410e-04
8.572999e-04
8.811975e-04
9.052984e-04
9.296850e-04
9.542344e-04
9.790738e-04
1.004107e-03
1.029433e-03
1.054937e-03
1.080786e-03
1.106828e-03
1.133123e-03
1.159624e-03
1.186464e-03
1.213485e-03
1.240745e-03
1.268213e-03
1.295923e-03
1.323861e-03
1.352053e-03
1.380427e-03
1.409065e-03
1.437917e-03
1.467083e-03
1.496472e-03
1.526126e-03
1.555964e-03
1.586157e-03
1.616605e-03
1.647287e-03
1.678149e-03
1.709331e-03
1.740719e-03
1.772176e-03
1.803794e-03
1.835622e-03
1.867602e-03
1.899875e-03
1.932477e-03
1.965120e-03
1.998093e-03
2.031272e-03
2.064625e-03
2.098278e-03
2.132152e-03
2.166096e-03
2.200218e-03
2.234613e-03
2.269156e-03
2.304035e-03
2.339154e-03
2.374341e-03
2.409910e-03
2.445536e-03
2.481298e-03
2.517257e-03
2.553563e-03
2.589879e-03
2.626441e-03
2.663275e-03
2.700239e-03
2.737218e-03
2.774286e-03
2.811384e-03
2.848464e-03
2.885545e-03
2.922654e-03
2.959773e-03
2.996956e-03
3.034185e-03
3.071426e-03
3.108658e-03
3.145912e-03
3.183198e-03
3.220536e-03
3.257870e-03
3.295200e-03
3.332536e-03
3.369894e-03
3.407260e-03
3.444668e-03
3.482147e-03
3.519673e-03
3.557183e-03
3.594705e-03
3.632233e-03
3.669785e-03
3.707361e-03
3.744979e-03
3.782656e-03
3.820390e-03
3.858179e-03
3.895974e-03
3.933780e-03
3.971613e-03
4.009467e-03
4.047361e-03
4.085306e-03
4.123305e-03
4.161376e-03
4.199514e-03
4.237739e-03
4.276041e-03
4.314375e-03
4.352763e-03
4.391183e-03
4.429648e-03
4.468167e-03
4.506740e-03
4.545383e-03
4.584094e-03
4.622892e-03
4.661770e-03
4.700738e-03
4.739795e-03
4.778951e-03
4.818211e-03
4.857580e-03
4.897008e-03
4.936562e-03
4.976227e-03
5.016040e-03
5.055974e-03
5.096068e-03
5.136308e-03
5.176716e-03
5.217294e-03
5.258054e-03
5.298898e-03
5.339959e-03
5.381206e-03
5.422705e-03
5.464406e-03
5.506366e-03
5.548551e-03
5.590969e-03
5.633478e-03
5.676268e-03
5.719278e-03
5.762600e-03
5.806189e-03
5.850104e-03
5.894337e-03
5.938919e-03
5.983870e-03
6.028940e-03
6.074401e-03
6.120168e-03
6.166087e-03
6.212199e-03
6.258463e-03
6.304919e-03
6.351502e-03
6.398256e-03
6.445149e-03
6.491984e-03
6.538814e-03
6.585634e-03
6.632479e-03
6.679338e-03
6.726244e-03
6.773153e-03
6.820047e-03
6.866960e-03
6.913930e-03
6.960908e-03
7.007964e-03
7.055056e-03
7.102123e-03
7.149236e-03
7.196399e-03
7.243601e-03
7.290889e-03
7.338237e-03
7.385648e-03
7.433130e-03
7.480701e-03
7.528326e-03
7.576025e-03
7.623137e-03
7.669844e-03
7.716377e-03
7.762280e-03
7.808021e-03
7.853451e-03
7.898491e-03
7.943181e-03
7.987737e-03
8.031940e-03
8.075857e-03
8.119650e-03
8.163144e-03
8.206395e-03
8.249546e-03
8.292281e-03
8.334891e-03
8.377372e-03
8.419548e-03
8.461617e-03
8.503582e-03
8.545372e-03
8.587083e-03
8.628679e-03
8.669252e-03
8.706468e-03
8.741308e-03
8.773898e-03
8.805315e-03
8.835546e-03
8.864884e-03
8.893307e-03
8.920886e-03
8.946898e-03
8.971827e-03
8.996430e-03
9.020817e-03
9.045332e-03
9.069907e-03
9.094568e-03
9.119303e-03
9.144121e-03
9.168967e-03
9.193842e-03
9.218700e-03
9.243555e-03
9.268350e-03
9.293118e-03
9.317810e-03
9.342458e-03
9.367021e-03
9.391529e-03
9.415947e-03
9.440305e-03
9.464574e-03
9.488781e-03
9.512901e-03
9.536961e-03
9.560939e-03
9.584860e-03
9.608706e-03
9.632499e-03
9.656225e-03
9.679906e-03
9.703527e-03
9.727110e-03
9.750645e-03
9.774149e-03
9.797614e-03
9.821059e-03
9.844476e-03
9.867882e-03
9.891272e-03
9.914659e-03
9.938038e-03
9.961422e-03
9.984809e-03
1.000821e-02
1.003163e-02
1.005506e-02
1.007853e-02
1.010202e-02
1.012555e-02
1.014912e-02
1.017273e-02
1.019639e-02
1.022009e-02
1.024385e-02
1.026766e-02
1.029153e-02
1.031545e-02
1.033943e-02
1.036348e-02
1.038759e-02
1.041176e-02
1.043599e-02
1.046030e-02
1.048467e-02
1.050911e-02
1.053362e-02
1.055820e-02
1.058286e-02
1.060759e-02
1.063240e-02
1.065729e-02
1.068226e-02
1.070731e-02
1.073245e-02
1.075767e-02
1.078299e-02
1.080840e-02
1.083390e-02
1.085950e-02
1.088519e-02
1.091099e-02
1.093689e-02
1.096290e-02
1.098901e-02
1.101524e-02
1.104158e-02
1.106804e-02
1.109461e-02
1.112130e-02
1.114812e-02
1.117506e-02
1.120212e-02
1.122932e-02
1.125664e-02
1.128409e-02
1.131168e-02
1.133940e-02
1.136725e-02
1.139524e-02
1.142336e-02
1.145162e-02
1.148002e-02
1.150855e-02
1.153722e-02
1.156603e-02
1.159497e-02
1.162404e-02
1.165326e-02
1.168261e-02
1.171209e-02
1.174170e-02
1.177145e-02
1.180133e-02
1.183133e-02
1.186147e-02
1.189174e-02
1.192214e-02
1.195266e-02
1.198331e-02
1.201409e-02
1.204500e-02
1.207603e-02
1.210718e-02
1.213846e-02
1.216986e-02
1.220139e-02
1.223304e-02
1.226480e-02
1.229669e-02
1.232870e-02
1.236082e-02
1.239306e-02
1.242541e-02
1.245788e-02
1.249046e-02
1.252316e-02
1.255596e-02
1.258887e-02
1.262189e-02
1.265502e-02
1.268826e-02
1.272160e-02
1.275504e-02
1.278858e-02
1.282222e-02
1.285596e-02
1.288979e-02
1.292372e-02
1.295774e-02
1.299186e-02
1.302606e-02
1.306034e-02
1.309471e-02
1.312916e-02
1.316369e-02
1.319830e-02
1.323299e-02
1.326774e-02
1.330257e-02
1.333746e-02
1.337241e-02
1.340743e-02
1.344251e-02
1.347765e-02
1.351284e-02
1.354808e-02
1.358337e-02
1.361871e-02
1.365409e-02
1.368952e-02
1.372498e-02
1.376049e-02
1.379603e-02
1.383160e-02
1.386720e-02
1.390283e-02
1.393848e-02
1.397416e-02
1.400986e-02
1.404558e-02
1.408132e-02
1.411708e-02
1.415284e-02
1.418863e-02
1.422442e-02
1.426022e-02
1.429602e-02
1.433183e-02
1.436765e-02
1.440346e-02
1.443928e-02
1.447510e-02
1.451091e-02
1.454671e-02
1.458252e-02
1.461831e-02
1.465409e-02
1.468987e-02
1.472563e-02
1.476138e-02
1.479712e-02
1.483285e-02
1.487136e-02
1.490987e-02
1.494836e-02
1.498684e-02
1.502529e-02
1.506372e-02
1.510212e-02
1.514050e-02
1.517885e-02
1.521717e-02
1.525546e-02
1.529371e-02
1.533194e-02
1.537013e-02
1.540829e-02
1.544641e-02
1.548451e-02
1.552257e-02
1.556060e-02
1.559859e-02
1.563656e-02
1.567449e-02
1.571239e-02
1.575026e-02
1.578811e-02
1.582591e-02
1.586369e-02
1.590144e-02
1.593914e-02
1.597682e-02
1.601447e-02
1.605210e-02
1.608970e-02
1.612729e-02
1.616485e-02
1.620238e-02
1.623990e-02
1.627739e-02
1.631486e-02
1.635231e-02
1.638974e-02
1.642715e-02
1.646455e-02
1.650192e-02
1.653928e-02
1.657662e-02
1.661394e-02
1.665125e-02
1.668855e-02
1.672583e-02
1.676310e-02
1.680035e-02
1.683760e-02
1.687483e-02
1.691206e-02
1.694927e-02
1.698648e-02
1.702368e-02
1.706087e-02
1.709806e-02
1.713525e-02
1.717243e-02
1.720961e-02
1.724679e-02
1.728397e-02
1.732115e-02
1.735833e-02
1.739552e-02
1.743270e-02
1.746989e-02
1.750708e-02
1.754428e-02
1.758148e-02
1.761869e-02
1.765590e-02
1.769313e-02
1.773035e-02
1.776760e-02
1.780484e-02
1.784211e-02
1.787938e-02
1.791666e-02
1.795396e-02
1.799127e-02
1.802859e-02
1.806593e-02
1.810329e-02
1.814066e-02
1.817804e-02
1.821545e-02
1.825286e-02
1.829030e-02
1.832775e-02
1.836523e-02
1.840272e-02
1.844023e-02
1.847711e-02
1.851399e-02
1.855087e-02
1.858779e-02
1.862472e-02
1.866167e-02
1.869863e-02
1.873562e-02
1.877261e-02
1.880940e-02
1.884514e-02
1.887982e-02
1.891365e-02
1.894662e-02
1.897872e-02
1.901008e-02
1.904065e-02
1.907025e-02
1.909901e-02
1.912720e-02
1.915501e-02
1.918241e-02
1.920944e-02
1.923622e-02
1.926284e-02
1.928927e-02
1.931549e-02
1.934158e-02
1.936758e-02
1.939347e-02
1.941923e-02
1.944489e-02
1.947048e-02
1.949601e-02
1.952144e-02
1.954680e-02
1.957210e-02
1.959737e-02
1.962257e-02
1.964771e-02
1.967280e-02
1.969784e-02
1.972286e-02
1.974784e-02
1.977281e-02
1.979778e-02
1.982276e-02
1.984768e-02
1.987259e-02
1.989746e-02
1.992232e-02
1.994718e-02
1.997206e-02
1.999694e-02
2.002186e-02
2.004678e-02
2.007168e-02
2.009657e-02
2.012148e-02
2.014639e-02
2.017132e-02
2.019627e-02
2.022126e-02
2.024629e-02
2.027135e-02
2.029640e-02
2.032147e-02
2.034655e-02
2.037167e-02
2.039683e-02
2.042205e-02
2.044732e-02
2.047267e-02
2.049805e-02
2.052346e-02
2.054891e-02
2.057441e-02
2.059996e-02
2.062559e-02
2.065129e-02
2.067708e-02
2.070296e-02
2.072890e-02
2.075488e-02
2.078093e-02
2.080704e-02
2.083323e-02
2.085950e-02
2.088587e-02
2.091233e-02
2.093890e-02
2.096553e-02
2.099222e-02
2.101897e-02
2.104580e-02
2.107271e-02
2.109971e-02
2.112680e-02
2.115400e-02
2.118130e-02
2.120866e-02
2.123607e-02
2.126355e-02
2.129109e-02
2.131872e-02
2.134643e-02
2.137423e-02
2.140213e-02
2.143014e-02
2.145818e-02
2.148627e-02
2.151441e-02
2.154263e-02
2.157091e-02
2.159928e-02
2.162774e-02
2.165629e-02
2.168492e-02
2.171358e-02
2.174229e-02
2.177105e-02
2.179987e-02
2.182877e-02
2.185774e-02
2.188681e-02
2.191598e-02
2.194519e-02
2.197443e-02
2.200372e-02
2.203307e-02
2.206248e-02
2.209196e-02
2.212154e-02
2.215121e-02
2.218097e-02
2.221075e-02
2.224056e-02
2.227042e-02
2.230035e-02
2.233033e-02
2.236040e-02
2.239056e-02
2.242081e-02
2.245108e-02
2.248139e-02
2.251174e-02
2.254216e-02
2.257264e-02
2.260320e-02
2.263385e-02
2.266461e-02
2.269542e-02
2.272626e-02
2.275714e-02
2.278809e-02
2.281910e-02
2.285019e-02
2.288138e-02
2.291268e-02
2.294405e-02
2.297545e-02
2.300689e-02
2.303839e-02
2.306995e-02
2.310159e-02
2.313331e-02
2.316514e-02
2.319707e-02
2.322903e-02
2.326103e-02
2.329309e-02
2.332522e-02
2.335742e-02
2.338971e-02
2.342211e-02
2.345461e-02
2.348719e-02
2.351980e-02
2.355247e-02
2.358519e-02
2.361798e-02
2.365084e-02
2.368380e-02
2.371685e-02
2.375001e-02
2.378320e-02
2.381644e-02
2.384973e-02
2.388309e-02
2.391653e-02
2.395005e-02
2.398367e-02
2.401739e-02
2.405118e-02
2.408501e-02
2.411889e-02
2.415284e-02
2.418685e-02
2.422094e-02
2.425509e-02
2.428934e-02
2.432368e-02
2.435809e-02
2.439254e-02
2.442703e-02
2.446157e-02
2.449617e-02
2.453085e-02
2.456562e-02
2.460048e-02
2.463543e-02
2.467042e-02
2.470544e-02
2.474052e-02
2.477565e-02
2.481086e-02
2.484614e-02
2.488149e-02
2.491691e-02
2.495241e-02
2.498795e-02
2.502354e-02
2.505919e-02
2.509489e-02
2.513066e-02
2.516649e-02
2.520240e-02
2.523839e-02
2.527442e-02
2.531048e-02
2.534661e-02
2.538279e-02
2.541904e-02
2.545537e-02
2.549178e-02
2.552827e-02
2.556480e-02
2.560137e-02
2.563798e-02
2.567465e-02
2.571138e-02
2.574817e-02
2.578505e-02
2.582201e-02
2.585906e-02
2.589614e-02
2.593327e-02
2.597044e-02
2.600767e-02
2.604496e-02
2.608232e-02
2.611976e-02
2.615728e-02
2.619490e-02
2.623256e-02
2.627026e-02
2.630801e-02
2.634581e-02
2.638368e-02
2.642162e-02
2.645963e-02
2.649772e-02
2.653590e-02
2.657415e-02
2.661244e-02
2.665078e-02
2.668916e-02
2.672761e-02
2.676613e-02
2.680471e-02
2.684338e-02
2.688212e-02
2.692094e-02
2.695982e-02
2.699875e-02
2.703772e-02
2.707675e-02
2.711584e-02
2.715499e-02
2.719422e-02
2.723351e-02
2.727288e-02
2.731232e-02
2.735182e-02
2.739137e-02
2.743097e-02
2.747062e-02
2.751033e-02
2.755011e-02
2.758994e-02
2.762984e-02
2.766981e-02
2.770985e-02
2.774996e-02
2.779012e-02
2.783033e-02
2.787060e-02
2.791091e-02
2.795128e-02
2.799171e-02
2.803220e-02
2.807275e-02
2.811337e-02
2.815407e-02
2.819483e-02
2.823564e-02
2.827650e-02
2.831740e-02
2.835835e-02
2.839936e-02
2.844042e-02
2.848155e-02
2.852274e-02
2.856401e-02
2.860535e-02
2.864675e-02
2.868819e-02
2.872968e-02
2.877121e-02
2.881279e-02
2.885443e-02
2.889612e-02
2.893788e-02
2.897970e-02
2.902160e-02
2.906356e-02
2.910560e-02
2.914766e-02
2.918978e-02
2.923193e-02
2.927414e-02
2.931639e-02
2.935871e-02
2.940109e-02
2.944353e-02
2.948604e-02
2.952862e-02
2.957127e-02
2.961395e-02
2.965668e-02
2.969945e-02
2.974227e-02
2.978514e-02
2.982806e-02
2.987105e-02
2.991409e-02
2.995720e-02
3.000037e-02
3.004362e-02
3.008688e-02
3.013006e-02
3.017313e-02
3.021612e-02
3.025901e-02
3.030183e-02
3.034456e-02
3.038722e-02
3.042980e-02
3.047233e-02
3.051482e-02
3.055726e-02
3.059967e-02
3.064205e-02
3.068442e-02
3.072677e-02
3.076909e-02
3.081139e-02
3.085367e-02
3.089594e-02
3.093821e-02
3.098048e-02
3.102277e-02
3.106507e-02
3.110740e-02
3.114975e-02
3.119213e-02
3.123454e-02
3.127699e-02
3.131948e-02
3.136201e-02
3.140457e-02
3.144715e-02
3.148976e-02
3.153240e-02
3.157506e-02
3.161776e-02
3.166048e-02
3.170323e-02
3.174601e-02
3.178881e-02
3.183164e-02
3.187449e-02
3.191738e-02
3.196029e-02
3.200323e-02
3.204620e-02
3.208921e-02
3.213225e-02
3.217532e-02
3.221843e-02
3.226158e-02
3.230476e-02
3.234798e-02
3.239124e-02
3.243455e-02
3.247789e-02
3.252128e-02
3.256471e-02
3.260819e-02
3.265170e-02
3.269525e-02
3.273884e-02
3.278246e-02
3.282611e-02
3.286979e-02
3.291351e-02
3.295728e-02
3.300107e-02
3.304491e-02
3.308878e-02
3.313270e-02
3.317666e-02
3.322067e-02
3.326471e-02
3.330881e-02
3.335294e-02
3.339713e-02
3.344137e-02
3.348566e-02
3.352999e-02
3.357438e-02
3.361881e-02
3.366329e-02
3.370780e-02
3.375234e-02
3.379690e-02
3.384148e-02
3.388608e-02
3.393069e-02
3.397532e-02
3.401998e-02
3.406466e-02
3.410937e-02
3.415411e-02
3.419886e-02
3.424363e-02
3.428841e-02
3.433321e-02
3.437804e-02
3.442290e-02
3.446779e-02
3.451272e-02
3.455769e-02
3.460271e-02
3.464779e-02
3.469290e-02
3.473805e-02
3.478325e-02
3.482850e-02
3.487380e-02
3.491912e-02
3.496442e-02
3.500971e-02
3.505499e-02
3.510027e-02
3.514556e-02
3.519085e-02
3.523615e-02
3.528147e-02
3.532678e-02
3.537208e-02
3.541738e-02
3.546268e-02
3.550799e-02
3.555330e-02
3.559863e-02
3.564397e-02
3.568934e-02
3.573473e-02
3.578015e-02
3.582559e-02
3.587105e-02
3.591652e-02
3.596202e-02
3.600754e-02
3.605308e-02
3.609865e-02
3.614424e-02
3.618984e-02
3.623547e-02
3.628113e-02
3.632682e-02
3.637254e-02
3.641831e-02
3.646412e-02
3.650998e-02
3.655589e-02
3.660183e-02
3.664780e-02
3.669381e-02
3.673985e-02
3.678594e-02
3.683206e-02
3.687824e-02
3.692446e-02
3.697073e-02
3.701706e-02
3.706344e-02
3.710989e-02
3.715639e-02
3.720292e-02
3.724951e-02
3.729613e-02
3.734280e-02
3.738952e-02
3.743629e-02
3.748311e-02
3.752999e-02
3.757693e-02
3.762393e-02
3.767099e-02
3.771810e-02
3.776527e-02
3.781249e-02
3.785977e-02
3.790711e-02
3.795450e-02
3.800197e-02
3.804949e-02
3.809707e-02
3.814471e-02
3.819240e-02
3.824013e-02
3.828791e-02
3.833574e-02
3.838363e-02
3.843156e-02
3.847955e-02
3.852759e-02
3.857568e-02
3.862382e-02
3.867202e-02
3.872027e-02
3.876858e-02
3.881693e-02
3.886534e-02
3.891381e-02
3.896231e-02
3.901084e-02
3.905942e-02
3.910802e-02
3.915667e-02
3.920536e-02
3.925408e-02
3.930284e-02
3.935165e-02
3.940049e-02
3.944938e-02
3.949831e-02
3.954728e-02
3.959629e-02
3.964534e-02
3.969443e-02
3.974355e-02
3.979271e-02
3.984191e-02
3.989115e-02
3.994044e-02
3.998976e-02
4.003912e-02
4.008852e-02
4.013796e-02
4.018743e-02
4.023694e-02
4.028647e-02
4.033604e-02
4.038564e-02
4.043528e-02
4.048494e-02
4.053464e-02
4.058437e-02
4.063413e-02
4.068392e-02
4.073373e-02
4.078357e-02
4.083343e-02
4.088330e-02
4.093318e-02
4.098308e-02
4.103300e-02
4.108295e-02
4.113292e-02
4.118292e-02
4.123296e-02
4.128304e-02
4.133316e-02
4.138332e-02
4.143354e-02
4.148380e-02
4.153411e-02
4.158447e-02
4.163489e-02
4.168535e-02
4.173586e-02
4.178642e-02
4.183703e-02
4.188769e-02
4.193840e-02
4.198915e-02
4.203996e-02
4.209081e-02
4.214170e-02
4.219264e-02
4.224357e-02
4.229448e-02
4.234535e-02
4.239620e-02
4.244703e-02
4.249783e-02
4.254862e-02
4.259938e-02
4.265012e-02
4.270084e-02
4.275155e-02
4.280225e-02
4.285293e-02
4.290362e-02
4.295431e-02
4.300500e-02
4.305571e-02
4.310643e-02
4.315716e-02
4.320791e-02
4.325869e-02
4.330948e-02
4.336030e-02
4.341114e-02
4.346200e-02
4.351288e-02
4.356379e-02
4.361472e-02
4.366567e-02
4.371664e-02
4.376764e-02
4.381866e-02
4.386969e-02
4.392075e-02
4.397181e-02
4.402290e-02
4.407400e-02
4.412512e-02
4.417626e-02
4.422742e-02
4.427859e-02
4.432978e-02
4.438099e-02
4.443223e-02
4.448348e-02
4.453475e-02
4.458604e-02
4.463735e-02
4.468869e-02
4.474004e-02
4.479142e-02
4.484281e-02
4.489423e-02
4.494567e-02
4.499713e-02
4.504860e-02
4.510009e-02
4.515159e-02
4.520310e-02
4.525463e-02
4.530616e-02
4.535771e-02
4.540926e-02
4.546082e-02
4.551238e-02
4.556396e-02
4.561554e-02
4.566712e-02
4.571871e-02
4.577030e-02
4.582190e-02
4.587350e-02
4.592510e-02
4.597670e-02
4.602831e-02
4.607991e-02
4.613151e-02
4.618310e-02
4.623470e-02
4.628629e-02
4.633789e-02
4.638948e-02
4.644108e-02
4.649268e-02
4.654428e-02
4.659589e-02
4.664751e-02
4.669913e-02
4.675076e-02
4.680240e-02
4.685405e-02
4.690571e-02
4.695740e-02
4.700909e-02
4.706079e-02
4.711250e-02
4.716422e-02
4.721597e-02
4.726773e-02
4.731951e-02
4.737131e-02
4.742314e-02
4.747499e-02
4.752687e-02
4.757878e-02
4.763072e-02
4.768269e-02
4.773469e-02
4.778673e-02
4.783879e-02
4.789089e-02
4.794302e-02
4.799517e-02
4.804736e-02
4.809957e-02
4.815181e-02
4.820408e-02
4.825637e-02
4.830869e-02
4.836104e-02
4.841342e-02
4.846583e-02
4.851827e-02
4.857073e-02
4.862323e-02
4.867575e-02
4.872831e-02
4.878089e-02
4.883351e-02
4.888616e-02
4.893885e-02
4.899157e-02
4.904432e-02
4.909711e-02
4.914993e-02
4.920277e-02
4.925565e-02
4.930856e-02
4.936149e-02
4.941445e-02
4.946742e-02
4.952042e-02
4.957343e-02
4.962647e-02
4.967953e-02
4.973261e-02
4.978571e-02
4.983883e-02
4.989198e-02
4.994515e-02
4.999835e-02
5.005158e-02
5.010484e-02
5.015812e-02
5.021143e-02
5.026478e-02
5.031815e-02
5.037156e-02
5.042498e-02
5.047844e-02
5.053192e-02
5.058543e-02
5.063898e-02
5.069255e-02
5.074615e-02
5.079979e-02
5.085346e-02
5.090716e-02
5.096090e-02
5.101468e-02
5.106849e-02
5.112232e-02
5.117618e-02
5.123007e-02
5.128399e-02
5.133793e-02
5.139191e-02
5.144590e-02
5.149992e-02
5.155397e-02
5.160804e-02
5.166213e-02
5.171625e-02
5.177040e-02
5.182457e-02
5.187878e-02
5.193301e-02
5.198727e-02
5.204157e-02
5.209589e-02
5.215025e-02
5.220465e-02
5.225908e-02
5.231354e-02
5.236804e-02
5.242259e-02
5.247717e-02
5.253178e-02
5.258642e-02
5.264109e-02
5.269578e-02
5.275051e-02
5.280526e-02
5.286004e-02
5.291486e-02
5.296971e-02
5.302460e-02
5.307952e-02
5.313448e-02
5.318948e-02
5.324452e-02
5.329960e-02
5.335472e-02
5.340988e-02
5.346508e-02
5.352033e-02
5.357561e-02
5.363093e-02
5.368629e-02
5.374168e-02
5.379711e-02
5.385257e-02
5.390806e-02
5.396359e-02
5.401915e-02
5.407473e-02
5.413034e-02
5.418597e-02
5.424163e-02
5.429731e-02
5.435301e-02
5.440874e-02
5.446449e-02
5.452027e-02
5.457608e-02
5.463191e-02
5.468776e-02
5.474364e-02
5.479953e-02
5.485545e-02
5.491139e-02
5.496735e-02
5.502333e-02
5.507934e-02
5.513537e-02
5.519143e-02
5.524751e-02
5.530361e-02
5.535975e-02
5.541591e-02
5.547210e-02
5.552832e-02
5.558458e-02
5.564086e-02
5.569717e-02
5.575349e-02
5.580983e-02
5.586619e-02
5.592257e-02
5.597898e-02
5.603540e-02
5.609185e-02
5.614832e-02
5.620482e-02
5.626134e-02
5.631789e-02
5.637447e-02
5.643107e-02
5.648771e-02
5.654437e-02
5.660107e-02
5.665780e-02
5.671456e-02
5.677135e-02
5.682819e-02
5.688506e-02
5.694196e-02
5.699890e-02
5.705587e-02
5.711286e-02
5.716987e-02
5.722692e-02
5.728399e-02
5.734109e-02
5.739822e-02
5.745539e-02
5.751259e-02
5.756980e-02
5.762698e-02
5.768412e-02
5.774123e-02
5.779831e-02
5.785537e-02
5.791239e-02
5.796940e-02
5.802640e-02
5.808339e-02
5.814036e-02
5.819734e-02
5.825431e-02
5.831129e-02
5.836826e-02
5.842524e-02
5.848222e-02
5.853922e-02
5.859623e-02
5.865325e-02
5.871029e-02
5.876735e-02
5.882444e-02
5.888154e-02
5.893868e-02
5.899584e-02
5.905303e-02
5.911025e-02
5.916749e-02
5.922477e-02
5.928208e-02
5.933943e-02
5.939682e-02
5.945425e-02
5.951165e-02
5.956900e-02
5.962630e-02
5.968354e-02
5.974072e-02
5.979783e-02
5.985487e-02
5.991183e-02
5.996872e-02
6.002552e-02
6.008226e-02
6.013891e-02
6.019549e-02
6.025201e-02
6.030846e-02
6.036483e-02
6.042113e-02
6.047736e-02
6.053353e-02
6.058964e-02
6.064571e-02
6.070174e-02
6.075774e-02
6.081372e-02
6.086969e-02
6.092565e-02
6.098159e-02
6.103751e-02
6.109341e-02
6.114931e-02
6.120519e-02
6.126108e-02
6.131698e-02
6.137288e-02
6.142880e-02
6.148473e-02
6.154069e-02
6.159667e-02
6.165268e-02
6.170871e-02
6.176476e-02
6.182082e-02
6.187690e-02
6.193300e-02
6.198911e-02
6.204525e-02
6.210142e-02
6.215761e-02
6.221382e-02
6.227002e-02
6.232621e-02
6.238235e-02
6.243846e-02
6.249454e-02
6.255059e-02
6.260660e-02
6.266257e-02
6.271850e-02
6.277440e-02
6.283026e-02
6.288608e-02
6.294186e-02
6.299758e-02
6.305325e-02
6.310884e-02
6.316436e-02
6.321981e-02
6.327519e-02
6.333050e-02
6.338575e-02
6.344095e-02
6.349611e-02
6.355120e-02
6.360623e-02
6.366122e-02
6.371618e-02
6.377110e-02
6.382601e-02
6.388091e-02
6.393580e-02
6.399068e-02
6.404555e-02
6.410042e-02
6.415530e-02
6.421020e-02
6.426512e-02
6.432006e-02
6.437503e-02
6.443003e-02
6.448506e-02
6.454013e-02
6.459523e-02
6.465037e-02
6.470555e-02
6.476076e-02
6.481600e-02
6.487122e-02
6.492650e-02
6.498177e-02
6.503709e-02
6.509240e-02
6.514772e-02
6.520302e-02
6.525819e-02
6.531335e-02
6.536841e-02
6.542352e-02
6.547845e-02
6.553348e-02
6.558838e-02
6.564334e-02
6.569828e-02
6.575331e-02
6.580839e-02
6.586352e-02
6.591866e-02
6.597379e-02
6.602890e-02
6.608400e-02
6.613910e-02
6.619418e-02
6.624926e-02
6.630434e-02
6.635942e-02
6.641451e-02
6.646961e-02
6.652472e-02
6.657985e-02
6.663500e-02
6.669018e-02
6.674538e-02
6.680060e-02
6.685586e-02
6.691113e-02
6.696642e-02
6.702173e-02
6.707705e-02
6.713239e-02
6.718775e-02
6.724311e-02
6.729849e-02
6.735387e-02
6.740925e-02
6.746463e-02
6.752000e-02
6.757537e-02
6.763071e-02
6.768604e-02
6.774134e-02
6.779661e-02
6.785184e-02
6.790703e-02
6.796217e-02
6.801725e-02
6.807228e-02
6.812725e-02
6.818216e-02
6.823699e-02
6.829176e-02
6.834645e-02
6.840108e-02
6.845562e-02
6.851008e-02
6.856446e-02
6.861876e-02
6.867299e-02
6.872714e-02
6.878122e-02
6.883522e-02
6.888914e-02
6.894300e-02
6.899678e-02
6.905041e-02
6.910406e-02
6.915757e-02
6.921096e-02
6.926417e-02
6.931724e-02
6.937012e-02
6.942282e-02
6.947532e-02
6.952773e-02
6.957994e-02
6.963200e-02
6.968388e-02
6.973563e-02
6.978725e-02
6.983872e-02
6.989012e-02
6.994142e-02
6.999257e-02
7.004360e-02
7.009444e-02
7.014516e-02
7.019568e-02
7.024610e-02
7.029637e-02
7.034654e-02
7.039656e-02
7.044649e-02
7.049631e-02
7.054604e-02
7.059571e-02
7.064534e-02
7.069493e-02
7.074448e-02
7.079396e-02
7.084341e-02
7.089283e-02
7.094225e-02
7.099167e-02
7.104111e-02
7.109055e-02
7.113999e-02
7.118941e-02
7.123883e-02
7.128825e-02
7.133767e-02
7.138711e-02
7.143656e-02
7.148602e-02
7.153549e-02
7.158495e-02
7.163441e-02
7.168388e-02
7.173334e-02
7.178283e-02
7.183233e-02
7.188184e-02
7.193135e-02
7.198087e-02
7.203040e-02
7.207993e-02
7.212947e-02
7.217903e-02
7.222860e-02
7.227817e-02
7.232774e-02
7.237733e-02
7.242692e-02
7.247654e-02
7.252616e-02
7.257578e-02
7.262540e-02
7.267503e-02
7.272465e-02
7.277429e-02
7.282394e-02
7.287361e-02
7.292327e-02
7.297294e-02
7.302262e-02
7.307231e-02
7.312201e-02
7.317171e-02
7.322143e-02
7.327115e-02
7.332087e-02
7.337061e-02
7.342037e-02
7.347015e-02
7.351994e-02
7.356973e-02
7.361954e-02
7.366935e-02
7.371917e-02
7.376902e-02
7.381887e-02
7.386875e-02
7.391865e-02
7.396855e-02
7.401846e-02
7.406838e-02
7.411832e-02
7.416827e-02
7.421823e-02
7.426819e-02
7.431817e-02
7.436816e-02
7.441816e-02
7.446819e-02
7.451824e-02
7.456829e-02
7.461836e-02
7.466844e-02
7.471853e-02
7.476864e-02
7.481877e-02
7.486892e-02
7.491909e-02
7.496928e-02
7.501948e-02
7.506970e-02
7.511993e-02
7.517017e-02
7.522043e-02
7.527069e-02
7.532096e-02
7.537124e-02
7.542152e-02
7.547182e-02
7.552211e-02
7.557240e-02
7.562268e-02
7.567298e-02
7.572327e-02
7.577358e-02
7.582390e-02
7.587424e-02
7.592459e-02
7.597495e-02
7.602531e-02
7.607568e-02
7.612605e-02
7.617642e-02
7.622680e-02
7.627719e-02
7.632758e-02
7.637797e-02
7.642836e-02
7.647875e-02
7.652914e-02
7.657953e-02
7.662991e-02
7.668030e-02
7.673069e-02
7.678110e-02
7.683150e-02
7.688190e-02
7.693230e-02
7.698269e-02
7.703307e-02
7.708345e-02
7.713382e-02
7.718419e-02
7.723456e-02
7.728494e-02
7.733531e-02
7.738568e-02
7.743605e-02
7.748640e-02
7.753674e-02
7.758708e-02
7.763741e-02
7.768775e-02
7.773808e-02
7.778841e-02
7.783875e-02
7.788908e-02
7.793942e-02
7.798975e-02
7.804007e-02
7.809039e-02
7.814072e-02
7.819105e-02
7.824139e-02
7.829173e-02
7.834209e-02
7.839246e-02
7.844283e-02
7.849321e-02
7.854360e-02
7.859400e-02
7.864442e-02
7.869486e-02
7.874533e-02
7.879581e-02
7.884630e-02
7.889682e-02
7.894736e-02
7.899792e-02
7.904850e-02
7.909911e-02
7.914975e-02
7.920042e-02
7.925109e-02
7.930182e-02
7.935257e-02
7.940335e-02
7.945416e-02
7.950500e-02
7.955588e-02
7.960679e-02
7.965774e-02
7.970873e-02
7.975975e-02
7.981075e-02
7.986167e-02
7.991270e-02
7.996366e-02
8.001473e-02
8.006576e-02
8.011687e-02
8.016793e-02
8.021901e-02
8.027039e-02
8.032181e-02
8.037328e-02
8.042477e-02
8.047631e-02
8.052788e-02
8.057900e-02
8.063018e-02
8.068132e-02
8.073253e-02
8.078369e-02
8.083491e-02
8.088610e-02
8.093737e-02
8.098861e-02
8.103981e-02
8.109086e-02
8.114190e-02
8.119289e-02
8.124388e-02
8.129486e-02
8.134584e-02
8.139680e-02
8.144777e-02
8.149872e-02
8.154981e-02
8.160083e-02
8.165197e-02
8.170313e-02
8.175442e-02
8.180567e-02
8.185687e-02
8.190796e-02
8.195902e-02
8.201006e-02
8.206109e-02
8.211211e-02
8.216311e-02
8.221411e-02
8.226509e-02
8.231614e-02
8.236732e-02
8.241846e-02
8.246975e-02
8.252115e-02
8.257248e-02
8.262355e-02
8.267451e-02
8.272533e-02
8.277607e-02
8.282673e-02
8.287733e-02
8.292785e-02
8.297830e-02
8.302866e-02
8.307954e-02
8.313038e-02
8.318124e-02
8.323214e-02
8.328285e-02
8.333321e-02
8.338337e-02
8.343331e-02
8.348309e-02
8.353273e-02
8.358223e-02
8.363163e-02
8.368089e-02
8.373003e-02
8.377967e-02
8.382954e-02
8.387932e-02
8.392900e-02
8.397841e-02
8.402727e-02
8.407600e-02
8.412457e-02
8.417295e-02
8.422118e-02
8.426927e-02
8.431726e-02
8.436512e-02
8.441423e-02
8.446319e-02
8.451108e-02
8.455888e-02
8.460666e-02
8.465440e-02
8.470216e-02
8.474990e-02
8.479753e-02
8.484557e-02
8.489416e-02
8.494273e-02
8.499112e-02
8.503930e-02
8.508671e-02
8.513420e-02
8.518169e-02
8.522913e-02
8.527705e-02
8.532514e-02
8.537349e-02
8.542162e-02
8.546942e-02
8.551702e-02
8.556429e-02
8.561153e-02
8.565863e-02
8.570634e-02
8.575446e-02
8.580278e-02
8.585051e-02
8.589794e-02
8.594507e-02
8.599211e-02
8.603904e-02
8.608593e-02
8.613367e-02
8.618134e-02
8.622858e-02
8.627568e-02
8.632257e-02
8.636944e-02
8.641623e-02
8.646302e-02
8.651036e-02
8.655788e-02
8.660496e-02
8.665193e-02
8.669869e-02
8.674543e-02
8.679210e-02
8.683877e-02
8.688590e-02
8.693326e-02
8.698108e-02
8.702862e-02
8.707561e-02
8.712242e-02
8.716904e-02
8.721595e-02
8.726301e-02
8.731028e-02
8.735797e-02
8.740552e-02
8.745248e-02
8.749925e-02
8.754582e-02
8.759236e-02
8.763885e-02
8.768537e-02
8.773270e-02
8.777974e-02
8.782642e-02
8.787300e-02
8.791943e-02
8.796587e-02
8.801225e-02
8.805867e-02
8.810580e-02
8.815274e-02
8.819927e-02
8.824575e-02
8.829211e-02
8.833862e-02
8.838501e-02
8.843173e-02
8.847870e-02
8.852564e-02
8.857222e-02
8.861871e-02
8.866504e-02
8.871342e-02
8.875973e-02
8.880641e-02
8.885333e-02
8.890012e-02
8.894650e-02
8.899284e-02
8.903907e-02
8.908729e-02
8.913358e-02
8.918024e-02
8.922712e-02
8.927383e-02
8.932016e-02
8.936797e-02
8.941421e-02
8.946232e-02
8.950868e-02
8.955536e-02
8.960231e-02
8.964900e-02
8.969536e-02
8.974328e-02
8.978959e-02
8.983766e-02
8.988412e-02
8.993094e-02
8.997791e-02
9.002464e-02
9.007107e-02
9.011919e-02
9.016562e-02
9.021236e-02
9.025896e-02
9.030600e-02
9.035334e-02
9.040099e-02
9.044801e-02
9.049652e-02
9.054329e-02
9.059039e-02
9.063721e-02
9.068463e-02
9.073233e-02
9.078018e-02
9.082748e-02
9.087627e-02
9.092325e-02
9.097224e-02
9.101923e-02
9.106695e-02
9.111471e-02
9.116217e-02
9.120929e-02
9.125803e-02
9.130508e-02
9.135411e-02
9.140128e-02
9.144908e-02
9.149703e-02
9.154473e-02
9.159211e-02
9.164079e-02
9.168811e-02
9.173741e-02
9.178486e-02
9.183281e-02
9.188083e-02
9.192893e-02
9.197666e-02
9.202535e-02
9.207300e-02
9.212223e-02
9.216999e-02
9.221928e-02
9.226722e-02
9.231557e-02
9.236407e-02
9.241282e-02
9.246133e-02
9.251071e-02
9.255888e-02
9.260888e-02
9.265703e-02
9.270568e-02
9.275392e-02
9.280282e-02
9.285188e-02
9.290115e-02
9.294994e-02
9.299980e-02
9.304821e-02
9.309862e-02
9.314698e-02
9.319602e-02
9.324512e-02
9.329416e-02
9.334280e-02
9.339140e-02
9.343987e-02
9.348977e-02
9.353828e-02
9.358846e-02
9.363709e-02
9.368620e-02
9.373538e-02
9.378473e-02
9.383385e-02
9.388296e-02
9.393195e-02
9.398213e-02
9.403108e-02
9.408034e-02
9.412930e-02
9.417875e-02
9.422833e-02
9.427812e-02
9.432779e-02
9.437724e-02
9.442648e-02
9.447566e-02
9.452479e-02
9.457453e-02
9.462434e-02
9.467421e-02
9.472373e-02
9.477320e-02
9.482255e-02
9.487194e-02
9.492130e-02
9.497072e-02
9.502014e-02
9.507001e-02
9.511994e-02
9.517000e-02
9.522019e-02
9.527015e-02
9.531990e-02
9.536961e-02
9.541924e-02
9.546888e-02
9.551851e-02
9.556868e-02
9.561892e-02
9.566931e-02
9.571949e-02
9.576953e-02
9.581943e-02
9.586930e-02
9.591911e-02
9.596893e-02
9.601922e-02
9.606954e-02
9.611973e-02
9.616986e-02
9.621991e-02
9.626998e-02
9.632002e-02
9.637009e-02
9.642016e-02
9.647524e-02
9.653290e-02
9.659053e-02
9.664816e-02
9.670575e-02
9.676333e-02
9.682086e-02
9.687838e-02
9.693586e-02
9.698404e-02
9.703218e-02
9.708077e-02
9.712920e-02
9.717654e-02
9.722385e-02
9.727096e-02
9.731804e-02
9.736493e-02
9.741182e-02
9.745854e-02
9.750528e-02
9.755186e-02
9.759848e-02
9.764495e-02
9.769148e-02
9.773788e-02
9.778435e-02
9.783069e-02
9.787710e-02
9.792339e-02
9.796976e-02
9.801601e-02
9.806234e-02
9.810856e-02
9.815485e-02
9.820103e-02
9.824728e-02
9.829342e-02
9.833963e-02
9.838573e-02
9.843190e-02
9.847807e-02
9.852432e-02
9.857080e-02
9.861735e-02
9.866435e-02
9.871141e-02
9.875908e-02
9.880677e-02
9.885453e-02
9.890086e-02
9.894712e-02
9.899343e-02
9.903966e-02
9.908595e-02
9.913197e-02
9.917793e-02
9.922365e-02
9.926934e-02
9.931493e-02
9.936053e-02
9.940611e-02
9.945235e-02
9.949796e-02
9.954356e-02
9.958915e-02
9.963538e-02
9.968101e-02
9.972663e-02
9.977224e-02
9.981863e-02
9.986427e-02
9.990990e-02
9.995552e-02
1.000025e-01
1.000481e-01
1.000938e-01
1.001394e-01
1.001864e-01
1.002347e-01
1.002830e-01
1.003311e-01
1.003792e-01
1.004269e-01
1.004745e-01
1.005208e-01
1.005672e-01
1.006135e-01
1.006599e-01
1.007062e-01
1.007527e-01
1.007990e-01
1.008454e-01
1.008915e-01
1.009375e-01
1.009833e-01
1.010302e-01
1.010759e-01
1.011216e-01
1.011672e-01
1.012141e-01
1.012624e-01
1.013107e-01
1.013595e-01
1.014081e-01
1.014563e-01
1.015042e-01
1.015504e-01
1.015968e-01
1.016431e-01
1.016894e-01
1.017357e-01
1.017811e-01
1.018265e-01
1.018719e-01
1.019173e-01
1.019628e-01
1.020082e-01
1.020537e-01
1.020991e-01
1.021446e-01
1.021901e-01
1.022357e-01
1.022812e-01
1.023268e-01
1.023724e-01
1.024181e-01
1.024638e-01
1.025096e-01
1.025553e-01
1.026012e-01
1.026470e-01
1.026930e-01
1.027389e-01
1.027848e-01
1.028310e-01
1.028774e-01
1.029241e-01
1.029709e-01
1.030182e-01
1.030657e-01
1.031109e-01
1.031561e-01
1.032013e-01
1.032465e-01
1.032917e-01
1.033371e-01
1.033823e-01
1.034277e-01
1.034730e-01
1.035185e-01
1.035638e-01
1.036094e-01
1.036548e-01
1.037004e-01
1.037460e-01
1.037917e-01
1.038373e-01
1.038831e-01
1.039288e-01
1.039746e-01
1.040205e-01
1.040667e-01
1.041132e-01
1.041600e-01
1.042069e-01
1.042533e-01
1.042995e-01
1.043457e-01
1.043908e-01
1.044359e-01
1.044811e-01
1.045264e-01
1.045716e-01
1.046170e-01
1.046623e-01
1.047079e-01
1.047533e-01
1.047990e-01
1.048445e-01
1.048904e-01
1.049360e-01
1.049820e-01
1.050278e-01
1.050739e-01
1.051198e-01
1.051658e-01
1.052117e-01
1.052577e-01
1.053036e-01
1.053488e-01
1.053940e-01
1.054394e-01
1.054848e-01
1.055304e-01
1.055759e-01
1.056218e-01
1.056675e-01
1.057135e-01
1.057594e-01
1.058056e-01
1.058516e-01
1.058979e-01
1.059442e-01
1.059906e-01
1.060373e-01
1.060841e-01
1.061294e-01
1.061747e-01
1.062201e-01
1.062657e-01
1.063110e-01
1.063560e-01
1.064014e-01
1.064470e-01
1.064932e-01
1.065398e-01
1.065862e-01
1.066331e-01
1.066787e-01
1.067245e-01
1.067703e-01
1.068153e-01
1.068601e-01
1.069049e-01
1.069497e-01
1.069945e-01
1.070392e-01
1.070840e-01
1.071288e-01
1.071737e-01
1.072185e-01
1.072634e-01
1.073083e-01
1.073533e-01
1.073983e-01
1.074435e-01
1.074886e-01
1.075338e-01
1.075791e-01
1.076244e-01
1.076698e-01
1.077152e-01
1.077606e-01
1.078061e-01
1.078516e-01
1.078972e-01
1.079427e-01
1.079883e-01
1.080340e-01
1.080797e-01
1.081255e-01
1.081713e-01
1.082174e-01
1.082634e-01
1.083094e-01
1.083556e-01
1.084016e-01
1.084478e-01
1.084938e-01
1.085399e-01
1.085860e-01
1.086322e-01
1.086784e-01
1.087246e-01
1.087707e-01
1.088169e-01
1.088629e-01
1.089090e-01
1.089551e-01
1.090011e-01
1.090471e-01
1.090931e-01
1.091391e-01
1.091850e-01
1.092310e-01
1.092769e-01
1.093229e-01
1.093688e-01
1.094140e-01
1.094592e-01
1.095044e-01
1.095497e-01
1.095949e-01
1.096403e-01
1.096855e-01
1.097309e-01
1.097762e-01
1.098217e-01
1.098671e-01
1.099126e-01
1.099580e-01
1.100036e-01
1.100490e-01
1.100946e-01
1.101403e-01
1.101860e-01
1.102318e-01
1.102778e-01
1.103239e-01
1.103700e-01
1.104161e-01
1.104623e-01
1.105086e-01
1.105549e-01
1.106012e-01
1.106476e-01
1.106940e-01
1.107405e-01
1.107870e-01
1.108336e-01
1.108802e-01
1.109265e-01
1.109728e-01
1.110195e-01
1.110663e-01
1.111130e-01
1.111594e-01
1.112061e-01
1.112521e-01
1.112980e-01
1.113438e-01
1.113896e-01
1.114359e-01
1.114817e-01
1.115276e-01
1.115733e-01
1.116193e-01
1.116651e-01
1.117112e-01
1.117574e-01
1.118036e-01
1.118500e-01
1.118962e-01
1.119427e-01
1.119891e-01
1.120357e-01
1.120821e-01
1.121288e-01
1.121753e-01
1.122219e-01
1.122684e-01
1.123150e-01
1.123615e-01
1.124082e-01
1.124548e-01
1.125015e-01
1.125481e-01
1.125949e-01
1.126424e-01
1.126894e-01
1.127371e-01
1.127842e-01
1.128309e-01
1.128778e-01
1.129247e-01
1.129718e-01
1.130190e-01
1.130659e-01
1.131127e-01
1.131594e-01
1.132066e-01
1.132533e-01
1.133005e-01
1.133472e-01
1.133938e-01
1.134405e-01
1.134872e-01
1.135341e-01
1.135802e-01
1.136264e-01
1.136725e-01
1.137196e-01
1.137657e-01
1.138119e-01
1.138581e-01
1.139043e-01
1.139506e-01
1.139969e-01
1.140432e-01
1.140896e-01
1.141360e-01
1.141825e-01
1.142290e-01
1.142753e-01
1.143218e-01
1.143682e-01
1.144148e-01
1.144614e-01
1.145080e-01
1.145547e-01
1.146014e-01
1.146481e-01
1.146947e-01
1.147409e-01
1.147875e-01
1.148338e-01
1.148805e-01
1.149272e-01
1.149739e-01
1.150206e-01
1.150673e-01
1.151138e-01
1.151605e-01
1.152073e-01
1.152540e-01
1.153002e-01
1.153468e-01
1.153932e-01
1.154400e-01
1.154866e-01
1.155334e-01
1.155803e-01
1.156272e-01
1.156739e-01
1.157208e-01
1.157673e-01
1.158153e-01
1.158637e-01
1.159107e-01
1.159574e-01
1.160046e-01
1.160515e-01
1.160990e-01
1.161462e-01
1.161940e-01
1.162410e-01
1.162885e-01
1.163360e-01
1.163834e-01
1.164310e-01
1.164785e-01
1.165262e-01
1.165740e-01
1.166214e-01
1.166695e-01
1.167177e-01
1.167653e-01
1.168129e-01
1.168604e-01
1.169078e-01
1.169551e-01
1.170026e-01
1.170500e-01
1.170976e-01
1.171452e-01
1.171931e-01
1.172411e-01
1.172893e-01
1.173377e-01
1.173858e-01
1.174339e-01
1.174825e-01
1.175316e-01
1.175810e-01
1.176304e-01
1.176797e-01
1.177277e-01
1.177759e-01
1.178241e-01
1.178721e-01
1.179197e-01
1.179674e-01
1.180153e-01
1.180635e-01
1.181118e-01
1.181604e-01
1.182090e-01
1.182577e-01
1.183063e-01
1.183553e-01
1.184038e-01
1.184521e-01
1.185002e-01
1.185486e-01
1.185973e-01
1.186466e-01
1.186964e-01
1.187461e-01
1.187960e-01
1.188458e-01
1.188942e-01
1.189421e-01
1.189897e-01
1.190375e-01
1.190855e-01
1.191338e-01
1.191823e-01
1.192310e-01
1.192799e-01
1.193288e-01
1.193775e-01
1.194266e-01
1.194753e-01
1.195246e-01
1.195734e-01
1.196228e-01
1.196720e-01
1.197209e-01
1.197692e-01
1.198176e-01
1.198660e-01
1.199139e-01
1.199615e-01
1.200094e-01
1.200574e-01
1.201058e-01
1.201544e-01
1.202034e-01
1.202526e-01
1.203017e-01
1.203510e-01
1.204005e-01
1.204502e-01
1.205001e-01
1.205500e-01
1.206004e-01
1.206504e-01
1.207009e-01
1.207492e-01
1.207971e-01
1.208447e-01
1.208926e-01
1.209406e-01
1.209889e-01
1.210375e-01
1.210865e-01
1.211356e-01
1.211847e-01
1.212339e-01
1.212833e-01
1.213330e-01
1.213829e-01
1.214331e-01
1.214835e-01
1.215318e-01
1.215801e-01
1.216284e-01
1.216762e-01
1.217238e-01
1.217717e-01
1.218196e-01
1.218680e-01
1.219166e-01
1.219655e-01
1.220147e-01
1.220638e-01
1.221131e-01
1.221625e-01
1.222123e-01
1.222623e-01
1.223126e-01
1.223631e-01
1.224114e-01
1.224597e-01
1.225080e-01
1.225558e-01
1.226034e-01
1.226512e-01
1.226992e-01
1.227477e-01
1.227964e-01
1.228453e-01
1.228944e-01
1.229438e-01
1.229935e-01
1.230434e-01
1.230936e-01
1.231440e-01
1.231922e-01
1.232406e-01
1.232889e-01
1.233368e-01
1.233844e-01
1.234323e-01
1.234804e-01
1.235289e-01
1.235776e-01
1.236265e-01
1.236755e-01
1.237249e-01
1.237746e-01
1.238245e-01
1.238746e-01
1.239250e-01
1.239733e-01
1.240217e-01
1.240701e-01
1.241185e-01
1.241670e-01
1.242149e-01
1.242626e-01
1.243107e-01
1.243590e-01
1.244077e-01
1.244567e-01
1.245060e-01
1.245556e-01
1.246054e-01
1.246557e-01
1.247062e-01
1.247546e-01
1.248030e-01
1.248515e-01
1.249000e-01
1.249485e-01
1.249966e-01
1.250445e-01
1.250927e-01
1.251412e-01
1.251901e-01
1.252393e-01
1.252888e-01
1.253386e-01
1.253888e-01
1.254393e-01
1.254901e-01
1.255386e-01
1.255872e-01
1.256358e-01
1.256838e-01
1.257316e-01
1.257797e-01
1.258279e-01
1.258766e-01
1.259257e-01
1.259750e-01
1.260246e-01
1.260745e-01
1.261248e-01
1.261753e-01
1.262263e-01
1.262776e-01
1.263262e-01
1.263750e-01
1.264238e-01
1.264721e-01
1.265202e-01
1.265686e-01
1.266173e-01
1.266665e-01
1.267159e-01
1.267656e-01
1.268156e-01
1.268659e-01
1.269167e-01
1.269677e-01
1.270164e-01
1.270652e-01
1.271140e-01
1.271622e-01
1.272102e-01
1.272585e-01
1.273070e-01
1.273559e-01
1.274047e-01
1.274537e-01
1.275022e-01
1.275508e-01
1.275991e-01
1.276474e-01
1.276956e-01
1.277460e-01
1.277942e-01
1.278431e-01
1.278913e-01
1.279398e-01
1.279881e-01
1.280368e-01
1.280857e-01
1.281350e-01
1.281847e-01
1.282346e-01
1.282845e-01
1.283345e-01
1.283847e-01
1.284347e-01
1.284836e-01
1.285325e-01
1.285815e-01
1.286300e-01
1.286781e-01
1.287265e-01
1.287752e-01
1.288241e-01
1.288731e-01
1.289220e-01
1.289709e-01
1.290199e-01
1.290688e-01
1.291178e-01
1.291667e-01
1.292156e-01
1.292646e-01
1.293135e-01
1.293625e-01
1.294111e-01
1.294595e-01
1.295082e-01
1.295571e-01
1.296065e-01
1.296562e-01
1.297060e-01
1.297556e-01
1.298053e-01
1.298548e-01
1.299044e-01
1.299532e-01
1.300022e-01
1.300512e-01
1.301002e-01
1.301493e-01
1.301978e-01
1.302461e-01
1.302948e-01
1.303437e-01
1.303929e-01
1.304424e-01
1.304923e-01
1.305424e-01
1.305929e-01
1.306433e-01
1.306936e-01
1.307424e-01
1.307912e-01
1.308401e-01
1.308885e-01
1.309367e-01
1.309851e-01
1.310338e-01
1.310829e-01
1.311323e-01
1.311818e-01
1.312317e-01
1.312817e-01
1.313322e-01
1.313826e-01
1.314312e-01
1.314799e-01
1.315286e-01
1.315766e-01
1.316244e-01
1.316725e-01
1.317207e-01
1.317694e-01
1.318184e-01
1.318676e-01
1.319171e-01
1.319668e-01
1.320170e-01
1.320673e-01
1.321157e-01
1.321641e-01
1.322126e-01
1.322611e-01
1.323096e-01
1.323576e-01
1.324055e-01
1.324536e-01
1.325021e-01
1.325509e-01
1.326000e-01
1.326495e-01
1.326995e-01
1.327498e-01
1.327979e-01
1.328462e-01
1.328944e-01
1.329428e-01
1.329912e-01
1.330390e-01
1.330868e-01
1.331348e-01
1.331832e-01
1.332319e-01
1.332809e-01
1.333304e-01
1.333803e-01
1.334305e-01
1.334786e-01
1.335267e-01
1.335749e-01
1.336232e-01
1.336714e-01
1.337192e-01
1.337668e-01
1.338148e-01
1.338630e-01
1.339116e-01
1.339606e-01
1.340100e-01
1.340598e-01
1.341099e-01
1.341579e-01
1.342060e-01
1.342540e-01
1.343022e-01
1.343504e-01
1.343980e-01
1.344455e-01
1.344933e-01
1.345413e-01
1.345898e-01
1.346386e-01
1.346875e-01
1.347367e-01
1.347861e-01
1.348358e-01
1.348857e-01
1.349336e-01
1.349816e-01
1.350295e-01
1.350769e-01
1.351241e-01
1.351714e-01
1.352188e-01
1.352665e-01
1.353145e-01
1.353626e-01
1.354109e-01
1.354590e-01
1.355071e-01
1.355553e-01
1.356037e-01
1.356522e-01
1.357008e-01
1.357495e-01
1.357984e-01
1.358473e-01
1.358964e-01
1.359467e-01
1.359933e-01
1.360399e-01
1.360867e-01
1.361337e-01
1.361809e-01
1.362279e-01
1.362749e-01
1.363221e-01
1.363694e-01
1.364169e-01
1.364646e-01
1.365124e-01
1.365603e-01
1.366084e-01
1.366566e-01
1.367049e-01
1.367534e-01
1.368020e-01
1.368508e-01
1.368997e-01
1.369468e-01
1.369933e-01
1.370396e-01
1.370861e-01
1.371326e-01
1.371795e-01
1.372266e-01
1.372739e-01
1.373214e-01
1.373688e-01
1.374163e-01
1.374640e-01
1.375118e-01
1.375599e-01
1.376082e-01
1.376567e-01
1.377053e-01
1.377537e-01
1.378007e-01
1.378478e-01
1.378948e-01
1.379414e-01
1.379877e-01
1.380342e-01
1.380809e-01
1.381280e-01
1.381753e-01
1.382228e-01
1.382705e-01
1.383183e-01
1.383665e-01
1.384142e-01
1.384623e-01
1.385100e-01
1.385569e-01
1.386039e-01
1.386508e-01
1.386970e-01
1.387428e-01
1.387888e-01
1.388348e-01
1.388812e-01
1.389278e-01
1.389744e-01
1.390212e-01
1.390680e-01
1.391150e-01
1.391620e-01
1.392091e-01
1.392560e-01
1.393018e-01
1.393477e-01
1.393934e-01
1.394384e-01
1.394832e-01
1.395282e-01
1.395732e-01
1.396185e-01
1.396639e-01
1.397095e-01
1.397551e-01
1.398009e-01
1.398470e-01
1.398933e-01
1.399382e-01
1.399831e-01
1.400280e-01
1.400724e-01
1.401166e-01
1.401609e-01
1.402054e-01
1.402503e-01
1.402950e-01
1.403398e-01
1.403845e-01
1.404295e-01
1.404746e-01
1.405198e-01
1.405650e-01
1.406102e-01
1.406551e-01
1.407002e-01
1.407451e-01
1.407896e-01
1.408338e-01
1.408782e-01
1.409228e-01
1.409677e-01
1.410129e-01
1.410584e-01
1.411040e-01
1.411497e-01
1.411937e-01
1.412381e-01
1.412825e-01
1.413273e-01
1.413722e-01
1.414174e-01
1.414625e-01
1.415077e-01
1.415528e-01
1.415974e-01
1.416418e-01
1.416865e-01
1.417314e-01
1.417768e-01
1.418225e-01
1.418684e-01
1.419147e-01
1.419612e-01
1.420081e-01
1.420554e-01
1.421006e-01
1.421459e-01
1.421911e-01
1.422360e-01
1.422807e-01
1.423257e-01
1.423709e-01
1.424166e-01
1.424627e-01
1.425090e-01
1.425557e-01
1.426027e-01
1.426480e-01
1.426934e-01
1.427388e-01
1.427844e-01
1.428299e-01
1.428749e-01
1.429199e-01
1.429652e-01
1.430108e-01
1.430569e-01
1.431033e-01
1.431503e-01
1.431972e-01
1.432446e-01
1.432900e-01
1.433357e-01
1.433813e-01
1.434266e-01
1.434717e-01
1.435172e-01
1.435631e-01
1.436093e-01
1.436561e-01
1.437028e-01
1.437483e-01
1.437939e-01
1.438396e-01
1.438854e-01
1.439313e-01
1.439767e-01
1.440222e-01
1.440680e-01
1.441135e-01
1.441601e-01
1.442057e-01
1.442534e-01
1.442991e-01
1.443450e-01
1.443909e-01
1.444366e-01
1.444821e-01
1.445280e-01
1.445740e-01
1.446203e-01
1.446668e-01
1.447132e-01
1.447594e-01
1.448056e-01
1.448518e-01
1.448982e-01
1.449445e-01
1.449905e-01
1.450364e-01
1.450827e-01
1.451293e-01
1.451764e-01
1.452240e-01
1.452722e-01
1.453205e-01
1.453688e-01
1.454154e-01
1.454617e-01
1.455078e-01
1.455543e-01
1.456011e-01
1.456483e-01
1.456959e-01
1.457439e-01
1.457923e-01
1.458411e-01
1.458880e-01
1.459350e-01
1.459821e-01
1.460287e-01
1.460752e-01
1.461221e-01
1.461692e-01
1.462168e-01
1.462647e-01
1.463130e-01
1.463616e-01
1.464107e-01
1.464602e-01
1.465091e-01
1.465565e-01
1.466034e-01
1.466501e-01
1.466972e-01
1.467445e-01
1.467922e-01
1.468403e-01
1.468887e-01
1.469374e-01
1.469864e-01
1.470357e-01
1.470855e-01
1.471331e-01
1.471808e-01
1.472285e-01
1.472757e-01
1.473227e-01
1.473700e-01
1.474176e-01
1.474656e-01
1.475140e-01
1.475626e-01
1.476115e-01
1.476607e-01
1.477101e-01
1.477594e-01
1.478073e-01
1.478554e-01
1.479033e-01
1.479508e-01
1.479980e-01
1.480455e-01
1.480932e-01
1.481413e-01
1.481897e-01
1.482382e-01
1.482871e-01
1.483358e-01
1.483843e-01
1.484339e-01
1.484823e-01
1.485324e-01
1.485809e-01
1.486302e-01
1.486785e-01
1.487263e-01
1.487737e-01
1.488214e-01
1.488693e-01
1.489176e-01
1.489661e-01
1.490149e-01
1.490640e-01
1.491131e-01
1.491623e-01
1.492118e-01
1.492606e-01
1.493096e-01
1.493586e-01
1.494070e-01
1.494553e-01
1.495039e-01
1.495526e-01
1.496007e-01
1.496485e-01
1.496965e-01
1.497447e-01
1.497932e-01
1.498417e-01
1.498903e-01
1.499389e-01
1.499871e-01
1.500350e-01
1.500833e-01
1.501318e-01
1.501807e-01
1.502300e-01
1.502793e-01
1.503285e-01
1.503787e-01
1.504270e-01
1.504755e-01
1.505239e-01
1.505719e-01
1.506197e-01
1.506678e-01
1.507161e-01
1.507649e-01
1.508140e-01
1.508633e-01
1.509129e-01
1.509624e-01
1.510108e-01
1.510592e-01
1.511075e-01
1.511555e-01
1.512032e-01
1.512512e-01
1.512995e-01
1.513482e-01
1.513969e-01
1.514457e-01
1.514943e-01
1.515429e-01
1.515914e-01
1.516399e-01
1.516883e-01
1.517363e-01
1.517841e-01
1.518322e-01
1.518805e-01
1.519292e-01
1.519784e-01
1.520277e-01
1.520772e-01
1.521270e-01
1.521769e-01
1.522271e-01
1.522768e-01
1.523258e-01
1.523744e-01
1.524234e-01
1.524725e-01
1.525219e-01
1.525716e-01
1.526218e-01
1.526722e-01
1.527229e-01
1.527741e-01
1.528255e-01
1.528773e-01
1.529283e-01
1.529786e-01
1.530294e-01
1.530794e-01
1.531296e-01
1.531800e-01
1.532301e-01
1.532800e-01
1.533302e-01
1.533805e-01
1.534312e-01
1.534820e-01
1.535331e-01
1.535843e-01
1.536355e-01
1.536865e-01
1.537377e-01
1.537891e-01
1.538406e-01
1.538921e-01
1.539437e-01
1.539952e-01
1.540468e-01
1.540985e-01
1.541503e-01
1.542021e-01
1.542540e-01
1.543059e-01
1.543579e-01
1.544100e-01
1.544622e-01
1.545144e-01
1.545667e-01
1.546191e-01
1.546723e-01
1.547261e-01
1.547804e-01
1.548349e-01
1.548878e-01
1.549407e-01
1.549935e-01
1.550464e-01
1.550992e-01
1.551508e-01
1.552020e-01
1.552531e-01
1.553044e-01
1.553558e-01
1.554075e-01
1.554593e-01
1.555114e-01
1.555635e-01
1.556154e-01
1.556671e-01
1.557190e-01
1.557710e-01
1.558231e-01
1.558753e-01
1.559274e-01
1.559794e-01
1.560314e-01
1.560834e-01
1.561355e-01
1.561873e-01
1.562392e-01
1.562911e-01
1.563429e-01
1.563946e-01
1.564464e-01
1.564983e-01
1.565501e-01
1.566018e-01
1.566535e-01
1.567051e-01
1.567567e-01
1.568081e-01
1.568597e-01
1.569113e-01
1.569628e-01
1.570143e-01
1.570658e-01
1.571171e-01
1.571685e-01
1.572197e-01
1.572710e-01
1.573224e-01
1.573738e-01
1.574251e-01
1.574702e-01
1.575199e-01
1.575658e-01
1.576162e-01
1.576634e-01
1.577147e-01
1.577639e-01
1.578151e-01
1.578679e-01
1.579190e-01
1.579723e-01
1.580233e-01
1.580745e-01
1.581257e-01
1.581713e-01
1.582215e-01
1.582680e-01
1.583182e-01
1.583659e-01
1.584169e-01
1.584665e-01
1.585178e-01
1.585690e-01
1.586203e-01
1.586745e-01
1.587257e-01
1.587775e-01
1.588286e-01
1.588747e-01
1.589254e-01
1.589721e-01
1.590221e-01
1.590696e-01
1.591205e-01
1.591693e-01
1.592205e-01
1.592702e-01
1.593212e-01
1.593704e-01
1.594208e-01
1.594693e-01
1.595185e-01
1.595667e-01
1.596155e-01
1.596619e-01
1.597107e-01
1.597580e-01
1.598064e-01
1.598536e-01
1.599011e-01
1.599479e-01
1.599950e-01
1.600415e-01
1.600883e-01
1.601345e-01
1.601810e-01
1.602270e-01
1.602775e-01
1.603308e-01
1.603844e-01
1.604313e-01
1.604814e-01
1.605298e-01
1.605811e-01
1.606314e-01
1.606827e-01
1.607329e-01
1.607856e-01
1.608365e-01
1.608879e-01
1.609379e-01
1.609893e-01
1.610351e-01
1.610824e-01
1.611284e-01
1.611762e-01
1.612226e-01
1.612709e-01
1.613199e-01
1.613682e-01
1.614169e-01
1.614678e-01
1.615160e-01
1.615666e-01
1.616151e-01
1.616651e-01
1.617134e-01
1.617639e-01
1.618116e-01
1.618627e-01
1.619121e-01
1.619634e-01
1.620152e-01
1.620668e-01
1.621177e-01
1.621693e-01
1.622195e-01
1.622706e-01
1.623202e-01
1.623715e-01
1.624204e-01
1.624718e-01
1.625200e-01
1.625706e-01
1.626183e-01
1.626681e-01
1.627153e-01
1.627642e-01
1.628108e-01
1.628580e-01
1.629041e-01
1.629506e-01
1.629962e-01
1.630422e-01
1.630873e-01
1.631329e-01
1.631777e-01
1.632230e-01
1.632676e-01
1.633167e-01
1.633610e-01
1.634098e-01
1.634635e-01
1.635157e-01
1.635598e-01
1.636043e-01
1.636533e-01
1.637059e-01
1.637601e-01
1.638127e-01
1.638566e-01
1.639049e-01
1.639554e-01
1.640082e-01
1.640595e-01
1.641118e-01
1.641623e-01
1.642136e-01
1.642633e-01
1.643153e-01
1.643641e-01
1.644152e-01
1.644635e-01
1.645138e-01
1.645615e-01
1.646110e-01
1.646582e-01
1.647072e-01
1.647539e-01
1.648026e-01
1.648489e-01
1.648974e-01
1.649433e-01
1.649918e-01
1.650373e-01
1.650832e-01
1.651285e-01
1.651741e-01
1.652190e-01
1.652643e-01
1.653089e-01
1.653540e-01
1.653984e-01
1.654473e-01
1.654972e-01
1.655503e-01
1.656034e-01
1.656565e-01
1.657097e-01
1.657630e-01
1.658127e-01
1.658655e-01
1.659174e-01
1.659704e-01
1.660215e-01
1.660736e-01
1.661239e-01
1.661760e-01
1.662256e-01
1.662777e-01
1.663267e-01
1.663782e-01
1.664268e-01
1.664778e-01
1.665261e-01
1.665766e-01
1.666246e-01
1.666748e-01
1.667225e-01
1.667723e-01
1.668198e-01
1.668691e-01
1.669164e-01
1.669655e-01
1.670125e-01
1.670613e-01
1.671081e-01
1.671566e-01
1.672033e-01
1.672516e-01
1.672981e-01
1.673464e-01
1.673965e-01
1.674483e-01
1.674947e-01
1.675429e-01
1.675896e-01
1.676380e-01
1.676846e-01
1.677331e-01
1.677798e-01
1.678283e-01
1.678750e-01
1.679235e-01
1.679663e-01
1.680098e-01
1.680526e-01
1.680963e-01
1.681391e-01
1.681823e-01
1.682251e-01
1.682684e-01
1.683113e-01
1.683545e-01
1.683980e-01
1.684420e-01
1.684855e-01
1.685334e-01
1.685814e-01
1.686323e-01
1.686807e-01
1.687306e-01
1.687799e-01
1.688305e-01
1.688804e-01
1.689315e-01
1.689818e-01
1.690332e-01
1.690836e-01
1.691351e-01
1.691856e-01
1.692373e-01
1.692879e-01
1.693349e-01
1.693845e-01
1.694363e-01
1.694828e-01
1.695312e-01
1.695745e-01
1.696205e-01
1.696640e-01
1.697093e-01
1.697577e-01
1.698091e-01
1.698582e-01
1.699101e-01
1.699601e-01
1.700126e-01
1.700636e-01
1.701163e-01
1.701684e-01
1.702218e-01
1.702742e-01
1.703275e-01
1.703801e-01
1.704333e-01
1.704857e-01
1.705386e-01
1.705907e-01
1.706436e-01
1.706954e-01
1.707481e-01
1.707996e-01
1.708522e-01
1.709037e-01
1.709561e-01
1.710075e-01
1.710598e-01
1.711111e-01
1.711635e-01
1.712148e-01
1.712672e-01
1.713187e-01
1.713711e-01
1.714224e-01
1.714748e-01
1.715263e-01
1.715787e-01
1.716300e-01
1.716825e-01
1.717340e-01
1.717864e-01
1.718379e-01
1.718903e-01
1.719417e-01
1.719942e-01
1.720457e-01
1.720982e-01
1.721497e-01
1.722022e-01
1.722536e-01
1.723060e-01
1.723574e-01
1.724098e-01
1.724613e-01
1.725138e-01
1.725653e-01
1.726178e-01
1.726692e-01
1.727216e-01
1.727730e-01
1.728255e-01
1.728770e-01
1.729295e-01
1.729810e-01
1.730335e-01
1.730850e-01
1.731374e-01
1.731889e-01
1.732413e-01
1.732927e-01
1.733451e-01
1.733964e-01
1.734488e-01
1.735003e-01
1.735529e-01
1.736044e-01
1.736569e-01
1.737084e-01
1.737609e-01
1.738124e-01
1.738649e-01
1.739165e-01
1.739690e-01
1.740205e-01
1.740730e-01
1.741245e-01
1.741771e-01
1.742286e-01
1.742812e-01
1.743328e-01
1.743854e-01
1.744371e-01
1.744897e-01
1.745414e-01
1.745942e-01
1.746460e-01
1.746988e-01
1.747507e-01
1.748036e-01
1.748556e-01
1.749087e-01
1.749608e-01
1.750139e-01
1.750659e-01
1.751191e-01
1.751713e-01
1.752244e-01
1.752765e-01
1.753296e-01
1.753817e-01
1.754345e-01
1.754867e-01
1.755398e-01
1.755919e-01
1.756451e-01
1.756972e-01
1.757503e-01
1.758024e-01
1.758556e-01
1.759078e-01
1.759611e-01
1.760134e-01
1.760666e-01
1.761189e-01
1.761722e-01
1.762244e-01
1.762777e-01
1.763299e-01
1.763831e-01
1.764354e-01
1.764886e-01
1.765409e-01
1.765941e-01
1.766464e-01
1.766997e-01
1.767520e-01
1.768053e-01
1.768576e-01
1.769109e-01
1.769632e-01
1.770166e-01
1.770690e-01
1.771211e-01
1.771732e-01
1.772255e-01
1.772779e-01
1.773306e-01
1.773831e-01
1.774362e-01
1.774888e-01
1.775415e-01
1.775942e-01
1.776472e-01
1.777000e-01
1.777532e-01
1.778064e-01
1.778595e-01
1.779053e-01
1.779515e-01
1.779972e-01
1.780434e-01
1.780891e-01
1.781353e-01
1.781810e-01
1.782271e-01
1.782728e-01
1.783190e-01
1.783647e-01
1.784109e-01
1.784566e-01
1.785028e-01
1.785486e-01
1.785989e-01
1.786505e-01
1.787019e-01
1.787536e-01
1.788053e-01
1.788574e-01
1.789097e-01
1.789622e-01
1.790148e-01
1.790674e-01
1.791199e-01
1.791725e-01
1.792253e-01
1.792780e-01
1.793308e-01
1.793836e-01
1.794366e-01
1.794895e-01
1.795427e-01
1.795958e-01
1.796491e-01
1.797023e-01
1.797558e-01
1.798103e-01
1.798658e-01
1.799214e-01
1.799767e-01
1.800322e-01
1.800878e-01
1.801437e-01
1.801954e-01
1.802469e-01
1.802982e-01
1.803547e-01
1.804113e-01
1.804683e-01
1.805193e-01
1.805755e-01
1.806265e-01
1.806826e-01
1.807390e-01
1.807968e-01
1.808553e-01
1.809139e-01
1.809718e-01
1.810291e-01
1.810841e-01
1.811393e-01
1.811908e-01
1.812465e-01
1.812982e-01
1.813544e-01
1.814110e-01
1.814675e-01
1.815195e-01
1.815763e-01
1.816285e-01
1.816857e-01
1.817431e-01
1.818007e-01
1.818532e-01
1.819059e-01
1.819586e-01
1.820113e-01
1.820642e-01
1.821170e-01
1.821697e-01
1.822225e-01
1.822754e-01
1.823284e-01
1.823814e-01
1.824343e-01
1.824870e-01
1.825399e-01
1.825928e-01
1.826457e-01
1.826986e-01
1.827515e-01
1.828045e-01
1.828575e-01
1.829105e-01
1.829634e-01
1.830164e-01
1.830695e-01
1.831226e-01
1.831757e-01
1.832289e-01
1.832821e-01
1.833354e-01
1.833886e-01
1.834420e-01
1.834953e-01
1.835487e-01
1.836022e-01
1.836557e-01
1.837092e-01
1.837629e-01
1.838165e-01
1.838703e-01
1.839248e-01
1.839800e-01
1.840358e-01
1.840920e-01
1.841483e-01
1.842048e-01
1.842624e-01
1.843144e-01
1.843666e-01
1.844188e-01
1.844713e-01
1.845239e-01
1.845764e-01
1.846289e-01
1.846815e-01
1.847343e-01
1.847872e-01
1.848403e-01
1.848933e-01
1.849463e-01
1.849994e-01
1.850527e-01
1.851059e-01
1.851592e-01
1.852126e-01
1.852660e-01
1.853195e-01
1.853732e-01
1.854269e-01
1.854808e-01
1.855347e-01
1.855887e-01
1.856436e-01
1.856995e-01
1.857556e-01
1.858074e-01
1.858595e-01
1.859117e-01
1.859579e-01
1.860060e-01
1.860559e-01
1.861039e-01
1.861537e-01
1.862021e-01
1.862523e-01
1.863011e-01
1.863519e-01
1.864011e-01
1.864525e-01
1.865023e-01
1.865544e-01
1.866048e-01
1.866578e-01
1.867091e-01
1.867624e-01
1.868136e-01
1.868659e-01
1.869195e-01
1.869654e-01
1.870118e-01
1.870577e-01
1.871041e-01
1.871501e-01
1.871965e-01
1.872424e-01
1.872888e-01
1.873347e-01
1.873810e-01
1.874269e-01
1.874732e-01
1.875191e-01
1.875654e-01
1.876112e-01
1.876575e-01
1.877033e-01
1.877496e-01
1.877954e-01
1.878415e-01
1.878873e-01
1.879334e-01
1.879790e-01
1.880293e-01
1.880823e-01
1.881356e-01
1.881888e-01
1.882421e-01
1.882954e-01
1.883489e-01
1.884025e-01
1.884561e-01
1.885109e-01
1.885654e-01
1.886200e-01
1.886722e-01
1.887246e-01
1.887772e-01
1.888294e-01
1.888814e-01
1.889335e-01
1.889858e-01
1.890384e-01
1.890911e-01
1.891440e-01
1.891971e-01
1.892499e-01
1.893024e-01
1.893552e-01
1.894080e-01
1.894610e-01
1.895143e-01
1.895674e-01
1.896207e-01
1.896740e-01
1.897275e-01
1.897810e-01
1.898346e-01
1.898883e-01
1.899421e-01
1.899959e-01
1.900499e-01
1.901046e-01
1.901602e-01
1.902162e-01
1.902685e-01
1.903211e-01
1.903737e-01
1.904260e-01
1.904780e-01
1.905302e-01
1.905826e-01
1.906352e-01
1.906881e-01
1.907413e-01
1.907946e-01
1.908479e-01
1.909011e-01
1.909545e-01
1.910081e-01
1.910548e-01
1.911025e-01
1.911493e-01
1.911967e-01
1.912436e-01
1.912910e-01
1.913381e-01
1.913856e-01
1.914327e-01
1.914802e-01
1.915274e-01
1.915750e-01
1.916222e-01
1.916699e-01
1.917172e-01
1.917655e-01
1.918128e-01
1.918612e-01
1.919086e-01
1.919571e-01
1.920046e-01
1.920533e-01
1.921009e-01
1.921500e-01
1.921978e-01
1.922480e-01
1.922961e-01
1.923477e-01
1.923964e-01
1.924495e-01
1.925037e-01
1.925581e-01
1.926127e-01
1.926676e-01
1.927138e-01
1.927617e-01
1.928114e-01
1.928573e-01
1.929047e-01
1.929537e-01
1.929995e-01
1.930466e-01
1.930927e-01
1.931399e-01
1.931849e-01
1.932326e-01
1.932794e-01
1.933272e-01
1.933749e-01
1.934239e-01
1.934758e-01
1.935250e-01
1.935763e-01
1.936307e-01
1.936806e-01
1.937327e-01
1.937862e-01
1.938408e-01
1.938961e-01
1.939480e-01
1.940001e-01
1.940523e-01
1.941048e-01
1.941576e-01
1.942107e-01
1.942640e-01
1.943174e-01
1.943708e-01
1.944244e-01
1.944783e-01
1.945321e-01
1.945862e-01
1.946394e-01
1.946940e-01
1.947468e-01
1.948018e-01
1.948543e-01
1.949096e-01
1.949620e-01
1.950153e-01
1.950676e-01
1.951199e-01
1.951720e-01
1.952247e-01
1.952766e-01
1.953299e-01
1.953815e-01
1.954352e-01
1.954866e-01
1.955398e-01
1.955910e-01
1.956439e-01
1.956949e-01
1.957468e-01
1.957977e-01
1.958493e-01
1.959000e-01
1.959514e-01
1.960019e-01
1.960531e-01
1.961035e-01
1.961545e-01
1.962047e-01
1.962556e-01
1.963057e-01
1.963563e-01
1.964063e-01
1.964569e-01
1.965068e-01
1.965572e-01
1.966070e-01
1.966573e-01
1.967071e-01
1.967573e-01
1.968070e-01
1.968572e-01
1.969068e-01
1.969569e-01
1.970065e-01
1.970564e-01
1.971056e-01
1.971546e-01
1.972037e-01
1.972529e-01
1.973024e-01
1.973521e-01
1.974017e-01
1.974518e-01
1.975025e-01
1.975537e-01
1.976052e-01
1.976547e-01
1.977044e-01
1.977541e-01
1.978034e-01
1.978525e-01
1.979020e-01
1.979517e-01
1.980019e-01
1.980524e-01
1.981032e-01
1.981543e-01
1.982057e-01
1.982575e-01
1.983097e-01
1.983622e-01
1.984151e-01
1.984655e-01
1.985160e-01
1.985666e-01
1.986167e-01
1.986667e-01
1.987169e-01
1.987674e-01
1.988183e-01
1.988696e-01
1.989211e-01
1.989729e-01
1.990251e-01
1.990774e-01
1.991300e-01
1.991829e-01
1.992362e-01
1.992898e-01
1.993437e-01
1.993950e-01
1.994458e-01
1.994964e-01
1.995472e-01
1.995982e-01
1.996493e-01
1.997010e-01
1.997522e-01
1.998045e-01
1.998558e-01
1.999081e-01
1.999595e-01
2.000124e-01
2.000640e-01
2.001175e-01
