# 1  : Date
# 2  : Temps elapsed min (mus)
# 3  : Rang temps elapsed min
# 4  : Noeud temps elapsed min
# 5  : Temps elapsed max (mus)
# 6  : Rang temps elapsed max
# 7  : Noeud temps elapsed max
# 8  : Grind time (mus/maille/cycle)
# 9  : Grind time équivalent séquentiel (#8 X nb_de_coeurs)
#     1     2     3     4      5      6      7       8      9
#   ATTENTION  les temps cpu schémas sont données dans l'ordre alphabétique des schémas WARNING
#  10: TELAPS Hydro (mus)
9.263778e-05   4.026e+04 0 inti1217   4.038e+04 3 inti1217   2.921e-01 4.673e+00  3.171e+04
2.095045e-04   4.261e+04 0 inti1217   4.275e+04 3 inti1217   3.082e-01 4.931e+00  3.408e+04
3.722456e-04   6.415e+04 0 inti1217   6.436e+04 3 inti1217   4.616e-01 7.386e+00  3.301e+04
5.782604e-04   4.131e+04 0 inti1217   4.146e+04 3 inti1217   2.956e-01 4.730e+00  3.269e+04
8.237917e-04   4.210e+04 0 inti1217   4.225e+04 3 inti1217   2.987e-01 4.779e+00  3.337e+04
1.103177e-03   4.317e+04 0 inti1217   4.332e+04 3 inti1217   3.029e-01 4.847e+00  3.433e+04
1.413377e-03   7.025e+04 0 inti1217   7.040e+04 3 inti1217   4.866e-01 7.786e+00  3.578e+04
1.754727e-03   4.449e+04 0 inti1217   4.458e+04 3 inti1217   3.058e-01 4.893e+00  3.531e+04
2.124568e-03   4.451e+04 0 inti1217   4.457e+04 3 inti1217   3.021e-01 4.834e+00  3.536e+04
2.522125e-03   4.504e+04 0 inti1217   4.511e+04 3 inti1217   3.022e-01 4.834e+00  3.583e+04
2.939904e-03   7.141e+04 0 inti1217   7.150e+04 3 inti1217   4.731e-01 7.570e+00  3.699e+04
3.362047e-03   4.661e+04 0 inti1217   4.678e+04 3 inti1217   3.070e-01 4.911e+00  3.716e+04
3.748491e-03   4.653e+04 0 inti1217   4.661e+04 3 inti1217   3.051e-01 4.881e+00  3.718e+04
4.073463e-03   4.723e+04 0 inti1217   4.739e+04 3 inti1217   3.073e-01 4.917e+00  3.771e+04
4.433223e-03   1.130e+05 0 inti1217   1.131e+05 1 inti1217   7.248e-01 1.160e+01  3.861e+04
4.788940e-03   4.667e+04 0 inti1217   4.675e+04 3 inti1217   2.971e-01 4.754e+00  3.722e+04
5.087829e-03   4.700e+04 0 inti1217   4.707e+04 3 inti1217   2.958e-01 4.734e+00  3.762e+04
5.359513e-03   4.752e+04 0 inti1217   4.768e+04 3 inti1217   2.967e-01 4.748e+00  3.796e+04
5.616808e-03   7.545e+04 0 inti1217   7.554e+04 3 inti1217   4.662e-01 7.459e+00  3.923e+04
5.863515e-03   4.910e+04 0 inti1217   4.917e+04 3 inti1217   3.017e-01 4.827e+00  3.899e+04
6.101505e-03   4.895e+04 0 inti1217   4.900e+04 3 inti1217   2.981e-01 4.769e+00  3.924e+04
6.334678e-03   4.919e+04 0 inti1217   4.925e+04 3 inti1217   2.976e-01 4.762e+00  3.945e+04
6.564577e-03   7.787e+04 0 inti1217   7.794e+04 3 inti1217   4.680e-01 7.489e+00  4.056e+04
6.780979e-03   5.013e+04 0 inti1217   5.027e+04 3 inti1217   3.006e-01 4.809e+00  4.020e+04
6.990578e-03   5.006e+04 0 inti1217   5.011e+04 3 inti1217   2.980e-01 4.768e+00  4.026e+04
7.198913e-03   5.050e+04 0 inti1217   5.057e+04 3 inti1217   2.987e-01 4.779e+00  4.060e+04
7.405230e-03   7.934e+04 0 inti1217   7.941e+04 3 inti1217   4.660e-01 7.456e+00  4.133e+04
7.615884e-03   5.231e+04 0 inti1217   5.241e+04 1 inti1217   3.062e-01 4.899e+00  4.183e+04
7.832407e-03   5.142e+04 0 inti1217   5.146e+04 3 inti1217   2.989e-01 4.782e+00  4.140e+04
8.055383e-03   5.097e+04 0 inti1217   5.103e+04 3 inti1217   2.944e-01 4.710e+00  4.078e+04
8.286130e-03   7.948e+04 0 inti1217   7.954e+04 3 inti1217   4.557e-01 7.291e+00  4.132e+04
8.526291e-03   5.114e+04 0 inti1217   5.128e+04 3 inti1217   2.926e-01 4.682e+00  4.090e+04
8.778343e-03   5.133e+04 0 inti1217   5.139e+04 3 inti1217   2.909e-01 4.654e+00  4.135e+04
9.044536e-03   5.160e+04 0 inti1217   5.166e+04 3 inti1217   2.902e-01 4.644e+00  4.140e+04
9.325514e-03   8.097e+04 0 inti1217   8.110e+04 3 inti1217   4.517e-01 7.227e+00  4.202e+04
9.620740e-03   5.191e+04 0 inti1217   5.205e+04 1 inti1217   2.883e-01 4.612e+00  4.158e+04
9.929662e-03   5.437e+04 0 inti1217   5.442e+04 1 inti1217   2.990e-01 4.784e+00  4.432e+04
1.025242e-02   5.282e+04 0 inti1217   5.286e+04 3 inti1217   2.880e-01 4.609e+00  4.245e+04
1.058819e-02   8.408e+04 0 inti1217   8.414e+04 3 inti1217   4.543e-01 7.269e+00  4.379e+04
1.093522e-02   5.350e+04 0 inti1217   5.355e+04 1 inti1217   2.874e-01 4.598e+00  4.308e+04
1.129154e-02   5.409e+04 0 inti1217   5.413e+04 3 inti1217   2.878e-01 4.605e+00  4.383e+04
1.165506e-02   5.436e+04 0 inti1217   5.441e+04 3 inti1217   2.868e-01 4.589e+00  4.393e+04
1.202414e-02   8.567e+04 0 inti1217   8.572e+04 1 inti1217   4.476e-01 7.162e+00  4.505e+04
1.239766e-02   5.523e+04 0 inti1217   5.537e+04 1 inti1217   2.873e-01 4.597e+00  4.463e+04
1.277513e-02   5.532e+04 0 inti1217   5.537e+04 3 inti1217   2.849e-01 4.558e+00  4.487e+04
1.315722e-02   5.705e+04 0 inti1217   5.709e+04 3 inti1217   2.911e-01 4.657e+00  4.647e+04
1.354551e-02   8.823e+04 0 inti1217   8.829e+04 3 inti1217   4.454e-01 7.127e+00  4.680e+04
1.394187e-02   5.876e+04 0 inti1217   5.888e+04 3 inti1217   2.950e-01 4.720e+00  4.714e+04
1.434732e-02   5.763e+04 0 inti1217   5.768e+04 3 inti1217   2.863e-01 4.581e+00  4.687e+04
1.476204e-02   5.812e+04 0 inti1217   5.819e+04 3 inti1217   2.859e-01 4.575e+00  4.726e+04
1.518543e-02   9.143e+04 0 inti1217   9.149e+04 3 inti1217   4.448e-01 7.117e+00  4.821e+04
1.561685e-02   5.996e+04 0 inti1217   6.003e+04 3 inti1217   2.898e-01 4.637e+00  4.896e+04
1.605593e-02   5.973e+04 0 inti1217   5.980e+04 3 inti1217   2.857e-01 4.571e+00  4.893e+04
1.650214e-02   6.184e+04 0 inti1217   6.198e+04 3 inti1217   2.929e-01 4.686e+00  5.047e+04
1.695459e-02   1.513e+05 0 inti1217   1.513e+05 1 inti1217   7.072e-01 1.132e+01  5.066e+04
1.741223e-02   6.119e+04 0 inti1217   6.126e+04 1 inti1217   2.842e-01 4.548e+00  4.927e+04
1.787278e-02   6.021e+04 0 inti1217   6.026e+04 1 inti1217   2.765e-01 4.425e+00  4.876e+04
1.833562e-02   6.073e+04 0 inti1217   6.079e+04 1 inti1217   2.762e-01 4.419e+00  4.896e+04
1.880431e-02   9.386e+04 0 inti1217   9.392e+04 1 inti1217   4.223e-01 6.757e+00  5.035e+04
1.928237e-02   6.089e+04 0 inti1217   6.096e+04 1 inti1217   2.722e-01 4.354e+00  4.929e+04
1.977153e-02   6.128e+04 0 inti1217   6.135e+04 1 inti1217   2.710e-01 4.336e+00  4.976e+04
2.027254e-02   6.222e+04 0 inti1217   6.228e+04 1 inti1217   2.724e-01 4.359e+00  5.047e+04
2.078562e-02   9.713e+04 0 inti1217   9.720e+04 1 inti1217   4.207e-01 6.731e+00  5.211e+04
2.131110e-02   6.305e+04 0 inti1217   6.311e+04 1 inti1217   2.713e-01 4.340e+00  5.121e+04
2.184921e-02   6.307e+04 0 inti1217   6.313e+04 1 inti1217   2.683e-01 4.293e+00  5.132e+04
2.240028e-02   6.419e+04 0 inti1217   6.426e+04 1 inti1217   2.702e-01 4.322e+00  5.225e+04
2.294982e-02   1.001e+05 0 inti1217   1.002e+05 1 inti1217   4.163e-01 6.661e+00  5.317e+04
2.344952e-02   6.606e+04 0 inti1217   6.612e+04 1 inti1217   2.730e-01 4.367e+00  5.402e+04
2.392421e-02   6.573e+04 0 inti1217   6.579e+04 1 inti1217   2.691e-01 4.306e+00  5.390e+04
2.439103e-02   6.597e+04 0 inti1217   6.601e+04 2 inti1217   2.675e-01 4.280e+00  5.385e+04
2.487482e-02   1.023e+05 0 inti1217   1.024e+05 1 inti1217   4.111e-01 6.577e+00  5.497e+04
2.535774e-02   6.650e+04 0 inti1217   6.665e+04 1 inti1217   2.660e-01 4.256e+00  5.418e+04
2.584424e-02   6.656e+04 0 inti1217   6.660e+04 1 inti1217   2.634e-01 4.214e+00  5.463e+04
2.633133e-02   6.424e+04 2 inti1217   6.430e+04 1 inti1217   2.520e-01 4.032e+00  5.244e+04
2.682641e-02   1.013e+05 0 inti1217   1.015e+05 1 inti1217   3.941e-01 6.305e+00  5.371e+04
2.732145e-02   6.552e+04 2 inti1217   6.559e+04 1 inti1217   2.533e-01 4.052e+00  5.346e+04
2.782300e-02   6.552e+04 2 inti1217   6.560e+04 1 inti1217   2.509e-01 4.015e+00  5.369e+04
2.834865e-02   6.607e+04 2 inti1217   6.614e+04 1 inti1217   2.506e-01 4.010e+00  5.410e+04
2.885325e-02   1.013e+05 2 inti1217   1.014e+05 1 inti1217   3.808e-01 6.092e+00  5.512e+04
2.935233e-02   7.068e+04 0 inti1217   7.076e+04 1 inti1217   2.641e-01 4.225e+00  5.855e+04
2.985665e-02   6.848e+04 0 inti1217   6.861e+04 1 inti1217   2.537e-01 4.060e+00  5.651e+04
3.034907e-02   6.849e+04 2 inti1217   6.859e+04 1 inti1217   2.513e-01 4.021e+00  5.615e+04
3.069869e-02   1.059e+05 0 inti1217   1.060e+05 1 inti1217   3.861e-01 6.177e+00  5.707e+04
3.106739e-02   6.846e+04 0 inti1217   6.855e+04 1 inti1217   2.485e-01 3.975e+00  5.627e+04
3.142656e-02   6.902e+04 2 inti1217   6.908e+04 1 inti1217   2.487e-01 3.979e+00  5.687e+04
3.180005e-02   6.937e+04 2 inti1217   6.945e+04 1 inti1217   2.483e-01 3.973e+00  5.696e+04
3.217295e-02   1.096e+05 0 inti1217   1.098e+05 1 inti1217   3.898e-01 6.237e+00  5.896e+04
3.255080e-02   7.031e+04 2 inti1217   7.038e+04 1 inti1217   2.488e-01 3.981e+00  5.792e+04
3.291821e-02   7.145e+04 2 inti1217   7.153e+04 1 inti1217   2.512e-01 4.019e+00  5.902e+04
3.328455e-02   7.092e+04 0 inti1217   7.107e+04 1 inti1217   2.478e-01 3.965e+00  5.830e+04
3.362419e-02   1.152e+05 0 inti1217   1.153e+05 1 inti1217   3.992e-01 6.387e+00  6.017e+04
3.396170e-02   7.168e+04 0 inti1217   7.187e+04 1 inti1217   2.479e-01 3.967e+00  5.870e+04
3.430289e-02   7.290e+04 2 inti1217   7.301e+04 1 inti1217   2.503e-01 4.005e+00  6.010e+04
3.464270e-02   7.250e+04 2 inti1217   7.260e+04 1 inti1217   2.474e-01 3.959e+00  5.950e+04
3.498852e-02   1.117e+05 2 inti1217   1.118e+05 1 inti1217   3.784e-01 6.055e+00  6.099e+04
3.533527e-02   7.211e+04 0 inti1217   7.220e+04 1 inti1217   2.433e-01 3.893e+00  5.909e+04
3.569127e-02   7.278e+04 2 inti1217   7.288e+04 1 inti1217   2.440e-01 3.904e+00  5.988e+04
3.604574e-02   7.390e+04 2 inti1217   7.401e+04 1 inti1217   2.463e-01 3.941e+00  6.067e+04
3.641463e-02   1.133e+05 2 inti1217   1.134e+05 1 inti1217   3.747e-01 5.995e+00  6.116e+04
3.677495e-02   7.371e+04 0 inti1217   7.387e+04 1 inti1217   2.429e-01 3.886e+00  6.068e+04
3.713908e-02   7.439e+04 2 inti1217   7.450e+04 1 inti1217   2.433e-01 3.894e+00  6.148e+04
3.750467e-02   7.412e+04 2 inti1217   7.422e+04 1 inti1217   2.407e-01 3.851e+00  6.095e+04
3.786889e-02   1.147e+05 0 inti1217   1.148e+05 1 inti1217   3.700e-01 5.920e+00  6.207e+04
3.823752e-02   7.442e+04 2 inti1217   7.453e+04 1 inti1217   2.389e-01 3.823e+00  6.117e+04
3.860666e-02   7.709e+04 2 inti1217   7.720e+04 1 inti1217   2.457e-01 3.931e+00  6.393e+04
3.897737e-02   7.565e+04 2 inti1217   7.576e+04 1 inti1217   2.395e-01 3.832e+00  6.215e+04
3.935546e-02   1.186e+05 2 inti1217   1.187e+05 1 inti1217   3.724e-01 5.959e+00  6.362e+04
3.974014e-02   7.614e+04 0 inti1217   7.631e+04 1 inti1217   2.384e-01 3.815e+00  6.270e+04
4.011880e-02   8.519e+04 2 inti1217   8.531e+04 1 inti1217   2.645e-01 4.232e+00  6.905e+04
4.050183e-02   7.812e+04 2 inti1217   7.822e+04 1 inti1217   2.407e-01 3.851e+00  6.440e+04
4.089105e-02   1.217e+05 2 inti1217   1.218e+05 1 inti1217   3.720e-01 5.953e+00  6.586e+04
4.128022e-02   7.888e+04 0 inti1217   7.896e+04 1 inti1217   2.401e-01 3.842e+00  6.498e+04
4.166920e-02   7.927e+04 2 inti1217   7.936e+04 1 inti1217   2.396e-01 3.833e+00  6.555e+04
4.206300e-02   8.004e+04 0 inti1217   8.019e+04 1 inti1217   2.403e-01 3.845e+00  6.592e+04
4.246128e-02   1.257e+05 0 inti1217   1.258e+05 1 inti1217   3.740e-01 5.984e+00  6.774e+04
4.286356e-02   8.071e+04 0 inti1217   8.079e+04 1 inti1217   2.389e-01 3.823e+00  6.672e+04
4.326883e-02   8.247e+04 2 inti1217   8.254e+04 1 inti1217   2.424e-01 3.879e+00  6.861e+04
4.367641e-02   8.141e+04 2 inti1217   8.148e+04 1 inti1217   2.375e-01 3.799e+00  6.716e+04
4.408731e-02   1.275e+05 0 inti1217   1.277e+05 1 inti1217   3.694e-01 5.911e+00  6.991e+04
4.450233e-02   8.290e+04 2 inti1217   8.301e+04 1 inti1217   2.390e-01 3.823e+00  6.867e+04
4.488793e-02   8.349e+04 2 inti1217   8.357e+04 1 inti1217   2.388e-01 3.821e+00  6.965e+04
4.525272e-02   8.323e+04 2 inti1217   8.331e+04 1 inti1217   2.364e-01 3.783e+00  6.888e+04
4.562086e-02   1.290e+05 2 inti1217   1.291e+05 1 inti1217   3.639e-01 5.822e+00  7.135e+04
4.599013e-02   8.439e+04 0 inti1217   8.455e+04 1 inti1217   2.373e-01 3.797e+00  6.968e+04
4.636281e-02   8.676e+04 2 inti1217   8.688e+04 1 inti1217   2.421e-01 3.873e+00  7.210e+04
4.674443e-02   8.675e+04 0 inti1217   8.690e+04 1 inti1217   2.405e-01 3.847e+00  7.157e+04
4.712110e-02   1.337e+05 2 inti1217   1.338e+05 1 inti1217   3.675e-01 5.881e+00  7.422e+04
4.749931e-02   8.828e+04 0 inti1217   8.845e+04 1 inti1217   2.419e-01 3.870e+00  7.312e+04
4.787908e-02   8.613e+04 2 inti1217   8.626e+04 1 inti1217   2.343e-01 3.749e+00  7.114e+04
4.826066e-02   8.758e+04 2 inti1217   8.770e+04 1 inti1217   2.364e-01 3.783e+00  7.234e+04
4.864314e-02   1.374e+05 2 inti1217   1.375e+05 1 inti1217   3.680e-01 5.889e+00  7.526e+04
4.902872e-02   8.814e+04 2 inti1217   8.827e+04 1 inti1217   2.352e-01 3.763e+00  7.314e+04
4.941761e-02   8.818e+04 2 inti1217   8.830e+04 1 inti1217   2.336e-01 3.738e+00  7.311e+04
4.981285e-02   8.783e+04 2 inti1217   8.796e+04 1 inti1217   2.310e-01 3.696e+00  7.258e+04
5.020748e-02   1.320e+05 2 inti1217   1.321e+05 1 inti1217   3.446e-01 5.513e+00  7.399e+04
5.060279e-02   8.889e+04 2 inti1217   8.901e+04 1 inti1217   2.309e-01 3.695e+00  7.355e+04
5.099990e-02   9.019e+04 2 inti1217   9.031e+04 1 inti1217   2.329e-01 3.726e+00  7.512e+04
5.139995e-02   8.933e+04 2 inti1217   8.946e+04 1 inti1217   2.290e-01 3.664e+00  7.395e+04
5.180553e-02   1.430e+05 2 inti1217   1.431e+05 1 inti1217   3.638e-01 5.821e+00  7.839e+04
5.221332e-02   8.975e+04 2 inti1217   8.987e+04 1 inti1217   2.273e-01 3.637e+00  7.434e+04
5.262292e-02   9.233e+04 2 inti1217   9.244e+04 1 inti1217   2.321e-01 3.714e+00  7.683e+04
5.303419e-02   9.195e+04 2 inti1217   9.207e+04 1 inti1217   2.294e-01 3.670e+00  7.638e+04
5.343547e-02   1.416e+05 2 inti1217   1.417e+05 1 inti1217   3.503e-01 5.605e+00  7.828e+04
5.383020e-02   9.266e+04 0 inti1217   9.285e+04 1 inti1217   2.285e-01 3.656e+00  7.697e+04
5.419716e-02   9.320e+04 2 inti1217   9.333e+04 1 inti1217   2.281e-01 3.649e+00  7.777e+04
5.455843e-02   9.201e+04 0 inti1217   9.214e+04 1 inti1217   2.237e-01 3.579e+00  7.632e+04
5.491106e-02   1.441e+05 2 inti1217   1.443e+05 1 inti1217   3.477e-01 5.563e+00  7.959e+04
5.526519e-02   9.303e+04 2 inti1217   9.314e+04 1 inti1217   2.235e-01 3.575e+00  7.718e+04
5.561302e-02   9.494e+04 2 inti1217   9.505e+04 1 inti1217   2.266e-01 3.626e+00  7.927e+04
5.596953e-02   9.430e+04 2 inti1217   9.442e+04 1 inti1217   2.237e-01 3.579e+00  7.817e+04
5.632679e-02   1.482e+05 2 inti1217   1.483e+05 1 inti1217   3.489e-01 5.583e+00  8.163e+04
5.668428e-02   9.626e+04 2 inti1217   9.637e+04 1 inti1217   2.257e-01 3.611e+00  8.015e+04
5.703776e-02   9.683e+04 2 inti1217   9.695e+04 1 inti1217   2.256e-01 3.609e+00  8.098e+04
5.738548e-02   9.682e+04 2 inti1217   9.693e+04 1 inti1217   2.242e-01 3.587e+00  8.066e+04
5.772666e-02   1.635e+05 2 inti1217   1.636e+05 1 inti1217   3.761e-01 6.017e+00  8.300e+04
5.806456e-02   9.674e+04 2 inti1217   9.686e+04 1 inti1217   2.218e-01 3.548e+00  8.059e+04
5.839765e-02   9.817e+04 2 inti1217   9.828e+04 1 inti1217   2.236e-01 3.578e+00  8.246e+04
5.872576e-02   9.674e+04 2 inti1217   9.688e+04 1 inti1217   2.191e-01 3.505e+00  8.083e+04
5.905173e-02   1.513e+05 2 inti1217   1.514e+05 1 inti1217   3.404e-01 5.446e+00  8.457e+04
5.937158e-02   9.768e+04 2 inti1217   9.781e+04 1 inti1217   2.191e-01 3.505e+00  8.171e+04
5.968474e-02   9.959e+04 2 inti1217   9.972e+04 1 inti1217   2.221e-01 3.554e+00  8.373e+04
5.999480e-02   1.001e+05 0 inti1217   1.003e+05 1 inti1217   2.222e-01 3.555e+00  8.365e+04
6.030363e-02   1.573e+05 2 inti1217   1.575e+05 1 inti1217   3.469e-01 5.551e+00  8.650e+04
6.060825e-02   9.964e+04 2 inti1217   1.107e+05 1 inti1217   2.431e-01 3.889e+00  8.330e+04
6.091397e-02   1.022e+05 0 inti1217   1.023e+05 1 inti1217   2.235e-01 3.576e+00  8.599e+04
6.121909e-02   1.008e+05 2 inti1217   1.010e+05 1 inti1217   2.194e-01 3.511e+00  8.452e+04
6.152437e-02   1.567e+05 2 inti1217   1.568e+05 1 inti1217   3.391e-01 5.426e+00  8.761e+04
6.183168e-02   1.022e+05 0 inti1217   1.024e+05 1 inti1217   2.205e-01 3.528e+00  8.541e+04
6.214530e-02   1.019e+05 2 inti1217   1.021e+05 1 inti1217   2.188e-01 3.501e+00  8.562e+04
6.247037e-02   1.031e+05 0 inti1217   1.033e+05 1 inti1217   2.202e-01 3.523e+00  8.648e+04
6.280538e-02   1.574e+05 2 inti1217   1.576e+05 1 inti1217   3.342e-01 5.347e+00  8.713e+04
6.315506e-02   1.024e+05 2 inti1217   1.025e+05 1 inti1217   2.166e-01 3.465e+00  8.586e+04
6.350005e-02   1.040e+05 2 inti1217   1.042e+05 1 inti1217   2.189e-01 3.503e+00  8.736e+04
6.384487e-02   1.042e+05 2 inti1217   1.043e+05 1 inti1217   2.180e-01 3.489e+00  8.732e+04
6.419102e-02   1.623e+05 2 inti1217   1.625e+05 1 inti1217   3.379e-01 5.406e+00  9.141e+04
6.454238e-02   1.079e+05 2 inti1217   1.080e+05 1 inti1217   2.237e-01 3.580e+00  9.111e+04
6.489913e-02   1.068e+05 2 inti1217   1.070e+05 1 inti1217   2.203e-01 3.525e+00  9.015e+04
6.526510e-02   1.058e+05 2 inti1217   1.059e+05 1 inti1217   2.169e-01 3.470e+00  8.872e+04
6.563875e-02   1.647e+05 2 inti1217   1.649e+05 3 inti1217   3.356e-01 5.370e+00  9.300e+04
6.604344e-02   1.067e+05 2 inti1217   1.068e+05 1 inti1217   2.166e-01 3.465e+00  8.964e+04
6.645113e-02   1.085e+05 2 inti1217   1.087e+05 1 inti1217   2.191e-01 3.505e+00  9.170e+04
6.686382e-02   1.077e+05 2 inti1217   1.078e+05 1 inti1217   2.160e-01 3.456e+00  9.062e+04
6.729346e-02   1.679e+05 2 inti1217   1.680e+05 1 inti1217   3.345e-01 5.352e+00  9.477e+04
6.772574e-02   1.084e+05 2 inti1217   1.085e+05 1 inti1217   2.151e-01 3.442e+00  9.134e+04
6.817125e-02   1.105e+05 2 inti1217   1.106e+05 1 inti1217   2.178e-01 3.484e+00  9.336e+04
6.861448e-02   1.094e+05 0 inti1217   1.096e+05 1 inti1217   2.145e-01 3.432e+00  9.198e+04
6.906550e-02   1.595e+05 2 inti1217   1.597e+05 1 inti1217   3.103e-01 4.965e+00  9.611e+04
6.950622e-02   1.113e+05 2 inti1217   1.114e+05 1 inti1217   2.155e-01 3.448e+00  9.382e+04
6.995753e-02   1.142e+05 2 inti1217   1.143e+05 1 inti1217   2.198e-01 3.516e+00  9.641e+04
7.040404e-02   1.128e+05 2 inti1217   1.130e+05 1 inti1217   2.158e-01 3.453e+00  9.516e+04
7.084710e-02   1.744e+05 2 inti1217   1.745e+05 1 inti1217   3.313e-01 5.301e+00  9.913e+04
7.129503e-02   1.132e+05 2 inti1217   1.133e+05 1 inti1217   2.142e-01 3.427e+00  9.550e+04
7.173991e-02   1.154e+05 2 inti1217   1.155e+05 1 inti1217   2.171e-01 3.474e+00  9.783e+04
7.218542e-02   1.154e+05 2 inti1217   1.155e+05 1 inti1217   2.158e-01 3.454e+00  9.735e+04
7.263907e-02   1.789e+05 2 inti1217   1.790e+05 1 inti1217   3.324e-01 5.319e+00  1.017e+05
7.308106e-02   1.155e+05 2 inti1217   1.156e+05 1 inti1217   2.138e-01 3.421e+00  9.752e+04
7.352294e-02   1.180e+05 2 inti1217   1.181e+05 1 inti1217   2.171e-01 3.474e+00  1.002e+05
7.395970e-02   1.172e+05 2 inti1217   1.173e+05 1 inti1217   2.144e-01 3.431e+00  9.910e+04
7.439484e-02   1.783e+05 2 inti1217   1.784e+05 1 inti1217   3.243e-01 5.189e+00  1.014e+05
7.483481e-02   1.184e+05 2 inti1217   1.186e+05 1 inti1217   2.148e-01 3.436e+00  1.002e+05
7.527849e-02   1.186e+05 2 inti1217   1.187e+05 1 inti1217   2.139e-01 3.423e+00  1.005e+05
7.571774e-02   1.194e+05 2 inti1217   1.195e+05 1 inti1217   2.141e-01 3.426e+00  1.009e+05
7.615470e-02   1.825e+05 2 inti1217   1.827e+05 1 inti1217   3.255e-01 5.208e+00  1.038e+05
7.660865e-02   1.205e+05 0 inti1217   1.206e+05 1 inti1217   2.141e-01 3.426e+00  1.020e+05
7.707228e-02   1.201e+05 2 inti1217   1.202e+05 1 inti1217   2.123e-01 3.397e+00  1.020e+05
7.753408e-02   1.205e+05 2 inti1217   1.207e+05 1 inti1217   2.118e-01 3.390e+00  1.019e+05
7.798388e-02   1.857e+05 2 inti1217   1.859e+05 1 inti1217   3.247e-01 5.195e+00  1.051e+05
7.844634e-02   1.223e+05 2 inti1217   1.224e+05 1 inti1217   2.130e-01 3.408e+00  1.036e+05
7.891434e-02   1.228e+05 2 inti1217   1.229e+05 1 inti1217   2.127e-01 3.404e+00  1.042e+05
7.937732e-02   1.235e+05 0 inti1217   1.237e+05 1 inti1217   2.130e-01 3.408e+00  1.045e+05
7.985011e-02   1.855e+05 2 inti1217   1.857e+05 1 inti1217   3.178e-01 5.085e+00  1.065e+05
8.031936e-02   1.255e+05 2 inti1217   1.256e+05 1 inti1217   2.143e-01 3.428e+00  1.064e+05
8.077700e-02   1.237e+05 2 inti1217   1.238e+05 1 inti1217   2.101e-01 3.362e+00  1.049e+05
8.122002e-02   1.248e+05 2 inti1217   1.249e+05 1 inti1217   2.108e-01 3.373e+00  1.057e+05
8.166307e-02   1.940e+05 2 inti1217   1.941e+05 1 inti1217   3.261e-01 5.217e+00  1.087e+05
8.210783e-02   1.258e+05 2 inti1217   1.259e+05 1 inti1217   2.107e-01 3.372e+00  1.064e+05
8.255913e-02   1.265e+05 2 inti1217   1.267e+05 1 inti1217   2.110e-01 3.377e+00  1.073e+05
8.302770e-02   1.277e+05 2 inti1217   1.279e+05 1 inti1217   2.119e-01 3.391e+00  1.082e+05
8.350706e-02   1.957e+05 2 inti1217   1.958e+05 1 inti1217   3.228e-01 5.165e+00  1.111e+05
8.399722e-02   1.274e+05 2 inti1217   1.276e+05 1 inti1217   2.095e-01 3.352e+00  1.079e+05
8.444231e-02   1.289e+05 2 inti1217   1.290e+05 1 inti1217   2.108e-01 3.372e+00  1.094e+05
8.488418e-02   1.292e+05 2 inti1217   1.293e+05 1 inti1217   2.102e-01 3.364e+00  1.095e+05
8.532718e-02   1.931e+05 2 inti1217   1.932e+05 1 inti1217   3.126e-01 5.002e+00  1.114e+05
8.577236e-02   1.301e+05 0 inti1217   1.303e+05 1 inti1217   2.101e-01 3.362e+00  1.103e+05
8.623146e-02   1.303e+05 2 inti1217   1.305e+05 1 inti1217   2.093e-01 3.349e+00  1.107e+05
8.670025e-02   1.329e+05 2 inti1217   1.331e+05 1 inti1217   2.124e-01 3.399e+00  1.129e+05
8.716134e-02   1.986e+05 2 inti1217   1.987e+05 1 inti1217   3.155e-01 5.048e+00  1.149e+05
8.762435e-02   1.321e+05 2 inti1217   1.322e+05 1 inti1217   2.094e-01 3.350e+00  1.123e+05
8.808934e-02   1.328e+05 0 inti1217   1.329e+05 1 inti1217   2.094e-01 3.350e+00  1.130e+05
8.856981e-02   1.344e+05 0 inti1217   1.345e+05 1 inti1217   2.108e-01 3.372e+00  1.141e+05
8.905432e-02   2.096e+05 2 inti1217   2.097e+05 1 inti1217   3.267e-01 5.228e+00  1.174e+05
8.951694e-02   1.363e+05 0 inti1217   1.365e+05 1 inti1217   2.120e-01 3.393e+00  1.156e+05
8.998196e-02   1.364e+05 0 inti1217   1.365e+05 1 inti1217   2.110e-01 3.377e+00  1.158e+05
9.045125e-02   1.377e+05 2 inti1217   1.378e+05 1 inti1217   2.120e-01 3.392e+00  1.173e+05
9.093751e-02   2.106e+05 0 inti1217   2.108e+05 1 inti1217   3.228e-01 5.164e+00  1.199e+05
9.139045e-02   1.394e+05 2 inti1217   1.395e+05 1 inti1217   2.129e-01 3.407e+00  1.188e+05
9.184587e-02   1.377e+05 2 inti1217   1.378e+05 1 inti1217   2.092e-01 3.348e+00  1.173e+05
9.230340e-02   1.393e+05 0 inti1217   1.395e+05 1 inti1217   2.108e-01 3.374e+00  1.186e+05
9.276367e-02   2.071e+05 2 inti1217   2.072e+05 1 inti1217   3.117e-01 4.987e+00  1.210e+05
9.321768e-02   1.403e+05 2 inti1217   1.404e+05 1 inti1217   2.106e-01 3.369e+00  1.195e+05
9.367364e-02   1.416e+05 2 inti1217   1.417e+05 1 inti1217   2.115e-01 3.384e+00  1.207e+05
9.412223e-02   1.427e+05 2 inti1217   1.428e+05 1 inti1217   2.121e-01 3.394e+00  1.216e+05
9.456859e-02   2.206e+05 2 inti1217   2.207e+05 1 inti1217   3.263e-01 5.222e+00  1.250e+05
9.501700e-02   1.434e+05 0 inti1217   1.436e+05 1 inti1217   2.116e-01 3.386e+00  1.223e+05
9.546626e-02   1.437e+05 2 inti1217   1.439e+05 1 inti1217   2.111e-01 3.378e+00  1.229e+05
9.591641e-02   1.456e+05 0 inti1217   1.458e+05 1 inti1217   2.129e-01 3.406e+00  1.245e+05
9.637727e-02   2.238e+05 2 inti1217   2.240e+05 1 inti1217   3.254e-01 5.206e+00  1.278e+05
9.684227e-02   1.453e+05 0 inti1217   1.455e+05 1 inti1217   2.107e-01 3.371e+00  1.241e+05
9.728487e-02   1.534e+05 2 inti1217   1.535e+05 1 inti1217   2.213e-01 3.541e+00  1.324e+05
9.772911e-02   1.477e+05 2 inti1217   1.478e+05 1 inti1217   2.121e-01 3.394e+00  1.263e+05
9.817382e-02   2.235e+05 2 inti1217   2.237e+05 1 inti1217   3.194e-01 5.110e+00  1.308e+05
9.861772e-02   1.469e+05 0 inti1217   1.471e+05 1 inti1217   2.093e-01 3.350e+00  1.260e+05
9.905738e-02   1.479e+05 0 inti1217   1.479e+05 3 inti1217   2.096e-01 3.353e+00  1.270e+05
9.948682e-02   1.502e+05 0 inti1217   1.503e+05 3 inti1217   2.119e-01 3.391e+00  1.290e+05
9.990698e-02   2.272e+05 0 inti1217   2.273e+05 1 inti1217   3.192e-01 5.107e+00  1.312e+05
1.003290e-01   1.494e+05 0 inti1217   1.495e+05 1 inti1217   2.092e-01 3.348e+00  1.282e+05
1.007667e-01   1.500e+05 0 inti1217   1.500e+05 1 inti1217   2.091e-01 3.345e+00  1.290e+05
1.012346e-01   1.508e+05 0 inti1217   1.509e+05 1 inti1217   2.094e-01 3.350e+00  1.296e+05
1.017211e-01   2.178e+05 0 inti1217   2.179e+05 3 inti1217   3.007e-01 4.811e+00  1.329e+05
1.022293e-01   1.512e+05 0 inti1217   1.514e+05 1 inti1217   2.082e-01 3.330e+00  1.300e+05
1.027505e-01   1.525e+05 0 inti1217   1.526e+05 1 inti1217   2.086e-01 3.338e+00  1.315e+05
1.032873e-01   1.531e+05 0 inti1217   1.532e+05 1 inti1217   2.083e-01 3.334e+00  1.316e+05
1.038374e-01   2.331e+05 0 inti1217   2.332e+05 1 inti1217   3.153e-01 5.045e+00  1.357e+05
1.043924e-01   1.555e+05 0 inti1217   1.556e+05 1 inti1217   2.096e-01 3.354e+00  1.339e+05
1.049592e-01   1.550e+05 0 inti1217   1.551e+05 1 inti1217   2.078e-01 3.324e+00  1.338e+05
1.055290e-01   1.566e+05 0 inti1217   1.566e+05 1 inti1217   2.085e-01 3.336e+00  1.350e+05
1.061082e-01   2.320e+05 0 inti1217   2.321e+05 1 inti1217   3.072e-01 4.916e+00  1.395e+05
1.066782e-01   1.577e+05 0 inti1217   1.578e+05 1 inti1217   2.080e-01 3.328e+00  1.360e+05
1.072329e-01   1.583e+05 0 inti1217   1.583e+05 1 inti1217   2.076e-01 3.322e+00  1.369e+05
1.077773e-01   1.597e+05 0 inti1217   1.598e+05 1 inti1217   2.084e-01 3.335e+00  1.379e+05
1.083185e-01   2.360e+05 0 inti1217   2.361e+05 1 inti1217   3.063e-01 4.900e+00  1.413e+05
1.088639e-01   1.609e+05 0 inti1217   1.610e+05 3 inti1217   2.081e-01 3.329e+00  1.390e+05
1.094186e-01   1.610e+05 0 inti1217   1.611e+05 1 inti1217   2.071e-01 3.313e+00  1.392e+05
1.099772e-01   1.626e+05 0 inti1217   1.627e+05 1 inti1217   2.081e-01 3.329e+00  1.403e+05
1.105353e-01   2.476e+05 0 inti1217   2.477e+05 1 inti1217   3.150e-01 5.041e+00  1.449e+05
1.110956e-01   1.667e+05 0 inti1217   1.667e+05 1 inti1217   2.113e-01 3.381e+00  1.448e+05
1.116621e-01   1.639e+05 0 inti1217   1.640e+05 1 inti1217   2.066e-01 3.306e+00  1.421e+05
1.122278e-01   1.662e+05 0 inti1217   1.663e+05 1 inti1217   2.086e-01 3.337e+00  1.439e+05
1.127996e-01   2.551e+05 0 inti1217   2.552e+05 1 inti1217   3.183e-01 5.092e+00  1.499e+05
1.133590e-01   1.678e+05 0 inti1217   1.679e+05 1 inti1217   2.086e-01 3.337e+00  1.452e+05
1.139131e-01   1.686e+05 0 inti1217   1.687e+05 1 inti1217   2.085e-01 3.336e+00  1.461e+05
1.144647e-01   1.692e+05 0 inti1217   1.694e+05 1 inti1217   2.083e-01 3.333e+00  1.465e+05
1.150141e-01   2.584e+05 0 inti1217   2.585e+05 1 inti1217   3.162e-01 5.059e+00  1.530e+05
1.155590e-01   1.697e+05 0 inti1217   1.699e+05 1 inti1217   2.071e-01 3.314e+00  1.472e+05
1.161146e-01   1.721e+05 0 inti1217   1.722e+05 1 inti1217   2.089e-01 3.343e+00  1.492e+05
1.166750e-01   1.725e+05 0 inti1217   1.726e+05 1 inti1217   2.083e-01 3.333e+00  1.495e+05
1.172094e-01   2.678e+05 0 inti1217   2.679e+05 1 inti1217   3.218e-01 5.149e+00  1.536e+05
1.177050e-01   1.762e+05 0 inti1217   1.763e+05 1 inti1217   2.112e-01 3.379e+00  1.529e+05
1.181765e-01   1.748e+05 2 inti1217   1.748e+05 1 inti1217   2.085e-01 3.337e+00  1.521e+05
1.186482e-01   1.767e+05 0 inti1217   1.768e+05 1 inti1217   2.100e-01 3.360e+00  1.538e+05
1.191685e-01   2.849e+05 0 inti1217   2.850e+05 1 inti1217   3.369e-01 5.391e+00  1.598e+05
1.197176e-01   1.785e+05 0 inti1217   1.786e+05 1 inti1217   2.104e-01 3.367e+00  1.551e+05
1.202802e-01   1.816e+05 0 inti1217   1.817e+05 1 inti1217   2.131e-01 3.409e+00  1.582e+05
1.208471e-01   1.817e+05 0 inti1217   1.818e+05 1 inti1217   2.122e-01 3.395e+00  1.580e+05
1.214166e-01   2.775e+05 0 inti1217   2.776e+05 1 inti1217   3.225e-01 5.160e+00  1.637e+05
1.219890e-01   1.850e+05 0 inti1217   1.851e+05 1 inti1217   2.145e-01 3.432e+00  1.612e+05
1.225648e-01   1.857e+05 0 inti1217   1.858e+05 1 inti1217   2.143e-01 3.429e+00  1.620e+05
1.231418e-01   1.874e+05 0 inti1217   1.876e+05 1 inti1217   2.154e-01 3.446e+00  1.635e+05
1.237184e-01   2.762e+05 0 inti1217   2.763e+05 1 inti1217   3.157e-01 5.052e+00  1.677e+05
1.242924e-01   1.900e+05 0 inti1217   1.901e+05 1 inti1217   2.166e-01 3.465e+00  1.660e+05
1.248395e-01   1.898e+05 0 inti1217   1.900e+05 1 inti1217   2.155e-01 3.449e+00  1.659e+05
1.253529e-01   1.894e+05 0 inti1217   1.895e+05 1 inti1217   2.141e-01 3.425e+00  1.653e+05
1.258677e-01   2.769e+05 0 inti1217   2.770e+05 1 inti1217   3.117e-01 4.987e+00  1.653e+05
1.263908e-01   1.894e+05 0 inti1217   1.895e+05 1 inti1217   2.128e-01 3.405e+00  1.645e+05
1.269550e-01   1.888e+05 0 inti1217   1.888e+05 1 inti1217   2.111e-01 3.377e+00  1.645e+05
1.275155e-01   1.899e+05 0 inti1217   1.900e+05 1 inti1217   2.116e-01 3.385e+00  1.656e+05
1.280805e-01   2.825e+05 0 inti1217   2.826e+05 1 inti1217   3.133e-01 5.013e+00  1.690e+05
1.286440e-01   1.894e+05 0 inti1217   1.895e+05 1 inti1217   2.096e-01 3.353e+00  1.650e+05
1.292104e-01   1.913e+05 0 inti1217   1.914e+05 1 inti1217   2.108e-01 3.373e+00  1.667e+05
1.297757e-01   1.929e+05 2 inti1217   1.930e+05 1 inti1217   2.116e-01 3.386e+00  1.675e+05
1.303386e-01   2.871e+05 0 inti1217   2.873e+05 1 inti1217   3.138e-01 5.021e+00  1.708e+05
1.308964e-01   1.943e+05 0 inti1217   1.945e+05 1 inti1217   2.120e-01 3.392e+00  1.691e+05
1.314491e-01   1.951e+05 0 inti1217   1.952e+05 1 inti1217   2.119e-01 3.390e+00  1.700e+05
1.319964e-01   1.986e+05 0 inti1217   1.987e+05 1 inti1217   2.149e-01 3.439e+00  1.730e+05
1.325391e-01   2.877e+05 0 inti1217   2.878e+05 1 inti1217   3.102e-01 4.963e+00  1.741e+05
1.330769e-01   1.995e+05 0 inti1217   1.997e+05 1 inti1217   2.147e-01 3.435e+00  1.742e+05
1.336119e-01   1.980e+05 0 inti1217   1.982e+05 1 inti1217   2.124e-01 3.398e+00  1.728e+05
1.341447e-01   1.995e+05 0 inti1217   1.997e+05 1 inti1217   2.133e-01 3.412e+00  1.739e+05
1.346769e-01   2.960e+05 0 inti1217   2.961e+05 1 inti1217   3.152e-01 5.043e+00  1.771e+05
1.352086e-01   1.989e+05 0 inti1217   1.991e+05 1 inti1217   2.115e-01 3.384e+00  1.735e+05
1.357415e-01   2.011e+05 0 inti1217   2.012e+05 1 inti1217   2.131e-01 3.409e+00  1.756e+05
1.362754e-01   2.040e+05 0 inti1217   2.041e+05 1 inti1217   2.155e-01 3.448e+00  1.779e+05
1.368115e-01   3.013e+05 0 inti1217   3.014e+05 1 inti1217   3.171e-01 5.074e+00  1.817e+05
1.373487e-01   2.025e+05 0 inti1217   2.027e+05 1 inti1217   2.130e-01 3.408e+00  1.768e+05
1.378878e-01   2.038e+05 0 inti1217   2.039e+05 1 inti1217   2.135e-01 3.417e+00  1.780e+05
1.384283e-01   2.051e+05 0 inti1217   2.053e+05 1 inti1217   2.144e-01 3.431e+00  1.789e+05
1.389713e-01   3.024e+05 0 inti1217   3.025e+05 1 inti1217   3.150e-01 5.040e+00  1.839e+05
1.395157e-01   2.059e+05 0 inti1217   2.060e+05 1 inti1217   2.140e-01 3.425e+00  1.797e+05
1.400623e-01   2.082e+05 0 inti1217   2.083e+05 1 inti1217   2.159e-01 3.454e+00  1.820e+05
1.406098e-01   2.098e+05 0 inti1217   2.100e+05 1 inti1217   2.170e-01 3.472e+00  1.832e+05
1.411543e-01   3.153e+05 0 inti1217   3.154e+05 1 inti1217   3.251e-01 5.202e+00  1.881e+05
1.417001e-01   2.101e+05 0 inti1217   2.102e+05 1 inti1217   2.163e-01 3.461e+00  1.822e+05
1.422544e-01   2.110e+05 2 inti1217   2.111e+05 1 inti1217   2.166e-01 3.466e+00  1.831e+05
1.427978e-01   2.107e+05 2 inti1217   2.108e+05 1 inti1217   2.158e-01 3.453e+00  1.829e+05
1.433447e-01   3.145e+05 0 inti1217   3.146e+05 1 inti1217   3.212e-01 5.139e+00  1.859e+05
1.438962e-01   2.107e+05 0 inti1217   2.109e+05 1 inti1217   2.150e-01 3.440e+00  1.830e+05
1.444575e-01   2.136e+05 2 inti1217   2.137e+05 1 inti1217   2.174e-01 3.478e+00  1.856e+05
1.450204e-01   2.125e+05 2 inti1217   2.126e+05 1 inti1217   2.157e-01 3.451e+00  1.845e+05
1.455881e-01   3.069e+05 0 inti1217   3.070e+05 1 inti1217   3.108e-01 4.972e+00  1.866e+05
1.461606e-01   2.121e+05 0 inti1217   2.122e+05 1 inti1217   2.144e-01 3.431e+00  1.842e+05
1.467381e-01   2.116e+05 3 inti1217   2.117e+05 1 inti1217   2.135e-01 3.417e+00  1.842e+05
1.473012e-01   2.130e+05 2 inti1217   2.131e+05 1 inti1217   2.145e-01 3.431e+00  1.854e+05
1.478687e-01   3.025e+05 0 inti1217   3.026e+05 1 inti1217   3.040e-01 4.864e+00  1.889e+05
1.484271e-01   2.119e+05 0 inti1217   2.120e+05 1 inti1217   2.127e-01 3.403e+00  1.844e+05
1.489786e-01   2.135e+05 0 inti1217   2.136e+05 1 inti1217   2.139e-01 3.423e+00  1.863e+05
1.495304e-01   2.140e+05 0 inti1217   2.141e+05 1 inti1217   2.141e-01 3.425e+00  1.864e+05
1.500860e-01   2.979e+05 0 inti1217   2.980e+05 1 inti1217   2.974e-01 4.758e+00  1.893e+05
1.506354e-01   2.135e+05 0 inti1217   2.136e+05 1 inti1217   2.129e-01 3.406e+00  1.860e+05
1.511949e-01   2.134e+05 0 inti1217   2.136e+05 1 inti1217   2.124e-01 3.399e+00  1.861e+05
1.517501e-01   2.145e+05 0 inti1217   2.146e+05 1 inti1217   2.131e-01 3.410e+00  1.867e+05
1.522987e-01   3.024e+05 0 inti1217   3.026e+05 1 inti1217   3.000e-01 4.801e+00  1.889e+05
1.528448e-01   2.183e+05 0 inti1217   2.184e+05 1 inti1217   2.164e-01 3.462e+00  1.907e+05
1.534009e-01   2.152e+05 0 inti1217   2.153e+05 1 inti1217   2.130e-01 3.408e+00  1.878e+05
1.539631e-01   2.157e+05 0 inti1217   2.158e+05 1 inti1217   2.132e-01 3.411e+00  1.882e+05
1.545284e-01   3.067e+05 0 inti1217   3.068e+05 1 inti1217   3.026e-01 4.841e+00  1.915e+05
1.550963e-01   2.173e+05 0 inti1217   2.175e+05 1 inti1217   2.143e-01 3.429e+00  1.894e+05
1.556619e-01   2.161e+05 0 inti1217   2.168e+05 1 inti1217   2.133e-01 3.413e+00  1.888e+05
1.562253e-01   2.167e+05 2 inti1217   2.169e+05 1 inti1217   2.131e-01 3.410e+00  1.891e+05
1.567851e-01   3.096e+05 0 inti1217   3.097e+05 1 inti1217   3.041e-01 4.865e+00  1.910e+05
1.573441e-01   2.172e+05 0 inti1217   2.173e+05 1 inti1217   2.132e-01 3.410e+00  1.895e+05
1.578925e-01   2.176e+05 0 inti1217   2.177e+05 1 inti1217   2.133e-01 3.413e+00  1.903e+05
1.584301e-01   2.191e+05 0 inti1217   2.192e+05 1 inti1217   2.146e-01 3.433e+00  1.909e+05
1.589855e-01   3.195e+05 0 inti1217   3.197e+05 1 inti1217   3.126e-01 5.002e+00  1.957e+05
1.595368e-01   2.187e+05 0 inti1217   2.188e+05 1 inti1217   2.139e-01 3.422e+00  1.907e+05
1.600851e-01   2.203e+05 0 inti1217   2.204e+05 1 inti1217   2.151e-01 3.442e+00  1.925e+05
1.606309e-01   2.200e+05 0 inti1217   2.202e+05 1 inti1217   2.147e-01 3.436e+00  1.921e+05
1.611775e-01   3.092e+05 0 inti1217   3.093e+05 1 inti1217   3.013e-01 4.821e+00  1.945e+05
1.617271e-01   2.196e+05 0 inti1217   2.197e+05 1 inti1217   2.139e-01 3.423e+00  1.918e+05
1.622846e-01   2.189e+05 0 inti1217   2.191e+05 1 inti1217   2.131e-01 3.410e+00  1.914e+05
1.628473e-01   2.197e+05 0 inti1217   2.198e+05 1 inti1217   2.136e-01 3.418e+00  1.920e+05
1.634054e-01   3.132e+05 0 inti1217   3.134e+05 1 inti1217   3.044e-01 4.870e+00  1.950e+05
1.639617e-01   2.205e+05 0 inti1217   2.206e+05 1 inti1217   2.140e-01 3.425e+00  1.929e+05
1.645162e-01   2.205e+05 0 inti1217   2.207e+05 1 inti1217   2.139e-01 3.422e+00  1.931e+05
1.650759e-01   2.203e+05 0 inti1217   2.205e+05 1 inti1217   2.136e-01 3.417e+00  1.927e+05
1.656443e-01   3.143e+05 0 inti1217   3.144e+05 1 inti1217   3.043e-01 4.868e+00  1.953e+05
1.662071e-01   2.209e+05 0 inti1217   2.212e+05 1 inti1217   2.139e-01 3.422e+00  1.932e+05
1.667613e-01   2.247e+05 0 inti1217   2.248e+05 1 inti1217   2.172e-01 3.475e+00  1.942e+05
1.673086e-01   2.228e+05 0 inti1217   2.229e+05 1 inti1217   2.152e-01 3.443e+00  1.951e+05
1.678501e-01   3.234e+05 0 inti1217   3.236e+05 1 inti1217   3.120e-01 4.992e+00  1.987e+05
1.683934e-01   2.238e+05 0 inti1217   2.240e+05 1 inti1217   2.159e-01 3.454e+00  1.958e+05
1.689406e-01   2.228e+05 0 inti1217   2.229e+05 1 inti1217   2.146e-01 3.434e+00  1.952e+05
1.694998e-01   2.233e+05 0 inti1217   2.234e+05 1 inti1217   2.149e-01 3.439e+00  1.956e+05
1.700460e-01   2.988e+05 0 inti1217   2.990e+05 1 inti1217   2.874e-01 4.598e+00  1.970e+05
1.705912e-01   2.225e+05 0 inti1217   2.227e+05 1 inti1217   2.139e-01 3.423e+00  1.948e+05
1.711351e-01   2.237e+05 0 inti1217   2.238e+05 1 inti1217   2.148e-01 3.437e+00  1.959e+05
1.716772e-01   2.238e+05 0 inti1217   2.240e+05 1 inti1217   2.149e-01 3.439e+00  1.960e+05
1.722178e-01   3.221e+05 0 inti1217   3.222e+05 1 inti1217   3.089e-01 4.942e+00  1.996e+05
1.727528e-01   2.244e+05 0 inti1217   2.245e+05 1 inti1217   2.152e-01 3.443e+00  1.963e+05
1.732925e-01   2.243e+05 0 inti1217   2.244e+05 1 inti1217   2.149e-01 3.439e+00  1.963e+05
1.738345e-01   2.241e+05 0 inti1217   2.242e+05 1 inti1217   2.145e-01 3.433e+00  1.958e+05
1.743759e-01   2.963e+05 0 inti1217   2.965e+05 1 inti1217   2.835e-01 4.536e+00  1.977e+05
1.749126e-01   2.259e+05 0 inti1217   2.260e+05 1 inti1217   2.161e-01 3.457e+00  1.980e+05
1.754463e-01   2.242e+05 0 inti1217   2.243e+05 1 inti1217   2.144e-01 3.431e+00  1.964e+05
1.759871e-01   2.240e+05 0 inti1217   2.241e+05 1 inti1217   2.141e-01 3.425e+00  1.960e+05
1.765323e-01   3.154e+05 0 inti1217   3.155e+05 1 inti1217   3.012e-01 4.819e+00  1.969e+05
1.770733e-01   2.247e+05 0 inti1217   2.248e+05 1 inti1217   2.146e-01 3.433e+00  1.967e+05
1.776109e-01   2.240e+05 0 inti1217   2.242e+05 1 inti1217   2.138e-01 3.421e+00  1.962e+05
1.781582e-01   2.248e+05 0 inti1217   2.249e+05 1 inti1217   2.144e-01 3.431e+00  1.964e+05
1.786992e-01   3.189e+05 0 inti1217   3.192e+05 1 inti1217   3.042e-01 4.867e+00  1.992e+05
1.792357e-01   2.251e+05 0 inti1217   2.252e+05 1 inti1217   2.146e-01 3.434e+00  1.970e+05
1.797693e-01   2.241e+05 0 inti1217   2.242e+05 1 inti1217   2.136e-01 3.418e+00  1.961e+05
1.802986e-01   2.249e+05 0 inti1217   2.251e+05 1 inti1217   2.144e-01 3.430e+00  1.966e+05
1.808272e-01   3.344e+05 0 inti1217   3.345e+05 1 inti1217   3.185e-01 5.097e+00  2.011e+05
1.813529e-01   2.242e+05 0 inti1217   2.244e+05 1 inti1217   2.137e-01 3.419e+00  1.961e+05
1.818777e-01   2.244e+05 2 inti1217   2.245e+05 1 inti1217   2.137e-01 3.419e+00  1.962e+05
1.824004e-01   2.246e+05 0 inti1217   2.247e+05 1 inti1217   2.139e-01 3.422e+00  1.964e+05
1.829213e-01   3.190e+05 0 inti1217   3.191e+05 1 inti1217   3.036e-01 4.857e+00  2.002e+05
1.834409e-01   2.245e+05 2 inti1217   2.246e+05 1 inti1217   2.136e-01 3.418e+00  1.961e+05
1.839596e-01   2.243e+05 2 inti1217   2.244e+05 1 inti1217   2.134e-01 3.415e+00  1.963e+05
1.844781e-01   2.246e+05 2 inti1217   2.247e+05 1 inti1217   2.137e-01 3.419e+00  1.963e+05
1.849955e-01   3.212e+05 0 inti1217   3.214e+05 1 inti1217   3.056e-01 4.889e+00  1.984e+05
1.855084e-01   2.297e+05 0 inti1217   2.299e+05 1 inti1217   2.186e-01 3.497e+00  2.000e+05
1.860047e-01   2.292e+05 0 inti1217   2.293e+05 1 inti1217   2.180e-01 3.488e+00  1.998e+05
1.864940e-01   2.289e+05 0 inti1217   2.290e+05 1 inti1217   2.177e-01 3.483e+00  1.989e+05
1.870130e-01   3.276e+05 0 inti1217   3.277e+05 1 inti1217   3.114e-01 4.983e+00  2.016e+05
1.875308e-01   2.287e+05 0 inti1217   2.289e+05 1 inti1217   2.175e-01 3.480e+00  1.994e+05
1.880456e-01   2.292e+05 0 inti1217   2.293e+05 1 inti1217   2.180e-01 3.487e+00  2.000e+05
1.885579e-01   2.297e+05 0 inti1217   2.299e+05 1 inti1217   2.184e-01 3.495e+00  2.003e+05
1.890638e-01   3.207e+05 0 inti1217   3.209e+05 1 inti1217   3.049e-01 4.879e+00  2.018e+05
1.895693e-01   2.302e+05 0 inti1217   2.304e+05 1 inti1217   2.189e-01 3.502e+00  2.001e+05
1.900714e-01   2.290e+05 0 inti1217   2.292e+05 1 inti1217   2.177e-01 3.484e+00  2.000e+05
1.905705e-01   2.288e+05 0 inti1217   2.289e+05 1 inti1217   2.175e-01 3.480e+00  1.995e+05
1.910668e-01   3.040e+05 0 inti1217   3.041e+05 1 inti1217   2.889e-01 4.623e+00  2.029e+05
1.915611e-01   2.283e+05 0 inti1217   2.285e+05 1 inti1217   2.171e-01 3.473e+00  1.989e+05
1.920522e-01   2.287e+05 0 inti1217   2.288e+05 1 inti1217   2.174e-01 3.478e+00  1.995e+05
1.925397e-01   2.292e+05 0 inti1217   2.294e+05 1 inti1217   2.179e-01 3.487e+00  2.001e+05
1.930248e-01   3.165e+05 0 inti1217   3.166e+05 1 inti1217   3.008e-01 4.812e+00  2.032e+05
1.935079e-01   2.290e+05 0 inti1217   2.292e+05 1 inti1217   2.177e-01 3.484e+00  1.997e+05
1.939886e-01   2.287e+05 0 inti1217   2.289e+05 1 inti1217   2.174e-01 3.478e+00  1.996e+05
1.944667e-01   2.292e+05 0 inti1217   2.294e+05 1 inti1217   2.178e-01 3.485e+00  1.999e+05
1.949454e-01   3.005e+05 0 inti1217   3.008e+05 1 inti1217   2.856e-01 4.570e+00  2.028e+05
1.954218e-01   2.329e+05 0 inti1217   2.331e+05 1 inti1217   2.214e-01 3.542e+00  2.036e+05
1.958930e-01   2.294e+05 0 inti1217   2.296e+05 1 inti1217   2.180e-01 3.488e+00  2.002e+05
1.963643e-01   2.293e+05 0 inti1217   2.295e+05 1 inti1217   2.179e-01 3.487e+00  2.002e+05
1.968389e-01   3.008e+05 0 inti1217   3.009e+05 1 inti1217   2.857e-01 4.571e+00  2.034e+05
1.973074e-01   2.290e+05 0 inti1217   2.292e+05 1 inti1217   2.176e-01 3.481e+00  1.997e+05
1.977706e-01   2.292e+05 0 inti1217   2.293e+05 1 inti1217   2.177e-01 3.484e+00  2.001e+05
1.982386e-01   2.300e+05 0 inti1217   2.301e+05 1 inti1217   2.184e-01 3.495e+00  2.006e+05
1.987151e-01   3.245e+05 0 inti1217   3.247e+05 1 inti1217   3.082e-01 4.931e+00  2.037e+05
1.991795e-01   2.302e+05 0 inti1217   2.304e+05 1 inti1217   2.187e-01 3.500e+00  2.008e+05
1.996455e-01   2.304e+05 0 inti1217   2.306e+05 1 inti1217   2.189e-01 3.503e+00  2.011e+05
2.001207e-01   2.304e+05 0 inti1217   2.305e+05 1 inti1217   2.188e-01 3.501e+00  2.008e+05
