#   1 : Date        
# Date        
0.000000e+00
1.807392e-05
2.865299e-05
3.680825e-05
4.331462e-05
4.906367e-05
5.538763e-05
6.204872e-05
6.795979e-05
7.446196e-05
8.161436e-05
8.947053e-05
9.702468e-05
1.053342e-04
1.143002e-04
1.241628e-04
1.337027e-04
1.436480e-04
1.545879e-04
1.657374e-04
1.769297e-04
1.886124e-04
2.010176e-04
2.132284e-04
2.257171e-04
2.388127e-04
2.521957e-04
2.655017e-04
2.797183e-04
2.939297e-04
3.084532e-04
3.235230e-04
3.388720e-04
3.545256e-04
3.707045e-04
3.871136e-04
4.039712e-04
4.213429e-04
4.389057e-04
4.566041e-04
4.748726e-04
4.934284e-04
5.123968e-04
5.317204e-04
5.513472e-04
5.713195e-04
5.916317e-04
6.121877e-04
6.330631e-04
6.541431e-04
6.756129e-04
6.973298e-04
7.193540e-04
7.416524e-04
7.642145e-04
7.870888e-04
8.102207e-04
8.336410e-04
8.572999e-04
8.811975e-04
9.052984e-04
9.296850e-04
9.542344e-04
9.790738e-04
1.004107e-03
1.029433e-03
1.054937e-03
1.080786e-03
1.106828e-03
1.133123e-03
1.159624e-03
1.186464e-03
1.213485e-03
1.240745e-03
1.268213e-03
1.295923e-03
1.323861e-03
1.352053e-03
1.380427e-03
1.409065e-03
1.437917e-03
1.467083e-03
1.496472e-03
1.526126e-03
1.555964e-03
1.586157e-03
1.616605e-03
1.647287e-03
1.678149e-03
1.709331e-03
1.740719e-03
1.772176e-03
1.803794e-03
1.835622e-03
1.867602e-03
1.899875e-03
1.932477e-03
1.965120e-03
1.998093e-03
2.031272e-03
2.064625e-03
2.098278e-03
2.132152e-03
2.166096e-03
2.200218e-03
2.234613e-03
2.269156e-03
2.304035e-03
2.339154e-03
2.374341e-03
2.409910e-03
2.445536e-03
2.481298e-03
2.517257e-03
2.553563e-03
2.589879e-03
2.626441e-03
2.663275e-03
2.700239e-03
2.737218e-03
2.774286e-03
2.811384e-03
2.848464e-03
2.885545e-03
2.922654e-03
2.959773e-03
2.996956e-03
3.034185e-03
3.071426e-03
3.108658e-03
3.145912e-03
3.183198e-03
3.220536e-03
3.257870e-03
3.295200e-03
3.332536e-03
3.369894e-03
3.407260e-03
3.444668e-03
3.482147e-03
3.519673e-03
3.557183e-03
3.594705e-03
3.632233e-03
3.669785e-03
3.707361e-03
3.744979e-03
3.782656e-03
3.820390e-03
3.858179e-03
3.895974e-03
3.933780e-03
3.971613e-03
4.009467e-03
4.047361e-03
4.085306e-03
4.123305e-03
4.161376e-03
4.199514e-03
4.237739e-03
4.276041e-03
4.314375e-03
4.352763e-03
4.391183e-03
4.429648e-03
4.468167e-03
4.506740e-03
4.545383e-03
4.584094e-03
4.622892e-03
4.661770e-03
4.700738e-03
4.739795e-03
4.778951e-03
4.818211e-03
4.857580e-03
4.897008e-03
4.936562e-03
4.976227e-03
5.016040e-03
5.055974e-03
5.096068e-03
5.136308e-03
5.176716e-03
5.217294e-03
5.258054e-03
5.298898e-03
5.339959e-03
5.381206e-03
5.422705e-03
5.464406e-03
5.506366e-03
5.548551e-03
5.590969e-03
5.633478e-03
5.676268e-03
5.719278e-03
5.762600e-03
5.806189e-03
5.850104e-03
5.894337e-03
5.938919e-03
5.983870e-03
6.028940e-03
6.074401e-03
6.120168e-03
6.166087e-03
6.212199e-03
6.258463e-03
6.304919e-03
6.351502e-03
6.398256e-03
6.445149e-03
6.491984e-03
6.538814e-03
6.585634e-03
6.632479e-03
6.679338e-03
6.726244e-03
6.773153e-03
6.820047e-03
6.866960e-03
6.913930e-03
6.960908e-03
7.007964e-03
7.055056e-03
7.102123e-03
7.149236e-03
7.196399e-03
7.243601e-03
7.290889e-03
7.338237e-03
7.385648e-03
7.433130e-03
7.480701e-03
7.528326e-03
7.576025e-03
7.623137e-03
7.669844e-03
7.716377e-03
7.762280e-03
7.808021e-03
7.853451e-03
7.898491e-03
7.943181e-03
7.987737e-03
8.031940e-03
8.075857e-03
8.119650e-03
8.163144e-03
8.206395e-03
8.249546e-03
8.292281e-03
8.334891e-03
8.377372e-03
8.419548e-03
8.461617e-03
8.503582e-03
8.545372e-03
8.587083e-03
8.628679e-03
8.669252e-03
8.706468e-03
8.741308e-03
8.773898e-03
8.805315e-03
8.835546e-03
8.864884e-03
8.893307e-03
8.920886e-03
8.946898e-03
8.971827e-03
8.996430e-03
9.020817e-03
9.045332e-03
9.069907e-03
9.094568e-03
9.119303e-03
9.144121e-03
9.168967e-03
9.193842e-03
9.218700e-03
9.243555e-03
9.268350e-03
9.293118e-03
9.317810e-03
9.342458e-03
9.367021e-03
9.391529e-03
9.415947e-03
9.440305e-03
9.464574e-03
9.488781e-03
9.512901e-03
9.536961e-03
9.560939e-03
9.584860e-03
9.608706e-03
9.632499e-03
9.656225e-03
9.679906e-03
9.703527e-03
9.727110e-03
9.750645e-03
9.774149e-03
9.797614e-03
9.821059e-03
9.844476e-03
9.867882e-03
9.891272e-03
9.914659e-03
9.938038e-03
9.961422e-03
9.984809e-03
1.000821e-02
1.003163e-02
1.005506e-02
1.007853e-02
1.010202e-02
1.012555e-02
1.014912e-02
1.017273e-02
1.019639e-02
1.022009e-02
1.024385e-02
1.026766e-02
1.029153e-02
1.031545e-02
1.033943e-02
1.036348e-02
1.038759e-02
1.041176e-02
1.043599e-02
1.046030e-02
1.048467e-02
1.050911e-02
1.053362e-02
1.055820e-02
1.058286e-02
1.060759e-02
1.063240e-02
1.065729e-02
1.068226e-02
1.070731e-02
1.073245e-02
1.075767e-02
1.078299e-02
1.080840e-02
1.083390e-02
1.085950e-02
1.088519e-02
1.091099e-02
1.093689e-02
1.096290e-02
1.098901e-02
1.101524e-02
1.104158e-02
1.106804e-02
1.109461e-02
1.112130e-02
1.114812e-02
1.117506e-02
1.120212e-02
1.122932e-02
1.125664e-02
1.128409e-02
1.131168e-02
1.133940e-02
1.136725e-02
1.139524e-02
1.142336e-02
1.145162e-02
1.148002e-02
1.150855e-02
1.153722e-02
1.156603e-02
1.159497e-02
1.162404e-02
1.165326e-02
1.168261e-02
1.171209e-02
1.174170e-02
1.177145e-02
1.180133e-02
1.183133e-02
1.186147e-02
1.189174e-02
1.192214e-02
1.195266e-02
1.198331e-02
1.201409e-02
1.204500e-02
1.207603e-02
1.210718e-02
1.213846e-02
1.216986e-02
1.220139e-02
1.223304e-02
1.226480e-02
1.229669e-02
1.232870e-02
1.236082e-02
1.239306e-02
1.242541e-02
1.245788e-02
1.249046e-02
1.252316e-02
1.255596e-02
1.258887e-02
1.262189e-02
1.265502e-02
1.268826e-02
1.272160e-02
1.275504e-02
1.278858e-02
1.282222e-02
1.285596e-02
1.288979e-02
1.292372e-02
1.295774e-02
1.299186e-02
1.302606e-02
1.306034e-02
1.309471e-02
1.312916e-02
1.316369e-02
1.319830e-02
1.323299e-02
1.326774e-02
1.330257e-02
1.333746e-02
1.337241e-02
1.340743e-02
1.344251e-02
1.347765e-02
1.351284e-02
1.354808e-02
1.358337e-02
1.361871e-02
1.365409e-02
1.368952e-02
1.372498e-02
1.376049e-02
1.379603e-02
1.383160e-02
1.386720e-02
1.390283e-02
1.393848e-02
1.397416e-02
1.400986e-02
1.404558e-02
1.408132e-02
1.411708e-02
1.415284e-02
1.418863e-02
1.422442e-02
1.426022e-02
1.429602e-02
1.433183e-02
1.436765e-02
1.440346e-02
1.443928e-02
1.447510e-02
1.451091e-02
1.454671e-02
1.458252e-02
1.461831e-02
1.465409e-02
1.468987e-02
1.472563e-02
1.476138e-02
1.479712e-02
1.483285e-02
1.487136e-02
1.490987e-02
1.494836e-02
1.498684e-02
1.502529e-02
1.506372e-02
1.510212e-02
1.514050e-02
1.517885e-02
1.521717e-02
1.525546e-02
1.529371e-02
1.533194e-02
1.537013e-02
1.540829e-02
1.544641e-02
1.548451e-02
1.552257e-02
1.556060e-02
1.559859e-02
1.563656e-02
1.567449e-02
1.571239e-02
1.575026e-02
1.578811e-02
1.582591e-02
1.586369e-02
1.590144e-02
1.593914e-02
1.597682e-02
1.601447e-02
1.605210e-02
1.608970e-02
1.612729e-02
1.616485e-02
1.620238e-02
1.623990e-02
1.627739e-02
1.631486e-02
1.635231e-02
1.638974e-02
1.642715e-02
1.646455e-02
1.650192e-02
1.653928e-02
1.657662e-02
1.661394e-02
1.665125e-02
1.668855e-02
1.672583e-02
1.676310e-02
1.680035e-02
1.683760e-02
1.687483e-02
1.691206e-02
1.694927e-02
1.698648e-02
1.702368e-02
1.706087e-02
1.709806e-02
1.713525e-02
1.717243e-02
1.720961e-02
1.724679e-02
1.728397e-02
1.732115e-02
1.735833e-02
1.739551e-02
1.743270e-02
1.746988e-02
1.750707e-02
1.754426e-02
1.758078e-02
1.761729e-02
1.765377e-02
1.769027e-02
1.772675e-02
1.776322e-02
1.779964e-02
1.783602e-02
1.787232e-02
1.790853e-02
1.794463e-02
1.798059e-02
1.801639e-02
1.805201e-02
1.808742e-02
1.812264e-02
1.815765e-02
1.819246e-02
1.822707e-02
1.826146e-02
1.829566e-02
1.832964e-02
1.836341e-02
1.839698e-02
1.843037e-02
1.846362e-02
1.849673e-02
1.852973e-02
1.856263e-02
1.859546e-02
1.862822e-02
1.866090e-02
1.869350e-02
1.872601e-02
1.875845e-02
1.879082e-02
1.882314e-02
1.885540e-02
1.888762e-02
1.891980e-02
1.895195e-02
1.898407e-02
1.901617e-02
1.904824e-02
1.908029e-02
1.911232e-02
1.914432e-02
1.917632e-02
1.920831e-02
1.924029e-02
1.927226e-02
1.930422e-02
1.933616e-02
1.936806e-02
1.939994e-02
1.943180e-02
1.946364e-02
1.949546e-02
1.952726e-02
1.955905e-02
1.959082e-02
1.962258e-02
1.965433e-02
1.968607e-02
1.971781e-02
1.974954e-02
1.978125e-02
1.981296e-02
1.984466e-02
1.987636e-02
1.990805e-02
1.993974e-02
1.997143e-02
2.000311e-02
2.003477e-02
2.006640e-02
2.009799e-02
2.012952e-02
2.016099e-02
2.019239e-02
2.022369e-02
2.025489e-02
2.028596e-02
2.031690e-02
2.034771e-02
2.037839e-02
2.040896e-02
2.043943e-02
2.046968e-02
2.049972e-02
2.052958e-02
2.055931e-02
2.058891e-02
2.061837e-02
2.064772e-02
2.067696e-02
2.070611e-02
2.073519e-02
2.076422e-02
2.079317e-02
2.082207e-02
2.085092e-02
2.087974e-02
2.090852e-02
2.093729e-02
2.096603e-02
2.099477e-02
2.102351e-02
2.105225e-02
2.108099e-02
2.110975e-02
2.113849e-02
2.116725e-02
2.119600e-02
2.122477e-02
2.125354e-02
2.128234e-02
2.131115e-02
2.133999e-02
2.136885e-02
2.139774e-02
2.142666e-02
2.145562e-02
2.148461e-02
2.151364e-02
2.154271e-02
2.157182e-02
2.160096e-02
2.163011e-02
2.165928e-02
2.168848e-02
2.171770e-02
2.174695e-02
2.177622e-02
2.180554e-02
2.183488e-02
2.186426e-02
2.189368e-02
2.192314e-02
2.195265e-02
2.198221e-02
2.201182e-02
2.204149e-02
2.207122e-02
2.210098e-02
2.213076e-02
2.216058e-02
2.219044e-02
2.222035e-02
2.225029e-02
2.228029e-02
2.231033e-02
2.234043e-02
2.237058e-02
2.240079e-02
2.243106e-02
2.246139e-02
2.249178e-02
2.252222e-02
2.255269e-02
2.258322e-02
2.261380e-02
2.264442e-02
2.267509e-02
2.270582e-02
2.273659e-02
2.276742e-02
2.279830e-02
2.282923e-02
2.286021e-02
2.289125e-02
2.292232e-02
2.295342e-02
2.298456e-02
2.301573e-02
2.304693e-02
2.307817e-02
2.310945e-02
2.314076e-02
2.317211e-02
2.320351e-02
2.323494e-02
2.326641e-02
2.329792e-02
2.332949e-02
2.336108e-02
2.339273e-02
2.342442e-02
2.345617e-02
2.348795e-02
2.351979e-02
2.355166e-02
2.358356e-02
2.361549e-02
2.364747e-02
2.367947e-02
2.371151e-02
2.374359e-02
2.377572e-02
2.380788e-02
2.384009e-02
2.387234e-02
2.390465e-02
2.393700e-02
2.396940e-02
2.400183e-02
2.403429e-02
2.406678e-02
2.409931e-02
2.413187e-02
2.416447e-02
2.419710e-02
2.422979e-02
2.426250e-02
2.429527e-02
2.432807e-02
2.436093e-02
2.439383e-02
2.442678e-02
2.445977e-02
2.449282e-02
2.452591e-02
2.455906e-02
2.459225e-02
2.462548e-02
2.465874e-02
2.469204e-02
2.472537e-02
2.475875e-02
2.479216e-02
2.482562e-02
2.485912e-02
2.489266e-02
2.492625e-02
2.495988e-02
2.499355e-02
2.502728e-02
2.506104e-02
2.509486e-02
2.512870e-02
2.516257e-02
2.519647e-02
2.523040e-02
2.526436e-02
2.529836e-02
2.533238e-02
2.536644e-02
2.540053e-02
2.543467e-02
2.546883e-02
2.550303e-02
2.553727e-02
2.557155e-02
2.560586e-02
2.564022e-02
2.567462e-02
2.570906e-02
2.574354e-02
2.577805e-02
2.581259e-02
2.584716e-02
2.588176e-02
2.591639e-02
2.595104e-02
2.598573e-02
2.602045e-02
2.605520e-02
2.608998e-02
2.612480e-02
2.615966e-02
2.619455e-02
2.622947e-02
2.626444e-02
2.629945e-02
2.633449e-02
2.636958e-02
2.640471e-02
2.643987e-02
2.647506e-02
2.651027e-02
2.654551e-02
2.658078e-02
2.661608e-02
2.665141e-02
2.668677e-02
2.672215e-02
2.675758e-02
2.679303e-02
2.682853e-02
2.686405e-02
2.689961e-02
2.693521e-02
2.697085e-02
2.700652e-02
2.704223e-02
2.707798e-02
2.711376e-02
2.714955e-02
2.718538e-02
2.722123e-02
2.725711e-02
2.729301e-02
2.732894e-02
2.736490e-02
2.740090e-02
2.743691e-02
2.747296e-02
2.750904e-02
2.754516e-02
2.758130e-02
2.761748e-02
2.765369e-02
2.768994e-02
2.772622e-02
2.776253e-02
2.779888e-02
2.783527e-02
2.787170e-02
2.790816e-02
2.794464e-02
2.798115e-02
2.801768e-02
2.805423e-02
2.809082e-02
2.812743e-02
2.816406e-02
2.820073e-02
2.823742e-02
2.827415e-02
2.831090e-02
2.834769e-02
2.838450e-02
2.842135e-02
2.845823e-02
2.849515e-02
2.853210e-02
2.856909e-02
2.860611e-02
2.864316e-02
2.868023e-02
2.871733e-02
2.875444e-02
2.879159e-02
2.882876e-02
2.886596e-02
2.890318e-02
2.894043e-02
2.897770e-02
2.901501e-02
2.905235e-02
2.908971e-02
2.912711e-02
2.916454e-02
2.920199e-02
2.923948e-02
2.927701e-02
2.931456e-02
2.935215e-02
2.938978e-02
2.942744e-02
2.946513e-02
2.950286e-02
2.954063e-02
2.957844e-02
2.961628e-02
2.965416e-02
2.969208e-02
2.973003e-02
2.976801e-02
2.980601e-02
2.984404e-02
2.988211e-02
2.992021e-02
2.995833e-02
2.999649e-02
3.003468e-02
3.007291e-02
3.011117e-02
3.014946e-02
3.018779e-02
3.022616e-02
3.026456e-02
3.030300e-02
3.034147e-02
3.037999e-02
3.041854e-02
3.045714e-02
3.049577e-02
3.053444e-02
3.057315e-02
3.061191e-02
3.065070e-02
3.068954e-02
3.072842e-02
3.076734e-02
3.080631e-02
3.084532e-02
3.088438e-02
3.092348e-02
3.096262e-02
3.100181e-02
3.104104e-02
3.108031e-02
3.111961e-02
3.115894e-02
3.119832e-02
3.123774e-02
3.127719e-02
3.131668e-02
3.135622e-02
3.139579e-02
3.143540e-02
3.147506e-02
3.151475e-02
3.155449e-02
3.159426e-02
3.163408e-02
3.167394e-02
3.171385e-02
3.175379e-02
3.179378e-02
3.183381e-02
3.187388e-02
3.191399e-02
3.195416e-02
3.199436e-02
3.203461e-02
3.207490e-02
3.211524e-02
3.215562e-02
3.219605e-02
3.223653e-02
3.227705e-02
3.231762e-02
3.235823e-02
3.239889e-02
3.243960e-02
3.248035e-02
3.252115e-02
3.256199e-02
3.260288e-02
3.264382e-02
3.268480e-02
3.272583e-02
3.276690e-02
3.280802e-02
3.284919e-02
3.289040e-02
3.293165e-02
3.297295e-02
3.301430e-02
3.305569e-02
3.309713e-02
3.313862e-02
3.318015e-02
3.322172e-02
3.326334e-02
3.330500e-02
3.334670e-02
3.338844e-02
3.343022e-02
3.347201e-02
3.351380e-02
3.355561e-02
3.359741e-02
3.363923e-02
3.368105e-02
3.372287e-02
3.376470e-02
3.380654e-02
3.384838e-02
3.389022e-02
3.393207e-02
3.397393e-02
3.401578e-02
3.405765e-02
3.409951e-02
3.414138e-02
3.418326e-02
3.422514e-02
3.426702e-02
3.430891e-02
3.435079e-02
3.439269e-02
3.443458e-02
3.447649e-02
3.451839e-02
3.456030e-02
3.460221e-02
3.464413e-02
3.468605e-02
3.472797e-02
3.476990e-02
3.481183e-02
3.485377e-02
3.489571e-02
3.493764e-02
3.497958e-02
3.502152e-02
3.506345e-02
3.510539e-02
3.514733e-02
3.518926e-02
3.523120e-02
3.527314e-02
3.531508e-02
3.535703e-02
3.539897e-02
3.544092e-02
3.548287e-02
3.552482e-02
3.556677e-02
3.560873e-02
3.565069e-02
3.569265e-02
3.573461e-02
3.577658e-02
3.581855e-02
3.586052e-02
3.590250e-02
3.594447e-02
3.598646e-02
3.602844e-02
3.607043e-02
3.611242e-02
3.615441e-02
3.619641e-02
3.623841e-02
3.628041e-02
3.632241e-02
3.636442e-02
3.640643e-02
3.644844e-02
3.649046e-02
3.653246e-02
3.657447e-02
3.661646e-02
3.665846e-02
3.670045e-02
3.674243e-02
3.678441e-02
3.682639e-02
3.686836e-02
3.691033e-02
3.695229e-02
3.699425e-02
3.703621e-02
3.707817e-02
3.712012e-02
3.716207e-02
3.720402e-02
3.724597e-02
3.728791e-02
3.732986e-02
3.737181e-02
3.741375e-02
3.745570e-02
3.749765e-02
3.753959e-02
3.758154e-02
3.762348e-02
3.766542e-02
3.770735e-02
3.774928e-02
3.779119e-02
3.783310e-02
3.787501e-02
3.791691e-02
3.795880e-02
3.800069e-02
3.804258e-02
3.808446e-02
3.812634e-02
3.816822e-02
3.821010e-02
3.825198e-02
3.829385e-02
3.833573e-02
3.837761e-02
3.841949e-02
3.846137e-02
3.850326e-02
3.854516e-02
3.858705e-02
3.862895e-02
3.867083e-02
3.871272e-02
3.875460e-02
3.879647e-02
3.883835e-02
3.888023e-02
3.892210e-02
3.896398e-02
3.900587e-02
3.904775e-02
3.908964e-02
3.913154e-02
3.917344e-02
3.921535e-02
3.925727e-02
3.929919e-02
3.934113e-02
3.938308e-02
3.942504e-02
3.946701e-02
3.950899e-02
3.955097e-02
3.959295e-02
3.963493e-02
3.967691e-02
3.971890e-02
3.976090e-02
3.980289e-02
3.984490e-02
3.988692e-02
3.992894e-02
3.997098e-02
4.001303e-02
4.005509e-02
4.009718e-02
4.013927e-02
4.018139e-02
4.022352e-02
4.026567e-02
4.030784e-02
4.035002e-02
4.039221e-02
4.043440e-02
4.047660e-02
4.051882e-02
4.056105e-02
4.060329e-02
4.064554e-02
4.068782e-02
4.073011e-02
4.077242e-02
4.081475e-02
4.085710e-02
4.089948e-02
4.094188e-02
4.098430e-02
4.102675e-02
4.106922e-02
4.111172e-02
4.115422e-02
4.119675e-02
4.123928e-02
4.128182e-02
4.132438e-02
4.136696e-02
4.140955e-02
4.145216e-02
4.149479e-02
4.153744e-02
4.158012e-02
4.162281e-02
4.166553e-02
4.170828e-02
4.175105e-02
4.179385e-02
4.183667e-02
4.187953e-02
4.192242e-02
4.196531e-02
4.200822e-02
4.205115e-02
4.209409e-02
4.213705e-02
4.218003e-02
4.222304e-02
4.226606e-02
4.230911e-02
4.235219e-02
4.239529e-02
4.243842e-02
4.248157e-02
4.252476e-02
4.256798e-02
4.261123e-02
4.265451e-02
4.269782e-02
4.274117e-02
4.278453e-02
4.282791e-02
4.287130e-02
4.291472e-02
4.295815e-02
4.300161e-02
4.304509e-02
4.308860e-02
4.313213e-02
4.317568e-02
4.321926e-02
4.326288e-02
4.330652e-02
4.335019e-02
4.339389e-02
4.343763e-02
4.348140e-02
4.352520e-02
4.356904e-02
4.361290e-02
4.365677e-02
4.370066e-02
4.374457e-02
4.378850e-02
4.383245e-02
4.387642e-02
4.392042e-02
4.396444e-02
4.400849e-02
4.405257e-02
4.409667e-02
4.414081e-02
4.418497e-02
4.422917e-02
4.427340e-02
4.431766e-02
4.436196e-02
4.440630e-02
4.445067e-02
4.449505e-02
4.453945e-02
4.458387e-02
4.462830e-02
4.467276e-02
4.471724e-02
4.476175e-02
4.480628e-02
4.485083e-02
4.489542e-02
4.494003e-02
4.498467e-02
4.502934e-02
4.507404e-02
4.511878e-02
4.516355e-02
4.520836e-02
4.525320e-02
4.529808e-02
4.534301e-02
4.538796e-02
4.543294e-02
4.547794e-02
4.552296e-02
4.556801e-02
4.561307e-02
4.565817e-02
4.570328e-02
4.574843e-02
4.579360e-02
4.583881e-02
4.588404e-02
4.592930e-02
4.597460e-02
4.601994e-02
4.606530e-02
4.611071e-02
4.615615e-02
4.620163e-02
4.624715e-02
4.629269e-02
4.633826e-02
4.638384e-02
4.642945e-02
4.647508e-02
4.652074e-02
4.656642e-02
4.661213e-02
4.665786e-02
4.670363e-02
4.674943e-02
4.679526e-02
4.684112e-02
4.688701e-02
4.693294e-02
4.697892e-02
4.702492e-02
4.707097e-02
4.711706e-02
4.716319e-02
4.720936e-02
4.725556e-02
4.730177e-02
4.734800e-02
4.739426e-02
4.744054e-02
4.748684e-02
4.753317e-02
4.757953e-02
4.762591e-02
4.767233e-02
4.771878e-02
4.776526e-02
4.781178e-02
4.785833e-02
4.790492e-02
4.795154e-02
4.799821e-02
4.804492e-02
4.809167e-02
4.813846e-02
4.818528e-02
4.823211e-02
4.827895e-02
4.832582e-02
4.837270e-02
4.841959e-02
4.846651e-02
4.851345e-02
4.856041e-02
4.860740e-02
4.865441e-02
4.870144e-02
4.874851e-02
4.879561e-02
4.884274e-02
4.888990e-02
4.893710e-02
4.898433e-02
4.903160e-02
4.907887e-02
4.912616e-02
4.917346e-02
4.922078e-02
4.926811e-02
4.931547e-02
4.936284e-02
4.941024e-02
4.945765e-02
4.950510e-02
4.955257e-02
4.960007e-02
4.964760e-02
4.969517e-02
4.974276e-02
4.979040e-02
4.983807e-02
4.988578e-02
4.993349e-02
4.998122e-02
5.002896e-02
5.007671e-02
5.012448e-02
5.017226e-02
5.022006e-02
5.026789e-02
5.031573e-02
5.036360e-02
5.041149e-02
5.045942e-02
5.050737e-02
5.055536e-02
5.060337e-02
5.065143e-02
5.069952e-02
5.074766e-02
5.079580e-02
5.084396e-02
5.089212e-02
5.094031e-02
5.098850e-02
5.103672e-02
5.108495e-02
5.113321e-02
5.118149e-02
5.122981e-02
5.127814e-02
5.132651e-02
5.137491e-02
5.142335e-02
5.147182e-02
5.152033e-02
5.156886e-02
5.161740e-02
5.166594e-02
5.171450e-02
5.176307e-02
5.181167e-02
5.186027e-02
5.190890e-02
5.195755e-02
5.200623e-02
5.205493e-02
5.210367e-02
5.215243e-02
5.220121e-02
5.224999e-02
5.229877e-02
5.234755e-02
5.239632e-02
5.244503e-02
5.249368e-02
5.254227e-02
5.259081e-02
5.263927e-02
5.268768e-02
5.273602e-02
5.278431e-02
5.283254e-02
5.288073e-02
5.292888e-02
5.297700e-02
5.302509e-02
5.307316e-02
5.312121e-02
5.316926e-02
5.321727e-02
5.326525e-02
5.331320e-02
5.336114e-02
5.340906e-02
5.345699e-02
5.350491e-02
5.355284e-02
5.360079e-02
5.364875e-02
5.369672e-02
5.374472e-02
5.379274e-02
5.384080e-02
5.388888e-02
5.393700e-02
5.398515e-02
5.403331e-02
5.408146e-02
5.412963e-02
5.417780e-02
5.422599e-02
5.427419e-02
5.432241e-02
5.437064e-02
5.441890e-02
5.446717e-02
5.451548e-02
5.456380e-02
5.461217e-02
5.466055e-02
5.470898e-02
5.475744e-02
5.480595e-02
5.485446e-02
5.490299e-02
5.495152e-02
5.500007e-02
5.504862e-02
5.509719e-02
5.514577e-02
5.519437e-02
5.524299e-02
5.529164e-02
5.534031e-02
5.538901e-02
5.543773e-02
5.548649e-02
5.553527e-02
5.558409e-02
5.563295e-02
5.568181e-02
5.573066e-02
5.577951e-02
5.582837e-02
5.587723e-02
5.592610e-02
5.597498e-02
5.602387e-02
5.607278e-02
5.612171e-02
5.617067e-02
5.621966e-02
5.626867e-02
5.631772e-02
5.636681e-02
5.641590e-02
5.646499e-02
5.651409e-02
5.656320e-02
5.661232e-02
5.666146e-02
5.671062e-02
5.675981e-02
5.680902e-02
5.685827e-02
5.690755e-02
5.695688e-02
5.700624e-02
5.705564e-02
5.710506e-02
5.715449e-02
5.720393e-02
5.725340e-02
5.730287e-02
5.735238e-02
5.740190e-02
5.745145e-02
5.750102e-02
5.755062e-02
5.760024e-02
5.764989e-02
5.769958e-02
5.774930e-02
5.779902e-02
5.784874e-02
5.789846e-02
5.794820e-02
5.799795e-02
5.804774e-02
5.809748e-02
5.814713e-02
5.819665e-02
5.824605e-02
5.829534e-02
5.834454e-02
5.839364e-02
5.844266e-02
5.849162e-02
5.854052e-02
5.858938e-02
5.863818e-02
5.868696e-02
5.873573e-02
5.878446e-02
5.883314e-02
5.888179e-02
5.893041e-02
5.897901e-02
5.902762e-02
5.907621e-02
5.912479e-02
5.917337e-02
5.922196e-02
5.927056e-02
5.931919e-02
5.936784e-02
5.941652e-02
5.946521e-02
5.951392e-02
5.956265e-02
5.961138e-02
5.966012e-02
5.970886e-02
5.975761e-02
5.980638e-02
5.985517e-02
5.990397e-02
5.995280e-02
6.000165e-02
6.005054e-02
6.009944e-02
6.014837e-02
6.019732e-02
6.024629e-02
6.029529e-02
6.034429e-02
6.039331e-02
6.044234e-02
6.049139e-02
6.054045e-02
6.058953e-02
6.063863e-02
6.068773e-02
6.073686e-02
6.078599e-02
6.083514e-02
6.088428e-02
6.093341e-02
6.098253e-02
6.103165e-02
6.108076e-02
6.112989e-02
6.117901e-02
6.122814e-02
6.127726e-02
6.132640e-02
6.137556e-02
6.142473e-02
6.147392e-02
6.152312e-02
6.157233e-02
6.162155e-02
6.167078e-02
6.172002e-02
6.176928e-02
6.181856e-02
6.186785e-02
6.191716e-02
6.196648e-02
6.201582e-02
6.206517e-02
6.211454e-02
6.216392e-02
6.221330e-02
6.226268e-02
6.231207e-02
6.236147e-02
6.241088e-02
6.246031e-02
6.250976e-02
6.255922e-02
6.260871e-02
6.265822e-02
6.270774e-02
6.275726e-02
6.280678e-02
6.285630e-02
6.290582e-02
6.295535e-02
6.300489e-02
6.305444e-02
6.310400e-02
6.315359e-02
6.320320e-02
6.325283e-02
6.330247e-02
6.335211e-02
6.340177e-02
6.345144e-02
6.350113e-02
6.355083e-02
6.360054e-02
6.365027e-02
6.370001e-02
6.374976e-02
6.379954e-02
6.384933e-02
6.389913e-02
6.394894e-02
6.399875e-02
6.404858e-02
6.409842e-02
6.414828e-02
6.419815e-02
6.424804e-02
6.429796e-02
6.434789e-02
6.439784e-02
6.444777e-02
6.449771e-02
6.454764e-02
6.459756e-02
6.464749e-02
6.469741e-02
6.474734e-02
6.479726e-02
6.484719e-02
6.489711e-02
6.494701e-02
6.499690e-02
6.504676e-02
6.509660e-02
6.514641e-02
6.519619e-02
6.524595e-02
6.529568e-02
6.534535e-02
6.539496e-02
6.544450e-02
6.549399e-02
6.554342e-02
6.559281e-02
6.564213e-02
6.569142e-02
6.574064e-02
6.578980e-02
6.583891e-02
6.588799e-02
6.593702e-02
6.598604e-02
6.603503e-02
6.608399e-02
6.613294e-02
6.618188e-02
6.623081e-02
6.627976e-02
6.632873e-02
6.637769e-02
6.642665e-02
6.647562e-02
6.652460e-02
6.657361e-02
6.662265e-02
6.667172e-02
6.672083e-02
6.676999e-02
6.681919e-02
6.686845e-02
6.691774e-02
6.696708e-02
6.701645e-02
6.706587e-02
6.711533e-02
6.716483e-02
6.721437e-02
6.726396e-02
6.731358e-02
6.736325e-02
6.741296e-02
6.746271e-02
6.751251e-02
6.756235e-02
6.761224e-02
6.766217e-02
6.771215e-02
6.776218e-02
6.781223e-02
6.786232e-02
6.791243e-02
6.796258e-02
6.801276e-02
6.806297e-02
6.811321e-02
6.816349e-02
6.821380e-02
6.826415e-02
6.831454e-02
6.836497e-02
6.841543e-02
6.846592e-02
6.851645e-02
6.856701e-02
6.861759e-02
6.866822e-02
6.871888e-02
6.876957e-02
6.882030e-02
6.887106e-02
6.892179e-02
6.897260e-02
6.902342e-02
6.907427e-02
6.912514e-02
6.917603e-02
6.922695e-02
6.927789e-02
6.932886e-02
6.937986e-02
6.943089e-02
6.948195e-02
6.953304e-02
6.958417e-02
6.963533e-02
6.968652e-02
6.973719e-02
6.978843e-02
6.983968e-02
6.989096e-02
6.994226e-02
6.999358e-02
7.004493e-02
7.009631e-02
7.014771e-02
7.019914e-02
7.025059e-02
7.030207e-02
7.035357e-02
7.040510e-02
7.045666e-02
7.050825e-02
7.055987e-02
7.061152e-02
7.066320e-02
7.071492e-02
7.076666e-02
7.081842e-02
7.087020e-02
7.092200e-02
7.097382e-02
7.102567e-02
7.107753e-02
7.112943e-02
7.118135e-02
7.123330e-02
7.128527e-02
7.133728e-02
7.138932e-02
7.144139e-02
7.149349e-02
7.154563e-02
7.159780e-02
7.165001e-02
7.170225e-02
7.175451e-02
7.180679e-02
7.185910e-02
7.191143e-02
7.196379e-02
7.201618e-02
7.206861e-02
7.212106e-02
7.217354e-02
7.222605e-02
7.227860e-02
7.233116e-02
7.238377e-02
7.243640e-02
7.248906e-02
7.254175e-02
7.259448e-02
7.264724e-02
7.270003e-02
7.275286e-02
7.280572e-02
7.285860e-02
7.291151e-02
7.296443e-02
7.301738e-02
7.307034e-02
7.312332e-02
7.317633e-02
7.322936e-02
7.328240e-02
7.333548e-02
7.338857e-02
7.344169e-02
7.349483e-02
7.354800e-02
7.360119e-02
7.365441e-02
7.370764e-02
7.376090e-02
7.381418e-02
7.386748e-02
7.392080e-02
7.397415e-02
7.402752e-02
7.408089e-02
7.413426e-02
7.418765e-02
7.424104e-02
7.429444e-02
7.434785e-02
7.440126e-02
7.445469e-02
7.450812e-02
7.456157e-02
7.461502e-02
7.466848e-02
7.472195e-02
7.477544e-02
7.482893e-02
7.488243e-02
7.493595e-02
7.498947e-02
7.504300e-02
7.509655e-02
7.515009e-02
7.520364e-02
7.525719e-02
7.531073e-02
7.536428e-02
7.541783e-02
7.547138e-02
7.552494e-02
7.557850e-02
7.563207e-02
7.568565e-02
7.573923e-02
7.579283e-02
7.584645e-02
7.590008e-02
7.595373e-02
7.600741e-02
7.606102e-02
7.611467e-02
7.616833e-02
7.622200e-02
7.627566e-02
7.632932e-02
7.638297e-02
7.643663e-02
7.649027e-02
7.654394e-02
7.659761e-02
7.665131e-02
7.670502e-02
7.675879e-02
7.681258e-02
7.686642e-02
7.692030e-02
7.697425e-02
7.702793e-02
7.708198e-02
7.713515e-02
7.718928e-02
7.724176e-02
7.729593e-02
7.734807e-02
7.740228e-02
7.745415e-02
7.750840e-02
7.756266e-02
7.761695e-02
7.767126e-02
7.772559e-02
7.777994e-02
7.783431e-02
7.788871e-02
7.794313e-02
7.799758e-02
7.805205e-02
7.810655e-02
7.816108e-02
7.821563e-02
7.827022e-02
7.832483e-02
7.837946e-02
7.843384e-02
7.848850e-02
7.854213e-02
7.859682e-02
7.864992e-02
7.870464e-02
7.875718e-02
7.881193e-02
7.886402e-02
7.891878e-02
7.897064e-02
7.902361e-02
7.907654e-02
7.912947e-02
7.918236e-02
7.923525e-02
7.928812e-02
7.934101e-02
7.939388e-02
7.944678e-02
7.949967e-02
7.955258e-02
7.960550e-02
7.965845e-02
7.971140e-02
7.976438e-02
7.981744e-02
7.987068e-02
7.991977e-02
7.997370e-02
8.002708e-02
8.008176e-02
8.013471e-02
8.018883e-02
8.024222e-02
8.029553e-02
8.035075e-02
8.040598e-02
8.045598e-02
8.050783e-02
8.056139e-02
8.061382e-02
8.066727e-02
8.072260e-02
8.077742e-02
8.083277e-02
8.088729e-02
8.094267e-02
8.099440e-02
8.104843e-02
8.110386e-02
8.115931e-02
8.121148e-02
8.126366e-02
8.131580e-02
8.136795e-02
8.142008e-02
8.147222e-02
8.152436e-02
8.157652e-02
8.162868e-02
8.168087e-02
8.173307e-02
8.178531e-02
8.183776e-02
8.189050e-02
8.194361e-02
8.199720e-02
8.205066e-02
8.210539e-02
8.216077e-02
8.221663e-02
8.227235e-02
8.232807e-02
8.238323e-02
8.243917e-02
8.249360e-02
8.254946e-02
8.260523e-02
8.266100e-02
8.271670e-02
8.277249e-02
8.282824e-02
8.288401e-02
8.293968e-02
8.299533e-02
8.305091e-02
8.310655e-02
8.316215e-02
8.321776e-02
8.327333e-02
8.332899e-02
8.338463e-02
8.344029e-02
8.349590e-02
8.355151e-02
8.360372e-02
8.365593e-02
8.370812e-02
8.376032e-02
8.381257e-02
8.386503e-02
8.391784e-02
8.397114e-02
8.402502e-02
8.407966e-02
8.413515e-02
8.419069e-02
8.424539e-02
8.430075e-02
8.435600e-02
8.441130e-02
8.446653e-02
8.452173e-02
8.457686e-02
8.463205e-02
8.468719e-02
8.474233e-02
8.479742e-02
8.485259e-02
8.490698e-02
8.496213e-02
8.501528e-02
8.506742e-02
8.511959e-02
8.517178e-02
8.522326e-02
8.527546e-02
8.532776e-02
8.538035e-02
8.543342e-02
8.548717e-02
8.554173e-02
8.559690e-02
8.565194e-02
8.570687e-02
8.576166e-02
8.581634e-02
8.587086e-02
8.592527e-02
8.597909e-02
8.603322e-02
8.608590e-02
8.613976e-02
8.619174e-02
8.624534e-02
8.629676e-02
8.634865e-02
8.639959e-02
8.645168e-02
8.650216e-02
8.655420e-02
8.660425e-02
8.665569e-02
8.670824e-02
8.676075e-02
8.681217e-02
8.686451e-02
8.691676e-02
8.696896e-02
8.702108e-02
8.707315e-02
8.712516e-02
8.717714e-02
8.722906e-02
8.728094e-02
8.733277e-02
8.738458e-02
8.743623e-02
8.748798e-02
8.753926e-02
8.759095e-02
8.764187e-02
8.769352e-02
8.774410e-02
8.779568e-02
8.784594e-02
8.789745e-02
8.794738e-02
8.799883e-02
8.804843e-02
8.809979e-02
8.814905e-02
8.819997e-02
8.824889e-02
8.829933e-02
8.834791e-02
8.839789e-02
8.844613e-02
8.849564e-02
8.854354e-02
8.859261e-02
8.864017e-02
8.868881e-02
8.873605e-02
8.878428e-02
8.883120e-02
8.887904e-02
8.892567e-02
8.897314e-02
8.902149e-02
8.907081e-02
8.912117e-02
8.917189e-02
8.922258e-02
8.927326e-02
8.932392e-02
8.937456e-02
8.942519e-02
8.947581e-02
8.952641e-02
8.957701e-02
8.962760e-02
8.967819e-02
8.972877e-02
8.977936e-02
8.982995e-02
8.988054e-02
8.993112e-02
8.998170e-02
9.003227e-02
9.008284e-02
9.013341e-02
9.018398e-02
9.023455e-02
9.028513e-02
9.033570e-02
9.038514e-02
9.043490e-02
9.048509e-02
9.053529e-02
9.058573e-02
9.063622e-02
9.068675e-02
9.073729e-02
9.078769e-02
9.083742e-02
9.088705e-02
9.093672e-02
9.098630e-02
9.103592e-02
9.108546e-02
9.113505e-02
9.118457e-02
9.123412e-02
9.128361e-02
9.133313e-02
9.137965e-02
9.142745e-02
9.147641e-02
9.152226e-02
9.156907e-02
9.161485e-02
9.166151e-02
9.170717e-02
9.175366e-02
9.179920e-02
9.184551e-02
9.189091e-02
9.193706e-02
9.198231e-02
9.202830e-02
9.207341e-02
9.211923e-02
9.216421e-02
9.220988e-02
9.225549e-02
9.230069e-02
9.234662e-02
9.239298e-02
9.244037e-02
9.248671e-02
9.253241e-02
9.257904e-02
9.262459e-02
9.267102e-02
9.271641e-02
9.276265e-02
9.280788e-02
9.285393e-02
9.289901e-02
9.294487e-02
9.298980e-02
9.303549e-02
9.308028e-02
9.312542e-02
9.317007e-02
9.321507e-02
9.325957e-02
9.330441e-02
9.334877e-02
9.339345e-02
9.343766e-02
9.348220e-02
9.352626e-02
9.357065e-02
9.361541e-02
9.365967e-02
9.370464e-02
9.374994e-02
9.379471e-02
9.384030e-02
9.388493e-02
9.393036e-02
9.397485e-02
9.401972e-02
9.406407e-02
9.410878e-02
9.415298e-02
9.419753e-02
9.424157e-02
9.428596e-02
9.432984e-02
9.437406e-02
9.441778e-02
9.446182e-02
9.450536e-02
9.454923e-02
9.459260e-02
9.463628e-02
9.467948e-02
9.472299e-02
9.476601e-02
9.480933e-02
9.485217e-02
9.489531e-02
9.494276e-02
9.499178e-02
9.503521e-02
9.507943e-02
9.512279e-02
9.516686e-02
9.521009e-02
9.525364e-02
9.529670e-02
9.533947e-02
9.537921e-02
9.542196e-02
9.546465e-02
9.550719e-02
9.554968e-02
9.559216e-02
9.563442e-02
9.567693e-02
9.571523e-02
9.575369e-02
9.579236e-02
9.583089e-02
9.587063e-02
9.591071e-02
9.595197e-02
9.599436e-02
9.603681e-02
9.607933e-02
9.612189e-02
9.616451e-02
9.620366e-02
9.624318e-02
9.628588e-02
9.632860e-02
9.636944e-02
9.641215e-02
9.645438e-02
9.649706e-02
9.653962e-02
9.658146e-02
9.662322e-02
9.666495e-02
9.670668e-02
9.674812e-02
9.678942e-02
9.683060e-02
9.687171e-02
9.691280e-02
9.695391e-02
9.699457e-02
9.703504e-02
9.707536e-02
9.711559e-02
9.715578e-02
9.719597e-02
9.723581e-02
9.727547e-02
9.731501e-02
9.735449e-02
9.739398e-02
9.743329e-02
9.747242e-02
9.751147e-02
9.755050e-02
9.758954e-02
9.762840e-02
9.766719e-02
9.770595e-02
9.774471e-02
9.778338e-02
9.782197e-02
9.786054e-02
9.789910e-02
9.793756e-02
9.797595e-02
9.801431e-02
9.805265e-02
9.809087e-02
9.812901e-02
9.816711e-02
9.820517e-02
9.824315e-02
9.828103e-02
9.831882e-02
9.835657e-02
9.839429e-02
9.843195e-02
9.846949e-02
9.850696e-02
9.854436e-02
9.858172e-02
9.861905e-02
9.865635e-02
9.869356e-02
9.873069e-02
9.876776e-02
9.880479e-02
9.884177e-02
9.887872e-02
9.891565e-02
9.895256e-02
9.898946e-02
9.902632e-02
9.906315e-02
9.909996e-02
9.913675e-02
9.917353e-02
9.920957e-02
9.924519e-02
9.928108e-02
9.931654e-02
9.935227e-02
9.938757e-02
9.942456e-02
9.945840e-02
9.949285e-02
9.952797e-02
9.956229e-02
9.959728e-02
9.963298e-02
9.966873e-02
9.970348e-02
9.973892e-02
9.977353e-02
9.980885e-02
9.984495e-02
9.988193e-02
9.991712e-02
9.995171e-02
9.998703e-02
1.000231e-01
1.000586e-01
1.000935e-01
1.001290e-01
1.001645e-01
1.002009e-01
1.002361e-01
1.002720e-01
1.003072e-01
1.003432e-01
1.003785e-01
1.004144e-01
1.004499e-01
1.004857e-01
1.005218e-01
1.005576e-01
1.005930e-01
1.006291e-01
1.006646e-01
1.007003e-01
1.007362e-01
1.007723e-01
1.008080e-01
1.008438e-01
1.008793e-01
1.009151e-01
1.009508e-01
1.009872e-01
1.010239e-01
1.010618e-01
1.010987e-01
1.011362e-01
1.011732e-01
1.012114e-01
1.012487e-01
1.012867e-01
1.013253e-01
1.013626e-01
1.013988e-01
1.014368e-01
1.014746e-01
1.015123e-01
1.015507e-01
1.015892e-01
1.016286e-01
1.016691e-01
1.017099e-01
1.017509e-01
1.017922e-01
1.018338e-01
1.018757e-01
1.019180e-01
1.019606e-01
1.020037e-01
1.020441e-01
1.020844e-01
1.021247e-01
1.021651e-01
1.022057e-01
1.022465e-01
1.022875e-01
1.023288e-01
1.023705e-01
1.024125e-01
1.024549e-01
1.024977e-01
1.025339e-01
1.025737e-01
1.026138e-01
1.026540e-01
1.026944e-01
1.027350e-01
1.027759e-01
1.028171e-01
1.028586e-01
1.029005e-01
1.029368e-01
1.029767e-01
1.030130e-01
1.030530e-01
1.030931e-01
1.031334e-01
1.031737e-01
1.032143e-01
1.032552e-01
1.032963e-01
1.033378e-01
1.033797e-01
1.034162e-01
1.034563e-01
1.034928e-01
1.035330e-01
1.035732e-01
1.036135e-01
1.036539e-01
1.036946e-01
1.037355e-01
1.037766e-01
1.038182e-01
1.038601e-01
1.039023e-01
1.039451e-01
1.039883e-01
1.040322e-01
1.040763e-01
1.041206e-01
1.041614e-01
1.042023e-01
1.042434e-01
1.042848e-01
1.043264e-01
1.043684e-01
1.044107e-01
1.044534e-01
1.044965e-01
1.045404e-01
1.045853e-01
1.046305e-01
1.046677e-01
1.047051e-01
1.047458e-01
1.047872e-01
1.048288e-01
1.048708e-01
1.049131e-01
1.049557e-01
1.049988e-01
1.050426e-01
1.050797e-01
1.051172e-01
1.051583e-01
1.052027e-01
1.052438e-01
1.052851e-01
1.053268e-01
1.053687e-01
1.054110e-01
1.054537e-01
1.054967e-01
1.055403e-01
1.055846e-01
1.056300e-01
1.056765e-01
1.057225e-01
1.057640e-01
1.058056e-01
1.058474e-01
1.058895e-01
1.059319e-01
1.059746e-01
1.060176e-01
1.060611e-01
1.061054e-01
1.061507e-01
1.061972e-01
1.062433e-01
1.062892e-01
1.063349e-01
1.063768e-01
1.064191e-01
1.064616e-01
1.065045e-01
1.065477e-01
1.065913e-01
1.066358e-01
1.066812e-01
1.067277e-01
1.067744e-01
1.068214e-01
1.068675e-01
1.069096e-01
1.069519e-01
1.069945e-01
1.070374e-01
1.070807e-01
1.071243e-01
1.071687e-01
1.072141e-01
1.072608e-01
1.073070e-01
1.073535e-01
1.074000e-01
1.074421e-01
1.074844e-01
1.075269e-01
1.075698e-01
1.076129e-01
1.076564e-01
1.077003e-01
1.077449e-01
1.077904e-01
1.078366e-01
1.078833e-01
1.079305e-01
1.079778e-01
1.080240e-01
1.080664e-01
1.081091e-01
1.081520e-01
1.081953e-01
1.082388e-01
1.082828e-01
1.083274e-01
1.083729e-01
1.084196e-01
1.084659e-01
1.085125e-01
1.085591e-01
1.086055e-01
1.086519e-01
1.086947e-01
1.087377e-01
1.087809e-01
1.088245e-01
1.088684e-01
1.089130e-01
1.089585e-01
1.090048e-01
1.090516e-01
1.090988e-01
1.091465e-01
1.091950e-01
1.092376e-01
1.092804e-01
1.093236e-01
1.093670e-01
1.094106e-01
1.094547e-01
1.094991e-01
1.095441e-01
1.095901e-01
1.096364e-01
1.096830e-01
1.097295e-01
1.097759e-01
1.098224e-01
1.098652e-01
1.099083e-01
1.099516e-01
1.099952e-01
1.100390e-01
1.100832e-01
1.101276e-01
1.101727e-01
1.102187e-01
1.102653e-01
1.103124e-01
1.103599e-01
1.104080e-01
1.104568e-01
1.105064e-01
1.105532e-01
1.105967e-01
1.106405e-01
1.106844e-01
1.107287e-01
1.107732e-01
1.108180e-01
1.108635e-01
1.109097e-01
1.109566e-01
1.110036e-01
1.110503e-01
1.110971e-01
1.111443e-01
1.111919e-01
1.112400e-01
1.112888e-01
1.113326e-01
1.113767e-01
1.114210e-01
1.114655e-01
1.115102e-01
1.115553e-01
1.116009e-01
1.116471e-01
1.116943e-01
1.117426e-01
1.117922e-01
1.118392e-01
1.118865e-01
1.119338e-01
1.119809e-01
1.120280e-01
1.120720e-01
1.121162e-01
1.121605e-01
1.122051e-01
1.122498e-01
1.122948e-01
1.123400e-01
1.123858e-01
1.124321e-01
1.124793e-01
1.125275e-01
1.125764e-01
1.126260e-01
1.126732e-01
1.127207e-01
1.127682e-01
1.128155e-01
1.128629e-01
1.129073e-01
1.129518e-01
1.129965e-01
1.130414e-01
1.130864e-01
1.131316e-01
1.131770e-01
1.132227e-01
1.132687e-01
1.133154e-01
1.133627e-01
1.134110e-01
1.134605e-01
1.135081e-01
1.135559e-01
1.136038e-01
1.136514e-01
1.136992e-01
1.137473e-01
1.137960e-01
1.138453e-01
1.138930e-01
1.139381e-01
1.139834e-01
1.140288e-01
1.140744e-01
1.141201e-01
1.141661e-01
1.142124e-01
1.142594e-01
1.143069e-01
1.143550e-01
1.144033e-01
1.144516e-01
1.144997e-01
1.145478e-01
1.145965e-01
1.146457e-01
1.146956e-01
1.147437e-01
1.147920e-01
1.148404e-01
1.148885e-01
1.149367e-01
1.149824e-01
1.150282e-01
1.150742e-01
1.151203e-01
1.151666e-01
1.152133e-01
1.152605e-01
1.153083e-01
1.153568e-01
1.154057e-01
1.154552e-01
1.155052e-01
1.155550e-01
1.156064e-01
1.156562e-01
1.157052e-01
1.157539e-01
1.158026e-01
1.158516e-01
1.159011e-01
1.159510e-01
1.160016e-01
1.160478e-01
1.160940e-01
1.161404e-01
1.161869e-01
1.162336e-01
1.162806e-01
1.163282e-01
1.163764e-01
1.164255e-01
1.164753e-01
1.165261e-01
1.165778e-01
1.166297e-01
1.166794e-01
1.167287e-01
1.167780e-01
1.168276e-01
1.168776e-01
1.169281e-01
1.169792e-01
1.170309e-01
1.170827e-01
1.171346e-01
1.171846e-01
1.172312e-01
1.172779e-01
1.173247e-01
1.173716e-01
1.174189e-01
1.174666e-01
1.175149e-01
1.175640e-01
1.176139e-01
1.176641e-01
1.177157e-01
1.177654e-01
1.178155e-01
1.178659e-01
1.179168e-01
1.179681e-01
1.180198e-01
1.180721e-01
1.181249e-01
1.181783e-01
1.182322e-01
1.182822e-01
1.183325e-01
1.183831e-01
1.184342e-01
1.184856e-01
1.185326e-01
1.185797e-01
1.186269e-01
1.186742e-01
1.187217e-01
1.187697e-01
1.188181e-01
1.188673e-01
1.189171e-01
1.189674e-01
1.190186e-01
1.190704e-01
1.191228e-01
1.191754e-01
1.192281e-01
1.192808e-01
1.193336e-01
1.193841e-01
1.194350e-01
1.194861e-01
1.195377e-01
1.195898e-01
1.196422e-01
1.196952e-01
1.197487e-01
1.198029e-01
1.198501e-01
1.198973e-01
1.199446e-01
1.199920e-01
1.200394e-01
1.200869e-01
1.201346e-01
1.201827e-01
1.202313e-01
1.202804e-01
1.203303e-01
1.203804e-01
1.204312e-01
1.204822e-01
1.205334e-01
1.205848e-01
1.206367e-01
1.206889e-01
1.207415e-01
1.207945e-01
1.208478e-01
1.209011e-01
1.209546e-01
1.210081e-01
1.210618e-01
1.211131e-01
1.211646e-01
1.212164e-01
1.212686e-01
1.213212e-01
1.213687e-01
1.214163e-01
1.214639e-01
1.215116e-01
1.215593e-01
1.216071e-01
1.216551e-01
1.217035e-01
1.217524e-01
1.218017e-01
1.218517e-01
1.219024e-01
1.219540e-01
1.220060e-01
1.220588e-01
1.221124e-01
1.221670e-01
1.222218e-01
1.222752e-01
1.223270e-01
1.223791e-01
1.224313e-01
1.224840e-01
1.225368e-01
1.225900e-01
1.226434e-01
1.226973e-01
1.227515e-01
1.228059e-01
1.228607e-01
1.229085e-01
1.229564e-01
1.230043e-01
1.230523e-01
1.231004e-01
1.231485e-01
1.231967e-01
1.232451e-01
1.232939e-01
1.233432e-01
1.233931e-01
1.234436e-01
1.234950e-01
1.235468e-01
1.235994e-01
1.236529e-01
1.237075e-01
1.237616e-01
1.238162e-01
1.238703e-01
1.239248e-01
1.239783e-01
1.240320e-01
1.240857e-01
1.241395e-01
1.241934e-01
1.242472e-01
1.243012e-01
1.243492e-01
1.243972e-01
1.244453e-01
1.244935e-01
1.245418e-01
1.245901e-01
1.246385e-01
1.246872e-01
1.247364e-01
1.247861e-01
1.248262e-01
1.248676e-01
1.249104e-01
1.249546e-01
1.249947e-01
1.250360e-01
1.250786e-01
1.251194e-01
1.251615e-01
1.252022e-01
1.252441e-01
1.252847e-01
1.253245e-01
1.253654e-01
1.254051e-01
1.254457e-01
1.254852e-01
1.255255e-01
1.255648e-01
1.256044e-01
1.256435e-01
1.256829e-01
1.257218e-01
1.257609e-01
1.257996e-01
1.258386e-01
1.258771e-01
1.259159e-01
1.259586e-01
1.260055e-01
1.260557e-01
1.261067e-01
1.261587e-01
1.262112e-01
1.262647e-01
1.263193e-01
1.263579e-01
1.263973e-01
1.264361e-01
1.264751e-01
1.265138e-01
1.265528e-01
1.265914e-01
1.266339e-01
1.266806e-01
1.267320e-01
1.267862e-01
1.268404e-01
1.268886e-01
1.269370e-01
1.269854e-01
1.270339e-01
1.270825e-01
1.271312e-01
1.271698e-01
1.272092e-01
1.272479e-01
1.272869e-01
1.273256e-01
1.273681e-01
1.274149e-01
1.274664e-01
1.275207e-01
1.275749e-01
1.276292e-01
1.276835e-01
1.277221e-01
1.277609e-01
1.277995e-01
1.278384e-01
1.278770e-01
1.279159e-01
1.279587e-01
1.280058e-01
1.280541e-01
1.281025e-01
1.281412e-01
1.281823e-01
1.282210e-01
1.282599e-01
1.282986e-01
1.283376e-01
1.283763e-01
1.284153e-01
1.284541e-01
1.284931e-01
1.285319e-01
1.285709e-01
1.286097e-01
1.286502e-01
1.286930e-01
1.287384e-01
1.287868e-01
1.288382e-01
1.288926e-01
1.289475e-01
1.290026e-01
1.290579e-01
1.291135e-01
1.291693e-01
1.292082e-01
1.292478e-01
1.292866e-01
1.293258e-01
1.293646e-01
1.294038e-01
1.294428e-01
1.294821e-01
1.295211e-01
1.295604e-01
1.295992e-01
1.296386e-01
1.296775e-01
1.297169e-01
1.297558e-01
1.297953e-01
1.298342e-01
1.298734e-01
1.299106e-01
1.299486e-01
1.299875e-01
1.300267e-01
1.300640e-01
1.301021e-01
1.301411e-01
1.301803e-01
1.302176e-01
1.302561e-01
1.302974e-01
1.303388e-01
1.303796e-01
1.304213e-01
1.304615e-01
1.305029e-01
1.305420e-01
1.305817e-01
1.306218e-01
1.306630e-01
1.307054e-01
1.307487e-01
1.307897e-01
1.308320e-01
1.308738e-01
1.309172e-01
1.309602e-01
1.310051e-01
1.310453e-01
1.310888e-01
1.311335e-01
1.311767e-01
1.312207e-01
1.312642e-01
1.313075e-01
1.313513e-01
1.313941e-01
1.314372e-01
1.314796e-01
1.315223e-01
1.315644e-01
1.316069e-01
1.316488e-01
1.316948e-01
1.317365e-01
1.317823e-01
1.318238e-01
1.318695e-01
1.319108e-01
1.319563e-01
1.319976e-01
1.320429e-01
1.320840e-01
1.321293e-01
1.321703e-01
1.322154e-01
1.322563e-01
1.323013e-01
1.323508e-01
1.324011e-01
1.324519e-01
1.325034e-01
1.325439e-01
1.325886e-01
1.326377e-01
1.326912e-01
1.327448e-01
1.327983e-01
1.328522e-01
1.329057e-01
1.329598e-01
1.330133e-01
1.330677e-01
1.331212e-01
1.331760e-01
1.332295e-01
1.332788e-01
1.333281e-01
1.333774e-01
1.334269e-01
1.334763e-01
1.335258e-01
1.335754e-01
1.336250e-01
1.336748e-01
1.337248e-01
1.337753e-01
1.338263e-01
1.338781e-01
1.339308e-01
1.339844e-01
1.340385e-01
1.340934e-01
1.341480e-01
1.342051e-01
1.342594e-01
1.343156e-01
1.343734e-01
1.344313e-01
1.344893e-01
1.345473e-01
1.346055e-01
1.346638e-01
1.347177e-01
1.347671e-01
1.348165e-01
1.348659e-01
1.349154e-01
1.349648e-01
1.350144e-01
1.350639e-01
1.351135e-01
1.351632e-01
1.352132e-01
1.352635e-01
1.353143e-01
1.353548e-01
1.353956e-01
1.354360e-01
1.354769e-01
1.355173e-01
1.355619e-01
1.356023e-01
1.356469e-01
1.356958e-01
1.357490e-01
1.358076e-01
1.358676e-01
1.359277e-01
1.359877e-01
1.360478e-01
1.361008e-01
1.361590e-01
1.362192e-01
1.362684e-01
1.363177e-01
1.363670e-01
1.364163e-01
1.364612e-01
1.365089e-01
1.365545e-01
1.366016e-01
1.366429e-01
1.366850e-01
1.367280e-01
1.367697e-01
1.368110e-01
1.368530e-01
1.368943e-01
1.369359e-01
1.369771e-01
1.370187e-01
1.370599e-01
1.371014e-01
1.371426e-01
1.371841e-01
1.372252e-01
1.372666e-01
1.373077e-01
1.373495e-01
1.373921e-01
1.374335e-01
1.374757e-01
1.375187e-01
1.375599e-01
1.376020e-01
1.376450e-01
1.376867e-01
1.377281e-01
1.377702e-01
1.378116e-01
1.378537e-01
1.378951e-01
1.379372e-01
1.379785e-01
1.380206e-01
1.380635e-01
1.381053e-01
1.381479e-01
1.381913e-01
1.382358e-01
1.382777e-01
1.383189e-01
1.383611e-01
1.384041e-01
1.384459e-01
1.384874e-01
1.385297e-01
1.385712e-01
1.386135e-01
1.386550e-01
1.386974e-01
1.387389e-01
1.387807e-01
1.388234e-01
1.388656e-01
1.389072e-01
1.389497e-01
1.389914e-01
1.390334e-01
1.390751e-01
1.391173e-01
1.391590e-01
1.392012e-01
1.392427e-01
1.392851e-01
1.393267e-01
1.393690e-01
1.394106e-01
1.394529e-01
1.394946e-01
1.395370e-01
1.395786e-01
1.396214e-01
1.396632e-01
1.397054e-01
1.397472e-01
1.397893e-01
1.398311e-01
1.398738e-01
1.399159e-01
1.399591e-01
1.400020e-01
1.400462e-01
1.400893e-01
1.401332e-01
1.401764e-01
1.402199e-01
1.402628e-01
1.403060e-01
1.403511e-01
1.403966e-01
1.404441e-01
1.404903e-01
1.405367e-01
1.405832e-01
1.406288e-01
1.406752e-01
1.407203e-01
1.407666e-01
1.408112e-01
1.408562e-01
1.409004e-01
1.409449e-01
1.409887e-01
1.410328e-01
1.410762e-01
1.411199e-01
1.411679e-01
1.412177e-01
1.412667e-01
1.413165e-01
1.413655e-01
1.414154e-01
1.414645e-01
1.415143e-01
1.415634e-01
1.416134e-01
1.416628e-01
1.417140e-01
1.417636e-01
1.418153e-01
1.418646e-01
1.419168e-01
1.419710e-01
1.420252e-01
1.420793e-01
1.421349e-01
1.421894e-01
1.422451e-01
1.422996e-01
1.423553e-01
1.424095e-01
1.424627e-01
1.425159e-01
1.425700e-01
1.426225e-01
1.426764e-01
1.427290e-01
1.427830e-01
1.428360e-01
1.428904e-01
1.429332e-01
1.429802e-01
1.430230e-01
1.430701e-01
1.431220e-01
1.431765e-01
1.432260e-01
1.432782e-01
1.433331e-01
1.433902e-01
1.434454e-01
1.435032e-01
1.435464e-01
1.435939e-01
1.436371e-01
1.436846e-01
1.437279e-01
1.437755e-01
1.438278e-01
1.438854e-01
1.439356e-01
1.439888e-01
1.440437e-01
1.441002e-01
1.441533e-01
1.442106e-01
1.442681e-01
1.443246e-01
1.443828e-01
1.444412e-01
1.444977e-01
1.445565e-01
1.446098e-01
1.446663e-01
1.447247e-01
1.447829e-01
1.448369e-01
1.448908e-01
1.449448e-01
1.449987e-01
1.450526e-01
1.451065e-01
1.451604e-01
1.452143e-01
1.452683e-01
1.453223e-01
1.453763e-01
1.454304e-01
1.454845e-01
1.455387e-01
1.455930e-01
1.456474e-01
1.456996e-01
1.457543e-01
1.458074e-01
1.458617e-01
1.459169e-01
1.459721e-01
1.460279e-01
1.460828e-01
1.461381e-01
1.461927e-01
1.462477e-01
1.463020e-01
1.463567e-01
1.464141e-01
1.464682e-01
1.465251e-01
1.465796e-01
1.466362e-01
1.466904e-01
1.467466e-01
1.468005e-01
1.468564e-01
1.469101e-01
1.469657e-01
1.470192e-01
1.470745e-01
1.471278e-01
1.471828e-01
1.472353e-01
1.472877e-01
1.473401e-01
1.473926e-01
1.474450e-01
1.474975e-01
1.475500e-01
1.476026e-01
1.476549e-01
1.477075e-01
1.477596e-01
1.478124e-01
1.478642e-01
1.479172e-01
1.479687e-01
1.480151e-01
1.480628e-01
1.481117e-01
1.481590e-01
1.482059e-01
1.482537e-01
1.483006e-01
1.483484e-01
1.483952e-01
1.484430e-01
1.484917e-01
1.485337e-01
1.485769e-01
1.486191e-01
1.486622e-01
1.487044e-01
1.487469e-01
1.487890e-01
1.488314e-01
1.488747e-01
1.489188e-01
1.489608e-01
1.490031e-01
1.490450e-01
1.490911e-01
1.491365e-01
1.491834e-01
1.492290e-01
1.492756e-01
1.493194e-01
1.493659e-01
1.494097e-01
1.494561e-01
1.494998e-01
1.495416e-01
1.495853e-01
1.496280e-01
1.496714e-01
1.497164e-01
1.497599e-01
1.498044e-01
1.498475e-01
1.498917e-01
1.499337e-01
1.499760e-01
1.500180e-01
1.500604e-01
1.501024e-01
1.501447e-01
1.501870e-01
1.502302e-01
1.502743e-01
1.503167e-01
1.503599e-01
1.504022e-01
1.504444e-01
1.504879e-01
1.505300e-01
1.505730e-01
1.506172e-01
1.506602e-01
1.507029e-01
1.507467e-01
1.507896e-01
1.508332e-01
1.508761e-01
1.509200e-01
1.509630e-01
1.510068e-01
1.510498e-01
1.510935e-01
1.511364e-01
1.511803e-01
1.512234e-01
1.512677e-01
1.513111e-01
1.513557e-01
1.513992e-01
1.514439e-01
1.514874e-01
1.515320e-01
1.515754e-01
1.516200e-01
1.516633e-01
1.517078e-01
1.517511e-01
1.517955e-01
1.518387e-01
1.518830e-01
1.519262e-01
1.519704e-01
1.520135e-01
1.520576e-01
1.521006e-01
1.521446e-01
1.521876e-01
1.522315e-01
1.522744e-01
1.523182e-01
1.523622e-01
1.524076e-01
1.524515e-01
1.524959e-01
1.525401e-01
1.525848e-01
1.526288e-01
1.526738e-01
1.527181e-01
1.527632e-01
1.528077e-01
1.528528e-01
1.528973e-01
1.529423e-01
1.529868e-01
1.530319e-01
1.530764e-01
1.531215e-01
1.531660e-01
1.532111e-01
1.532555e-01
1.533012e-01
1.533456e-01
1.533912e-01
1.534356e-01
1.534814e-01
1.535258e-01
1.535717e-01
1.536166e-01
1.536620e-01
1.537070e-01
1.537531e-01
1.537969e-01
1.538431e-01
1.538872e-01
1.539330e-01
1.539783e-01
1.540245e-01
1.540695e-01
1.541161e-01
1.541603e-01
1.542065e-01
1.542521e-01
1.542981e-01
1.543439e-01
1.543912e-01
1.544367e-01
1.544838e-01
1.545285e-01
1.545758e-01
1.546206e-01
1.546658e-01
1.547106e-01
1.547558e-01
1.548006e-01
1.548458e-01
1.548907e-01
1.549359e-01
1.549808e-01
1.550260e-01
1.550709e-01
1.551162e-01
1.551611e-01
1.552063e-01
1.552511e-01
1.552964e-01
1.553413e-01
1.553866e-01
1.554315e-01
1.554768e-01
1.555217e-01
1.555670e-01
1.556132e-01
1.556604e-01
1.557052e-01
1.557509e-01
1.557958e-01
1.558412e-01
1.558861e-01
1.559319e-01
1.559767e-01
1.560224e-01
1.560672e-01
1.561126e-01
1.561575e-01
1.562034e-01
1.562485e-01
1.562943e-01
1.563391e-01
1.563849e-01
1.564298e-01
1.564757e-01
1.565207e-01
1.565664e-01
1.566129e-01
1.566606e-01
1.567053e-01
1.567511e-01
1.567960e-01
1.568414e-01
1.568876e-01
1.569351e-01
1.569798e-01
1.570254e-01
1.570701e-01
1.571160e-01
1.571609e-01
1.572071e-01
1.572522e-01
1.572989e-01
1.573445e-01
1.573919e-01
1.574412e-01
1.574885e-01
1.575363e-01
1.575842e-01
1.576315e-01
1.576818e-01
1.577296e-01
1.577781e-01
1.578243e-01
1.578733e-01
1.579211e-01
1.579697e-01
1.580192e-01
1.580654e-01
1.581129e-01
1.581614e-01
1.582109e-01
1.582577e-01
1.583055e-01
1.583541e-01
1.583988e-01
1.584438e-01
1.584885e-01
1.585335e-01
1.585783e-01
1.586234e-01
1.586682e-01
1.587134e-01
1.587584e-01
1.588038e-01
1.588489e-01
1.588952e-01
1.589405e-01
1.589890e-01
1.590346e-01
1.590823e-01
1.591318e-01
1.591791e-01
1.592271e-01
1.592759e-01
1.593227e-01
1.593722e-01
1.594202e-01
1.594691e-01
1.595188e-01
1.595696e-01
1.596176e-01
1.596665e-01
1.597163e-01
1.597671e-01
1.598152e-01
1.598641e-01
1.599139e-01
1.599647e-01
1.600150e-01
1.600679e-01
1.601199e-01
1.601736e-01
1.602255e-01
1.602791e-01
1.603310e-01
1.603844e-01
1.604362e-01
1.604895e-01
1.605412e-01
1.605945e-01
1.606461e-01
1.606992e-01
1.607508e-01
1.608037e-01
1.608552e-01
1.609081e-01
1.609595e-01
1.610123e-01
1.610636e-01
1.611162e-01
1.611675e-01
1.612200e-01
1.612712e-01
1.613236e-01
1.613747e-01
1.614270e-01
1.614780e-01
1.615303e-01
1.615812e-01
1.616334e-01
1.616843e-01
1.617364e-01
1.617873e-01
1.618393e-01
1.618902e-01
1.619422e-01
1.619930e-01
1.620450e-01
1.620958e-01
1.621478e-01
1.621986e-01
1.622505e-01
1.623014e-01
1.623533e-01
1.624041e-01
1.624561e-01
1.625070e-01
1.625548e-01
1.626032e-01
1.626511e-01
1.627020e-01
1.627541e-01
1.628051e-01
1.628572e-01
1.629082e-01
1.629604e-01
1.630115e-01
1.630638e-01
1.631148e-01
1.631672e-01
1.632183e-01
1.632707e-01
1.633219e-01
1.633743e-01
1.634256e-01
1.634781e-01
1.635294e-01
1.635820e-01
1.636334e-01
1.636861e-01
1.637375e-01
1.637903e-01
1.638419e-01
1.638948e-01
1.639465e-01
1.639995e-01
1.640513e-01
1.641042e-01
1.641561e-01
1.642093e-01
1.642612e-01
1.643147e-01
1.643668e-01
1.644205e-01
1.644727e-01
1.645265e-01
1.645788e-01
1.646328e-01
1.646853e-01
1.647394e-01
1.647920e-01
1.648462e-01
1.648989e-01
1.649534e-01
1.650062e-01
1.650606e-01
1.651135e-01
1.651674e-01
1.652205e-01
1.652746e-01
1.653276e-01
1.653816e-01
1.654348e-01
1.654887e-01
1.655418e-01
1.655956e-01
1.656488e-01
1.657026e-01
1.657558e-01
1.658095e-01
1.658628e-01
1.659165e-01
1.659697e-01
1.660234e-01
1.660768e-01
1.661305e-01
1.661839e-01
1.662376e-01
1.662909e-01
1.663447e-01
1.663981e-01
1.664519e-01
1.665053e-01
1.665591e-01
1.666127e-01
1.666666e-01
1.667201e-01
1.667740e-01
1.668276e-01
1.668815e-01
1.669350e-01
1.669889e-01
1.670422e-01
1.670962e-01
1.671494e-01
1.672034e-01
1.672567e-01
1.673106e-01
1.673639e-01
1.674178e-01
1.674708e-01
1.675247e-01
1.675779e-01
1.676318e-01
1.676845e-01
1.677385e-01
1.677913e-01
1.678452e-01
1.678981e-01
1.679520e-01
1.679981e-01
1.680451e-01
1.680930e-01
1.681396e-01
1.681858e-01
1.682328e-01
1.682790e-01
1.683255e-01
1.683717e-01
1.684183e-01
1.684644e-01
1.685110e-01
1.685571e-01
1.686036e-01
1.686498e-01
1.686963e-01
1.687424e-01
1.687890e-01
1.688351e-01
1.688816e-01
1.689278e-01
1.689743e-01
1.690205e-01
1.690670e-01
1.691132e-01
1.691598e-01
1.692060e-01
1.692569e-01
1.693092e-01
1.693627e-01
1.694090e-01
1.694560e-01
1.695024e-01
1.695495e-01
1.695959e-01
1.696426e-01
1.696890e-01
1.697358e-01
1.697822e-01
1.698290e-01
1.698754e-01
1.699222e-01
1.699686e-01
1.700155e-01
1.700619e-01
1.701088e-01
1.701553e-01
1.702022e-01
1.702487e-01
1.702956e-01
1.703422e-01
1.703891e-01
1.704357e-01
1.704827e-01
1.705293e-01
1.705763e-01
1.706230e-01
1.706700e-01
1.707218e-01
1.707751e-01
1.708275e-01
1.708808e-01
1.709330e-01
1.709863e-01
1.710383e-01
1.710914e-01
1.711432e-01
1.711962e-01
1.712432e-01
1.712948e-01
1.713465e-01
1.713994e-01
1.714510e-01
1.715040e-01
1.715562e-01
1.716093e-01
1.716614e-01
1.717145e-01
1.717621e-01
1.718146e-01
1.718667e-01
1.719197e-01
1.719718e-01
1.720248e-01
1.720769e-01
1.721299e-01
1.721820e-01
1.722350e-01
1.722871e-01
1.723401e-01
1.723921e-01
1.724451e-01
1.724932e-01
1.725460e-01
1.725981e-01
1.726510e-01
1.727031e-01
1.727560e-01
1.728080e-01
1.728609e-01
1.729129e-01
1.729658e-01
1.730178e-01
1.730707e-01
1.731227e-01
1.731755e-01
1.732275e-01
1.732803e-01
1.733323e-01
1.733851e-01
1.734309e-01
1.734785e-01
1.735278e-01
1.735752e-01
1.736242e-01
1.736719e-01
1.737213e-01
1.737693e-01
1.738191e-01
1.738674e-01
1.739175e-01
1.739662e-01
1.740168e-01
1.740695e-01
1.741214e-01
1.741741e-01
1.742260e-01
1.742786e-01
1.743306e-01
1.743832e-01
1.744351e-01
1.744877e-01
1.745396e-01
1.745922e-01
1.746441e-01
1.746968e-01
1.747487e-01
1.748013e-01
1.748532e-01
1.749059e-01
1.749578e-01
1.750105e-01
1.750624e-01
1.751151e-01
1.751671e-01
1.752198e-01
1.752718e-01
1.753245e-01
1.753702e-01
1.754174e-01
1.754661e-01
1.755130e-01
1.755613e-01
1.756085e-01
1.756571e-01
1.757045e-01
1.757533e-01
1.758009e-01
1.758500e-01
1.759009e-01
1.759531e-01
1.760061e-01
1.760584e-01
1.761114e-01
1.761638e-01
1.762169e-01
1.762692e-01
1.763223e-01
1.763747e-01
1.764279e-01
1.764803e-01
1.765335e-01
1.765860e-01
1.766393e-01
1.766918e-01
1.767451e-01
1.767977e-01
1.768511e-01
1.769037e-01
1.769571e-01
1.770098e-01
1.770633e-01
1.771160e-01
1.771696e-01
1.772223e-01
1.772716e-01
1.773217e-01
1.773710e-01
1.774211e-01
1.774703e-01
1.775192e-01
1.775685e-01
1.776174e-01
1.776667e-01
1.777156e-01
1.777649e-01
1.778138e-01
1.778631e-01
1.779163e-01
1.779706e-01
1.780238e-01
1.780781e-01
1.781315e-01
1.781859e-01
1.782393e-01
1.782938e-01
1.783473e-01
1.784018e-01
1.784554e-01
1.785100e-01
1.785636e-01
1.786182e-01
1.786672e-01
1.787211e-01
1.787749e-01
1.788295e-01
1.788834e-01
1.789380e-01
1.789920e-01
1.790466e-01
1.790921e-01
1.791422e-01
1.791964e-01
1.792510e-01
1.793052e-01
1.793598e-01
1.794141e-01
1.794688e-01
1.795232e-01
1.795778e-01
1.796323e-01
1.796869e-01
1.797416e-01
1.797962e-01
1.798509e-01
1.799055e-01
1.799515e-01
1.800020e-01
1.800569e-01
1.801116e-01
1.801666e-01
1.802212e-01
1.802763e-01
1.803310e-01
1.803862e-01
1.804409e-01
1.804962e-01
1.805509e-01
1.806062e-01
1.806610e-01
1.807163e-01
1.807711e-01
1.808265e-01
1.808813e-01
1.809367e-01
1.809916e-01
1.810470e-01
1.811019e-01
1.811574e-01
1.812124e-01
1.812679e-01
1.813229e-01
1.813784e-01
1.814335e-01
1.814827e-01
1.815369e-01
1.815925e-01
1.816476e-01
1.817033e-01
1.817585e-01
1.818143e-01
1.818695e-01
1.819253e-01
1.819805e-01
1.820364e-01
1.820917e-01
1.821476e-01
1.822030e-01
1.822497e-01
1.822968e-01
1.823435e-01
1.823906e-01
1.824373e-01
1.824844e-01
1.825311e-01
1.825782e-01
1.826249e-01
1.826721e-01
1.827188e-01
1.827702e-01
1.828254e-01
1.828807e-01
1.829364e-01
1.829921e-01
1.830480e-01
1.831038e-01
1.831596e-01
1.832154e-01
1.832712e-01
1.833271e-01
1.833828e-01
1.834377e-01
1.834874e-01
1.835413e-01
1.835954e-01
1.836496e-01
1.837043e-01
1.837592e-01
1.838142e-01
1.838695e-01
1.839247e-01
1.839807e-01
1.840358e-01
1.840919e-01
1.841470e-01
1.842015e-01
1.842560e-01
1.843105e-01
1.843644e-01
1.844121e-01
1.844585e-01
1.845058e-01
1.845521e-01
1.845987e-01
1.846449e-01
1.846915e-01
1.847377e-01
1.847844e-01
1.848308e-01
1.848776e-01
1.849241e-01
1.849708e-01
1.850173e-01
1.850642e-01
1.851107e-01
1.851578e-01
1.852045e-01
1.852517e-01
1.852985e-01
1.853460e-01
1.853925e-01
1.854403e-01
1.854878e-01
1.855357e-01
1.855851e-01
1.856358e-01
1.856873e-01
1.857403e-01
1.857906e-01
1.858419e-01
1.858944e-01
1.859454e-01
1.859975e-01
1.860508e-01
1.861013e-01
1.861530e-01
1.862032e-01
1.862543e-01
1.863043e-01
1.863550e-01
1.864052e-01
1.864563e-01
1.865063e-01
1.865575e-01
1.866078e-01
1.866591e-01
1.867084e-01
1.867597e-01
1.868090e-01
1.868604e-01
1.869095e-01
1.869590e-01
1.870093e-01
1.870608e-01
1.871111e-01
1.871627e-01
1.872129e-01
1.872645e-01
1.873150e-01
1.873666e-01
1.874171e-01
1.874687e-01
1.875163e-01
1.875679e-01
1.876155e-01
1.876671e-01
1.877148e-01
1.877669e-01
1.878168e-01
1.878704e-01
1.879203e-01
1.879738e-01
1.880236e-01
1.880758e-01
1.881255e-01
1.881777e-01
1.882273e-01
1.882794e-01
1.883290e-01
1.883810e-01
1.884305e-01
1.884822e-01
1.885316e-01
1.885829e-01
1.886323e-01
1.886831e-01
1.887323e-01
1.887842e-01
1.888334e-01
1.888852e-01
1.889343e-01
1.889859e-01
1.890351e-01
1.890867e-01
1.891396e-01
1.891913e-01
1.892443e-01
1.892961e-01
1.893491e-01
1.894025e-01
1.894556e-01
1.895090e-01
1.895621e-01
1.896155e-01
1.896683e-01
1.897218e-01
1.897741e-01
1.898276e-01
1.898807e-01
1.899338e-01
1.899817e-01
1.900326e-01
1.900814e-01
1.901323e-01
1.901810e-01
1.902331e-01
1.902845e-01
1.903365e-01
1.903876e-01
1.904394e-01
1.904903e-01
1.905419e-01
1.905926e-01
1.906441e-01
1.906947e-01
1.907461e-01
1.907965e-01
1.908480e-01
1.908982e-01
1.909500e-01
1.910001e-01
1.910523e-01
1.911023e-01
1.911551e-01
1.912049e-01
1.912582e-01
1.913116e-01
1.913657e-01
1.914191e-01
1.914732e-01
1.915267e-01
1.915809e-01
1.916344e-01
1.916887e-01
1.917423e-01
1.917966e-01
1.918503e-01
1.919047e-01
1.919584e-01
1.920129e-01
1.920668e-01
1.921214e-01
1.921753e-01
1.922300e-01
1.922840e-01
1.923387e-01
1.923928e-01
1.924477e-01
1.925019e-01
1.925569e-01
1.926035e-01
1.926547e-01
1.927013e-01
1.927525e-01
1.927989e-01
1.928496e-01
1.929041e-01
1.929589e-01
1.930135e-01
1.930683e-01
1.931230e-01
1.931788e-01
1.932337e-01
1.932883e-01
1.933432e-01
1.933978e-01
1.934529e-01
1.935089e-01
1.935641e-01
1.936185e-01
1.936739e-01
1.937299e-01
1.937854e-01
1.938397e-01
1.938953e-01
1.939513e-01
1.940071e-01
1.940613e-01
1.941169e-01
1.941730e-01
1.942290e-01
1.942831e-01
1.943393e-01
1.943954e-01
1.944511e-01
1.945064e-01
1.945619e-01
1.946157e-01
1.946718e-01
1.947255e-01
1.947817e-01
1.948377e-01
1.948939e-01
1.949474e-01
1.950036e-01
1.950596e-01
1.951103e-01
1.951636e-01
1.952146e-01
1.952705e-01
1.953215e-01
1.953775e-01
1.954285e-01
1.954846e-01
1.955355e-01
1.955909e-01
1.956465e-01
1.957022e-01
1.957583e-01
1.958146e-01
1.958713e-01
1.959278e-01
1.959847e-01
1.960413e-01
1.960983e-01
1.961551e-01
1.962121e-01
1.962690e-01
1.963262e-01
1.963831e-01
1.964404e-01
1.964975e-01
1.965548e-01
1.966113e-01
1.966672e-01
1.967228e-01
1.967786e-01
1.968345e-01
1.968908e-01
1.969473e-01
1.970042e-01
1.970613e-01
1.971183e-01
1.971754e-01
1.972251e-01
1.972798e-01
1.973294e-01
1.973840e-01
1.974336e-01
1.974882e-01
1.975378e-01
1.975908e-01
1.976477e-01
1.977057e-01
1.977552e-01
1.978077e-01
1.978639e-01
1.979198e-01
1.979691e-01
1.980212e-01
1.980765e-01
1.981333e-01
1.981833e-01
1.982342e-01
1.982846e-01
1.983359e-01
1.983851e-01
1.984358e-01
1.984862e-01
1.985373e-01
1.985872e-01
1.986380e-01
1.986883e-01
1.987393e-01
1.987896e-01
1.988406e-01
1.988904e-01
1.989412e-01
1.989913e-01
1.990425e-01
1.990926e-01
1.991435e-01
1.991932e-01
1.992440e-01
1.992941e-01
1.993449e-01
1.993950e-01
1.994457e-01
1.994958e-01
1.995465e-01
1.995962e-01
1.996468e-01
1.996886e-01
1.997311e-01
1.997728e-01
1.998149e-01
1.998566e-01
1.998986e-01
1.999403e-01
1.999823e-01
2.000239e-01
2.000658e-01
2.001074e-01
