#   1 : Date        
# Date        
0.000000e+00
1.807392e-05
3.063775e-05
3.994389e-05
4.696398e-05
5.307616e-05
5.893874e-05
6.538756e-05
7.195757e-05
7.918458e-05
8.713429e-05
9.567609e-05
1.042664e-04
1.137158e-04
1.241101e-04
1.345130e-04
1.447307e-04
1.559701e-04
1.679893e-04
1.796878e-04
1.924202e-04
2.055404e-04
2.185077e-04
2.318901e-04
2.458264e-04
2.596755e-04
2.743191e-04
2.891449e-04
3.043828e-04
3.196963e-04
3.356446e-04
3.517861e-04
3.684829e-04
3.855114e-04
4.029838e-04
4.207710e-04
4.389514e-04
4.575347e-04
4.763626e-04
4.956113e-04
5.152335e-04
5.351047e-04
5.554263e-04
5.760533e-04
5.970174e-04
6.182838e-04
6.399234e-04
6.618733e-04
6.840594e-04
7.066476e-04
7.294829e-04
7.525381e-04
7.759571e-04
7.995716e-04
8.234199e-04
8.476062e-04
8.720560e-04
8.968823e-04
9.219946e-04
9.473617e-04
9.730840e-04
9.990399e-04
1.025278e-03
1.051910e-03
1.078819e-03
1.105929e-03
1.133356e-03
1.161061e-03
1.189065e-03
1.217411e-03
1.246020e-03
1.274873e-03
1.303956e-03
1.333253e-03
1.362890e-03
1.392701e-03
1.422730e-03
1.453159e-03
1.483799e-03
1.514588e-03
1.545737e-03
1.577015e-03
1.608496e-03
1.640312e-03
1.672452e-03
1.704707e-03
1.737346e-03
1.770205e-03
1.803266e-03
1.836667e-03
1.870249e-03
1.903988e-03
1.938058e-03
1.972210e-03
2.006531e-03
2.041220e-03
2.076145e-03
2.111169e-03
2.146567e-03
2.182165e-03
2.217924e-03
2.254048e-03
2.290352e-03
2.326712e-03
2.363336e-03
2.400272e-03
2.437371e-03
2.474842e-03
2.512608e-03
2.550422e-03
2.588393e-03
2.626701e-03
2.665159e-03
2.703857e-03
2.742799e-03
2.781765e-03
2.820761e-03
2.859784e-03
2.898879e-03
2.937959e-03
2.977042e-03
3.016125e-03
3.055242e-03
3.094389e-03
3.133595e-03
3.172852e-03
3.212114e-03
3.251389e-03
3.290692e-03
3.329995e-03
3.369334e-03
3.408709e-03
3.448149e-03
3.487616e-03
3.523745e-03
3.559450e-03
3.596932e-03
3.633139e-03
3.669345e-03
3.704569e-03
3.739988e-03
3.774860e-03
3.808983e-03
3.842747e-03
3.875977e-03
3.904388e-03
3.934716e-03
3.960947e-03
3.989801e-03
4.016887e-03
4.046432e-03
4.076894e-03
4.108611e-03
4.141183e-03
4.174383e-03
4.207720e-03
4.240859e-03
4.274038e-03
4.307220e-03
4.340558e-03
4.373929e-03
4.407075e-03
4.439957e-03
4.472845e-03
4.505761e-03
4.538770e-03
4.571752e-03
4.604900e-03
4.638162e-03
4.671474e-03
4.704795e-03
4.738337e-03
4.771882e-03
4.804708e-03
4.836756e-03
4.867666e-03
4.897641e-03
4.926953e-03
4.955419e-03
4.983359e-03
5.010869e-03
5.037865e-03
5.064611e-03
5.090908e-03
5.117078e-03
5.142764e-03
5.168300e-03
5.193579e-03
5.218679e-03
5.243554e-03
5.268214e-03
5.292794e-03
5.317162e-03
5.341406e-03
5.365401e-03
5.389278e-03
5.412977e-03
5.436536e-03
5.460054e-03
5.483422e-03
5.506722e-03
5.529854e-03
5.552910e-03
5.575838e-03
5.598680e-03
5.621482e-03
5.644190e-03
5.666771e-03
5.689262e-03
5.711675e-03
5.734001e-03
5.756291e-03
5.778519e-03
5.800611e-03
5.822631e-03
5.844527e-03
5.866363e-03
5.888105e-03
5.909796e-03
5.931366e-03
5.952847e-03
5.974221e-03
5.995523e-03
6.016732e-03
6.037917e-03
6.059015e-03
6.080089e-03
6.101115e-03
6.122112e-03
6.143106e-03
6.164064e-03
6.185027e-03
6.205949e-03
6.226855e-03
6.247762e-03
6.268637e-03
6.289524e-03
6.310400e-03
6.331273e-03
6.352063e-03
6.372721e-03
6.393197e-03
6.413514e-03
6.433706e-03
6.453716e-03
6.473593e-03
6.493336e-03
6.512934e-03
6.532430e-03
6.551794e-03
6.571052e-03
6.590225e-03
6.609288e-03
6.628283e-03
6.647190e-03
6.666017e-03
6.684797e-03
6.703501e-03
6.722152e-03
6.740766e-03
6.759368e-03
6.777933e-03
6.796475e-03
6.814993e-03
6.833514e-03
6.852034e-03
6.870576e-03
6.889104e-03
6.907626e-03
6.926128e-03
6.944633e-03
6.963126e-03
6.981625e-03
7.000112e-03
7.018554e-03
7.036926e-03
7.055254e-03
7.073520e-03
7.091752e-03
7.109936e-03
7.128106e-03
7.146220e-03
7.164311e-03
7.182358e-03
7.200415e-03
7.218454e-03
7.236529e-03
7.254609e-03
7.272744e-03
7.290899e-03
7.309123e-03
7.327377e-03
7.345708e-03
7.364078e-03
7.382507e-03
7.400954e-03
7.419454e-03
7.437978e-03
7.456557e-03
7.475165e-03
7.493828e-03
7.512528e-03
7.531287e-03
7.550089e-03
7.568953e-03
7.587864e-03
7.606802e-03
7.625761e-03
7.644757e-03
7.663784e-03
7.682861e-03
7.701981e-03
7.721162e-03
7.740400e-03
7.759689e-03
7.779000e-03
7.798351e-03
7.817741e-03
7.837187e-03
7.856689e-03
7.876261e-03
7.895907e-03
7.915590e-03
7.935310e-03
7.955083e-03
7.974913e-03
7.994815e-03
8.014793e-03
8.034860e-03
8.054962e-03
8.075120e-03
8.095337e-03
8.115630e-03
8.136005e-03
8.156475e-03
8.177016e-03
8.197616e-03
8.218282e-03
8.239031e-03
8.259870e-03
8.280815e-03
8.301857e-03
8.322967e-03
8.344151e-03
8.365429e-03
8.386807e-03
8.408303e-03
8.429918e-03
8.451611e-03
8.473387e-03
8.495266e-03
8.517252e-03
8.539366e-03
8.561611e-03
8.583951e-03
8.606377e-03
8.628913e-03
8.651559e-03
8.674337e-03
8.697246e-03
8.720275e-03
8.743389e-03
8.766614e-03
8.789946e-03
8.813409e-03
8.836998e-03
8.860735e-03
8.884552e-03
8.908475e-03
8.932498e-03
8.956648e-03
8.980917e-03
9.005333e-03
9.029850e-03
9.054466e-03
9.079174e-03
9.104004e-03
9.128945e-03
9.154026e-03
9.179236e-03
9.204538e-03
9.229924e-03
9.255426e-03
9.281032e-03
9.306774e-03
9.332640e-03
9.358626e-03
9.384689e-03
9.410863e-03
9.437135e-03
9.463541e-03
9.490067e-03
9.516715e-03
9.543457e-03
9.570303e-03
9.597256e-03
9.624337e-03
9.651537e-03
9.678857e-03
9.706275e-03
9.733791e-03
9.761419e-03
9.789164e-03
9.817038e-03
9.845029e-03
9.873122e-03
9.901321e-03
9.929635e-03
9.958061e-03
9.986610e-03
1.001529e-02
1.004406e-02
1.007293e-02
1.010190e-02
1.013099e-02
1.016019e-02
1.018951e-02
1.021896e-02
1.024850e-02
1.027813e-02
1.030785e-02
1.033768e-02
1.036762e-02
1.039767e-02
1.042782e-02
1.045807e-02
1.048841e-02
1.051885e-02
1.054938e-02
1.058000e-02
1.061072e-02
1.064151e-02
1.067238e-02
1.070334e-02
1.073439e-02
1.076553e-02
1.079674e-02
1.082803e-02
1.085939e-02
1.089081e-02
1.092232e-02
1.095389e-02
1.098553e-02
1.101722e-02
1.104898e-02
1.108080e-02
1.111267e-02
1.114460e-02
1.117660e-02
1.120866e-02
1.124076e-02
1.127292e-02
1.130512e-02
1.133736e-02
1.136964e-02
1.140198e-02
1.143436e-02
1.146679e-02
1.149927e-02
1.153179e-02
1.156435e-02
1.159694e-02
1.162957e-02
1.166223e-02
1.169492e-02
1.172766e-02
1.176045e-02
1.179329e-02
1.182615e-02
1.185903e-02
1.189194e-02
1.192487e-02
1.195785e-02
1.199086e-02
1.202390e-02
1.205699e-02
1.209011e-02
1.212326e-02
1.215643e-02
1.218962e-02
1.222285e-02
1.225610e-02
1.228940e-02
1.232274e-02
1.235613e-02
1.238954e-02
1.242297e-02
1.245642e-02
1.248991e-02
1.252344e-02
1.255700e-02
1.259062e-02
1.262430e-02
1.265800e-02
1.269173e-02
1.272548e-02
1.275928e-02
1.279313e-02
1.282703e-02
1.286098e-02
1.289500e-02
1.292905e-02
1.296314e-02
1.299727e-02
1.303145e-02
1.306569e-02
1.310000e-02
1.313437e-02
1.316881e-02
1.320330e-02
1.323783e-02
1.327241e-02
1.330706e-02
1.334177e-02
1.337656e-02
1.341144e-02
1.344638e-02
1.348137e-02
1.351643e-02
1.355155e-02
1.358673e-02
1.362199e-02
1.365733e-02
1.369276e-02
1.372827e-02
1.376384e-02
1.379948e-02
1.383519e-02
1.387096e-02
1.390681e-02
1.394275e-02
1.397877e-02
1.401489e-02
1.405107e-02
1.408733e-02
1.412365e-02
1.416003e-02
1.419649e-02
1.423302e-02
1.426963e-02
1.430633e-02
1.434312e-02
1.437999e-02
1.441690e-02
1.445388e-02
1.449092e-02
1.452802e-02
1.456520e-02
1.460246e-02
1.463979e-02
1.467720e-02
1.471469e-02
1.475223e-02
1.478983e-02
1.482748e-02
1.486520e-02
1.490298e-02
1.494084e-02
1.497877e-02
1.501677e-02
1.505485e-02
1.509299e-02
1.513118e-02
1.516942e-02
1.520773e-02
1.524610e-02
1.528454e-02
1.532306e-02
1.536164e-02
1.540030e-02
1.543902e-02
1.547780e-02
1.551664e-02
1.555553e-02
1.559449e-02
1.563352e-02
1.567262e-02
1.571178e-02
1.575102e-02
1.579033e-02
1.582970e-02
1.586913e-02
1.590862e-02
1.594817e-02
1.598778e-02
1.602746e-02
1.606719e-02
1.610700e-02
1.614688e-02
1.618683e-02
1.622685e-02
1.626692e-02
1.630705e-02
1.634723e-02
1.638746e-02
1.642776e-02
1.646812e-02
1.650855e-02
1.654906e-02
1.658964e-02
1.663028e-02
1.667098e-02
1.671172e-02
1.675252e-02
1.679337e-02
1.683428e-02
1.687526e-02
1.691631e-02
1.695743e-02
1.699864e-02
1.703990e-02
1.708121e-02
1.712256e-02
1.716396e-02
1.720542e-02
1.724694e-02
1.728852e-02
1.733018e-02
1.737190e-02
1.741371e-02
1.745556e-02
1.749745e-02
1.753939e-02
1.758138e-02
1.762342e-02
1.766551e-02
1.770767e-02
1.774989e-02
1.779219e-02
1.783456e-02
1.787696e-02
1.791941e-02
1.796190e-02
1.800443e-02
1.804701e-02
1.808965e-02
1.813234e-02
1.817509e-02
1.821791e-02
1.826080e-02
1.830373e-02
1.834670e-02
1.838970e-02
1.843273e-02
1.847581e-02
1.851894e-02
1.856211e-02
1.860533e-02
1.864860e-02
1.869193e-02
1.873531e-02
1.877870e-02
1.882212e-02
1.886555e-02
1.890901e-02
1.895248e-02
1.899598e-02
1.903950e-02
1.908305e-02
1.912664e-02
1.917025e-02
1.921391e-02
1.925757e-02
1.930124e-02
1.934491e-02
1.938860e-02
1.943230e-02
1.947604e-02
1.951981e-02
1.956363e-02
1.960750e-02
1.965142e-02
1.969536e-02
1.973933e-02
1.978335e-02
1.982740e-02
1.987152e-02
1.991570e-02
1.995995e-02
2.000428e-02
2.004868e-02
2.009315e-02
2.013769e-02
2.018231e-02
2.022700e-02
2.027177e-02
2.031663e-02
2.036159e-02
2.040665e-02
2.045181e-02
2.049705e-02
2.054238e-02
2.058781e-02
2.063333e-02
2.067895e-02
2.072467e-02
2.077051e-02
2.081645e-02
2.086250e-02
2.090866e-02
2.095491e-02
2.100126e-02
2.104770e-02
2.109422e-02
2.114017e-02
2.118600e-02
2.123166e-02
2.127713e-02
2.132248e-02
2.136796e-02
2.141358e-02
2.145955e-02
2.150554e-02
2.155188e-02
2.159847e-02
2.164547e-02
2.169291e-02
2.174033e-02
2.178838e-02
2.183652e-02
2.188477e-02
2.193303e-02
2.198140e-02
2.202998e-02
2.207868e-02
2.212745e-02
2.217638e-02
2.222540e-02
2.227452e-02
2.232374e-02
2.237306e-02
2.242248e-02
2.247200e-02
2.252163e-02
2.257137e-02
2.262121e-02
2.267117e-02
2.272124e-02
2.277142e-02
2.282172e-02
2.287214e-02
2.292267e-02
2.297333e-02
2.302411e-02
2.307498e-02
2.312596e-02
2.317705e-02
2.322824e-02
2.327953e-02
2.333094e-02
2.338246e-02
2.343409e-02
2.348584e-02
2.353770e-02
2.358968e-02
2.364178e-02
2.369345e-02
2.374430e-02
2.379479e-02
2.384448e-02
2.389384e-02
2.394260e-02
2.399096e-02
2.403893e-02
2.408644e-02
2.413375e-02
2.418057e-02
2.422735e-02
2.427361e-02
2.431979e-02
2.436568e-02
2.441138e-02
2.445694e-02
2.450249e-02
2.454781e-02
2.459317e-02
2.463830e-02
2.468341e-02
2.472841e-02
2.477334e-02
2.481827e-02
2.486312e-02
2.490794e-02
2.495276e-02
2.499752e-02
2.504236e-02
2.508708e-02
2.513183e-02
2.517661e-02
2.522143e-02
2.526633e-02
2.531139e-02
2.535638e-02
2.540143e-02
2.544656e-02
2.549171e-02
2.553683e-02
2.558222e-02
2.562751e-02
2.567302e-02
2.571863e-02
2.576440e-02
2.581022e-02
2.585631e-02
2.590238e-02
2.594840e-02
2.599435e-02
2.604019e-02
2.608593e-02
2.613155e-02
2.617710e-02
2.622255e-02
2.626784e-02
2.631302e-02
2.635811e-02
2.640314e-02
2.644813e-02
2.649310e-02
2.653807e-02
2.658294e-02
2.662772e-02
2.667251e-02
2.671731e-02
2.676216e-02
2.680701e-02
2.685178e-02
2.689649e-02
2.694124e-02
2.698602e-02
2.703087e-02
2.707567e-02
2.712043e-02
2.716514e-02
2.720985e-02
2.725453e-02
2.729918e-02
2.734382e-02
2.738850e-02
2.743326e-02
2.747797e-02
2.752265e-02
2.756733e-02
2.761204e-02
2.765679e-02
2.770159e-02
2.774640e-02
2.779116e-02
2.783588e-02
2.788056e-02
2.792523e-02
2.797164e-02
2.801834e-02
2.806581e-02
2.811326e-02
2.816081e-02
2.820957e-02
2.825870e-02
2.830806e-02
2.835724e-02
2.840644e-02
2.845584e-02
2.850544e-02
2.855495e-02
2.860451e-02
2.865403e-02
2.870267e-02
2.875068e-02
2.879811e-02
2.884510e-02
2.889170e-02
2.893806e-02
2.898412e-02
2.903001e-02
2.907579e-02
2.912143e-02
2.916698e-02
2.921249e-02
2.925799e-02
2.930347e-02
2.934891e-02
2.939432e-02
2.943972e-02
2.948511e-02
2.953051e-02
2.957588e-02
2.962126e-02
2.966662e-02
2.971202e-02
2.975742e-02
2.980286e-02
2.984832e-02
2.989383e-02
2.993933e-02
2.998486e-02
3.003040e-02
3.007601e-02
3.012166e-02
3.016737e-02
3.021314e-02
3.025899e-02
3.030494e-02
3.035103e-02
3.039726e-02
3.044366e-02
3.049022e-02
3.053697e-02
3.058387e-02
3.063098e-02
3.067826e-02
3.072576e-02
3.077345e-02
3.082135e-02
3.086941e-02
3.091764e-02
3.096600e-02
3.101453e-02
3.106320e-02
3.111204e-02
3.116101e-02
3.121012e-02
3.125934e-02
3.130869e-02
3.134058e-02
3.137255e-02
3.140465e-02
3.143995e-02
3.147879e-02
3.152150e-02
3.155509e-02
3.158946e-02
3.162121e-02
3.165283e-02
3.168463e-02
3.171630e-02
3.174817e-02
3.177992e-02
3.181190e-02
3.184375e-02
3.187584e-02
3.190781e-02
3.194003e-02
3.197217e-02
3.200458e-02
3.203713e-02
3.206996e-02
3.210311e-02
3.213654e-02
3.217047e-02
3.220465e-02
3.223951e-02
3.227458e-02
3.231051e-02
3.234658e-02
3.238365e-02
3.242079e-02
3.245302e-02
3.248551e-02
3.251781e-02
3.255042e-02
3.258282e-02
3.261554e-02
3.264806e-02
3.268092e-02
3.271384e-02
3.274713e-02
3.278073e-02
3.281470e-02
3.284919e-02
3.288402e-02
3.291957e-02
3.295206e-02
3.298447e-02
3.301704e-02
3.304950e-02
3.308217e-02
3.311469e-02
3.314747e-02
3.318007e-02
3.321297e-02
3.324565e-02
3.327867e-02
3.331145e-02
3.334458e-02
3.337747e-02
3.341072e-02
3.344387e-02
3.347738e-02
3.351120e-02
3.354538e-02
3.358021e-02
3.361534e-02
3.365145e-02
3.368780e-02
3.372029e-02
3.375290e-02
3.378546e-02
3.381818e-02
3.385082e-02
3.388368e-02
3.391641e-02
3.394941e-02
3.398226e-02
3.401540e-02
3.404838e-02
3.408166e-02
3.411480e-02
3.414822e-02
3.418154e-02
3.421509e-02
3.424859e-02
3.428227e-02
3.431570e-02
3.434795e-02
3.438039e-02
3.441247e-02
3.444477e-02
3.447681e-02
3.450916e-02
3.454142e-02
3.457409e-02
3.460683e-02
3.464007e-02
3.467348e-02
3.470740e-02
3.474153e-02
3.477567e-02
3.481054e-02
3.484538e-02
3.488127e-02
3.491720e-02
3.495465e-02
3.499327e-02
3.502650e-02
3.506022e-02
3.509397e-02
3.512817e-02
3.516241e-02
3.519663e-02
3.523132e-02
3.526586e-02
3.530106e-02
3.533606e-02
3.537197e-02
3.540769e-02
3.544443e-02
3.548135e-02
3.551510e-02
3.554932e-02
3.558336e-02
3.561785e-02
3.565217e-02
3.568652e-02
3.572112e-02
3.575562e-02
3.579055e-02
3.582532e-02
3.586074e-02
3.589598e-02
3.592952e-02
3.596550e-02
3.599911e-02
3.603311e-02
3.606698e-02
3.610131e-02
3.613551e-02
3.616990e-02
3.620449e-02
3.623917e-02
3.627420e-02
3.630925e-02
3.634483e-02
3.638037e-02
3.641664e-02
3.645284e-02
3.648993e-02
3.652410e-02
3.656123e-02
3.659835e-02
3.663260e-02
3.666731e-02
3.670196e-02
3.673709e-02
3.677210e-02
3.680724e-02
3.684270e-02
3.687834e-02
3.691442e-02
3.695067e-02
3.698754e-02
3.702458e-02
3.706215e-02
3.709970e-02
3.713728e-02
3.717487e-02
3.720915e-02
3.724372e-02
3.727827e-02
3.731314e-02
3.734804e-02
3.738334e-02
3.741861e-02
3.745401e-02
3.748988e-02
3.752608e-02
3.756294e-02
3.760021e-02
3.763769e-02
3.767186e-02
3.770554e-02
3.773982e-02
3.777409e-02
3.780716e-02
3.784023e-02
3.787319e-02
3.790618e-02
3.793907e-02
3.797205e-02
3.800493e-02
3.803793e-02
3.807086e-02
3.810392e-02
3.813693e-02
3.817008e-02
3.820319e-02
3.823644e-02
3.826962e-02
3.830294e-02
3.833617e-02
3.836954e-02
3.840283e-02
3.843628e-02
3.846965e-02
3.850320e-02
3.853669e-02
3.857038e-02
3.860423e-02
3.863830e-02
3.867285e-02
3.870763e-02
3.874314e-02
3.877866e-02
3.881434e-02
3.885002e-02
3.888587e-02
3.891950e-02
3.895311e-02
3.898685e-02
3.902057e-02
3.905443e-02
3.908825e-02
3.912222e-02
3.915614e-02
3.919021e-02
3.922424e-02
3.925840e-02
3.929252e-02
3.932677e-02
3.936098e-02
3.939529e-02
3.942954e-02
3.946387e-02
3.949815e-02
3.953250e-02
3.956683e-02
3.960125e-02
3.963566e-02
3.967015e-02
3.970464e-02
3.973923e-02
3.977381e-02
3.980851e-02
3.984320e-02
3.987802e-02
3.991286e-02
3.994784e-02
3.998285e-02
4.001801e-02
4.005318e-02
4.008848e-02
4.012383e-02
4.015931e-02
4.019495e-02
4.023070e-02
4.026670e-02
4.030280e-02
4.033924e-02
4.037576e-02
4.041239e-02
4.044904e-02
4.048579e-02
4.052256e-02
4.055944e-02
4.059633e-02
4.063333e-02
4.067034e-02
4.070745e-02
4.074458e-02
4.078146e-02
4.081882e-02
4.085418e-02
4.088961e-02
4.092502e-02
4.096049e-02
4.099591e-02
4.103142e-02
4.106687e-02
4.110243e-02
4.113793e-02
4.117356e-02
4.120915e-02
4.124487e-02
4.128056e-02
4.131639e-02
4.135221e-02
4.138817e-02
4.142414e-02
4.146023e-02
4.149635e-02
4.153258e-02
4.156886e-02
4.160522e-02
4.164164e-02
4.167811e-02
4.171464e-02
4.175120e-02
4.178782e-02
4.182445e-02
4.186115e-02
4.189783e-02
4.193458e-02
4.197129e-02
4.200810e-02
4.204484e-02
4.208169e-02
4.211846e-02
4.215535e-02
4.219216e-02
4.222909e-02
4.226592e-02
4.230289e-02
4.233976e-02
4.237679e-02
4.241369e-02
4.245075e-02
4.248768e-02
4.252479e-02
4.256173e-02
4.259887e-02
4.263582e-02
4.267299e-02
4.270993e-02
4.274713e-02
4.278403e-02
4.282126e-02
4.285786e-02
4.289479e-02
4.293146e-02
4.296855e-02
4.300547e-02
4.304286e-02
4.308009e-02
4.311779e-02
4.315528e-02
4.319282e-02
4.323052e-02
4.326814e-02
4.330599e-02
4.334369e-02
4.338166e-02
4.341941e-02
4.345744e-02
4.349521e-02
4.353327e-02
4.357103e-02
4.360912e-02
4.364686e-02
4.368449e-02
4.372193e-02
4.375981e-02
4.379769e-02
4.383645e-02
4.387500e-02
4.391444e-02
4.395361e-02
4.399381e-02
4.403265e-02
4.407112e-02
4.410945e-02
4.414797e-02
4.418668e-02
4.422379e-02
4.426139e-02
4.429881e-02
4.433670e-02
4.437432e-02
4.441240e-02
4.445013e-02
4.448830e-02
4.452607e-02
4.456426e-02
4.460203e-02
4.464022e-02
4.467796e-02
4.471609e-02
4.475373e-02
4.479169e-02
4.482917e-02
4.486661e-02
4.490404e-02
4.494144e-02
4.497896e-02
4.501648e-02
4.505422e-02
4.509189e-02
4.512993e-02
4.516772e-02
4.520602e-02
4.524394e-02
4.528232e-02
4.532035e-02
4.535884e-02
4.539696e-02
4.543554e-02
4.547373e-02
4.551238e-02
4.555062e-02
4.558789e-02
4.562561e-02
4.566292e-02
4.570070e-02
4.573804e-02
4.577591e-02
4.581327e-02
4.585113e-02
4.588851e-02
4.592640e-02
4.596388e-02
4.600188e-02
4.603952e-02
4.607769e-02
4.611552e-02
4.615388e-02
4.619192e-02
4.623046e-02
4.626869e-02
4.630741e-02
4.634581e-02
4.638421e-02
4.642277e-02
4.646124e-02
4.649990e-02
4.653843e-02
4.657716e-02
4.661576e-02
4.665454e-02
4.669320e-02
4.673205e-02
4.677076e-02
4.680966e-02
4.684842e-02
4.688736e-02
4.692618e-02
4.696516e-02
4.700402e-02
4.704303e-02
4.708193e-02
4.712097e-02
4.715990e-02
4.719897e-02
4.723793e-02
4.727702e-02
4.731601e-02
4.735511e-02
4.739407e-02
4.743318e-02
4.747209e-02
4.751119e-02
4.755004e-02
4.758907e-02
4.762787e-02
4.766682e-02
4.770558e-02
4.774454e-02
4.778351e-02
4.782261e-02
4.786155e-02
4.790059e-02
4.793952e-02
4.797851e-02
4.801744e-02
4.805634e-02
4.809518e-02
4.813397e-02
4.817268e-02
4.821132e-02
4.824987e-02
4.828837e-02
4.832677e-02
4.836513e-02
4.840341e-02
4.844164e-02
4.847980e-02
4.851793e-02
4.855600e-02
4.859405e-02
4.863203e-02
4.867000e-02
4.870792e-02
4.874582e-02
4.878368e-02
4.882153e-02
4.885934e-02
4.889714e-02
4.893491e-02
4.897268e-02
4.901362e-02
4.905486e-02
4.909633e-02
4.913765e-02
4.917892e-02
4.922042e-02
4.926208e-02
4.930400e-02
4.934608e-02
4.938835e-02
4.943073e-02
4.947309e-02
4.951546e-02
4.955798e-02
4.960064e-02
4.964339e-02
4.968623e-02
4.972924e-02
4.977237e-02
4.981559e-02
4.985893e-02
4.990237e-02
4.994541e-02
4.998922e-02
5.003187e-02
5.007523e-02
5.011712e-02
5.015926e-02
5.020115e-02
5.024363e-02
5.028529e-02
5.032747e-02
5.036894e-02
5.041105e-02
5.045232e-02
5.049420e-02
5.053527e-02
5.057692e-02
5.061776e-02
5.065922e-02
5.069994e-02
5.074130e-02
5.078196e-02
5.082325e-02
5.086384e-02
5.090506e-02
5.094557e-02
5.098670e-02
5.102714e-02
5.106816e-02
5.110850e-02
5.114946e-02
5.118978e-02
5.123077e-02
5.127112e-02
5.131209e-02
5.135238e-02
5.139323e-02
5.143349e-02
5.147417e-02
5.151442e-02
5.155497e-02
5.159518e-02
5.163561e-02
5.167579e-02
5.171599e-02
5.175581e-02
5.179568e-02
5.183540e-02
5.187495e-02
5.191423e-02
5.195381e-02
5.199326e-02
5.203252e-02
5.207132e-02
5.210981e-02
5.214785e-02
5.218564e-02
5.222307e-02
5.226035e-02
5.229735e-02
5.233426e-02
5.237097e-02
5.240762e-02
5.244412e-02
5.248059e-02
5.251693e-02
5.255325e-02
5.258948e-02
5.262570e-02
5.266183e-02
5.270157e-02
5.274322e-02
5.278532e-02
5.282626e-02
5.286763e-02
5.290804e-02
5.294872e-02
5.298862e-02
5.302860e-02
5.306797e-02
5.310736e-02
5.314630e-02
5.318512e-02
5.322345e-02
5.326137e-02
5.329871e-02
5.333576e-02
5.337251e-02
5.340906e-02
5.344531e-02
5.348141e-02
5.351727e-02
5.355303e-02
5.358860e-02
5.362412e-02
5.365948e-02
5.369481e-02
5.373002e-02
5.376876e-02
5.380881e-02
5.384911e-02
5.388841e-02
5.392782e-02
5.396645e-02
5.400501e-02
5.404299e-02
5.408077e-02
5.411799e-02
5.415476e-02
5.419092e-02
5.422678e-02
5.426231e-02
5.429766e-02
5.433270e-02
5.436763e-02
5.440233e-02
5.443696e-02
5.447142e-02
5.450933e-02
5.454362e-02
5.458134e-02
5.461986e-02
5.465840e-02
5.469616e-02
5.473377e-02
5.477078e-02
5.480723e-02
5.484295e-02
5.487829e-02
5.491322e-02
5.494791e-02
5.498227e-02
5.501649e-02
5.505047e-02
5.508436e-02
5.511809e-02
5.515520e-02
5.518876e-02
5.522567e-02
5.526297e-02
5.530017e-02
5.533669e-02
5.537300e-02
5.540879e-02
5.544415e-02
5.547896e-02
5.551344e-02
5.554750e-02
5.558136e-02
5.561494e-02
5.564842e-02
5.568171e-02
5.571833e-02
5.575145e-02
5.578788e-02
5.582431e-02
5.586058e-02
5.589627e-02
5.593145e-02
5.596596e-02
5.600014e-02
5.603393e-02
5.606752e-02
5.610085e-02
5.613408e-02
5.616715e-02
5.620352e-02
5.623642e-02
5.627262e-02
5.630545e-02
5.634155e-02
5.637711e-02
5.641215e-02
5.644654e-02
5.648059e-02
5.651426e-02
5.654774e-02
5.658096e-02
5.661409e-02
5.664706e-02
5.668333e-02
5.671615e-02
5.675226e-02
5.678502e-02
5.682092e-02
5.685629e-02
5.689117e-02
5.692542e-02
5.695936e-02
5.699294e-02
5.702634e-02
5.705950e-02
5.709257e-02
5.712550e-02
5.716171e-02
5.719451e-02
5.723058e-02
5.726331e-02
5.729902e-02
5.733423e-02
5.736902e-02
5.740328e-02
5.743723e-02
5.747080e-02
5.750419e-02
5.753735e-02
5.757182e-02
5.760475e-02
5.763927e-02
5.767208e-02
5.770664e-02
5.773940e-02
5.777401e-02
5.780842e-02
5.784258e-02
5.787633e-02
5.790989e-02
5.794316e-02
5.797635e-02
5.800937e-02
5.804418e-02
5.807706e-02
5.811192e-02
5.814473e-02
5.817964e-02
5.821440e-02
5.824937e-02
5.828374e-02
5.831779e-02
5.835149e-02
5.838501e-02
5.841828e-02
5.845216e-02
5.848520e-02
5.851897e-02
5.855189e-02
5.858549e-02
5.861835e-02
5.865174e-02
5.868532e-02
5.871843e-02
5.875178e-02
5.878457e-02
5.881771e-02
5.885046e-02
5.888368e-02
5.891681e-02
5.894892e-02
5.898071e-02
5.901220e-02
5.904443e-02
5.907695e-02
5.910914e-02
5.914163e-02
5.917389e-02
5.920643e-02
5.923883e-02
5.927109e-02
5.930392e-02
5.933672e-02
5.936786e-02
5.940089e-02
5.943220e-02
5.946361e-02
5.949552e-02
5.952726e-02
5.956045e-02
5.959402e-02
5.962877e-02
5.965974e-02
5.969095e-02
5.972244e-02
5.975472e-02
5.978507e-02
5.981537e-02
5.984580e-02
5.987639e-02
5.990737e-02
5.993901e-02
5.996894e-02
5.999889e-02
6.002904e-02
6.005940e-02
6.009016e-02
6.012111e-02
6.015090e-02
6.018061e-02
6.021040e-02
6.024033e-02
6.027062e-02
6.030128e-02
6.033072e-02
6.036012e-02
6.038962e-02
6.041936e-02
6.044951e-02
6.048010e-02
6.050935e-02
6.053880e-02
6.056833e-02
6.059789e-02
6.062769e-02
6.065782e-02
6.068685e-02
6.071602e-02
6.074524e-02
6.077450e-02
6.080404e-02
6.083395e-02
6.086274e-02
6.089171e-02
6.092076e-02
6.094988e-02
6.097931e-02
6.100911e-02
6.103774e-02
6.106656e-02
6.109546e-02
6.112441e-02
6.115366e-02
6.118328e-02
6.121176e-02
6.124042e-02
6.126917e-02
6.129801e-02
6.132719e-02
6.135676e-02
6.138511e-02
6.141367e-02
6.144234e-02
6.147111e-02
6.150024e-02
6.152979e-02
6.155803e-02
6.158649e-02
6.161509e-02
6.164382e-02
6.167186e-02
6.170001e-02
6.172817e-02
6.175640e-02
6.178487e-02
6.181373e-02
6.184162e-02
6.186969e-02
6.189787e-02
6.192619e-02
6.195488e-02
6.198401e-02
6.201190e-02
6.204004e-02
6.206832e-02
6.209677e-02
6.212454e-02
6.215243e-02
6.218034e-02
6.220837e-02
6.223669e-02
6.226544e-02
6.229314e-02
6.232106e-02
6.234911e-02
6.237734e-02
6.240497e-02
6.243271e-02
6.246048e-02
6.248839e-02
6.251663e-02
6.254533e-02
6.257296e-02
6.260084e-02
6.262886e-02
6.265710e-02
6.268473e-02
6.271250e-02
6.274030e-02
6.276828e-02
6.279662e-02
6.282549e-02
6.285322e-02
6.288122e-02
6.290938e-02
6.293781e-02
6.296558e-02
6.299351e-02
6.302150e-02
6.304968e-02
6.307828e-02
6.310746e-02
6.313540e-02
6.316363e-02
6.319204e-02
6.322075e-02
6.324874e-02
6.327691e-02
6.330514e-02
6.333356e-02
6.336244e-02
6.339194e-02
6.342008e-02
6.344837e-02
6.347700e-02
6.350615e-02
6.353425e-02
6.356262e-02
6.359113e-02
6.361988e-02
6.364803e-02
6.367633e-02
6.370468e-02
6.373318e-02
6.376200e-02
6.379136e-02
6.381960e-02
6.384811e-02
6.387675e-02
6.390559e-02
6.393492e-02
6.396437e-02
6.399286e-02
6.402143e-02
6.405028e-02
6.407960e-02
6.410817e-02
6.413896e-02
6.416778e-02
6.419672e-02
6.422599e-02
6.425524e-02
6.428428e-02
6.431561e-02
6.434478e-02
6.437402e-02
6.440354e-02
6.443353e-02
6.446369e-02
6.449382e-02
6.452367e-02
6.455344e-02
6.458327e-02
6.461349e-02
6.464422e-02
6.467553e-02
6.470674e-02
6.473753e-02
6.476807e-02
6.479887e-02
6.482994e-02
6.486150e-02
6.489354e-02
6.492603e-02
6.495776e-02
6.498970e-02
6.502156e-02
6.505383e-02
6.508636e-02
6.511933e-02
6.515252e-02
6.518606e-02
6.521963e-02
6.525323e-02
6.528691e-02
6.532058e-02
6.535455e-02
6.538829e-02
6.542233e-02
6.545613e-02
6.549024e-02
6.552411e-02
6.555829e-02
6.559223e-02
6.562646e-02
6.566047e-02
6.569477e-02
6.572884e-02
6.576319e-02
6.579732e-02
6.583174e-02
6.586593e-02
6.590040e-02
6.593466e-02
6.596918e-02
6.600349e-02
6.603807e-02
6.607244e-02
6.610707e-02
6.614150e-02
6.617618e-02
6.621067e-02
6.624539e-02
6.627994e-02
6.631471e-02
6.634931e-02
6.638412e-02
6.641878e-02
6.645364e-02
6.648835e-02
6.652325e-02
6.655800e-02
6.659295e-02
6.662775e-02
6.666274e-02
6.669759e-02
6.673261e-02
6.676751e-02
6.680257e-02
6.683752e-02
6.687260e-02
6.690753e-02
6.694189e-02
6.697689e-02
6.701155e-02
6.704675e-02
6.708177e-02
6.711725e-02
6.715263e-02
6.718846e-02
6.722413e-02
6.726032e-02
6.729611e-02
6.733250e-02
6.736831e-02
6.740467e-02
6.744044e-02
6.747672e-02
6.751241e-02
6.754859e-02
6.758419e-02
6.762024e-02
6.765573e-02
6.769164e-02
6.772702e-02
6.776278e-02
6.779805e-02
6.783367e-02
6.786882e-02
6.790429e-02
6.793933e-02
6.797466e-02
6.800959e-02
6.804479e-02
6.807962e-02
6.811471e-02
6.814947e-02
6.818527e-02
6.822012e-02
6.825614e-02
6.829124e-02
6.832737e-02
6.836280e-02
6.839911e-02
6.843490e-02
6.847148e-02
6.850766e-02
6.854454e-02
6.858112e-02
6.861832e-02
6.865530e-02
6.869287e-02
6.873011e-02
6.876802e-02
6.880544e-02
6.884364e-02
6.888124e-02
6.891966e-02
6.895744e-02
6.899590e-02
6.903389e-02
6.907235e-02
6.911058e-02
6.914905e-02
6.918763e-02
6.922611e-02
6.926487e-02
6.930332e-02
6.934207e-02
6.938051e-02
6.941926e-02
6.945770e-02
6.949643e-02
6.953486e-02
6.957357e-02
6.961197e-02
6.965067e-02
6.968906e-02
6.972775e-02
6.976613e-02
6.980483e-02
6.984320e-02
6.988186e-02
6.992020e-02
6.995882e-02
6.999713e-02
7.003575e-02
7.007404e-02
7.011264e-02
7.015092e-02
7.018952e-02
7.022779e-02
7.026636e-02
7.030462e-02
7.034317e-02
7.038140e-02
7.041994e-02
7.045815e-02
7.049669e-02
7.053490e-02
7.057345e-02
7.061166e-02
7.065021e-02
7.068843e-02
7.072699e-02
7.076522e-02
7.080379e-02
7.084203e-02
7.088061e-02
7.091887e-02
7.095745e-02
7.099572e-02
7.103433e-02
7.107261e-02
7.111124e-02
7.114955e-02
7.118820e-02
7.122653e-02
7.126522e-02
7.130175e-02
7.133826e-02
7.137482e-02
7.141136e-02
7.144795e-02
7.148452e-02
7.152113e-02
7.155772e-02
7.159437e-02
7.163103e-02
7.166772e-02
7.170439e-02
7.174113e-02
7.177786e-02
7.181461e-02
7.185135e-02
7.188814e-02
7.192495e-02
7.196176e-02
7.199856e-02
7.203542e-02
7.207228e-02
7.210916e-02
7.214602e-02
7.218294e-02
7.221987e-02
7.225681e-02
7.229374e-02
7.233073e-02
7.236773e-02
7.240473e-02
7.244173e-02
7.247878e-02
7.251584e-02
7.255290e-02
7.258998e-02
7.262704e-02
7.266410e-02
7.270117e-02
7.273823e-02
7.277529e-02
7.281234e-02
7.284940e-02
7.288646e-02
7.292355e-02
7.296065e-02
7.299778e-02
7.303493e-02
7.307212e-02
7.310936e-02
7.314668e-02
7.318408e-02
7.322162e-02
7.325929e-02
7.329714e-02
7.333514e-02
7.337341e-02
7.341188e-02
7.345046e-02
7.348907e-02
7.352832e-02
7.356805e-02
7.360806e-02
7.364460e-02
7.368089e-02
7.371701e-02
7.375323e-02
7.378948e-02
7.382588e-02
7.386234e-02
7.389890e-02
7.393549e-02
7.397213e-02
7.400878e-02
7.404518e-02
7.408145e-02
7.411783e-02
7.415426e-02
7.419082e-02
7.422745e-02
7.426408e-02
7.430074e-02
7.433749e-02
7.437432e-02
7.441121e-02
7.444817e-02
7.448520e-02
7.452235e-02
7.456026e-02
7.459907e-02
7.463904e-02
7.467452e-02
7.471019e-02
7.474598e-02
7.478197e-02
7.481809e-02
7.485402e-02
7.488985e-02
7.492583e-02
7.496192e-02
7.499820e-02
7.503461e-02
7.507105e-02
7.510755e-02
7.514420e-02
7.518097e-02
7.521782e-02
7.525478e-02
7.529184e-02
7.532906e-02
7.536639e-02
7.540392e-02
7.544276e-02
7.547823e-02
7.551381e-02
7.554945e-02
7.558531e-02
7.562130e-02
7.565748e-02
7.569380e-02
7.573004e-02
7.576626e-02
7.580266e-02
7.583919e-02
7.587584e-02
7.591261e-02
7.594953e-02
7.598662e-02
7.602383e-02
7.606121e-02
7.609873e-02
7.613644e-02
7.617429e-02
7.621059e-02
7.624648e-02
7.628214e-02
7.631792e-02
7.635378e-02
7.638990e-02
7.642617e-02
7.646266e-02
7.649930e-02
7.653593e-02
7.657260e-02
7.660945e-02
7.664645e-02
7.668356e-02
7.672080e-02
7.675817e-02
7.679574e-02
7.683344e-02
7.687137e-02
7.690943e-02
7.694591e-02
7.698200e-02
7.701788e-02
7.705388e-02
7.708996e-02
7.712629e-02
7.716279e-02
7.719951e-02
7.723638e-02
7.727323e-02
7.731011e-02
7.734719e-02
7.738445e-02
7.742182e-02
7.745936e-02
7.749704e-02
7.753493e-02
7.757297e-02
7.761125e-02
7.764967e-02
7.768640e-02
7.772274e-02
7.775887e-02
7.779515e-02
7.783151e-02
7.786814e-02
7.790494e-02
7.794198e-02
7.797918e-02
7.801636e-02
7.805359e-02
7.809101e-02
7.812863e-02
7.816636e-02
7.820426e-02
7.824231e-02
7.828057e-02
7.831897e-02
7.835762e-02
7.839642e-02
7.843346e-02
7.847012e-02
7.850657e-02
7.854316e-02
7.857985e-02
7.861679e-02
7.865391e-02
7.869126e-02
7.872879e-02
7.876627e-02
7.880378e-02
7.884149e-02
7.887938e-02
7.891739e-02
7.895558e-02
7.899390e-02
7.903244e-02
7.907112e-02
7.911004e-02
7.914910e-02
7.918637e-02
7.922326e-02
7.925993e-02
7.929674e-02
7.933364e-02
7.937079e-02
7.940811e-02
7.944566e-02
7.948339e-02
7.952107e-02
7.955878e-02
7.959669e-02
7.963478e-02
7.967301e-02
7.971140e-02
7.974995e-02
7.978872e-02
7.982763e-02
7.986681e-02
7.990590e-02
7.994332e-02
7.998036e-02
8.001719e-02
8.005416e-02
8.009122e-02
8.012855e-02
8.016606e-02
8.020381e-02
8.024173e-02
8.027961e-02
8.031755e-02
8.035569e-02
8.039402e-02
8.043247e-02
8.047109e-02
8.050985e-02
8.054884e-02
8.058796e-02
8.062735e-02
8.066653e-02
8.070414e-02
8.074137e-02
8.077838e-02
8.081554e-02
8.085278e-02
8.089030e-02
8.092798e-02
8.096591e-02
8.100401e-02
8.104206e-02
8.108013e-02
8.111840e-02
8.115684e-02
8.119539e-02
8.123409e-02
8.127294e-02
8.131197e-02
8.135112e-02
8.139046e-02
8.142977e-02
8.146944e-02
8.150876e-02
8.154597e-02
8.158328e-02
8.162067e-02
8.165827e-02
8.169604e-02
8.173404e-02
8.177222e-02
8.181022e-02
8.184814e-02
8.188624e-02
8.192449e-02
8.196293e-02
8.200154e-02
8.204017e-02
8.207887e-02
8.211767e-02
8.215661e-02
8.219563e-02
8.223479e-02
8.227404e-02
8.231343e-02
8.235290e-02
8.239370e-02
8.243319e-02
8.247064e-02
8.250829e-02
8.254609e-02
8.258370e-02
8.262120e-02
8.265889e-02
8.269670e-02
8.273475e-02
8.277296e-02
8.281133e-02
8.284983e-02
8.288823e-02
8.292662e-02
8.296512e-02
8.300373e-02
8.304236e-02
8.308105e-02
8.311979e-02
8.315862e-02
8.319752e-02
8.323653e-02
8.327559e-02
8.331475e-02
8.335460e-02
8.339509e-02
8.343480e-02
8.347611e-02
8.351582e-02
8.355379e-02
8.359152e-02
8.362910e-02
8.366683e-02
8.370463e-02
8.374264e-02
8.378076e-02
8.381909e-02
8.385753e-02
8.389612e-02
8.393480e-02
8.397313e-02
8.401129e-02
8.404960e-02
8.408801e-02
8.412662e-02
8.416536e-02
8.420424e-02
8.424322e-02
8.428212e-02
8.432102e-02
8.436005e-02
8.439920e-02
8.443839e-02
8.447767e-02
8.451766e-02
8.455832e-02
8.459831e-02
8.463966e-02
8.467966e-02
8.471783e-02
8.475565e-02
8.479329e-02
8.483106e-02
8.486890e-02
8.490696e-02
8.494516e-02
8.498356e-02
8.502210e-02
8.506080e-02
8.509961e-02
8.513813e-02
8.517647e-02
8.521496e-02
8.525353e-02
8.529230e-02
8.533119e-02
8.537021e-02
8.540932e-02
8.544833e-02
8.548734e-02
8.552646e-02
8.556567e-02
8.560490e-02
8.564419e-02
8.568401e-02
8.572443e-02
8.576502e-02
8.580570e-02
8.584642e-02
8.588464e-02
8.592256e-02
8.596030e-02
8.599814e-02
8.603605e-02
8.607415e-02
8.611238e-02
8.615079e-02
8.618934e-02
8.622803e-02
8.626680e-02
8.630521e-02
8.634343e-02
8.638178e-02
8.642019e-02
8.645879e-02
8.649748e-02
8.653631e-02
8.657519e-02
8.661414e-02
8.665312e-02
8.669193e-02
8.673066e-02
8.676951e-02
8.680843e-02
8.684746e-02
8.688658e-02
8.692622e-02
8.696634e-02
8.700693e-02
8.704781e-02
8.708879e-02
8.712982e-02
8.717086e-02
8.720940e-02
8.724754e-02
8.728543e-02
8.732340e-02
8.736139e-02
8.739957e-02
8.743784e-02
8.747631e-02
8.751489e-02
8.755359e-02
8.759236e-02
8.763073e-02
8.766886e-02
8.770714e-02
8.774547e-02
8.778399e-02
8.782261e-02
8.786137e-02
8.790018e-02
8.793905e-02
8.797795e-02
8.801668e-02
8.805533e-02
8.809409e-02
8.813293e-02
8.817187e-02
8.821089e-02
8.824990e-02
8.828891e-02
8.832860e-02
8.836879e-02
8.840931e-02
8.845003e-02
8.849095e-02
8.853196e-02
8.857295e-02
8.861391e-02
8.865506e-02
8.869350e-02
8.873205e-02
8.877063e-02
8.880941e-02
8.884833e-02
8.888743e-02
8.892666e-02
8.896558e-02
8.900433e-02
8.904322e-02
8.908218e-02
8.912133e-02
8.916058e-02
8.919997e-02
8.923943e-02
8.927896e-02
8.931853e-02
8.935787e-02
8.939711e-02
8.943648e-02
8.947592e-02
8.951551e-02
8.955518e-02
8.959494e-02
8.963475e-02
8.967447e-02
8.971416e-02
8.975395e-02
8.979381e-02
8.983427e-02
8.987516e-02
8.991630e-02
8.995758e-02
8.999905e-02
9.004060e-02
9.008217e-02
9.012373e-02
9.016616e-02
9.020939e-02
9.025319e-02
9.029347e-02
9.033394e-02
9.037455e-02
9.041485e-02
9.045497e-02
9.049524e-02
9.053558e-02
9.057613e-02
9.061678e-02
9.065761e-02
9.069850e-02
9.073951e-02
9.078059e-02
9.082132e-02
9.086184e-02
9.090250e-02
9.094322e-02
9.098412e-02
9.102509e-02
9.106619e-02
9.110734e-02
9.114854e-02
9.118975e-02
9.123075e-02
9.127165e-02
9.131267e-02
9.135375e-02
9.139496e-02
9.143623e-02
9.147757e-02
9.151895e-02
9.156017e-02
9.160132e-02
9.164256e-02
9.168386e-02
9.172570e-02
9.176790e-02
9.181040e-02
9.185303e-02
9.189583e-02
9.193868e-02
9.198156e-02
9.202440e-02
9.206772e-02
9.211161e-02
9.215602e-02
9.220072e-02
9.224535e-02
9.228986e-02
9.233525e-02
9.237723e-02
9.241937e-02
9.246157e-02
9.250398e-02
9.254654e-02
9.258931e-02
9.263220e-02
9.267472e-02
9.271701e-02
9.275944e-02
9.280133e-02
9.284401e-02
9.288678e-02
9.292833e-02
9.297064e-02
9.301220e-02
9.305414e-02
9.309572e-02
9.313772e-02
9.317931e-02
9.322135e-02
9.326296e-02
9.330505e-02
9.334666e-02
9.338879e-02
9.343042e-02
9.347259e-02
9.351462e-02
9.355730e-02
9.359936e-02
9.364222e-02
9.368517e-02
9.372809e-02
9.377098e-02
9.381386e-02
9.385674e-02
9.389960e-02
9.394254e-02
9.398537e-02
9.402832e-02
9.407130e-02
9.411426e-02
9.415719e-02
9.420011e-02
9.424302e-02
9.428597e-02
9.432895e-02
9.437192e-02
9.441487e-02
9.445780e-02
9.450071e-02
9.454361e-02
9.458650e-02
9.462944e-02
9.467240e-02
9.471553e-02
9.475881e-02
9.480219e-02
9.484559e-02
9.488904e-02
9.493248e-02
9.497590e-02
9.501927e-02
9.506259e-02
9.510586e-02
9.514942e-02
9.519319e-02
9.523709e-02
9.528102e-02
9.532497e-02
9.536888e-02
9.541274e-02
9.545651e-02
9.550070e-02
9.554518e-02
9.558882e-02
9.563324e-02
9.567689e-02
9.572132e-02
9.576497e-02
9.580951e-02
9.585532e-02
9.590111e-02
9.594682e-02
9.599236e-02
9.603866e-02
9.608578e-02
9.613351e-02
9.617697e-02
9.622025e-02
9.626341e-02
9.630671e-02
9.635007e-02
9.639361e-02
9.643723e-02
9.648092e-02
9.652473e-02
9.656843e-02
9.661220e-02
9.665590e-02
9.669990e-02
9.674361e-02
9.678762e-02
9.683134e-02
9.687525e-02
9.691897e-02
9.696280e-02
9.700652e-02
9.705049e-02
9.709421e-02
9.713812e-02
9.718186e-02
9.722568e-02
9.726947e-02
9.731323e-02
9.735707e-02
9.740097e-02
9.744483e-02
9.748863e-02
9.753243e-02
9.757619e-02
9.761993e-02
9.766364e-02
9.770742e-02
9.775126e-02
9.779508e-02
9.783887e-02
9.788262e-02
9.792634e-02
9.797003e-02
9.801370e-02
9.805743e-02
9.810122e-02
9.814498e-02
9.818873e-02
9.823243e-02
9.827611e-02
9.831977e-02
9.836340e-02
9.840709e-02
9.845083e-02
9.849454e-02
9.853823e-02
9.858190e-02
9.862553e-02
9.866915e-02
9.871275e-02
9.875641e-02
9.880011e-02
9.884379e-02
9.888746e-02
9.893110e-02
9.897471e-02
9.901831e-02
9.906190e-02
9.910554e-02
9.914923e-02
9.919289e-02
9.923655e-02
9.928018e-02
9.932378e-02
9.936738e-02
9.941095e-02
9.945459e-02
9.949827e-02
9.954193e-02
9.958559e-02
9.963360e-02
9.967721e-02
9.972517e-02
9.976875e-02
9.981238e-02
9.985607e-02
9.989973e-02
9.994339e-02
9.999141e-02
1.000350e-01
1.000830e-01
1.001266e-01
1.001702e-01
1.002139e-01
1.002619e-01
1.003056e-01
1.003536e-01
1.003972e-01
1.004417e-01
1.004853e-01
1.005289e-01
1.005726e-01
1.006171e-01
1.006607e-01
1.007052e-01
1.007488e-01
1.007925e-01
1.008362e-01
1.008806e-01
1.009243e-01
1.009687e-01
1.010124e-01
1.010560e-01
1.010997e-01
1.011441e-01
1.011878e-01
1.012321e-01
1.012758e-01
1.013194e-01
1.013631e-01
1.014091e-01
1.014527e-01
1.015007e-01
1.015500e-01
1.015991e-01
1.016427e-01
1.016907e-01
1.017398e-01
1.017886e-01
1.018376e-01
1.018758e-01
1.019141e-01
1.019525e-01
1.019911e-01
1.020297e-01
1.020685e-01
1.021075e-01
1.021465e-01
1.021857e-01
1.022249e-01
1.022644e-01
1.023039e-01
1.023437e-01
1.023835e-01
1.024235e-01
1.024636e-01
1.025040e-01
1.025444e-01
1.025846e-01
1.026253e-01
1.026663e-01
1.027074e-01
1.027481e-01
1.027894e-01
1.028305e-01
1.028722e-01
1.029137e-01
1.029559e-01
1.029978e-01
1.030405e-01
1.030829e-01
1.031260e-01
1.031689e-01
1.032126e-01
1.032565e-01
1.033004e-01
1.033446e-01
1.033890e-01
1.034336e-01
1.034784e-01
1.035236e-01
1.035691e-01
1.036150e-01
1.036612e-01
1.037079e-01
1.037547e-01
1.038020e-01
1.038494e-01
1.038973e-01
1.039453e-01
1.039932e-01
1.040410e-01
1.040876e-01
1.041329e-01
1.041775e-01
1.042211e-01
1.042657e-01
1.043109e-01
1.043563e-01
1.044011e-01
1.044452e-01
1.044885e-01
1.045312e-01
1.045733e-01
1.046150e-01
1.046562e-01
1.046973e-01
1.047380e-01
1.047786e-01
1.048190e-01
1.048593e-01
1.048997e-01
1.049400e-01
1.049801e-01
1.050203e-01
1.050603e-01
1.051003e-01
1.051402e-01
1.051801e-01
1.052199e-01
1.052598e-01
1.052996e-01
1.053433e-01
1.053900e-01
1.054374e-01
1.054833e-01
1.055300e-01
1.055754e-01
1.056215e-01
1.056664e-01
1.057118e-01
1.057562e-01
1.058010e-01
1.058451e-01
1.058895e-01
1.059332e-01
1.059773e-01
1.060208e-01
1.060646e-01
1.061081e-01
1.061518e-01
1.061952e-01
1.062388e-01
1.062820e-01
1.063250e-01
1.063674e-01
1.064103e-01
1.064531e-01
1.064960e-01
1.065386e-01
1.065817e-01
1.066250e-01
1.066682e-01
1.067111e-01
1.067537e-01
1.067959e-01
1.068378e-01
1.068794e-01
1.069208e-01
1.069620e-01
1.070030e-01
1.070439e-01
1.070847e-01
1.071253e-01
1.071659e-01
1.072064e-01
1.072469e-01
1.072873e-01
1.073277e-01
1.073680e-01
1.074084e-01
1.074486e-01
1.074889e-01
1.075291e-01
1.075694e-01
1.076096e-01
1.076538e-01
1.077006e-01
1.077474e-01
1.077942e-01
1.078408e-01
1.078873e-01
1.079337e-01
1.079798e-01
1.080252e-01
1.080708e-01
1.081166e-01
1.081620e-01
1.082078e-01
1.082529e-01
1.082983e-01
1.083432e-01
1.083883e-01
1.084332e-01
1.084781e-01
1.085228e-01
1.085671e-01
1.086107e-01
1.086548e-01
1.086991e-01
1.087431e-01
1.087867e-01
1.088307e-01
1.088748e-01
1.089189e-01
1.089625e-01
1.090059e-01
1.090488e-01
1.090924e-01
1.091362e-01
1.091800e-01
1.092234e-01
1.092667e-01
1.093094e-01
1.093531e-01
1.093971e-01
1.094412e-01
1.094850e-01
1.095286e-01
1.095716e-01
1.096156e-01
1.096601e-01
1.097045e-01
1.097487e-01
1.097926e-01
1.098359e-01
1.098802e-01
1.099249e-01
1.099697e-01
1.100141e-01
1.100582e-01
1.101018e-01
1.101463e-01
1.101914e-01
1.102366e-01
1.102814e-01
1.103259e-01
1.103698e-01
1.104148e-01
1.104603e-01
1.105058e-01
1.105509e-01
1.105957e-01
1.106399e-01
1.106852e-01
1.107310e-01
1.107771e-01
1.108230e-01
1.108684e-01
1.109132e-01
1.109590e-01
1.110052e-01
1.110515e-01
1.110975e-01
1.111431e-01
1.111880e-01
1.112340e-01
1.112804e-01
1.113269e-01
1.113732e-01
1.114190e-01
1.114641e-01
1.115104e-01
1.115572e-01
1.116040e-01
1.116507e-01
1.116968e-01
1.117423e-01
1.117889e-01
1.118362e-01
1.118835e-01
1.119306e-01
1.119773e-01
1.120232e-01
1.120704e-01
1.121181e-01
1.121658e-01
1.122133e-01
1.122604e-01
1.123067e-01
1.123543e-01
1.124025e-01
1.124509e-01
1.124989e-01
1.125464e-01
1.125932e-01
1.126414e-01
1.126902e-01
1.127387e-01
1.127872e-01
1.128354e-01
1.128829e-01
1.129309e-01
1.129788e-01
1.130265e-01
1.130741e-01
1.131216e-01
1.131690e-01
1.132162e-01
1.132579e-01
1.133038e-01
1.133456e-01
1.133915e-01
1.134333e-01
1.134792e-01
1.135257e-01
1.135719e-01
1.136138e-01
1.136597e-01
1.137017e-01
1.137473e-01
1.137892e-01
1.138345e-01
1.138797e-01
1.139217e-01
1.139638e-01
1.140059e-01
1.140481e-01
1.140926e-01
1.141347e-01
1.141789e-01
1.142210e-01
1.142631e-01
1.143054e-01
1.143476e-01
1.143898e-01
1.144320e-01
1.144742e-01
1.145164e-01
1.145586e-01
1.146009e-01
1.146432e-01
1.146856e-01
1.147280e-01
1.147703e-01
1.148127e-01
1.148550e-01
1.148974e-01
1.149397e-01
1.149820e-01
1.150243e-01
1.150667e-01
1.151091e-01
1.151516e-01
1.151940e-01
1.152365e-01
1.152788e-01
1.153213e-01
1.153635e-01
1.154061e-01
1.154484e-01
1.154907e-01
1.155331e-01
1.155756e-01
1.156182e-01
1.156607e-01
1.157033e-01
1.157459e-01
1.157885e-01
1.158311e-01
1.158736e-01
1.159161e-01
1.159586e-01
1.160011e-01
1.160436e-01
1.160861e-01
1.161286e-01
1.161711e-01
1.162136e-01
1.162561e-01
1.162986e-01
1.163411e-01
1.163836e-01
1.164261e-01
1.164686e-01
1.165112e-01
1.165537e-01
1.165963e-01
1.166389e-01
1.166816e-01
1.167253e-01
1.167691e-01
1.168130e-01
1.168543e-01
1.168958e-01
1.169373e-01
1.169784e-01
1.170192e-01
1.170601e-01
1.171011e-01
1.171422e-01
1.171834e-01
1.172247e-01
1.172660e-01
1.173073e-01
1.173485e-01
1.173895e-01
1.174304e-01
1.174714e-01
1.175124e-01
1.175534e-01
1.175946e-01
1.176358e-01
1.176760e-01
1.177156e-01
1.177547e-01
1.177940e-01
1.178332e-01
1.178726e-01
1.179121e-01
1.179518e-01
1.179915e-01
1.180312e-01
1.180709e-01
1.181108e-01
1.181509e-01
1.181911e-01
1.182301e-01
1.182685e-01
1.183067e-01
1.183450e-01
1.183833e-01
1.184219e-01
1.184607e-01
1.184995e-01
1.185386e-01
1.185778e-01
1.186174e-01
1.186571e-01
1.186955e-01
1.187339e-01
1.187722e-01
1.188100e-01
1.188476e-01
1.188855e-01
1.189236e-01
1.189620e-01
1.190007e-01
1.190396e-01
1.190789e-01
1.191184e-01
1.191564e-01
1.191945e-01
1.192325e-01
1.192701e-01
1.193076e-01
1.193453e-01
1.193833e-01
1.194216e-01
1.194602e-01
1.194991e-01
1.195385e-01
1.195781e-01
1.196160e-01
1.196541e-01
1.196921e-01
1.197298e-01
1.197674e-01
1.198052e-01
1.198433e-01
1.198818e-01
1.199206e-01
1.199596e-01
1.199990e-01
1.200386e-01
1.200767e-01
1.201149e-01
1.201531e-01
1.201914e-01
1.202297e-01
1.202677e-01
1.203056e-01
1.203438e-01
1.203822e-01
1.204210e-01
1.204602e-01
1.204996e-01
1.205394e-01
1.205794e-01
1.206198e-01
1.206605e-01
1.206991e-01
1.207377e-01
1.207765e-01
1.208148e-01
1.208530e-01
1.208915e-01
1.209302e-01
1.209692e-01
1.210086e-01
1.210482e-01
1.210881e-01
1.211281e-01
1.211683e-01
1.212087e-01
1.212494e-01
1.212903e-01
1.213315e-01
1.213730e-01
1.214122e-01
1.214511e-01
1.214898e-01
1.215286e-01
1.215677e-01
1.216070e-01
1.216466e-01
1.216865e-01
1.217265e-01
1.217666e-01
1.218068e-01
1.218472e-01
1.218877e-01
1.219284e-01
1.219692e-01
1.220102e-01
1.220513e-01
1.220926e-01
1.221341e-01
1.221757e-01
1.222175e-01
1.222599e-01
1.222993e-01
1.223388e-01
1.223784e-01
1.224183e-01
1.224584e-01
1.224987e-01
1.225392e-01
1.225793e-01
1.226194e-01
1.226596e-01
1.227001e-01
1.227407e-01
1.227816e-01
1.228227e-01
1.228639e-01
1.229051e-01
1.229463e-01
1.229876e-01
1.230291e-01
1.230706e-01
1.231123e-01
1.231540e-01
1.231959e-01
1.232384e-01
1.232815e-01
1.233253e-01
1.233696e-01
1.234142e-01
1.234547e-01
1.234949e-01
1.235350e-01
1.235752e-01
1.236155e-01
1.236561e-01
1.236968e-01
1.237377e-01
1.237788e-01
1.238201e-01
1.238615e-01
1.239026e-01
1.239435e-01
1.239846e-01
1.240258e-01
1.240672e-01
1.241088e-01
1.241505e-01
1.241922e-01
1.242339e-01
1.242756e-01
1.243174e-01
1.243593e-01
1.244013e-01
1.244433e-01
1.244859e-01
1.245279e-01
1.245708e-01
1.246128e-01
1.246558e-01
1.246977e-01
1.247407e-01
1.247812e-01
1.248217e-01
1.248623e-01
1.249032e-01
1.249442e-01
1.249855e-01
1.250269e-01
1.250681e-01
1.251092e-01
1.251505e-01
1.251918e-01
1.252334e-01
1.252751e-01
1.253170e-01
1.253588e-01
1.254006e-01
1.254423e-01
1.254841e-01
1.255261e-01
1.255680e-01
1.256100e-01
1.256520e-01
1.256941e-01
1.257364e-01
1.257784e-01
1.258209e-01
1.258629e-01
1.259059e-01
1.259478e-01
1.259899e-01
1.260320e-01
1.260740e-01
1.261161e-01
1.261609e-01
1.262028e-01
1.262488e-01
1.262899e-01
1.263311e-01
1.263724e-01
1.264139e-01
1.264556e-01
1.264971e-01
1.265386e-01
1.265802e-01
1.266219e-01
1.266639e-01
1.267057e-01
1.267479e-01
1.267898e-01
1.268318e-01
1.268739e-01
1.269159e-01
1.269578e-01
1.269999e-01
1.270420e-01
1.270843e-01
1.271263e-01
1.271688e-01
1.272108e-01
1.272529e-01
1.272952e-01
1.273374e-01
1.273796e-01
1.274223e-01
1.274644e-01
1.275065e-01
1.275484e-01
1.275926e-01
1.276344e-01
1.276761e-01
1.277180e-01
1.277626e-01
1.278042e-01
1.278454e-01
1.278864e-01
1.279274e-01
1.279684e-01
1.280096e-01
1.280508e-01
1.280923e-01
1.281339e-01
1.281756e-01
1.282173e-01
1.282586e-01
1.282997e-01
1.283409e-01
1.283821e-01
1.284236e-01
1.284648e-01
1.285061e-01
1.285475e-01
1.285891e-01
1.286305e-01
1.286722e-01
1.287134e-01
1.287552e-01
1.287963e-01
1.288381e-01
1.288791e-01
1.289197e-01
1.289599e-01
1.290039e-01
1.290442e-01
1.290886e-01
1.291292e-01
1.291739e-01
1.292138e-01
1.292539e-01
1.292941e-01
1.293344e-01
1.293749e-01
1.294157e-01
1.294567e-01
1.294977e-01
1.295388e-01
1.295796e-01
1.296202e-01
1.296608e-01
1.297015e-01
1.297424e-01
1.297833e-01
1.298242e-01
1.298651e-01
1.299062e-01
1.299475e-01
1.299888e-01
1.300301e-01
1.300713e-01
1.301127e-01
1.301540e-01
1.301954e-01
1.302368e-01
1.302783e-01
1.303201e-01
1.303620e-01
1.304049e-01
1.304489e-01
1.304940e-01
1.305396e-01
1.305856e-01
1.306316e-01
1.306774e-01
1.307224e-01
1.307674e-01
1.308123e-01
1.308572e-01
1.309020e-01
1.309487e-01
1.309970e-01
1.310467e-01
1.310969e-01
1.311468e-01
1.311961e-01
1.312452e-01
1.312939e-01
1.313422e-01
1.313899e-01
1.314373e-01
1.314843e-01
1.315310e-01
1.315776e-01
1.316240e-01
1.316704e-01
1.317168e-01
1.317632e-01
1.318097e-01
1.318563e-01
1.319030e-01
1.319498e-01
1.319966e-01
1.320435e-01
1.320904e-01
1.321372e-01
1.321865e-01
1.322361e-01
1.322853e-01
1.323348e-01
1.323839e-01
1.324334e-01
1.324823e-01
1.325317e-01
1.325806e-01
1.326298e-01
1.326786e-01
1.327277e-01
1.327763e-01
1.328253e-01
1.328739e-01
1.329228e-01
1.329712e-01
1.330200e-01
1.330683e-01
1.331170e-01
1.331652e-01
1.332137e-01
1.332618e-01
1.333103e-01
1.333583e-01
1.334066e-01
1.334545e-01
1.335027e-01
1.335505e-01
1.335986e-01
1.336463e-01
1.336943e-01
1.337419e-01
1.337898e-01
1.338373e-01
1.338852e-01
1.339325e-01
1.339803e-01
1.340276e-01
1.340753e-01
1.341225e-01
1.341701e-01
1.342172e-01
1.342647e-01
1.343118e-01
1.343592e-01
1.344062e-01
1.344536e-01
1.345005e-01
1.345479e-01
1.345947e-01
1.346420e-01
1.346888e-01
1.347361e-01
1.347828e-01
1.348300e-01
1.348767e-01
1.349239e-01
1.349706e-01
1.350177e-01
1.350643e-01
1.351114e-01
1.351580e-01
1.352051e-01
1.352517e-01
1.352988e-01
1.353454e-01
1.353924e-01
1.354390e-01
1.354860e-01
1.355326e-01
1.355797e-01
1.356262e-01
1.356733e-01
1.357199e-01
1.357670e-01
1.358136e-01
1.358607e-01
1.359073e-01
1.359544e-01
1.360010e-01
1.360481e-01
1.360948e-01
1.361420e-01
1.361886e-01
1.362358e-01
1.362825e-01
1.363297e-01
1.363764e-01
1.364237e-01
1.364704e-01
1.365177e-01
1.365644e-01
1.366117e-01
1.366585e-01
1.367059e-01
1.367527e-01
1.368000e-01
1.368469e-01
1.368943e-01
1.369412e-01
1.369886e-01
1.370355e-01
1.370829e-01
1.371299e-01
1.371774e-01
1.372243e-01
1.372719e-01
1.373189e-01
1.373664e-01
1.374135e-01
1.374610e-01
1.375081e-01
1.375557e-01
1.376029e-01
1.376505e-01
1.376977e-01
1.377453e-01
1.377925e-01
1.378402e-01
1.378875e-01
1.379352e-01
1.379825e-01
1.380303e-01
1.380775e-01
1.381254e-01
1.381727e-01
1.382206e-01
1.382679e-01
1.383158e-01
1.383632e-01
1.384111e-01
1.384586e-01
1.385065e-01
1.385540e-01
1.386020e-01
1.386495e-01
1.386976e-01
1.387451e-01
1.387932e-01
1.388408e-01
1.388889e-01
1.389366e-01
1.389847e-01
1.390324e-01
1.390806e-01
1.391284e-01
1.391766e-01
1.392244e-01
1.392727e-01
1.393205e-01
1.393689e-01
1.394167e-01
1.394652e-01
1.395131e-01
1.395615e-01
1.396095e-01
1.396580e-01
1.397060e-01
1.397545e-01
1.398026e-01
1.398511e-01
1.398992e-01
1.399479e-01
1.399960e-01
1.400447e-01
1.400929e-01
1.401416e-01
1.401898e-01
1.402386e-01
1.402869e-01
1.403357e-01
1.403841e-01
1.404329e-01
1.404813e-01
1.405302e-01
1.405786e-01
1.406275e-01
1.406760e-01
1.407249e-01
1.407734e-01
1.408224e-01
1.408710e-01
1.409200e-01
1.409685e-01
1.410176e-01
1.410662e-01
1.411152e-01
1.411638e-01
1.412129e-01
1.412615e-01
1.413106e-01
1.413592e-01
1.414084e-01
1.414570e-01
1.415061e-01
1.415548e-01
1.416040e-01
1.416526e-01
1.417018e-01
1.417505e-01
1.417997e-01
1.418484e-01
1.418976e-01
1.419463e-01
1.419955e-01
1.420442e-01
1.420935e-01
1.421422e-01
1.421915e-01
1.422402e-01
1.422894e-01
1.423382e-01
1.423874e-01
1.424362e-01
1.424854e-01
1.425342e-01
1.425834e-01
1.426321e-01
1.426814e-01
1.427301e-01
1.427794e-01
1.428281e-01
1.428774e-01
1.429261e-01
1.429754e-01
1.430241e-01
1.430735e-01
1.431221e-01
1.431715e-01
1.432202e-01
1.432695e-01
1.433182e-01
1.433676e-01
1.434162e-01
1.434656e-01
1.435143e-01
1.435636e-01
1.436123e-01
1.436616e-01
1.437103e-01
1.437597e-01
1.438083e-01
1.438576e-01
1.439062e-01
1.439556e-01
1.440042e-01
1.440535e-01
1.441021e-01
1.441514e-01
1.441999e-01
1.442493e-01
1.442978e-01
1.443471e-01
1.443956e-01
1.444449e-01
1.444934e-01
1.445427e-01
1.445863e-01
1.446343e-01
1.446828e-01
1.447321e-01
1.447806e-01
1.448299e-01
1.448785e-01
1.449278e-01
1.449764e-01
1.450257e-01
1.450743e-01
1.451236e-01
1.451680e-01
1.452169e-01
1.452655e-01
1.453148e-01
1.453634e-01
1.454128e-01
1.454615e-01
1.455108e-01
1.455596e-01
1.456090e-01
1.456578e-01
1.457072e-01
1.457517e-01
1.458007e-01
1.458496e-01
1.458989e-01
1.459478e-01
1.459972e-01
1.460462e-01
1.460956e-01
1.461446e-01
1.461940e-01
1.462430e-01
1.462925e-01
1.463415e-01
1.463909e-01
1.464399e-01
1.464893e-01
1.465383e-01
1.465877e-01
1.466367e-01
1.466861e-01
1.467350e-01
1.467844e-01
1.468333e-01
1.468827e-01
1.469316e-01
1.469810e-01
1.470300e-01
1.470794e-01
1.471283e-01
1.471778e-01
1.472267e-01
1.472762e-01
1.473252e-01
1.473746e-01
1.474236e-01
1.474730e-01
1.475219e-01
1.475713e-01
1.476203e-01
1.476697e-01
1.477187e-01
1.477680e-01
1.478170e-01
1.478663e-01
1.479154e-01
1.479646e-01
1.480138e-01
1.480630e-01
1.481121e-01
1.481613e-01
1.482105e-01
1.482597e-01
1.483088e-01
1.483580e-01
1.484071e-01
1.484562e-01
1.485052e-01
1.485543e-01
1.486033e-01
1.486524e-01
1.487014e-01
1.487504e-01
1.487994e-01
1.488483e-01
1.488973e-01
1.489462e-01
1.489952e-01
1.490441e-01
1.490930e-01
1.491419e-01
1.491907e-01
1.492396e-01
1.492884e-01
1.493372e-01
1.493860e-01
1.494348e-01
1.494835e-01
1.495323e-01
1.495811e-01
1.496298e-01
1.496785e-01
1.497272e-01
1.497759e-01
1.498246e-01
1.498732e-01
1.499218e-01
1.499705e-01
1.500191e-01
1.500677e-01
1.501162e-01
1.501648e-01
1.502134e-01
1.502619e-01
1.503105e-01
1.503590e-01
1.504075e-01
1.504559e-01
1.505044e-01
1.505529e-01
1.506013e-01
1.506497e-01
1.506981e-01
1.507465e-01
1.507949e-01
1.508432e-01
1.508916e-01
1.509399e-01
1.509882e-01
1.510365e-01
1.510848e-01
1.511330e-01
1.511812e-01
1.512295e-01
1.512777e-01
1.513258e-01
1.513740e-01
1.514222e-01
1.514703e-01
1.515184e-01
1.515665e-01
1.516146e-01
1.516627e-01
1.517107e-01
1.517587e-01
1.518067e-01
1.518547e-01
1.519027e-01
1.519507e-01
1.519986e-01
1.520465e-01
1.520944e-01
1.521423e-01
1.521902e-01
1.522381e-01
1.522859e-01
1.523338e-01
1.523816e-01
1.524294e-01
1.524772e-01
1.525249e-01
1.525727e-01
1.526205e-01
1.526682e-01
1.527159e-01
1.527637e-01
1.528114e-01
1.528591e-01
1.529068e-01
1.529544e-01
1.530021e-01
1.530498e-01
1.530974e-01
1.531451e-01
1.531927e-01
1.532404e-01
1.532880e-01
1.533356e-01
1.533832e-01
1.534308e-01
1.534784e-01
1.535260e-01
1.535736e-01
1.536212e-01
1.536688e-01
1.537163e-01
1.537639e-01
1.538115e-01
1.538590e-01
1.539065e-01
1.539541e-01
1.540016e-01
1.540491e-01
1.540966e-01
1.541442e-01
1.541917e-01
1.542392e-01
1.542867e-01
1.543342e-01
1.543817e-01
1.544292e-01
1.544766e-01
1.545241e-01
1.545715e-01
1.546190e-01
1.546665e-01
1.547139e-01
1.547613e-01
1.548087e-01
1.548562e-01
1.549036e-01
1.549509e-01
1.549983e-01
1.550457e-01
1.550930e-01
1.551404e-01
1.551877e-01
1.552351e-01
1.552824e-01
1.553297e-01
1.553770e-01
1.554243e-01
1.554716e-01
1.555188e-01
1.555661e-01
1.556133e-01
1.556606e-01
1.557078e-01
1.557550e-01
1.558022e-01
1.558494e-01
1.558966e-01
1.559437e-01
1.559909e-01
1.560380e-01
1.560852e-01
1.561323e-01
1.561794e-01
1.562265e-01
1.562737e-01
1.563208e-01
1.563678e-01
1.564149e-01
1.564620e-01
1.565091e-01
1.565561e-01
1.566032e-01
1.566503e-01
1.566973e-01
1.567444e-01
1.567915e-01
1.568385e-01
1.568856e-01
1.569326e-01
1.569797e-01
1.570267e-01
1.570738e-01
1.571208e-01
1.571679e-01
1.572150e-01
1.572620e-01
1.573091e-01
1.573562e-01
1.574032e-01
1.574503e-01
1.574974e-01
1.575445e-01
1.575916e-01
1.576387e-01
1.576858e-01
1.577330e-01
1.577801e-01
1.578272e-01
1.578744e-01
1.579204e-01
1.579658e-01
1.580125e-01
1.580588e-01
1.581060e-01
1.581532e-01
1.582004e-01
1.582476e-01
1.582949e-01
1.583421e-01
1.583894e-01
1.584367e-01
1.584839e-01
1.585312e-01
1.585785e-01
1.586258e-01
1.586731e-01
1.587204e-01
1.587678e-01
1.588151e-01
1.588625e-01
1.589098e-01
1.589572e-01
1.590046e-01
1.590520e-01
1.590994e-01
1.591469e-01
1.591943e-01
1.592418e-01
1.592892e-01
1.593367e-01
1.593842e-01
1.594317e-01
1.594792e-01
1.595268e-01
1.595744e-01
1.596219e-01
1.596695e-01
1.597171e-01
1.597648e-01
1.598124e-01
1.598600e-01
1.599077e-01
1.599554e-01
1.600031e-01
1.600509e-01
1.600986e-01
1.601464e-01
1.601942e-01
1.602420e-01
1.602898e-01
1.603376e-01
1.603855e-01
1.604334e-01
1.604814e-01
1.605293e-01
1.605773e-01
1.606253e-01
1.606733e-01
1.607212e-01
1.607693e-01
1.608174e-01
1.608656e-01
1.609138e-01
1.609621e-01
1.610103e-01
1.610587e-01
1.611069e-01
1.611554e-01
1.612038e-01
1.612524e-01
1.613011e-01
1.613497e-01
1.613983e-01
1.614469e-01
1.614956e-01
1.615443e-01
1.615930e-01
1.616417e-01
1.616905e-01
1.617392e-01
1.617880e-01
1.618368e-01
1.618847e-01
1.619336e-01
1.619825e-01
1.620314e-01
1.620803e-01
1.621293e-01
1.621782e-01
1.622272e-01
1.622760e-01
1.623251e-01
1.623741e-01
1.624233e-01
1.624724e-01
1.625216e-01
1.625693e-01
1.626186e-01
1.626679e-01
1.627171e-01
1.627664e-01
1.628157e-01
1.628650e-01
1.629143e-01
1.629636e-01
1.630130e-01
1.630624e-01
1.631118e-01
1.631612e-01
1.632106e-01
1.632601e-01
1.633095e-01
1.633590e-01
1.634085e-01
1.634580e-01
1.635075e-01
1.635569e-01
1.636064e-01
1.636559e-01
1.637054e-01
1.637549e-01
1.638043e-01
1.638538e-01
1.639033e-01
1.639528e-01
1.640023e-01
1.640518e-01
1.641014e-01
1.641510e-01
1.642005e-01
1.642501e-01
1.642998e-01
1.643493e-01
1.643990e-01
1.644485e-01
1.644981e-01
1.645477e-01
1.645972e-01
1.646468e-01
1.646964e-01
1.647459e-01
1.647955e-01
1.648450e-01
1.648946e-01
1.649442e-01
1.649938e-01
1.650434e-01
1.650930e-01
1.651427e-01
1.651923e-01
1.652419e-01
1.652916e-01
1.653412e-01
1.653909e-01
1.654406e-01
1.654902e-01
1.655399e-01
1.655896e-01
1.656393e-01
1.656890e-01
1.657387e-01
1.657885e-01
1.658382e-01
1.658880e-01
1.659378e-01
1.659876e-01
1.660374e-01
1.660872e-01
1.661371e-01
1.661869e-01
1.662367e-01
1.662866e-01
1.663365e-01
1.663863e-01
1.664362e-01
1.664861e-01
1.665359e-01
1.665858e-01
1.666357e-01
1.666855e-01
1.667354e-01
1.667854e-01
1.668353e-01
1.668853e-01
1.669352e-01
1.669852e-01
1.670351e-01
1.670851e-01
1.671350e-01
1.671849e-01
1.672349e-01
1.672848e-01
1.673347e-01
1.673846e-01
1.674345e-01
1.674844e-01
1.675342e-01
1.675841e-01
1.676339e-01
1.676837e-01
1.677336e-01
1.677835e-01
1.678333e-01
1.678831e-01
1.679329e-01
1.679827e-01
1.680324e-01
1.680821e-01
1.681318e-01
1.681814e-01
1.682310e-01
1.682806e-01
1.683300e-01
1.683795e-01
1.684289e-01
1.684782e-01
1.685275e-01
1.685769e-01
1.686262e-01
1.686754e-01
1.687246e-01
1.687737e-01
1.688227e-01
1.688717e-01
1.689206e-01
1.689695e-01
1.690182e-01
1.690670e-01
1.691156e-01
1.691642e-01
1.692127e-01
1.692612e-01
1.693096e-01
1.693580e-01
1.694064e-01
1.694548e-01
1.695030e-01
1.695513e-01
1.695995e-01
1.696476e-01
1.696957e-01
1.697437e-01
1.697917e-01
1.698397e-01
1.698876e-01
1.699356e-01
1.699834e-01
1.700315e-01
1.700795e-01
1.701276e-01
1.701757e-01
1.702237e-01
1.702718e-01
1.703198e-01
1.703678e-01
1.704159e-01
1.704639e-01
1.705119e-01
1.705599e-01
1.706080e-01
1.706561e-01
1.707042e-01
1.707525e-01
1.708009e-01
1.708492e-01
1.708976e-01
1.709460e-01
1.709944e-01
1.710428e-01
1.710913e-01
1.711397e-01
1.711882e-01
1.712367e-01
1.712852e-01
1.713337e-01
1.713825e-01
1.714313e-01
1.714801e-01
1.715290e-01
1.715779e-01
1.716268e-01
1.716757e-01
1.717246e-01
1.717735e-01
1.718225e-01
1.718715e-01
1.719205e-01
1.719695e-01
1.720189e-01
1.720683e-01
1.721177e-01
1.721671e-01
1.722166e-01
1.722661e-01
1.723156e-01
1.723651e-01
1.724147e-01
1.724643e-01
1.725139e-01
1.725635e-01
1.726131e-01
1.726628e-01
1.727130e-01
1.727632e-01
1.728134e-01
1.728636e-01
1.729139e-01
1.729642e-01
1.730146e-01
1.730649e-01
1.731153e-01
1.731657e-01
1.732162e-01
1.732666e-01
1.733171e-01
1.733684e-01
1.734196e-01
1.734710e-01
1.735224e-01
1.735738e-01
1.736252e-01
1.736767e-01
1.737281e-01
1.737797e-01
1.738313e-01
1.738829e-01
1.739346e-01
1.739863e-01
1.740377e-01
1.740900e-01
1.741414e-01
1.741938e-01
1.742452e-01
1.742977e-01
1.743490e-01
1.744015e-01
1.744528e-01
1.745053e-01
1.745565e-01
1.746088e-01
1.746599e-01
1.747120e-01
1.747630e-01
1.748150e-01
1.748658e-01
1.749176e-01
1.749684e-01
1.750200e-01
1.750706e-01
1.751222e-01
1.751727e-01
1.752241e-01
1.752746e-01
1.753259e-01
1.753763e-01
1.754276e-01
1.754780e-01
1.755300e-01
1.755830e-01
1.756345e-01
1.756853e-01
1.757372e-01
1.757880e-01
1.758398e-01
1.758905e-01
1.759421e-01
1.759927e-01
1.760443e-01
1.760948e-01
1.761463e-01
1.761969e-01
1.762484e-01
1.763009e-01
1.763521e-01
1.764043e-01
1.764573e-01
1.765073e-01
1.765585e-01
1.766088e-01
1.766599e-01
1.767102e-01
1.767610e-01
1.768114e-01
1.768627e-01
1.769124e-01
1.769632e-01
1.770132e-01
1.770635e-01
1.771134e-01
1.771644e-01
1.772140e-01
1.772649e-01
1.773147e-01
1.773649e-01
1.774146e-01
1.774646e-01
1.775154e-01
1.775669e-01
1.776176e-01
1.776687e-01
1.777192e-01
1.777721e-01
1.778236e-01
1.778762e-01
1.779272e-01
1.779790e-01
1.780295e-01
1.780803e-01
1.781305e-01
1.781809e-01
1.782331e-01
1.782859e-01
1.783388e-01
1.783917e-01
1.784445e-01
1.784974e-01
1.785502e-01
1.786030e-01
1.786559e-01
1.787087e-01
1.787615e-01
1.788143e-01
1.788648e-01
1.789176e-01
1.789705e-01
1.790233e-01
1.790762e-01
1.791291e-01
1.791820e-01
1.792350e-01
1.792848e-01
1.793349e-01
1.793845e-01
1.794346e-01
1.794845e-01
1.795375e-01
1.795873e-01
1.796382e-01
1.796882e-01
1.797385e-01
1.797883e-01
1.798383e-01
1.798883e-01
1.799387e-01
1.799886e-01
1.800389e-01
1.800888e-01
1.801419e-01
1.801919e-01
1.802424e-01
1.802927e-01
1.803440e-01
1.803924e-01
1.804437e-01
1.804935e-01
1.805446e-01
1.805946e-01
1.806464e-01
1.806977e-01
1.807505e-01
1.808006e-01
1.808536e-01
1.809054e-01
1.809584e-01
1.810106e-01
1.810635e-01
1.811137e-01
1.811650e-01
1.812177e-01
1.812691e-01
1.813212e-01
1.813741e-01
1.814261e-01
1.814789e-01
1.815307e-01
1.815835e-01
1.816363e-01
1.816883e-01
1.817411e-01
1.817930e-01
1.818458e-01
1.818975e-01
1.819504e-01
1.820020e-01
1.820549e-01
1.821068e-01
1.821573e-01
1.822081e-01
1.822610e-01
1.823140e-01
1.823670e-01
1.824199e-01
1.824722e-01
1.825252e-01
1.825755e-01
1.826285e-01
1.826805e-01
1.827336e-01
1.827854e-01
1.828385e-01
1.828902e-01
1.829433e-01
1.829948e-01
1.830479e-01
1.830993e-01
1.831524e-01
1.832037e-01
1.832567e-01
1.833098e-01
1.833629e-01
1.834158e-01
1.834689e-01
1.835192e-01
1.835703e-01
1.836205e-01
1.836712e-01
1.837214e-01
1.837720e-01
1.838222e-01
1.838728e-01
1.839229e-01
1.839756e-01
1.840258e-01
1.840778e-01
1.841294e-01
1.841826e-01
1.842359e-01
1.842891e-01
1.843424e-01
1.843957e-01
1.844490e-01
1.845023e-01
1.845557e-01
1.846090e-01
1.846625e-01
1.847159e-01
1.847693e-01
1.848227e-01
1.848759e-01
1.849293e-01
1.849820e-01
1.850354e-01
1.850877e-01
1.851407e-01
1.851903e-01
1.852408e-01
1.852922e-01
1.853422e-01
1.853918e-01
1.854417e-01
1.854912e-01
1.855412e-01
1.855906e-01
1.856405e-01
1.856899e-01
1.857422e-01
1.857934e-01
1.858457e-01
1.858968e-01
1.859498e-01
1.860035e-01
1.860573e-01
1.861111e-01
1.861649e-01
1.862133e-01
1.862648e-01
1.863131e-01
1.863633e-01
1.864116e-01
1.864603e-01
1.865085e-01
1.865571e-01
1.866052e-01
1.866537e-01
1.867018e-01
1.867502e-01
1.867981e-01
1.868465e-01
1.868944e-01
1.869427e-01
1.869905e-01
1.870387e-01
1.870865e-01
1.871346e-01
1.871823e-01
1.872304e-01
1.872780e-01
1.873260e-01
1.873736e-01
1.874215e-01
1.874690e-01
1.875169e-01
1.875643e-01
1.876121e-01
1.876595e-01
1.877072e-01
1.877545e-01
1.878022e-01
1.878495e-01
1.878975e-01
1.879464e-01
1.879963e-01
1.880473e-01
1.880996e-01
1.881532e-01
1.882075e-01
1.882557e-01
1.883046e-01
1.883527e-01
1.884012e-01
1.884491e-01
1.884975e-01
1.885454e-01
1.885936e-01
1.886414e-01
1.886896e-01
1.887373e-01
1.887854e-01
1.888330e-01
1.888810e-01
1.889285e-01
1.889765e-01
1.890259e-01
1.890767e-01
1.891235e-01
1.891712e-01
1.892180e-01
1.892656e-01
1.893129e-01
1.893601e-01
1.894069e-01
1.894545e-01
1.895012e-01
1.895488e-01
1.895955e-01
1.896431e-01
1.896898e-01
1.897374e-01
1.897841e-01
1.898316e-01
1.898783e-01
1.899254e-01
1.899721e-01
1.900191e-01
1.900657e-01
1.901127e-01
1.901618e-01
1.902129e-01
1.902661e-01
1.903193e-01
1.903724e-01
1.904255e-01
1.904786e-01
1.905317e-01
1.905789e-01
1.906300e-01
1.906830e-01
1.907360e-01
1.907889e-01
1.908418e-01
1.908948e-01
1.909476e-01
1.910005e-01
1.910533e-01
1.911062e-01
1.911589e-01
1.912117e-01
1.912645e-01
1.913126e-01
1.913652e-01
1.914133e-01
1.914646e-01
1.915173e-01
1.915699e-01
1.916226e-01
1.916752e-01
1.917278e-01
1.917804e-01
1.918330e-01
1.918855e-01
1.919381e-01
1.919907e-01
1.920432e-01
1.920958e-01
1.921484e-01
1.922010e-01
1.922535e-01
1.923061e-01
1.923587e-01
1.924113e-01
1.924639e-01
1.925166e-01
1.925692e-01
1.926219e-01
1.926745e-01
1.927272e-01
1.927799e-01
1.928325e-01
1.928852e-01
1.929379e-01
1.929907e-01
1.930434e-01
1.930961e-01
1.931488e-01
1.932016e-01
1.932543e-01
1.933071e-01
1.933598e-01
1.934126e-01
1.934654e-01
1.935182e-01
1.935710e-01
1.936238e-01
1.936766e-01
1.937295e-01
1.937823e-01
1.938352e-01
1.938880e-01
1.939409e-01
1.939938e-01
1.940467e-01
1.940996e-01
1.941525e-01
1.942054e-01
1.942584e-01
1.943113e-01
1.943643e-01
1.944173e-01
1.944703e-01
1.945233e-01
1.945763e-01
1.946293e-01
1.946824e-01
1.947354e-01
1.947885e-01
1.948418e-01
1.948951e-01
1.949485e-01
1.950019e-01
1.950553e-01
1.951035e-01
1.951525e-01
1.952025e-01
1.952511e-01
1.953007e-01
1.953493e-01
1.953989e-01
1.954475e-01
1.954971e-01
1.955457e-01
1.955953e-01
1.956440e-01
1.956935e-01
1.957441e-01
1.957957e-01
1.958486e-01
1.959023e-01
1.959559e-01
1.960096e-01
1.960632e-01
1.961169e-01
1.961706e-01
1.962243e-01
1.962780e-01
1.963317e-01
1.963806e-01
1.964305e-01
1.964814e-01
1.965299e-01
1.965792e-01
1.966296e-01
1.966785e-01
1.967284e-01
1.967773e-01
1.968272e-01
1.968761e-01
1.969260e-01
1.969749e-01
1.970248e-01
1.970737e-01
1.971236e-01
1.971726e-01
1.972224e-01
1.972714e-01
1.973213e-01
1.973702e-01
1.974201e-01
1.974691e-01
1.975176e-01
1.975670e-01
1.976155e-01
1.976649e-01
1.977134e-01
1.977628e-01
1.978113e-01
1.978606e-01
1.979091e-01
1.979585e-01
1.980070e-01
1.980563e-01
1.981048e-01
1.981541e-01
1.982026e-01
1.982515e-01
1.983000e-01
1.983488e-01
1.983973e-01
1.984461e-01
1.984946e-01
1.985434e-01
1.985918e-01
1.986407e-01
1.986891e-01
1.987379e-01
1.987862e-01
1.988350e-01
1.988834e-01
1.989321e-01
1.989805e-01
1.990292e-01
1.990775e-01
1.991263e-01
1.991745e-01
1.992232e-01
1.992715e-01
1.993202e-01
1.993684e-01
1.994171e-01
1.994653e-01
1.995139e-01
1.995621e-01
1.996107e-01
1.996589e-01
1.997075e-01
1.997556e-01
1.998042e-01
1.998523e-01
1.999008e-01
1.999489e-01
1.999975e-01
2.000455e-01
2.000945e-01
2.001425e-01
