# 1  : Date
# 2  : Temps elapsed min (mus)
# 3  : Rang temps elapsed min
# 4  : Noeud temps elapsed min
# 5  : Temps elapsed max (mus)
# 6  : Rang temps elapsed max
# 7  : Noeud temps elapsed max
# 8  : Grind time (mus/maille/cycle)
# 9  : Grind time équivalent séquentiel (#8 X nb_de_coeurs)
#     1     2     3     4      5      6      7       8      9
#   ATTENTION  les temps cpu schémas sont données dans l'ordre alphabétique des schémas WARNING
#  10: TELAPS Hydro (mus)
9.990399e-04   7.258e+04 0 inti1225   7.265e+04 3 inti1225   5.094e-01 8.151e+00  3.946e+04
3.055242e-03   4.779e+04 0 inti1225   4.794e+04 3 inti1225   3.169e-01 5.070e+00  3.758e+04
5.090912e-03   5.010e+04 0 inti1225   5.016e+04 3 inti1225   3.164e-01 5.062e+00  4.012e+04
6.453719e-03   4.970e+04 0 inti1225   4.975e+04 3 inti1225   3.009e-01 4.814e+00  3.971e+04
7.587866e-03   7.976e+04 0 inti1225   7.982e+04 3 inti1225   4.677e-01 7.483e+00  4.204e+04
8.860739e-03   5.306e+04 0 inti1225   5.311e+04 2 inti1225   3.007e-01 4.811e+00  4.270e+04
1.051885e-02   5.493e+04 0 inti1225   5.498e+04 3 inti1225   2.982e-01 4.771e+00  4.430e+04
1.248991e-02   5.553e+04 0 inti1225   5.559e+04 3 inti1225   2.863e-01 4.581e+00  4.459e+04
1.463905e-02   9.162e+04 0 inti1225   9.167e+04 2 inti1225   4.467e-01 7.147e+00  4.812e+04
1.703392e-02   6.031e+04 0 inti1225   6.036e+04 3 inti1225   2.807e-01 4.491e+00  4.906e+04
1.963006e-02   6.484e+04 0 inti1225   6.491e+04 2 inti1225   2.882e-01 4.611e+00  5.297e+04
2.244598e-02   6.230e+04 0 inti1225   6.236e+04 1 inti1225   2.641e-01 4.226e+00  5.041e+04
2.562205e-02   1.005e+05 0 inti1225   1.006e+05 3 inti1225   4.029e-01 6.447e+00  5.408e+04
2.885098e-02   6.681e+04 0 inti1225   6.687e+04 1 inti1225   2.541e-01 4.066e+00  5.444e+04
3.201517e-02   6.940e+04 2 inti1225   6.946e+04 1 inti1225   2.504e-01 4.006e+00  5.680e+04
3.514185e-02   7.286e+04 0 inti1225   7.293e+04 1 inti1225   2.495e-01 3.991e+00  5.964e+04
3.828159e-02   1.145e+05 2 inti1225   1.146e+05 1 inti1225   3.709e-01 5.934e+00  6.146e+04
4.143191e-02   7.790e+04 2 inti1225   7.798e+04 1 inti1225   2.395e-01 3.831e+00  6.434e+04
4.377862e-02   7.985e+04 0 inti1225   7.992e+04 1 inti1225   2.359e-01 3.775e+00  6.609e+04
4.596763e-02   8.220e+04 0 inti1225   8.237e+04 1 inti1225   2.347e-01 3.756e+00  6.795e+04
4.821124e-02   1.304e+05 2 inti1225   1.305e+05 1 inti1225   3.577e-01 5.723e+00  7.377e+04
5.048058e-02   8.574e+04 2 inti1225   8.584e+04 1 inti1225   2.268e-01 3.629e+00  7.060e+04
5.279513e-02   8.930e+04 2 inti1225   8.941e+04 1 inti1225   2.278e-01 3.644e+00  7.396e+04
5.511842e-02   8.981e+04 0 inti1225   8.998e+04 1 inti1225   2.213e-01 3.541e+00  7.468e+04
5.748289e-02   1.422e+05 2 inti1225   1.424e+05 1 inti1225   3.372e-01 5.395e+00  7.855e+04
5.986962e-02   9.547e+04 2 inti1225   9.558e+04 1 inti1225   2.186e-01 3.497e+00  7.968e+04
6.233782e-02   9.905e+04 2 inti1225   9.916e+04 1 inti1225   2.186e-01 3.498e+00  8.296e+04
6.479672e-02   1.026e+05 2 inti1225   1.027e+05 1 inti1225   2.185e-01 3.496e+00  8.595e+04
6.727614e-02   1.590e+05 2 inti1225   1.591e+05 1 inti1225   3.262e-01 5.219e+00  9.040e+04
6.981801e-02   1.090e+05 2 inti1225   1.091e+05 1 inti1225   2.162e-01 3.460e+00  9.175e+04
7.239046e-02   1.118e+05 2 inti1225   1.119e+05 1 inti1225   2.150e-01 3.440e+00  9.451e+04
7.502162e-02   1.157e+05 2 inti1225   1.158e+05 1 inti1225   2.154e-01 3.446e+00  9.790e+04
7.758987e-02   1.800e+05 2 inti1225   1.801e+05 1 inti1225   3.243e-01 5.189e+00  1.030e+05
8.011986e-02   1.211e+05 2 inti1225   1.212e+05 1 inti1225   2.119e-01 3.390e+00  1.027e+05
8.258145e-02   1.261e+05 2 inti1225   1.262e+05 1 inti1225   2.145e-01 3.431e+00  1.072e+05
8.504553e-02   1.278e+05 2 inti1225   1.279e+05 1 inti1225   2.113e-01 3.381e+00  1.086e+05
8.753909e-02   2.000e+05 2 inti1225   2.001e+05 1 inti1225   3.213e-01 5.141e+00  1.140e+05
9.006542e-02   1.346e+05 2 inti1225   1.347e+05 1 inti1225   2.107e-01 3.371e+00  1.149e+05
9.256882e-02   1.377e+05 2 inti1225   1.378e+05 1 inti1225   2.102e-01 3.362e+00  1.180e+05
9.507262e-02   1.416e+05 2 inti1225   1.417e+05 1 inti1225   2.109e-01 3.375e+00  1.214e+05
9.750655e-02   2.154e+05 0 inti1225   2.155e+05 1 inti1225   3.129e-01 5.007e+00  1.281e+05
9.991837e-02   1.476e+05 2 inti1225   1.477e+05 1 inti1225   2.097e-01 3.355e+00  1.268e+05
1.023419e-01   1.519e+05 2 inti1225   1.520e+05 1 inti1225   2.109e-01 3.374e+00  1.310e+05
1.047901e-01   1.532e+05 2 inti1225   1.533e+05 1 inti1225   2.077e-01 3.323e+00  1.318e+05
1.072398e-01   2.346e+05 0 inti1225   2.348e+05 3 inti1225   3.101e-01 4.962e+00  1.400e+05
1.096948e-01   1.603e+05 0 inti1225   1.604e+05 1 inti1225   2.069e-01 3.311e+00  1.384e+05
1.121481e-01   1.659e+05 0 inti1225   1.660e+05 1 inti1225   2.092e-01 3.347e+00  1.439e+05
1.145707e-01   1.691e+05 0 inti1225   1.693e+05 1 inti1225   2.084e-01 3.334e+00  1.466e+05
1.169994e-01   2.564e+05 0 inti1225   2.566e+05 1 inti1225   3.079e-01 4.926e+00  1.526e+05
1.194599e-01   1.766e+05 0 inti1225   1.767e+05 1 inti1225   2.072e-01 3.315e+00  1.536e+05
1.218982e-01   1.826e+05 0 inti1225   1.827e+05 1 inti1225   2.098e-01 3.357e+00  1.590e+05
1.242807e-01   1.862e+05 0 inti1225   1.863e+05 1 inti1225   2.099e-01 3.358e+00  1.623e+05
1.266988e-01   2.846e+05 0 inti1225   2.847e+05 1 inti1225   3.149e-01 5.039e+00  1.715e+05
1.292133e-01   1.928e+05 0 inti1225   1.929e+05 3 inti1225   2.098e-01 3.357e+00  1.681e+05
1.317073e-01   1.973e+05 0 inti1225   1.974e+05 1 inti1225   2.112e-01 3.380e+00  1.723e+05
1.342107e-01   1.993e+05 0 inti1225   1.995e+05 1 inti1225   2.104e-01 3.366e+00  1.739e+05
1.367392e-01   2.735e+05 0 inti1225   2.737e+05 1 inti1225   2.846e-01 4.554e+00  1.799e+05
1.392204e-01   2.076e+05 0 inti1225   2.078e+05 1 inti1225   2.136e-01 3.418e+00  1.805e+05
1.416890e-01   2.090e+05 0 inti1225   2.091e+05 1 inti1225   2.125e-01 3.401e+00  1.829e+05
1.441315e-01   2.115e+05 0 inti1225   2.116e+05 1 inti1225   2.129e-01 3.407e+00  1.850e+05
1.465577e-01   3.135e+05 0 inti1225   3.136e+05 1 inti1225   3.127e-01 5.003e+00  1.909e+05
1.489929e-01   2.160e+05 2 inti1225   2.162e+05 1 inti1225   2.139e-01 3.422e+00  1.883e+05
1.513650e-01   2.171e+05 2 inti1225   2.172e+05 1 inti1225   2.133e-01 3.413e+00  1.896e+05
1.537790e-01   2.189e+05 2 inti1225   2.190e+05 1 inti1225   2.140e-01 3.425e+00  1.913e+05
1.562909e-01   3.105e+05 2 inti1225   3.106e+05 1 inti1225   3.021e-01 4.833e+00  1.935e+05
1.589461e-01   2.199e+05 0 inti1225   2.201e+05 1 inti1225   2.132e-01 3.412e+00  1.921e+05
1.617448e-01   2.195e+05 2 inti1225   2.196e+05 1 inti1225   2.119e-01 3.390e+00  1.918e+05
1.647365e-01   2.193e+05 2 inti1225   2.194e+05 1 inti1225   2.108e-01 3.374e+00  1.914e+05
1.679547e-01   3.126e+05 2 inti1225   3.128e+05 1 inti1225   2.995e-01 4.791e+00  1.958e+05
1.712147e-01   2.213e+05 2 inti1225   2.215e+05 1 inti1225   2.115e-01 3.384e+00  1.930e+05
1.743760e-01   2.218e+05 2 inti1225   2.219e+05 1 inti1225   2.115e-01 3.383e+00  1.937e+05
1.772656e-01   2.212e+05 0 inti1225   2.214e+05 1 inti1225   2.106e-01 3.369e+00  1.932e+05
1.801420e-01   2.911e+05 0 inti1225   2.913e+05 1 inti1225   2.767e-01 4.427e+00  1.959e+05
1.831925e-01   2.234e+05 2 inti1225   2.236e+05 1 inti1225   2.123e-01 3.396e+00  1.949e+05
1.863496e-01   2.237e+05 2 inti1225   2.239e+05 1 inti1225   2.124e-01 3.398e+00  1.948e+05
1.894998e-01   2.233e+05 2 inti1225   2.235e+05 1 inti1225   2.119e-01 3.391e+00  1.949e+05
1.926937e-01   3.127e+05 2 inti1225   3.128e+05 1 inti1225   2.966e-01 4.746e+00  1.975e+05
1.958958e-01   2.247e+05 2 inti1225   2.249e+05 1 inti1225   2.132e-01 3.412e+00  1.962e+05
1.990536e-01   2.238e+05 2 inti1225   2.240e+05 1 inti1225   2.123e-01 3.397e+00  1.955e+05
