# 1  : Date
# 2  : Temps elapsed min (mus)
# 3  : Rang temps elapsed min
# 4  : Noeud temps elapsed min
# 5  : Temps elapsed max (mus)
# 6  : Rang temps elapsed max
# 7  : Noeud temps elapsed max
# 8  : Grind time (mus/maille/cycle)
# 9  : Grind time équivalent séquentiel (#8 X nb_de_coeurs)
#     1     2     3     4      5      6      7       8      9
#   ATTENTION  les temps cpu schémas sont données dans l'ordre alphabétique des schémas WARNING
#  10: TELAPS Hydro (mus)
7.066476e-04   7.134e+04 0 inti1211   7.142e+04 3 inti1211   5.070e-01 8.111e+00  3.878e+04
2.146519e-03   4.668e+04 0 inti1211   4.677e+04 3 inti1211   3.178e-01 5.085e+00  3.697e+04
3.613135e-03   4.773e+04 0 inti1211   4.782e+04 3 inti1211   3.122e-01 4.995e+00  3.776e+04
4.970946e-03   4.914e+04 0 inti1211   4.923e+04 3 inti1211   3.093e-01 4.949e+00  3.902e+04
6.330648e-03   1.198e+05 0 inti1211   1.199e+05 3 inti1211   7.252e-01 1.160e+01  4.054e+04
7.807994e-03   5.115e+04 0 inti1211   5.132e+04 3 inti1211   2.992e-01 4.787e+00  4.082e+04
9.401593e-03   5.203e+04 0 inti1211   5.209e+04 3 inti1211   2.921e-01 4.674e+00  4.130e+04
1.146155e-02   5.372e+04 0 inti1211   5.380e+04 3 inti1211   2.874e-01 4.598e+00  4.317e+04
1.334580e-02   8.814e+04 0 inti1211   8.823e+04 3 inti1211   4.520e-01 7.232e+00  4.618e+04
1.538730e-02   5.683e+04 0 inti1211   5.688e+04 3 inti1211   2.794e-01 4.471e+00  4.580e+04
1.757994e-02   5.806e+04 0 inti1211   5.811e+04 3 inti1211   2.735e-01 4.376e+00  4.684e+04
1.978756e-02   6.050e+04 0 inti1211   6.056e+04 3 inti1211   2.726e-01 4.361e+00  4.911e+04
2.139793e-02   9.598e+04 0 inti1211   9.605e+04 3 inti1211   4.169e-01 6.670e+00  5.067e+04
2.295427e-02   6.284e+04 0 inti1211   6.291e+04 3 inti1211   2.644e-01 4.231e+00  5.104e+04
2.455481e-02   6.488e+04 0 inti1211   6.494e+04 3 inti1211   2.645e-01 4.231e+00  5.248e+04
2.612912e-02   6.372e+04 0 inti1211   6.378e+04 3 inti1211   2.517e-01 4.027e+00  5.153e+04
2.758476e-02   9.998e+04 0 inti1211   1.000e+05 3 inti1211   3.822e-01 6.116e+00  5.396e+04
2.891432e-02   6.657e+04 0 inti1211   6.662e+04 3 inti1211   2.484e-01 3.975e+00  5.417e+04
3.029266e-02   6.734e+04 0 inti1211   6.740e+04 3 inti1211   2.446e-01 3.913e+00  5.510e+04
3.180260e-02   6.953e+04 0 inti1211   6.959e+04 3 inti1211   2.457e-01 3.931e+00  5.708e+04
3.349088e-02   1.075e+05 0 inti1211   1.075e+05 3 inti1211   3.676e-01 5.882e+00  5.910e+04
3.529045e-02   7.317e+04 0 inti1211   7.322e+04 3 inti1211   2.422e-01 3.876e+00  6.026e+04
3.699817e-02   7.480e+04 0 inti1211   7.495e+04 3 inti1211   2.406e-01 3.850e+00  6.182e+04
3.847457e-02   7.611e+04 0 inti1211   7.620e+04 3 inti1211   2.389e-01 3.822e+00  6.298e+04
3.990909e-02   1.147e+05 2 inti1211   1.148e+05 1 inti1211   3.511e-01 5.617e+00  6.238e+04
4.145617e-02   7.560e+04 2 inti1211   7.571e+04 1 inti1211   2.262e-01 3.620e+00  6.220e+04
4.307001e-02   7.756e+04 2 inti1211   7.765e+04 1 inti1211   2.263e-01 3.621e+00  6.409e+04
4.476268e-02   7.908e+04 0 inti1211   7.916e+04 1 inti1211   2.250e-01 3.601e+00  6.537e+04
4.655186e-02   1.235e+05 0 inti1211   1.235e+05 1 inti1211   3.412e-01 5.459e+00  6.919e+04
4.845509e-02   8.314e+04 0 inti1211   8.330e+04 1 inti1211   2.238e-01 3.581e+00  6.912e+04
5.043142e-02   8.694e+04 0 inti1211   8.832e+04 1 inti1211   2.304e-01 3.687e+00  7.265e+04
5.244513e-02   8.591e+04 0 inti1211   8.607e+04 1 inti1211   2.181e-01 3.490e+00  7.119e+04
5.446249e-02   1.388e+05 0 inti1211   1.389e+05 1 inti1211   3.412e-01 5.460e+00  7.554e+04
5.644458e-02   9.060e+04 0 inti1211   9.065e+04 1 inti1211   2.166e-01 3.465e+00  7.557e+04
5.842713e-02   9.419e+04 0 inti1211   9.425e+04 1 inti1211   2.190e-01 3.503e+00  7.901e+04
6.047805e-02   9.538e+04 0 inti1211   1.055e+05 1 inti1211   2.382e-01 3.811e+00  7.989e+04
6.256540e-02   1.507e+05 0 inti1211   1.508e+05 1 inti1211   3.299e-01 5.279e+00  8.442e+04
6.467519e-02   1.063e+05 0 inti1211   1.064e+05 2 inti1211   2.269e-01 3.631e+00  9.013e+04
6.679341e-02   1.049e+05 0 inti1211   1.049e+05 1 inti1211   2.186e-01 3.498e+00  8.882e+04
6.893955e-02   1.060e+05 0 inti1211   1.061e+05 2 inti1211   2.158e-01 3.454e+00  8.949e+04
7.108021e-02   1.702e+05 0 inti1211   1.703e+05 1 inti1211   3.378e-01 5.405e+00  9.466e+04
7.317378e-02   1.137e+05 0 inti1211   1.139e+05 2 inti1211   2.210e-01 3.536e+00  9.692e+04
7.531890e-02   1.138e+05 0 inti1211   1.138e+05 2 inti1211   2.156e-01 3.450e+00  9.674e+04
7.739740e-02   1.143e+05 0 inti1211   1.144e+05 1 inti1211   2.120e-01 3.392e+00  9.636e+04
7.939492e-02   1.734e+05 0 inti1211   1.736e+05 1 inti1211   3.140e-01 5.024e+00  1.009e+05
8.133706e-02   1.201e+05 0 inti1211   1.203e+05 1 inti1211   2.128e-01 3.404e+00  1.017e+05
8.327708e-02   1.225e+05 0 inti1211   1.226e+05 1 inti1211   2.122e-01 3.395e+00  1.042e+05
8.522395e-02   1.252e+05 0 inti1211   1.253e+05 1 inti1211   2.120e-01 3.392e+00  1.062e+05
8.715995e-02   1.931e+05 0 inti1211   1.932e+05 1 inti1211   3.189e-01 5.102e+00  1.137e+05
8.908329e-02   1.322e+05 0 inti1211   1.323e+05 1 inti1211   2.134e-01 3.415e+00  1.128e+05
9.100439e-02   1.343e+05 0 inti1211   1.346e+05 1 inti1211   2.119e-01 3.390e+00  1.147e+05
9.292376e-02   1.373e+05 0 inti1211   1.374e+05 1 inti1211   2.118e-01 3.388e+00  1.173e+05
9.486594e-02   2.187e+05 0 inti1211   2.188e+05 1 inti1211   3.286e-01 5.258e+00  1.265e+05
9.668171e-02   1.429e+05 0 inti1211   1.430e+05 1 inti1211   2.100e-01 3.360e+00  1.228e+05
9.841237e-02   1.466e+05 0 inti1211   1.467e+05 1 inti1211   2.110e-01 3.376e+00  1.263e+05
1.001820e-01   1.507e+05 0 inti1211   1.508e+05 1 inti1211   2.126e-01 3.402e+00  1.296e+05
1.022301e-01   2.290e+05 0 inti1211   2.291e+05 1 inti1211   3.149e-01 5.039e+00  1.345e+05
1.043052e-01   1.560e+05 0 inti1211   1.561e+05 1 inti1211   2.097e-01 3.356e+00  1.345e+05
1.063625e-01   1.598e+05 0 inti1211   1.599e+05 1 inti1211   2.101e-01 3.362e+00  1.380e+05
1.083824e-01   1.654e+05 0 inti1211   1.655e+05 1 inti1211   2.127e-01 3.404e+00  1.432e+05
1.104008e-01   2.537e+05 0 inti1211   2.538e+05 1 inti1211   3.188e-01 5.102e+00  1.509e+05
1.123013e-01   1.736e+05 0 inti1211   1.737e+05 1 inti1211   2.141e-01 3.426e+00  1.507e+05
1.141887e-01   1.751e+05 0 inti1211   1.752e+05 1 inti1211   2.122e-01 3.396e+00  1.520e+05
1.161832e-01   1.793e+05 0 inti1211   1.794e+05 1 inti1211   2.133e-01 3.413e+00  1.557e+05
1.181201e-01   2.760e+05 0 inti1211   2.761e+05 1 inti1211   3.221e-01 5.154e+00  1.630e+05
1.200525e-01   1.879e+05 0 inti1211   1.880e+05 1 inti1211   2.158e-01 3.453e+00  1.636e+05
1.221219e-01   1.937e+05 0 inti1211   1.938e+05 1 inti1211   2.186e-01 3.497e+00  1.691e+05
1.242078e-01   1.956e+05 2 inti1211   1.957e+05 1 inti1211   2.170e-01 3.472e+00  1.705e+05
1.262819e-01   2.937e+05 0 inti1211   2.938e+05 1 inti1211   3.205e-01 5.129e+00  1.788e+05
1.281803e-01   2.016e+05 0 inti1211   2.018e+05 1 inti1211   2.176e-01 3.482e+00  1.760e+05
1.300964e-01   2.040e+05 0 inti1211   2.041e+05 1 inti1211   2.178e-01 3.485e+00  1.783e+05
1.320511e-01   2.026e+05 0 inti1211   2.028e+05 1 inti1211   2.135e-01 3.415e+00  1.764e+05
1.340385e-01   2.894e+05 2 inti1211   2.895e+05 1 inti1211   3.008e-01 4.814e+00  1.800e+05
1.360229e-01   2.039e+05 2 inti1211   2.040e+05 1 inti1211   2.099e-01 3.358e+00  1.778e+05
1.380179e-01   2.091e+05 2 inti1211   2.092e+05 1 inti1211   2.132e-01 3.412e+00  1.828e+05
1.400069e-01   2.095e+05 2 inti1211   2.097e+05 1 inti1211   2.120e-01 3.392e+00  1.831e+05
1.419393e-01   2.999e+05 0 inti1211   3.001e+05 1 inti1211   3.011e-01 4.817e+00  1.877e+05
1.438358e-01   2.113e+05 2 inti1211   2.114e+05 1 inti1211   2.107e-01 3.371e+00  1.845e+05
1.456997e-01   2.134e+05 2 inti1211   2.135e+05 1 inti1211   2.117e-01 3.387e+00  1.867e+05
1.475150e-01   2.152e+05 2 inti1211   2.153e+05 1 inti1211   2.124e-01 3.398e+00  1.878e+05
1.493505e-01   3.034e+05 2 inti1211   3.035e+05 1 inti1211   2.979e-01 4.766e+00  1.909e+05
1.511881e-01   2.167e+05 2 inti1211   2.168e+05 1 inti1211   2.116e-01 3.386e+00  1.894e+05
1.530342e-01   2.179e+05 2 inti1211   2.180e+05 1 inti1211   2.117e-01 3.387e+00  1.909e+05
1.549203e-01   2.173e+05 2 inti1211   2.175e+05 1 inti1211   2.104e-01 3.367e+00  1.902e+05
1.568257e-01   2.943e+05 2 inti1211   2.945e+05 1 inti1211   2.835e-01 4.536e+00  1.964e+05
1.587380e-01   2.196e+05 2 inti1211   2.197e+05 1 inti1211   2.109e-01 3.374e+00  1.924e+05
1.606540e-01   2.196e+05 2 inti1211   2.197e+05 1 inti1211   2.103e-01 3.365e+00  1.923e+05
1.624592e-01   2.199e+05 2 inti1211   2.201e+05 1 inti1211   2.103e-01 3.365e+00  1.924e+05
1.643930e-01   3.203e+05 2 inti1211   3.204e+05 1 inti1211   3.058e-01 4.893e+00  2.085e+05
1.663698e-01   2.222e+05 2 inti1211   2.224e+05 1 inti1211   2.121e-01 3.393e+00  1.947e+05
1.683618e-01   2.213e+05 2 inti1211   2.215e+05 1 inti1211   2.111e-01 3.378e+00  1.939e+05
1.704010e-01   2.201e+05 2 inti1211   2.203e+05 1 inti1211   2.098e-01 3.357e+00  1.928e+05
1.724152e-01   2.893e+05 2 inti1211   2.894e+05 1 inti1211   2.754e-01 4.406e+00  1.963e+05
1.744171e-01   2.227e+05 2 inti1211   2.228e+05 1 inti1211   2.118e-01 3.389e+00  1.949e+05
1.764905e-01   2.212e+05 2 inti1211   2.213e+05 1 inti1211   2.103e-01 3.364e+00  1.939e+05
1.786368e-01   2.224e+05 2 inti1211   2.226e+05 1 inti1211   2.113e-01 3.381e+00  1.950e+05
1.807872e-01   3.256e+05 0 inti1211   3.258e+05 1 inti1211   3.092e-01 4.947e+00  1.995e+05
1.829105e-01   2.209e+05 2 inti1211   2.210e+05 1 inti1211   2.097e-01 3.355e+00  1.935e+05
1.850315e-01   2.214e+05 0 inti1211   2.215e+05 1 inti1211   2.101e-01 3.362e+00  1.940e+05
1.871697e-01   2.262e+05 2 inti1211   2.263e+05 1 inti1211   2.147e-01 3.435e+00  1.975e+05
1.893004e-01   2.946e+05 0 inti1211   2.948e+05 1 inti1211   2.796e-01 4.474e+00  2.003e+05
1.913764e-01   2.248e+05 2 inti1211   2.249e+05 1 inti1211   2.133e-01 3.413e+00  1.962e+05
1.934348e-01   2.237e+05 2 inti1211   2.238e+05 1 inti1211   2.123e-01 3.397e+00  1.953e+05
1.954897e-01   2.237e+05 2 inti1211   2.238e+05 1 inti1211   2.123e-01 3.397e+00  1.951e+05
1.975617e-01   2.916e+05 2 inti1211   2.917e+05 1 inti1211   2.768e-01 4.429e+00  1.979e+05
1.996573e-01   2.288e+05 2 inti1211   2.289e+05 1 inti1211   2.172e-01 3.476e+00  2.000e+05
