# 1  : Date
# 2  : Temps elapsed min (mus)
# 3  : Rang temps elapsed min
# 4  : Noeud temps elapsed min
# 5  : Temps elapsed max (mus)
# 6  : Rang temps elapsed max
# 7  : Noeud temps elapsed max
# 8  : Grind time (mus/maille/cycle)
# 9  : Grind time équivalent séquentiel (#8 X nb_de_coeurs)
#     1     2     3     4      5      6      7       8      9
#   ATTENTION  les temps cpu schémas sont données dans l'ordre alphabétique des schémas WARNING
#  10: TELAPS Hydro (mus)
7.294829e-04   4.351e+04 0 inti1229   4.359e+04 3 inti1229   3.091e-01 4.945e+00  3.428e+04
2.217924e-03   4.653e+04 0 inti1229   4.676e+04 3 inti1229   3.163e-01 5.061e+00  3.680e+04
4.050437e-03   4.757e+04 0 inti1229   4.767e+04 3 inti1229   3.081e-01 4.929e+00  3.784e+04
5.560685e-03   5.004e+04 0 inti1229   5.014e+04 3 inti1229   3.103e-01 4.964e+00  3.982e+04
6.805085e-03   5.126e+04 0 inti1229   5.136e+04 3 inti1229   3.064e-01 4.902e+00  4.087e+04
7.988256e-03   5.218e+04 0 inti1229   5.228e+04 3 inti1229   3.032e-01 4.852e+00  4.162e+04
9.179547e-03   5.047e+04 0 inti1229   5.053e+04 3 inti1229   2.843e-01 4.548e+00  4.023e+04
1.076195e-02   6.613e+04 0 inti1229   6.620e+04 1 inti1229   3.594e-01 5.750e+00  5.561e+04
1.255056e-02   5.397e+04 0 inti1229   5.416e+04 3 inti1229   2.821e-01 4.513e+00  4.335e+04
1.411812e-02   5.543e+04 0 inti1229   5.550e+04 3 inti1229   2.801e-01 4.482e+00  4.466e+04
1.572063e-02   5.787e+04 0 inti1229   5.795e+04 3 inti1229   2.829e-01 4.526e+00  4.673e+04
1.733670e-02   5.984e+04 0 inti1229   5.994e+04 3 inti1229   2.835e-01 4.536e+00  4.853e+04
1.892036e-02   5.873e+04 0 inti1229   5.879e+04 3 inti1229   2.689e-01 4.302e+00  4.731e+04
2.066024e-02   5.996e+04 0 inti1229   6.013e+04 3 inti1229   2.656e-01 4.249e+00  4.845e+04
2.248687e-02   6.168e+04 0 inti1229   6.175e+04 3 inti1229   2.625e-01 4.201e+00  5.006e+04
2.460512e-02   6.426e+04 0 inti1229   6.434e+04 3 inti1229   2.624e-01 4.198e+00  5.233e+04
2.667015e-02   6.534e+04 2 inti1229   6.540e+04 1 inti1229   2.551e-01 4.082e+00  5.307e+04
2.804183e-02   6.536e+04 0 inti1229   6.542e+04 1 inti1229   2.484e-01 3.975e+00  5.297e+04
2.944395e-02   6.726e+04 2 inti1229   6.732e+04 1 inti1229   2.483e-01 3.973e+00  5.493e+04
3.090714e-02   6.759e+04 2 inti1229   6.765e+04 1 inti1229   2.428e-01 3.885e+00  5.525e+04
3.252005e-02   6.991e+04 2 inti1229   6.998e+04 1 inti1229   2.431e-01 3.890e+00  5.722e+04
3.418020e-02   7.125e+04 0 inti1229   7.141e+04 1 inti1229   2.411e-01 3.857e+00  5.818e+04
3.600408e-02   7.352e+04 0 inti1229   7.359e+04 1 inti1229   2.405e-01 3.848e+00  6.032e+04
3.766141e-02   7.433e+04 0 inti1229   7.441e+04 1 inti1229   2.368e-01 3.789e+00  6.127e+04
3.933262e-02   7.733e+04 2 inti1229   7.744e+04 1 inti1229   2.396e-01 3.833e+00  6.340e+04
4.100600e-02   7.795e+04 2 inti1229   7.805e+04 1 inti1229   2.354e-01 3.766e+00  6.372e+04
4.270380e-02   7.923e+04 2 inti1229   7.934e+04 1 inti1229   2.328e-01 3.725e+00  6.530e+04
4.441269e-02   8.017e+04 2 inti1229   8.027e+04 1 inti1229   2.296e-01 3.673e+00  6.619e+04
4.610974e-02   8.187e+04 2 inti1229   8.197e+04 1 inti1229   2.282e-01 3.651e+00  6.762e+04
4.788231e-02   8.345e+04 2 inti1229   8.356e+04 1 inti1229   2.268e-01 3.629e+00  6.905e+04
4.976195e-02   8.587e+04 2 inti1229   8.597e+04 1 inti1229   2.267e-01 3.627e+00  7.122e+04
5.168341e-02   8.738e+04 0 inti1229   8.745e+04 1 inti1229   2.244e-01 3.590e+00  7.230e+04
5.360503e-02   8.896e+04 0 inti1229   8.904e+04 1 inti1229   2.220e-01 3.552e+00  7.382e+04
5.553044e-02   9.077e+04 0 inti1229   9.083e+04 1 inti1229   2.206e-01 3.530e+00  7.551e+04
5.754420e-02   9.292e+04 0 inti1229   9.307e+04 1 inti1229   2.194e-01 3.511e+00  7.751e+04
5.959861e-02   9.479e+04 0 inti1229   9.486e+04 1 inti1229   2.175e-01 3.480e+00  7.909e+04
6.170153e-02   9.742e+04 0 inti1229   9.749e+04 1 inti1229   2.168e-01 3.469e+00  8.145e+04
6.385771e-02   1.008e+05 0 inti1229   1.009e+05 1 inti1229   2.186e-01 3.497e+00  8.481e+04
6.605340e-02   1.032e+05 0 inti1229   1.033e+05 1 inti1229   2.178e-01 3.485e+00  8.676e+04
6.831860e-02   1.056e+05 0 inti1229   1.056e+05 1 inti1229   2.172e-01 3.475e+00  8.912e+04
7.059173e-02   1.095e+05 0 inti1229   1.095e+05 1 inti1229   2.193e-01 3.508e+00  9.250e+04
7.282955e-02   1.096e+05 0 inti1229   1.097e+05 1 inti1229   2.142e-01 3.427e+00  9.184e+04
7.508309e-02   1.117e+05 0 inti1229   1.118e+05 1 inti1229   2.127e-01 3.402e+00  9.387e+04
7.736351e-02   1.159e+05 0 inti1229   1.160e+05 1 inti1229   2.151e-01 3.442e+00  9.754e+04
7.969770e-02   1.173e+05 0 inti1229   1.174e+05 1 inti1229   2.118e-01 3.388e+00  9.893e+04
8.205164e-02   1.219e+05 0 inti1229   1.220e+05 1 inti1229   2.143e-01 3.429e+00  1.032e+05
8.427324e-02   1.246e+05 0 inti1229   1.246e+05 1 inti1229   2.131e-01 3.409e+00  1.055e+05
8.641703e-02   1.275e+05 0 inti1229   1.277e+05 1 inti1229   2.129e-01 3.406e+00  1.083e+05
8.843959e-02   1.306e+05 0 inti1229   1.307e+05 1 inti1229   2.123e-01 3.396e+00  1.111e+05
9.050417e-02   1.345e+05 0 inti1229   1.346e+05 1 inti1229   2.131e-01 3.410e+00  1.146e+05
9.260603e-02   1.377e+05 0 inti1229   1.378e+05 1 inti1229   2.124e-01 3.398e+00  1.179e+05
9.472988e-02   1.412e+05 0 inti1229   1.413e+05 1 inti1229   2.123e-01 3.397e+00  1.212e+05
9.687623e-02   1.457e+05 0 inti1229   1.459e+05 1 inti1229   2.136e-01 3.417e+00  1.253e+05
9.904588e-02   1.482e+05 0 inti1229   1.483e+05 1 inti1229   2.116e-01 3.386e+00  1.274e+05
1.012907e-01   1.533e+05 0 inti1229   1.534e+05 1 inti1229   2.130e-01 3.407e+00  1.319e+05
1.035964e-01   1.577e+05 0 inti1229   1.579e+05 1 inti1229   2.138e-01 3.421e+00  1.360e+05
1.059439e-01   1.610e+05 0 inti1229   1.612e+05 1 inti1229   2.123e-01 3.397e+00  1.388e+05
1.083148e-01   1.666e+05 0 inti1229   1.668e+05 1 inti1229   2.143e-01 3.429e+00  1.441e+05
1.106910e-01   1.702e+05 0 inti1229   1.703e+05 1 inti1229   2.129e-01 3.407e+00  1.475e+05
1.129726e-01   1.737e+05 0 inti1229   1.739e+05 1 inti1229   2.124e-01 3.398e+00  1.505e+05
1.151514e-01   1.781e+05 0 inti1229   1.782e+05 1 inti1229   2.129e-01 3.406e+00  1.545e+05
1.172776e-01   1.847e+05 0 inti1229   1.848e+05 1 inti1229   2.166e-01 3.466e+00  1.608e+05
1.193468e-01   1.885e+05 0 inti1229   1.886e+05 1 inti1229   2.175e-01 3.480e+00  1.640e+05
1.213863e-01   1.940e+05 0 inti1229   1.941e+05 1 inti1229   2.206e-01 3.530e+00  1.692e+05
1.235380e-01   1.952e+05 0 inti1229   1.953e+05 1 inti1229   2.182e-01 3.491e+00  1.698e+05
1.259273e-01   1.986e+05 0 inti1229   1.987e+05 1 inti1229   2.182e-01 3.490e+00  1.733e+05
1.283249e-01   2.021e+05 0 inti1229   2.022e+05 1 inti1229   2.183e-01 3.493e+00  1.764e+05
1.306660e-01   2.059e+05 0 inti1229   2.060e+05 1 inti1229   2.194e-01 3.510e+00  1.800e+05
1.329705e-01   2.099e+05 0 inti1229   2.100e+05 1 inti1229   2.203e-01 3.526e+00  1.837e+05
1.352410e-01   2.069e+05 2 inti1229   2.070e+05 1 inti1229   2.145e-01 3.432e+00  1.801e+05
1.375185e-01   2.077e+05 2 inti1229   2.078e+05 1 inti1229   2.128e-01 3.405e+00  1.809e+05
1.398341e-01   2.091e+05 2 inti1229   2.092e+05 1 inti1229   2.121e-01 3.393e+00  1.825e+05
1.421070e-01   2.109e+05 2 inti1229   2.111e+05 1 inti1229   2.123e-01 3.396e+00  1.843e+05
1.442386e-01   2.130e+05 2 inti1229   2.131e+05 1 inti1229   2.137e-01 3.419e+00  1.864e+05
1.462782e-01   2.140e+05 2 inti1229   2.141e+05 1 inti1229   2.134e-01 3.414e+00  1.871e+05
1.483206e-01   2.156e+05 0 inti1229   2.158e+05 1 inti1229   2.138e-01 3.421e+00  1.887e+05
1.503473e-01   2.166e+05 2 inti1229   2.168e+05 1 inti1229   2.133e-01 3.413e+00  1.896e+05
1.523781e-01   2.185e+05 0 inti1229   2.187e+05 1 inti1229   2.141e-01 3.426e+00  1.914e+05
1.544205e-01   2.206e+05 2 inti1229   2.207e+05 1 inti1229   2.150e-01 3.441e+00  1.936e+05
1.564480e-01   2.205e+05 2 inti1229   2.207e+05 1 inti1229   2.140e-01 3.423e+00  1.934e+05
1.584341e-01   2.217e+05 2 inti1229   2.219e+05 1 inti1229   2.144e-01 3.430e+00  1.942e+05
1.603353e-01   2.213e+05 2 inti1229   2.215e+05 1 inti1229   2.134e-01 3.414e+00  1.936e+05
1.622053e-01   2.213e+05 2 inti1229   2.214e+05 1 inti1229   2.128e-01 3.404e+00  1.935e+05
1.641488e-01   2.267e+05 2 inti1229   2.268e+05 1 inti1229   2.176e-01 3.482e+00  1.987e+05
1.661848e-01   2.220e+05 2 inti1229   2.222e+05 1 inti1229   2.128e-01 3.406e+00  1.944e+05
1.682193e-01   2.232e+05 2 inti1229   2.233e+05 1 inti1229   2.136e-01 3.418e+00  1.956e+05
1.702993e-01   2.233e+05 2 inti1229   2.234e+05 1 inti1229   2.135e-01 3.416e+00  1.955e+05
1.723948e-01   2.242e+05 0 inti1229   2.245e+05 1 inti1229   2.143e-01 3.429e+00  1.964e+05
1.744313e-01   2.238e+05 2 inti1229   2.239e+05 1 inti1229   2.137e-01 3.419e+00  1.960e+05
1.764758e-01   2.255e+05 2 inti1229   2.256e+05 1 inti1229   2.153e-01 3.444e+00  1.965e+05
1.785515e-01   2.279e+05 2 inti1229   2.282e+05 1 inti1229   2.177e-01 3.483e+00  1.989e+05
1.806549e-01   2.259e+05 0 inti1229   2.261e+05 1 inti1229   2.157e-01 3.451e+00  1.968e+05
1.827814e-01   2.281e+05 2 inti1229   2.282e+05 1 inti1229   2.178e-01 3.485e+00  1.986e+05
1.849308e-01   2.291e+05 2 inti1229   2.293e+05 1 inti1229   2.188e-01 3.501e+00  2.002e+05
1.871258e-01   2.275e+05 2 inti1229   2.277e+05 1 inti1229   2.173e-01 3.477e+00  1.987e+05
1.893296e-01   2.319e+05 0 inti1229   2.321e+05 1 inti1229   2.215e-01 3.544e+00  2.029e+05
1.915528e-01   2.288e+05 2 inti1229   2.289e+05 1 inti1229   2.185e-01 3.497e+00  1.998e+05
1.937945e-01   2.293e+05 2 inti1229   2.295e+05 1 inti1229   2.191e-01 3.506e+00  2.003e+05
1.960538e-01   2.289e+05 2 inti1229   2.290e+05 1 inti1229   2.187e-01 3.499e+00  1.996e+05
1.983036e-01   2.292e+05 2 inti1229   2.294e+05 1 inti1229   2.191e-01 3.505e+00  2.003e+05
