# 1  : Date
# 2  : Temps elapsed min (mus)
# 3  : Rang temps elapsed min
# 4  : Noeud temps elapsed min
# 5  : Temps elapsed max (mus)
# 6  : Rang temps elapsed max
# 7  : Noeud temps elapsed max
# 8  : Grind time (mus/maille/cycle)
# 9  : Grind time équivalent séquentiel (#8 X nb_de_coeurs)
#     1     2     3     4      5      6      7       8      9
#   ATTENTION  les temps cpu schémas sont données dans l'ordre alphabétique des schémas WARNING
#  10: TELAPS Hydro (mus)
9.790738e-04   4.167e+04 0 inti1211   4.178e+04 3 inti1211   2.959e-01 4.735e+00  3.274e+04
2.443992e-03   4.816e+04 1 inti1211   4.824e+04 3 inti1211   3.274e-01 5.238e+00  3.758e+04
4.002963e-03   6.993e+04 0 inti1211   7.010e+04 3 inti1211   4.537e-01 7.259e+00  3.780e+04
5.907324e-03   4.739e+04 0 inti1211   4.754e+04 3 inti1211   2.912e-01 4.660e+00  3.829e+04
8.196401e-03   5.081e+04 0 inti1211   5.099e+04 3 inti1211   2.916e-01 4.666e+00  4.125e+04
1.078919e-02   5.386e+04 0 inti1211   5.390e+04 3 inti1211   2.848e-01 4.557e+00  4.366e+04
1.355260e-02   8.827e+04 0 inti1211   8.829e+04 1 inti1211   4.295e-01 6.873e+00  4.746e+04
1.564397e-02   5.967e+04 0 inti1211   5.970e+04 3 inti1211   2.742e-01 4.388e+00  4.866e+04
1.717354e-02   6.246e+04 0 inti1211   6.252e+04 3 inti1211   2.758e-01 4.413e+00  5.115e+04
1.889813e-02   6.330e+04 0 inti1211   6.336e+04 3 inti1211   2.673e-01 4.277e+00  5.198e+04
2.065054e-02   1.108e+05 0 inti1211   1.110e+05 3 inti1211   4.478e-01 7.165e+00  5.840e+04
2.229546e-02   6.838e+04 0 inti1211   6.843e+04 3 inti1211   2.659e-01 4.254e+00  5.579e+04
2.377732e-02   6.951e+04 0 inti1211   6.956e+04 3 inti1211   2.608e-01 4.172e+00  5.718e+04
2.534132e-02   7.081e+04 0 inti1211   7.085e+04 3 inti1211   2.560e-01 4.096e+00  5.826e+04
2.709372e-02   1.096e+05 0 inti1211   1.096e+05 3 inti1211   3.803e-01 6.084e+00  6.154e+04
2.879574e-02   7.478e+04 0 inti1211   7.484e+04 3 inti1211   2.505e-01 4.008e+00  6.164e+04
3.068650e-02   7.749e+04 0 inti1211   7.754e+04 3 inti1211   2.491e-01 3.986e+00  6.422e+04
3.250150e-02   7.985e+04 0 inti1211   7.991e+04 3 inti1211   2.468e-01 3.948e+00  6.611e+04
3.422320e-02   1.229e+05 0 inti1211   1.229e+05 3 inti1211   3.656e-01 5.850e+00  6.929e+04
3.605637e-02   8.283e+04 0 inti1211   8.288e+04 3 inti1211   2.376e-01 3.802e+00  6.848e+04
3.796238e-02   8.545e+04 0 inti1211   8.550e+04 3 inti1211   2.353e-01 3.764e+00  7.100e+04
3.992089e-02   8.708e+04 0 inti1211   8.724e+04 3 inti1211   2.301e-01 3.682e+00  7.246e+04
4.187624e-02   1.356e+05 0 inti1211   1.356e+05 3 inti1211   3.432e-01 5.491e+00  7.600e+04
4.387475e-02   9.247e+04 0 inti1211   9.261e+04 3 inti1211   2.252e-01 3.603e+00  7.722e+04
4.613322e-02   9.509e+04 0 inti1211   9.514e+04 3 inti1211   2.208e-01 3.532e+00  7.969e+04
4.864778e-02   1.005e+05 0 inti1211   1.006e+05 3 inti1211   2.219e-01 3.551e+00  8.449e+04
5.114219e-02   1.634e+05 0 inti1211   1.636e+05 3 inti1211   3.439e-01 5.502e+00  8.919e+04
5.339239e-02   1.059e+05 0 inti1211   1.060e+05 3 inti1211   2.144e-01 3.431e+00  8.924e+04
5.544411e-02   1.093e+05 0 inti1211   1.093e+05 1 inti1211   2.137e-01 3.419e+00  9.243e+04
5.739672e-02   1.120e+05 0 inti1211   1.127e+05 1 inti1211   2.135e-01 3.415e+00  9.467e+04
5.940342e-02   1.707e+05 0 inti1211   1.707e+05 3 inti1211   3.134e-01 5.014e+00  9.975e+04
6.151683e-02   1.175e+05 0 inti1211   1.176e+05 2 inti1211   2.100e-01 3.360e+00  9.926e+04
6.420417e-02   1.209e+05 1 inti1211   1.210e+05 3 inti1211   2.085e-01 3.336e+00  1.025e+05
6.698653e-02   1.234e+05 0 inti1211   1.235e+05 3 inti1211   2.059e-01 3.294e+00  1.047e+05
6.977061e-02   1.989e+05 0 inti1211   1.990e+05 3 inti1211   3.216e-01 5.145e+00  1.122e+05
7.258829e-02   1.328e+05 0 inti1211   1.328e+05 3 inti1211   2.090e-01 3.344e+00  1.129e+05
7.462791e-02   1.337e+05 0 inti1211   1.338e+05 1 inti1211   2.064e-01 3.302e+00  1.143e+05
7.690783e-02   1.380e+05 0 inti1211   1.380e+05 3 inti1211   2.088e-01 3.340e+00  1.182e+05
7.960790e-02   2.102e+05 0 inti1211   2.103e+05 3 inti1211   3.110e-01 4.977e+00  1.228e+05
8.141102e-02   1.427e+05 0 inti1211   1.428e+05 2 inti1211   2.084e-01 3.335e+00  1.222e+05
8.331507e-02   1.438e+05 0 inti1211   1.438e+05 2 inti1211   2.070e-01 3.312e+00  1.233e+05
8.525667e-02   1.527e+05 0 inti1211   1.528e+05 1 inti1211   2.167e-01 3.467e+00  1.295e+05
8.708069e-02   2.151e+05 0 inti1211   2.152e+05 2 inti1211   3.013e-01 4.821e+00  1.277e+05
8.900554e-02   1.480e+05 0 inti1211   1.481e+05 1 inti1211   2.047e-01 3.275e+00  1.271e+05
9.125630e-02   1.500e+05 0 inti1211   1.501e+05 1 inti1211   2.043e-01 3.269e+00  1.291e+05
9.366336e-02   1.526e+05 0 inti1211   1.527e+05 2 inti1211   2.046e-01 3.273e+00  1.311e+05
9.632713e-02   2.339e+05 0 inti1211   2.341e+05 2 inti1211   3.087e-01 4.939e+00  1.366e+05
9.869064e-02   1.593e+05 0 inti1211   1.595e+05 2 inti1211   2.074e-01 3.319e+00  1.372e+05
1.009975e-01   1.616e+05 0 inti1211   1.617e+05 2 inti1211   2.071e-01 3.313e+00  1.395e+05
1.034821e-01   1.647e+05 0 inti1211   1.649e+05 2 inti1211   2.079e-01 3.326e+00  1.419e+05
1.059656e-01   2.552e+05 0 inti1211   2.554e+05 2 inti1211   3.172e-01 5.075e+00  1.478e+05
1.090888e-01   1.702e+05 0 inti1211   1.704e+05 1 inti1211   2.083e-01 3.333e+00  1.467e+05
1.112326e-01   1.736e+05 3 inti1211   1.737e+05 2 inti1211   2.100e-01 3.360e+00  1.484e+05
1.134239e-01   1.743e+05 0 inti1211   1.743e+05 1 inti1211   2.086e-01 3.337e+00  1.505e+05
1.157454e-01   2.653e+05 0 inti1211   2.654e+05 2 inti1211   3.141e-01 5.026e+00  1.564e+05
1.178957e-01   1.754e+05 0 inti1211   1.755e+05 2 inti1211   2.058e-01 3.292e+00  1.518e+05
1.199881e-01   1.769e+05 0 inti1211   1.769e+05 2 inti1211   2.054e-01 3.286e+00  1.534e+05
1.224521e-01   1.784e+05 0 inti1211   1.784e+05 2 inti1211   2.047e-01 3.274e+00  1.546e+05
1.255743e-01   2.639e+05 0 inti1211   2.640e+05 2 inti1211   2.981e-01 4.770e+00  1.606e+05
1.287104e-01   1.858e+05 0 inti1211   1.860e+05 2 inti1211   2.069e-01 3.310e+00  1.598e+05
1.316388e-01   1.858e+05 0 inti1211   1.859e+05 2 inti1211   2.039e-01 3.263e+00  1.618e+05
1.344992e-01   1.895e+05 0 inti1211   1.896e+05 2 inti1211   2.053e-01 3.285e+00  1.647e+05
1.373577e-01   2.792e+05 0 inti1211   2.793e+05 2 inti1211   2.987e-01 4.779e+00  1.692e+05
1.403877e-01   1.953e+05 0 inti1211   1.955e+05 2 inti1211   2.065e-01 3.304e+00  1.704e+05
1.433047e-01   1.984e+05 0 inti1211   1.985e+05 2 inti1211   2.074e-01 3.318e+00  1.735e+05
1.461905e-01   2.008e+05 0 inti1211   2.009e+05 2 inti1211   2.081e-01 3.330e+00  1.756e+05
1.488145e-01   2.693e+05 0 inti1211   2.695e+05 2 inti1211   2.774e-01 4.438e+00  1.795e+05
1.515280e-01   2.037e+05 0 inti1211   2.039e+05 2 inti1211   2.084e-01 3.335e+00  1.784e+05
1.541569e-01   2.056e+05 0 inti1211   2.056e+05 2 inti1211   2.089e-01 3.343e+00  1.798e+05
1.570905e-01   2.061e+05 0 inti1211   2.062e+05 2 inti1211   2.080e-01 3.328e+00  1.799e+05
1.601467e-01   2.933e+05 0 inti1211   2.934e+05 2 inti1211   2.942e-01 4.707e+00  1.829e+05
1.628541e-01   2.109e+05 0 inti1211   2.111e+05 2 inti1211   2.107e-01 3.371e+00  1.837e+05
1.652658e-01   2.100e+05 0 inti1211   2.102e+05 2 inti1211   2.089e-01 3.342e+00  1.841e+05
1.675976e-01   2.112e+05 0 inti1211   2.113e+05 2 inti1211   2.093e-01 3.348e+00  1.851e+05
1.702644e-01   3.017e+05 0 inti1211   3.018e+05 2 inti1211   2.976e-01 4.761e+00  1.873e+05
1.730540e-01   2.112e+05 1 inti1211   2.113e+05 2 inti1211   2.077e-01 3.323e+00  1.852e+05
1.758689e-01   2.143e+05 3 inti1211   2.144e+05 2 inti1211   2.102e-01 3.363e+00  1.884e+05
1.785987e-01   2.138e+05 1 inti1211   2.139e+05 2 inti1211   2.092e-01 3.347e+00  1.875e+05
1.809385e-01   3.057e+05 0 inti1211   3.057e+05 2 inti1211   2.983e-01 4.772e+00  1.882e+05
1.839085e-01   2.116e+05 0 inti1211   2.117e+05 2 inti1211   2.061e-01 3.297e+00  1.855e+05
1.862596e-01   2.117e+05 0 inti1211   2.118e+05 2 inti1211   2.060e-01 3.296e+00  1.855e+05
1.886817e-01   2.117e+05 0 inti1211   2.118e+05 2 inti1211   2.062e-01 3.300e+00  1.853e+05
1.917872e-01   2.863e+05 0 inti1211   2.864e+05 1 inti1211   2.784e-01 4.454e+00  1.889e+05
1.949132e-01   2.131e+05 1 inti1211   2.131e+05 2 inti1211   2.067e-01 3.307e+00  1.866e+05
1.980572e-01   2.133e+05 0 inti1211   2.133e+05 2 inti1211   2.061e-01 3.297e+00  1.868e+05
