#   1 : Date        
# Date        
0.000000e+00
1.807392e-05
2.292005e-05
2.825080e-05
3.411462e-05
4.056482e-05
4.766004e-05
5.416595e-05
5.991381e-05
6.623646e-05
7.319137e-05
7.979090e-05
8.705038e-05
9.503581e-05
1.038198e-04
1.134822e-04
1.241108e-04
1.353222e-04
1.459674e-04
1.571138e-04
1.693747e-04
1.817009e-04
1.943359e-04
2.082344e-04
2.218364e-04
2.357375e-04
2.501373e-04
2.649211e-04
2.801698e-04
2.958716e-04
3.117742e-04
3.282975e-04
3.450484e-04
3.622333e-04
3.796298e-04
3.974824e-04
4.158400e-04
4.345181e-04
4.536047e-04
4.729937e-04
4.928567e-04
5.129836e-04
5.333700e-04
5.542662e-04
5.754449e-04
5.969090e-04
6.187564e-04
6.408283e-04
6.633414e-04
6.861136e-04
7.092015e-04
7.326074e-04
7.563179e-04
7.803824e-04
8.047260e-04
8.294809e-04
8.544971e-04
8.798732e-04
9.055231e-04
9.316049e-04
9.579659e-04
9.845894e-04
1.011566e-03
1.038855e-03
1.066414e-03
1.094323e-03
1.122589e-03
1.151062e-03
1.179942e-03
1.209030e-03
1.238436e-03
1.268142e-03
1.298076e-03
1.328204e-03
1.358657e-03
1.389256e-03
1.420244e-03
1.451440e-03
1.482872e-03
1.514767e-03
1.546896e-03
1.579170e-03
1.611744e-03
1.644595e-03
1.677664e-03
1.711116e-03
1.744879e-03
1.778776e-03
1.813064e-03
1.847483e-03
1.882100e-03
1.917000e-03
1.952233e-03
1.987520e-03
2.023171e-03
2.059069e-03
2.095157e-03
2.131641e-03
2.168391e-03
2.205234e-03
2.242297e-03
2.279735e-03
2.317356e-03
2.355255e-03
2.393563e-03
2.431938e-03
2.470493e-03
2.509437e-03
2.548638e-03
2.587998e-03
2.627767e-03
2.667710e-03
2.707820e-03
2.748072e-03
2.788369e-03
2.828732e-03
2.869145e-03
2.909574e-03
2.950014e-03
2.990456e-03
3.030938e-03
3.071437e-03
3.111983e-03
3.152590e-03
3.193224e-03
3.233874e-03
3.274566e-03
3.315258e-03
3.355991e-03
3.396744e-03
3.437542e-03
3.478395e-03
3.519321e-03
3.560335e-03
3.601412e-03
3.642507e-03
3.683649e-03
3.723622e-03
3.764847e-03
3.804630e-03
3.844084e-03
3.882370e-03
3.919724e-03
3.955624e-03
3.991924e-03
4.027260e-03
4.063432e-03
4.098663e-03
4.133166e-03
4.163858e-03
4.193401e-03
4.224634e-03
4.253599e-03
4.285460e-03
4.315598e-03
4.348750e-03
4.382064e-03
4.415797e-03
4.450523e-03
4.484902e-03
4.519815e-03
4.554688e-03
4.589615e-03
4.624719e-03
4.659828e-03
4.694962e-03
4.730094e-03
4.765139e-03
4.800123e-03
4.835249e-03
4.870387e-03
4.905616e-03
4.940869e-03
4.976394e-03
5.010936e-03
5.044550e-03
5.077331e-03
5.109101e-03
5.140030e-03
5.170177e-03
5.199376e-03
5.227877e-03
5.255527e-03
5.282755e-03
5.309299e-03
5.335401e-03
5.360917e-03
5.386249e-03
5.411122e-03
5.435785e-03
5.460002e-03
5.484002e-03
5.507816e-03
5.531370e-03
5.554817e-03
5.577951e-03
5.600995e-03
5.623782e-03
5.646463e-03
5.668928e-03
5.691241e-03
5.713397e-03
5.735401e-03
5.757360e-03
5.779173e-03
5.800929e-03
5.822517e-03
5.844034e-03
5.865429e-03
5.886758e-03
5.907934e-03
5.929051e-03
5.950041e-03
5.970981e-03
5.991769e-03
6.012516e-03
6.033152e-03
6.053753e-03
6.074276e-03
6.094775e-03
6.115206e-03
6.135595e-03
6.155843e-03
6.176056e-03
6.196159e-03
6.216231e-03
6.236029e-03
6.255576e-03
6.274821e-03
6.293870e-03
6.312648e-03
6.331237e-03
6.349631e-03
6.367840e-03
6.385925e-03
6.403829e-03
6.421635e-03
6.439308e-03
6.456884e-03
6.474388e-03
6.491793e-03
6.509155e-03
6.526445e-03
6.543681e-03
6.560900e-03
6.578073e-03
6.595216e-03
6.612346e-03
6.629489e-03
6.646617e-03
6.663730e-03
6.680830e-03
6.697936e-03
6.715045e-03
6.732151e-03
6.749198e-03
6.766193e-03
6.783131e-03
6.800016e-03
6.816848e-03
6.833593e-03
6.850239e-03
6.866820e-03
6.883337e-03
6.899825e-03
6.916281e-03
6.932739e-03
6.949189e-03
6.965664e-03
6.982122e-03
6.998596e-03
7.015062e-03
7.031558e-03
7.048057e-03
7.064597e-03
7.081149e-03
7.097750e-03
7.114369e-03
7.131043e-03
7.147741e-03
7.164499e-03
7.181285e-03
7.198112e-03
7.214942e-03
7.231810e-03
7.248688e-03
7.265607e-03
7.282542e-03
7.299520e-03
7.316521e-03
7.333569e-03
7.350648e-03
7.367778e-03
7.384937e-03
7.402111e-03
7.419296e-03
7.436505e-03
7.453738e-03
7.471006e-03
7.488311e-03
7.505663e-03
7.523065e-03
7.540512e-03
7.557972e-03
7.575458e-03
7.592976e-03
7.610535e-03
7.628144e-03
7.645811e-03
7.663543e-03
7.681324e-03
7.699133e-03
7.716981e-03
7.734877e-03
7.752833e-03
7.770856e-03
7.788957e-03
7.807129e-03
7.825341e-03
7.843601e-03
7.861922e-03
7.880315e-03
7.898789e-03
7.917354e-03
7.936002e-03
7.954700e-03
7.973463e-03
7.992300e-03
8.011226e-03
8.030248e-03
8.049380e-03
8.068589e-03
8.087866e-03
8.107223e-03
8.126673e-03
8.146225e-03
8.165892e-03
8.185676e-03
8.205534e-03
8.225472e-03
8.245507e-03
8.265646e-03
8.285904e-03
8.306286e-03
8.326771e-03
8.347337e-03
8.367999e-03
8.388764e-03
8.409648e-03
8.430654e-03
8.451796e-03
8.473015e-03
8.494328e-03
8.515739e-03
8.537266e-03
8.558912e-03
8.580692e-03
8.602575e-03
8.624549e-03
8.646615e-03
8.668792e-03
8.691082e-03
8.713503e-03
8.736055e-03
8.758692e-03
8.781416e-03
8.804246e-03
8.827184e-03
8.850250e-03
8.873443e-03
8.896748e-03
8.920133e-03
8.943622e-03
8.967214e-03
8.990930e-03
9.014769e-03
9.038751e-03
9.062809e-03
9.086967e-03
9.111222e-03
9.135600e-03
9.160097e-03
9.184737e-03
9.209484e-03
9.234328e-03
9.259265e-03
9.284321e-03
9.309492e-03
9.334797e-03
9.360221e-03
9.385761e-03
9.411399e-03
9.437152e-03
9.463013e-03
9.488983e-03
9.515066e-03
9.541268e-03
9.567597e-03
9.594039e-03
9.620591e-03
9.647237e-03
9.673986e-03
9.700844e-03
9.727819e-03
9.754915e-03
9.782141e-03
9.809463e-03
9.836875e-03
9.864379e-03
9.891987e-03
9.919700e-03
9.947528e-03
9.975474e-03
1.000353e-02
1.003166e-02
1.005988e-02
1.008818e-02
1.011657e-02
1.014507e-02
1.017367e-02
1.020239e-02
1.023117e-02
1.026002e-02
1.028895e-02
1.031795e-02
1.034704e-02
1.037621e-02
1.040549e-02
1.043485e-02
1.046426e-02
1.049372e-02
1.052325e-02
1.055284e-02
1.058251e-02
1.061227e-02
1.064211e-02
1.067199e-02
1.070192e-02
1.073189e-02
1.076191e-02
1.079200e-02
1.082216e-02
1.085239e-02
1.088268e-02
1.091299e-02
1.094334e-02
1.097373e-02
1.100417e-02
1.103468e-02
1.106524e-02
1.109585e-02
1.112650e-02
1.115717e-02
1.118789e-02
1.121865e-02
1.124946e-02
1.128032e-02
1.131122e-02
1.134217e-02
1.137315e-02
1.140416e-02
1.143521e-02
1.146632e-02
1.149746e-02
1.152864e-02
1.155987e-02
1.159114e-02
1.162244e-02
1.165378e-02
1.168518e-02
1.171661e-02
1.174808e-02
1.177959e-02
1.181116e-02
1.184277e-02
1.187442e-02
1.190613e-02
1.193787e-02
1.196965e-02
1.200148e-02
1.203338e-02
1.206532e-02
1.209731e-02
1.212936e-02
1.216145e-02
1.219359e-02
1.222578e-02
1.225804e-02
1.229035e-02
1.232272e-02
1.235516e-02
1.238764e-02
1.242017e-02
1.245276e-02
1.248542e-02
1.251815e-02
1.255094e-02
1.258381e-02
1.261672e-02
1.264969e-02
1.268272e-02
1.271583e-02
1.274901e-02
1.278227e-02
1.281560e-02
1.284899e-02
1.288243e-02
1.291595e-02
1.294955e-02
1.298324e-02
1.301699e-02
1.305084e-02
1.308474e-02
1.311870e-02
1.315274e-02
1.318685e-02
1.322107e-02
1.325536e-02
1.328974e-02
1.332418e-02
1.335868e-02
1.339326e-02
1.342792e-02
1.346267e-02
1.349751e-02
1.353244e-02
1.356743e-02
1.360249e-02
1.363761e-02
1.367281e-02
1.370810e-02
1.374348e-02
1.377895e-02
1.381449e-02
1.385010e-02
1.388576e-02
1.392151e-02
1.395733e-02
1.399324e-02
1.402926e-02
1.406533e-02
1.410147e-02
1.413768e-02
1.417396e-02
1.421031e-02
1.424675e-02
1.428328e-02
1.431988e-02
1.435654e-02
1.439328e-02
1.443008e-02
1.446696e-02
1.450391e-02
1.454095e-02
1.457808e-02
1.461526e-02
1.465250e-02
1.468981e-02
1.472720e-02
1.476467e-02
1.480221e-02
1.483984e-02
1.487754e-02
1.491531e-02
1.495313e-02
1.499102e-02
1.502899e-02
1.506704e-02
1.510518e-02
1.514340e-02
1.518168e-02
1.522003e-02
1.525844e-02
1.529693e-02
1.533548e-02
1.537412e-02
1.541285e-02
1.545165e-02
1.549050e-02
1.552943e-02
1.556843e-02
1.560749e-02
1.564663e-02
1.568585e-02
1.572515e-02
1.576451e-02
1.580392e-02
1.584339e-02
1.588294e-02
1.592256e-02
1.596226e-02
1.600203e-02
1.604188e-02
1.608177e-02
1.612171e-02
1.616172e-02
1.620179e-02
1.624193e-02
1.628215e-02
1.632245e-02
1.636281e-02
1.640322e-02
1.644368e-02
1.648420e-02
1.652478e-02
1.656542e-02
1.660614e-02
1.664695e-02
1.668781e-02
1.672874e-02
1.676972e-02
1.681075e-02
1.685183e-02
1.689299e-02
1.693422e-02
1.697553e-02
1.701692e-02
1.705837e-02
1.709988e-02
1.714144e-02
1.718306e-02
1.722474e-02
1.726650e-02
1.730833e-02
1.735025e-02
1.739223e-02
1.743427e-02
1.747637e-02
1.751853e-02
1.756075e-02
1.760303e-02
1.764539e-02
1.768782e-02
1.773031e-02
1.777286e-02
1.781547e-02
1.785815e-02
1.790088e-02
1.794367e-02
1.798652e-02
1.802945e-02
1.807243e-02
1.811546e-02
1.815854e-02
1.820167e-02
1.824487e-02
1.828813e-02
1.833145e-02
1.837482e-02
1.841826e-02
1.846174e-02
1.850527e-02
1.854884e-02
1.859247e-02
1.863616e-02
1.867991e-02
1.872372e-02
1.876758e-02
1.881150e-02
1.885548e-02
1.889950e-02
1.894357e-02
1.898770e-02
1.903189e-02
1.907614e-02
1.912044e-02
1.916479e-02
1.920922e-02
1.925370e-02
1.929826e-02
1.934286e-02
1.938753e-02
1.943225e-02
1.947703e-02
1.952186e-02
1.956675e-02
1.961170e-02
1.965673e-02
1.970182e-02
1.974700e-02
1.979225e-02
1.983755e-02
1.988290e-02
1.992831e-02
1.997378e-02
2.001929e-02
2.006486e-02
2.011046e-02
2.015613e-02
2.020182e-02
2.024755e-02
2.029333e-02
2.033915e-02
2.038502e-02
2.043096e-02
2.047691e-02
2.052293e-02
2.056898e-02
2.061507e-02
2.066119e-02
2.070739e-02
2.075359e-02
2.079987e-02
2.084617e-02
2.089254e-02
2.093895e-02
2.098542e-02
2.103193e-02
2.107852e-02
2.112514e-02
2.117183e-02
2.121853e-02
2.126533e-02
2.131216e-02
2.135906e-02
2.140601e-02
2.145304e-02
2.150011e-02
2.154727e-02
2.159448e-02
2.164176e-02
2.168907e-02
2.173645e-02
2.178391e-02
2.183145e-02
2.187904e-02
2.192672e-02
2.197446e-02
2.202228e-02
2.207017e-02
2.211815e-02
2.216619e-02
2.221432e-02
2.226248e-02
2.231075e-02
2.235909e-02
2.240753e-02
2.245604e-02
2.250464e-02
2.255332e-02
2.260211e-02
2.265097e-02
2.269994e-02
2.274898e-02
2.279812e-02
2.284730e-02
2.289663e-02
2.294594e-02
2.299451e-02
2.304358e-02
2.309231e-02
2.314094e-02
2.318916e-02
2.323731e-02
2.328542e-02
2.333338e-02
2.338106e-02
2.342867e-02
2.347616e-02
2.352372e-02
2.357128e-02
2.361895e-02
2.366664e-02
2.371447e-02
2.376242e-02
2.381062e-02
2.385884e-02
2.390734e-02
2.395597e-02
2.400480e-02
2.405395e-02
2.410333e-02
2.415277e-02
2.420245e-02
2.425229e-02
2.430239e-02
2.435246e-02
2.440269e-02
2.445294e-02
2.450336e-02
2.455371e-02
2.460422e-02
2.465463e-02
2.470522e-02
2.475574e-02
2.480626e-02
2.485679e-02
2.490744e-02
2.495808e-02
2.500884e-02
2.505964e-02
2.511060e-02
2.516154e-02
2.521257e-02
2.526372e-02
2.531506e-02
2.536658e-02
2.541844e-02
2.547037e-02
2.552248e-02
2.557480e-02
2.562741e-02
2.568015e-02
2.573326e-02
2.578643e-02
2.583987e-02
2.589352e-02
2.594757e-02
2.600179e-02
2.605627e-02
2.611086e-02
2.616566e-02
2.622067e-02
2.627581e-02
2.633083e-02
2.638529e-02
2.643871e-02
2.649182e-02
2.654428e-02
2.659661e-02
2.664848e-02
2.670030e-02
2.675176e-02
2.680324e-02
2.685443e-02
2.690570e-02
2.695679e-02
2.700799e-02
2.705906e-02
2.711025e-02
2.716133e-02
2.721252e-02
2.726358e-02
2.731473e-02
2.736588e-02
2.741705e-02
2.746829e-02
2.751940e-02
2.757041e-02
2.762158e-02
2.767261e-02
2.772390e-02
2.777528e-02
2.782676e-02
2.787844e-02
2.793010e-02
2.798170e-02
2.803344e-02
2.808516e-02
2.813725e-02
2.818947e-02
2.824202e-02
2.829463e-02
2.834711e-02
2.839948e-02
2.845147e-02
2.850312e-02
2.855593e-02
2.860860e-02
2.866122e-02
2.871380e-02
2.876604e-02
2.881799e-02
2.887042e-02
2.892272e-02
2.897556e-02
2.902823e-02
2.908074e-02
2.913314e-02
2.918536e-02
2.923894e-02
2.929250e-02
2.934603e-02
2.939932e-02
2.945194e-02
2.950401e-02
2.955572e-02
2.960732e-02
2.965816e-02
2.970866e-02
2.975904e-02
2.980952e-02
2.985954e-02
2.990947e-02
2.995949e-02
3.000984e-02
3.006000e-02
3.011023e-02
3.016063e-02
3.021133e-02
3.026211e-02
3.031302e-02
3.036411e-02
3.041474e-02
3.046470e-02
3.051393e-02
3.056257e-02
3.061077e-02
3.065848e-02
3.070579e-02
3.075277e-02
3.079937e-02
3.084570e-02
3.089170e-02
3.093747e-02
3.098302e-02
3.102837e-02
3.107360e-02
3.111869e-02
3.116369e-02
3.120861e-02
3.125351e-02
3.129835e-02
3.134318e-02
3.138801e-02
3.143281e-02
3.147761e-02
3.152244e-02
3.156730e-02
3.161222e-02
3.165721e-02
3.170230e-02
3.174747e-02
3.179277e-02
3.183815e-02
3.188364e-02
3.192920e-02
3.197485e-02
3.202058e-02
3.206643e-02
3.211238e-02
3.215846e-02
3.220467e-02
3.225101e-02
3.229750e-02
3.234413e-02
3.239092e-02
3.243788e-02
3.248500e-02
3.253231e-02
3.257981e-02
3.262750e-02
3.267534e-02
3.272337e-02
3.277157e-02
3.281996e-02
3.286853e-02
3.291727e-02
3.296617e-02
3.301526e-02
3.306451e-02
3.311394e-02
3.316352e-02
3.321321e-02
3.326303e-02
3.331297e-02
3.336299e-02
3.341311e-02
3.346332e-02
3.351363e-02
3.356405e-02
3.361457e-02
3.366520e-02
3.371590e-02
3.376667e-02
3.381751e-02
3.386840e-02
3.391933e-02
3.397030e-02
3.402132e-02
3.407235e-02
3.412343e-02
3.417452e-02
3.422563e-02
3.427674e-02
3.432783e-02
3.437891e-02
3.442998e-02
3.448103e-02
3.453205e-02
3.458303e-02
3.463401e-02
3.468498e-02
3.473596e-02
3.478697e-02
3.483802e-02
3.488912e-02
3.494030e-02
3.499155e-02
3.504285e-02
3.509422e-02
3.514567e-02
3.519722e-02
3.524888e-02
3.530067e-02
3.535258e-02
3.540462e-02
3.545678e-02
3.550909e-02
3.556152e-02
3.561405e-02
3.566670e-02
3.571935e-02
3.577084e-02
3.582159e-02
3.587229e-02
3.592351e-02
3.597373e-02
3.602383e-02
3.607409e-02
3.612485e-02
3.617533e-02
3.622545e-02
3.627537e-02
3.632515e-02
3.637480e-02
3.642447e-02
3.647407e-02
3.652371e-02
3.656067e-02
3.659777e-02
3.663529e-02
3.667291e-02
3.671097e-02
3.674914e-02
3.678776e-02
3.682649e-02
3.686569e-02
3.690083e-02
3.693591e-02
3.697110e-02
3.700624e-02
3.704152e-02
3.707674e-02
3.711211e-02
3.714743e-02
3.718291e-02
3.721835e-02
3.725397e-02
3.728954e-02
3.732531e-02
3.736104e-02
3.739697e-02
3.743287e-02
3.746898e-02
3.750507e-02
3.754137e-02
3.757765e-02
3.761416e-02
3.765065e-02
3.768736e-02
3.772410e-02
3.776107e-02
3.779814e-02
3.783545e-02
3.787292e-02
3.791062e-02
3.794854e-02
3.798670e-02
3.802510e-02
3.806373e-02
3.810265e-02
3.814178e-02
3.818124e-02
3.822087e-02
3.826086e-02
3.830098e-02
3.834149e-02
3.837922e-02
3.841757e-02
3.845592e-02
3.849430e-02
3.853267e-02
3.857106e-02
3.860945e-02
3.864786e-02
3.868626e-02
3.872468e-02
3.876310e-02
3.880153e-02
3.883997e-02
3.887842e-02
3.891632e-02
3.895477e-02
3.899325e-02
3.903173e-02
3.906967e-02
3.910814e-02
3.914611e-02
3.918462e-02
3.922263e-02
3.926118e-02
3.929925e-02
3.933784e-02
3.937596e-02
3.941460e-02
3.945278e-02
3.949146e-02
3.952842e-02
3.956544e-02
3.960250e-02
3.963962e-02
3.967678e-02
3.971402e-02
3.975129e-02
3.978863e-02
3.982602e-02
3.986348e-02
3.990098e-02
3.993855e-02
3.997617e-02
4.001387e-02
4.005155e-02
4.008937e-02
4.012715e-02
4.016510e-02
4.020300e-02
4.024108e-02
4.027913e-02
4.031732e-02
4.035555e-02
4.039381e-02
4.043210e-02
4.047042e-02
4.050877e-02
4.054711e-02
4.058470e-02
4.062213e-02
4.065899e-02
4.069628e-02
4.073360e-02
4.077091e-02
4.080827e-02
4.084562e-02
4.088303e-02
4.091939e-02
4.095577e-02
4.099216e-02
4.102861e-02
4.106508e-02
4.110162e-02
4.113817e-02
4.117482e-02
4.121148e-02
4.124824e-02
4.128502e-02
4.132191e-02
4.135882e-02
4.139583e-02
4.143288e-02
4.147005e-02
4.150731e-02
4.154470e-02
4.158224e-02
4.161993e-02
4.165784e-02
4.169537e-02
4.173339e-02
4.177160e-02
4.180823e-02
4.184493e-02
4.188161e-02
4.191837e-02
4.195511e-02
4.199195e-02
4.202876e-02
4.206568e-02
4.210256e-02
4.213957e-02
4.217653e-02
4.221364e-02
4.225071e-02
4.228793e-02
4.232510e-02
4.236245e-02
4.239975e-02
4.243723e-02
4.247465e-02
4.251196e-02
4.254929e-02
4.258662e-02
4.262398e-02
4.266137e-02
4.269880e-02
4.273626e-02
4.277376e-02
4.281130e-02
4.284700e-02
4.288287e-02
4.291859e-02
4.295436e-02
4.299002e-02
4.302575e-02
4.306142e-02
4.309715e-02
4.313283e-02
4.316858e-02
4.320429e-02
4.324006e-02
4.327580e-02
4.331160e-02
4.334736e-02
4.338318e-02
4.341897e-02
4.345480e-02
4.349061e-02
4.352645e-02
4.356384e-02
4.360137e-02
4.363886e-02
4.367648e-02
4.371407e-02
4.375180e-02
4.378950e-02
4.382735e-02
4.386517e-02
4.390313e-02
4.394108e-02
4.397917e-02
4.401725e-02
4.405545e-02
4.409366e-02
4.413198e-02
4.417032e-02
4.420871e-02
4.424717e-02
4.428541e-02
4.432407e-02
4.436280e-02
4.440204e-02
4.444143e-02
4.448066e-02
4.452027e-02
4.455950e-02
4.459899e-02
4.463825e-02
4.467794e-02
4.471726e-02
4.475695e-02
4.479634e-02
4.483599e-02
4.487513e-02
4.491474e-02
4.495362e-02
4.499235e-02
4.503095e-02
4.506938e-02
4.510801e-02
4.514669e-02
4.518509e-02
4.522403e-02
4.526242e-02
4.530006e-02
4.533764e-02
4.537529e-02
4.541288e-02
4.545055e-02
4.548830e-02
4.552614e-02
4.556642e-02
4.560678e-02
4.564725e-02
4.568784e-02
4.572804e-02
4.576874e-02
4.580900e-02
4.584692e-02
4.588463e-02
4.592248e-02
4.596014e-02
4.599799e-02
4.603574e-02
4.607371e-02
4.611186e-02
4.615024e-02
4.618917e-02
4.622829e-02
4.626814e-02
4.630740e-02
4.634719e-02
4.638639e-02
4.642617e-02
4.646418e-02
4.650192e-02
4.653996e-02
4.657776e-02
4.661587e-02
4.665394e-02
4.669218e-02
4.673060e-02
4.676925e-02
4.680818e-02
4.684743e-02
4.688701e-02
4.692697e-02
4.696676e-02
4.700704e-02
4.704761e-02
4.708592e-02
4.712398e-02
4.716239e-02
4.720055e-02
4.723907e-02
4.727754e-02
4.731638e-02
4.735540e-02
4.739450e-02
4.743413e-02
4.747343e-02
4.751330e-02
4.755288e-02
4.759304e-02
4.763294e-02
4.767309e-02
4.771334e-02
4.775181e-02
4.779053e-02
4.782906e-02
4.786790e-02
4.790649e-02
4.794541e-02
4.798421e-02
4.802335e-02
4.806256e-02
4.810211e-02
4.814187e-02
4.818197e-02
4.822204e-02
4.826237e-02
4.830167e-02
4.834160e-02
4.838027e-02
4.841966e-02
4.845879e-02
4.849788e-02
4.853676e-02
4.857569e-02
4.861445e-02
4.865124e-02
4.868802e-02
4.872488e-02
4.876175e-02
4.879870e-02
4.883568e-02
4.887274e-02
4.890980e-02
4.894694e-02
4.898406e-02
4.902124e-02
4.905840e-02
4.909559e-02
4.913275e-02
4.916998e-02
4.920722e-02
4.924447e-02
4.928166e-02
4.931889e-02
4.935611e-02
4.939334e-02
4.943346e-02
4.947364e-02
4.951276e-02
4.955210e-02
4.959124e-02
4.963065e-02
4.966982e-02
4.970929e-02
4.974834e-02
4.978734e-02
4.982628e-02
4.986564e-02
4.990460e-02
4.994358e-02
4.998254e-02
5.002255e-02
5.006155e-02
5.010056e-02
5.013956e-02
5.018015e-02
5.022079e-02
5.026162e-02
5.030261e-02
5.034375e-02
5.038295e-02
5.042232e-02
5.046158e-02
5.050104e-02
5.054037e-02
5.057994e-02
5.061935e-02
5.065902e-02
5.069833e-02
5.073775e-02
5.077726e-02
5.081678e-02
5.085630e-02
5.089584e-02
5.093537e-02
5.097493e-02
5.101449e-02
5.105488e-02
5.109448e-02
5.113408e-02
5.117369e-02
5.121450e-02
5.125529e-02
5.129606e-02
5.133681e-02
5.137755e-02
5.141826e-02
5.145897e-02
5.149859e-02
5.153780e-02
5.157681e-02
5.161601e-02
5.165534e-02
5.169501e-02
5.173489e-02
5.177505e-02
5.181541e-02
5.185579e-02
5.189613e-02
5.193662e-02
5.197688e-02
5.201738e-02
5.205783e-02
5.209830e-02
5.213750e-02
5.217676e-02
5.221598e-02
5.225482e-02
5.229346e-02
5.233230e-02
5.237128e-02
5.241060e-02
5.245015e-02
5.249000e-02
5.253006e-02
5.257019e-02
5.261049e-02
5.265101e-02
5.269183e-02
5.273289e-02
5.277151e-02
5.281315e-02
5.285181e-02
5.289056e-02
5.292928e-02
5.296760e-02
5.300577e-02
5.304417e-02
5.308277e-02
5.312174e-02
5.316106e-02
5.320054e-02
5.323974e-02
5.327893e-02
5.331788e-02
5.335689e-02
5.339571e-02
5.343461e-02
5.347338e-02
5.351174e-02
5.354989e-02
5.358836e-02
5.362702e-02
5.366610e-02
5.370543e-02
5.374500e-02
5.378479e-02
5.382487e-02
5.386529e-02
5.390596e-02
5.394706e-02
5.398721e-02
5.402671e-02
5.406655e-02
5.410630e-02
5.414669e-02
5.418634e-02
5.422693e-02
5.426646e-02
5.430606e-02
5.434574e-02
5.438708e-02
5.442673e-02
5.446858e-02
5.450814e-02
5.455150e-02
5.459423e-02
5.463525e-02
5.467476e-02
5.471583e-02
5.475685e-02
5.479798e-02
5.483904e-02
5.488016e-02
5.492127e-02
5.496238e-02
5.500170e-02
5.504282e-02
5.508209e-02
5.512320e-02
5.516431e-02
5.520540e-02
5.524650e-02
5.528758e-02
5.532866e-02
5.536973e-02
5.541079e-02
5.545215e-02
5.549340e-02
5.553476e-02
5.557604e-02
5.561744e-02
5.565881e-02
5.570031e-02
5.574188e-02
5.578357e-02
5.582547e-02
5.586750e-02
5.590991e-02
5.595247e-02
5.599562e-02
5.603892e-02
5.608231e-02
5.612452e-02
5.616650e-02
5.620934e-02
5.625242e-02
5.629541e-02
5.633772e-02
5.637957e-02
5.642066e-02
5.646182e-02
5.650275e-02
5.654365e-02
5.658454e-02
5.662542e-02
5.666592e-02
5.670715e-02
5.674803e-02
5.678887e-02
5.682969e-02
5.687012e-02
5.690998e-02
5.695043e-02
5.699094e-02
5.703142e-02
5.707173e-02
5.711177e-02
5.715133e-02
5.719061e-02
5.722945e-02
5.726814e-02
5.730659e-02
5.734494e-02
5.738305e-02
5.742110e-02
5.745897e-02
5.749679e-02
5.753447e-02
5.757213e-02
5.760967e-02
5.764721e-02
5.768465e-02
5.772210e-02
5.775946e-02
5.779684e-02
5.783415e-02
5.787509e-02
5.791604e-02
5.795700e-02
5.799798e-02
5.803897e-02
5.807997e-02
5.812098e-02
5.816202e-02
5.820306e-02
5.824427e-02
5.828559e-02
5.832669e-02
5.836788e-02
5.840868e-02
5.844945e-02
5.848978e-02
5.853013e-02
5.857027e-02
5.861018e-02
5.864959e-02
5.868876e-02
5.872766e-02
5.876638e-02
5.880480e-02
5.884308e-02
5.888110e-02
5.891905e-02
5.895681e-02
5.899454e-02
5.903212e-02
5.906970e-02
5.910717e-02
5.914447e-02
5.918160e-02
5.921857e-02
5.925593e-02
5.929468e-02
5.933254e-02
5.937010e-02
5.940730e-02
5.944434e-02
5.948127e-02
5.951810e-02
5.955861e-02
5.959665e-02
5.963834e-02
5.967606e-02
5.971733e-02
5.975481e-02
5.979197e-02
5.982925e-02
5.986627e-02
5.990342e-02
5.994034e-02
5.997742e-02
6.001428e-02
6.005131e-02
6.008814e-02
6.012514e-02
6.016200e-02
6.019905e-02
6.023626e-02
6.027367e-02
6.031164e-02
6.034979e-02
6.038794e-02
6.042601e-02
6.046388e-02
6.050061e-02
6.053724e-02
6.057403e-02
6.061071e-02
6.064756e-02
6.068431e-02
6.072122e-02
6.075804e-02
6.079502e-02
6.083192e-02
6.086898e-02
6.090596e-02
6.094311e-02
6.098018e-02
6.101741e-02
6.105456e-02
6.109189e-02
6.112912e-02
6.116653e-02
6.120385e-02
6.124134e-02
6.127884e-02
6.131652e-02
6.135441e-02
6.139248e-02
6.143099e-02
6.146967e-02
6.150900e-02
6.154847e-02
6.158761e-02
6.162698e-02
6.166604e-02
6.170357e-02
6.174101e-02
6.177863e-02
6.181613e-02
6.185381e-02
6.189136e-02
6.192892e-02
6.196613e-02
6.200315e-02
6.203986e-02
6.207638e-02
6.211262e-02
6.214867e-02
6.218444e-02
6.222234e-02
6.225766e-02
6.229559e-02
6.233340e-02
6.237138e-02
6.240923e-02
6.244719e-02
6.248423e-02
6.252114e-02
6.255746e-02
6.259351e-02
6.262901e-02
6.266413e-02
6.269883e-02
6.273323e-02
6.276730e-02
6.280116e-02
6.283479e-02
6.287179e-02
6.290515e-02
6.294184e-02
6.297505e-02
6.301133e-02
6.304696e-02
6.308243e-02
6.311741e-02
6.315204e-02
6.318625e-02
6.322016e-02
6.325377e-02
6.328718e-02
6.332042e-02
6.335353e-02
6.338656e-02
6.342289e-02
6.345583e-02
6.349161e-02
6.352451e-02
6.355960e-02
6.359421e-02
6.362855e-02
6.366250e-02
6.369629e-02
6.372979e-02
6.376318e-02
6.379640e-02
6.382956e-02
6.386261e-02
6.389892e-02
6.393190e-02
6.396760e-02
6.400056e-02
6.403547e-02
6.406838e-02
6.410261e-02
6.413646e-02
6.417018e-02
6.420364e-02
6.423706e-02
6.427030e-02
6.430362e-02
6.433675e-02
6.436997e-02
6.440307e-02
6.443704e-02
6.447032e-02
6.450442e-02
6.453783e-02
6.457134e-02
6.460492e-02
6.463860e-02
6.467203e-02
6.470545e-02
6.473864e-02
6.477185e-02
6.480487e-02
6.483794e-02
6.487085e-02
6.490383e-02
6.493668e-02
6.496958e-02
6.500238e-02
6.503528e-02
6.506807e-02
6.510102e-02
6.513383e-02
6.516698e-02
6.519980e-02
6.523326e-02
6.526599e-02
6.529982e-02
6.533253e-02
6.536672e-02
6.540008e-02
6.543371e-02
6.546702e-02
6.550020e-02
6.553317e-02
6.556837e-02
6.560117e-02
6.563724e-02
6.566997e-02
6.570335e-02
6.573640e-02
6.577027e-02
6.580352e-02
6.583720e-02
6.587054e-02
6.590373e-02
6.593673e-02
6.597025e-02
6.600307e-02
6.603568e-02
6.606856e-02
6.610125e-02
6.613436e-02
6.616756e-02
6.620133e-02
6.623503e-02
6.626834e-02
6.630141e-02
6.633429e-02
6.636707e-02
6.639976e-02
6.643314e-02
6.646698e-02
6.650114e-02
6.653517e-02
6.656944e-02
6.660337e-02
6.663646e-02
6.666992e-02
6.670346e-02
6.673681e-02
6.677094e-02
6.680490e-02
6.683966e-02
6.687425e-02
6.690746e-02
6.694096e-02
6.697451e-02
6.700844e-02
6.704218e-02
6.707594e-02
6.711088e-02
6.714460e-02
6.717813e-02
6.721193e-02
6.724579e-02
6.728002e-02
6.731433e-02
6.734865e-02
6.738276e-02
6.741685e-02
6.745066e-02
6.748458e-02
6.751863e-02
6.755314e-02
6.758788e-02
6.762290e-02
6.765769e-02
6.769237e-02
6.772696e-02
6.776181e-02
6.779698e-02
6.783260e-02
6.786817e-02
6.790407e-02
6.793974e-02
6.797576e-02
6.801145e-02
6.804758e-02
6.808331e-02
6.811951e-02
6.815542e-02
6.819183e-02
6.822800e-02
6.826431e-02
6.829971e-02
6.833538e-02
6.837081e-02
6.840656e-02
6.844204e-02
6.847790e-02
6.851353e-02
6.854950e-02
6.858542e-02
6.862115e-02
6.865777e-02
6.869466e-02
6.873178e-02
6.876741e-02
6.880291e-02
6.883868e-02
6.887435e-02
6.891036e-02
6.894644e-02
6.898253e-02
6.901858e-02
6.905449e-02
6.909039e-02
6.912618e-02
6.916197e-02
6.919766e-02
6.923336e-02
6.926897e-02
6.930538e-02
6.934227e-02
6.937901e-02
6.941597e-02
6.945278e-02
6.948858e-02
6.952442e-02
6.956047e-02
6.959672e-02
6.963329e-02
6.967009e-02
6.970689e-02
6.974380e-02
6.978065e-02
6.981761e-02
6.985452e-02
6.989154e-02
6.992840e-02
6.996470e-02
7.000117e-02
7.003795e-02
7.007474e-02
7.011169e-02
7.014858e-02
7.018566e-02
7.022179e-02
7.025897e-02
7.029523e-02
7.033257e-02
7.036902e-02
7.040608e-02
7.044235e-02
7.047951e-02
7.051654e-02
7.055429e-02
7.059203e-02
7.062978e-02
7.066749e-02
7.070520e-02
7.074285e-02
7.078049e-02
7.081807e-02
7.085566e-02
7.089320e-02
7.093073e-02
7.096823e-02
7.100572e-02
7.104317e-02
7.108064e-02
7.111806e-02
7.115549e-02
7.119288e-02
7.123030e-02
7.126768e-02
7.130508e-02
7.134245e-02
7.137985e-02
7.141722e-02
7.145463e-02
7.149201e-02
7.152942e-02
7.156682e-02
7.160425e-02
7.164166e-02
7.167911e-02
7.171655e-02
7.175402e-02
7.179148e-02
7.182898e-02
7.186646e-02
7.190398e-02
7.194149e-02
7.197903e-02
7.201657e-02
7.205415e-02
7.209172e-02
7.212933e-02
7.216693e-02
7.220457e-02
7.224220e-02
7.227987e-02
7.231753e-02
7.235523e-02
7.239292e-02
7.243065e-02
7.246837e-02
7.250612e-02
7.254387e-02
7.258165e-02
7.261943e-02
7.265725e-02
7.269506e-02
7.273290e-02
7.277074e-02
7.280859e-02
7.284644e-02
7.288435e-02
7.292229e-02
7.296024e-02
7.299819e-02
7.303616e-02
7.307417e-02
7.311212e-02
7.315015e-02
7.318810e-02
7.322610e-02
7.326403e-02
7.330204e-02
7.333998e-02
7.337787e-02
7.341581e-02
7.345373e-02
7.349166e-02
7.352959e-02
7.356751e-02
7.360545e-02
7.364342e-02
7.368145e-02
7.371954e-02
7.375771e-02
7.379600e-02
7.383441e-02
7.387302e-02
7.391183e-02
7.395095e-02
7.399038e-02
7.403023e-02
7.407044e-02
7.411126e-02
7.415217e-02
7.419308e-02
7.422990e-02
7.426682e-02
7.430377e-02
7.434052e-02
7.437713e-02
7.441383e-02
7.445056e-02
7.448742e-02
7.452433e-02
7.456121e-02
7.459807e-02
7.463505e-02
7.467210e-02
7.470920e-02
7.474637e-02
7.478363e-02
7.482100e-02
7.485849e-02
7.489615e-02
7.493393e-02
7.497194e-02
7.501126e-02
7.504705e-02
7.508297e-02
7.511894e-02
7.515517e-02
7.519152e-02
7.522808e-02
7.526475e-02
7.530140e-02
7.533807e-02
7.537491e-02
7.541188e-02
7.544897e-02
7.548620e-02
7.552356e-02
7.556087e-02
7.559857e-02
7.563652e-02
7.567464e-02
7.571105e-02
7.574703e-02
7.578277e-02
7.581868e-02
7.585468e-02
7.589096e-02
7.592742e-02
7.596412e-02
7.600097e-02
7.603783e-02
7.607476e-02
7.611189e-02
7.614919e-02
7.618663e-02
7.622427e-02
7.626206e-02
7.630012e-02
7.633835e-02
7.637474e-02
7.641070e-02
7.644645e-02
7.648236e-02
7.651839e-02
7.655470e-02
7.659119e-02
7.662792e-02
7.666482e-02
7.670173e-02
7.673873e-02
7.677590e-02
7.681326e-02
7.685081e-02
7.688861e-02
7.692658e-02
7.696285e-02
7.699915e-02
7.703543e-02
7.707128e-02
7.710694e-02
7.714279e-02
7.717878e-02
7.721508e-02
7.725160e-02
7.728827e-02
7.732510e-02
7.736219e-02
7.739902e-02
7.743650e-02
7.747319e-02
7.751101e-02
7.754720e-02
7.758346e-02
7.761969e-02
7.765554e-02
7.769120e-02
7.772707e-02
7.776308e-02
7.779940e-02
7.783595e-02
7.787277e-02
7.790979e-02
7.794687e-02
7.798409e-02
7.802151e-02
7.805920e-02
7.809710e-02
7.813334e-02
7.816965e-02
7.820594e-02
7.824189e-02
7.827765e-02
7.831362e-02
7.834972e-02
7.838613e-02
7.842276e-02
7.845965e-02
7.849674e-02
7.853387e-02
7.857114e-02
7.860859e-02
7.864629e-02
7.868420e-02
7.872242e-02
7.876083e-02
7.879731e-02
7.883385e-02
7.887039e-02
7.890653e-02
7.894251e-02
7.897869e-02
7.901504e-02
7.905170e-02
7.908861e-02
7.912578e-02
7.916316e-02
7.920058e-02
7.923813e-02
7.927587e-02
7.931385e-02
7.935203e-02
7.939049e-02
7.942915e-02
7.946579e-02
7.950206e-02
7.953814e-02
7.957441e-02
7.961080e-02
7.964749e-02
7.968436e-02
7.972150e-02
7.975880e-02
7.979612e-02
7.983352e-02
7.987109e-02
7.990886e-02
7.994681e-02
7.998500e-02
8.002337e-02
8.006014e-02
8.009698e-02
8.013380e-02
8.017024e-02
8.020648e-02
8.024289e-02
8.027942e-02
8.031624e-02
8.035325e-02
8.039051e-02
8.042795e-02
8.046539e-02
8.050292e-02
8.054066e-02
8.057860e-02
8.061667e-02
8.065496e-02
8.069341e-02
8.073214e-02
8.077106e-02
8.080799e-02
8.084454e-02
8.088089e-02
8.091742e-02
8.095406e-02
8.099100e-02
8.102813e-02
8.106552e-02
8.110309e-02
8.114067e-02
8.117835e-02
8.121623e-02
8.125433e-02
8.129257e-02
8.133103e-02
8.136966e-02
8.140858e-02
8.144769e-02
8.148475e-02
8.152143e-02
8.155791e-02
8.159457e-02
8.163135e-02
8.166844e-02
8.170572e-02
8.174326e-02
8.178098e-02
8.181873e-02
8.185657e-02
8.189461e-02
8.193288e-02
8.197128e-02
8.200991e-02
8.204870e-02
8.208779e-02
8.212706e-02
8.216429e-02
8.220113e-02
8.223778e-02
8.227460e-02
8.231154e-02
8.234878e-02
8.238621e-02
8.242390e-02
8.246176e-02
8.249964e-02
8.253758e-02
8.257573e-02
8.261407e-02
8.265254e-02
8.269119e-02
8.273000e-02
8.276904e-02
8.280824e-02
8.284566e-02
8.288257e-02
8.291923e-02
8.295600e-02
8.299285e-02
8.302998e-02
8.306729e-02
8.310486e-02
8.314261e-02
8.318038e-02
8.321821e-02
8.325622e-02
8.329439e-02
8.333265e-02
8.337103e-02
8.340954e-02
8.344822e-02
8.348702e-02
8.352601e-02
8.356512e-02
8.360444e-02
8.364390e-02
8.368152e-02
8.371872e-02
8.375568e-02
8.379278e-02
8.382996e-02
8.386740e-02
8.390499e-02
8.394281e-02
8.398077e-02
8.401867e-02
8.405659e-02
8.409469e-02
8.413293e-02
8.417135e-02
8.420991e-02
8.424850e-02
8.428718e-02
8.432598e-02
8.436495e-02
8.440405e-02
8.444336e-02
8.448281e-02
8.452249e-02
8.456363e-02
8.460076e-02
8.463805e-02
8.467540e-02
8.471301e-02
8.475076e-02
8.478871e-02
8.482680e-02
8.486480e-02
8.490277e-02
8.494091e-02
8.497919e-02
8.501765e-02
8.505624e-02
8.509487e-02
8.513358e-02
8.517242e-02
8.521141e-02
8.525052e-02
8.528981e-02
8.532924e-02
8.536887e-02
8.540990e-02
8.544749e-02
8.548521e-02
8.552298e-02
8.556098e-02
8.559911e-02
8.563744e-02
8.567589e-02
8.571423e-02
8.575252e-02
8.579097e-02
8.582953e-02
8.586826e-02
8.590710e-02
8.594596e-02
8.598485e-02
8.602388e-02
8.606303e-02
8.610224e-02
8.614155e-02
8.618095e-02
8.622049e-02
8.626013e-02
8.629993e-02
8.634101e-02
8.637956e-02
8.641820e-02
8.645686e-02
8.649573e-02
8.653472e-02
8.657393e-02
8.661328e-02
8.665238e-02
8.669133e-02
8.673045e-02
8.676967e-02
8.680908e-02
8.684860e-02
8.688826e-02
8.692798e-02
8.696763e-02
8.700727e-02
8.704702e-02
8.708687e-02
8.712679e-02
8.716677e-02
8.720686e-02
8.724704e-02
8.728731e-02
8.732768e-02
8.736881e-02
8.741075e-02
8.745354e-02
8.749344e-02
8.753355e-02
8.757380e-02
8.761364e-02
8.765329e-02
8.769310e-02
8.773301e-02
8.777319e-02
8.781352e-02
8.785404e-02
8.789466e-02
8.793513e-02
8.797553e-02
8.801604e-02
8.805663e-02
8.809724e-02
8.813788e-02
8.817864e-02
8.821949e-02
8.826038e-02
8.830132e-02
8.834230e-02
8.838337e-02
8.842449e-02
8.846571e-02
8.850784e-02
8.855075e-02
8.859428e-02
8.863541e-02
8.867673e-02
8.871816e-02
8.875911e-02
8.879982e-02
8.884065e-02
8.888156e-02
8.892271e-02
8.896401e-02
8.900549e-02
8.904708e-02
8.908876e-02
8.913051e-02
8.917197e-02
8.921329e-02
8.925472e-02
8.929623e-02
8.933788e-02
8.937961e-02
8.942131e-02
8.946300e-02
8.950480e-02
8.954667e-02
8.958856e-02
8.963048e-02
8.967246e-02
8.971450e-02
8.975733e-02
8.980026e-02
8.984426e-02
8.988705e-02
8.993105e-02
8.997372e-02
9.001650e-02
9.005878e-02
9.010056e-02
9.014206e-02
9.018369e-02
9.022537e-02
9.026730e-02
9.030933e-02
9.035156e-02
9.039385e-02
9.043626e-02
9.047872e-02
9.052087e-02
9.056284e-02
9.060496e-02
9.064715e-02
9.068951e-02
9.073196e-02
9.077451e-02
9.081711e-02
9.085961e-02
9.090208e-02
9.094466e-02
9.098732e-02
9.103004e-02
9.107273e-02
9.111561e-02
9.115820e-02
9.120207e-02
9.124666e-02
9.129189e-02
9.133432e-02
9.137987e-02
9.142225e-02
9.146419e-02
9.150589e-02
9.154773e-02
9.158963e-02
9.163178e-02
9.167404e-02
9.171660e-02
9.175901e-02
9.180185e-02
9.184435e-02
9.188700e-02
9.192947e-02
9.197208e-02
9.201460e-02
9.205749e-02
9.210001e-02
9.214312e-02
9.218628e-02
9.222933e-02
9.227236e-02
9.231549e-02
9.235809e-02
9.240142e-02
9.244400e-02
9.248800e-02
9.252978e-02
9.257505e-02
9.262071e-02
9.266665e-02
9.271280e-02
9.275884e-02
9.280063e-02
9.284253e-02
9.288451e-02
9.292670e-02
9.296901e-02
9.301162e-02
9.305444e-02
9.309697e-02
9.313935e-02
9.318183e-02
9.322439e-02
9.326713e-02
9.330997e-02
9.335304e-02
9.339627e-02
9.343934e-02
9.348238e-02
9.352549e-02
9.356869e-02
9.361189e-02
9.365514e-02
9.369861e-02
9.374224e-02
9.378584e-02
9.382950e-02
9.387317e-02
9.391693e-02
9.396070e-02
9.400457e-02
9.404862e-02
9.409283e-02
9.413705e-02
9.418138e-02
9.422568e-02
9.427004e-02
9.431461e-02
9.435916e-02
9.440373e-02
9.444828e-02
9.449284e-02
9.453738e-02
9.458194e-02
9.462648e-02
9.467102e-02
9.471555e-02
9.476009e-02
9.480462e-02
9.484915e-02
9.489366e-02
9.493818e-02
9.498269e-02
9.502720e-02
9.507169e-02
9.511618e-02
9.516066e-02
9.520514e-02
9.524961e-02
9.529408e-02
9.533853e-02
9.538297e-02
9.542740e-02
9.547183e-02
9.551625e-02
9.556066e-02
9.560505e-02
9.564944e-02
9.569381e-02
9.573818e-02
9.578254e-02
9.582688e-02
9.587121e-02
9.591554e-02
9.595985e-02
9.600415e-02
9.604844e-02
9.609272e-02
9.613699e-02
9.618125e-02
9.622549e-02
9.626973e-02
9.631396e-02
9.635818e-02
9.640238e-02
9.644658e-02
9.649077e-02
9.653495e-02
9.657912e-02
9.662328e-02
9.666744e-02
9.671159e-02
9.675573e-02
9.679987e-02
9.684400e-02
9.688813e-02
9.693225e-02
9.697637e-02
9.702049e-02
9.706461e-02
9.710872e-02
9.715283e-02
9.719694e-02
9.724105e-02
9.728515e-02
9.732927e-02
9.737337e-02
9.741749e-02
9.746160e-02
9.750572e-02
9.754983e-02
9.759396e-02
9.763808e-02
9.768221e-02
9.772633e-02
9.777047e-02
9.781460e-02
9.785875e-02
9.790288e-02
9.794704e-02
9.799118e-02
9.803535e-02
9.807950e-02
9.812374e-02
9.816790e-02
9.821217e-02
9.825655e-02
9.830101e-02
9.834544e-02
9.838991e-02
9.843434e-02
9.847880e-02
9.852322e-02
9.856768e-02
9.861211e-02
9.865657e-02
9.870101e-02
9.874550e-02
9.878996e-02
9.883446e-02
9.887894e-02
9.892347e-02
9.896796e-02
9.901251e-02
9.905705e-02
9.910161e-02
9.914616e-02
9.919086e-02
9.923562e-02
9.928046e-02
9.932530e-02
9.937017e-02
9.941500e-02
9.945982e-02
9.950455e-02
9.954934e-02
9.959409e-02
9.963885e-02
9.968355e-02
9.972831e-02
9.977306e-02
9.981783e-02
9.986254e-02
9.990733e-02
9.995212e-02
9.999692e-02
1.000417e-01
1.000865e-01
1.001313e-01
1.001763e-01
1.002213e-01
1.002664e-01
1.003116e-01
1.003567e-01
1.004018e-01
1.004467e-01
1.004916e-01
1.005366e-01
1.005816e-01
1.006266e-01
1.006716e-01
1.007165e-01
1.007613e-01
1.008063e-01
1.008514e-01
1.008965e-01
1.009416e-01
1.009866e-01
1.010316e-01
1.010767e-01
1.011220e-01
1.011673e-01
1.012125e-01
1.012578e-01
1.013028e-01
1.013482e-01
1.013937e-01
1.014392e-01
1.014847e-01
1.015302e-01
1.015754e-01
1.016210e-01
1.016667e-01
1.017126e-01
1.017583e-01
1.018042e-01
1.018503e-01
1.018965e-01
1.019426e-01
1.019890e-01
1.020355e-01
1.020819e-01
1.021281e-01
1.021748e-01
1.022216e-01
1.022683e-01
1.023147e-01
1.023618e-01
1.024089e-01
1.024560e-01
1.025026e-01
1.025500e-01
1.025977e-01
1.026453e-01
1.026923e-01
1.027401e-01
1.027880e-01
1.028356e-01
1.028826e-01
1.029301e-01
1.029777e-01
1.030249e-01
1.030714e-01
1.031184e-01
1.031654e-01
1.032120e-01
1.032579e-01
1.033041e-01
1.033502e-01
1.033963e-01
1.034417e-01
1.034866e-01
1.035306e-01
1.035755e-01
1.036205e-01
1.036653e-01
1.037096e-01
1.037535e-01
1.037968e-01
1.038408e-01
1.038849e-01
1.039291e-01
1.039731e-01
1.040168e-01
1.040600e-01
1.041037e-01
1.041475e-01
1.041914e-01
1.042351e-01
1.042786e-01
1.043216e-01
1.043645e-01
1.044070e-01
1.044493e-01
1.044914e-01
1.045333e-01
1.045751e-01
1.046169e-01
1.046585e-01
1.047001e-01
1.047416e-01
1.047831e-01
1.048245e-01
1.048659e-01
1.049073e-01
1.049487e-01
1.049900e-01
1.050314e-01
1.050727e-01
1.051140e-01
1.051553e-01
1.051967e-01
1.052422e-01
1.052909e-01
1.053384e-01
1.053868e-01
1.054339e-01
1.054818e-01
1.055275e-01
1.055736e-01
1.056199e-01
1.056665e-01
1.057128e-01
1.057597e-01
1.058058e-01
1.058524e-01
1.058984e-01
1.059447e-01
1.059907e-01
1.060370e-01
1.060830e-01
1.061292e-01
1.061752e-01
1.062214e-01
1.062632e-01
1.063090e-01
1.063541e-01
1.063989e-01
1.064408e-01
1.064859e-01
1.065278e-01
1.065734e-01
1.066153e-01
1.066613e-01
1.067033e-01
1.067493e-01
1.067913e-01
1.068375e-01
1.068795e-01
1.069252e-01
1.069703e-01
1.070153e-01
1.070575e-01
1.071001e-01
1.071422e-01
1.071851e-01
1.072283e-01
1.072715e-01
1.073138e-01
1.073575e-01
1.073998e-01
1.074440e-01
1.074862e-01
1.075310e-01
1.075733e-01
1.076186e-01
1.076610e-01
1.077059e-01
1.077482e-01
1.077906e-01
1.078330e-01
1.078755e-01
1.079178e-01
1.079602e-01
1.080026e-01
1.080450e-01
1.080876e-01
1.081301e-01
1.081726e-01
1.082152e-01
1.082577e-01
1.083004e-01
1.083431e-01
1.083859e-01
1.084286e-01
1.084714e-01
1.085142e-01
1.085571e-01
1.086002e-01
1.086465e-01
1.086897e-01
1.087368e-01
1.087843e-01
1.088280e-01
1.088718e-01
1.089158e-01
1.089598e-01
1.090039e-01
1.090481e-01
1.090925e-01
1.091368e-01
1.091813e-01
1.092259e-01
1.092705e-01
1.093152e-01
1.093600e-01
1.094049e-01
1.094499e-01
1.094948e-01
1.095397e-01
1.095846e-01
1.096297e-01
1.096748e-01
1.097199e-01
1.097648e-01
1.098099e-01
1.098549e-01
1.099001e-01
1.099451e-01
1.099903e-01
1.100354e-01
1.100806e-01
1.101257e-01
1.101707e-01
1.102157e-01
1.102615e-01
1.103069e-01
1.103529e-01
1.103985e-01
1.104459e-01
1.104939e-01
1.105416e-01
1.105856e-01
1.106318e-01
1.106800e-01
1.107284e-01
1.107773e-01
1.108266e-01
1.108760e-01
1.109247e-01
1.109740e-01
1.110235e-01
1.110731e-01
1.111223e-01
1.111724e-01
1.112229e-01
1.112693e-01
1.113151e-01
1.113615e-01
1.114075e-01
1.114541e-01
1.115005e-01
1.115468e-01
1.115925e-01
1.116389e-01
1.116850e-01
1.117318e-01
1.117782e-01
1.118254e-01
1.118717e-01
1.119184e-01
1.119654e-01
1.120125e-01
1.120590e-01
1.121043e-01
1.121497e-01
1.121951e-01
1.122416e-01
1.122872e-01
1.123337e-01
1.123794e-01
1.124258e-01
1.124716e-01
1.125180e-01
1.125636e-01
1.126100e-01
1.126557e-01
1.127014e-01
1.127470e-01
1.127933e-01
1.128391e-01
1.128849e-01
1.129306e-01
1.129770e-01
1.130229e-01
1.130688e-01
1.131146e-01
1.131606e-01
1.132065e-01
1.132525e-01
1.132984e-01
1.133443e-01
1.133903e-01
1.134362e-01
1.134822e-01
1.135282e-01
1.135742e-01
1.136202e-01
1.136662e-01
1.137123e-01
1.137584e-01
1.138046e-01
1.138506e-01
1.138968e-01
1.139430e-01
1.139892e-01
1.140353e-01
1.140816e-01
1.141277e-01
1.141740e-01
1.142202e-01
1.142665e-01
1.143128e-01
1.143590e-01
1.144052e-01
1.144514e-01
1.144977e-01
1.145440e-01
1.145903e-01
1.146368e-01
1.146833e-01
1.147297e-01
1.147762e-01
1.148227e-01
1.148692e-01
1.149158e-01
1.149624e-01
1.150091e-01
1.150558e-01
1.151026e-01
1.151494e-01
1.151962e-01
1.152430e-01
1.152898e-01
1.153366e-01
1.153834e-01
1.154303e-01
1.154772e-01
1.155241e-01
1.155710e-01
1.156178e-01
1.156647e-01
1.157116e-01
1.157585e-01
1.158054e-01
1.158524e-01
1.158994e-01
1.159463e-01
1.159932e-01
1.160402e-01
1.160872e-01
1.161342e-01
1.161811e-01
1.162281e-01
1.162751e-01
1.163221e-01
1.163691e-01
1.164160e-01
1.164627e-01
1.165096e-01
1.165564e-01
1.166033e-01
1.166502e-01
1.166972e-01
1.167443e-01
1.167912e-01
1.168380e-01
1.168848e-01
1.169317e-01
1.169787e-01
1.170257e-01
1.170725e-01
1.171193e-01
1.171661e-01
1.172129e-01
1.172599e-01
1.173070e-01
1.173538e-01
1.174004e-01
1.174472e-01
1.174940e-01
1.175405e-01
1.175868e-01
1.176333e-01
1.176798e-01
1.177264e-01
1.177733e-01
1.178199e-01
1.178664e-01
1.179130e-01
1.179597e-01
1.180065e-01
1.180534e-01
1.181004e-01
1.181475e-01
1.181942e-01
1.182408e-01
1.182875e-01
1.183342e-01
1.183810e-01
1.184279e-01
1.184748e-01
1.185217e-01
1.185684e-01
1.186149e-01
1.186615e-01
1.187082e-01
1.187549e-01
1.188016e-01
1.188482e-01
1.188946e-01
1.189411e-01
1.189876e-01
1.190342e-01
1.190809e-01
1.191274e-01
1.191739e-01
1.192204e-01
1.192670e-01
1.193135e-01
1.193599e-01
1.194064e-01
1.194530e-01
1.194995e-01
1.195460e-01
1.195925e-01
1.196391e-01
1.196856e-01
1.197322e-01
1.197787e-01
1.198252e-01
1.198718e-01
1.199184e-01
1.199649e-01
1.200115e-01
1.200581e-01
1.201047e-01
1.201513e-01
1.201979e-01
1.202445e-01
1.202912e-01
1.203378e-01
1.203846e-01
1.204312e-01
1.204780e-01
1.205248e-01
1.205716e-01
1.206184e-01
1.206653e-01
1.207122e-01
1.207591e-01
1.208061e-01
1.208531e-01
1.209002e-01
1.209473e-01
1.209944e-01
1.210417e-01
1.210889e-01
1.211364e-01
1.211836e-01
1.212311e-01
1.212785e-01
1.213257e-01
1.213740e-01
1.214236e-01
1.214744e-01
1.215261e-01
1.215781e-01
1.216256e-01
1.216731e-01
1.217204e-01
1.217679e-01
1.218153e-01
1.218628e-01
1.219104e-01
1.219581e-01
1.220057e-01
1.220535e-01
1.221012e-01
1.221491e-01
1.221969e-01
1.222449e-01
1.222929e-01
1.223410e-01
1.223892e-01
1.224374e-01
1.224858e-01
1.225342e-01
1.225827e-01
1.226314e-01
1.226801e-01
1.227297e-01
1.227799e-01
1.228306e-01
1.228748e-01
1.229201e-01
1.229664e-01
1.230103e-01
1.230551e-01
1.230991e-01
1.231439e-01
1.231879e-01
1.232327e-01
1.232768e-01
1.233216e-01
1.233657e-01
1.234105e-01
1.234546e-01
1.234994e-01
1.235435e-01
1.235884e-01
1.236325e-01
1.236774e-01
1.237215e-01
1.237660e-01
1.238101e-01
1.238547e-01
1.238988e-01
1.239434e-01
1.239876e-01
1.240322e-01
1.240764e-01
1.241210e-01
1.241652e-01
1.242099e-01
1.242541e-01
1.242988e-01
1.243431e-01
1.243878e-01
1.244322e-01
1.244769e-01
1.245213e-01
1.245660e-01
1.246104e-01
1.246552e-01
1.246997e-01
1.247445e-01
1.247891e-01
1.248339e-01
1.248785e-01
1.249234e-01
1.249680e-01
1.250130e-01
1.250576e-01
1.251026e-01
1.251504e-01
1.251981e-01
1.252460e-01
1.252939e-01
1.253418e-01
1.253899e-01
1.254380e-01
1.254862e-01
1.255352e-01
1.255848e-01
1.256350e-01
1.256855e-01
1.257362e-01
1.257869e-01
1.258388e-01
1.258919e-01
1.259460e-01
1.260007e-01
1.260557e-01
1.261110e-01
1.261567e-01
1.262069e-01
1.262621e-01
1.263184e-01
1.263748e-01
1.264311e-01
1.264875e-01
1.265336e-01
1.265798e-01
1.266260e-01
1.266720e-01
1.267178e-01
1.267637e-01
1.268097e-01
1.268557e-01
1.269019e-01
1.269481e-01
1.269944e-01
1.270406e-01
1.270867e-01
1.271330e-01
1.271792e-01
1.272256e-01
1.272720e-01
1.273183e-01
1.273647e-01
1.274111e-01
1.274576e-01
1.275041e-01
1.275506e-01
1.275972e-01
1.276438e-01
1.276905e-01
1.277372e-01
1.277840e-01
1.278308e-01
1.278776e-01
1.279245e-01
1.279720e-01
1.280200e-01
1.280684e-01
1.281169e-01
1.281657e-01
1.282145e-01
1.282633e-01
1.283120e-01
1.283612e-01
1.284111e-01
1.284620e-01
1.285139e-01
1.285668e-01
1.286197e-01
1.286742e-01
1.287298e-01
1.287863e-01
1.288316e-01
1.288770e-01
1.289225e-01
1.289680e-01
1.290136e-01
1.290590e-01
1.291042e-01
1.291496e-01
1.291949e-01
1.292404e-01
1.292858e-01
1.293313e-01
1.293766e-01
1.294221e-01
1.294676e-01
1.295130e-01
1.295585e-01
1.296041e-01
1.296496e-01
1.296953e-01
1.297409e-01
1.297867e-01
1.298325e-01
1.298784e-01
1.299243e-01
1.299704e-01
1.300166e-01
1.300639e-01
1.301121e-01
1.301611e-01
1.302107e-01
1.302599e-01
1.303044e-01
1.303485e-01
1.303924e-01
1.304364e-01
1.304806e-01
1.305249e-01
1.305694e-01
1.306141e-01
1.306589e-01
1.307038e-01
1.307487e-01
1.307935e-01
1.308383e-01
1.308833e-01
1.309283e-01
1.309735e-01
1.310187e-01
1.310641e-01
1.311096e-01
1.311552e-01
1.312010e-01
1.312469e-01
1.312930e-01
1.313399e-01
1.313878e-01
1.314370e-01
1.314871e-01
1.315380e-01
1.315822e-01
1.316263e-01
1.316703e-01
1.317145e-01
1.317589e-01
1.318034e-01
1.318479e-01
1.318925e-01
1.319370e-01
1.319817e-01
1.320264e-01
1.320712e-01
1.321161e-01
1.321610e-01
1.322061e-01
1.322512e-01
1.322965e-01
1.323419e-01
1.323874e-01
1.324330e-01
1.324788e-01
1.325248e-01
1.325709e-01
1.326186e-01
1.326622e-01
1.327059e-01
1.327496e-01
1.327936e-01
1.328377e-01
1.328821e-01
1.329265e-01
1.329709e-01
1.330151e-01
1.330595e-01
1.331041e-01
1.331488e-01
1.331937e-01
1.332386e-01
1.332836e-01
1.333287e-01
1.333740e-01
1.334194e-01
1.334650e-01
1.335106e-01
1.335565e-01
1.336026e-01
1.336489e-01
1.336968e-01
1.337405e-01
1.337842e-01
1.338281e-01
1.338722e-01
1.339165e-01
1.339610e-01
1.340057e-01
1.340503e-01
1.340948e-01
1.341395e-01
1.341843e-01
1.342294e-01
1.342746e-01
1.343199e-01
1.343653e-01
1.344108e-01
1.344565e-01
1.345024e-01
1.345484e-01
1.345946e-01
1.346411e-01
1.346877e-01
1.347346e-01
1.347832e-01
1.348271e-01
1.348711e-01
1.349153e-01
1.349597e-01
1.350044e-01
1.350492e-01
1.350943e-01
1.351393e-01
1.351842e-01
1.352293e-01
1.352746e-01
1.353201e-01
1.353658e-01
1.354115e-01
1.354573e-01
1.355032e-01
1.355493e-01
1.355956e-01
1.356420e-01
1.356886e-01
1.357354e-01
1.357837e-01
1.358279e-01
1.358722e-01
1.359166e-01
1.359613e-01
1.360061e-01
1.360512e-01
1.360965e-01
1.361415e-01
1.361865e-01
1.362316e-01
1.362769e-01
1.363224e-01
1.363681e-01
1.364139e-01
1.364597e-01
1.365057e-01
1.365518e-01
1.365981e-01
1.366444e-01
1.366909e-01
1.367376e-01
1.367844e-01
1.368314e-01
1.368798e-01
1.369242e-01
1.369688e-01
1.370134e-01
1.370583e-01
1.371033e-01
1.371486e-01
1.371941e-01
1.372394e-01
1.372845e-01
1.373298e-01
1.373752e-01
1.374209e-01
1.374668e-01
1.375128e-01
1.375589e-01
1.376050e-01
1.376512e-01
1.376974e-01
1.377439e-01
1.377902e-01
1.378369e-01
1.378831e-01
1.379299e-01
1.379760e-01
1.380205e-01
1.380650e-01
1.381096e-01
1.381545e-01
1.381995e-01
1.382448e-01
1.382904e-01
1.383356e-01
1.383808e-01
1.384262e-01
1.384718e-01
1.385175e-01
1.385635e-01
1.386093e-01
1.386553e-01
1.387011e-01
1.387475e-01
1.387932e-01
1.388396e-01
1.388852e-01
1.389316e-01
1.389773e-01
1.390236e-01
1.390693e-01
1.391157e-01
1.391613e-01
1.392061e-01
1.392512e-01
1.392964e-01
1.393419e-01
1.393876e-01
1.394331e-01
1.394784e-01
1.395240e-01
1.395698e-01
1.396158e-01
1.396619e-01
1.397082e-01
1.397544e-01
1.398009e-01
1.398475e-01
1.398942e-01
1.399411e-01
1.399881e-01
1.400353e-01
1.400826e-01
1.401302e-01
1.401787e-01
1.402235e-01
1.402683e-01
1.403133e-01
1.403585e-01
1.404039e-01
1.404495e-01
1.404954e-01
1.405411e-01
1.405868e-01
1.406326e-01
1.406786e-01
1.407249e-01
1.407714e-01
1.408179e-01
1.408645e-01
1.409112e-01
1.409582e-01
1.410043e-01
1.410516e-01
1.410972e-01
1.411448e-01
1.411900e-01
1.412358e-01
1.412812e-01
1.413262e-01
1.413714e-01
1.414167e-01
1.414623e-01
1.415081e-01
1.415541e-01
1.416003e-01
1.416465e-01
1.416926e-01
1.417390e-01
1.417855e-01
1.418322e-01
1.418790e-01
1.419259e-01
1.419731e-01
1.420204e-01
1.420679e-01
1.421156e-01
1.421615e-01
1.422068e-01
1.422518e-01
1.422968e-01
1.423419e-01
1.423873e-01
1.424329e-01
1.424788e-01
1.425249e-01
1.425709e-01
1.426170e-01
1.426633e-01
1.427098e-01
1.427565e-01
1.428032e-01
1.428502e-01
1.428973e-01
1.429446e-01
1.429921e-01
1.430398e-01
1.430877e-01
1.431306e-01
1.431740e-01
1.432166e-01
1.432597e-01
1.433022e-01
1.433452e-01
1.433875e-01
1.434304e-01
1.434726e-01
1.435154e-01
1.435575e-01
1.436002e-01
1.436423e-01
1.436850e-01
1.437270e-01
1.437696e-01
1.438116e-01
1.438542e-01
1.438962e-01
1.439388e-01
1.439807e-01
1.440232e-01
1.440652e-01
1.441077e-01
1.441496e-01
1.441921e-01
1.442340e-01
1.442765e-01
1.443184e-01
1.443609e-01
1.444028e-01
1.444453e-01
1.444871e-01
1.445296e-01
1.445715e-01
1.446140e-01
1.446558e-01
1.446983e-01
1.447401e-01
1.447826e-01
1.448244e-01
1.448668e-01
1.449086e-01
1.449511e-01
1.449929e-01
1.450353e-01
1.450771e-01
1.451195e-01
1.451612e-01
1.452036e-01
1.452454e-01
1.452877e-01
1.453295e-01
1.453718e-01
1.454136e-01
1.454559e-01
1.454976e-01
1.455400e-01
1.455817e-01
1.456241e-01
1.456658e-01
1.457081e-01
1.457499e-01
1.457922e-01
1.458340e-01
1.458763e-01
1.459181e-01
1.459605e-01
1.460022e-01
1.460446e-01
1.460864e-01
1.461288e-01
1.461706e-01
1.462130e-01
1.462548e-01
1.462973e-01
1.463391e-01
1.463816e-01
1.464235e-01
1.464659e-01
1.465079e-01
1.465504e-01
1.465923e-01
1.466349e-01
1.466768e-01
1.467194e-01
1.467615e-01
1.468041e-01
1.468462e-01
1.468888e-01
1.469309e-01
1.469736e-01
1.470158e-01
1.470585e-01
1.471007e-01
1.471435e-01
1.471857e-01
1.472286e-01
1.472709e-01
1.473137e-01
1.473560e-01
1.473990e-01
1.474413e-01
1.474843e-01
1.475267e-01
1.475697e-01
1.476121e-01
1.476552e-01
1.476977e-01
1.477408e-01
1.477833e-01
1.478265e-01
1.478691e-01
1.479123e-01
1.479549e-01
1.479981e-01
1.480407e-01
1.480840e-01
1.481267e-01
1.481700e-01
1.482127e-01
1.482561e-01
1.482988e-01
1.483422e-01
1.483850e-01
1.484284e-01
1.484712e-01
1.485146e-01
1.485574e-01
1.486009e-01
1.486437e-01
1.486872e-01
1.487301e-01
1.487736e-01
1.488164e-01
1.488599e-01
1.489028e-01
1.489463e-01
1.489892e-01
1.490327e-01
1.490756e-01
1.491191e-01
1.491619e-01
1.492054e-01
1.492483e-01
1.492917e-01
1.493346e-01
1.493780e-01
1.494208e-01
1.494643e-01
1.495070e-01
1.495504e-01
1.495932e-01
1.496366e-01
1.496793e-01
1.497226e-01
1.497653e-01
1.498086e-01
1.498512e-01
1.498945e-01
1.499371e-01
1.499803e-01
1.500228e-01
1.500659e-01
1.501084e-01
1.501515e-01
1.501940e-01
1.502370e-01
1.502794e-01
1.503223e-01
1.503647e-01
1.504076e-01
1.504499e-01
1.504927e-01
1.505349e-01
1.505777e-01
1.506199e-01
1.506626e-01
1.507047e-01
1.507473e-01
1.507894e-01
1.508320e-01
1.508740e-01
1.509165e-01
1.509585e-01
1.510010e-01
1.510429e-01
1.510853e-01
1.511272e-01
1.511696e-01
1.512115e-01
1.512538e-01
1.512957e-01
1.513380e-01
1.513798e-01
1.514221e-01
1.514638e-01
1.515097e-01
1.515515e-01
1.515975e-01
1.516393e-01
1.516853e-01
1.517271e-01
1.517731e-01
1.518237e-01
1.518767e-01
1.519185e-01
1.519646e-01
1.520152e-01
1.520708e-01
1.521126e-01
1.521586e-01
1.522004e-01
1.522464e-01
1.522882e-01
1.523341e-01
1.523759e-01
1.524219e-01
1.524636e-01
1.525058e-01
1.525475e-01
1.525897e-01
1.526313e-01
1.526734e-01
1.527150e-01
1.527571e-01
1.527986e-01
1.528407e-01
1.528823e-01
1.529243e-01
1.529659e-01
1.530080e-01
1.530495e-01
1.530916e-01
1.531331e-01
1.531753e-01
1.532168e-01
1.532590e-01
1.533006e-01
1.533427e-01
1.533844e-01
1.534266e-01
1.534682e-01
1.535105e-01
1.535522e-01
1.535945e-01
1.536362e-01
1.536786e-01
1.537204e-01
1.537628e-01
1.538046e-01
1.538471e-01
1.538890e-01
1.539315e-01
1.539735e-01
1.540161e-01
1.540581e-01
1.541007e-01
1.541428e-01
1.541855e-01
1.542277e-01
1.542705e-01
1.543127e-01
1.543556e-01
1.543979e-01
1.544408e-01
1.544833e-01
1.545263e-01
1.545688e-01
1.546119e-01
1.546544e-01
1.546977e-01
1.547403e-01
1.547836e-01
1.548264e-01
1.548698e-01
1.549127e-01
1.549562e-01
1.549991e-01
1.550428e-01
1.550858e-01
1.551296e-01
1.551728e-01
1.552166e-01
1.552599e-01
1.553039e-01
1.553473e-01
1.553914e-01
1.554350e-01
1.554792e-01
1.555229e-01
1.555673e-01
1.556111e-01
1.556556e-01
1.556995e-01
1.557442e-01
1.557883e-01
1.558332e-01
1.558774e-01
1.559225e-01
1.559669e-01
1.560121e-01
1.560567e-01
1.561022e-01
1.561470e-01
1.561927e-01
1.562377e-01
1.562836e-01
1.563289e-01
1.563752e-01
1.564207e-01
1.564673e-01
1.565131e-01
1.565601e-01
1.566063e-01
1.566538e-01
1.567005e-01
1.567485e-01
1.567956e-01
1.568444e-01
1.568921e-01
1.569417e-01
1.569902e-01
1.570400e-01
1.570895e-01
1.571403e-01
1.571908e-01
1.572423e-01
1.572934e-01
1.573456e-01
1.573971e-01
1.574496e-01
1.575015e-01
1.575544e-01
1.576066e-01
1.576599e-01
1.577125e-01
1.577662e-01
1.578192e-01
1.578733e-01
1.579268e-01
1.579813e-01
1.580353e-01
1.580895e-01
1.581434e-01
1.581973e-01
1.582513e-01
1.583054e-01
1.583597e-01
1.584142e-01
1.584689e-01
1.585238e-01
1.585789e-01
1.586341e-01
1.586896e-01
1.587451e-01
1.587940e-01
1.588442e-01
1.588959e-01
1.589493e-01
1.589981e-01
1.590482e-01
1.590950e-01
1.591450e-01
1.591939e-01
1.592412e-01
1.592901e-01
1.593398e-01
1.593887e-01
1.594387e-01
1.594871e-01
1.595365e-01
1.595845e-01
1.596334e-01
1.596813e-01
1.597291e-01
1.597767e-01
1.598245e-01
1.598717e-01
1.599193e-01
1.599664e-01
1.600139e-01
1.600616e-01
1.601092e-01
1.601568e-01
1.602046e-01
1.602523e-01
1.603002e-01
1.603494e-01
1.603977e-01
1.604456e-01
1.604942e-01
1.605439e-01
1.605926e-01
1.606425e-01
1.606913e-01
1.607398e-01
1.607887e-01
1.608390e-01
1.608909e-01
1.609396e-01
1.609898e-01
1.610400e-01
1.610926e-01
1.611436e-01
1.611971e-01
1.612488e-01
1.613030e-01
1.613546e-01
1.614091e-01
1.614639e-01
1.615191e-01
1.615709e-01
1.616252e-01
1.616769e-01
1.617311e-01
1.617828e-01
1.618360e-01
1.618905e-01
1.619450e-01
1.619997e-01
1.620546e-01
1.621098e-01
1.621653e-01
1.622210e-01
1.622769e-01
1.623314e-01
1.623859e-01
1.624405e-01
1.624950e-01
1.625453e-01
1.625967e-01
1.626495e-01
1.627004e-01
1.627525e-01
1.628036e-01
1.628541e-01
1.629059e-01
1.629564e-01
1.630076e-01
1.630582e-01
1.631094e-01
1.631599e-01
1.632111e-01
1.632616e-01
1.633130e-01
1.633636e-01
1.634152e-01
1.634659e-01
1.635166e-01
1.635673e-01
1.636195e-01
1.636698e-01
1.637211e-01
1.637714e-01
1.638227e-01
1.638730e-01
1.639243e-01
1.639747e-01
1.640259e-01
1.640763e-01
1.641275e-01
1.641779e-01
1.642291e-01
1.642813e-01
1.643321e-01
1.643839e-01
1.644367e-01
1.644907e-01
1.645458e-01
1.646011e-01
1.646567e-01
1.647125e-01
1.647688e-01
1.648254e-01
1.648822e-01
1.649372e-01
1.649922e-01
1.650473e-01
1.651024e-01
1.651576e-01
1.652129e-01
1.652681e-01
1.653236e-01
1.653791e-01
1.654349e-01
1.654909e-01
1.655466e-01
1.656021e-01
1.656573e-01
1.657124e-01
1.657677e-01
1.658230e-01
1.658784e-01
1.659339e-01
1.659895e-01
1.660454e-01
1.661016e-01
1.661582e-01
1.662153e-01
1.662728e-01
1.663281e-01
1.663834e-01
1.664387e-01
1.664941e-01
1.665495e-01
1.666051e-01
1.666607e-01
1.667165e-01
1.667726e-01
1.668287e-01
1.668849e-01
1.669409e-01
1.669973e-01
1.670525e-01
1.671078e-01
1.671631e-01
1.672143e-01
1.672666e-01
1.673179e-01
1.673687e-01
1.674200e-01
1.674709e-01
1.675222e-01
1.675731e-01
1.676245e-01
1.676754e-01
1.677268e-01
1.677792e-01
1.678306e-01
1.678830e-01
1.679345e-01
1.679870e-01
1.680385e-01
1.680912e-01
1.681452e-01
1.681964e-01
1.682487e-01
1.683021e-01
1.683540e-01
1.684070e-01
1.684589e-01
1.685120e-01
1.685640e-01
1.686172e-01
1.686693e-01
1.687226e-01
1.687748e-01
1.688282e-01
1.688805e-01
1.689341e-01
1.689889e-01
1.690450e-01
1.691015e-01
1.691563e-01
1.692110e-01
1.692658e-01
1.693206e-01
1.693755e-01
1.694304e-01
1.694856e-01
1.695410e-01
1.695967e-01
1.696529e-01
1.697096e-01
1.697644e-01
1.698192e-01
1.698740e-01
1.699289e-01
1.699838e-01
1.700390e-01
1.700944e-01
1.701503e-01
1.702065e-01
1.702614e-01
1.703162e-01
1.703710e-01
1.704259e-01
1.704808e-01
1.705359e-01
1.705878e-01
1.706413e-01
1.706937e-01
1.707466e-01
1.708005e-01
1.708538e-01
1.709085e-01
1.709620e-01
1.710171e-01
1.710708e-01
1.711261e-01
1.711801e-01
1.712358e-01
1.712906e-01
1.713455e-01
1.714003e-01
1.714552e-01
1.715102e-01
1.715653e-01
1.716208e-01
1.716768e-01
1.717316e-01
1.717864e-01
1.718412e-01
1.718960e-01
1.719509e-01
1.720060e-01
1.720612e-01
1.721168e-01
1.721729e-01
1.722276e-01
1.722824e-01
1.723371e-01
1.723919e-01
1.724469e-01
1.725020e-01
1.725575e-01
1.726134e-01
1.726681e-01
1.727229e-01
1.727776e-01
1.728324e-01
1.728874e-01
1.729425e-01
1.729980e-01
1.730538e-01
1.731103e-01
1.731656e-01
1.732210e-01
1.732764e-01
1.733320e-01
1.733876e-01
1.734434e-01
1.734995e-01
1.735559e-01
1.736126e-01
1.736696e-01
1.737269e-01
1.737847e-01
1.738425e-01
1.739001e-01
1.739576e-01
1.740147e-01
1.740721e-01
1.741295e-01
1.741871e-01
1.742447e-01
1.743023e-01
1.743596e-01
1.744173e-01
1.744751e-01
1.745327e-01
1.745903e-01
1.746476e-01
1.747046e-01
1.747615e-01
1.748184e-01
1.748753e-01
1.749323e-01
1.749894e-01
1.750467e-01
1.751042e-01
1.751620e-01
1.752185e-01
1.752756e-01
1.753313e-01
1.753876e-01
1.754435e-01
1.754996e-01
1.755558e-01
1.756120e-01
1.756685e-01
1.757251e-01
1.757820e-01
1.758392e-01
1.758957e-01
1.759519e-01
1.760075e-01
1.760631e-01
1.761185e-01
1.761741e-01
1.762299e-01
1.762858e-01
1.763404e-01
1.763957e-01
1.764502e-01
1.765052e-01
1.765602e-01
1.766155e-01
1.766700e-01
1.767253e-01
1.767806e-01
1.768362e-01
1.768919e-01
1.769480e-01
1.770039e-01
1.770594e-01
1.771145e-01
1.771694e-01
1.772244e-01
1.772793e-01
1.773345e-01
1.773899e-01
1.774456e-01
1.775013e-01
1.775564e-01
1.776113e-01
1.776661e-01
1.777208e-01
1.777757e-01
1.778308e-01
1.778861e-01
1.779418e-01
1.779970e-01
1.780519e-01
1.781067e-01
1.781614e-01
1.782163e-01
1.782712e-01
1.783265e-01
1.783821e-01
1.784373e-01
1.784923e-01
1.785471e-01
1.785998e-01
1.786540e-01
1.787091e-01
1.787626e-01
1.788171e-01
1.788724e-01
1.789254e-01
1.789794e-01
1.790325e-01
1.790865e-01
1.791396e-01
1.791936e-01
1.792467e-01
1.793007e-01
1.793538e-01
1.794073e-01
1.794604e-01
1.795144e-01
1.795675e-01
1.796215e-01
1.796745e-01
1.797285e-01
1.797816e-01
1.798355e-01
1.798886e-01
1.799426e-01
1.799978e-01
1.800532e-01
1.801083e-01
1.801632e-01
1.802180e-01
1.802729e-01
1.803278e-01
1.803829e-01
1.804382e-01
1.804932e-01
1.805480e-01
1.806028e-01
1.806575e-01
1.807124e-01
1.807674e-01
1.808227e-01
1.808776e-01
1.809324e-01
1.809871e-01
1.810419e-01
1.810967e-01
1.811518e-01
1.812068e-01
1.812617e-01
1.813163e-01
1.813710e-01
1.814257e-01
1.814806e-01
1.815355e-01
1.815904e-01
1.816450e-01
1.816996e-01
1.817541e-01
1.818088e-01
1.818618e-01
1.819161e-01
1.819707e-01
1.820244e-01
1.820788e-01
1.821333e-01
1.821866e-01
1.822410e-01
1.822944e-01
1.823487e-01
1.824021e-01
1.824564e-01
1.825098e-01
1.825636e-01
1.826171e-01
1.826710e-01
1.827246e-01
1.827784e-01
1.828320e-01
1.828861e-01
1.829397e-01
1.829937e-01
1.830472e-01
1.831011e-01
1.831522e-01
1.832057e-01
1.832564e-01
1.833102e-01
1.833620e-01
1.834156e-01
1.834681e-01
1.835219e-01
1.835751e-01
1.836288e-01
1.836823e-01
1.837358e-01
1.837892e-01
1.838428e-01
1.838964e-01
1.839499e-01
1.840033e-01
1.840568e-01
1.841101e-01
1.841637e-01
1.842169e-01
1.842704e-01
1.843235e-01
1.843769e-01
1.844300e-01
1.844833e-01
1.845362e-01
1.845893e-01
1.846421e-01
1.846952e-01
1.847480e-01
1.848010e-01
1.848536e-01
1.849065e-01
1.849590e-01
1.850118e-01
1.850642e-01
1.851170e-01
1.851694e-01
1.852221e-01
1.852743e-01
1.853269e-01
1.853791e-01
1.854316e-01
1.854839e-01
1.855363e-01
1.855884e-01
1.856407e-01
1.856927e-01
1.857450e-01
1.857970e-01
1.858492e-01
1.859011e-01
1.859533e-01
1.860051e-01
1.860573e-01
1.861091e-01
1.861612e-01
1.862129e-01
1.862650e-01
1.863167e-01
1.863688e-01
1.864205e-01
1.864724e-01
1.865241e-01
1.865761e-01
1.866278e-01
1.866797e-01
1.867313e-01
1.867832e-01
1.868349e-01
1.868868e-01
1.869385e-01
1.869903e-01
1.870419e-01
1.870938e-01
1.871455e-01
1.871974e-01
1.872490e-01
1.873008e-01
1.873524e-01
1.874043e-01
1.874558e-01
1.875076e-01
1.875592e-01
1.876110e-01
1.876626e-01
1.877144e-01
1.877659e-01
1.878176e-01
1.878691e-01
1.879209e-01
1.879723e-01
1.880240e-01
1.880755e-01
1.881271e-01
1.881785e-01
1.882300e-01
1.882812e-01
1.883325e-01
1.883828e-01
1.884337e-01
1.884828e-01
1.885335e-01
1.885820e-01
1.886326e-01
1.886809e-01
1.887313e-01
1.887794e-01
1.888295e-01
1.888775e-01
1.889273e-01
1.889751e-01
1.890247e-01
1.890722e-01
1.891215e-01
1.891687e-01
1.892178e-01
1.892648e-01
1.893139e-01
1.893607e-01
1.894097e-01
1.894564e-01
1.895055e-01
1.895521e-01
1.896012e-01
1.896478e-01
1.896970e-01
1.897435e-01
1.897929e-01
1.898394e-01
1.898888e-01
1.899355e-01
1.899850e-01
1.900317e-01
1.900812e-01
1.901280e-01
1.901777e-01
1.902245e-01
1.902743e-01
1.903213e-01
1.903713e-01
1.904184e-01
1.904685e-01
1.905158e-01
1.905662e-01
1.906136e-01
1.906641e-01
1.907118e-01
1.907625e-01
1.908103e-01
1.908612e-01
1.909092e-01
1.909604e-01
1.910086e-01
1.910602e-01
1.911088e-01
1.911607e-01
1.912098e-01
1.912623e-01
1.913119e-01
1.913652e-01
1.914154e-01
1.914697e-01
1.915206e-01
1.915756e-01
1.916273e-01
1.916825e-01
1.917350e-01
1.917901e-01
1.918434e-01
1.918986e-01
1.919523e-01
1.920060e-01
1.920596e-01
1.921148e-01
1.921683e-01
1.922234e-01
1.922783e-01
1.923335e-01
1.923868e-01
1.924401e-01
1.924933e-01
1.925484e-01
1.926014e-01
1.926564e-01
1.927104e-01
1.927633e-01
1.928162e-01
1.928690e-01
1.929218e-01
1.929766e-01
1.930292e-01
1.930837e-01
1.931379e-01
1.931923e-01
1.932448e-01
1.932991e-01
1.933515e-01
1.934053e-01
1.934576e-01
1.935113e-01
1.935631e-01
1.936168e-01
1.936682e-01
1.937219e-01
1.937731e-01
1.938269e-01
1.938780e-01
1.939320e-01
1.939833e-01
1.940374e-01
1.940888e-01
1.941431e-01
1.941948e-01
1.942493e-01
1.943011e-01
1.943557e-01
1.944078e-01
1.944625e-01
1.945141e-01
1.945689e-01
1.946213e-01
1.946763e-01
1.947289e-01
1.947841e-01
1.948369e-01
1.948922e-01
1.949452e-01
1.950008e-01
1.950539e-01
1.951097e-01
1.951631e-01
1.952182e-01
1.952717e-01
1.953269e-01
1.953807e-01
1.954353e-01
1.954886e-01
1.955429e-01
1.955970e-01
1.956514e-01
1.957049e-01
1.957577e-01
1.958094e-01
1.958622e-01
1.959152e-01
1.959682e-01
1.960205e-01
1.960723e-01
1.961234e-01
1.961742e-01
1.962247e-01
1.962758e-01
1.963273e-01
1.963792e-01
1.964307e-01
1.964820e-01
1.965328e-01
1.965833e-01
1.966334e-01
1.966832e-01
1.967327e-01
1.967820e-01
1.968311e-01
1.968802e-01
1.969290e-01
1.969779e-01
1.970266e-01
1.970754e-01
1.971240e-01
1.971726e-01
1.972212e-01
1.972698e-01
1.973184e-01
1.973670e-01
1.974155e-01
1.974689e-01
1.975253e-01
1.975826e-01
1.976383e-01
1.976949e-01
1.977500e-01
1.978059e-01
1.978604e-01
1.979156e-01
1.979698e-01
1.980244e-01
1.980779e-01
1.981320e-01
1.981854e-01
1.982390e-01
1.982921e-01
1.983455e-01
1.983985e-01
1.984516e-01
1.985041e-01
1.985569e-01
1.986094e-01
1.986621e-01
1.987150e-01
1.987678e-01
1.988198e-01
1.988721e-01
1.989245e-01
1.989770e-01
1.990289e-01
1.990803e-01
1.991311e-01
1.991815e-01
1.992314e-01
1.992811e-01
1.993304e-01
1.993795e-01
1.994285e-01
1.994773e-01
1.995260e-01
1.995746e-01
1.996231e-01
1.996717e-01
1.997201e-01
1.997686e-01
1.998170e-01
1.998654e-01
1.999137e-01
1.999622e-01
2.000105e-01
2.000637e-01
2.001197e-01
