#   1 : Date        
# Date        
0.000000e+00
1.807392e-05
2.799615e-05
3.580484e-05
4.214190e-05
4.777128e-05
5.396361e-05
6.058833e-05
6.647297e-05
7.294608e-05
8.006650e-05
8.771137e-05
9.517517e-05
1.033854e-04
1.121936e-04
1.218826e-04
1.311880e-04
1.408479e-04
1.514739e-04
1.624730e-04
1.732634e-04
1.846592e-04
1.968809e-04
2.088975e-04
2.210623e-04
2.338062e-04
2.468066e-04
2.598359e-04
2.731429e-04
2.871538e-04
3.013175e-04
3.159470e-04
3.309997e-04
3.463998e-04
3.622136e-04
3.782957e-04
3.948224e-04
4.115092e-04
4.286677e-04
4.460016e-04
4.639101e-04
4.820294e-04
5.004961e-04
5.194554e-04
5.385967e-04
5.581004e-04
5.780228e-04
5.981578e-04
6.185509e-04
6.392397e-04
6.602423e-04
6.814920e-04
7.029964e-04
7.248653e-04
7.469821e-04
7.693356e-04
7.920268e-04
8.149423e-04
8.380829e-04
8.614494e-04
8.850560e-04
9.089083e-04
9.330193e-04
9.573497e-04
9.818779e-04
1.006666e-03
1.031688e-03
1.056926e-03
1.082348e-03
1.108026e-03
1.133905e-03
1.160015e-03
1.186340e-03
1.212902e-03
1.239678e-03
1.266649e-03
1.293944e-03
1.321468e-03
1.349223e-03
1.377232e-03
1.405449e-03
1.433955e-03
1.462650e-03
1.491574e-03
1.520659e-03
1.550076e-03
1.579646e-03
1.609453e-03
1.639477e-03
1.669780e-03
1.700306e-03
1.731098e-03
1.762070e-03
1.793431e-03
1.824984e-03
1.856722e-03
1.888788e-03
1.920929e-03
1.953399e-03
1.986024e-03
2.018811e-03
2.051753e-03
2.084995e-03
2.118411e-03
2.152004e-03
2.185860e-03
2.219854e-03
2.254076e-03
2.288587e-03
2.323116e-03
2.357776e-03
2.392745e-03
2.427843e-03
2.463089e-03
2.498626e-03
2.534314e-03
2.570154e-03
2.606301e-03
2.642581e-03
2.678995e-03
2.715537e-03
2.752286e-03
2.789038e-03
2.825795e-03
2.862573e-03
2.899411e-03
2.936329e-03
2.973225e-03
3.010134e-03
3.047051e-03
3.084015e-03
3.121053e-03
3.158065e-03
3.195063e-03
3.232081e-03
3.269101e-03
3.306148e-03
3.343242e-03
3.380398e-03
3.417579e-03
3.454766e-03
3.491955e-03
3.529164e-03
3.566384e-03
3.603636e-03
3.640928e-03
3.677251e-03
3.710769e-03
3.743587e-03
3.779687e-03
3.815090e-03
3.850469e-03
3.884920e-03
3.919374e-03
3.952265e-03
3.986471e-03
4.019680e-03
4.050907e-03
4.078164e-03
4.107248e-03
4.132566e-03
4.160415e-03
4.186486e-03
4.214098e-03
4.241917e-03
4.270610e-03
4.298055e-03
4.328245e-03
4.358944e-03
4.391029e-03
4.422941e-03
4.454917e-03
4.487051e-03
4.519133e-03
4.551323e-03
4.583197e-03
4.615074e-03
4.646856e-03
4.678759e-03
4.710614e-03
4.742652e-03
4.774629e-03
4.806618e-03
4.838579e-03
4.870639e-03
4.902654e-03
4.934886e-03
4.967091e-03
4.999409e-03
5.031753e-03
5.064351e-03
5.096491e-03
5.127650e-03
5.158309e-03
5.187963e-03
5.217256e-03
5.245832e-03
5.274083e-03
5.301872e-03
5.329404e-03
5.356697e-03
5.383669e-03
5.410511e-03
5.437230e-03
5.463732e-03
5.490219e-03
5.516562e-03
5.542860e-03
5.569018e-03
5.595081e-03
5.621119e-03
5.647137e-03
5.673071e-03
5.698983e-03
5.724812e-03
5.750649e-03
5.776410e-03
5.802149e-03
5.827887e-03
5.853598e-03
5.879253e-03
5.904863e-03
5.930459e-03
5.956074e-03
5.981652e-03
6.007208e-03
6.032729e-03
6.058244e-03
6.083715e-03
6.109189e-03
6.134676e-03
6.160161e-03
6.185621e-03
6.211067e-03
6.236474e-03
6.261868e-03
6.287266e-03
6.312612e-03
6.337891e-03
6.363134e-03
6.388320e-03
6.413497e-03
6.438651e-03
6.463805e-03
6.488981e-03
6.514186e-03
6.539401e-03
6.564613e-03
6.589807e-03
6.615026e-03
6.640255e-03
6.665505e-03
6.690789e-03
6.716119e-03
6.741447e-03
6.766774e-03
6.792119e-03
6.817483e-03
6.842865e-03
6.868279e-03
6.893701e-03
6.919137e-03
6.944580e-03
6.970054e-03
6.995550e-03
7.021074e-03
7.046645e-03
7.072246e-03
7.097894e-03
7.123596e-03
7.149347e-03
7.175135e-03
7.200972e-03
7.226840e-03
7.252760e-03
7.278726e-03
7.304744e-03
7.330821e-03
7.356950e-03
7.383122e-03
7.409165e-03
7.435138e-03
7.461052e-03
7.486927e-03
7.512805e-03
7.538681e-03
7.564584e-03
7.590564e-03
7.616626e-03
7.642763e-03
7.668981e-03
7.695312e-03
7.721753e-03
7.748309e-03
7.774974e-03
7.801542e-03
7.827924e-03
7.854147e-03
7.880217e-03
7.906122e-03
7.931889e-03
7.957490e-03
7.982942e-03
8.008242e-03
8.033383e-03
8.058380e-03
8.083214e-03
8.107902e-03
8.132417e-03
8.156755e-03
8.180924e-03
8.204932e-03
8.228785e-03
8.252488e-03
8.276051e-03
8.299469e-03
8.322772e-03
8.345943e-03
8.369023e-03
8.392011e-03
8.414942e-03
8.437797e-03
8.460592e-03
8.483330e-03
8.506031e-03
8.528683e-03
8.551291e-03
8.573864e-03
8.596414e-03
8.618947e-03
8.641454e-03
8.663943e-03
8.686429e-03
8.708924e-03
8.731430e-03
8.753942e-03
8.776473e-03
8.799038e-03
8.821649e-03
8.844313e-03
8.867021e-03
8.889788e-03
8.912624e-03
8.935543e-03
8.958553e-03
8.981665e-03
9.004877e-03
9.028149e-03
9.051456e-03
9.074802e-03
9.098196e-03
9.121641e-03
9.145146e-03
9.168713e-03
9.192351e-03
9.216048e-03
9.239800e-03
9.263609e-03
9.287485e-03
9.311430e-03
9.335453e-03
9.359555e-03
9.383745e-03
9.408024e-03
9.432380e-03
9.456803e-03
9.481305e-03
9.505886e-03
9.530558e-03
9.555319e-03
9.580182e-03
9.605147e-03
9.630224e-03
9.655415e-03
9.680708e-03
9.706094e-03
9.731583e-03
9.757177e-03
9.782889e-03
9.808721e-03
9.834685e-03
9.860784e-03
9.886961e-03
9.913204e-03
9.939519e-03
9.965901e-03
9.992350e-03
1.001888e-02
1.004548e-02
1.007218e-02
1.009896e-02
1.012581e-02
1.015277e-02
1.017984e-02
1.020701e-02
1.023428e-02
1.026166e-02
1.028919e-02
1.031686e-02
1.034465e-02
1.037258e-02
1.040068e-02
1.042897e-02
1.045743e-02
1.048605e-02
1.051486e-02
1.054388e-02
1.057313e-02
1.060261e-02
1.063228e-02
1.066216e-02
1.069229e-02
1.072267e-02
1.075334e-02
1.078427e-02
1.081543e-02
1.084686e-02
1.087856e-02
1.091055e-02
1.094286e-02
1.097548e-02
1.100836e-02
1.104152e-02
1.107497e-02
1.110870e-02
1.114262e-02
1.117673e-02
1.121104e-02
1.124554e-02
1.128020e-02
1.131504e-02
1.135004e-02
1.138520e-02
1.142053e-02
1.145603e-02
1.149167e-02
1.152747e-02
1.156340e-02
1.159946e-02
1.163563e-02
1.167192e-02
1.170831e-02
1.174480e-02
1.178138e-02
1.181804e-02
1.185477e-02
1.189156e-02
1.192841e-02
1.196529e-02
1.200221e-02
1.203915e-02
1.207611e-02
1.211308e-02
1.215007e-02
1.218707e-02
1.222407e-02
1.226107e-02
1.229808e-02
1.233506e-02
1.237202e-02
1.240896e-02
1.244589e-02
1.248281e-02
1.251971e-02
1.255662e-02
1.259352e-02
1.263041e-02
1.266728e-02
1.270414e-02
1.274101e-02
1.277788e-02
1.281474e-02
1.285159e-02
1.288843e-02
1.292527e-02
1.296210e-02
1.299894e-02
1.303579e-02
1.307265e-02
1.310949e-02
1.314635e-02
1.318320e-02
1.322006e-02
1.325693e-02
1.329382e-02
1.333072e-02
1.336761e-02
1.340450e-02
1.344140e-02
1.347829e-02
1.351521e-02
1.355212e-02
1.358906e-02
1.362599e-02
1.366292e-02
1.369985e-02
1.373679e-02
1.377374e-02
1.381070e-02
1.384767e-02
1.388466e-02
1.392166e-02
1.395867e-02
1.399568e-02
1.403269e-02
1.406972e-02
1.410675e-02
1.414380e-02
1.418087e-02
1.421795e-02
1.425505e-02
1.429215e-02
1.432926e-02
1.436638e-02
1.440352e-02
1.444068e-02
1.447786e-02
1.451506e-02
1.455229e-02
1.458954e-02
1.462680e-02
1.466408e-02
1.470139e-02
1.473871e-02
1.477607e-02
1.481345e-02
1.485087e-02
1.488831e-02
1.492580e-02
1.496332e-02
1.500088e-02
1.503847e-02
1.507609e-02
1.511374e-02
1.515143e-02
1.518915e-02
1.522690e-02
1.526469e-02
1.530253e-02
1.534040e-02
1.537831e-02
1.541627e-02
1.545427e-02
1.549231e-02
1.553039e-02
1.556850e-02
1.560664e-02
1.564481e-02
1.568302e-02
1.572125e-02
1.575952e-02
1.579781e-02
1.583613e-02
1.587447e-02
1.591284e-02
1.595122e-02
1.598962e-02
1.602802e-02
1.606643e-02
1.610482e-02
1.614322e-02
1.618160e-02
1.621997e-02
1.625832e-02
1.629668e-02
1.633501e-02
1.637335e-02
1.641167e-02
1.645001e-02
1.648834e-02
1.652668e-02
1.656501e-02
1.660335e-02
1.664169e-02
1.668005e-02
1.671842e-02
1.675683e-02
1.679526e-02
1.683373e-02
1.687222e-02
1.691077e-02
1.694934e-02
1.698796e-02
1.702660e-02
1.706530e-02
1.710404e-02
1.714283e-02
1.718166e-02
1.722054e-02
1.725946e-02
1.729843e-02
1.733744e-02
1.737650e-02
1.741561e-02
1.745477e-02
1.749398e-02
1.753325e-02
1.757257e-02
1.761195e-02
1.765138e-02
1.769088e-02
1.773043e-02
1.777004e-02
1.780969e-02
1.784940e-02
1.788915e-02
1.792896e-02
1.796882e-02
1.800873e-02
1.804870e-02
1.808873e-02
1.812881e-02
1.816896e-02
1.820916e-02
1.824942e-02
1.828975e-02
1.833013e-02
1.837057e-02
1.841105e-02
1.845159e-02
1.849219e-02
1.853283e-02
1.857354e-02
1.861430e-02
1.865512e-02
1.869600e-02
1.873695e-02
1.877795e-02
1.881903e-02
1.886016e-02
1.890136e-02
1.894263e-02
1.898395e-02
1.902533e-02
1.906677e-02
1.910826e-02
1.914981e-02
1.919143e-02
1.923311e-02
1.927485e-02
1.931666e-02
1.935854e-02
1.940049e-02
1.944250e-02
1.948460e-02
1.952676e-02
1.956899e-02
1.961129e-02
1.965366e-02
1.969609e-02
1.973859e-02
1.978116e-02
1.982380e-02
1.986651e-02
1.990930e-02
1.995216e-02
1.999511e-02
2.003812e-02
2.008122e-02
2.012439e-02
2.016764e-02
2.021097e-02
2.025438e-02
2.029787e-02
2.034143e-02
2.038505e-02
2.042876e-02
2.047252e-02
2.051636e-02
2.056027e-02
2.060424e-02
2.064829e-02
2.069240e-02
2.073658e-02
2.078084e-02
2.082515e-02
2.086954e-02
2.091399e-02
2.095851e-02
2.100310e-02
2.104775e-02
2.109247e-02
2.113725e-02
2.118210e-02
2.122701e-02
2.127199e-02
2.131702e-02
2.136210e-02
2.140724e-02
2.145243e-02
2.149767e-02
2.154296e-02
2.158831e-02
2.163371e-02
2.167916e-02
2.172466e-02
2.177022e-02
2.181582e-02
2.186148e-02
2.190718e-02
2.195293e-02
2.199874e-02
2.204459e-02
2.209050e-02
2.213645e-02
2.218245e-02
2.222851e-02
2.227460e-02
2.232068e-02
2.236675e-02
2.241281e-02
2.245887e-02
2.250492e-02
2.255097e-02
2.259701e-02
2.264306e-02
2.268911e-02
2.273517e-02
2.278123e-02
2.282731e-02
2.287339e-02
2.291949e-02
2.296560e-02
2.301172e-02
2.305784e-02
2.310398e-02
2.315013e-02
2.319629e-02
2.324247e-02
2.328866e-02
2.333487e-02
2.338110e-02
2.342735e-02
2.347362e-02
2.351991e-02
2.356623e-02
2.361256e-02
2.365893e-02
2.370531e-02
2.375172e-02
2.379814e-02
2.384459e-02
2.389105e-02
2.393754e-02
2.398405e-02
2.403058e-02
2.407713e-02
2.412370e-02
2.417028e-02
2.421689e-02
2.426351e-02
2.431016e-02
2.435681e-02
2.440349e-02
2.445017e-02
2.449688e-02
2.454359e-02
2.459033e-02
2.463707e-02
2.468383e-02
2.473059e-02
2.477737e-02
2.482415e-02
2.487095e-02
2.491775e-02
2.496457e-02
2.501139e-02
2.505822e-02
2.510505e-02
2.515188e-02
2.519871e-02
2.524555e-02
2.529239e-02
2.533922e-02
2.538606e-02
2.543290e-02
2.547973e-02
2.552657e-02
2.557340e-02
2.562023e-02
2.566706e-02
2.571390e-02
2.576073e-02
2.580756e-02
2.585439e-02
2.590123e-02
2.594806e-02
2.599490e-02
2.604173e-02
2.608858e-02
2.613542e-02
2.618227e-02
2.622912e-02
2.627598e-02
2.632284e-02
2.636972e-02
2.641658e-02
2.646346e-02
2.651034e-02
2.655722e-02
2.660411e-02
2.665100e-02
2.669790e-02
2.674481e-02
2.679172e-02
2.683865e-02
2.688558e-02
2.693252e-02
2.697947e-02
2.702643e-02
2.707340e-02
2.712039e-02
2.716739e-02
2.721440e-02
2.726142e-02
2.730846e-02
2.735551e-02
2.740258e-02
2.744966e-02
2.749676e-02
2.754386e-02
2.759097e-02
2.763809e-02
2.768523e-02
2.773238e-02
2.777955e-02
2.782672e-02
2.787391e-02
2.792111e-02
2.796833e-02
2.801555e-02
2.806279e-02
2.811003e-02
2.815729e-02
2.820455e-02
2.825182e-02
2.829910e-02
2.834639e-02
2.839369e-02
2.844101e-02
2.848833e-02
2.853567e-02
2.858301e-02
2.863038e-02
2.867775e-02
2.872514e-02
2.877254e-02
2.881996e-02
2.886739e-02
2.891484e-02
2.896230e-02
2.900978e-02
2.905727e-02
2.910478e-02
2.915231e-02
2.919985e-02
2.924740e-02
2.929497e-02
2.934254e-02
2.939013e-02
2.943773e-02
2.948534e-02
2.953296e-02
2.958060e-02
2.962825e-02
2.967592e-02
2.972360e-02
2.977129e-02
2.981900e-02
2.986673e-02
2.991448e-02
2.996225e-02
3.001002e-02
3.005782e-02
3.010562e-02
3.015345e-02
3.020128e-02
3.024914e-02
3.029700e-02
3.034489e-02
3.039280e-02
3.044072e-02
3.048866e-02
3.053663e-02
3.058461e-02
3.063262e-02
3.068064e-02
3.072869e-02
3.077676e-02
3.082486e-02
3.087297e-02
3.092111e-02
3.096927e-02
3.101745e-02
3.106564e-02
3.111385e-02
3.116207e-02
3.121032e-02
3.125858e-02
3.130686e-02
3.135516e-02
3.140348e-02
3.145182e-02
3.150014e-02
3.154774e-02
3.159447e-02
3.164063e-02
3.168603e-02
3.173098e-02
3.177530e-02
3.181917e-02
3.186262e-02
3.190564e-02
3.194840e-02
3.199076e-02
3.203282e-02
3.207461e-02
3.211609e-02
3.215740e-02
3.219841e-02
3.223921e-02
3.227980e-02
3.232018e-02
3.236038e-02
3.240039e-02
3.244023e-02
3.247993e-02
3.251945e-02
3.255885e-02
3.259810e-02
3.263725e-02
3.267625e-02
3.271514e-02
3.275394e-02
3.279266e-02
3.283127e-02
3.286981e-02
3.290826e-02
3.294666e-02
3.298500e-02
3.302328e-02
3.306148e-02
3.309964e-02
3.313775e-02
3.317581e-02
3.321382e-02
3.325182e-02
3.328978e-02
3.332774e-02
3.336566e-02
3.340356e-02
3.344142e-02
3.347928e-02
3.351711e-02
3.355493e-02
3.359273e-02
3.363052e-02
3.366829e-02
3.370607e-02
3.374384e-02
3.378162e-02
3.381939e-02
3.385716e-02
3.389494e-02
3.393273e-02
3.397053e-02
3.400835e-02
3.404616e-02
3.408398e-02
3.412181e-02
3.415965e-02
3.419752e-02
3.423541e-02
3.427332e-02
3.431127e-02
3.434923e-02
3.438722e-02
3.442524e-02
3.446331e-02
3.450142e-02
3.453957e-02
3.457777e-02
3.461601e-02
3.465428e-02
3.469260e-02
3.473097e-02
3.476938e-02
3.480784e-02
3.484636e-02
3.488493e-02
3.492355e-02
3.496220e-02
3.500091e-02
3.503965e-02
3.507845e-02
3.511728e-02
3.515617e-02
3.519510e-02
3.523408e-02
3.527309e-02
3.531214e-02
3.535122e-02
3.539034e-02
3.542947e-02
3.546865e-02
3.550784e-02
3.554707e-02
3.558632e-02
3.562561e-02
3.566491e-02
3.570424e-02
3.574359e-02
3.578284e-02
3.582164e-02
3.586084e-02
3.589997e-02
3.593924e-02
3.597850e-02
3.601789e-02
3.605732e-02
3.609677e-02
3.613623e-02
3.617570e-02
3.621515e-02
3.625462e-02
3.629408e-02
3.633354e-02
3.637301e-02
3.641249e-02
3.645197e-02
3.649146e-02
3.653096e-02
3.657046e-02
3.660995e-02
3.664945e-02
3.668895e-02
3.672847e-02
3.676796e-02
3.680751e-02
3.684707e-02
3.688665e-02
3.692623e-02
3.696582e-02
3.700542e-02
3.704505e-02
3.708469e-02
3.712437e-02
3.716407e-02
3.720379e-02
3.724352e-02
3.728328e-02
3.732304e-02
3.736284e-02
3.740265e-02
3.744248e-02
3.748233e-02
3.752219e-02
3.756208e-02
3.760199e-02
3.764192e-02
3.768189e-02
3.772186e-02
3.776185e-02
3.780185e-02
3.784187e-02
3.788190e-02
3.792196e-02
3.796201e-02
3.800213e-02
3.804210e-02
3.808230e-02
3.812214e-02
3.816242e-02
3.820232e-02
3.824266e-02
3.828277e-02
3.832228e-02
3.836265e-02
3.840218e-02
3.844150e-02
3.848113e-02
3.852051e-02
3.856030e-02
3.859975e-02
3.863969e-02
3.867929e-02
3.871939e-02
3.875938e-02
3.880000e-02
3.884056e-02
3.888125e-02
3.892231e-02
3.896343e-02
3.900292e-02
3.904283e-02
3.908252e-02
3.912264e-02
3.916261e-02
3.920306e-02
3.924343e-02
3.928397e-02
3.932493e-02
3.936603e-02
3.940761e-02
3.944922e-02
3.949087e-02
3.953046e-02
3.956996e-02
3.960979e-02
3.964984e-02
3.969056e-02
3.973164e-02
3.977328e-02
3.981523e-02
3.985722e-02
3.989635e-02
3.993577e-02
3.997535e-02
4.001533e-02
4.005557e-02
4.009644e-02
4.013765e-02
4.017936e-02
4.022137e-02
4.026033e-02
4.029936e-02
4.033864e-02
4.037816e-02
4.041806e-02
4.045821e-02
4.049878e-02
4.053959e-02
4.057833e-02
4.061687e-02
4.065535e-02
4.069396e-02
4.073275e-02
4.077180e-02
4.081119e-02
4.085091e-02
4.089110e-02
4.093166e-02
4.096999e-02
4.100847e-02
4.104698e-02
4.108530e-02
4.112364e-02
4.116224e-02
4.120117e-02
4.124049e-02
4.128028e-02
4.132046e-02
4.135858e-02
4.139686e-02
4.143516e-02
4.147328e-02
4.151138e-02
4.154977e-02
4.158843e-02
4.162738e-02
4.166668e-02
4.170630e-02
4.174427e-02
4.178236e-02
4.182045e-02
4.185867e-02
4.189690e-02
4.193487e-02
4.197284e-02
4.201107e-02
4.204964e-02
4.208860e-02
4.212806e-02
4.216794e-02
4.220577e-02
4.224377e-02
4.228178e-02
4.231960e-02
4.235742e-02
4.239557e-02
4.243405e-02
4.247288e-02
4.251216e-02
4.255185e-02
4.258964e-02
4.262759e-02
4.266556e-02
4.270334e-02
4.274111e-02
4.277922e-02
4.281765e-02
4.285644e-02
4.289565e-02
4.293527e-02
4.297306e-02
4.301101e-02
4.304898e-02
4.308709e-02
4.312523e-02
4.316311e-02
4.320099e-02
4.323914e-02
4.327762e-02
4.331647e-02
4.335577e-02
4.339538e-02
4.343283e-02
4.347036e-02
4.350786e-02
4.354503e-02
4.358204e-02
4.361922e-02
4.365649e-02
4.369388e-02
4.373133e-02
4.376888e-02
4.380649e-02
4.384384e-02
4.388088e-02
4.391775e-02
4.395445e-02
4.399096e-02
4.402725e-02
4.406346e-02
4.409956e-02
4.413566e-02
4.417171e-02
4.420780e-02
4.424387e-02
4.428000e-02
4.431615e-02
4.435238e-02
4.438863e-02
4.442497e-02
4.446134e-02
4.449781e-02
4.453432e-02
4.457088e-02
4.460752e-02
4.464419e-02
4.468094e-02
4.471774e-02
4.475461e-02
4.479153e-02
4.482852e-02
4.486552e-02
4.490262e-02
4.493970e-02
4.497688e-02
4.501404e-02
4.505131e-02
4.508854e-02
4.512588e-02
4.516319e-02
4.520059e-02
4.523797e-02
4.527545e-02
4.531289e-02
4.535044e-02
4.538795e-02
4.542556e-02
4.546315e-02
4.550083e-02
4.553850e-02
4.557626e-02
4.561264e-02
4.564930e-02
4.568597e-02
4.572294e-02
4.575993e-02
4.579680e-02
4.583413e-02
4.587125e-02
4.590909e-02
4.594669e-02
4.598533e-02
4.602371e-02
4.606354e-02
4.610310e-02
4.614389e-02
4.618499e-02
4.622623e-02
4.626355e-02
4.630088e-02
4.633867e-02
4.637650e-02
4.641468e-02
4.645298e-02
4.649148e-02
4.652994e-02
4.656838e-02
4.660698e-02
4.664566e-02
4.668450e-02
4.672342e-02
4.676229e-02
4.680115e-02
4.684010e-02
4.687912e-02
4.691815e-02
4.695720e-02
4.699630e-02
4.703548e-02
4.707471e-02
4.711402e-02
4.715287e-02
4.719231e-02
4.723122e-02
4.727064e-02
4.730962e-02
4.734917e-02
4.738827e-02
4.742793e-02
4.746719e-02
4.750567e-02
4.754433e-02
4.758310e-02
4.762151e-02
4.765971e-02
4.769805e-02
4.773648e-02
4.777516e-02
4.781397e-02
4.785298e-02
4.789210e-02
4.793105e-02
4.796991e-02
4.800890e-02
4.804797e-02
4.808719e-02
4.812650e-02
4.816577e-02
4.820504e-02
4.824441e-02
4.828386e-02
4.832330e-02
4.836278e-02
4.840230e-02
4.844189e-02
4.848153e-02
4.852124e-02
4.856099e-02
4.860081e-02
4.864068e-02
4.868060e-02
4.872127e-02
4.876255e-02
4.880346e-02
4.884472e-02
4.888556e-02
4.892675e-02
4.896751e-02
4.900616e-02
4.904494e-02
4.908379e-02
4.912285e-02
4.916204e-02
4.920145e-02
4.924100e-02
4.928029e-02
4.931942e-02
4.935869e-02
4.939804e-02
4.943760e-02
4.947727e-02
4.951709e-02
4.955699e-02
4.959681e-02
4.963660e-02
4.967652e-02
4.971654e-02
4.975661e-02
4.979674e-02
4.983701e-02
4.987740e-02
4.991783e-02
4.995835e-02
4.999895e-02
5.003967e-02
5.008079e-02
5.012223e-02
5.016338e-02
5.020287e-02
5.024257e-02
5.028240e-02
5.032240e-02
5.036251e-02
5.040225e-02
5.044178e-02
5.048149e-02
5.052129e-02
5.056138e-02
5.060161e-02
5.064207e-02
5.068263e-02
5.072334e-02
5.076412e-02
5.080470e-02
5.084517e-02
5.088579e-02
5.092650e-02
5.096738e-02
5.100834e-02
5.104943e-02
5.109056e-02
5.113165e-02
5.117272e-02
5.121391e-02
5.125518e-02
5.129656e-02
5.133801e-02
5.138020e-02
5.142301e-02
5.146642e-02
5.151016e-02
5.155405e-02
5.159800e-02
5.164195e-02
5.168282e-02
5.172324e-02
5.176339e-02
5.180366e-02
5.184397e-02
5.188453e-02
5.192518e-02
5.196604e-02
5.200697e-02
5.204804e-02
5.208917e-02
5.213000e-02
5.217063e-02
5.221140e-02
5.225222e-02
5.229320e-02
5.233425e-02
5.237540e-02
5.241658e-02
5.245763e-02
5.249861e-02
5.253969e-02
5.258085e-02
5.262211e-02
5.266344e-02
5.270479e-02
5.274619e-02
5.278815e-02
5.283076e-02
5.287410e-02
5.291787e-02
5.296192e-02
5.300255e-02
5.304279e-02
5.308282e-02
5.312297e-02
5.316318e-02
5.320363e-02
5.324421e-02
5.328497e-02
5.332584e-02
5.336682e-02
5.340787e-02
5.344865e-02
5.348930e-02
5.353008e-02
5.357095e-02
5.361198e-02
5.365311e-02
5.369424e-02
5.373541e-02
5.377667e-02
5.381803e-02
5.385947e-02
5.390102e-02
5.394265e-02
5.398439e-02
5.402684e-02
5.407013e-02
5.411432e-02
5.415470e-02
5.419529e-02
5.423602e-02
5.427651e-02
5.431687e-02
5.435742e-02
5.439809e-02
5.443900e-02
5.448005e-02
5.452127e-02
5.456258e-02
5.460379e-02
5.464495e-02
5.468623e-02
5.472759e-02
5.476900e-02
5.481045e-02
5.485202e-02
5.489368e-02
5.493537e-02
5.497711e-02
5.501891e-02
5.506079e-02
5.510325e-02
5.514642e-02
5.519029e-02
5.523462e-02
5.527922e-02
5.532048e-02
5.536149e-02
5.540234e-02
5.544336e-02
5.548445e-02
5.552577e-02
5.556721e-02
5.560883e-02
5.565052e-02
5.569197e-02
5.573327e-02
5.577470e-02
5.581621e-02
5.585790e-02
5.589969e-02
5.594146e-02
5.598326e-02
5.602517e-02
5.606718e-02
5.610921e-02
5.615130e-02
5.619345e-02
5.623569e-02
5.627801e-02
5.632045e-02
5.636350e-02
5.640736e-02
5.645203e-02
5.649315e-02
5.653448e-02
5.657594e-02
5.661716e-02
5.665823e-02
5.669951e-02
5.674088e-02
5.678250e-02
5.682426e-02
5.686620e-02
5.690823e-02
5.695016e-02
5.699205e-02
5.703406e-02
5.707617e-02
5.711832e-02
5.716054e-02
5.720284e-02
5.724525e-02
5.728773e-02
5.733033e-02
5.737302e-02
5.741584e-02
5.745875e-02
5.750181e-02
5.754607e-02
5.759150e-02
5.763805e-02
5.767925e-02
5.772068e-02
5.776225e-02
5.780368e-02
5.784502e-02
5.788654e-02
5.792819e-02
5.797004e-02
5.801205e-02
5.805407e-02
5.809612e-02
5.813831e-02
5.818061e-02
5.822293e-02
5.826530e-02
5.830773e-02
5.835026e-02
5.839285e-02
5.843553e-02
5.847827e-02
5.852113e-02
5.856406e-02
5.860711e-02
5.865107e-02
5.869590e-02
5.874139e-02
5.878286e-02
5.882454e-02
5.886635e-02
5.890789e-02
5.894926e-02
5.899083e-02
5.903250e-02
5.907442e-02
5.911649e-02
5.915874e-02
5.920109e-02
5.924335e-02
5.928556e-02
5.932790e-02
5.937032e-02
5.941287e-02
5.945551e-02
5.949809e-02
5.954067e-02
5.958336e-02
5.962614e-02
5.966896e-02
5.971183e-02
5.975478e-02
5.979784e-02
5.984139e-02
5.988559e-02
5.993044e-02
5.997572e-02
6.002128e-02
6.006703e-02
6.011365e-02
6.015495e-02
6.019641e-02
6.023797e-02
6.027976e-02
6.032171e-02
6.036388e-02
6.040619e-02
6.044826e-02
6.049019e-02
6.053227e-02
6.057445e-02
6.061684e-02
6.065938e-02
6.070187e-02
6.074438e-02
6.078704e-02
6.082983e-02
6.087267e-02
6.091560e-02
6.095862e-02
6.100176e-02
6.104496e-02
6.108829e-02
6.113168e-02
6.117522e-02
6.121968e-02
6.126502e-02
6.131103e-02
6.135273e-02
6.139463e-02
6.143667e-02
6.147845e-02
6.152008e-02
6.156191e-02
6.160384e-02
6.164605e-02
6.168840e-02
6.173097e-02
6.177365e-02
6.181617e-02
6.185861e-02
6.190120e-02
6.194390e-02
6.198676e-02
6.202976e-02
6.207274e-02
6.211575e-02
6.215885e-02
6.220205e-02
6.224534e-02
6.228875e-02
6.233222e-02
6.237581e-02
6.242023e-02
6.246541e-02
6.251120e-02
6.255740e-02
6.260380e-02
6.264607e-02
6.268808e-02
6.272990e-02
6.277190e-02
6.281398e-02
6.285631e-02
6.289876e-02
6.294142e-02
6.298420e-02
6.302712e-02
6.307013e-02
6.311279e-02
6.315526e-02
6.319789e-02
6.324062e-02
6.328356e-02
6.332663e-02
6.336984e-02
6.341313e-02
6.345636e-02
6.349958e-02
6.354293e-02
6.358640e-02
6.362993e-02
6.367354e-02
6.371776e-02
6.376268e-02
6.380834e-02
6.385445e-02
6.390086e-02
6.394310e-02
6.398498e-02
6.402666e-02
6.406849e-02
6.411042e-02
6.415260e-02
6.419493e-02
6.423747e-02
6.428014e-02
6.432296e-02
6.436588e-02
6.440853e-02
6.445102e-02
6.449367e-02
6.453641e-02
6.457933e-02
6.462237e-02
6.466553e-02
6.470877e-02
6.475191e-02
6.479505e-02
6.483831e-02
6.488170e-02
6.492515e-02
6.496871e-02
6.501287e-02
6.505778e-02
6.510349e-02
6.514972e-02
6.519626e-02
6.523845e-02
6.528041e-02
6.532222e-02
6.536422e-02
6.540631e-02
6.544866e-02
6.549114e-02
6.553381e-02
6.557657e-02
6.561947e-02
6.566244e-02
6.570511e-02
6.574762e-02
6.579028e-02
6.583305e-02
6.587600e-02
6.591907e-02
6.596215e-02
6.600527e-02
6.604852e-02
6.609188e-02
6.613529e-02
6.617877e-02
6.622281e-02
6.626753e-02
6.631297e-02
6.635884e-02
6.640499e-02
6.644726e-02
6.648930e-02
6.653118e-02
6.657322e-02
6.661533e-02
6.665767e-02
6.670012e-02
6.674276e-02
6.678549e-02
6.682836e-02
6.687129e-02
6.691386e-02
6.695622e-02
6.699872e-02
6.704131e-02
6.708410e-02
6.712502e-02
6.716597e-02
6.720670e-02
6.724755e-02
6.728830e-02
6.732947e-02
6.737081e-02
6.741220e-02
6.745353e-02
6.749485e-02
6.753603e-02
6.757721e-02
6.761826e-02
6.765934e-02
6.770027e-02
6.774126e-02
6.778213e-02
6.782309e-02
6.786393e-02
6.790506e-02
6.794612e-02
6.798714e-02
6.802804e-02
6.806892e-02
6.810970e-02
6.815051e-02
6.819121e-02
6.823199e-02
6.827262e-02
6.831336e-02
6.835390e-02
6.839472e-02
6.843532e-02
6.847595e-02
6.851641e-02
6.855693e-02
6.859729e-02
6.863776e-02
6.867807e-02
6.871855e-02
6.875884e-02
6.879948e-02
6.884001e-02
6.888056e-02
6.892104e-02
6.896156e-02
6.900206e-02
6.904268e-02
6.908331e-02
6.912414e-02
6.916501e-02
6.920625e-02
6.924756e-02
6.928885e-02
6.933022e-02
6.937159e-02
6.941309e-02
6.945467e-02
6.949640e-02
6.953830e-02
6.958039e-02
6.962278e-02
6.966531e-02
6.970777e-02
6.975046e-02
6.978921e-02
6.982787e-02
6.986729e-02
6.990699e-02
6.994676e-02
6.998656e-02
7.002633e-02
7.006610e-02
7.010587e-02
7.014553e-02
7.018515e-02
7.022464e-02
7.026412e-02
7.030355e-02
7.034299e-02
7.038242e-02
7.042186e-02
7.046128e-02
7.050071e-02
7.054006e-02
7.057939e-02
7.061857e-02
7.065770e-02
7.069665e-02
7.073949e-02
7.078162e-02
7.082385e-02
7.086613e-02
7.090861e-02
7.095119e-02
7.099397e-02
7.103689e-02
7.107946e-02
7.112183e-02
7.116432e-02
7.120689e-02
7.124964e-02
7.129252e-02
7.133551e-02
7.137859e-02
7.142152e-02
7.146440e-02
7.150737e-02
7.155042e-02
7.159346e-02
7.163654e-02
7.167969e-02
7.172279e-02
7.176599e-02
7.180922e-02
7.185246e-02
7.189577e-02
7.193908e-02
7.198247e-02
7.202630e-02
7.207064e-02
7.211517e-02
7.215988e-02
7.220474e-02
7.224981e-02
7.229505e-02
7.234048e-02
7.238616e-02
7.242835e-02
7.247065e-02
7.251303e-02
7.255559e-02
7.259826e-02
7.264111e-02
7.268403e-02
7.272664e-02
7.276904e-02
7.281145e-02
7.285390e-02
7.289658e-02
7.293942e-02
7.298250e-02
7.302575e-02
7.306899e-02
7.311229e-02
7.315571e-02
7.319927e-02
7.324298e-02
7.328681e-02
7.333060e-02
7.337448e-02
7.341850e-02
7.346269e-02
7.350703e-02
7.355152e-02
7.359598e-02
7.364058e-02
7.368537e-02
7.372656e-02
7.376802e-02
7.380968e-02
7.385138e-02
7.389313e-02
7.393512e-02
7.397727e-02
7.401965e-02
7.406220e-02
7.410479e-02
7.414746e-02
7.419027e-02
7.423324e-02
7.427636e-02
7.431967e-02
7.436314e-02
7.440683e-02
7.445067e-02
7.449348e-02
7.453631e-02
7.457915e-02
7.462171e-02
7.466220e-02
7.470282e-02
7.474351e-02
7.478444e-02
7.482555e-02
7.486666e-02
7.490779e-02
7.494913e-02
7.499061e-02
7.503230e-02
7.507413e-02
7.511598e-02
7.515790e-02
7.519994e-02
7.524211e-02
7.528443e-02
7.532692e-02
7.536954e-02
7.541236e-02
7.545532e-02
7.549851e-02
7.554180e-02
7.558516e-02
7.562787e-02
7.566759e-02
7.570744e-02
7.574737e-02
7.578754e-02
7.582789e-02
7.586849e-02
7.590928e-02
7.594991e-02
7.599049e-02
7.603128e-02
7.607224e-02
7.611344e-02
7.615485e-02
7.619633e-02
7.623794e-02
7.627971e-02
7.632167e-02
7.636379e-02
7.640612e-02
7.644861e-02
7.649133e-02
7.653421e-02
7.657737e-02
7.662162e-02
7.666082e-02
7.670017e-02
7.673961e-02
7.677930e-02
7.681914e-02
7.685924e-02
7.689953e-02
7.693968e-02
7.697976e-02
7.702003e-02
7.706044e-02
7.710105e-02
7.714182e-02
7.718263e-02
7.722350e-02
7.726453e-02
7.730569e-02
7.734692e-02
7.738826e-02
7.742969e-02
7.747126e-02
7.751291e-02
7.755471e-02
7.759713e-02
7.764029e-02
7.768423e-02
7.772867e-02
7.777340e-02
7.781270e-02
7.785178e-02
7.789074e-02
7.792985e-02
7.796905e-02
7.800848e-02
7.804803e-02
7.808775e-02
7.812757e-02
7.816750e-02
7.820753e-02
7.824726e-02
7.828686e-02
7.832657e-02
7.836638e-02
7.840634e-02
7.844641e-02
7.848657e-02
7.852682e-02
7.856697e-02
7.860713e-02
7.864737e-02
7.868772e-02
7.872810e-02
7.876855e-02
7.880945e-02
7.885084e-02
7.889275e-02
7.893496e-02
7.897744e-02
7.902009e-02
7.906341e-02
7.910756e-02
7.915263e-02
7.919826e-02
7.924438e-02
7.928299e-02
7.932175e-02
7.936064e-02
7.939927e-02
7.943773e-02
7.947630e-02
7.951494e-02
7.955375e-02
7.959268e-02
7.963173e-02
7.967089e-02
7.970996e-02
7.974903e-02
7.978821e-02
7.982750e-02
7.986683e-02
7.990623e-02
7.994570e-02
7.998528e-02
8.002492e-02
8.006467e-02
8.010448e-02
8.014440e-02
8.018440e-02
8.022453e-02
8.026518e-02
8.030647e-02
8.034841e-02
8.039080e-02
8.043346e-02
8.047637e-02
8.052062e-02
8.055845e-02
8.059645e-02
8.063453e-02
8.067280e-02
8.071119e-02
8.074972e-02
8.078838e-02
8.082695e-02
8.086549e-02
8.090415e-02
8.094289e-02
8.098175e-02
8.102070e-02
8.105962e-02
8.109860e-02
8.113768e-02
8.117689e-02
8.121613e-02
8.125546e-02
8.129484e-02
8.133434e-02
8.137395e-02
8.141368e-02
8.145350e-02
8.149343e-02
8.153344e-02
8.157360e-02
8.161468e-02
8.165654e-02
8.169906e-02
8.174115e-02
8.178410e-02
8.182745e-02
8.187073e-02
8.190848e-02
8.194638e-02
8.198437e-02
8.202261e-02
8.206101e-02
8.209953e-02
8.213816e-02
8.217670e-02
8.221522e-02
8.225389e-02
8.229266e-02
8.233152e-02
8.237048e-02
8.240939e-02
8.244834e-02
8.248742e-02
8.252659e-02
8.256582e-02
8.260514e-02
8.264451e-02
8.268400e-02
8.272363e-02
8.276338e-02
8.280365e-02
8.284428e-02
8.288490e-02
8.292529e-02
8.296569e-02
8.300597e-02
8.304574e-02
8.308515e-02
8.312462e-02
8.316403e-02
8.320359e-02
8.324315e-02
8.328280e-02
8.332244e-02
8.336190e-02
8.340122e-02
8.344063e-02
8.348006e-02
8.351950e-02
8.355893e-02
8.359842e-02
8.363794e-02
8.367752e-02
8.371715e-02
8.375682e-02
8.379653e-02
8.383629e-02
8.387611e-02
8.391598e-02
8.395591e-02
8.399590e-02
8.403598e-02
8.407608e-02
8.411627e-02
8.415659e-02
8.419709e-02
8.423759e-02
8.427827e-02
8.431892e-02
8.435946e-02
8.440171e-02
8.444530e-02
8.448934e-02
8.453307e-02
8.457714e-02
8.462107e-02
8.466478e-02
8.470816e-02
8.475146e-02
8.479449e-02
8.483744e-02
8.488016e-02
8.492277e-02
8.496520e-02
8.500758e-02
8.504986e-02
8.509213e-02
8.513435e-02
8.517657e-02
8.521878e-02
8.526102e-02
8.530329e-02
8.534562e-02
8.538808e-02
8.543050e-02
8.547306e-02
8.551556e-02
8.555823e-02
8.560090e-02
8.564314e-02
8.568808e-02
8.573410e-02
8.578018e-02
8.582634e-02
8.587259e-02
8.591888e-02
8.596518e-02
8.601147e-02
8.605775e-02
8.610403e-02
8.615029e-02
8.619656e-02
8.624282e-02
8.628909e-02
8.633535e-02
8.638163e-02
8.642790e-02
8.647418e-02
8.652046e-02
8.656675e-02
8.661304e-02
8.665934e-02
8.670564e-02
8.675195e-02
8.679827e-02
8.684459e-02
8.689092e-02
8.693726e-02
8.698360e-02
8.702996e-02
8.707632e-02
8.712270e-02
8.716910e-02
8.721551e-02
8.726194e-02
8.730840e-02
8.735487e-02
8.740138e-02
8.744792e-02
8.749449e-02
8.754110e-02
8.758774e-02
8.763443e-02
8.768118e-02
8.772797e-02
8.777482e-02
8.782174e-02
8.786873e-02
8.791579e-02
8.796295e-02
8.801019e-02
8.805755e-02
8.810502e-02
8.815263e-02
8.820037e-02
8.824829e-02
8.829634e-02
8.834463e-02
8.839308e-02
8.844185e-02
8.849083e-02
8.854022e-02
8.858989e-02
8.864013e-02
8.868620e-02
8.873220e-02
8.877816e-02
8.882415e-02
8.887018e-02
8.891628e-02
8.896244e-02
8.900865e-02
8.905491e-02
8.910120e-02
8.914754e-02
8.919389e-02
8.924027e-02
8.928667e-02
8.933309e-02
8.937952e-02
8.942598e-02
8.947246e-02
8.951898e-02
8.956553e-02
8.961213e-02
8.965879e-02
8.970552e-02
8.975232e-02
8.979922e-02
8.984622e-02
8.989335e-02
8.994061e-02
8.998802e-02
9.003562e-02
9.008341e-02
9.013145e-02
9.017973e-02
9.022834e-02
9.027727e-02
9.032664e-02
9.037246e-02
9.041825e-02
9.046401e-02
9.050974e-02
9.055551e-02
9.060135e-02
9.064728e-02
9.069332e-02
9.073947e-02
9.078571e-02
9.083205e-02
9.087847e-02
9.092498e-02
9.097156e-02
9.101822e-02
9.106495e-02
9.111175e-02
9.115862e-02
9.120557e-02
9.125260e-02
9.129971e-02
9.134693e-02
9.139424e-02
9.144168e-02
9.148925e-02
9.153697e-02
9.158485e-02
9.163293e-02
9.168121e-02
9.172975e-02
9.177854e-02
9.182768e-02
9.187710e-02
9.192330e-02
9.196948e-02
9.201563e-02
9.206177e-02
9.210788e-02
9.215403e-02
9.220027e-02
9.224661e-02
9.229306e-02
9.233962e-02
9.238629e-02
9.243305e-02
9.247990e-02
9.252683e-02
9.257383e-02
9.262091e-02
9.266805e-02
9.271526e-02
9.276254e-02
9.280988e-02
9.285729e-02
9.290478e-02
9.295235e-02
9.300002e-02
9.304779e-02
9.309566e-02
9.314367e-02
9.319179e-02
9.324009e-02
9.328853e-02
9.333719e-02
9.338602e-02
9.343516e-02
9.348450e-02
9.353424e-02
9.358088e-02
9.362748e-02
9.367406e-02
9.372061e-02
9.376715e-02
9.381369e-02
9.386029e-02
9.390698e-02
9.395378e-02
9.400068e-02
9.404768e-02
9.409477e-02
9.414195e-02
9.418920e-02
9.423652e-02
9.428390e-02
9.433133e-02
9.437879e-02
9.442629e-02
9.447383e-02
9.452139e-02
9.456900e-02
9.461665e-02
9.466435e-02
9.471209e-02
9.475989e-02
9.480775e-02
9.485569e-02
9.490369e-02
9.495179e-02
9.499997e-02
9.504827e-02
9.509667e-02
9.514522e-02
9.519390e-02
9.524275e-02
9.529178e-02
9.534103e-02
9.539050e-02
9.544026e-02
9.549030e-02
9.553745e-02
9.558460e-02
9.563171e-02
9.567881e-02
9.572588e-02
9.577296e-02
9.582007e-02
9.586725e-02
9.591453e-02
9.596191e-02
9.600938e-02
9.605685e-02
9.610432e-02
9.615176e-02
9.619920e-02
9.624663e-02
9.629406e-02
9.634148e-02
9.638890e-02
9.643632e-02
9.648374e-02
9.653117e-02
9.657860e-02
9.662603e-02
9.667348e-02
9.672093e-02
9.676839e-02
9.681586e-02
9.686334e-02
9.691083e-02
9.695834e-02
9.700586e-02
9.705339e-02
9.710094e-02
9.714851e-02
9.719609e-02
9.724370e-02
9.729132e-02
9.733897e-02
9.738665e-02
9.743435e-02
9.748208e-02
9.752984e-02
9.757763e-02
9.762547e-02
9.767334e-02
9.772126e-02
9.776922e-02
9.781723e-02
9.786530e-02
9.791343e-02
9.796161e-02
9.800988e-02
9.805822e-02
9.810665e-02
9.815516e-02
9.820378e-02
9.825251e-02
9.830137e-02
9.835036e-02
9.839951e-02
9.844882e-02
9.849834e-02
9.854805e-02
9.859802e-02
9.864823e-02
9.869879e-02
9.874965e-02
9.879728e-02
9.884492e-02
9.889258e-02
9.894024e-02
9.898792e-02
9.903560e-02
9.908326e-02
9.913090e-02
9.917853e-02
9.922614e-02
9.927851e-02
9.933315e-02
9.938793e-02
9.944281e-02
9.949783e-02
9.955295e-02
9.960824e-02
9.966363e-02
9.971920e-02
9.977489e-02
9.983078e-02
9.988680e-02
9.994302e-02
9.999940e-02
1.000560e-01
1.001128e-01
1.001698e-01
1.002268e-01
1.002838e-01
1.003408e-01
1.003978e-01
1.004548e-01
1.005118e-01
1.005689e-01
1.006259e-01
1.006830e-01
1.007400e-01
1.007877e-01
1.008354e-01
1.008831e-01
1.009308e-01
1.009786e-01
1.010263e-01
1.010739e-01
1.011216e-01
1.011692e-01
1.012168e-01
1.012645e-01
1.013121e-01
1.013598e-01
1.014075e-01
1.014553e-01
1.015032e-01
1.015511e-01
1.015991e-01
1.016472e-01
1.016955e-01
1.017438e-01
1.017924e-01
1.018411e-01
1.018899e-01
1.019390e-01
1.019883e-01
1.020379e-01
1.020877e-01
1.021378e-01
1.021882e-01
1.022390e-01
1.022903e-01
1.023420e-01
1.023891e-01
1.024363e-01
1.024835e-01
1.025307e-01
1.025780e-01
1.026255e-01
1.026730e-01
1.027207e-01
1.027684e-01
1.028163e-01
1.028642e-01
1.029120e-01
1.029599e-01
1.030078e-01
1.030557e-01
1.031035e-01
1.031514e-01
1.031993e-01
1.032472e-01
1.032951e-01
1.033430e-01
1.033909e-01
1.034388e-01
1.034867e-01
1.035347e-01
1.035826e-01
1.036306e-01
1.036786e-01
1.037266e-01
1.037746e-01
1.038227e-01
1.038707e-01
1.039188e-01
1.039669e-01
1.040151e-01
1.040633e-01
1.041115e-01
1.041597e-01
1.042080e-01
1.042563e-01
1.043047e-01
1.043531e-01
1.044016e-01
1.044501e-01
1.044987e-01
1.045474e-01
1.045961e-01
1.046450e-01
1.046939e-01
1.047429e-01
1.047921e-01
1.048413e-01
1.048908e-01
1.049403e-01
1.049901e-01
1.050400e-01
1.050902e-01
1.051406e-01
1.051913e-01
1.052423e-01
1.052937e-01
1.053455e-01
1.053935e-01
1.054415e-01
1.054894e-01
1.055374e-01
1.055854e-01
1.056335e-01
1.056817e-01
1.057298e-01
1.057779e-01
1.058260e-01
1.058740e-01
1.059221e-01
1.059701e-01
1.060182e-01
1.060662e-01
1.061142e-01
1.061622e-01
1.062102e-01
1.062583e-01
1.063063e-01
1.063543e-01
1.064023e-01
1.064503e-01
1.064983e-01
1.065463e-01
1.065943e-01
1.066423e-01
1.066904e-01
1.067384e-01
1.067864e-01
1.068344e-01
1.068824e-01
1.069304e-01
1.069784e-01
1.070264e-01
1.070745e-01
1.071225e-01
1.071705e-01
1.072185e-01
1.072665e-01
1.073145e-01
1.073626e-01
1.074106e-01
1.074586e-01
1.075066e-01
1.075546e-01
1.076026e-01
1.076507e-01
1.076987e-01
1.077467e-01
1.077947e-01
1.078427e-01
1.078907e-01
1.079388e-01
1.079868e-01
1.080348e-01
1.080828e-01
1.081308e-01
1.081788e-01
1.082269e-01
1.082749e-01
1.083229e-01
1.083709e-01
1.084189e-01
1.084669e-01
1.085149e-01
1.085630e-01
1.086110e-01
1.086590e-01
1.087070e-01
1.087550e-01
1.088030e-01
1.088510e-01
1.088990e-01
1.089471e-01
1.089951e-01
1.090431e-01
1.090911e-01
1.091391e-01
1.091871e-01
1.092351e-01
1.092831e-01
1.093311e-01
1.093792e-01
1.094272e-01
1.094752e-01
1.095232e-01
1.095712e-01
1.096192e-01
1.096672e-01
1.097153e-01
1.097633e-01
1.098113e-01
1.098593e-01
1.099073e-01
1.099554e-01
1.100034e-01
1.100514e-01
1.100995e-01
1.101523e-01
1.102093e-01
1.102664e-01
1.103234e-01
1.103805e-01
1.104375e-01
1.104946e-01
1.105516e-01
1.106087e-01
1.106657e-01
1.107228e-01
1.107798e-01
1.108279e-01
1.108760e-01
1.109241e-01
1.109722e-01
1.110203e-01
1.110684e-01
1.111165e-01
1.111646e-01
1.112128e-01
1.112609e-01
1.113090e-01
1.113572e-01
1.114054e-01
1.114536e-01
1.115018e-01
1.115501e-01
1.115985e-01
1.116470e-01
1.116955e-01
1.117442e-01
1.117929e-01
1.118418e-01
1.118905e-01
1.119398e-01
1.119892e-01
1.120388e-01
1.120887e-01
1.121389e-01
1.121895e-01
1.122405e-01
1.122920e-01
1.123441e-01
1.123912e-01
1.124384e-01
1.124855e-01
1.125327e-01
1.125800e-01
1.126273e-01
1.126747e-01
1.127221e-01
1.127696e-01
1.128172e-01
1.128648e-01
1.129124e-01
1.129602e-01
1.130079e-01
1.130558e-01
1.131038e-01
1.131519e-01
1.132001e-01
1.132484e-01
1.132970e-01
1.133457e-01
1.133947e-01
1.134440e-01
1.134935e-01
1.135434e-01
1.135938e-01
1.136408e-01
1.136878e-01
1.137347e-01
1.137816e-01
1.138286e-01
1.138756e-01
1.139227e-01
1.139699e-01
1.140173e-01
1.140647e-01
1.141123e-01
1.141600e-01
1.142078e-01
1.142557e-01
1.143038e-01
1.143520e-01
1.144004e-01
1.144491e-01
1.144979e-01
1.145471e-01
1.145960e-01
1.146454e-01
1.146924e-01
1.147393e-01
1.147862e-01
1.148332e-01
1.148801e-01
1.149271e-01
1.149742e-01
1.150215e-01
1.150689e-01
1.151166e-01
1.151644e-01
1.152124e-01
1.152606e-01
1.153090e-01
1.153576e-01
1.154064e-01
1.154554e-01
1.155046e-01
1.155539e-01
1.156036e-01
1.156530e-01
1.157003e-01
1.157476e-01
1.157948e-01
1.158421e-01
1.158893e-01
1.159365e-01
1.159837e-01
1.160311e-01
1.160787e-01
1.161264e-01
1.161742e-01
1.162222e-01
1.162705e-01
1.163189e-01
1.163675e-01
1.164163e-01
1.164653e-01
1.165143e-01
1.165638e-01
1.166127e-01
1.166600e-01
1.167073e-01
1.167545e-01
1.168017e-01
1.168489e-01
1.168961e-01
1.169433e-01
1.169907e-01
1.170382e-01
1.170859e-01
1.171337e-01
1.171818e-01
1.172301e-01
1.172786e-01
1.173273e-01
1.173763e-01
1.174256e-01
1.174750e-01
1.175223e-01
1.175697e-01
1.176170e-01
1.176643e-01
1.177116e-01
1.177589e-01
1.178062e-01
1.178536e-01
1.179011e-01
1.179487e-01
1.179965e-01
1.180445e-01
1.180927e-01
1.181411e-01
1.181897e-01
1.182385e-01
1.182876e-01
1.183364e-01
1.183860e-01
1.184334e-01
1.184807e-01
1.185280e-01
1.185753e-01
1.186226e-01
1.186698e-01
1.187171e-01
1.187645e-01
1.188120e-01
1.188597e-01
1.189075e-01
1.189556e-01
1.190039e-01
1.190525e-01
1.191013e-01
1.191504e-01
1.191998e-01
1.192471e-01
1.192944e-01
1.193417e-01
1.193890e-01
1.194363e-01
1.194836e-01
1.195309e-01
1.195782e-01
1.196257e-01
1.196734e-01
1.197212e-01
1.197693e-01
1.198176e-01
1.198661e-01
1.199148e-01
1.199638e-01
1.200131e-01
1.200627e-01
1.201100e-01
1.201572e-01
1.202045e-01
1.202517e-01
1.202989e-01
1.203461e-01
1.203934e-01
1.204408e-01
1.204883e-01
1.205360e-01
1.205840e-01
1.206321e-01
1.206805e-01
1.207291e-01
1.207781e-01
1.208268e-01
1.208738e-01
1.209209e-01
1.209679e-01
1.210149e-01
1.210619e-01
1.211089e-01
1.211560e-01
1.212032e-01
1.212505e-01
1.212981e-01
1.213459e-01
1.213939e-01
1.214423e-01
1.214909e-01
1.215378e-01
1.215847e-01
1.216315e-01
1.216783e-01
1.217251e-01
1.217719e-01
1.218188e-01
1.218657e-01
1.219127e-01
1.219600e-01
1.220075e-01
1.220552e-01
1.221032e-01
1.221516e-01
1.222003e-01
1.222470e-01
1.222937e-01
1.223404e-01
1.223871e-01
1.224338e-01
1.224805e-01
1.225273e-01
1.225743e-01
1.226214e-01
1.226688e-01
1.227164e-01
1.227644e-01
1.228127e-01
1.228593e-01
1.229060e-01
1.229526e-01
1.229992e-01
1.230459e-01
1.230926e-01
1.231393e-01
1.231861e-01
1.232331e-01
1.232803e-01
1.233277e-01
1.233754e-01
1.234235e-01
1.234719e-01
1.235185e-01
1.235652e-01
1.236119e-01
1.236586e-01
1.237053e-01
1.237521e-01
1.237989e-01
1.238458e-01
1.238929e-01
1.239403e-01
1.239878e-01
1.240357e-01
1.240840e-01
1.241325e-01
1.241793e-01
1.242261e-01
1.242729e-01
1.243198e-01
1.243666e-01
1.244136e-01
1.244606e-01
1.245076e-01
1.245549e-01
1.246024e-01
1.246501e-01
1.246982e-01
1.247466e-01
1.247953e-01
1.248423e-01
1.248892e-01
1.249362e-01
1.249832e-01
1.250303e-01
1.250774e-01
1.251245e-01
1.251718e-01
1.252192e-01
1.252668e-01
1.253146e-01
1.253628e-01
1.254112e-01
1.254600e-01
1.255091e-01
1.255562e-01
1.256034e-01
1.256506e-01
1.256978e-01
1.257450e-01
1.257923e-01
1.258397e-01
1.258871e-01
1.259347e-01
1.259825e-01
1.260305e-01
1.260789e-01
1.261276e-01
1.261766e-01
1.262260e-01
1.262732e-01
1.263205e-01
1.263678e-01
1.264152e-01
1.264625e-01
1.265099e-01
1.265574e-01
1.266050e-01
1.266528e-01
1.267008e-01
1.267490e-01
1.267976e-01
1.268465e-01
1.268957e-01
1.269431e-01
1.269905e-01
1.270379e-01
1.270853e-01
1.271328e-01
1.271802e-01
1.272277e-01
1.272753e-01
1.273230e-01
1.273709e-01
1.274190e-01
1.274674e-01
1.275161e-01
1.275651e-01
1.276145e-01
1.276639e-01
1.277114e-01
1.277589e-01
1.278064e-01
1.278539e-01
1.279015e-01
1.279491e-01
1.279967e-01
1.280445e-01
1.280925e-01
1.281408e-01
1.281893e-01
1.282380e-01
1.282871e-01
1.283365e-01
1.283863e-01
1.284339e-01
1.284815e-01
1.285291e-01
1.285767e-01
1.286244e-01
1.286721e-01
1.287198e-01
1.287677e-01
1.288157e-01
1.288639e-01
1.289124e-01
1.289612e-01
1.290102e-01
1.290595e-01
1.291092e-01
1.291569e-01
1.292046e-01
1.292523e-01
1.293001e-01
1.293478e-01
1.293956e-01
1.294435e-01
1.294914e-01
1.295394e-01
1.295876e-01
1.296360e-01
1.296847e-01
1.297336e-01
1.297829e-01
1.298325e-01
1.298825e-01
1.299303e-01
1.299781e-01
1.300260e-01
1.300739e-01
1.301218e-01
1.301697e-01
1.302177e-01
1.302658e-01
1.303140e-01
1.303624e-01
1.304111e-01
1.304600e-01
1.305091e-01
1.305586e-01
1.306083e-01
1.306584e-01
1.307064e-01
1.307545e-01
1.308025e-01
1.308506e-01
1.308987e-01
1.309469e-01
1.309951e-01
1.310433e-01
1.310916e-01
1.311401e-01
1.311887e-01
1.312376e-01
1.312868e-01
1.313362e-01
1.313859e-01
1.314358e-01
1.314861e-01
1.315367e-01
1.315850e-01
1.316333e-01
1.316816e-01
1.317299e-01
1.317782e-01
1.318265e-01
1.318749e-01
1.319234e-01
1.319720e-01
1.320207e-01
1.320697e-01
1.321190e-01
1.321684e-01
1.322182e-01
1.322682e-01
1.323186e-01
1.323692e-01
1.324176e-01
1.324661e-01
1.325145e-01
1.325629e-01
1.326114e-01
1.326599e-01
1.327084e-01
1.327569e-01
1.328056e-01
1.328544e-01
1.329034e-01
1.329526e-01
1.330021e-01
1.330518e-01
1.331017e-01
1.331519e-01
1.332024e-01
1.332531e-01
1.333042e-01
1.333528e-01
1.334014e-01
1.334500e-01
1.334986e-01
1.335472e-01
1.335959e-01
1.336445e-01
1.336933e-01
1.337421e-01
1.337912e-01
1.338405e-01
1.338900e-01
1.339397e-01
1.339896e-01
1.340399e-01
1.340903e-01
1.341411e-01
1.341918e-01
1.342405e-01
1.342892e-01
1.343380e-01
1.343867e-01
1.344354e-01
1.344841e-01
1.345329e-01
1.345817e-01
1.346306e-01
1.346797e-01
1.347289e-01
1.347784e-01
1.348281e-01
1.348780e-01
1.349282e-01
1.349786e-01
1.350293e-01
1.350801e-01
1.351289e-01
1.351777e-01
1.352265e-01
1.352753e-01
1.353241e-01
1.353729e-01
1.354217e-01
1.354706e-01
1.355195e-01
1.355685e-01
1.356177e-01
1.356671e-01
1.357167e-01
1.357665e-01
1.358165e-01
1.358668e-01
1.359173e-01
1.359681e-01
1.360192e-01
1.360700e-01
1.361189e-01
1.361678e-01
1.362166e-01
1.362655e-01
1.363143e-01
1.363632e-01
1.364121e-01
1.364610e-01
1.365101e-01
1.365594e-01
1.366088e-01
1.366585e-01
1.367084e-01
1.367586e-01
1.368090e-01
1.368597e-01
1.369106e-01
1.369615e-01
1.370104e-01
1.370594e-01
1.371083e-01
1.371572e-01
1.372061e-01
1.372550e-01
1.373039e-01
1.373529e-01
1.374019e-01
1.374511e-01
1.375005e-01
1.375502e-01
1.376000e-01
1.376500e-01
1.377003e-01
1.377508e-01
1.378016e-01
1.378527e-01
1.379040e-01
1.379531e-01
1.380021e-01
1.380511e-01
1.381001e-01
1.381491e-01
1.381981e-01
1.382471e-01
1.382961e-01
1.383453e-01
1.383945e-01
1.384440e-01
1.384937e-01
1.385436e-01
1.385937e-01
1.386441e-01
1.386946e-01
1.387455e-01
1.387966e-01
1.388476e-01
1.388968e-01
1.389459e-01
1.389950e-01
1.390442e-01
1.390933e-01
1.391424e-01
1.391915e-01
1.392407e-01
1.392899e-01
1.393393e-01
1.393888e-01
1.394384e-01
1.394883e-01
1.395384e-01
1.395887e-01
1.396392e-01
1.396899e-01
1.397408e-01
1.397920e-01
1.398433e-01
1.398950e-01
1.399462e-01
1.399955e-01
1.400449e-01
1.400942e-01
1.401435e-01
1.401928e-01
1.402422e-01
1.402915e-01
1.403409e-01
1.403905e-01
1.404402e-01
1.404901e-01
1.405401e-01
1.405904e-01
1.406409e-01
1.406915e-01
1.407424e-01
1.407934e-01
1.408447e-01
1.408962e-01
1.409480e-01
1.410000e-01
1.410524e-01
1.411020e-01
1.411516e-01
1.412011e-01
1.412507e-01
1.413003e-01
1.413498e-01
1.413994e-01
1.414490e-01
1.414988e-01
1.415486e-01
1.415986e-01
1.416488e-01
1.416992e-01
1.417497e-01
1.418004e-01
1.418513e-01
1.419023e-01
1.419535e-01
1.420049e-01
1.420564e-01
1.421082e-01
1.421602e-01
1.422124e-01
1.422649e-01
1.423148e-01
1.423646e-01
1.424145e-01
1.424643e-01
1.425140e-01
1.425638e-01
1.426136e-01
1.426634e-01
1.427132e-01
1.427632e-01
1.428133e-01
1.428636e-01
1.429140e-01
1.429646e-01
1.430153e-01
1.430661e-01
1.431171e-01
1.431683e-01
1.432196e-01
1.432710e-01
1.433227e-01
1.433745e-01
1.434264e-01
1.434786e-01
1.435311e-01
1.435837e-01
1.436338e-01
1.436838e-01
1.437339e-01
1.437839e-01
1.438338e-01
1.438838e-01
1.439337e-01
1.439836e-01
1.440336e-01
1.440837e-01
1.441338e-01
1.441842e-01
1.442346e-01
1.442853e-01
1.443360e-01
1.443869e-01
1.444380e-01
1.444892e-01
1.445405e-01
1.445919e-01
1.446435e-01
1.446953e-01
1.447472e-01
1.447992e-01
1.448515e-01
1.449040e-01
1.449567e-01
1.450097e-01
1.450599e-01
1.451101e-01
1.451602e-01
1.452104e-01
1.452605e-01
1.453105e-01
1.453606e-01
1.454107e-01
1.454608e-01
1.455110e-01
1.455614e-01
1.456118e-01
1.456625e-01
1.457132e-01
1.457641e-01
1.458151e-01
1.458663e-01
1.459175e-01
1.459689e-01
1.460204e-01
1.460720e-01
1.461236e-01
1.461755e-01
1.462271e-01
1.462793e-01
1.463316e-01
1.463837e-01
1.464366e-01
1.464897e-01
1.465431e-01
1.465933e-01
1.466435e-01
1.466937e-01
1.467439e-01
1.467940e-01
1.468441e-01
1.468942e-01
1.469444e-01
1.469947e-01
1.470451e-01
1.470956e-01
1.471463e-01
1.471971e-01
1.472481e-01
1.472991e-01
1.473503e-01
1.474016e-01
1.474530e-01
1.475045e-01
1.475562e-01
1.476080e-01
1.476600e-01
1.477121e-01
1.477644e-01
1.478170e-01
1.478698e-01
1.479228e-01
1.479762e-01
1.480264e-01
1.480766e-01
1.481267e-01
1.481767e-01
1.482268e-01
1.482768e-01
1.483269e-01
1.483771e-01
1.484274e-01
1.484779e-01
1.485285e-01
1.485792e-01
1.486301e-01
1.486811e-01
1.487322e-01
1.487835e-01
1.488349e-01
1.488865e-01
1.489382e-01
1.489901e-01
1.490422e-01
1.490945e-01
1.491471e-01
1.491998e-01
1.492529e-01
1.493031e-01
1.493533e-01
1.494034e-01
1.494535e-01
1.495035e-01
1.495536e-01
1.496036e-01
1.496537e-01
1.497040e-01
1.497543e-01
1.498049e-01
1.498556e-01
1.499064e-01
1.499574e-01
1.500086e-01
1.500600e-01
1.501114e-01
1.501631e-01
1.502146e-01
1.502667e-01
1.503181e-01
1.503706e-01
1.504221e-01
1.504723e-01
1.505226e-01
1.505727e-01
1.506229e-01
1.506730e-01
1.507232e-01
1.507733e-01
1.508234e-01
1.508736e-01
1.509239e-01
1.509744e-01
1.510250e-01
1.510758e-01
1.511267e-01
1.511778e-01
1.512291e-01
1.512805e-01
1.513320e-01
1.513837e-01
1.514352e-01
1.514871e-01
1.515386e-01
1.515907e-01
1.516421e-01
1.516924e-01
1.517427e-01
1.517930e-01
1.518433e-01
1.518935e-01
1.519437e-01
1.519939e-01
1.520442e-01
1.520945e-01
1.521449e-01
1.521954e-01
1.522461e-01
1.522970e-01
1.523480e-01
1.523992e-01
1.524506e-01
1.525021e-01
1.525538e-01
1.526057e-01
1.526578e-01
1.527100e-01
1.527614e-01
1.528137e-01
1.528662e-01
1.529166e-01
1.529669e-01
1.530172e-01
1.530675e-01
1.531178e-01
1.531680e-01
1.532182e-01
1.532685e-01
1.533189e-01
1.533693e-01
1.534200e-01
1.534708e-01
1.535217e-01
1.535729e-01
1.536242e-01
1.536757e-01
1.537273e-01
1.537792e-01
1.538312e-01
1.538835e-01
1.539360e-01
1.539887e-01
1.540390e-01
1.540893e-01
1.541396e-01
1.541898e-01
1.542400e-01
1.542902e-01
1.543403e-01
1.543905e-01
1.544408e-01
1.544911e-01
1.545416e-01
1.545923e-01
1.546432e-01
1.546942e-01
1.547454e-01
1.547969e-01
1.548485e-01
1.549003e-01
1.549523e-01
1.550046e-01
1.550572e-01
1.551101e-01
1.551603e-01
1.552104e-01
1.552606e-01
1.553107e-01
1.553607e-01
1.554108e-01
1.554609e-01
1.555111e-01
1.555614e-01
1.556118e-01
1.556625e-01
1.557133e-01
1.557643e-01
1.558155e-01
1.558670e-01
1.559186e-01
1.559705e-01
1.560226e-01
1.560751e-01
1.561278e-01
1.561779e-01
1.562280e-01
1.562781e-01
1.563282e-01
1.563782e-01
1.564283e-01
1.564783e-01
1.565284e-01
1.565787e-01
1.566292e-01
1.566798e-01
1.567306e-01
1.567816e-01
1.568329e-01
1.568843e-01
1.569360e-01
1.569878e-01
1.570400e-01
1.570924e-01
1.571438e-01
1.571939e-01
1.572440e-01
1.572941e-01
1.573442e-01
1.573943e-01
1.574444e-01
1.574945e-01
1.575446e-01
1.575950e-01
1.576455e-01
1.576962e-01
1.577471e-01
1.577983e-01
1.578496e-01
1.579011e-01
1.579524e-01
1.580043e-01
1.580556e-01
1.581074e-01
1.581576e-01
1.582078e-01
1.582580e-01
1.583081e-01
1.583583e-01
1.584084e-01
1.584586e-01
1.585088e-01
1.585591e-01
1.586096e-01
1.586602e-01
1.587111e-01
1.587622e-01
1.588135e-01
1.588650e-01
1.589168e-01
1.589686e-01
1.590209e-01
1.590728e-01
1.591257e-01
1.591760e-01
1.592263e-01
1.592766e-01
1.593268e-01
1.593771e-01
1.594274e-01
1.594777e-01
1.595281e-01
1.595786e-01
1.596292e-01
1.596801e-01
1.597311e-01
1.597824e-01
1.598338e-01
1.598855e-01
1.599374e-01
1.599896e-01
1.600419e-01
1.600946e-01
1.601475e-01
1.602008e-01
1.602513e-01
1.603018e-01
1.603523e-01
1.604027e-01
1.604532e-01
1.605037e-01
1.605542e-01
1.606047e-01
1.606554e-01
1.607063e-01
1.607574e-01
1.608086e-01
1.608601e-01
1.609118e-01
1.609636e-01
1.610157e-01
1.610681e-01
1.611207e-01
1.611735e-01
1.612266e-01
1.612800e-01
1.613307e-01
1.613814e-01
1.614321e-01
1.614827e-01
1.615334e-01
1.615841e-01
1.616348e-01
1.616855e-01
1.617363e-01
1.617873e-01
1.618385e-01
1.618898e-01
1.619413e-01
1.619930e-01
1.620449e-01
1.620969e-01
1.621492e-01
1.622016e-01
1.622542e-01
1.623071e-01
1.623602e-01
1.624136e-01
1.624673e-01
1.625182e-01
1.625691e-01
1.626199e-01
1.626708e-01
1.627216e-01
1.627724e-01
1.628233e-01
1.628741e-01
1.629251e-01
1.629762e-01
1.630275e-01
1.630790e-01
1.631306e-01
1.631824e-01
1.632344e-01
1.632866e-01
1.633390e-01
1.633915e-01
1.634442e-01
1.634972e-01
1.635504e-01
1.636038e-01
1.636575e-01
1.637086e-01
1.637596e-01
1.638107e-01
1.638617e-01
1.639127e-01
1.639637e-01
1.640147e-01
1.640656e-01
1.641167e-01
1.641679e-01
1.642193e-01
1.642708e-01
1.643224e-01
1.643743e-01
1.644262e-01
1.644784e-01
1.645306e-01
1.645830e-01
1.646356e-01
1.646883e-01
1.647410e-01
1.647938e-01
1.648466e-01
1.648995e-01
1.649526e-01
1.650057e-01
1.650589e-01
1.651124e-01
1.651658e-01
1.652196e-01
1.652730e-01
1.653243e-01
1.653756e-01
1.654269e-01
1.654782e-01
1.655295e-01
1.655807e-01
1.656319e-01
1.656832e-01
1.657345e-01
1.657859e-01
1.658372e-01
1.658885e-01
1.659399e-01
1.659912e-01
1.660424e-01
1.660937e-01
1.661450e-01
1.661963e-01
1.662475e-01
1.662988e-01
1.663501e-01
1.664014e-01
1.664526e-01
1.665039e-01
1.665552e-01
1.666065e-01
1.666578e-01
1.667091e-01
1.667605e-01
1.668118e-01
1.668631e-01
1.669145e-01
1.669658e-01
1.670172e-01
1.670685e-01
1.671199e-01
1.671713e-01
1.672227e-01
1.672741e-01
1.673255e-01
1.673769e-01
1.674283e-01
1.674797e-01
1.675312e-01
1.675827e-01
1.676341e-01
1.676856e-01
1.677371e-01
1.677886e-01
1.678402e-01
1.678917e-01
1.679433e-01
1.679949e-01
1.680465e-01
1.680981e-01
1.681498e-01
1.682015e-01
1.682532e-01
1.683050e-01
1.683568e-01
1.684086e-01
1.684604e-01
1.685124e-01
1.685643e-01
1.686163e-01
1.686684e-01
1.687205e-01
1.687727e-01
1.688250e-01
1.688773e-01
1.689298e-01
1.689823e-01
1.690350e-01
1.690877e-01
1.691406e-01
1.691937e-01
1.692469e-01
1.693003e-01
1.693539e-01
1.694077e-01
1.694618e-01
1.695162e-01
1.695709e-01
1.696260e-01
1.696816e-01
1.697330e-01
1.697843e-01
1.698357e-01
1.698870e-01
1.699384e-01
1.699898e-01
1.700413e-01
1.700929e-01
1.701445e-01
1.701961e-01
1.702476e-01
1.702907e-01
1.703361e-01
1.703831e-01
1.704323e-01
1.704838e-01
1.705353e-01
1.705868e-01
1.706383e-01
1.706898e-01
1.707413e-01
1.707927e-01
1.708442e-01
1.708957e-01
1.709472e-01
1.709987e-01
1.710502e-01
1.711017e-01
1.711532e-01
1.712048e-01
1.712563e-01
1.713078e-01
1.713593e-01
1.714108e-01
1.714624e-01
1.715139e-01
1.715654e-01
1.716170e-01
1.716685e-01
1.717201e-01
1.717716e-01
1.718232e-01
1.718747e-01
1.719263e-01
1.719778e-01
1.720294e-01
1.720810e-01
1.721326e-01
1.721842e-01
1.722358e-01
1.722874e-01
1.723390e-01
1.723907e-01
1.724423e-01
1.724939e-01
1.725456e-01
1.725973e-01
1.726384e-01
1.726829e-01
1.727304e-01
1.727808e-01
1.728325e-01
1.728843e-01
1.729361e-01
1.729879e-01
1.730397e-01
1.730916e-01
1.731434e-01
1.731954e-01
1.732473e-01
1.732993e-01
1.733513e-01
1.734034e-01
1.734555e-01
1.735076e-01
1.735599e-01
1.736121e-01
1.736645e-01
1.737169e-01
1.737694e-01
1.738219e-01
1.738746e-01
1.739274e-01
1.739803e-01
1.740333e-01
1.740864e-01
1.741397e-01
1.741932e-01
1.742469e-01
1.743008e-01
1.743549e-01
1.744093e-01
1.744640e-01
1.745191e-01
1.745745e-01
1.746305e-01
1.746821e-01
1.747336e-01
1.747851e-01
1.748367e-01
1.748883e-01
1.749400e-01
1.749917e-01
1.750434e-01
1.750951e-01
1.751467e-01
1.751983e-01
1.752500e-01
1.753016e-01
1.753532e-01
1.754048e-01
1.754564e-01
1.755079e-01
1.755595e-01
1.756111e-01
1.756627e-01
1.757142e-01
1.757658e-01
1.758174e-01
1.758689e-01
1.759205e-01
1.759720e-01
1.760236e-01
1.760752e-01
1.761267e-01
1.761782e-01
1.762298e-01
1.762813e-01
1.763328e-01
1.763843e-01
1.764358e-01
1.764873e-01
1.765388e-01
1.765903e-01
1.766418e-01
1.766932e-01
1.767447e-01
1.767961e-01
1.768475e-01
1.768988e-01
1.769502e-01
1.770015e-01
1.770528e-01
1.771041e-01
1.771554e-01
1.772067e-01
1.772581e-01
1.773094e-01
1.773607e-01
1.774121e-01
1.774636e-01
1.775151e-01
1.775666e-01
1.776183e-01
1.776700e-01
1.777218e-01
1.777737e-01
1.778257e-01
1.778779e-01
1.779302e-01
1.779827e-01
1.780354e-01
1.780882e-01
1.781414e-01
1.781948e-01
1.782486e-01
1.783027e-01
1.783573e-01
1.784100e-01
1.784603e-01
1.785107e-01
1.785610e-01
1.786113e-01
1.786617e-01
1.787122e-01
1.787628e-01
1.788135e-01
1.788643e-01
1.789151e-01
1.789660e-01
1.790170e-01
1.790680e-01
1.791191e-01
1.791703e-01
1.792214e-01
1.792727e-01
1.793239e-01
1.793752e-01
1.794266e-01
1.794781e-01
1.795296e-01
1.795812e-01
1.796329e-01
1.796847e-01
1.797366e-01
1.797886e-01
1.798408e-01
1.798932e-01
1.799457e-01
1.799985e-01
1.800515e-01
1.801048e-01
1.801584e-01
1.802117e-01
1.802661e-01
1.803166e-01
1.803671e-01
1.804175e-01
1.804679e-01
1.805184e-01
1.805689e-01
1.806195e-01
1.806702e-01
1.807210e-01
1.807720e-01
1.808230e-01
1.808742e-01
1.809255e-01
1.809769e-01
1.810284e-01
1.810800e-01
1.811316e-01
1.811834e-01
1.812353e-01
1.812872e-01
1.813393e-01
1.813915e-01
1.814438e-01
1.814963e-01
1.815490e-01
1.816018e-01
1.816548e-01
1.817081e-01
1.817616e-01
1.818155e-01
1.818696e-01
1.819241e-01
1.819750e-01
1.820258e-01
1.820767e-01
1.821275e-01
1.821783e-01
1.822291e-01
1.822801e-01
1.823311e-01
1.823823e-01
1.824336e-01
1.824850e-01
1.825365e-01
1.825882e-01
1.826399e-01
1.826918e-01
1.827437e-01
1.827957e-01
1.828478e-01
1.829000e-01
1.829521e-01
1.830044e-01
1.830565e-01
1.831089e-01
1.831610e-01
1.832136e-01
1.832657e-01
1.833185e-01
1.833714e-01
1.834243e-01
1.834775e-01
1.835307e-01
1.835841e-01
1.836378e-01
1.836911e-01
1.837450e-01
1.837984e-01
1.838498e-01
1.839012e-01
1.839526e-01
1.840039e-01
1.840553e-01
1.841066e-01
1.841579e-01
1.842092e-01
1.842606e-01
1.843121e-01
1.843637e-01
1.844154e-01
1.844673e-01
1.845192e-01
1.845712e-01
1.846232e-01
1.846754e-01
1.847275e-01
1.847797e-01
1.848319e-01
1.848841e-01
1.849363e-01
1.849886e-01
1.850409e-01
1.850932e-01
1.851456e-01
1.851980e-01
1.852505e-01
1.853030e-01
1.853556e-01
1.854083e-01
1.854611e-01
1.855139e-01
1.855668e-01
1.856199e-01
1.856731e-01
1.857264e-01
1.857798e-01
1.858334e-01
1.858872e-01
1.859412e-01
1.859954e-01
1.860499e-01
1.861047e-01
1.861599e-01
1.862115e-01
1.862631e-01
1.863146e-01
1.863661e-01
1.864176e-01
1.864690e-01
1.865206e-01
1.865722e-01
1.866239e-01
1.866758e-01
1.867277e-01
1.867798e-01
1.868319e-01
1.868841e-01
1.869363e-01
1.869886e-01
1.870410e-01
1.870934e-01
1.871433e-01
1.871941e-01
1.872460e-01
1.872963e-01
1.873477e-01
1.873981e-01
1.874481e-01
1.874989e-01
1.875489e-01
1.875998e-01
1.876498e-01
1.877007e-01
1.877507e-01
1.878017e-01
1.878518e-01
1.879028e-01
1.879528e-01
1.880039e-01
1.880539e-01
1.881050e-01
1.881551e-01
1.882062e-01
1.882564e-01
1.883075e-01
1.883577e-01
1.884089e-01
1.884590e-01
1.885103e-01
1.885619e-01
1.886127e-01
1.886643e-01
1.887161e-01
1.887664e-01
1.888178e-01
1.888682e-01
1.889191e-01
1.889711e-01
1.890235e-01
1.890739e-01
1.891254e-01
1.891760e-01
1.892270e-01
1.892776e-01
1.893303e-01
1.893831e-01
1.894359e-01
1.894887e-01
1.895416e-01
1.895946e-01
1.896476e-01
1.897006e-01
1.897538e-01
1.898070e-01
1.898603e-01
1.899136e-01
1.899671e-01
1.900207e-01
1.900744e-01
1.901283e-01
1.901823e-01
1.902365e-01
1.902909e-01
1.903455e-01
1.904004e-01
1.904556e-01
1.905111e-01
1.905633e-01
1.906154e-01
1.906675e-01
1.907196e-01
1.907717e-01
1.908238e-01
1.908759e-01
1.909281e-01
1.909804e-01
1.910329e-01
1.910854e-01
1.911380e-01
1.911908e-01
1.912435e-01
1.912959e-01
1.913486e-01
1.914013e-01
1.914541e-01
1.915068e-01
1.915595e-01
1.916122e-01
1.916650e-01
1.917177e-01
1.917705e-01
1.918233e-01
1.918761e-01
1.919289e-01
1.919818e-01
1.920347e-01
1.920876e-01
1.921406e-01
1.921935e-01
1.922466e-01
1.922996e-01
1.923527e-01
1.924059e-01
1.924591e-01
1.925124e-01
1.925657e-01
1.926191e-01
1.926726e-01
1.927261e-01
1.927798e-01
1.928335e-01
1.928874e-01
1.929414e-01
1.929955e-01
1.930498e-01
1.931038e-01
1.931585e-01
1.932133e-01
1.932680e-01
1.933233e-01
1.933781e-01
1.934323e-01
1.934851e-01
1.935378e-01
1.935905e-01
1.936431e-01
1.936958e-01
1.937484e-01
1.938011e-01
1.938538e-01
1.939067e-01
1.939596e-01
1.940125e-01
1.940653e-01
1.941181e-01
1.941709e-01
1.942238e-01
1.942766e-01
1.943293e-01
1.943821e-01
1.944349e-01
1.944877e-01
1.945405e-01
1.945933e-01
1.946461e-01
1.946989e-01
1.947517e-01
1.948045e-01
1.948573e-01
1.949101e-01
1.949630e-01
1.950158e-01
1.950686e-01
1.951215e-01
1.951743e-01
1.952272e-01
1.952801e-01
1.953330e-01
1.953859e-01
1.954388e-01
1.954917e-01
1.955446e-01
1.955976e-01
1.956505e-01
1.957035e-01
1.957565e-01
1.958096e-01
1.958626e-01
1.959157e-01
1.959688e-01
1.960219e-01
1.960751e-01
1.961282e-01
1.961815e-01
1.962347e-01
1.962880e-01
1.963413e-01
1.963947e-01
1.964481e-01
1.965016e-01
1.965551e-01
1.966087e-01
1.966624e-01
1.967161e-01
1.967699e-01
1.968238e-01
1.968778e-01
1.969319e-01
1.969862e-01
1.970405e-01
1.970951e-01
1.971497e-01
1.972046e-01
1.972596e-01
1.973149e-01
1.973704e-01
1.974263e-01
1.974808e-01
1.975364e-01
1.975909e-01
1.976466e-01
1.976991e-01
1.977515e-01
1.978039e-01
1.978564e-01
1.979089e-01
1.979615e-01
1.980142e-01
1.980670e-01
1.981198e-01
1.981727e-01
1.982257e-01
1.982787e-01
1.983317e-01
1.983848e-01
1.984378e-01
1.984909e-01
1.985440e-01
1.985971e-01
1.986502e-01
1.987033e-01
1.987565e-01
1.988097e-01
1.988629e-01
1.989161e-01
1.989694e-01
1.990227e-01
1.990761e-01
1.991295e-01
1.991831e-01
1.992366e-01
1.992903e-01
1.993441e-01
1.993979e-01
1.994519e-01
1.995060e-01
1.995602e-01
1.996145e-01
1.996690e-01
1.997191e-01
1.997701e-01
1.998223e-01
1.998729e-01
1.999245e-01
1.999774e-01
2.000275e-01
2.000787e-01
2.001309e-01
