#   1 : Date        
# Date        
0.000000e+00
1.807392e-05
2.865299e-05
3.680825e-05
4.331462e-05
4.906367e-05
5.538763e-05
6.204872e-05
6.795979e-05
7.446196e-05
8.161436e-05
8.947053e-05
9.702468e-05
1.053342e-04
1.143002e-04
1.241628e-04
1.337027e-04
1.436480e-04
1.545879e-04
1.657374e-04
1.769297e-04
1.886124e-04
2.010176e-04
2.132284e-04
2.257171e-04
2.388127e-04
2.521957e-04
2.655017e-04
2.797183e-04
2.939297e-04
3.084532e-04
3.235230e-04
3.388720e-04
3.545256e-04
3.707045e-04
3.871136e-04
4.039712e-04
4.213429e-04
4.389057e-04
4.566041e-04
4.748726e-04
4.934284e-04
5.123968e-04
5.317204e-04
5.513472e-04
5.713195e-04
5.916317e-04
6.121877e-04
6.330631e-04
6.541431e-04
6.756129e-04
6.973298e-04
7.193540e-04
7.416524e-04
7.642145e-04
7.870888e-04
8.102207e-04
8.336410e-04
8.572999e-04
8.811975e-04
9.052984e-04
9.296850e-04
9.542344e-04
9.790738e-04
1.004107e-03
1.029433e-03
1.054937e-03
1.080786e-03
1.106828e-03
1.133123e-03
1.159624e-03
1.186464e-03
1.213485e-03
1.240745e-03
1.268213e-03
1.295923e-03
1.323861e-03
1.352053e-03
1.380427e-03
1.409065e-03
1.437917e-03
1.467083e-03
1.496472e-03
1.526126e-03
1.555964e-03
1.586157e-03
1.616605e-03
1.647287e-03
1.678149e-03
1.709331e-03
1.740719e-03
1.772176e-03
1.803794e-03
1.835622e-03
1.867602e-03
1.899875e-03
1.932477e-03
1.965120e-03
1.998093e-03
2.031272e-03
2.064625e-03
2.098278e-03
2.132152e-03
2.166096e-03
2.200218e-03
2.234613e-03
2.269156e-03
2.304035e-03
2.339154e-03
2.374341e-03
2.409910e-03
2.445536e-03
2.481298e-03
2.517257e-03
2.553563e-03
2.589879e-03
2.626441e-03
2.663275e-03
2.700239e-03
2.737218e-03
2.774286e-03
2.811384e-03
2.848464e-03
2.885545e-03
2.922654e-03
2.959773e-03
2.996956e-03
3.034185e-03
3.071426e-03
3.108658e-03
3.145912e-03
3.183198e-03
3.220536e-03
3.257870e-03
3.295027e-03
3.329847e-03
3.365807e-03
3.400073e-03
3.433988e-03
3.466853e-03
3.499661e-03
3.530123e-03
3.562139e-03
3.591102e-03
3.617489e-03
3.644382e-03
3.673965e-03
3.701026e-03
3.726223e-03
3.753321e-03
3.780210e-03
3.808878e-03
3.839258e-03
3.868974e-03
3.900431e-03
3.931539e-03
3.963023e-03
3.994666e-03
4.026104e-03
4.057308e-03
4.088340e-03
4.119556e-03
4.150756e-03
4.182005e-03
4.213246e-03
4.244520e-03
4.275684e-03
4.307021e-03
4.338305e-03
4.369641e-03
4.400936e-03
4.432086e-03
4.462932e-03
4.493189e-03
4.523267e-03
4.552816e-03
4.582372e-03
4.611489e-03
4.640720e-03
4.669702e-03
4.698387e-03
4.726565e-03
4.754247e-03
4.781469e-03
4.808288e-03
4.834969e-03
4.861212e-03
4.887446e-03
4.913238e-03
4.938996e-03
4.964422e-03
4.989785e-03
5.014988e-03
5.040079e-03
5.065175e-03
5.090108e-03
5.115050e-03
5.139877e-03
5.164677e-03
5.189433e-03
5.214134e-03
5.238857e-03
5.263500e-03
5.288182e-03
5.312773e-03
5.337230e-03
5.361612e-03
5.385895e-03
5.410097e-03
5.434244e-03
5.458310e-03
5.482259e-03
5.506141e-03
5.529932e-03
5.553656e-03
5.577328e-03
5.600875e-03
5.624334e-03
5.647696e-03
5.670975e-03
5.694196e-03
5.717333e-03
5.740393e-03
5.763356e-03
5.786207e-03
5.808997e-03
5.831681e-03
5.854315e-03
5.876851e-03
5.899343e-03
5.921757e-03
5.944104e-03
5.966374e-03
5.988572e-03
6.010694e-03
6.032782e-03
6.054791e-03
6.076769e-03
6.098712e-03
6.120613e-03
6.142511e-03
6.164370e-03
6.186215e-03
6.208051e-03
6.229868e-03
6.251688e-03
6.273499e-03
6.295304e-03
6.317129e-03
6.338941e-03
6.360764e-03
6.382603e-03
6.404443e-03
6.426301e-03
6.448165e-03
6.470036e-03
6.491926e-03
6.513817e-03
6.535727e-03
6.557652e-03
6.579590e-03
6.601554e-03
6.623534e-03
6.645434e-03
6.667199e-03
6.688817e-03
6.710288e-03
6.731644e-03
6.752849e-03
6.773933e-03
6.794896e-03
6.815732e-03
6.836464e-03
6.857062e-03
6.877561e-03
6.897954e-03
6.918252e-03
6.938470e-03
6.958641e-03
6.978734e-03
6.998777e-03
7.018771e-03
7.038749e-03
7.058708e-03
7.078660e-03
7.098568e-03
7.118476e-03
7.138364e-03
7.158271e-03
7.178176e-03
7.198114e-03
7.218041e-03
7.237978e-03
7.257892e-03
7.277824e-03
7.297738e-03
7.317675e-03
7.337598e-03
7.357546e-03
7.377455e-03
7.397359e-03
7.417215e-03
7.437079e-03
7.456912e-03
7.476772e-03
7.496618e-03
7.516510e-03
7.536407e-03
7.556366e-03
7.576348e-03
7.596373e-03
7.616409e-03
7.636497e-03
7.656609e-03
7.676781e-03
7.696989e-03
7.717265e-03
7.737586e-03
7.757980e-03
7.778427e-03
7.798954e-03
7.819539e-03
7.840171e-03
7.860838e-03
7.881561e-03
7.902330e-03
7.923165e-03
7.944055e-03
7.965022e-03
7.986055e-03
8.007173e-03
8.028333e-03
8.049547e-03
8.070810e-03
8.092141e-03
8.113534e-03
8.135008e-03
8.156557e-03
8.178197e-03
8.199878e-03
8.221620e-03
8.243420e-03
8.265298e-03
8.287250e-03
8.309293e-03
8.331417e-03
8.353598e-03
8.375835e-03
8.398145e-03
8.420528e-03
8.443001e-03
8.465563e-03
8.488199e-03
8.510886e-03
8.533647e-03
8.556480e-03
8.579404e-03
8.602418e-03
8.625521e-03
8.648676e-03
8.671908e-03
8.695216e-03
8.718621e-03
8.742124e-03
8.765724e-03
8.789385e-03
8.813133e-03
8.836968e-03
8.860915e-03
8.884976e-03
8.909139e-03
8.933377e-03
8.957719e-03
8.982164e-03
9.006741e-03
9.031446e-03
9.056262e-03
9.081167e-03
9.106193e-03
9.131335e-03
9.156622e-03
9.182049e-03
9.207599e-03
9.233248e-03
9.259025e-03
9.284922e-03
9.310971e-03
9.337158e-03
9.363491e-03
9.389920e-03
9.416477e-03
9.443149e-03
9.469968e-03
9.496918e-03
9.524032e-03
9.551241e-03
9.578571e-03
9.606003e-03
9.633573e-03
9.661261e-03
9.689103e-03
9.717071e-03
9.745147e-03
9.773311e-03
9.801602e-03
9.829999e-03
9.858539e-03
9.887201e-03
9.915997e-03
9.944870e-03
9.973859e-03
1.000294e-02
1.003216e-02
1.006149e-02
1.009097e-02
1.012054e-02
1.015022e-02
1.017998e-02
1.020987e-02
1.023986e-02
1.027000e-02
1.030026e-02
1.033062e-02
1.036107e-02
1.039163e-02
1.042228e-02
1.045308e-02
1.048399e-02
1.051505e-02
1.054618e-02
1.057742e-02
1.060875e-02
1.064021e-02
1.067177e-02
1.070348e-02
1.073530e-02
1.076723e-02
1.079923e-02
1.083135e-02
1.086356e-02
1.089591e-02
1.092836e-02
1.096093e-02
1.099358e-02
1.102633e-02
1.105917e-02
1.109214e-02
1.112520e-02
1.115836e-02
1.119162e-02
1.122494e-02
1.125835e-02
1.129184e-02
1.132542e-02
1.135907e-02
1.139280e-02
1.142663e-02
1.146054e-02
1.149453e-02
1.152858e-02
1.156269e-02
1.159688e-02
1.163114e-02
1.166548e-02
1.169988e-02
1.173434e-02
1.176887e-02
1.180346e-02
1.183809e-02
1.187278e-02
1.190751e-02
1.194226e-02
1.197705e-02
1.201186e-02
1.204670e-02
1.208158e-02
1.211650e-02
1.215145e-02
1.218642e-02
1.222141e-02
1.225642e-02
1.229145e-02
1.232652e-02
1.236162e-02
1.239676e-02
1.243190e-02
1.246706e-02
1.250222e-02
1.253741e-02
1.257262e-02
1.260787e-02
1.264314e-02
1.267844e-02
1.271374e-02
1.274905e-02
1.278437e-02
1.281972e-02
1.285508e-02
1.289048e-02
1.292591e-02
1.296138e-02
1.299685e-02
1.303234e-02
1.306785e-02
1.310338e-02
1.313895e-02
1.317455e-02
1.321019e-02
1.324587e-02
1.328160e-02
1.331735e-02
1.335313e-02
1.338895e-02
1.342480e-02
1.346070e-02
1.349664e-02
1.353264e-02
1.356869e-02
1.360480e-02
1.364096e-02
1.367717e-02
1.371342e-02
1.374972e-02
1.378607e-02
1.382249e-02
1.385896e-02
1.389550e-02
1.393210e-02
1.396879e-02
1.400553e-02
1.404233e-02
1.407918e-02
1.411609e-02
1.415306e-02
1.419010e-02
1.422721e-02
1.426440e-02
1.430167e-02
1.433901e-02
1.437641e-02
1.441386e-02
1.445137e-02
1.448895e-02
1.452659e-02
1.456431e-02
1.460211e-02
1.463999e-02
1.467794e-02
1.471594e-02
1.475400e-02
1.479211e-02
1.483027e-02
1.486851e-02
1.490680e-02
1.494516e-02
1.498358e-02
1.502207e-02
1.506059e-02
1.509914e-02
1.513773e-02
1.517634e-02
1.521499e-02
1.525367e-02
1.529238e-02
1.533112e-02
1.536990e-02
1.540870e-02
1.544753e-02
1.548635e-02
1.552518e-02
1.556401e-02
1.560286e-02
1.564173e-02
1.568061e-02
1.571953e-02
1.575849e-02
1.579746e-02
1.583644e-02
1.587544e-02
1.591447e-02
1.595353e-02
1.599264e-02
1.603180e-02
1.607103e-02
1.611029e-02
1.614959e-02
1.618894e-02
1.622834e-02
1.626780e-02
1.630733e-02
1.634693e-02
1.638662e-02
1.642638e-02
1.646619e-02
1.650607e-02
1.654602e-02
1.658604e-02
1.662613e-02
1.666632e-02
1.670659e-02
1.674696e-02
1.678741e-02
1.682792e-02
1.686851e-02
1.690916e-02
1.694990e-02
1.699073e-02
1.703164e-02
1.707265e-02
1.711376e-02
1.715495e-02
1.719620e-02
1.723752e-02
1.727892e-02
1.732040e-02
1.736196e-02
1.740362e-02
1.744537e-02
1.748722e-02
1.752915e-02
1.757115e-02
1.761321e-02
1.765535e-02
1.769757e-02
1.773988e-02
1.778228e-02
1.782477e-02
1.786737e-02
1.791006e-02
1.795281e-02
1.799564e-02
1.803854e-02
1.808153e-02
1.812460e-02
1.816777e-02
1.821104e-02
1.825440e-02
1.829788e-02
1.834143e-02
1.838505e-02
1.842875e-02
1.847253e-02
1.851640e-02
1.856035e-02
1.860440e-02
1.864855e-02
1.869280e-02
1.873716e-02
1.878158e-02
1.882608e-02
1.887065e-02
1.891530e-02
1.896003e-02
1.900485e-02
1.904975e-02
1.909476e-02
1.913986e-02
1.918507e-02
1.923035e-02
1.927569e-02
1.932112e-02
1.936662e-02
1.941220e-02
1.945787e-02
1.950363e-02
1.954949e-02
1.959545e-02
1.964153e-02
1.968770e-02
1.973394e-02
1.978026e-02
1.982667e-02
1.987316e-02
1.991975e-02
1.996644e-02
2.001322e-02
2.006012e-02
2.010713e-02
2.015425e-02
2.020149e-02
2.024881e-02
2.029622e-02
2.034372e-02
2.039132e-02
2.043901e-02
2.048682e-02
2.053473e-02
2.058276e-02
2.063090e-02
2.067916e-02
2.072755e-02
2.077607e-02
2.082468e-02
2.087339e-02
2.092219e-02
2.097111e-02
2.101963e-02
2.106851e-02
2.111719e-02
2.116555e-02
2.121158e-02
2.125717e-02
2.130492e-02
2.135246e-02
2.139905e-02
2.144566e-02
2.149164e-02
2.153759e-02
2.158357e-02
2.162915e-02
2.167374e-02
2.171815e-02
2.176185e-02
2.180557e-02
2.184919e-02
2.189252e-02
2.193571e-02
2.197906e-02
2.202194e-02
2.206459e-02
2.210688e-02
2.214885e-02
2.219063e-02
2.223222e-02
2.227353e-02
2.231478e-02
2.235595e-02
2.239717e-02
2.243821e-02
2.247921e-02
2.252012e-02
2.256115e-02
2.260205e-02
2.264292e-02
2.268374e-02
2.272469e-02
2.276573e-02
2.280680e-02
2.284782e-02
2.288905e-02
2.293033e-02
2.297190e-02
2.301346e-02
2.305526e-02
2.309712e-02
2.313920e-02
2.318125e-02
2.322352e-02
2.326586e-02
2.330847e-02
2.335118e-02
2.339412e-02
2.343710e-02
2.348037e-02
2.352380e-02
2.356747e-02
2.361119e-02
2.365520e-02
2.369933e-02
2.374374e-02
2.378828e-02
2.383305e-02
2.387782e-02
2.392237e-02
2.396725e-02
2.401212e-02
2.405697e-02
2.410178e-02
2.414663e-02
2.419139e-02
2.423602e-02
2.428062e-02
2.432514e-02
2.436957e-02
2.441387e-02
2.445812e-02
2.450226e-02
2.454633e-02
2.459026e-02
2.463413e-02
2.467789e-02
2.472158e-02
2.476514e-02
2.480862e-02
2.485199e-02
2.489531e-02
2.493849e-02
2.498161e-02
2.502464e-02
2.506763e-02
2.511053e-02
2.515339e-02
2.519619e-02
2.523892e-02
2.528170e-02
2.532446e-02
2.536716e-02
2.540985e-02
2.545257e-02
2.549527e-02
2.553795e-02
2.558065e-02
2.562335e-02
2.566606e-02
2.570876e-02
2.575153e-02
2.579429e-02
2.583706e-02
2.587982e-02
2.592265e-02
2.596549e-02
2.600835e-02
2.605122e-02
2.609412e-02
2.613717e-02
2.618006e-02
2.622259e-02
2.626506e-02
2.630713e-02
2.634923e-02
2.639113e-02
2.643299e-02
2.647480e-02
2.651646e-02
2.655805e-02
2.659982e-02
2.664144e-02
2.668300e-02
2.672493e-02
2.676699e-02
2.680905e-02
2.685118e-02
2.689363e-02
2.693617e-02
2.697885e-02
2.702206e-02
2.706552e-02
2.710929e-02
2.715464e-02
2.720020e-02
2.724588e-02
2.729168e-02
2.733762e-02
2.738378e-02
2.743018e-02
2.747686e-02
2.752386e-02
2.757104e-02
2.761848e-02
2.766609e-02
2.771362e-02
2.776110e-02
2.780852e-02
2.785590e-02
2.790325e-02
2.795059e-02
2.799792e-02
2.804521e-02
2.809245e-02
2.813967e-02
2.818687e-02
2.823408e-02
2.828130e-02
2.832852e-02
2.837572e-02
2.842293e-02
2.847015e-02
2.851742e-02
2.856474e-02
2.861212e-02
2.865952e-02
2.870700e-02
2.875455e-02
2.880222e-02
2.885002e-02
2.889797e-02
2.894606e-02
2.899431e-02
2.904273e-02
2.909137e-02
2.914021e-02
2.918928e-02
2.923855e-02
2.928802e-02
2.933761e-02
2.938737e-02
2.943722e-02
2.948718e-02
2.953724e-02
2.958738e-02
2.963758e-02
2.966853e-02
2.969766e-02
2.972677e-02
2.975601e-02
2.978525e-02
2.981463e-02
2.984402e-02
2.987355e-02
2.990354e-02
2.993372e-02
2.996460e-02
2.999531e-02
3.002439e-02
3.005365e-02
3.008281e-02
3.011215e-02
3.014139e-02
3.017081e-02
3.020014e-02
3.022965e-02
3.025907e-02
3.028868e-02
3.031819e-02
3.034791e-02
3.037753e-02
3.040736e-02
3.043710e-02
3.046704e-02
3.049689e-02
3.052694e-02
3.055834e-02
3.058783e-02
3.061730e-02
3.064698e-02
3.067655e-02
3.070636e-02
3.073602e-02
3.076590e-02
3.079565e-02
3.082560e-02
3.085544e-02
3.088547e-02
3.091538e-02
3.094548e-02
3.097547e-02
3.100566e-02
3.103572e-02
3.106598e-02
3.109613e-02
3.112647e-02
3.115754e-02
3.118885e-02
3.122167e-02
3.125170e-02
3.128165e-02
3.131182e-02
3.134186e-02
3.137214e-02
3.140225e-02
3.143259e-02
3.146276e-02
3.149315e-02
3.152338e-02
3.155382e-02
3.158411e-02
3.161459e-02
3.164493e-02
3.167546e-02
3.170596e-02
3.173665e-02
3.176753e-02
3.179922e-02
3.183226e-02
3.186251e-02
3.189267e-02
3.192304e-02
3.195327e-02
3.198374e-02
3.201403e-02
3.204454e-02
3.207488e-02
3.210544e-02
3.213582e-02
3.216642e-02
3.219684e-02
3.222748e-02
3.225794e-02
3.228862e-02
3.231939e-02
3.235040e-02
3.238227e-02
3.241436e-02
3.244748e-02
3.247790e-02
3.250821e-02
3.253874e-02
3.256911e-02
3.259974e-02
3.263017e-02
3.266084e-02
3.269133e-02
3.272205e-02
3.275258e-02
3.278335e-02
3.281394e-02
3.284476e-02
3.287543e-02
3.290634e-02
3.293765e-02
3.296923e-02
3.300184e-02
3.303465e-02
3.306743e-02
3.309999e-02
3.313059e-02
3.316143e-02
3.319211e-02
3.322305e-02
3.325379e-02
3.328479e-02
3.331560e-02
3.334667e-02
3.337754e-02
3.340868e-02
3.343962e-02
3.347082e-02
3.350199e-02
3.353345e-02
3.356556e-02
3.359795e-02
3.363150e-02
3.366525e-02
3.369801e-02
3.373061e-02
3.376240e-02
3.379375e-02
3.382493e-02
3.385636e-02
3.388760e-02
3.391910e-02
3.395040e-02
3.398197e-02
3.401334e-02
3.404496e-02
3.407640e-02
3.410808e-02
3.413985e-02
3.417189e-02
3.420471e-02
3.423779e-02
3.427209e-02
3.430635e-02
3.433948e-02
3.437244e-02
3.440399e-02
3.443579e-02
3.446740e-02
3.449926e-02
3.453092e-02
3.456281e-02
3.459452e-02
3.462646e-02
3.465820e-02
3.469017e-02
3.472196e-02
3.475397e-02
3.478593e-02
3.481813e-02
3.485091e-02
3.488395e-02
3.491807e-02
3.494988e-02
3.498163e-02
3.501354e-02
3.504533e-02
3.507732e-02
3.510916e-02
3.514122e-02
3.517310e-02
3.520520e-02
3.523712e-02
3.526925e-02
3.530120e-02
3.533336e-02
3.536534e-02
3.539753e-02
3.542954e-02
3.546176e-02
3.549394e-02
3.552625e-02
3.555912e-02
3.559221e-02
3.562621e-02
3.566038e-02
3.569548e-02
3.572750e-02
3.575943e-02
3.579154e-02
3.582353e-02
3.585572e-02
3.588776e-02
3.592002e-02
3.595212e-02
3.598443e-02
3.601657e-02
3.604893e-02
3.608112e-02
3.611353e-02
3.614577e-02
3.617822e-02
3.621052e-02
3.624302e-02
3.627566e-02
3.630841e-02
3.634120e-02
3.637479e-02
3.640921e-02
3.644380e-02
3.647601e-02
3.650836e-02
3.654064e-02
3.657309e-02
3.660545e-02
3.663801e-02
3.667045e-02
3.670310e-02
3.673562e-02
3.676836e-02
3.680095e-02
3.683377e-02
3.686644e-02
3.689932e-02
3.693207e-02
3.696501e-02
3.699783e-02
3.703084e-02
3.706385e-02
3.709707e-02
3.713046e-02
3.716386e-02
3.719732e-02
3.723176e-02
3.726687e-02
3.730213e-02
3.733816e-02
3.737106e-02
3.740394e-02
3.743694e-02
3.746991e-02
3.750302e-02
3.753608e-02
3.756930e-02
3.760245e-02
3.763578e-02
3.766902e-02
3.770245e-02
3.773579e-02
3.776930e-02
3.780274e-02
3.783633e-02
3.786985e-02
3.790352e-02
3.793712e-02
3.797086e-02
3.800456e-02
3.803841e-02
3.807237e-02
3.810649e-02
3.814076e-02
3.817509e-02
3.820943e-02
3.824383e-02
3.827823e-02
3.831268e-02
3.834716e-02
3.838167e-02
3.841621e-02
3.845077e-02
3.848537e-02
3.852000e-02
3.855465e-02
3.858933e-02
3.862403e-02
3.865794e-02
3.869183e-02
3.872582e-02
3.875979e-02
3.879386e-02
3.882791e-02
3.886207e-02
3.889620e-02
3.893044e-02
3.896467e-02
3.899902e-02
3.903336e-02
3.906783e-02
3.910228e-02
3.913685e-02
3.917141e-02
3.920609e-02
3.924074e-02
3.927551e-02
3.931025e-02
3.934510e-02
3.937997e-02
3.941496e-02
3.945005e-02
3.948524e-02
3.952061e-02
3.955608e-02
3.959167e-02
3.962725e-02
3.966276e-02
3.969826e-02
3.973369e-02
3.976913e-02
3.980452e-02
3.983991e-02
3.987527e-02
3.991065e-02
3.994600e-02
3.998137e-02
4.001674e-02
4.005212e-02
4.008750e-02
4.012211e-02
4.015673e-02
4.019141e-02
4.022609e-02
4.026083e-02
4.029559e-02
4.033040e-02
4.036523e-02
4.040011e-02
4.043500e-02
4.046995e-02
4.050491e-02
4.053994e-02
4.057497e-02
4.061006e-02
4.064517e-02
4.068033e-02
4.071550e-02
4.075073e-02
4.078597e-02
4.082124e-02
4.085649e-02
4.089176e-02
4.092700e-02
4.096227e-02
4.099749e-02
4.103274e-02
4.106795e-02
4.110317e-02
4.113835e-02
4.117364e-02
4.120894e-02
4.124416e-02
4.127942e-02
4.131471e-02
4.134999e-02
4.138527e-02
4.142051e-02
4.145662e-02
4.149281e-02
4.152852e-02
4.156484e-02
4.160125e-02
4.163773e-02
4.167373e-02
4.171035e-02
4.174706e-02
4.178386e-02
4.182015e-02
4.185709e-02
4.189410e-02
4.193121e-02
4.196778e-02
4.200502e-02
4.204232e-02
4.207973e-02
4.211656e-02
4.215409e-02
4.219166e-02
4.222935e-02
4.226645e-02
4.230425e-02
4.234210e-02
4.238006e-02
4.241741e-02
4.245547e-02
4.249300e-02
4.252702e-02
4.255967e-02
4.259217e-02
4.262470e-02
4.265708e-02
4.268954e-02
4.272187e-02
4.275431e-02
4.278665e-02
4.281912e-02
4.285153e-02
4.288408e-02
4.291741e-02
4.295094e-02
4.298459e-02
4.301945e-02
4.305500e-02
4.308748e-02
4.311977e-02
4.315225e-02
4.318455e-02
4.321703e-02
4.324935e-02
4.328185e-02
4.331418e-02
4.334670e-02
4.337905e-02
4.341161e-02
4.344399e-02
4.347657e-02
4.350899e-02
4.354161e-02
4.357406e-02
4.360673e-02
4.363965e-02
4.367281e-02
4.370692e-02
4.374125e-02
4.377625e-02
4.380891e-02
4.384147e-02
4.387420e-02
4.390681e-02
4.393959e-02
4.397216e-02
4.400474e-02
4.403734e-02
4.406997e-02
4.410262e-02
4.413528e-02
4.416799e-02
4.420070e-02
4.423346e-02
4.426623e-02
4.429905e-02
4.433187e-02
4.436474e-02
4.439777e-02
4.443087e-02
4.446414e-02
4.449802e-02
4.453208e-02
4.456711e-02
4.460229e-02
4.463523e-02
4.466828e-02
4.470128e-02
4.473442e-02
4.476747e-02
4.480069e-02
4.483380e-02
4.486709e-02
4.490025e-02
4.493349e-02
4.496670e-02
4.499995e-02
4.503320e-02
4.506645e-02
4.509971e-02
4.513298e-02
4.516624e-02
4.519952e-02
4.523280e-02
4.526609e-02
4.529939e-02
4.533269e-02
4.536601e-02
4.539933e-02
4.543267e-02
4.546601e-02
4.549937e-02
4.553274e-02
4.556612e-02
4.559951e-02
4.563285e-02
4.566631e-02
4.569971e-02
4.573324e-02
4.576668e-02
4.580028e-02
4.583378e-02
4.586744e-02
4.590098e-02
4.593470e-02
4.596829e-02
4.600205e-02
4.603569e-02
4.606946e-02
4.610315e-02
4.613693e-02
4.617065e-02
4.620445e-02
4.623822e-02
4.627203e-02
4.630585e-02
4.633968e-02
4.637354e-02
4.640740e-02
4.644127e-02
4.647515e-02
4.650905e-02
4.654294e-02
4.657686e-02
4.661077e-02
4.664471e-02
4.667864e-02
4.671242e-02
4.674629e-02
4.678012e-02
4.681407e-02
4.684795e-02
4.688177e-02
4.691526e-02
4.694885e-02
4.698244e-02
4.701625e-02
4.705014e-02
4.708422e-02
4.711836e-02
4.715252e-02
4.718673e-02
4.722100e-02
4.725528e-02
4.728955e-02
4.732311e-02
4.735622e-02
4.738904e-02
4.742199e-02
4.745498e-02
4.748820e-02
4.752153e-02
4.755497e-02
4.758854e-02
4.762229e-02
4.765536e-02
4.768840e-02
4.772126e-02
4.775370e-02
4.778590e-02
4.781827e-02
4.785074e-02
4.788348e-02
4.791644e-02
4.794960e-02
4.798215e-02
4.801468e-02
4.804706e-02
4.807908e-02
4.811093e-02
4.814299e-02
4.817524e-02
4.820782e-02
4.824073e-02
4.827392e-02
4.830621e-02
4.833856e-02
4.837080e-02
4.840274e-02
4.843460e-02
4.846674e-02
4.849917e-02
4.853196e-02
4.856437e-02
4.859685e-02
4.862924e-02
4.866139e-02
4.869346e-02
4.872580e-02
4.875838e-02
4.879127e-02
4.882455e-02
4.885822e-02
4.889101e-02
4.892392e-02
4.895679e-02
4.898944e-02
4.902205e-02
4.905496e-02
4.908815e-02
4.912170e-02
4.915568e-02
4.919008e-02
4.922335e-02
4.925676e-02
4.929018e-02
4.932337e-02
4.935656e-02
4.939005e-02
4.942388e-02
4.945808e-02
4.949276e-02
4.952788e-02
4.956171e-02
4.959571e-02
4.962974e-02
4.966357e-02
4.969741e-02
4.973157e-02
4.976607e-02
4.980096e-02
4.983631e-02
4.987187e-02
4.990637e-02
4.994105e-02
4.997579e-02
5.001034e-02
5.004488e-02
5.007975e-02
5.011492e-02
5.015052e-02
5.018653e-02
5.022286e-02
5.025934e-02
5.029586e-02
5.033134e-02
5.036698e-02
5.040267e-02
5.043812e-02
5.047353e-02
5.050927e-02
5.054532e-02
5.058173e-02
5.061839e-02
5.065507e-02
5.069169e-02
5.072832e-02
5.076457e-02
5.080098e-02
5.083743e-02
5.087360e-02
5.090870e-02
5.094369e-02
5.097875e-02
5.101370e-02
5.104871e-02
5.108362e-02
5.111860e-02
5.115348e-02
5.118844e-02
5.122335e-02
5.125836e-02
5.129338e-02
5.132852e-02
5.136375e-02
5.139911e-02
5.143459e-02
5.147022e-02
5.150595e-02
5.154156e-02
5.157720e-02
5.161272e-02
5.164829e-02
5.168374e-02
5.171924e-02
5.175463e-02
5.179007e-02
5.182542e-02
5.186080e-02
5.189612e-02
5.193132e-02
5.196693e-02
5.200212e-02
5.203776e-02
5.207258e-02
5.210760e-02
5.214280e-02
5.217821e-02
5.221382e-02
5.224966e-02
5.228547e-02
5.231931e-02
5.235291e-02
5.238678e-02
5.242086e-02
5.245518e-02
5.248965e-02
5.252430e-02
5.255905e-02
5.259393e-02
5.262882e-02
5.266388e-02
5.269881e-02
5.273382e-02
5.276878e-02
5.280428e-02
5.283720e-02
5.287021e-02
5.290326e-02
5.293640e-02
5.296960e-02
5.300288e-02
5.303625e-02
5.306969e-02
5.310324e-02
5.313684e-02
5.317056e-02
5.320430e-02
5.323817e-02
5.327200e-02
5.330597e-02
5.333990e-02
5.337401e-02
5.340820e-02
5.344260e-02
5.347425e-02
5.350594e-02
5.353749e-02
5.356913e-02
5.360060e-02
5.363222e-02
5.366367e-02
5.369531e-02
5.372679e-02
5.375851e-02
5.378978e-02
5.382065e-02
5.385074e-02
5.388277e-02
5.391465e-02
5.394693e-02
5.397905e-02
5.401160e-02
5.404396e-02
5.407677e-02
5.410949e-02
5.414268e-02
5.417597e-02
5.420975e-02
5.424353e-02
5.427690e-02
5.431004e-02
5.434293e-02
5.437567e-02
5.440826e-02
5.444075e-02
5.447315e-02
5.450490e-02
5.453683e-02
5.456844e-02
5.460023e-02
5.463164e-02
5.466326e-02
5.469450e-02
5.472598e-02
5.475713e-02
5.478865e-02
5.481998e-02
5.485178e-02
5.488350e-02
5.491577e-02
5.494805e-02
5.498082e-02
5.501337e-02
5.504590e-02
5.507824e-02
5.511152e-02
5.514382e-02
5.517704e-02
5.521130e-02
5.524574e-02
5.527856e-02
5.531147e-02
5.534432e-02
5.537755e-02
5.541044e-02
5.544239e-02
5.547463e-02
5.550729e-02
5.553989e-02
5.557234e-02
5.560487e-02
5.563787e-02
5.567026e-02
5.570257e-02
5.573481e-02
5.576701e-02
5.579914e-02
5.583125e-02
5.586332e-02
5.589537e-02
5.592741e-02
5.595944e-02
5.599135e-02
5.602417e-02
5.605590e-02
5.608761e-02
5.611918e-02
5.615076e-02
5.618274e-02
5.621498e-02
5.624689e-02
5.627907e-02
5.631072e-02
5.634273e-02
5.637517e-02
5.640751e-02
5.644015e-02
5.647257e-02
5.650384e-02
5.653542e-02
5.656738e-02
5.659990e-02
5.663264e-02
5.666516e-02
5.669614e-02
5.672741e-02
5.675904e-02
5.679119e-02
5.682404e-02
5.685694e-02
5.688781e-02
5.691875e-02
5.694996e-02
5.698165e-02
5.701191e-02
5.704238e-02
5.707292e-02
5.710355e-02
5.713447e-02
5.716588e-02
5.719584e-02
5.722603e-02
5.725630e-02
5.728669e-02
5.731741e-02
5.734862e-02
5.737837e-02
5.740837e-02
5.743846e-02
5.746868e-02
5.749926e-02
5.753035e-02
5.755995e-02
5.758979e-02
5.761975e-02
5.764985e-02
5.768033e-02
5.771134e-02
5.774082e-02
5.777056e-02
5.780042e-02
5.783044e-02
5.786086e-02
5.789182e-02
5.792121e-02
5.795087e-02
5.798066e-02
5.801062e-02
5.804100e-02
5.807194e-02
5.810125e-02
5.813085e-02
5.816058e-02
5.819048e-02
5.822082e-02
5.825172e-02
5.828098e-02
5.831052e-02
5.834019e-02
5.837004e-02
5.840032e-02
5.843115e-02
5.846036e-02
5.848984e-02
5.851945e-02
5.854921e-02
5.857940e-02
5.861013e-02
5.863928e-02
5.866869e-02
5.869821e-02
5.872788e-02
5.875793e-02
5.878853e-02
5.881759e-02
5.884691e-02
5.887632e-02
5.890586e-02
5.893576e-02
5.896616e-02
5.899513e-02
5.902434e-02
5.905362e-02
5.908300e-02
5.911270e-02
5.914287e-02
5.917176e-02
5.920085e-02
5.923001e-02
5.925924e-02
5.928874e-02
5.931866e-02
5.934748e-02
5.937648e-02
5.940554e-02
5.943464e-02
5.946396e-02
5.949367e-02
5.952397e-02
5.955488e-02
5.958385e-02
5.961287e-02
5.964208e-02
5.967166e-02
5.970033e-02
5.972915e-02
5.975804e-02
5.978690e-02
5.981612e-02
5.984482e-02
5.987353e-02
5.990198e-02
5.993072e-02
5.995934e-02
5.998836e-02
6.001705e-02
6.004570e-02
6.007436e-02
6.010303e-02
6.013183e-02
6.016077e-02
6.018971e-02
6.021889e-02
6.024844e-02
6.027853e-02
6.030925e-02
6.034112e-02
6.037006e-02
6.039905e-02
6.042819e-02
6.045767e-02
6.048754e-02
6.051817e-02
6.054937e-02
6.058089e-02
6.061228e-02
6.064129e-02
6.067060e-02
6.070036e-02
6.073064e-02
6.076124e-02
6.079231e-02
6.082113e-02
6.085016e-02
6.087945e-02
6.090915e-02
6.093944e-02
6.097026e-02
6.100030e-02
6.103118e-02
6.106032e-02
6.108980e-02
6.111969e-02
6.115009e-02
6.118056e-02
6.121219e-02
6.124118e-02
6.127040e-02
6.129996e-02
6.132997e-02
6.135936e-02
6.139000e-02
6.141898e-02
6.144813e-02
6.147756e-02
6.150736e-02
6.153763e-02
6.156851e-02
6.159769e-02
6.162681e-02
6.165607e-02
6.168559e-02
6.171556e-02
6.174599e-02
6.177508e-02
6.180414e-02
6.183330e-02
6.186271e-02
6.189252e-02
6.192275e-02
6.195183e-02
6.198107e-02
6.201031e-02
6.203958e-02
6.206904e-02
6.209879e-02
6.212875e-02
6.215907e-02
6.218825e-02
6.221739e-02
6.224662e-02
6.227612e-02
6.230602e-02
6.233599e-02
6.236575e-02
6.239563e-02
6.242536e-02
6.245518e-02
6.248483e-02
6.251510e-02
6.254468e-02
6.257454e-02
6.260408e-02
6.263388e-02
6.266334e-02
6.269310e-02
6.272259e-02
6.275244e-02
6.278204e-02
6.281205e-02
6.284165e-02
6.287164e-02
6.290119e-02
6.293162e-02
6.296138e-02
6.299130e-02
6.302128e-02
6.305121e-02
6.308109e-02
6.311134e-02
6.314182e-02
6.317257e-02
6.320372e-02
6.323530e-02
6.326547e-02
6.329549e-02
6.332549e-02
6.335568e-02
6.338600e-02
6.341654e-02
6.344711e-02
6.347770e-02
6.350820e-02
6.353849e-02
6.356867e-02
6.359890e-02
6.362920e-02
6.365973e-02
6.369045e-02
6.372147e-02
6.375283e-02
6.378461e-02
6.381637e-02
6.384765e-02
6.387866e-02
6.390974e-02
6.394090e-02
6.397233e-02
6.400407e-02
6.403617e-02
6.406884e-02
6.410220e-02
6.413484e-02
6.416752e-02
6.419999e-02
6.423259e-02
6.426528e-02
6.429824e-02
6.433153e-02
6.436514e-02
6.439928e-02
6.443336e-02
6.446682e-02
6.450049e-02
6.453416e-02
6.456817e-02
6.460236e-02
6.463688e-02
6.467168e-02
6.470838e-02
6.474480e-02
6.478168e-02
6.481832e-02
6.485537e-02
6.489210e-02
6.492901e-02
6.496578e-02
6.500269e-02
6.503965e-02
6.507837e-02
6.511651e-02
6.515522e-02
6.519339e-02
6.523206e-02
6.527021e-02
6.530884e-02
6.534696e-02
6.538552e-02
6.542361e-02
6.546211e-02
6.550015e-02
6.553858e-02
6.557658e-02
6.561571e-02
6.565381e-02
6.569319e-02
6.573158e-02
6.577095e-02
6.580973e-02
6.584914e-02
6.588835e-02
6.592826e-02
6.596795e-02
6.600837e-02
6.604853e-02
6.608919e-02
6.612968e-02
6.617046e-02
6.621121e-02
6.625189e-02
6.629255e-02
6.633323e-02
6.637320e-02
6.641323e-02
6.645326e-02
6.649285e-02
6.653223e-02
6.657178e-02
6.661146e-02
6.665144e-02
6.669163e-02
6.673207e-02
6.677270e-02
6.681333e-02
6.685402e-02
6.689479e-02
6.693554e-02
6.697631e-02
6.701706e-02
6.705784e-02
6.709860e-02
6.713938e-02
6.717955e-02
6.721978e-02
6.725999e-02
6.729977e-02
6.733933e-02
6.737907e-02
6.741894e-02
6.745912e-02
6.749952e-02
6.754019e-02
6.758097e-02
6.762178e-02
6.766256e-02
6.770338e-02
6.774416e-02
6.778498e-02
6.782577e-02
6.786658e-02
6.790737e-02
6.794819e-02
6.798853e-02
6.802847e-02
6.806818e-02
6.810806e-02
6.814805e-02
6.818833e-02
6.822880e-02
6.826953e-02
6.831030e-02
6.835110e-02
6.839187e-02
6.843266e-02
6.847342e-02
6.851421e-02
6.855497e-02
6.859576e-02
6.863650e-02
6.867729e-02
6.871804e-02
6.875883e-02
6.879936e-02
6.883947e-02
6.887936e-02
6.891943e-02
6.895963e-02
6.900015e-02
6.904088e-02
6.908171e-02
6.912248e-02
6.916332e-02
6.920411e-02
6.924497e-02
6.928578e-02
6.932667e-02
6.936750e-02
6.940841e-02
6.944927e-02
6.949022e-02
6.953111e-02
6.957209e-02
6.961292e-02
6.965332e-02
6.969349e-02
6.973383e-02
6.977427e-02
6.981500e-02
6.985592e-02
6.989694e-02
6.993801e-02
6.997904e-02
7.002015e-02
7.006120e-02
7.010237e-02
7.014344e-02
7.018465e-02
7.022577e-02
7.026702e-02
7.030818e-02
7.034949e-02
7.039070e-02
7.043205e-02
7.047331e-02
7.051368e-02
7.055417e-02
7.059474e-02
7.063556e-02
7.067655e-02
7.071737e-02
7.075810e-02
7.079908e-02
7.084022e-02
7.088164e-02
7.092323e-02
7.096478e-02
7.100646e-02
7.104802e-02
7.108972e-02
7.113130e-02
7.117302e-02
7.121462e-02
7.125636e-02
7.129798e-02
7.133974e-02
7.138138e-02
7.142316e-02
7.146482e-02
7.150663e-02
7.154831e-02
7.158921e-02
7.163034e-02
7.167162e-02
7.171259e-02
7.175341e-02
7.179441e-02
7.183552e-02
7.187691e-02
7.191847e-02
7.196022e-02
7.200212e-02
7.204389e-02
7.208582e-02
7.212760e-02
7.216933e-02
7.221111e-02
7.225306e-02
7.229485e-02
7.233681e-02
7.237862e-02
7.242059e-02
7.246242e-02
7.250442e-02
7.254626e-02
7.258829e-02
7.263013e-02
7.267217e-02
7.271401e-02
7.275605e-02
7.279788e-02
7.283993e-02
7.288174e-02
7.292377e-02
7.296555e-02
7.300756e-02
7.304931e-02
7.309131e-02
7.313304e-02
7.317503e-02
7.321673e-02
7.325807e-02
7.329952e-02
7.334103e-02
7.338268e-02
7.342453e-02
7.346616e-02
7.350773e-02
7.354934e-02
7.359107e-02
7.363267e-02
7.367459e-02
7.371617e-02
7.375803e-02
7.379958e-02
7.384126e-02
7.388279e-02
7.392459e-02
7.396610e-02
7.400792e-02
7.404938e-02
7.409106e-02
7.413244e-02
7.417420e-02
7.421546e-02
7.425711e-02
7.429850e-02
7.434012e-02
7.438176e-02
7.442339e-02
7.446506e-02
7.450679e-02
7.454853e-02
7.459029e-02
7.463207e-02
7.467386e-02
7.471558e-02
7.475735e-02
7.479913e-02
7.484094e-02
7.488273e-02
7.492451e-02
7.496629e-02
7.500808e-02
7.504986e-02
7.509160e-02
7.513335e-02
7.517510e-02
7.521683e-02
7.525854e-02
7.530025e-02
7.534194e-02
7.538363e-02
7.542525e-02
7.546687e-02
7.550848e-02
7.555006e-02
7.559161e-02
7.563314e-02
7.567461e-02
7.571608e-02
7.575752e-02
7.579894e-02
7.584031e-02
7.588164e-02
7.592293e-02
7.596421e-02
7.600548e-02
7.604672e-02
7.608790e-02
7.613002e-02
7.617026e-02
7.621240e-02
7.625280e-02
7.629497e-02
7.633566e-02
7.637789e-02
7.641802e-02
7.646032e-02
7.650064e-02
7.654118e-02
7.658181e-02
7.662267e-02
7.666364e-02
7.670443e-02
7.674511e-02
7.678587e-02
7.682668e-02
7.686759e-02
7.690856e-02
7.694949e-02
7.699042e-02
7.703150e-02
7.707269e-02
7.711390e-02
7.715516e-02
7.719644e-02
7.723780e-02
7.727919e-02
7.732067e-02
7.736221e-02
7.740385e-02
7.744557e-02
7.748742e-02
7.752936e-02
7.757138e-02
7.761425e-02
7.765739e-02
7.770037e-02
7.774356e-02
7.778666e-02
7.782992e-02
7.787317e-02
7.791656e-02
7.796000e-02
7.800358e-02
7.804706e-02
7.809089e-02
7.813440e-02
7.817825e-02
7.822182e-02
7.826571e-02
7.830939e-02
7.835334e-02
7.839714e-02
7.844117e-02
7.848512e-02
7.852924e-02
7.857335e-02
7.861761e-02
7.866192e-02
7.870636e-02
7.875087e-02
7.879556e-02
7.884009e-02
7.888494e-02
7.892953e-02
7.897442e-02
7.901908e-02
7.906402e-02
7.910879e-02
7.915379e-02
7.919867e-02
7.924373e-02
7.928874e-02
7.933388e-02
7.937902e-02
7.942428e-02
7.946960e-02
7.951503e-02
7.956035e-02
7.960596e-02
7.965128e-02
7.969690e-02
7.974226e-02
7.978791e-02
7.983332e-02
7.987900e-02
7.992449e-02
7.997020e-02
8.001578e-02
8.006153e-02
8.010722e-02
8.015304e-02
8.019886e-02
8.024478e-02
8.029060e-02
8.033669e-02
8.038249e-02
8.042858e-02
8.047439e-02
8.052048e-02
8.056633e-02
8.061245e-02
8.065838e-02
8.070454e-02
8.075057e-02
8.079678e-02
8.084292e-02
8.088918e-02
8.093545e-02
8.098182e-02
8.102807e-02
8.107456e-02
8.112079e-02
8.116727e-02
8.121352e-02
8.126002e-02
8.130632e-02
8.135288e-02
8.139930e-02
8.144593e-02
8.149250e-02
8.153923e-02
8.158586e-02
8.163266e-02
8.167918e-02
8.172586e-02
8.177227e-02
8.181882e-02
8.186510e-02
8.191152e-02
8.195767e-02
8.200398e-02
8.205000e-02
8.209618e-02
8.214207e-02
8.218814e-02
8.223391e-02
8.227986e-02
8.232552e-02
8.237136e-02
8.241691e-02
8.246263e-02
8.250807e-02
8.255368e-02
8.259900e-02
8.264450e-02
8.268971e-02
8.273511e-02
8.278020e-02
8.282549e-02
8.287049e-02
8.291568e-02
8.296057e-02
8.300566e-02
8.305046e-02
8.309546e-02
8.314015e-02
8.318506e-02
8.322967e-02
8.327449e-02
8.331900e-02
8.336373e-02
8.340815e-02
8.345277e-02
8.349710e-02
8.354163e-02
8.358586e-02
8.363030e-02
8.367444e-02
8.371878e-02
8.376282e-02
8.380708e-02
8.385103e-02
8.389520e-02
8.393906e-02
8.398315e-02
8.402692e-02
8.407093e-02
8.411462e-02
8.415854e-02
8.420215e-02
8.424599e-02
8.428952e-02
8.433329e-02
8.437673e-02
8.442043e-02
8.446380e-02
8.450743e-02
8.455073e-02
8.459429e-02
8.463752e-02
8.468101e-02
8.472419e-02
8.476762e-02
8.481073e-02
8.485410e-02
8.489716e-02
8.494048e-02
8.498348e-02
8.502674e-02
8.506969e-02
8.511291e-02
8.515581e-02
8.519897e-02
8.524184e-02
8.528495e-02
8.532778e-02
8.537085e-02
8.541363e-02
8.545666e-02
8.549941e-02
8.554241e-02
8.558512e-02
8.562808e-02
8.567076e-02
8.571369e-02
8.575634e-02
8.579925e-02
8.584188e-02
8.588476e-02
8.592737e-02
8.597023e-02
8.601282e-02
8.605567e-02
8.609824e-02
8.614107e-02
8.618363e-02
8.622644e-02
8.626899e-02
8.631179e-02
8.635432e-02
8.639711e-02
8.643963e-02
8.648240e-02
8.652491e-02
8.656767e-02
8.661018e-02
8.665292e-02
8.669542e-02
8.673816e-02
8.678065e-02
8.682337e-02
8.686585e-02
8.690856e-02
8.695103e-02
8.699373e-02
8.703619e-02
8.707887e-02
8.712131e-02
8.716398e-02
8.720640e-02
8.724905e-02
8.729145e-02
8.733408e-02
8.737646e-02
8.741905e-02
8.746141e-02
8.750398e-02
8.754630e-02
8.758884e-02
8.763113e-02
8.767364e-02
8.771589e-02
8.775837e-02
8.780058e-02
8.784302e-02
8.788520e-02
8.792759e-02
8.796974e-02
8.801209e-02
8.805420e-02
8.809652e-02
8.813859e-02
8.818087e-02
8.822290e-02
8.826515e-02
8.830714e-02
8.834936e-02
8.839132e-02
8.843350e-02
8.847543e-02
8.851758e-02
8.855948e-02
8.860159e-02
8.864347e-02
8.868555e-02
8.872740e-02
8.876945e-02
8.881127e-02
8.885330e-02
8.889508e-02
8.893708e-02
8.897885e-02
8.902082e-02
8.906256e-02
8.910450e-02
8.914621e-02
8.918811e-02
8.922979e-02
8.927167e-02
8.931331e-02
8.935515e-02
8.939677e-02
8.943857e-02
8.948014e-02
8.952190e-02
8.956343e-02
8.960515e-02
8.964663e-02
8.968830e-02
8.972974e-02
8.977136e-02
8.981274e-02
8.985431e-02
8.989564e-02
8.993714e-02
8.997841e-02
9.001985e-02
9.006105e-02
9.010243e-02
9.014358e-02
9.018488e-02
9.022596e-02
9.026720e-02
9.030822e-02
9.034940e-02
9.039035e-02
9.043148e-02
9.047237e-02
9.051343e-02
9.055427e-02
9.059528e-02
9.063605e-02
9.067701e-02
9.071774e-02
9.075865e-02
9.079933e-02
9.084019e-02
9.088082e-02
9.092163e-02
9.096221e-02
9.100297e-02
9.104350e-02
9.108422e-02
9.112471e-02
9.116538e-02
9.120584e-02
9.124646e-02
9.128687e-02
9.132745e-02
9.136782e-02
9.140837e-02
9.144871e-02
9.148923e-02
9.152954e-02
9.157005e-02
9.161033e-02
9.165080e-02
9.169107e-02
9.173151e-02
9.177175e-02
9.181217e-02
9.185239e-02
9.189280e-02
9.193300e-02
9.197340e-02
9.201359e-02
9.205399e-02
9.209417e-02
9.213456e-02
9.217474e-02
9.221512e-02
9.225529e-02
9.229566e-02
9.233583e-02
9.237620e-02
9.241636e-02
9.245673e-02
9.249690e-02
9.253728e-02
9.257745e-02
9.261783e-02
9.265800e-02
9.269840e-02
9.273858e-02
9.277898e-02
9.281918e-02
9.285958e-02
9.289979e-02
9.294020e-02
9.298042e-02
9.302084e-02
9.306106e-02
9.310150e-02
9.314173e-02
9.318218e-02
9.322243e-02
9.326289e-02
9.330315e-02
9.334363e-02
9.338391e-02
9.342441e-02
9.346471e-02
9.350523e-02
9.354555e-02
9.358609e-02
9.362643e-02
9.366698e-02
9.370734e-02
9.374792e-02
9.378830e-02
9.382889e-02
9.386930e-02
9.390991e-02
9.395032e-02
9.399095e-02
9.403139e-02
9.407204e-02
9.411250e-02
9.415317e-02
9.419365e-02
9.423435e-02
9.427485e-02
9.431556e-02
9.435608e-02
9.439682e-02
9.443736e-02
9.447812e-02
9.451868e-02
9.455946e-02
9.460004e-02
9.464083e-02
9.468143e-02
9.472225e-02
9.476286e-02
9.480369e-02
9.484432e-02
9.488515e-02
9.492580e-02
9.496664e-02
9.500730e-02
9.504816e-02
9.508882e-02
9.512969e-02
9.517036e-02
9.521123e-02
9.525191e-02
9.529278e-02
9.533346e-02
9.537434e-02
9.541502e-02
9.545590e-02
9.549659e-02
9.553747e-02
9.557816e-02
9.561905e-02
9.565974e-02
9.570062e-02
9.574132e-02
9.578219e-02
9.582288e-02
9.586374e-02
9.590441e-02
9.594527e-02
9.598593e-02
9.602677e-02
9.606743e-02
9.610825e-02
9.614889e-02
9.618970e-02
9.623031e-02
9.627110e-02
9.631169e-02
9.635245e-02
9.639302e-02
9.643375e-02
9.647429e-02
9.651499e-02
9.655549e-02
9.659615e-02
9.663662e-02
9.667724e-02
9.671768e-02
9.675827e-02
9.679866e-02
9.683921e-02
9.687956e-02
9.692007e-02
9.696037e-02
9.700083e-02
9.704110e-02
9.708152e-02
9.712174e-02
9.716212e-02
9.720231e-02
9.724266e-02
9.728282e-02
9.732313e-02
9.736324e-02
9.740352e-02
9.744359e-02
9.748383e-02
9.752387e-02
9.756408e-02
9.760410e-02
9.764428e-02
9.768428e-02
9.772444e-02
9.776442e-02
9.780456e-02
9.784452e-02
9.788464e-02
9.792457e-02
9.796468e-02
9.800459e-02
9.804468e-02
9.808459e-02
9.812467e-02
9.816457e-02
9.820466e-02
9.824456e-02
9.828465e-02
9.832456e-02
9.836464e-02
9.840454e-02
9.844462e-02
9.848453e-02
9.852462e-02
9.856453e-02
9.860463e-02
9.864456e-02
9.868468e-02
9.872462e-02
9.876476e-02
9.880473e-02
9.884490e-02
9.888490e-02
9.892508e-02
9.896511e-02
9.900532e-02
9.904537e-02
9.908561e-02
9.912569e-02
9.916595e-02
9.920606e-02
9.924635e-02
9.928649e-02
9.932682e-02
9.936699e-02
9.940736e-02
9.944756e-02
9.948798e-02
9.952822e-02
9.956868e-02
9.960897e-02
9.964947e-02
9.968981e-02
9.973036e-02
9.977075e-02
9.981133e-02
9.985177e-02
9.989241e-02
9.993290e-02
9.997358e-02
1.000141e-01
1.000549e-01
1.000955e-01
1.001362e-01
1.001769e-01
1.002178e-01
1.002585e-01
1.002994e-01
1.003402e-01
1.003812e-01
1.004220e-01
1.004631e-01
1.005040e-01
1.005452e-01
1.005862e-01
1.006274e-01
1.006685e-01
1.007098e-01
1.007510e-01
1.007924e-01
1.008337e-01
1.008752e-01
1.009165e-01
1.009581e-01
1.009995e-01
1.010412e-01
1.010827e-01
1.011244e-01
1.011660e-01
1.012078e-01
1.012494e-01
1.012913e-01
1.013330e-01
1.013749e-01
1.014167e-01
1.014587e-01
1.015005e-01
1.015425e-01
1.015845e-01
1.016266e-01
1.016686e-01
1.017108e-01
1.017529e-01
1.017951e-01
1.018373e-01
1.018797e-01
1.019219e-01
1.019644e-01
1.020067e-01
1.020493e-01
1.020918e-01
1.021344e-01
1.021770e-01
1.022197e-01
1.022625e-01
1.023053e-01
1.023481e-01
1.023910e-01
1.024339e-01
1.024769e-01
1.025197e-01
1.025626e-01
1.026054e-01
1.026482e-01
1.026908e-01
1.027334e-01
1.027758e-01
1.028182e-01
1.028605e-01
1.029027e-01
1.029449e-01
1.029869e-01
1.030289e-01
1.030708e-01
1.031127e-01
1.031544e-01
1.031962e-01
1.032378e-01
1.032793e-01
1.033208e-01
1.033621e-01
1.034034e-01
1.034444e-01
1.034855e-01
1.035263e-01
1.035672e-01
1.036079e-01
1.036486e-01
1.036891e-01
1.037296e-01
1.037699e-01
1.038103e-01
1.038504e-01
1.038907e-01
1.039306e-01
1.039707e-01
1.040105e-01
1.040505e-01
1.040901e-01
1.041300e-01
1.041695e-01
1.042092e-01
1.042486e-01
1.042882e-01
1.043274e-01
1.043669e-01
1.044061e-01
1.044454e-01
1.044845e-01
1.045237e-01
1.045627e-01
1.046018e-01
1.046407e-01
1.046797e-01
1.047185e-01
1.047575e-01
1.047962e-01
1.048350e-01
1.048736e-01
1.049125e-01
1.049510e-01
1.049898e-01
1.050282e-01
1.050669e-01
1.051053e-01
1.051439e-01
1.051823e-01
1.052209e-01
1.052592e-01
1.052978e-01
1.053360e-01
1.053745e-01
1.054128e-01
1.054513e-01
1.054895e-01
1.055280e-01
1.055662e-01
1.056046e-01
1.056428e-01
1.056812e-01
1.057194e-01
1.057579e-01
1.057962e-01
1.058346e-01
1.058728e-01
1.059113e-01
1.059495e-01
1.059880e-01
1.060262e-01
1.060648e-01
1.061032e-01
1.061418e-01
1.061801e-01
1.062187e-01
1.062570e-01
1.062957e-01
1.063341e-01
1.063728e-01
1.064114e-01
1.064503e-01
1.064888e-01
1.065277e-01
1.065663e-01
1.066052e-01
1.066438e-01
1.066828e-01
1.067216e-01
1.067607e-01
1.067996e-01
1.068388e-01
1.068778e-01
1.069170e-01
1.069559e-01
1.069952e-01
1.070342e-01
1.070736e-01
1.071128e-01
1.071523e-01
1.071916e-01
1.072313e-01
1.072706e-01
1.073102e-01
1.073495e-01
1.073892e-01
1.074286e-01
1.074684e-01
1.075079e-01
1.075478e-01
1.075875e-01
1.076274e-01
1.076672e-01
1.077071e-01
1.077468e-01
1.077868e-01
1.078266e-01
1.078665e-01
1.079064e-01
1.079463e-01
1.079862e-01
1.080262e-01
1.080661e-01
1.081061e-01
1.081461e-01
1.081860e-01
1.082260e-01
1.082659e-01
1.083059e-01
1.083458e-01
1.083858e-01
1.084258e-01
1.084657e-01
1.085057e-01
1.085457e-01
1.085856e-01
1.086256e-01
1.086655e-01
1.087054e-01
1.087453e-01
1.087851e-01
1.088249e-01
1.088647e-01
1.089044e-01
1.089442e-01
1.089838e-01
1.090236e-01
1.090631e-01
1.091027e-01
1.091422e-01
1.091818e-01
1.092212e-01
1.092608e-01
1.093001e-01
1.093396e-01
1.093789e-01
1.094183e-01
1.094575e-01
1.094969e-01
1.095361e-01
1.095754e-01
1.096145e-01
1.096538e-01
1.096929e-01
1.097322e-01
1.097712e-01
1.098104e-01
1.098495e-01
1.098887e-01
1.099277e-01
1.099668e-01
1.100058e-01
1.100450e-01
1.100840e-01
1.101231e-01
1.101621e-01
1.102012e-01
1.102402e-01
1.102793e-01
1.103183e-01
1.103574e-01
1.103964e-01
1.104355e-01
1.104745e-01
1.105136e-01
1.105526e-01
1.105918e-01
1.106308e-01
1.106700e-01
1.107090e-01
1.107482e-01
1.107873e-01
1.108265e-01
1.108656e-01
1.109048e-01
1.109440e-01
1.109833e-01
1.110224e-01
1.110617e-01
1.111009e-01
1.111402e-01
1.111794e-01
1.112186e-01
1.112578e-01
1.112971e-01
1.113363e-01
1.113756e-01
1.114148e-01
1.114541e-01
1.114934e-01
1.115327e-01
1.115719e-01
1.116113e-01
1.116505e-01
1.116899e-01
1.117292e-01
1.117686e-01
1.118079e-01
1.118473e-01
1.118867e-01
1.119261e-01
1.119655e-01
1.120050e-01
1.120444e-01
1.120839e-01
1.121233e-01
1.121629e-01
1.122024e-01
1.122419e-01
1.122814e-01
1.123208e-01
1.123604e-01
1.124000e-01
1.124397e-01
1.124792e-01
1.125188e-01
1.125583e-01
1.125979e-01
1.126376e-01
1.126773e-01
1.127169e-01
1.127566e-01
1.127962e-01
1.128358e-01
1.128754e-01
1.129150e-01
1.129545e-01
1.129940e-01
1.130335e-01
1.130731e-01
1.131128e-01
1.131526e-01
1.131925e-01
1.132325e-01
1.132724e-01
1.133124e-01
1.133525e-01
1.133926e-01
1.134327e-01
1.134727e-01
1.135130e-01
1.135534e-01
1.135937e-01
1.136339e-01
1.136738e-01
1.137137e-01
1.137541e-01
1.137947e-01
1.138349e-01
1.138755e-01
1.139160e-01
1.139569e-01
1.139978e-01
1.140386e-01
1.140780e-01
1.141170e-01
1.141558e-01
1.141960e-01
1.142362e-01
1.142789e-01
1.143215e-01
1.143642e-01
1.144068e-01
1.144496e-01
1.144922e-01
1.145351e-01
1.145778e-01
1.146207e-01
1.146636e-01
1.147066e-01
1.147495e-01
1.147926e-01
1.148356e-01
1.148788e-01
1.149219e-01
1.149652e-01
1.150084e-01
1.150517e-01
1.150950e-01
1.151384e-01
1.151817e-01
1.152252e-01
1.152686e-01
1.153122e-01
1.153556e-01
1.153993e-01
1.154428e-01
1.154865e-01
1.155301e-01
1.155738e-01
1.156175e-01
1.156613e-01
1.157051e-01
1.157490e-01
1.157929e-01
1.158369e-01
1.158808e-01
1.159249e-01
1.159690e-01
1.160132e-01
1.160573e-01
1.161016e-01
1.161458e-01
1.161902e-01
1.162345e-01
1.162790e-01
1.163234e-01
1.163680e-01
1.164125e-01
1.164572e-01
1.165018e-01
1.165466e-01
1.165912e-01
1.166361e-01
1.166809e-01
1.167259e-01
1.167707e-01
1.168158e-01
1.168608e-01
1.169060e-01
1.169510e-01
1.169963e-01
1.170414e-01
1.170867e-01
1.171320e-01
1.171774e-01
1.172227e-01
1.172683e-01
1.173136e-01
1.173593e-01
1.174047e-01
1.174504e-01
1.174960e-01
1.175418e-01
1.175874e-01
1.176333e-01
1.176790e-01
1.177250e-01
1.177708e-01
1.178168e-01
1.178627e-01
1.179087e-01
1.179547e-01
1.180008e-01
1.180469e-01
1.180931e-01
1.181392e-01
1.181854e-01
1.182316e-01
1.182779e-01
1.183241e-01
1.183704e-01
1.184166e-01
1.184630e-01
1.185093e-01
1.185557e-01
1.186020e-01
1.186485e-01
1.186948e-01
1.187413e-01
1.187876e-01
1.188341e-01
1.188805e-01
1.189270e-01
1.189734e-01
1.190200e-01
1.190664e-01
1.191130e-01
1.191594e-01
1.192060e-01
1.192525e-01
1.192992e-01
1.193457e-01
1.193924e-01
1.194390e-01
1.194858e-01
1.195324e-01
1.195793e-01
1.196260e-01
1.196729e-01
1.197197e-01
1.197667e-01
1.198136e-01
1.198607e-01
1.199077e-01
1.199549e-01
1.200020e-01
1.200493e-01
1.200965e-01
1.201439e-01
1.201912e-01
1.202387e-01
1.202861e-01
1.203337e-01
1.203812e-01
1.204290e-01
1.204765e-01
1.205244e-01
1.205721e-01
1.206201e-01
1.206679e-01
1.207159e-01
1.207638e-01
1.208120e-01
1.208600e-01
1.209083e-01
1.209564e-01
1.210048e-01
1.210529e-01
1.211014e-01
1.211497e-01
1.211982e-01
1.212466e-01
1.212952e-01
1.213437e-01
1.213924e-01
1.214409e-01
1.214897e-01
1.215383e-01
1.215871e-01
1.216358e-01
1.216847e-01
1.217335e-01
1.217824e-01
1.218313e-01
1.218803e-01
1.219292e-01
1.219782e-01
1.220272e-01
1.220764e-01
1.221254e-01
1.221746e-01
1.222237e-01
1.222730e-01
1.223221e-01
1.223715e-01
1.224207e-01
1.224701e-01
1.225194e-01
1.225689e-01
1.226181e-01
1.226677e-01
1.227170e-01
1.227666e-01
1.228160e-01
1.228656e-01
1.229150e-01
1.229646e-01
1.230140e-01
1.230637e-01
1.231131e-01
1.231628e-01
1.232122e-01
1.232618e-01
1.233112e-01
1.233609e-01
1.234103e-01
1.234599e-01
1.235093e-01
1.235589e-01
1.236083e-01
1.236579e-01
1.237072e-01
1.237568e-01
1.238061e-01
1.238556e-01
1.239049e-01
1.239544e-01
1.240037e-01
1.240532e-01
1.241024e-01
1.241519e-01
1.242011e-01
1.242506e-01
1.242998e-01
1.243492e-01
1.243984e-01
1.244479e-01
1.244970e-01
1.245465e-01
1.245957e-01
1.246452e-01
1.246944e-01
1.247439e-01
1.247931e-01
1.248426e-01
1.248919e-01
1.249415e-01
1.249908e-01
1.250404e-01
1.250898e-01
1.251395e-01
1.251889e-01
1.252387e-01
1.252882e-01
1.253380e-01
1.253876e-01
1.254375e-01
1.254871e-01
1.255371e-01
1.255868e-01
1.256368e-01
1.256866e-01
1.257367e-01
1.257865e-01
1.258367e-01
1.258866e-01
1.259368e-01
1.259867e-01
1.260370e-01
1.260870e-01
1.261373e-01
1.261873e-01
1.262377e-01
1.262878e-01
1.263381e-01
1.263883e-01
1.264387e-01
1.264888e-01
1.265393e-01
1.265894e-01
1.266399e-01
1.266901e-01
1.267405e-01
1.267907e-01
1.268411e-01
1.268913e-01
1.269418e-01
1.269919e-01
1.270423e-01
1.270925e-01
1.271429e-01
1.271930e-01
1.272434e-01
1.272934e-01
1.273438e-01
1.273938e-01
1.274441e-01
1.274941e-01
1.275444e-01
1.275944e-01
1.276446e-01
1.276945e-01
1.277447e-01
1.277946e-01
1.278448e-01
1.278947e-01
1.279448e-01
1.279947e-01
1.280448e-01
1.280946e-01
1.281447e-01
1.281945e-01
1.282446e-01
1.282944e-01
1.283444e-01
1.283942e-01
1.284442e-01
1.284940e-01
1.285440e-01
1.285938e-01
1.286438e-01
1.286936e-01
1.287435e-01
1.287933e-01
1.288433e-01
1.288930e-01
1.289430e-01
1.289927e-01
1.290427e-01
1.290924e-01
1.291423e-01
1.291921e-01
1.292420e-01
1.292917e-01
1.293416e-01
1.293913e-01
1.294412e-01
1.294908e-01
1.295407e-01
1.295904e-01
1.296402e-01
1.296898e-01
1.297395e-01
1.297890e-01
1.298387e-01
1.298881e-01
1.299377e-01
1.299871e-01
1.300366e-01
1.300859e-01
1.301354e-01
1.301846e-01
1.302340e-01
1.302831e-01
1.303324e-01
1.303815e-01
1.304307e-01
1.304796e-01
1.305288e-01
1.305776e-01
1.306267e-01
1.306755e-01
1.307244e-01
1.307731e-01
1.308219e-01
1.308705e-01
1.309193e-01
1.309678e-01
1.310164e-01
1.310648e-01
1.311134e-01
1.311617e-01
1.312101e-01
1.312584e-01
1.313067e-01
1.313549e-01
1.314032e-01
1.314512e-01
1.314994e-01
1.315474e-01
1.315955e-01
1.316433e-01
1.316914e-01
1.317392e-01
1.317871e-01
1.318348e-01
1.318827e-01
1.319303e-01
1.319781e-01
1.320257e-01
1.320734e-01
1.321209e-01
1.321685e-01
1.322159e-01
1.322635e-01
1.323108e-01
1.323583e-01
1.324056e-01
1.324530e-01
1.325002e-01
1.325476e-01
1.325947e-01
1.326420e-01
1.326890e-01
1.327362e-01
1.327832e-01
1.328302e-01
1.328771e-01
1.329241e-01
1.329708e-01
1.330177e-01
1.330643e-01
1.331111e-01
1.331576e-01
1.332042e-01
1.332506e-01
1.332971e-01
1.333433e-01
1.333897e-01
1.334358e-01
1.334820e-01
1.335280e-01
1.335742e-01
1.336200e-01
1.336660e-01
1.337118e-01
1.337577e-01
1.338034e-01
1.338492e-01
1.338947e-01
1.339404e-01
1.339859e-01
1.340315e-01
1.340769e-01
1.341225e-01
1.341678e-01
1.342133e-01
1.342585e-01
1.343040e-01
1.343492e-01
1.343946e-01
1.344398e-01
1.344852e-01
1.345303e-01
1.345756e-01
1.346208e-01
1.346661e-01
1.347112e-01
1.347566e-01
1.348017e-01
1.348470e-01
1.348921e-01
1.349375e-01
1.349826e-01
1.350280e-01
1.350731e-01
1.351185e-01
1.351636e-01
1.352091e-01
1.352543e-01
1.352996e-01
1.353448e-01
1.353901e-01
1.354354e-01
1.354806e-01
1.355258e-01
1.355709e-01
1.356160e-01
1.356611e-01
1.357061e-01
1.357511e-01
1.357961e-01
1.358410e-01
1.358859e-01
1.359307e-01
1.359756e-01
1.360204e-01
1.360652e-01
1.361099e-01
1.361546e-01
1.361993e-01
1.362440e-01
1.362886e-01
1.363332e-01
1.363778e-01
1.364223e-01
1.364669e-01
1.365114e-01
1.365558e-01
1.366003e-01
1.366447e-01
1.366892e-01
1.367336e-01
1.367779e-01
1.368223e-01
1.368666e-01
1.369109e-01
1.369552e-01
1.369995e-01
1.370438e-01
1.370880e-01
1.371323e-01
1.371765e-01
1.372207e-01
1.372649e-01
1.373090e-01
1.373532e-01
1.373973e-01
1.374414e-01
1.374855e-01
1.375296e-01
1.375737e-01
1.376178e-01
1.376619e-01
1.377059e-01
1.377499e-01
1.377939e-01
1.378380e-01
1.378819e-01
1.379259e-01
1.379699e-01
1.380139e-01
1.380578e-01
1.381018e-01
1.381457e-01
1.381896e-01
1.382335e-01
1.382774e-01
1.383213e-01
1.383652e-01
1.384091e-01
1.384530e-01
1.384968e-01
1.385407e-01
1.385846e-01
1.386284e-01
1.386722e-01
1.387161e-01
1.387599e-01
1.388037e-01
1.388476e-01
1.388914e-01
1.389352e-01
1.389790e-01
1.390228e-01
1.390666e-01
1.391105e-01
1.391543e-01
1.391981e-01
1.392419e-01
1.392857e-01
1.393294e-01
1.393732e-01
1.394170e-01
1.394608e-01
1.395046e-01
1.395484e-01
1.395922e-01
1.396404e-01
1.396888e-01
1.397375e-01
1.397859e-01
1.398347e-01
1.398832e-01
1.399319e-01
1.399805e-01
1.400293e-01
1.400778e-01
1.401267e-01
1.401753e-01
1.402241e-01
1.402727e-01
1.403216e-01
1.403703e-01
1.404192e-01
1.404678e-01
1.405168e-01
1.405655e-01
1.406144e-01
1.406631e-01
1.407121e-01
1.407609e-01
1.408099e-01
1.408586e-01
1.409077e-01
1.409565e-01
1.410055e-01
1.410544e-01
1.411034e-01
1.411523e-01
1.412013e-01
1.412502e-01
1.412992e-01
1.413480e-01
1.413970e-01
1.414459e-01
1.414949e-01
1.415437e-01
1.415927e-01
1.416415e-01
1.416905e-01
1.417393e-01
1.417883e-01
1.418372e-01
1.418862e-01
1.419350e-01
1.419840e-01
1.420328e-01
1.420818e-01
1.421306e-01
1.421796e-01
1.422284e-01
1.422774e-01
1.423263e-01
1.423753e-01
1.424241e-01
1.424732e-01
1.425220e-01
1.425711e-01
1.426199e-01
1.426690e-01
1.427178e-01
1.427669e-01
1.428158e-01
1.428648e-01
1.429137e-01
1.429628e-01
1.430117e-01
1.430608e-01
1.431097e-01
1.431588e-01
1.432077e-01
1.432568e-01
1.433057e-01
1.433548e-01
1.434037e-01
1.434529e-01
1.435018e-01
1.435509e-01
1.435999e-01
1.436490e-01
1.436980e-01
1.437471e-01
1.437961e-01
1.438452e-01
1.438942e-01
1.439434e-01
1.439924e-01
1.440416e-01
1.440906e-01
1.441398e-01
1.441888e-01
1.442380e-01
1.442871e-01
1.443363e-01
1.443853e-01
1.444346e-01
1.444837e-01
1.445329e-01
1.445820e-01
1.446313e-01
1.446804e-01
1.447297e-01
1.447788e-01
1.448282e-01
1.448773e-01
1.449267e-01
1.449759e-01
1.450253e-01
1.450745e-01
1.451240e-01
1.451732e-01
1.452227e-01
1.452720e-01
1.453215e-01
1.453709e-01
1.454204e-01
1.454698e-01
1.455193e-01
1.455688e-01
1.456184e-01
1.456679e-01
1.457175e-01
1.457670e-01
1.458167e-01
1.458663e-01
1.459160e-01
1.459656e-01
1.460152e-01
1.460647e-01
1.461142e-01
1.461636e-01
1.462129e-01
1.462622e-01
1.463114e-01
1.463606e-01
1.464096e-01
1.464587e-01
1.465076e-01
1.465564e-01
1.466052e-01
1.466539e-01
1.467025e-01
1.467511e-01
1.467996e-01
1.468481e-01
1.468965e-01
1.469448e-01
1.469931e-01
1.470413e-01
1.470895e-01
1.471376e-01
1.471856e-01
1.472337e-01
1.472816e-01
1.473295e-01
1.473773e-01
1.474251e-01
1.474728e-01
1.475205e-01
1.475681e-01
1.476157e-01
1.476633e-01
1.477108e-01
1.477582e-01
1.478057e-01
1.478530e-01
1.479004e-01
1.479476e-01
1.479948e-01
1.480420e-01
1.480892e-01
1.481363e-01
1.481833e-01
1.482304e-01
1.482774e-01
1.483243e-01
1.483712e-01
1.484181e-01
1.484649e-01
1.485117e-01
1.485585e-01
1.486052e-01
1.486519e-01
1.486985e-01
1.487452e-01
1.487917e-01
1.488383e-01
1.488848e-01
1.489312e-01
1.489777e-01
1.490241e-01
1.490704e-01
1.491167e-01
1.491630e-01
1.492092e-01
1.492554e-01
1.493016e-01
1.493477e-01
1.493938e-01
1.494398e-01
1.494858e-01
1.495317e-01
1.495777e-01
1.496236e-01
1.496694e-01
1.497152e-01
1.497610e-01
1.498068e-01
1.498525e-01
1.498982e-01
1.499439e-01
1.499895e-01
1.500351e-01
1.500807e-01
1.501262e-01
1.501718e-01
1.502173e-01
1.502627e-01
1.503081e-01
1.503536e-01
1.503990e-01
1.504443e-01
1.504897e-01
1.505350e-01
1.505803e-01
1.506256e-01
1.506709e-01
1.507161e-01
1.507614e-01
1.508066e-01
1.508518e-01
1.508969e-01
1.509421e-01
1.509872e-01
1.510324e-01
1.510775e-01
1.511226e-01
1.511677e-01
1.512127e-01
1.512578e-01
1.513028e-01
1.513479e-01
1.513929e-01
1.514379e-01
1.514829e-01
1.515278e-01
1.515728e-01
1.516178e-01
1.516627e-01
1.517076e-01
1.517526e-01
1.517975e-01
1.518424e-01
1.518873e-01
1.519322e-01
1.519771e-01
1.520220e-01
1.520668e-01
1.521117e-01
1.521566e-01
1.522014e-01
1.522463e-01
1.522912e-01
1.523360e-01
1.523809e-01
1.524257e-01
1.524706e-01
1.525154e-01
1.525603e-01
1.526052e-01
1.526501e-01
1.526950e-01
1.527399e-01
1.527848e-01
1.528297e-01
1.528746e-01
1.529195e-01
1.529645e-01
1.530095e-01
1.530545e-01
1.530995e-01
1.531445e-01
1.531895e-01
1.532346e-01
1.532797e-01
1.533248e-01
1.533699e-01
1.534151e-01
1.534603e-01
1.535054e-01
1.535507e-01
1.535959e-01
1.536412e-01
1.536866e-01
1.537319e-01
1.537773e-01
1.538228e-01
1.538682e-01
1.539137e-01
1.539593e-01
1.540048e-01
1.540504e-01
1.540961e-01
1.541418e-01
1.541875e-01
1.542333e-01
1.542791e-01
1.543249e-01
1.543708e-01
1.544168e-01
1.544627e-01
1.545088e-01
1.545548e-01
1.546010e-01
1.546472e-01
1.546934e-01
1.547396e-01
1.547859e-01
1.548323e-01
1.548787e-01
1.549252e-01
1.549717e-01
1.550182e-01
1.550649e-01
1.551115e-01
1.551583e-01
1.552051e-01
1.552519e-01
1.552988e-01
1.553457e-01
1.553927e-01
1.554397e-01
1.554868e-01
1.555340e-01
1.555812e-01
1.556285e-01
1.556758e-01
1.557230e-01
1.557703e-01
1.558175e-01
1.558647e-01
1.559120e-01
1.559592e-01
1.560064e-01
1.560536e-01
1.561009e-01
1.561481e-01
1.561953e-01
1.562425e-01
1.562897e-01
1.563369e-01
1.563841e-01
1.564314e-01
1.564786e-01
1.565258e-01
1.565730e-01
1.566202e-01
1.566674e-01
1.567147e-01
1.567619e-01
1.568091e-01
1.568563e-01
1.569035e-01
1.569507e-01
1.569979e-01
1.570451e-01
1.570923e-01
1.571396e-01
1.571868e-01
1.572340e-01
1.572812e-01
1.573284e-01
1.573757e-01
1.574229e-01
1.574701e-01
1.575174e-01
1.575646e-01
1.576119e-01
1.576591e-01
1.577063e-01
1.577536e-01
1.578008e-01
1.578481e-01
1.578953e-01
1.579426e-01
1.579898e-01
1.580371e-01
1.580843e-01
1.581316e-01
1.581789e-01
1.582261e-01
1.582734e-01
1.583206e-01
1.583679e-01
1.584151e-01
1.584624e-01
1.585096e-01
1.585569e-01
1.586041e-01
1.586513e-01
1.586986e-01
1.587458e-01
1.587930e-01
1.588403e-01
1.588875e-01
1.589347e-01
1.589819e-01
1.590291e-01
1.590764e-01
1.591236e-01
1.591708e-01
1.592180e-01
1.592652e-01
1.593124e-01
1.593591e-01
1.594064e-01
1.594536e-01
1.595009e-01
1.595482e-01
1.595956e-01
1.596429e-01
1.596903e-01
1.597376e-01
1.597850e-01
1.598324e-01
1.598798e-01
1.599271e-01
1.599750e-01
1.600225e-01
1.600704e-01
1.601171e-01
1.601650e-01
1.602123e-01
1.602602e-01
1.603073e-01
1.603552e-01
1.604023e-01
1.604502e-01
1.604973e-01
1.605451e-01
1.605920e-01
1.606394e-01
1.606861e-01
1.607333e-01
1.607800e-01
1.608272e-01
1.608740e-01
1.609212e-01
1.609680e-01
1.610152e-01
1.610619e-01
1.611092e-01
1.611559e-01
1.612033e-01
1.612500e-01
1.612975e-01
1.613442e-01
1.613915e-01
1.614382e-01
1.614856e-01
1.615322e-01
1.615796e-01
1.616263e-01
1.616737e-01
1.617216e-01
1.617696e-01
1.618163e-01
1.618638e-01
1.619117e-01
1.619598e-01
1.620065e-01
1.620540e-01
1.621020e-01
1.621502e-01
1.621969e-01
1.622443e-01
1.622910e-01
1.623385e-01
1.623866e-01
1.624339e-01
1.624820e-01
1.625304e-01
1.625771e-01
1.626248e-01
1.626730e-01
1.627215e-01
1.627683e-01
1.628158e-01
1.628640e-01
1.629123e-01
1.629590e-01
1.630067e-01
1.630549e-01
1.631023e-01
1.631506e-01
1.631992e-01
1.632460e-01
1.632938e-01
1.633407e-01
1.633884e-01
1.634353e-01
1.634830e-01
1.635299e-01
1.635775e-01
1.636243e-01
1.636720e-01
1.637205e-01
1.637679e-01
1.638164e-01
1.638639e-01
1.639110e-01
1.639590e-01
1.640061e-01
1.640541e-01
1.641012e-01
1.641493e-01
1.641964e-01
1.642444e-01
1.642915e-01
1.643395e-01
1.643865e-01
1.644345e-01
1.644816e-01
1.645294e-01
1.645765e-01
1.646240e-01
1.646711e-01
1.647185e-01
1.647656e-01
1.648130e-01
1.648601e-01
1.649075e-01
1.649545e-01
1.650019e-01
1.650489e-01
1.650963e-01
1.651433e-01
1.651907e-01
1.652377e-01
1.652850e-01
1.653320e-01
1.653794e-01
1.654264e-01
1.654737e-01
1.655207e-01
1.655692e-01
1.656174e-01
1.656658e-01
1.657140e-01
1.657623e-01
1.658104e-01
1.658587e-01
1.659066e-01
1.659548e-01
1.660019e-01
1.660500e-01
1.660978e-01
1.661459e-01
1.661936e-01
1.662417e-01
1.662895e-01
1.663375e-01
1.663853e-01
1.664334e-01
1.664810e-01
1.665291e-01
1.665768e-01
1.666248e-01
1.666724e-01
1.667204e-01
1.667681e-01
1.668161e-01
1.668637e-01
1.669117e-01
1.669595e-01
1.670074e-01
1.670552e-01
1.671032e-01
1.671509e-01
1.671990e-01
1.672466e-01
1.672947e-01
1.673423e-01
1.673904e-01
1.674381e-01
1.674862e-01
1.675341e-01
1.675822e-01
1.676302e-01
1.676784e-01
1.677264e-01
1.677746e-01
1.678226e-01
1.678709e-01
1.679190e-01
1.679673e-01
1.680155e-01
1.680640e-01
1.681113e-01
1.681593e-01
1.682066e-01
1.682542e-01
1.683015e-01
1.683492e-01
1.683965e-01
1.684441e-01
1.684914e-01
1.685391e-01
1.685864e-01
1.686341e-01
1.686814e-01
1.687290e-01
1.687773e-01
1.688256e-01
1.688738e-01
1.689223e-01
1.689695e-01
1.690174e-01
1.690646e-01
1.691126e-01
1.691598e-01
1.692074e-01
1.692547e-01
1.693022e-01
1.693495e-01
1.693970e-01
1.694443e-01
1.694918e-01
1.695391e-01
1.695866e-01
1.696338e-01
1.696814e-01
1.697285e-01
1.697764e-01
1.698236e-01
1.698711e-01
1.699182e-01
1.699658e-01
1.700133e-01
1.700611e-01
1.701080e-01
1.701556e-01
1.702031e-01
1.702510e-01
1.702990e-01
1.703471e-01
1.703952e-01
1.704434e-01
1.704902e-01
1.705379e-01
1.705847e-01
1.706323e-01
1.706791e-01
1.707266e-01
1.707734e-01
1.708209e-01
1.708691e-01
1.709175e-01
1.709658e-01
1.710143e-01
1.710610e-01
1.711086e-01
1.711571e-01
1.712057e-01
1.712542e-01
1.713029e-01
1.713515e-01
1.714002e-01
1.714488e-01
1.714975e-01
1.715443e-01
1.715922e-01
1.716391e-01
1.716871e-01
1.717340e-01
1.717820e-01
1.718290e-01
1.718765e-01
1.719235e-01
1.719709e-01
1.720179e-01
1.720653e-01
1.721123e-01
1.721606e-01
1.722094e-01
1.722584e-01
1.723071e-01
1.723560e-01
1.724046e-01
1.724535e-01
1.725021e-01
1.725510e-01
1.725995e-01
1.726483e-01
1.726968e-01
1.727455e-01
1.727940e-01
1.728427e-01
1.728911e-01
1.729398e-01
1.729881e-01
1.730368e-01
1.730851e-01
1.731336e-01
1.731819e-01
1.732304e-01
1.732786e-01
1.733270e-01
1.733752e-01
1.734236e-01
1.734718e-01
1.735202e-01
1.735682e-01
1.736166e-01
1.736646e-01
1.737129e-01
1.737608e-01
1.738090e-01
1.738569e-01
1.739050e-01
1.739528e-01
1.740008e-01
1.740486e-01
1.740966e-01
1.741443e-01
1.741921e-01
1.742397e-01
1.742874e-01
1.743349e-01
1.743826e-01
1.744301e-01
1.744777e-01
1.745252e-01
1.745727e-01
1.746201e-01
1.746676e-01
1.747149e-01
1.747624e-01
1.748097e-01
1.748571e-01
1.749043e-01
1.749518e-01
1.749989e-01
1.750463e-01
1.750934e-01
1.751406e-01
1.751876e-01
1.752349e-01
1.752817e-01
1.753289e-01
1.753757e-01
1.754228e-01
1.754696e-01
1.755166e-01
1.755633e-01
1.756102e-01
1.756567e-01
1.757036e-01
1.757501e-01
1.757968e-01
1.758433e-01
1.758900e-01
1.759363e-01
1.759830e-01
1.760293e-01
1.760758e-01
1.761221e-01
1.761685e-01
1.762147e-01
1.762611e-01
1.763072e-01
1.763535e-01
1.763995e-01
1.764458e-01
1.764918e-01
1.765380e-01
1.765839e-01
1.766301e-01
1.766759e-01
1.767220e-01
1.767678e-01
1.768138e-01
1.768596e-01
1.769055e-01
1.769512e-01
1.769971e-01
1.770428e-01
1.770887e-01
1.771343e-01
1.771801e-01
1.772257e-01
1.772715e-01
1.773170e-01
1.773627e-01
1.774082e-01
1.774539e-01
1.774994e-01
1.775450e-01
1.775904e-01
1.776360e-01
1.776814e-01
1.777270e-01
1.777723e-01
1.778178e-01
1.778631e-01
1.779086e-01
1.779539e-01
1.779994e-01
1.780446e-01
1.780900e-01
1.781353e-01
1.781807e-01
1.782259e-01
1.782713e-01
1.783164e-01
1.783618e-01
1.784070e-01
1.784524e-01
1.784975e-01
1.785428e-01
1.785880e-01
1.786333e-01
1.786784e-01
1.787238e-01
1.787689e-01
1.788142e-01
1.788594e-01
1.789047e-01
1.789498e-01
1.789952e-01
1.790403e-01
1.790857e-01
1.791308e-01
1.791762e-01
1.792214e-01
1.792668e-01
1.793120e-01
1.793574e-01
1.794026e-01
1.794480e-01
1.794933e-01
1.795388e-01
1.795841e-01
1.796296e-01
1.796750e-01
1.797206e-01
1.797659e-01
1.798115e-01
1.798570e-01
1.799026e-01
1.799481e-01
1.799939e-01
1.800394e-01
1.800852e-01
1.801308e-01
1.801766e-01
1.802223e-01
1.802682e-01
1.803139e-01
1.803598e-01
1.804056e-01
1.804516e-01
1.804975e-01
1.805436e-01
1.805895e-01
1.806356e-01
1.806816e-01
1.807277e-01
1.807738e-01
1.808200e-01
1.808661e-01
1.809124e-01
1.809586e-01
1.810049e-01
1.810511e-01
1.810975e-01
1.811437e-01
1.811902e-01
1.812363e-01
1.812827e-01
1.813288e-01
1.813751e-01
1.814211e-01
1.814674e-01
1.815134e-01
1.815597e-01
1.816057e-01
1.816518e-01
1.816978e-01
1.817440e-01
1.817900e-01
1.818361e-01
1.818821e-01
1.819283e-01
1.819742e-01
1.820204e-01
1.820664e-01
1.821125e-01
1.821585e-01
1.822047e-01
1.822507e-01
1.822969e-01
1.823429e-01
1.823891e-01
1.824352e-01
1.824814e-01
1.825274e-01
1.825737e-01
1.826197e-01
1.826660e-01
1.827121e-01
1.827584e-01
1.828045e-01
1.828508e-01
1.828970e-01
1.829433e-01
1.829894e-01
1.830357e-01
1.830818e-01
1.831281e-01
1.831743e-01
1.832206e-01
1.832668e-01
1.833131e-01
1.833592e-01
1.834056e-01
1.834516e-01
1.834978e-01
1.835436e-01
1.835897e-01
1.836354e-01
1.836813e-01
1.837268e-01
1.837725e-01
1.838179e-01
1.838634e-01
1.839086e-01
1.839539e-01
1.839991e-01
1.840442e-01
1.840892e-01
1.841344e-01
1.841793e-01
1.842243e-01
1.842689e-01
1.843136e-01
1.843580e-01
1.844024e-01
1.844467e-01
1.844910e-01
1.845352e-01
1.845794e-01
1.846237e-01
1.846680e-01
1.847121e-01
1.847562e-01
1.848000e-01
1.848438e-01
1.848875e-01
1.849311e-01
1.849747e-01
1.850183e-01
1.850620e-01
1.851057e-01
1.851495e-01
1.851933e-01
1.852368e-01
1.852803e-01
1.853237e-01
1.853669e-01
1.854102e-01
1.854534e-01
1.854967e-01
1.855400e-01
1.855834e-01
1.856270e-01
1.856704e-01
1.857138e-01
1.857570e-01
1.858002e-01
1.858433e-01
1.858863e-01
1.859294e-01
1.859725e-01
1.860157e-01
1.860590e-01
1.861025e-01
1.861460e-01
1.861892e-01
1.862324e-01
1.862755e-01
1.863185e-01
1.863615e-01
1.864046e-01
1.864477e-01
1.864909e-01
1.865343e-01
1.865778e-01
1.866211e-01
1.866644e-01
1.867076e-01
1.867507e-01
1.867937e-01
1.868368e-01
1.868799e-01
1.869231e-01
1.869664e-01
1.870099e-01
1.870534e-01
1.870969e-01
1.871402e-01
1.871834e-01
1.872265e-01
1.872696e-01
1.873128e-01
1.873560e-01
1.873994e-01
1.874429e-01
1.874863e-01
1.875299e-01
1.875733e-01
1.876166e-01
1.876598e-01
1.877030e-01
1.877463e-01
1.877895e-01
1.878330e-01
1.878765e-01
1.879200e-01
1.879635e-01
1.880070e-01
1.880503e-01
1.880936e-01
1.881369e-01
1.881802e-01
1.882236e-01
1.882672e-01
1.883108e-01
1.883543e-01
1.883980e-01
1.884415e-01
1.884849e-01
1.885283e-01
1.885717e-01
1.886152e-01
1.886588e-01
1.887025e-01
1.887462e-01
1.887899e-01
1.888336e-01
1.888772e-01
1.889207e-01
1.889642e-01
1.890077e-01
1.890515e-01
1.890952e-01
1.891391e-01
1.891830e-01
1.892269e-01
1.892706e-01
1.893143e-01
1.893579e-01
1.894016e-01
1.894453e-01
1.894891e-01
1.895331e-01
1.895771e-01
1.896212e-01
1.896652e-01
1.897090e-01
1.897528e-01
1.897964e-01
1.898402e-01
1.898840e-01
1.899280e-01
1.899722e-01
1.900164e-01
1.900606e-01
1.901046e-01
1.901484e-01
1.901922e-01
1.902359e-01
1.902799e-01
1.903238e-01
1.903680e-01
1.904123e-01
1.904566e-01
1.905007e-01
1.905448e-01
1.905885e-01
1.906324e-01
1.906762e-01
1.907203e-01
1.907643e-01
1.908086e-01
1.908530e-01
1.908972e-01
1.909412e-01
1.909852e-01
1.910290e-01
1.910730e-01
1.911169e-01
1.911610e-01
1.912052e-01
1.912495e-01
1.912938e-01
1.913380e-01
1.913819e-01
1.914259e-01
1.914697e-01
1.915137e-01
1.915577e-01
1.916019e-01
1.916463e-01
1.916906e-01
1.917347e-01
1.917788e-01
1.918226e-01
1.918665e-01
1.919104e-01
1.919545e-01
1.919986e-01
1.920430e-01
1.920874e-01
1.921316e-01
1.921756e-01
1.922195e-01
1.922633e-01
1.923073e-01
1.923512e-01
1.923954e-01
1.924398e-01
1.924842e-01
1.925284e-01
1.925725e-01
1.926163e-01
1.926602e-01
1.927040e-01
1.927481e-01
1.927922e-01
1.928366e-01
1.928811e-01
1.929253e-01
1.929693e-01
1.930133e-01
1.930571e-01
1.931011e-01
1.931450e-01
1.931893e-01
1.932337e-01
1.932782e-01
1.933223e-01
1.933664e-01
1.934103e-01
1.934543e-01
1.934983e-01
1.935424e-01
1.935867e-01
1.936312e-01
1.936757e-01
1.937200e-01
1.937640e-01
1.938081e-01
1.938521e-01
1.938962e-01
1.939404e-01
1.939849e-01
1.940296e-01
1.940741e-01
1.941184e-01
1.941627e-01
1.942067e-01
1.942509e-01
1.942951e-01
1.943395e-01
1.943841e-01
1.944289e-01
1.944735e-01
1.945180e-01
1.945622e-01
1.946065e-01
1.946507e-01
1.946952e-01
1.947397e-01
1.947845e-01
1.948294e-01
1.948741e-01
1.949186e-01
1.949631e-01
1.950074e-01
1.950520e-01
1.950965e-01
1.951412e-01
1.951861e-01
1.952309e-01
1.952757e-01
1.953205e-01
1.953650e-01
1.954097e-01
1.954542e-01
1.954990e-01
1.955438e-01
1.955886e-01
1.956335e-01
1.956783e-01
1.957230e-01
1.957678e-01
1.958124e-01
1.958573e-01
1.959021e-01
1.959469e-01
1.959917e-01
1.960366e-01
1.960814e-01
1.961262e-01
1.961710e-01
1.962158e-01
1.962607e-01
1.963055e-01
1.963503e-01
1.963952e-01
1.964400e-01
1.964848e-01
1.965297e-01
1.965746e-01
1.966195e-01
1.966644e-01
1.967092e-01
1.967541e-01
1.967990e-01
1.968439e-01
1.968888e-01
1.969338e-01
1.969787e-01
1.970236e-01
1.970686e-01
1.971135e-01
1.971585e-01
1.972035e-01
1.972485e-01
1.972935e-01
1.973385e-01
1.973835e-01
1.974285e-01
1.974736e-01
1.975187e-01
1.975638e-01
1.976089e-01
1.976540e-01
1.976991e-01
1.977442e-01
1.977892e-01
1.978344e-01
1.978796e-01
1.979251e-01
1.979706e-01
1.980160e-01
1.980612e-01
1.981065e-01
1.981515e-01
1.981967e-01
1.982419e-01
1.982872e-01
1.983328e-01
1.983782e-01
1.984234e-01
1.984686e-01
1.985136e-01
1.985588e-01
1.986039e-01
1.986492e-01
1.986947e-01
1.987401e-01
1.987853e-01
1.988305e-01
1.988755e-01
1.989206e-01
1.989657e-01
1.990109e-01
1.990564e-01
1.991018e-01
1.991470e-01
1.991922e-01
1.992372e-01
1.992823e-01
1.993274e-01
1.993726e-01
1.994181e-01
1.994635e-01
1.995087e-01
1.995539e-01
1.995989e-01
1.996440e-01
1.996892e-01
1.997345e-01
1.997800e-01
1.998254e-01
1.998707e-01
1.999160e-01
1.999610e-01
2.000062e-01
2.000514e-01
2.000968e-01
2.001424e-01
