# 1  : Date
# 2  : Temps elapsed min (mus)
# 3  : Rang temps elapsed min
# 4  : Noeud temps elapsed min
# 5  : Temps elapsed max (mus)
# 6  : Rang temps elapsed max
# 7  : Noeud temps elapsed max
# 8  : Grind time (mus/maille/cycle)
# 9  : Grind time équivalent séquentiel (#8 X nb_de_coeurs)
#     1     2     3     4      5      6      7       8      9
#   ATTENTION  les temps cpu schémas sont données dans l'ordre alphabétique des schémas WARNING
#  10: TELAPS Hydro (mus)
9.263778e-05   4.036e+04 0 inti1210   4.047e+04 3 inti1210   2.930e-01 4.688e+00  3.171e+04
2.095045e-04   4.078e+04 0 inti1210   4.086e+04 3 inti1210   2.950e-01 4.721e+00  3.193e+04
3.722456e-04   6.493e+04 0 inti1210   6.505e+04 3 inti1210   4.663e-01 7.460e+00  3.275e+04
5.782604e-04   4.694e+04 0 inti1210   4.713e+04 3 inti1210   3.362e-01 5.379e+00  3.426e+04
8.237917e-04   4.136e+04 0 inti1210   4.146e+04 3 inti1210   2.932e-01 4.691e+00  3.254e+04
1.103177e-03   4.203e+04 0 inti1210   4.215e+04 3 inti1210   2.945e-01 4.713e+00  3.328e+04
1.413377e-03   6.748e+04 0 inti1210   6.761e+04 3 inti1210   4.669e-01 7.471e+00  3.476e+04
1.754727e-03   4.442e+04 1 inti1210   4.452e+04 3 inti1210   3.046e-01 4.874e+00  3.540e+04
2.124568e-03   4.468e+04 1 inti1210   4.477e+04 3 inti1210   3.024e-01 4.838e+00  3.532e+04
2.522125e-03   4.536e+04 1 inti1210   4.546e+04 3 inti1210   3.028e-01 4.846e+00  3.621e+04
2.939904e-03   7.511e+04 1 inti1210   7.521e+04 3 inti1210   4.936e-01 7.897e+00  3.786e+04
3.362047e-03   4.459e+04 0 inti1210   4.477e+04 3 inti1210   2.910e-01 4.656e+00  3.576e+04
3.787645e-03   4.523e+04 0 inti1210   4.537e+04 3 inti1210   2.907e-01 4.652e+00  3.596e+04
4.202785e-03   4.593e+04 0 inti1210   4.617e+04 3 inti1210   2.942e-01 4.708e+00  3.693e+04
4.553560e-03   7.519e+04 0 inti1210   7.533e+04 3 inti1210   4.741e-01 7.586e+00  3.804e+04
4.918904e-03   4.701e+04 0 inti1210   4.718e+04 3 inti1210   2.946e-01 4.713e+00  3.789e+04
5.292849e-03   4.798e+04 0 inti1210   4.814e+04 3 inti1210   2.964e-01 4.742e+00  3.848e+04
5.640600e-03   4.982e+04 0 inti1210   5.005e+04 3 inti1210   3.041e-01 4.866e+00  4.045e+04
5.933312e-03   7.682e+04 1 inti1210   7.689e+04 2 inti1210   4.613e-01 7.381e+00  3.980e+04
6.212678e-03   4.831e+04 1 inti1210   4.836e+04 3 inti1210   2.882e-01 4.612e+00  3.902e+04
6.487819e-03   4.882e+04 1 inti1210   4.889e+04 2 inti1210   2.881e-01 4.609e+00  3.948e+04
6.761729e-03   4.953e+04 1 inti1210   4.961e+04 3 inti1210   2.890e-01 4.624e+00  4.014e+04
7.035149e-03   7.967e+04 1 inti1210   7.974e+04 3 inti1210   4.603e-01 7.365e+00  4.151e+04
7.310505e-03   5.050e+04 1 inti1210   5.056e+04 2 inti1210   2.900e-01 4.639e+00  4.084e+04
7.583677e-03   5.113e+04 1 inti1210   5.121e+04 3 inti1210   2.911e-01 4.658e+00  4.137e+04
7.841371e-03   5.565e+04 0 inti1210   5.574e+04 1 inti1210   3.139e-01 5.023e+00  4.402e+04
8.080045e-03   7.543e+04 0 inti1210   7.546e+04 1 inti1210   4.213e-01 6.742e+00  4.168e+04
8.309808e-03   5.029e+04 0 inti1210   5.032e+04 1 inti1210   2.796e-01 4.473e+00  4.074e+04
8.535662e-03   5.064e+04 0 inti1210   5.066e+04 1 inti1210   2.794e-01 4.470e+00  4.105e+04
8.764544e-03   5.097e+04 0 inti1210   5.101e+04 2 inti1210   2.793e-01 4.468e+00  4.131e+04
9.004487e-03   8.019e+04 0 inti1210   8.023e+04 3 inti1210   4.353e-01 6.964e+00  4.292e+04
9.256381e-03   5.205e+04 0 inti1210   5.215e+04 1 inti1210   2.815e-01 4.504e+00  4.228e+04
9.523073e-03   5.233e+04 0 inti1210   5.236e+04 3 inti1210   2.803e-01 4.486e+00  4.263e+04
9.807412e-03   5.345e+04 0 inti1210   5.349e+04 3 inti1210   2.836e-01 4.537e+00  4.331e+04
1.010974e-02   8.556e+04 0 inti1210   8.568e+04 3 inti1210   4.494e-01 7.190e+00  4.478e+04
1.043157e-02   5.402e+04 0 inti1210   5.414e+04 3 inti1210   2.823e-01 4.518e+00  4.417e+04
1.077293e-02   5.635e+04 3 inti1210   5.637e+04 1 inti1210   2.904e-01 4.647e+00  4.602e+04
1.113012e-02   5.644e+04 0 inti1210   5.645e+04 3 inti1210   2.876e-01 4.602e+00  4.592e+04
1.149775e-02   8.415e+04 0 inti1210   8.417e+04 1 inti1210   4.235e-01 6.777e+00  4.790e+04
1.187148e-02   5.768e+04 0 inti1210   5.770e+04 1 inti1210   2.880e-01 4.608e+00  4.705e+04
1.225003e-02   5.826e+04 0 inti1210   5.827e+04 1 inti1210   2.877e-01 4.603e+00  4.785e+04
1.263328e-02   5.906e+04 0 inti1210   5.909e+04 3 inti1210   2.882e-01 4.611e+00  4.836e+04
1.302135e-02   9.294e+04 0 inti1210   9.297e+04 3 inti1210   4.482e-01 7.171e+00  4.977e+04
1.341430e-02   6.037e+04 0 inti1210   6.038e+04 1 inti1210   2.887e-01 4.619e+00  4.955e+04
1.381257e-02   5.969e+04 0 inti1210   5.974e+04 3 inti1210   2.824e-01 4.518e+00  4.878e+04
1.421685e-02   6.010e+04 0 inti1210   6.016e+04 3 inti1210   2.810e-01 4.496e+00  4.910e+04
1.462799e-02   9.441e+04 0 inti1210   9.447e+04 3 inti1210   4.361e-01 6.978e+00  5.147e+04
1.504640e-02   6.128e+04 0 inti1210   6.147e+04 3 inti1210   2.816e-01 4.506e+00  5.004e+04
1.547213e-02   6.210e+04 0 inti1210   6.216e+04 3 inti1210   2.814e-01 4.503e+00  5.102e+04
1.590542e-02   6.267e+04 0 inti1210   6.274e+04 3 inti1210   2.807e-01 4.491e+00  5.138e+04
1.634576e-02   9.778e+04 0 inti1210   9.786e+04 3 inti1210   4.325e-01 6.921e+00  5.267e+04
1.679206e-02   6.300e+04 1 inti1210   6.309e+04 3 inti1210   2.764e-01 4.422e+00  5.183e+04
1.724355e-02   6.367e+04 0 inti1210   6.373e+04 3 inti1210   2.757e-01 4.411e+00  5.243e+04
1.769940e-02   6.477e+04 0 inti1210   6.492e+04 3 inti1210   2.775e-01 4.440e+00  5.336e+04
1.815934e-02   9.970e+04 1 inti1210   9.980e+04 3 inti1210   4.215e-01 6.743e+00  5.502e+04
1.862225e-02   6.564e+04 1 inti1210   6.573e+04 3 inti1210   2.753e-01 4.405e+00  5.418e+04
1.908792e-02   6.627e+04 1 inti1210   6.635e+04 3 inti1210   2.742e-01 4.387e+00  5.482e+04
1.955861e-02   6.715e+04 1 inti1210   6.726e+04 3 inti1210   2.748e-01 4.397e+00  5.543e+04
2.003573e-02   1.045e+05 0 inti1210   1.046e+05 3 inti1210   4.221e-01 6.753e+00  5.740e+04
2.051639e-02   6.780e+04 0 inti1210   6.796e+04 3 inti1210   2.717e-01 4.347e+00  5.549e+04
2.099895e-02   6.866e+04 0 inti1210   6.871e+04 3 inti1210   2.715e-01 4.343e+00  5.649e+04
2.148217e-02   6.887e+04 0 inti1210   6.893e+04 3 inti1210   2.688e-01 4.301e+00  5.655e+04
2.196842e-02   1.003e+05 0 inti1210   1.004e+05 3 inti1210   3.871e-01 6.193e+00  5.820e+04
2.245951e-02   7.008e+04 0 inti1210   7.013e+04 3 inti1210   2.680e-01 4.288e+00  5.759e+04
2.295555e-02   7.050e+04 0 inti1210   7.057e+04 3 inti1210   2.663e-01 4.261e+00  5.812e+04
2.345587e-02   7.162e+04 0 inti1210   7.174e+04 3 inti1210   2.674e-01 4.278e+00  5.887e+04
2.395921e-02   1.083e+05 0 inti1210   1.084e+05 3 inti1210   3.990e-01 6.383e+00  6.066e+04
2.446463e-02   7.256e+04 0 inti1210   7.266e+04 3 inti1210   2.653e-01 4.245e+00  5.983e+04
2.497138e-02   7.301e+04 0 inti1210   7.308e+04 3 inti1210   2.636e-01 4.218e+00  6.051e+04
2.547942e-02   7.381e+04 0 inti1210   7.389e+04 3 inti1210   2.634e-01 4.214e+00  6.105e+04
2.598898e-02   1.109e+05 0 inti1210   1.110e+05 3 inti1210   3.913e-01 6.262e+00  6.247e+04
2.649990e-02   7.523e+04 0 inti1210   7.539e+04 3 inti1210   2.636e-01 4.218e+00  6.224e+04
2.701266e-02   7.614e+04 0 inti1210   7.624e+04 3 inti1210   2.637e-01 4.219e+00  6.328e+04
2.752706e-02   7.717e+04 0 inti1210   7.725e+04 3 inti1210   2.642e-01 4.227e+00  6.403e+04
2.804196e-02   1.204e+05 0 inti1210   1.205e+05 3 inti1210   4.076e-01 6.522e+00  6.680e+04
2.855744e-02   7.819e+04 0 inti1210   7.829e+04 3 inti1210   2.631e-01 4.210e+00  6.483e+04
2.907289e-02   7.811e+04 0 inti1210   7.821e+04 3 inti1210   2.600e-01 4.161e+00  6.500e+04
2.958877e-02   7.882e+04 0 inti1210   7.893e+04 3 inti1210   2.596e-01 4.154e+00  6.542e+04
3.010506e-02   1.324e+05 0 inti1210   1.325e+05 3 inti1210   4.315e-01 6.904e+00  6.841e+04
3.062144e-02   8.108e+04 0 inti1210   8.119e+04 3 inti1210   2.624e-01 4.199e+00  6.704e+04
3.113813e-02   7.880e+04 0 inti1210   7.886e+04 3 inti1210   2.523e-01 4.038e+00  6.522e+04
3.165607e-02   7.973e+04 0 inti1210   7.980e+04 3 inti1210   2.529e-01 4.046e+00  6.587e+04
3.217536e-02   1.234e+05 0 inti1210   1.234e+05 3 inti1210   3.872e-01 6.195e+00  6.765e+04
3.269735e-02   8.102e+04 0 inti1210   8.108e+04 3 inti1210   2.528e-01 4.044e+00  6.701e+04
3.322279e-02   8.105e+04 2 inti1210   8.110e+04 3 inti1210   2.503e-01 4.005e+00  6.716e+04
3.375070e-02   8.164e+04 2 inti1210   8.169e+04 3 inti1210   2.496e-01 3.994e+00  6.758e+04
3.426668e-02   1.231e+05 2 inti1210   1.231e+05 3 inti1210   3.728e-01 5.964e+00  6.945e+04
3.475089e-02   8.198e+04 2 inti1210   8.202e+04 3 inti1210   2.468e-01 3.949e+00  6.802e+04
3.520723e-02   8.253e+04 2 inti1210   8.258e+04 3 inti1210   2.464e-01 3.942e+00  6.882e+04
3.564114e-02   8.337e+04 0 inti1210   8.351e+04 3 inti1210   2.472e-01 3.956e+00  6.916e+04
3.607503e-02   1.263e+05 2 inti1210   1.263e+05 3 inti1210   3.714e-01 5.943e+00  7.088e+04
3.651140e-02   8.356e+04 0 inti1210   8.369e+04 3 inti1210   2.448e-01 3.917e+00  6.944e+04
3.694984e-02   8.345e+04 2 inti1210   8.350e+04 3 inti1210   2.426e-01 3.881e+00  6.963e+04
3.739003e-02   8.406e+04 0 inti1210   8.410e+04 3 inti1210   2.427e-01 3.883e+00  6.988e+04
3.783169e-02   1.277e+05 0 inti1210   1.277e+05 3 inti1210   3.660e-01 5.856e+00  7.215e+04
3.827682e-02   8.542e+04 0 inti1210   8.556e+04 3 inti1210   2.442e-01 3.908e+00  7.111e+04
3.872687e-02   8.553e+04 2 inti1210   8.558e+04 3 inti1210   2.427e-01 3.883e+00  7.159e+04
3.918070e-02   8.608e+04 2 inti1210   8.613e+04 3 inti1210   2.426e-01 3.882e+00  7.172e+04
3.963857e-02   1.298e+05 0 inti1210   1.298e+05 3 inti1210   3.633e-01 5.814e+00  7.314e+04
4.010214e-02   8.628e+04 0 inti1210   8.643e+04 3 inti1210   2.409e-01 3.854e+00  7.198e+04
4.057218e-02   8.687e+04 2 inti1210   8.690e+04 3 inti1210   2.407e-01 3.851e+00  7.230e+04
4.104774e-02   8.925e+04 0 inti1210   8.931e+04 3 inti1210   2.458e-01 3.932e+00  7.397e+04
4.152801e-02   1.312e+05 0 inti1210   1.313e+05 3 inti1210   3.591e-01 5.746e+00  7.376e+04
4.201320e-02   8.750e+04 2 inti1210   8.754e+04 3 inti1210   2.384e-01 3.814e+00  7.259e+04
4.250369e-02   8.732e+04 0 inti1210   8.738e+04 3 inti1210   2.365e-01 3.783e+00  7.281e+04
4.299977e-02   8.781e+04 0 inti1210   8.788e+04 3 inti1210   2.363e-01 3.780e+00  7.303e+04
4.350104e-02   1.361e+05 2 inti1210   1.361e+05 3 inti1210   3.636e-01 5.817e+00  7.556e+04
4.400720e-02   9.010e+04 0 inti1210   9.024e+04 3 inti1210   2.400e-01 3.840e+00  7.517e+04
4.451778e-02   8.877e+04 0 inti1210   8.884e+04 3 inti1210   2.348e-01 3.756e+00  7.403e+04
4.503238e-02   8.960e+04 0 inti1210   8.965e+04 3 inti1210   2.354e-01 3.766e+00  7.462e+04
4.555040e-02   1.380e+05 0 inti1210   1.380e+05 3 inti1210   3.601e-01 5.761e+00  7.626e+04
4.607148e-02   9.040e+04 0 inti1210   9.047e+04 3 inti1210   2.350e-01 3.760e+00  7.531e+04
4.659538e-02   9.085e+04 0 inti1210   9.092e+04 3 inti1210   2.346e-01 3.754e+00  7.590e+04
4.712176e-02   9.212e+04 0 inti1210   9.219e+04 3 inti1210   2.363e-01 3.781e+00  7.701e+04
4.765041e-02   1.409e+05 0 inti1210   1.410e+05 3 inti1210   3.589e-01 5.743e+00  7.759e+04
4.818208e-02   9.132e+04 0 inti1210   9.139e+04 3 inti1210   2.317e-01 3.707e+00  7.598e+04
4.871735e-02   9.142e+04 0 inti1210   9.149e+04 3 inti1210   2.305e-01 3.688e+00  7.639e+04
4.925609e-02   9.230e+04 0 inti1210   9.236e+04 3 inti1210   2.311e-01 3.698e+00  7.696e+04
4.979844e-02   1.403e+05 0 inti1210   1.404e+05 3 inti1210   3.492e-01 5.587e+00  7.868e+04
5.034497e-02   9.510e+04 0 inti1210   9.519e+04 3 inti1210   2.357e-01 3.771e+00  7.876e+04
5.089662e-02   9.333e+04 0 inti1210   9.339e+04 3 inti1210   2.297e-01 3.675e+00  7.788e+04
5.145211e-02   9.344e+04 0 inti1210   9.349e+04 3 inti1210   2.285e-01 3.656e+00  7.779e+04
5.200944e-02   1.469e+05 0 inti1210   1.470e+05 3 inti1210   3.568e-01 5.709e+00  8.111e+04
5.256790e-02   9.437e+04 0 inti1210   9.444e+04 3 inti1210   2.282e-01 3.651e+00  7.855e+04
5.312828e-02   9.487e+04 0 inti1210   9.493e+04 3 inti1210   2.278e-01 3.645e+00  7.931e+04
5.368752e-02   9.545e+04 0 inti1210   9.560e+04 3 inti1210   2.279e-01 3.647e+00  7.950e+04
5.424683e-02   1.462e+05 0 inti1210   1.463e+05 3 inti1210   3.465e-01 5.544e+00  8.282e+04
5.480722e-02   9.634e+04 0 inti1210   9.642e+04 3 inti1210   2.274e-01 3.639e+00  8.034e+04
5.536835e-02   9.668e+04 0 inti1210   9.676e+04 3 inti1210   2.266e-01 3.626e+00  8.084e+04
5.592992e-02   1.008e+05 0 inti1210   1.009e+05 3 inti1210   2.348e-01 3.756e+00  8.461e+04
5.649258e-02   1.385e+05 0 inti1210   1.386e+05 3 inti1210   3.204e-01 5.126e+00  8.418e+04
5.705669e-02   9.818e+04 0 inti1210   9.829e+04 3 inti1210   2.261e-01 3.618e+00  8.192e+04
5.762213e-02   9.865e+04 0 inti1210   9.872e+04 3 inti1210   2.257e-01 3.610e+00  8.253e+04
5.818855e-02   1.006e+05 0 inti1210   1.006e+05 3 inti1210   2.285e-01 3.655e+00  8.409e+04
5.875505e-02   1.556e+05 0 inti1210   1.556e+05 3 inti1210   3.510e-01 5.616e+00  8.714e+04
5.932131e-02   1.014e+05 0 inti1210   1.015e+05 3 inti1210   2.278e-01 3.645e+00  8.490e+04
5.988757e-02   1.035e+05 0 inti1210   1.036e+05 3 inti1210   2.308e-01 3.693e+00  8.620e+04
6.045413e-02   1.035e+05 0 inti1210   1.036e+05 3 inti1210   2.294e-01 3.671e+00  8.658e+04
6.102183e-02   1.632e+05 1 inti1210   1.633e+05 3 inti1210   3.591e-01 5.745e+00  9.092e+04
6.159113e-02   1.057e+05 1 inti1210   1.058e+05 3 inti1210   2.314e-01 3.703e+00  8.888e+04
6.216214e-02   1.046e+05 1 inti1210   1.047e+05 3 inti1210   2.275e-01 3.640e+00  8.790e+04
6.263744e-02   1.073e+05 1 inti1210   1.074e+05 3 inti1210   2.319e-01 3.711e+00  8.999e+04
6.310580e-02   1.584e+05 1 inti1210   1.585e+05 3 inti1210   3.405e-01 5.448e+00  9.032e+04
6.358106e-02   1.070e+05 0 inti1210   1.071e+05 3 inti1210   2.293e-01 3.669e+00  8.992e+04
6.405939e-02   1.063e+05 1 inti1210   1.065e+05 3 inti1210   2.265e-01 3.625e+00  8.941e+04
6.452176e-02   1.083e+05 1 inti1210   1.084e+05 3 inti1210   2.294e-01 3.670e+00  9.109e+04
6.498545e-02   1.605e+05 1 inti1210   1.607e+05 3 inti1210   3.381e-01 5.410e+00  9.312e+04
6.545098e-02   1.085e+05 1 inti1210   1.086e+05 3 inti1210   2.278e-01 3.644e+00  9.148e+04
6.592717e-02   1.114e+05 1 inti1210   1.115e+05 3 inti1210   2.324e-01 3.719e+00  9.418e+04
6.640554e-02   1.101e+05 1 inti1210   1.102e+05 3 inti1210   2.284e-01 3.655e+00  9.285e+04
6.686878e-02   1.609e+05 0 inti1210   1.610e+05 2 inti1210   3.318e-01 5.309e+00  9.246e+04
6.733385e-02   1.104e+05 1 inti1210   1.105e+05 2 inti1210   2.269e-01 3.630e+00  9.303e+04
6.780755e-02   1.082e+05 1 inti1210   1.083e+05 3 inti1210   2.211e-01 3.537e+00  9.103e+04
6.830093e-02   1.120e+05 1 inti1210   1.121e+05 2 inti1210   2.275e-01 3.640e+00  9.430e+04
6.876980e-02   1.647e+05 1 inti1210   1.648e+05 2 inti1210   3.328e-01 5.325e+00  9.446e+04
6.923767e-02   1.110e+05 1 inti1210   1.111e+05 2 inti1210   2.236e-01 3.577e+00  9.341e+04
6.971000e-02   1.100e+05 1 inti1210   1.102e+05 2 inti1210   2.204e-01 3.527e+00  9.270e+04
7.020281e-02   1.122e+05 0 inti1210   1.123e+05 2 inti1210   2.235e-01 3.576e+00  9.437e+04
7.067327e-02   1.738e+05 1 inti1210   1.740e+05 2 inti1210   3.443e-01 5.508e+00  9.618e+04
7.114177e-02   1.130e+05 1 inti1210   1.131e+05 2 inti1210   2.231e-01 3.570e+00  9.513e+04
7.161661e-02   1.121e+05 1 inti1210   1.123e+05 2 inti1210   2.203e-01 3.525e+00  9.440e+04
7.211188e-02   1.145e+05 1 inti1210   1.146e+05 2 inti1210   2.237e-01 3.580e+00  9.659e+04
7.258064e-02   1.724e+05 1 inti1210   1.726e+05 2 inti1210   3.350e-01 5.361e+00  9.794e+04
7.305025e-02   1.139e+05 1 inti1210   1.141e+05 3 inti1210   2.208e-01 3.532e+00  9.582e+04
7.353218e-02   1.150e+05 1 inti1210   1.152e+05 3 inti1210   2.217e-01 3.548e+00  9.696e+04
7.402043e-02   1.155e+05 1 inti1210   1.157e+05 3 inti1210   2.216e-01 3.546e+00  9.736e+04
7.448874e-02   1.712e+05 1 inti1210   1.714e+05 2 inti1210   3.266e-01 5.226e+00  9.989e+04
7.496134e-02   1.151e+05 1 inti1210   1.153e+05 3 inti1210   2.190e-01 3.504e+00  9.681e+04
7.546173e-02   1.156e+05 1 inti1210   1.158e+05 3 inti1210   2.188e-01 3.500e+00  9.750e+04
7.592972e-02   1.182e+05 1 inti1210   1.184e+05 2 inti1210   2.226e-01 3.562e+00  9.971e+04
7.639899e-02   1.757e+05 1 inti1210   1.759e+05 3 inti1210   3.292e-01 5.267e+00  1.002e+05
7.687707e-02   1.164e+05 1 inti1210   1.165e+05 2 inti1210   2.174e-01 3.478e+00  9.788e+04
7.736600e-02   1.170e+05 1 inti1210   1.172e+05 3 inti1210   2.175e-01 3.480e+00  9.863e+04
7.783367e-02   1.194e+05 1 inti1210   1.195e+05 3 inti1210   2.209e-01 3.534e+00  1.004e+05
7.830370e-02   1.865e+05 1 inti1210   1.866e+05 2 inti1210   3.433e-01 5.493e+00  1.030e+05
7.876988e-02   1.187e+05 1 inti1210   1.189e+05 3 inti1210   2.180e-01 3.488e+00  9.979e+04
7.924083e-02   1.215e+05 1 inti1210   1.217e+05 3 inti1210   2.221e-01 3.554e+00  1.027e+05
7.971114e-02   1.206e+05 1 inti1210   1.207e+05 2 inti1210   2.194e-01 3.510e+00  1.013e+05
8.018733e-02   1.894e+05 1 inti1210   1.895e+05 3 inti1210   3.428e-01 5.485e+00  1.054e+05
8.066066e-02   1.218e+05 1 inti1210   1.219e+05 3 inti1210   2.198e-01 3.517e+00  1.027e+05
8.113843e-02   1.227e+05 1 inti1210   1.228e+05 3 inti1210   2.205e-01 3.527e+00  1.038e+05
8.163274e-02   1.228e+05 1 inti1210   1.230e+05 3 inti1210   2.197e-01 3.515e+00  1.035e+05
8.211515e-02   1.833e+05 1 inti1210   1.834e+05 3 inti1210   3.262e-01 5.219e+00  1.064e+05
8.258700e-02   1.242e+05 0 inti1210   1.244e+05 3 inti1210   2.205e-01 3.528e+00  1.045e+05
8.305992e-02   1.238e+05 1 inti1210   1.240e+05 3 inti1210   2.189e-01 3.502e+00  1.046e+05
8.354036e-02   1.253e+05 1 inti1210   1.255e+05 3 inti1210   2.205e-01 3.528e+00  1.058e+05
8.401150e-02   1.925e+05 1 inti1210   1.926e+05 3 inti1210   3.370e-01 5.392e+00  1.089e+05
8.448137e-02   1.264e+05 1 inti1210   1.265e+05 3 inti1210   2.207e-01 3.531e+00  1.065e+05
8.495704e-02   1.267e+05 1 inti1210   1.269e+05 3 inti1210   2.204e-01 3.526e+00  1.071e+05
8.542994e-02   1.289e+05 1 inti1210   1.290e+05 3 inti1210   2.232e-01 3.571e+00  1.081e+05
8.590704e-02   1.950e+05 1 inti1210   1.951e+05 2 inti1210   3.361e-01 5.377e+00  1.113e+05
8.637703e-02   1.277e+05 1 inti1210   1.278e+05 3 inti1210   2.195e-01 3.512e+00  1.079e+05
8.684679e-02   1.273e+05 1 inti1210   1.275e+05 3 inti1210   2.179e-01 3.487e+00  1.078e+05
8.732580e-02   1.261e+05 1 inti1210   1.263e+05 2 inti1210   2.150e-01 3.440e+00  1.075e+05
8.779433e-02   1.889e+05 0 inti1210   1.890e+05 2 inti1210   3.206e-01 5.130e+00  1.101e+05
8.826174e-02   1.275e+05 1 inti1210   1.276e+05 2 inti1210   2.158e-01 3.453e+00  1.087e+05
8.874303e-02   1.273e+05 1 inti1210   1.274e+05 2 inti1210   2.146e-01 3.433e+00  1.087e+05
8.921123e-02   1.280e+05 0 inti1210   1.281e+05 2 inti1210   2.149e-01 3.439e+00  1.092e+05
8.967965e-02   1.883e+05 1 inti1210   1.884e+05 2 inti1210   3.149e-01 5.038e+00  1.109e+05
9.015917e-02   1.326e+05 0 inti1210   1.327e+05 2 inti1210   2.212e-01 3.538e+00  1.136e+05
9.063199e-02   1.288e+05 1 inti1210   1.289e+05 2 inti1210   2.139e-01 3.422e+00  1.099e+05
9.110408e-02   1.294e+05 0 inti1210   1.295e+05 2 inti1210   2.141e-01 3.426e+00  1.104e+05
9.158073e-02   1.865e+05 1 inti1210   1.866e+05 2 inti1210   3.072e-01 4.916e+00  1.112e+05
9.208425e-02   1.294e+05 0 inti1210   1.295e+05 2 inti1210   2.126e-01 3.401e+00  1.102e+05
9.257861e-02   1.297e+05 0 inti1210   1.298e+05 2 inti1210   2.123e-01 3.396e+00  1.107e+05
9.305233e-02   1.298e+05 1 inti1210   1.299e+05 2 inti1210   2.115e-01 3.385e+00  1.107e+05
9.354565e-02   1.972e+05 0 inti1210   1.974e+05 2 inti1210   3.201e-01 5.122e+00  1.138e+05
9.402869e-02   1.299e+05 1 inti1210   1.300e+05 2 inti1210   2.103e-01 3.365e+00  1.106e+05
9.450399e-02   1.304e+05 0 inti1210   1.305e+05 3 inti1210   2.103e-01 3.365e+00  1.113e+05
9.498756e-02   1.308e+05 0 inti1210   1.309e+05 2 inti1210   2.101e-01 3.362e+00  1.115e+05
9.546235e-02   1.958e+05 1 inti1210   1.959e+05 2 inti1210   3.135e-01 5.015e+00  1.137e+05
9.594070e-02   1.322e+05 0 inti1210   1.323e+05 2 inti1210   2.111e-01 3.377e+00  1.127e+05
9.641603e-02   1.317e+05 1 inti1210   1.318e+05 2 inti1210   2.095e-01 3.353e+00  1.124e+05
9.688744e-02   1.332e+05 0 inti1210   1.334e+05 2 inti1210   2.112e-01 3.379e+00  1.138e+05
9.736180e-02   1.984e+05 1 inti1210   1.985e+05 2 inti1210   3.132e-01 5.010e+00  1.148e+05
9.783371e-02   1.330e+05 0 inti1210   1.331e+05 2 inti1210   2.096e-01 3.353e+00  1.133e+05
9.831524e-02   1.333e+05 0 inti1210   1.335e+05 2 inti1210   2.094e-01 3.351e+00  1.138e+05
9.879166e-02   1.351e+05 1 inti1210   1.351e+05 2 inti1210   2.113e-01 3.381e+00  1.150e+05
9.926725e-02   2.024e+05 1 inti1210   2.025e+05 3 inti1210   3.155e-01 5.048e+00  1.184e+05
9.975204e-02   1.349e+05 0 inti1210   1.351e+05 2 inti1210   2.099e-01 3.359e+00  1.150e+05
1.002271e-01   1.368e+05 1 inti1210   1.369e+05 2 inti1210   2.121e-01 3.393e+00  1.164e+05
1.007159e-01   1.385e+05 1 inti1210   1.386e+05 2 inti1210   2.139e-01 3.422e+00  1.178e+05
1.011912e-01   2.121e+05 1 inti1210   2.123e+05 2 inti1210   3.265e-01 5.224e+00  1.208e+05
1.016778e-01   1.397e+05 1 inti1210   1.398e+05 2 inti1210   2.146e-01 3.433e+00  1.191e+05
1.021563e-01   1.400e+05 1 inti1210   1.401e+05 2 inti1210   2.142e-01 3.428e+00  1.195e+05
1.026387e-01   1.397e+05 1 inti1210   1.398e+05 2 inti1210   2.130e-01 3.408e+00  1.190e+05
1.031188e-01   2.136e+05 1 inti1210   2.138e+05 3 inti1210   3.248e-01 5.196e+00  1.229e+05
1.036074e-01   1.402e+05 1 inti1210   1.403e+05 2 inti1210   2.128e-01 3.404e+00  1.196e+05
1.040844e-01   1.431e+05 1 inti1210   1.432e+05 2 inti1210   2.164e-01 3.462e+00  1.225e+05
1.045758e-01   1.419e+05 0 inti1210   1.420e+05 2 inti1210   2.139e-01 3.423e+00  1.209e+05
1.050612e-01   2.177e+05 1 inti1210   2.178e+05 2 inti1210   3.269e-01 5.230e+00  1.233e+05
1.055457e-01   1.418e+05 1 inti1210   1.419e+05 2 inti1210   2.126e-01 3.402e+00  1.205e+05
1.060324e-01   1.431e+05 0 inti1210   1.432e+05 2 inti1210   2.139e-01 3.423e+00  1.224e+05
1.065180e-01   1.439e+05 1 inti1210   1.440e+05 2 inti1210   2.143e-01 3.429e+00  1.225e+05
1.070182e-01   2.195e+05 1 inti1210   2.196e+05 2 inti1210   3.258e-01 5.214e+00  1.257e+05
1.075215e-01   1.445e+05 0 inti1210   1.447e+05 2 inti1210   2.142e-01 3.428e+00  1.235e+05
1.080104e-01   1.438e+05 1 inti1210   1.439e+05 2 inti1210   2.124e-01 3.398e+00  1.229e+05
1.085039e-01   1.445e+05 1 inti1210   1.446e+05 3 inti1210   2.127e-01 3.403e+00  1.230e+05
1.090045e-01   2.211e+05 1 inti1210   2.212e+05 2 inti1210   3.244e-01 5.190e+00  1.268e+05
1.095269e-01   1.450e+05 1 inti1210   1.451e+05 2 inti1210   2.123e-01 3.397e+00  1.237e+05
1.100636e-01   1.458e+05 1 inti1210   1.459e+05 2 inti1210   2.129e-01 3.406e+00  1.246e+05
1.105979e-01   1.472e+05 1 inti1210   1.473e+05 2 inti1210   2.142e-01 3.427e+00  1.254e+05
1.111306e-01   2.172e+05 1 inti1210   2.173e+05 2 inti1210   3.150e-01 5.040e+00  1.289e+05
1.116642e-01   1.480e+05 1 inti1210   1.481e+05 2 inti1210   2.142e-01 3.427e+00  1.265e+05
1.121808e-01   1.464e+05 1 inti1210   1.465e+05 2 inti1210   2.114e-01 3.382e+00  1.257e+05
1.127004e-01   1.469e+05 0 inti1210   1.470e+05 2 inti1210   2.114e-01 3.383e+00  1.259e+05
1.132337e-01   2.204e+05 1 inti1210   2.205e+05 2 inti1210   3.161e-01 5.058e+00  1.289e+05
1.137655e-01   1.479e+05 0 inti1210   1.481e+05 2 inti1210   2.119e-01 3.391e+00  1.270e+05
1.143033e-01   1.477e+05 1 inti1210   1.478e+05 2 inti1210   2.109e-01 3.374e+00  1.269e+05
1.148301e-01   1.478e+05 1 inti1210   1.479e+05 2 inti1210   2.104e-01 3.367e+00  1.270e+05
1.153655e-01   2.216e+05 0 inti1210   2.218e+05 2 inti1210   3.147e-01 5.035e+00  1.289e+05
1.158976e-01   1.481e+05 1 inti1210   1.483e+05 2 inti1210   2.099e-01 3.359e+00  1.272e+05
1.164330e-01   1.477e+05 1 inti1210   1.478e+05 2 inti1210   2.086e-01 3.338e+00  1.269e+05
1.169736e-01   1.497e+05 1 inti1210   1.498e+05 2 inti1210   2.109e-01 3.374e+00  1.285e+05
1.175079e-01   2.210e+05 0 inti1210   2.211e+05 2 inti1210   3.104e-01 4.967e+00  1.300e+05
1.180544e-01   1.488e+05 1 inti1210   1.489e+05 2 inti1210   2.086e-01 3.338e+00  1.278e+05
1.185918e-01   1.492e+05 1 inti1210   1.493e+05 2 inti1210   2.086e-01 3.338e+00  1.283e+05
1.191396e-01   1.495e+05 1 inti1210   1.496e+05 2 inti1210   2.084e-01 3.334e+00  1.283e+05
1.196804e-01   2.213e+05 0 inti1210   2.214e+05 2 inti1210   3.076e-01 4.921e+00  1.309e+05
1.202223e-01   1.533e+05 1 inti1210   1.534e+05 2 inti1210   2.127e-01 3.403e+00  1.320e+05
1.207668e-01   1.538e+05 1 inti1210   1.539e+05 2 inti1210   2.128e-01 3.405e+00  1.324e+05
1.213025e-01   1.516e+05 1 inti1210   1.517e+05 2 inti1210   2.091e-01 3.346e+00  1.304e+05
1.218460e-01   2.254e+05 1 inti1210   2.255e+05 2 inti1210   3.101e-01 4.961e+00  1.319e+05
1.223879e-01   1.530e+05 0 inti1210   1.531e+05 2 inti1210   2.102e-01 3.363e+00  1.317e+05
1.229237e-01   1.527e+05 1 inti1210   1.528e+05 2 inti1210   2.091e-01 3.346e+00  1.316e+05
1.234619e-01   1.532e+05 1 inti1210   1.533e+05 2 inti1210   2.091e-01 3.346e+00  1.318e+05
1.239993e-01   2.322e+05 1 inti1210   2.323e+05 2 inti1210   3.160e-01 5.056e+00  1.344e+05
1.245340e-01   1.540e+05 1 inti1210   1.541e+05 2 inti1210   2.093e-01 3.349e+00  1.327e+05
1.250668e-01   1.538e+05 1 inti1210   1.540e+05 2 inti1210   2.085e-01 3.336e+00  1.326e+05
1.256026e-01   1.547e+05 0 inti1210   1.548e+05 2 inti1210   2.091e-01 3.346e+00  1.332e+05
1.261390e-01   2.338e+05 1 inti1210   2.339e+05 2 inti1210   3.150e-01 5.040e+00  1.359e+05
1.266753e-01   1.553e+05 1 inti1210   1.554e+05 2 inti1210   2.089e-01 3.343e+00  1.338e+05
1.272085e-01   1.565e+05 1 inti1210   1.566e+05 3 inti1210   2.100e-01 3.359e+00  1.351e+05
1.277432e-01   1.567e+05 1 inti1210   1.568e+05 2 inti1210   2.096e-01 3.354e+00  1.351e+05
1.282811e-01   2.398e+05 1 inti1210   2.399e+05 2 inti1210   3.198e-01 5.116e+00  1.383e+05
1.288233e-01   1.576e+05 1 inti1210   1.577e+05 2 inti1210   2.098e-01 3.357e+00  1.359e+05
1.293640e-01   1.574e+05 1 inti1210   1.575e+05 2 inti1210   2.090e-01 3.344e+00  1.358e+05
1.299060e-01   1.588e+05 1 inti1210   1.589e+05 2 inti1210   2.103e-01 3.364e+00  1.370e+05
1.304546e-01   2.437e+05 1 inti1210   2.439e+05 2 inti1210   3.218e-01 5.148e+00  1.395e+05
1.310034e-01   1.594e+05 1 inti1210   1.595e+05 2 inti1210   2.101e-01 3.362e+00  1.375e+05
1.315486e-01   1.609e+05 1 inti1210   1.611e+05 2 inti1210   2.116e-01 3.385e+00  1.389e+05
1.321016e-01   1.604e+05 0 inti1210   1.606e+05 2 inti1210   2.104e-01 3.366e+00  1.384e+05
1.326519e-01   2.435e+05 1 inti1210   2.436e+05 2 inti1210   3.182e-01 5.091e+00  1.429e+05
1.332008e-01   1.609e+05 1 inti1210   1.610e+05 2 inti1210   2.100e-01 3.359e+00  1.389e+05
1.337559e-01   1.610e+05 1 inti1210   1.611e+05 2 inti1210   2.095e-01 3.352e+00  1.392e+05
1.343059e-01   1.628e+05 1 inti1210   1.629e+05 2 inti1210   2.112e-01 3.379e+00  1.406e+05
1.348578e-01   2.417e+05 1 inti1210   2.418e+05 2 inti1210   3.126e-01 5.002e+00  1.438e+05
1.354156e-01   1.630e+05 0 inti1210   1.632e+05 2 inti1210   2.106e-01 3.370e+00  1.407e+05
1.359665e-01   1.635e+05 1 inti1210   1.637e+05 2 inti1210   2.106e-01 3.370e+00  1.414e+05
1.365217e-01   1.639e+05 1 inti1210   1.640e+05 2 inti1210   2.104e-01 3.367e+00  1.415e+05
1.370824e-01   2.442e+05 3 inti1210   2.444e+05 2 inti1210   3.126e-01 5.002e+00  1.448e+05
1.376336e-01   1.653e+05 1 inti1210   1.655e+05 2 inti1210   2.113e-01 3.381e+00  1.428e+05
1.381970e-01   1.650e+05 1 inti1210   1.651e+05 2 inti1210   2.103e-01 3.364e+00  1.427e+05
1.387536e-01   1.670e+05 1 inti1210   1.672e+05 2 inti1210   2.122e-01 3.395e+00  1.445e+05
1.393172e-01   2.621e+05 1 inti1210   2.622e+05 2 inti1210   3.320e-01 5.312e+00  1.467e+05
1.398798e-01   1.671e+05 1 inti1210   1.672e+05 2 inti1210   2.113e-01 3.381e+00  1.442e+05
1.404419e-01   1.649e+05 1 inti1210   1.650e+05 2 inti1210   2.079e-01 3.327e+00  1.425e+05
1.410082e-01   1.654e+05 0 inti1210   1.656e+05 2 inti1210   2.080e-01 3.328e+00  1.426e+05
1.415715e-01   2.509e+05 0 inti1210   2.510e+05 2 inti1210   3.145e-01 5.032e+00  1.471e+05
1.421404e-01   1.671e+05 0 inti1210   1.673e+05 2 inti1210   2.091e-01 3.346e+00  1.441e+05
1.427027e-01   1.681e+05 0 inti1210   1.683e+05 2 inti1210   2.098e-01 3.357e+00  1.453e+05
1.432741e-01   1.682e+05 1 inti1210   1.684e+05 2 inti1210   2.093e-01 3.348e+00  1.448e+05
1.438357e-01   2.531e+05 0 inti1210   2.532e+05 2 inti1210   3.138e-01 5.020e+00  1.479e+05
1.444088e-01   1.686e+05 0 inti1210   1.687e+05 2 inti1210   2.086e-01 3.338e+00  1.457e+05
1.449714e-01   1.695e+05 0 inti1210   1.697e+05 2 inti1210   2.092e-01 3.347e+00  1.467e+05
1.455443e-01   1.703e+05 0 inti1210   1.704e+05 2 inti1210   2.095e-01 3.352e+00  1.471e+05
1.461131e-01   2.587e+05 0 inti1210   2.588e+05 2 inti1210   3.171e-01 5.074e+00  1.504e+05
1.466847e-01   1.705e+05 0 inti1210   1.706e+05 2 inti1210   2.087e-01 3.339e+00  1.474e+05
1.472593e-01   1.711e+05 1 inti1210   1.713e+05 2 inti1210   2.088e-01 3.341e+00  1.481e+05
1.478286e-01   1.762e+05 1 inti1210   1.764e+05 2 inti1210   2.144e-01 3.430e+00  1.529e+05
1.484070e-01   2.558e+05 1 inti1210   2.560e+05 2 inti1210   3.101e-01 4.962e+00  1.518e+05
1.489733e-01   1.733e+05 0 inti1210   1.735e+05 2 inti1210   2.098e-01 3.357e+00  1.499e+05
1.495558e-01   1.734e+05 1 inti1210   1.735e+05 2 inti1210   2.092e-01 3.347e+00  1.502e+05
1.501199e-01   1.746e+05 0 inti1210   1.747e+05 2 inti1210   2.099e-01 3.359e+00  1.510e+05
1.506987e-01   2.594e+05 1 inti1210   2.595e+05 2 inti1210   3.109e-01 4.974e+00  1.553e+05
1.512670e-01   1.790e+05 1 inti1210   1.791e+05 2 inti1210   2.141e-01 3.425e+00  1.533e+05
1.518405e-01   1.793e+05 1 inti1210   1.795e+05 2 inti1210   2.138e-01 3.421e+00  1.552e+05
1.524123e-01   1.800e+05 0 inti1210   1.802e+05 2 inti1210   2.141e-01 3.425e+00  1.557e+05
1.529828e-01   2.768e+05 1 inti1210   2.770e+05 2 inti1210   3.280e-01 5.247e+00  1.592e+05
1.535529e-01   1.797e+05 1 inti1210   1.798e+05 2 inti1210   2.125e-01 3.399e+00  1.556e+05
1.541234e-01   1.805e+05 1 inti1210   1.807e+05 2 inti1210   2.127e-01 3.403e+00  1.564e+05
1.546882e-01   1.819e+05 1 inti1210   1.821e+05 2 inti1210   2.137e-01 3.418e+00  1.574e+05
1.552622e-01   2.756e+05 1 inti1210   2.758e+05 2 inti1210   3.226e-01 5.162e+00  1.607e+05
1.558231e-01   1.824e+05 1 inti1210   1.825e+05 2 inti1210   2.130e-01 3.409e+00  1.580e+05
1.563977e-01   1.832e+05 1 inti1210   1.834e+05 2 inti1210   2.133e-01 3.413e+00  1.592e+05
1.569609e-01   1.848e+05 0 inti1210   1.850e+05 2 inti1210   2.145e-01 3.432e+00  1.605e+05
1.575390e-01   2.708e+05 1 inti1210   2.710e+05 2 inti1210   3.131e-01 5.010e+00  1.612e+05
1.581046e-01   1.840e+05 1 inti1210   1.841e+05 2 inti1210   2.123e-01 3.397e+00  1.596e+05
1.586829e-01   1.839e+05 1 inti1210   1.841e+05 2 inti1210   2.114e-01 3.383e+00  1.598e+05
1.592504e-01   1.847e+05 1 inti1210   1.848e+05 2 inti1210   2.115e-01 3.385e+00  1.604e+05
1.598285e-01   2.683e+05 1 inti1210   2.684e+05 2 inti1210   3.060e-01 4.897e+00  1.626e+05
1.603977e-01   1.829e+05 1 inti1210   1.830e+05 2 inti1210   2.083e-01 3.333e+00  1.586e+05
1.609724e-01   1.840e+05 0 inti1210   1.841e+05 2 inti1210   2.088e-01 3.340e+00  1.598e+05
1.615447e-01   1.853e+05 0 inti1210   1.854e+05 2 inti1210   2.095e-01 3.351e+00  1.607e+05
1.621158e-01   2.693e+05 0 inti1210   2.695e+05 2 inti1210   3.035e-01 4.856e+00  1.629e+05
1.626901e-01   1.857e+05 0 inti1210   1.858e+05 2 inti1210   2.088e-01 3.341e+00  1.612e+05
1.632558e-01   1.860e+05 0 inti1210   1.861e+05 2 inti1210   2.084e-01 3.335e+00  1.616e+05
1.638309e-01   1.870e+05 1 inti1210   1.871e+05 2 inti1210   2.088e-01 3.341e+00  1.624e+05
1.643971e-01   2.827e+05 0 inti1210   2.829e+05 2 inti1210   3.147e-01 5.035e+00  1.655e+05
1.649715e-01   1.884e+05 0 inti1210   1.886e+05 2 inti1210   2.094e-01 3.350e+00  1.637e+05
1.655403e-01   1.879e+05 0 inti1210   1.880e+05 2 inti1210   2.080e-01 3.329e+00  1.635e+05
1.661174e-01   1.889e+05 0 inti1210   1.891e+05 2 inti1210   2.085e-01 3.336e+00  1.641e+05
1.666899e-01   2.766e+05 0 inti1210   2.767e+05 2 inti1210   3.042e-01 4.868e+00  1.664e+05
1.672648e-01   1.892e+05 0 inti1210   1.894e+05 2 inti1210   2.078e-01 3.324e+00  1.643e+05
1.678410e-01   1.893e+05 0 inti1210   1.895e+05 2 inti1210   2.073e-01 3.316e+00  1.647e+05
1.684131e-01   1.907e+05 0 inti1210   1.908e+05 2 inti1210   2.080e-01 3.329e+00  1.657e+05
1.689923e-01   2.880e+05 0 inti1210   2.882e+05 2 inti1210   3.133e-01 5.013e+00  1.692e+05
1.695772e-01   1.920e+05 0 inti1210   1.922e+05 2 inti1210   2.086e-01 3.338e+00  1.669e+05
1.701503e-01   1.919e+05 1 inti1210   1.920e+05 2 inti1210   2.078e-01 3.324e+00  1.670e+05
1.707329e-01   1.926e+05 1 inti1210   1.927e+05 2 inti1210   2.080e-01 3.328e+00  1.675e+05
1.713258e-01   2.910e+05 0 inti1210   2.911e+05 2 inti1210   3.134e-01 5.015e+00  1.695e+05
1.718970e-01   1.928e+05 1 inti1210   1.929e+05 2 inti1210   2.073e-01 3.317e+00  1.677e+05
1.724750e-01   1.931e+05 0 inti1210   1.932e+05 2 inti1210   2.071e-01 3.314e+00  1.681e+05
1.730634e-01   1.938e+05 0 inti1210   1.940e+05 2 inti1210   2.074e-01 3.318e+00  1.684e+05
1.736521e-01   2.861e+05 3 inti1210   2.872e+05 2 inti1210   3.063e-01 4.901e+00  1.727e+05
1.742277e-01   1.973e+05 0 inti1210   1.974e+05 2 inti1210   2.101e-01 3.362e+00  1.719e+05
1.748114e-01   1.970e+05 1 inti1210   1.971e+05 2 inti1210   2.093e-01 3.348e+00  1.712e+05
1.754061e-01   1.977e+05 0 inti1210   1.978e+05 2 inti1210   2.095e-01 3.352e+00  1.722e+05
1.759855e-01   2.944e+05 0 inti1210   2.946e+05 2 inti1210   3.112e-01 4.979e+00  1.759e+05
1.765657e-01   1.992e+05 0 inti1210   1.994e+05 2 inti1210   2.102e-01 3.364e+00  1.737e+05
1.771530e-01   2.007e+05 0 inti1210   2.008e+05 2 inti1210   2.113e-01 3.380e+00  1.754e+05
1.777528e-01   2.015e+05 0 inti1210   2.017e+05 2 inti1210   2.116e-01 3.386e+00  1.757e+05
1.783278e-01   2.950e+05 0 inti1210   2.952e+05 2 inti1210   3.091e-01 4.946e+00  1.781e+05
1.789111e-01   2.024e+05 0 inti1210   2.026e+05 2 inti1210   2.118e-01 3.389e+00  1.766e+05
1.795028e-01   2.029e+05 1 inti1210   2.030e+05 2 inti1210   2.118e-01 3.389e+00  1.772e+05
1.800864e-01   2.068e+05 0 inti1210   2.070e+05 2 inti1210   2.155e-01 3.448e+00  1.806e+05
1.806611e-01   3.034e+05 1 inti1210   3.035e+05 2 inti1210   3.153e-01 5.046e+00  1.818e+05
1.812453e-01   2.057e+05 1 inti1210   2.059e+05 2 inti1210   2.136e-01 3.418e+00  1.796e+05
1.818106e-01   2.049e+05 1 inti1210   2.051e+05 2 inti1210   2.124e-01 3.398e+00  1.793e+05
1.823848e-01   2.078e+05 1 inti1210   2.079e+05 2 inti1210   2.149e-01 3.438e+00  1.818e+05
1.829573e-01   3.024e+05 1 inti1210   3.026e+05 2 inti1210   3.121e-01 4.994e+00  1.845e+05
1.835251e-01   2.078e+05 1 inti1210   2.080e+05 2 inti1210   2.143e-01 3.429e+00  1.818e+05
1.841052e-01   2.109e+05 1 inti1210   2.110e+05 2 inti1210   2.171e-01 3.473e+00  1.850e+05
1.846741e-01   2.092e+05 1 inti1210   2.093e+05 2 inti1210   2.150e-01 3.440e+00  1.830e+05
1.852615e-01   5.128e+05 0 inti1210   5.130e+05 2 inti1210   5.261e-01 8.418e+00  1.846e+05
1.858294e-01   2.056e+05 0 inti1210   2.058e+05 2 inti1210   2.108e-01 3.374e+00  1.791e+05
1.864094e-01   2.065e+05 0 inti1210   2.066e+05 2 inti1210   2.113e-01 3.381e+00  1.799e+05
1.869909e-01   2.066e+05 0 inti1210   2.068e+05 2 inti1210   2.112e-01 3.379e+00  1.801e+05
1.875652e-01   3.063e+05 0 inti1210   3.064e+05 2 inti1210   3.126e-01 5.002e+00  1.847e+05
1.881545e-01   2.071e+05 0 inti1210   2.073e+05 2 inti1210   2.112e-01 3.379e+00  1.804e+05
1.887315e-01   2.069e+05 0 inti1210   2.070e+05 2 inti1210   2.106e-01 3.370e+00  1.803e+05
1.893148e-01   2.116e+05 0 inti1210   2.117e+05 2 inti1210   2.151e-01 3.442e+00  1.848e+05
1.899084e-01   2.904e+05 0 inti1210   2.905e+05 2 inti1210   2.949e-01 4.718e+00  1.817e+05
1.904872e-01   2.068e+05 0 inti1210   2.070e+05 2 inti1210   2.098e-01 3.358e+00  1.802e+05
1.910738e-01   2.071e+05 0 inti1210   2.072e+05 2 inti1210   2.099e-01 3.358e+00  1.805e+05
1.916725e-01   2.073e+05 0 inti1210   2.075e+05 2 inti1210   2.099e-01 3.358e+00  1.808e+05
1.922529e-01   2.739e+05 0 inti1210   2.740e+05 2 inti1210   2.768e-01 4.428e+00  1.835e+05
1.928424e-01   2.122e+05 0 inti1210   2.123e+05 2 inti1210   2.142e-01 3.427e+00  1.859e+05
1.934414e-01   2.073e+05 0 inti1210   2.075e+05 2 inti1210   2.091e-01 3.345e+00  1.808e+05
1.940234e-01   2.088e+05 0 inti1210   2.090e+05 2 inti1210   2.103e-01 3.366e+00  1.819e+05
1.946188e-01   2.948e+05 3 inti1210   2.950e+05 2 inti1210   2.965e-01 4.744e+00  1.835e+05
1.952192e-01   2.076e+05 0 inti1210   2.077e+05 2 inti1210   2.086e-01 3.338e+00  1.810e+05
1.958050e-01   2.071e+05 0 inti1210   2.072e+05 2 inti1210   2.079e-01 3.327e+00  1.809e+05
1.964018e-01   2.078e+05 0 inti1210   2.079e+05 2 inti1210   2.084e-01 3.334e+00  1.811e+05
1.970063e-01   2.952e+05 0 inti1210   2.953e+05 2 inti1210   2.958e-01 4.732e+00  1.832e+05
1.975948e-01   2.073e+05 0 inti1210   2.074e+05 2 inti1210   2.076e-01 3.321e+00  1.810e+05
1.981941e-01   2.068e+05 0 inti1210   2.069e+05 2 inti1210   2.069e-01 3.310e+00  1.804e+05
1.988017e-01   2.072e+05 0 inti1210   2.073e+05 2 inti1210   2.071e-01 3.313e+00  1.807e+05
1.993994e-01   2.979e+05 0 inti1210   2.981e+05 2 inti1210   2.975e-01 4.759e+00  1.826e+05
1.999968e-01   2.069e+05 0 inti1210   2.070e+05 2 inti1210   2.065e-01 3.304e+00  1.806e+05
