#   1 : Date        
# Date        
0.000000e+00
1.807392e-05
2.865299e-05
3.680825e-05
4.331462e-05
4.906367e-05
5.538763e-05
6.204872e-05
6.795979e-05
7.446196e-05
8.161436e-05
8.947053e-05
9.702468e-05
1.053342e-04
1.143002e-04
1.241628e-04
1.337027e-04
1.436480e-04
1.545879e-04
1.657374e-04
1.769297e-04
1.886124e-04
2.010176e-04
2.132284e-04
2.257171e-04
2.388127e-04
2.521957e-04
2.655017e-04
2.797183e-04
2.939297e-04
3.084532e-04
3.235230e-04
3.388720e-04
3.545256e-04
3.707045e-04
3.871136e-04
4.039712e-04
4.213429e-04
4.389057e-04
4.566041e-04
4.748726e-04
4.934284e-04
5.123968e-04
5.317204e-04
5.513472e-04
5.713195e-04
5.916317e-04
6.121877e-04
6.330631e-04
6.541431e-04
6.756129e-04
6.973298e-04
7.193540e-04
7.416524e-04
7.642145e-04
7.870888e-04
8.102207e-04
8.336410e-04
8.572999e-04
8.811975e-04
9.052984e-04
9.296850e-04
9.542344e-04
9.790738e-04
1.004107e-03
1.029433e-03
1.054937e-03
1.080786e-03
1.106828e-03
1.133123e-03
1.159624e-03
1.186464e-03
1.213485e-03
1.240660e-03
1.267814e-03
1.295174e-03
1.322930e-03
1.351116e-03
1.379486e-03
1.407056e-03
1.433920e-03
1.459873e-03
1.485136e-03
1.509913e-03
1.534239e-03
1.558421e-03
1.582302e-03
1.606134e-03
1.629782e-03
1.653435e-03
1.677003e-03
1.700570e-03
1.724071e-03
1.747587e-03
1.770892e-03
1.794256e-03
1.817468e-03
1.840790e-03
1.864056e-03
1.887413e-03
1.910636e-03
1.933875e-03
1.956887e-03
1.980049e-03
2.003007e-03
2.026206e-03
2.049416e-03
2.072626e-03
2.095711e-03
2.118934e-03
2.142197e-03
2.165502e-03
2.188927e-03
2.212490e-03
2.236044e-03
2.259853e-03
2.283757e-03
2.307677e-03
2.331423e-03
2.355171e-03
2.378803e-03
2.402415e-03
2.425970e-03
2.449482e-03
2.472991e-03
2.496435e-03
2.519927e-03
2.543338e-03
2.566831e-03
2.590234e-03
2.613703e-03
2.637124e-03
2.660593e-03
2.684051e-03
2.707543e-03
2.731055e-03
2.754588e-03
2.778170e-03
2.801762e-03
2.825427e-03
2.849091e-03
2.872853e-03
2.896603e-03
2.920445e-03
2.944293e-03
2.968225e-03
2.992180e-03
3.016211e-03
3.040286e-03
3.064424e-03
3.088627e-03
3.112882e-03
3.137223e-03
3.161603e-03
3.186093e-03
3.210607e-03
3.235235e-03
3.259889e-03
3.284648e-03
3.309448e-03
3.334341e-03
3.359295e-03
3.384327e-03
3.409441e-03
3.434619e-03
3.459903e-03
3.485233e-03
3.510686e-03
3.536174e-03
3.561771e-03
3.587429e-03
3.613179e-03
3.639015e-03
3.664924e-03
3.690949e-03
3.717024e-03
3.743232e-03
3.769481e-03
3.795848e-03
3.822283e-03
3.848815e-03
3.875446e-03
3.902154e-03
3.928993e-03
3.955885e-03
3.982898e-03
4.009984e-03
4.037169e-03
4.064440e-03
4.091789e-03
4.119230e-03
4.146694e-03
4.174340e-03
4.202116e-03
4.230145e-03
4.258343e-03
4.286823e-03
4.315476e-03
4.344418e-03
4.373512e-03
4.402908e-03
4.432393e-03
4.462047e-03
4.491918e-03
4.521776e-03
4.551816e-03
4.581930e-03
4.612151e-03
4.642496e-03
4.672959e-03
4.703534e-03
4.734224e-03
4.765006e-03
4.795913e-03
4.826943e-03
4.858105e-03
4.889407e-03
4.920802e-03
4.952165e-03
4.983526e-03
5.014846e-03
5.046151e-03
5.077466e-03
5.108818e-03
5.140219e-03
5.171692e-03
5.203191e-03
5.234744e-03
5.266356e-03
5.298049e-03
5.329823e-03
5.361698e-03
5.393662e-03
5.425700e-03
5.457787e-03
5.489975e-03
5.522192e-03
5.554447e-03
5.586721e-03
5.619061e-03
5.651450e-03
5.683930e-03
5.716486e-03
5.749088e-03
5.781703e-03
5.814366e-03
5.847080e-03
5.879878e-03
5.912760e-03
5.945716e-03
5.978685e-03
6.011706e-03
6.044786e-03
6.077961e-03
6.111238e-03
6.144578e-03
6.177949e-03
6.211388e-03
6.244908e-03
6.278544e-03
6.312282e-03
6.346056e-03
6.379886e-03
6.413810e-03
6.447843e-03
6.482006e-03
6.516196e-03
6.550458e-03
6.584814e-03
6.619309e-03
6.653912e-03
6.688578e-03
6.723345e-03
6.758273e-03
6.793390e-03
6.828594e-03
6.863934e-03
6.899487e-03
6.935143e-03
6.970866e-03
7.006662e-03
7.042539e-03
7.078500e-03
7.114553e-03
7.150675e-03
7.186866e-03
7.223131e-03
7.259477e-03
7.295907e-03
7.332425e-03
7.369004e-03
7.405652e-03
7.442371e-03
7.479172e-03
7.516056e-03
7.553020e-03
7.590045e-03
7.627143e-03
7.664317e-03
7.701581e-03
7.738939e-03
7.776374e-03
7.813887e-03
7.851495e-03
7.889208e-03
7.927022e-03
7.964923e-03
8.002933e-03
8.041064e-03
8.079317e-03
8.117669e-03
8.156145e-03
8.194758e-03
8.233501e-03
8.272357e-03
8.311351e-03
8.350500e-03
8.389776e-03
8.429178e-03
8.468735e-03
8.508456e-03
8.548294e-03
8.588232e-03
8.628214e-03
8.668295e-03
8.708469e-03
8.748752e-03
8.789129e-03
8.829470e-03
8.869926e-03
8.910406e-03
8.950952e-03
8.991535e-03
9.032277e-03
9.073046e-03
9.113886e-03
9.154731e-03
9.195581e-03
9.236418e-03
9.277311e-03
9.318158e-03
9.359028e-03
9.399875e-03
9.440836e-03
9.481774e-03
9.522706e-03
9.563632e-03
9.604635e-03
9.645591e-03
9.686565e-03
9.727532e-03
9.768652e-03
9.809756e-03
9.850869e-03
9.892000e-03
9.933227e-03
9.974453e-03
1.001571e-02
1.005699e-02
1.009842e-02
1.013986e-02
1.018134e-02
1.022288e-02
1.026455e-02
1.030623e-02
1.034802e-02
1.038996e-02
1.043191e-02
1.047390e-02
1.051596e-02
1.055811e-02
1.060036e-02
1.064274e-02
1.068525e-02
1.072784e-02
1.077046e-02
1.081313e-02
1.085591e-02
1.089880e-02
1.094182e-02
1.098493e-02
1.102816e-02
1.107145e-02
1.111480e-02
1.115825e-02
1.120185e-02
1.124556e-02
1.128935e-02
1.133324e-02
1.137724e-02
1.142137e-02
1.146562e-02
1.150999e-02
1.155447e-02
1.159906e-02
1.164370e-02
1.168844e-02
1.173327e-02
1.177823e-02
1.180621e-02
1.183423e-02
1.186231e-02
1.189042e-02
1.191881e-02
1.194733e-02
1.197637e-02
1.200572e-02
1.203575e-02
1.206625e-02
1.209757e-02
1.212948e-02
1.216234e-02
1.219610e-02
1.223102e-02
1.226703e-02
1.230443e-02
1.234312e-02
1.238326e-02
1.242472e-02
1.246770e-02
1.251208e-02
1.254139e-02
1.257071e-02
1.260009e-02
1.262952e-02
1.265908e-02
1.268876e-02
1.271866e-02
1.274876e-02
1.277918e-02
1.280989e-02
1.284103e-02
1.287257e-02
1.290468e-02
1.293731e-02
1.297064e-02
1.300464e-02
1.303952e-02
1.307524e-02
1.310490e-02
1.313454e-02
1.316425e-02
1.319405e-02
1.322410e-02
1.325443e-02
1.328518e-02
1.331639e-02
1.334817e-02
1.338060e-02
1.341376e-02
1.344773e-02
1.348263e-02
1.351852e-02
1.355558e-02
1.359353e-02
1.362302e-02
1.365265e-02
1.368256e-02
1.371274e-02
1.374333e-02
1.377437e-02
1.380594e-02
1.383809e-02
1.387090e-02
1.390443e-02
1.393873e-02
1.397389e-02
1.400993e-02
1.404698e-02
1.408504e-02
1.412429e-02
1.416473e-02
1.420666e-02
1.423799e-02
1.426964e-02
1.430174e-02
1.433435e-02
1.436758e-02
1.440153e-02
1.443626e-02
1.447191e-02
1.450851e-02
1.454623e-02
1.458508e-02
1.462529e-02
1.466680e-02
1.470994e-02
1.474303e-02
1.477626e-02
1.480962e-02
1.484313e-02
1.487677e-02
1.491056e-02
1.494448e-02
1.497855e-02
1.501275e-02
1.504709e-02
1.508158e-02
1.511621e-02
1.515098e-02
1.518591e-02
1.522100e-02
1.525626e-02
1.529170e-02
1.532733e-02
1.536316e-02
1.539921e-02
1.543549e-02
1.547204e-02
1.550888e-02
1.554604e-02
1.558356e-02
1.562151e-02
1.565993e-02
1.569893e-02
1.573855e-02
1.577889e-02
1.581993e-02
1.586054e-02
1.590178e-02
1.594381e-02
1.598686e-02
1.603120e-02
1.606107e-02
1.609291e-02
1.612301e-02
1.615499e-02
1.618532e-02
1.621746e-02
1.624804e-02
1.628033e-02
1.631116e-02
1.634345e-02
1.637456e-02
1.640690e-02
1.643832e-02
1.647078e-02
1.650255e-02
1.652998e-02
1.655799e-02
1.658647e-02
1.661779e-02
1.665205e-02
1.668524e-02
1.672030e-02
1.675429e-02
1.679046e-02
1.682551e-02
1.686179e-02
1.689224e-02
1.692278e-02
1.695341e-02
1.698415e-02
1.701499e-02
1.704596e-02
1.707706e-02
1.710830e-02
1.713969e-02
1.717123e-02
1.720294e-02
1.723482e-02
1.726412e-02
1.729635e-02
1.732586e-02
1.735833e-02
1.738808e-02
1.742009e-02
1.745010e-02
1.748174e-02
1.751200e-02
1.754359e-02
1.757345e-02
1.760334e-02
1.763327e-02
1.766326e-02
1.769333e-02
1.772352e-02
1.775384e-02
1.778430e-02
1.781491e-02
1.784569e-02
1.787663e-02
1.790774e-02
1.793905e-02
1.796937e-02
1.799982e-02
1.803045e-02
1.806134e-02
1.809044e-02
1.811956e-02
1.814869e-02
1.817784e-02
1.820702e-02
1.823623e-02
1.826553e-02
1.829494e-02
1.832450e-02
1.835332e-02
1.838220e-02
1.841118e-02
1.844035e-02
1.846979e-02
1.849837e-02
1.852703e-02
1.855585e-02
1.858488e-02
1.861325e-02
1.864168e-02
1.867022e-02
1.869887e-02
1.872706e-02
1.875531e-02
1.878363e-02
1.881210e-02
1.884084e-02
1.886892e-02
1.889707e-02
1.892535e-02
1.895389e-02
1.898184e-02
1.900984e-02
1.903797e-02
1.906631e-02
1.909416e-02
1.912203e-02
1.915000e-02
1.917817e-02
1.920591e-02
1.923367e-02
1.926149e-02
1.928946e-02
1.931768e-02
1.934533e-02
1.937301e-02
1.940079e-02
1.942875e-02
1.945703e-02
1.948462e-02
1.951224e-02
1.953998e-02
1.956793e-02
1.959549e-02
1.962304e-02
1.965062e-02
1.967831e-02
1.970619e-02
1.973440e-02
1.976197e-02
1.978956e-02
1.981722e-02
1.984343e-02
1.987146e-02
1.989755e-02
1.992522e-02
1.995170e-02
1.997945e-02
2.000589e-02
2.003383e-02
2.006035e-02
2.008796e-02
2.011284e-02
2.013907e-02
2.016394e-02
2.019110e-02
2.021589e-02
2.024091e-02
2.026561e-02
2.029051e-02
2.031512e-02
2.033990e-02
2.036717e-02
2.039514e-02
2.042310e-02
2.045119e-02
2.047826e-02
2.050660e-02
2.053424e-02
2.056262e-02
2.059108e-02
2.061965e-02
2.064710e-02
2.067573e-02
2.070352e-02
2.073216e-02
2.076080e-02
2.078947e-02
2.081419e-02
2.084071e-02
2.086550e-02
2.089277e-02
2.091756e-02
2.094259e-02
2.096737e-02
2.099237e-02
2.101712e-02
2.104207e-02
2.106952e-02
2.109852e-02
2.112759e-02
2.115674e-02
2.118573e-02
2.121521e-02
2.124489e-02
2.127483e-02
2.130502e-02
2.133425e-02
2.136350e-02
2.139279e-02
2.142211e-02
2.145148e-02
2.148091e-02
2.151042e-02
2.154005e-02
2.156985e-02
2.159985e-02
2.163009e-02
2.166057e-02
2.169002e-02
2.171950e-02
2.174900e-02
2.177423e-02
2.180091e-02
2.182625e-02
2.185395e-02
2.187933e-02
2.190726e-02
2.193267e-02
2.196062e-02
2.198604e-02
2.201400e-02
2.203944e-02
2.206513e-02
2.209058e-02
2.211627e-02
2.214173e-02
2.216740e-02
2.219285e-02
2.221852e-02
2.224676e-02
2.227681e-02
2.230712e-02
2.233651e-02
2.236591e-02
2.239533e-02
2.242480e-02
2.245432e-02
2.248394e-02
2.251366e-02
2.254353e-02
2.257361e-02
2.260395e-02
2.263337e-02
2.266282e-02
2.269229e-02
2.272180e-02
2.275136e-02
2.278101e-02
2.281073e-02
2.284059e-02
2.287062e-02
2.290082e-02
2.293123e-02
2.296071e-02
2.299021e-02
2.301976e-02
2.304934e-02
2.307899e-02
2.310871e-02
2.313852e-02
2.316843e-02
2.319850e-02
2.322878e-02
2.325441e-02
2.328091e-02
2.330652e-02
2.333235e-02
2.335792e-02
2.338368e-02
2.340917e-02
2.343484e-02
2.346025e-02
2.348583e-02
2.351114e-02
2.353663e-02
2.356466e-02
2.359509e-02
2.362368e-02
2.365304e-02
2.368258e-02
2.371222e-02
2.374189e-02
2.377160e-02
2.379989e-02
2.382914e-02
2.385852e-02
2.388812e-02
2.391335e-02
2.393934e-02
2.396458e-02
2.399007e-02
2.401530e-02
2.404076e-02
2.406596e-02
2.409138e-02
2.411656e-02
2.414195e-02
2.416711e-02
2.419249e-02
2.421764e-02
2.424300e-02
2.427091e-02
2.430058e-02
2.433032e-02
2.436061e-02
2.438989e-02
2.441911e-02
2.444826e-02
2.447734e-02
2.450637e-02
2.453536e-02
2.456434e-02
2.459338e-02
2.461885e-02
2.464687e-02
2.467240e-02
2.470050e-02
2.472894e-02
2.475733e-02
2.478568e-02
2.481401e-02
2.484238e-02
2.487083e-02
2.489942e-02
2.492822e-02
2.495726e-02
2.498535e-02
2.501343e-02
2.504151e-02
2.506962e-02
2.509777e-02
2.512602e-02
2.515438e-02
2.518293e-02
2.521171e-02
2.524077e-02
2.526886e-02
2.529698e-02
2.532513e-02
2.535334e-02
2.538161e-02
2.540997e-02
2.543843e-02
2.546703e-02
2.549582e-02
2.552484e-02
2.555413e-02
2.558370e-02
2.561210e-02
2.564057e-02
2.566909e-02
2.569768e-02
2.572635e-02
2.575511e-02
2.578396e-02
2.581012e-02
2.583888e-02
2.586504e-02
2.589382e-02
2.592000e-02
2.594880e-02
2.597499e-02
2.600381e-02
2.603003e-02
2.605887e-02
2.608510e-02
2.611396e-02
2.614022e-02
2.616910e-02
2.619536e-02
2.622426e-02
2.625054e-02
2.627945e-02
2.630574e-02
2.633228e-02
2.635858e-02
2.638511e-02
2.641140e-02
2.643792e-02
2.646421e-02
2.649071e-02
2.651698e-02
2.654347e-02
2.656973e-02
2.659861e-02
2.662859e-02
2.665864e-02
2.668880e-02
2.671910e-02
2.674957e-02
2.678022e-02
2.681105e-02
2.684206e-02
2.687325e-02
2.690462e-02
2.693618e-02
2.696793e-02
2.699987e-02
2.703201e-02
2.706437e-02
2.709500e-02
2.712567e-02
2.715638e-02
2.718713e-02
2.721790e-02
2.724871e-02
2.727954e-02
2.731041e-02
2.734131e-02
2.737227e-02
2.740333e-02
2.743450e-02
2.746577e-02
2.749715e-02
2.752863e-02
2.756020e-02
2.759186e-02
2.762361e-02
2.765543e-02
2.768731e-02
2.771925e-02
2.775111e-02
2.778312e-02
2.780964e-02
2.783675e-02
2.786335e-02
2.789155e-02
2.791819e-02
2.794508e-02
2.797174e-02
2.799865e-02
2.802532e-02
2.805222e-02
2.807889e-02
2.810578e-02
2.813244e-02
2.815932e-02
2.818597e-02
2.821283e-02
2.823947e-02
2.826632e-02
2.829295e-02
2.832225e-02
2.835349e-02
2.838472e-02
2.841593e-02
2.844716e-02
2.847838e-02
2.850957e-02
2.853970e-02
2.857083e-02
2.860193e-02
2.863290e-02
2.866394e-02
2.869496e-02
2.872379e-02
2.875373e-02
2.878468e-02
2.881561e-02
2.884364e-02
2.887232e-02
2.890164e-02
2.893157e-02
2.896165e-02
2.899249e-02
2.902213e-02
2.905294e-02
2.908213e-02
2.911257e-02
2.914132e-02
2.917112e-02
2.919947e-02
2.922870e-02
2.925668e-02
2.928541e-02
2.931308e-02
2.934136e-02
2.936874e-02
2.939664e-02
2.942377e-02
2.945134e-02
2.947825e-02
2.950537e-02
2.953291e-02
2.956093e-02
2.958946e-02
2.961853e-02
2.964691e-02
2.967633e-02
2.970443e-02
2.973342e-02
2.976124e-02
2.978982e-02
2.981738e-02
2.984559e-02
2.987289e-02
2.990050e-02
2.992760e-02
2.995495e-02
2.998186e-02
3.000898e-02
3.003570e-02
3.006265e-02
3.009001e-02
3.011782e-02
3.014612e-02
3.017497e-02
3.020326e-02
3.023258e-02
3.026064e-02
3.028961e-02
3.031743e-02
3.034573e-02
3.037336e-02
3.040140e-02
3.042883e-02
3.045662e-02
3.048386e-02
3.051141e-02
3.053847e-02
3.056579e-02
3.059269e-02
3.061981e-02
3.064656e-02
3.067351e-02
3.070013e-02
3.072695e-02
3.075346e-02
3.078262e-02
3.081009e-02
3.083858e-02
3.086624e-02
3.089470e-02
3.092232e-02
3.095036e-02
3.097791e-02
3.100582e-02
3.103326e-02
3.106102e-02
3.108833e-02
3.111592e-02
3.114311e-02
3.117055e-02
3.119762e-02
3.122493e-02
3.125189e-02
3.127908e-02
3.130595e-02
3.133305e-02
3.136286e-02
3.139453e-02
3.142602e-02
3.145734e-02
3.148633e-02
3.151594e-02
3.154504e-02
3.157446e-02
3.160364e-02
3.163315e-02
3.166241e-02
3.169198e-02
3.172130e-02
3.175094e-02
3.178033e-02
3.181003e-02
3.183948e-02
3.186925e-02
3.189876e-02
3.192858e-02
3.195815e-02
3.198805e-02
3.201768e-02
3.204764e-02
3.207733e-02
3.210736e-02
3.213712e-02
3.216791e-02
3.220003e-02
3.223361e-02
3.226746e-02
3.230134e-02
3.233521e-02
3.236910e-02
3.240298e-02
3.243688e-02
3.247078e-02
3.250469e-02
3.253860e-02
3.257252e-02
3.260643e-02
3.264036e-02
3.267429e-02
3.270824e-02
3.274218e-02
3.277615e-02
3.281011e-02
3.284410e-02
3.287564e-02
3.290722e-02
3.293882e-02
3.297044e-02
3.300206e-02
3.303369e-02
3.306532e-02
3.309695e-02
3.312859e-02
3.316024e-02
3.319190e-02
3.322358e-02
3.325526e-02
3.328698e-02
3.331871e-02
3.335047e-02
3.338228e-02
3.341419e-02
3.344180e-02
3.347000e-02
3.349767e-02
3.352565e-02
3.355336e-02
3.358137e-02
3.360911e-02
3.363714e-02
3.366491e-02
3.369297e-02
3.372077e-02
3.375135e-02
3.377918e-02
3.380980e-02
3.384347e-02
3.387596e-02
3.390825e-02
3.394143e-02
3.397429e-02
3.400520e-02
3.403612e-02
3.406707e-02
3.409806e-02
3.412910e-02
3.416021e-02
3.419139e-02
3.422267e-02
3.425408e-02
3.428563e-02
3.431737e-02
3.434933e-02
3.438155e-02
3.441404e-02
3.444689e-02
3.447481e-02
3.450552e-02
3.453688e-02
3.456825e-02
3.459963e-02
3.463102e-02
3.466240e-02
3.469379e-02
3.472517e-02
3.475654e-02
3.478741e-02
3.481832e-02
3.484925e-02
3.488022e-02
3.491123e-02
3.494229e-02
3.497343e-02
3.500464e-02
3.503596e-02
3.506739e-02
3.509898e-02
3.513064e-02
3.516237e-02
3.519417e-02
3.522605e-02
3.525803e-02
3.528584e-02
3.531435e-02
3.534221e-02
3.537210e-02
3.539996e-02
3.543027e-02
3.545812e-02
3.548854e-02
3.551636e-02
3.554446e-02
3.557227e-02
3.560034e-02
3.562811e-02
3.565614e-02
3.568388e-02
3.571185e-02
3.573955e-02
3.576747e-02
3.579512e-02
3.582300e-02
3.585060e-02
3.587843e-02
3.590599e-02
3.593377e-02
3.596434e-02
3.599555e-02
3.602660e-02
3.605790e-02
3.608894e-02
3.611913e-02
3.614937e-02
3.617968e-02
3.621007e-02
3.624055e-02
3.627112e-02
3.630179e-02
3.633257e-02
3.636347e-02
3.639445e-02
3.642562e-02
3.645659e-02
3.648813e-02
3.651908e-02
3.654979e-02
3.658047e-02
3.661112e-02
3.664177e-02
3.667246e-02
3.670320e-02
3.673328e-02
3.676339e-02
3.679356e-02
3.682232e-02
3.685165e-02
3.688045e-02
3.690953e-02
3.693834e-02
3.696741e-02
3.699620e-02
3.702525e-02
3.705402e-02
3.708304e-02
3.711179e-02
3.714079e-02
3.716952e-02
3.719848e-02
3.722719e-02
3.725614e-02
3.728483e-02
3.731376e-02
3.734244e-02
3.737135e-02
3.740002e-02
3.742892e-02
3.745759e-02
3.748649e-02
3.751515e-02
3.754553e-02
3.757600e-02
3.760658e-02
3.763726e-02
3.766807e-02
3.769899e-02
3.773004e-02
3.776122e-02
3.779254e-02
3.782402e-02
3.785562e-02
3.788730e-02
3.791905e-02
3.795088e-02
3.798279e-02
3.801156e-02
3.804158e-02
3.807158e-02
3.810162e-02
3.813170e-02
3.816185e-02
3.819205e-02
3.822234e-02
3.825272e-02
3.828319e-02
3.831376e-02
3.834444e-02
3.837523e-02
3.840605e-02
3.843692e-02
3.846786e-02
3.849887e-02
3.852998e-02
3.856118e-02
3.859247e-02
3.862387e-02
3.865537e-02
3.868699e-02
3.871693e-02
3.874685e-02
3.877678e-02
3.880675e-02
3.883678e-02
3.886688e-02
3.889707e-02
3.892737e-02
3.895779e-02
3.898832e-02
3.901901e-02
3.904977e-02
3.908060e-02
3.911147e-02
3.914253e-02
3.917372e-02
3.920505e-02
3.923653e-02
3.926816e-02
3.929996e-02
3.932987e-02
3.935976e-02
3.938970e-02
3.941969e-02
3.944976e-02
3.947992e-02
3.951019e-02
3.953607e-02
3.956290e-02
3.958880e-02
3.961724e-02
3.964315e-02
3.967164e-02
3.969753e-02
3.972367e-02
3.974956e-02
3.977568e-02
3.980155e-02
3.982765e-02
3.985349e-02
3.987956e-02
3.990537e-02
3.993140e-02
3.995718e-02
3.998317e-02
4.000892e-02
4.003487e-02
4.006057e-02
4.008885e-02
4.011934e-02
4.014997e-02
4.018076e-02
4.021172e-02
4.024285e-02
4.027420e-02
4.030575e-02
4.033745e-02
4.036859e-02
4.040052e-02
4.043219e-02
4.046242e-02
4.049265e-02
4.052285e-02
4.055304e-02
4.058327e-02
4.061356e-02
4.064393e-02
4.067181e-02
4.070020e-02
4.072808e-02
4.075621e-02
4.078181e-02
4.080830e-02
4.083387e-02
4.086192e-02
4.088745e-02
4.091320e-02
4.093869e-02
4.096439e-02
4.098983e-02
4.101548e-02
4.104088e-02
4.106647e-02
4.109181e-02
4.111735e-02
4.114263e-02
4.116811e-02
4.119334e-02
4.122110e-02
4.124866e-02
4.127645e-02
4.130398e-02
4.133173e-02
4.135922e-02
4.138693e-02
4.141438e-02
4.144205e-02
4.146947e-02
4.149710e-02
4.152449e-02
4.155209e-02
4.158245e-02
4.161389e-02
4.164548e-02
4.167721e-02
4.170488e-02
4.173310e-02
4.176080e-02
4.178902e-02
4.181671e-02
4.184467e-02
4.187234e-02
4.190027e-02
4.192792e-02
4.195582e-02
4.198344e-02
4.201131e-02
4.203890e-02
4.206673e-02
4.209429e-02
4.212208e-02
4.214960e-02
4.217736e-02
4.220484e-02
4.223256e-02
4.226001e-02
4.228769e-02
4.231510e-02
4.234274e-02
4.237012e-02
4.239773e-02
4.242507e-02
4.245264e-02
4.247995e-02
4.250748e-02
4.253476e-02
4.256226e-02
4.258711e-02
4.261292e-02
4.263780e-02
4.266516e-02
4.269006e-02
4.271744e-02
4.274234e-02
4.276971e-02
4.279462e-02
4.282196e-02
4.284688e-02
4.287202e-02
4.289694e-02
4.292208e-02
4.294700e-02
4.297213e-02
4.299705e-02
4.302218e-02
4.304708e-02
4.307221e-02
4.309711e-02
4.312222e-02
4.314712e-02
4.317223e-02
4.319712e-02
4.322451e-02
4.325155e-02
4.328131e-02
4.331183e-02
4.334248e-02
4.337329e-02
4.340425e-02
4.343537e-02
4.346667e-02
4.349815e-02
4.352983e-02
4.356173e-02
4.359213e-02
4.362253e-02
4.365292e-02
4.368331e-02
4.371369e-02
4.374409e-02
4.377450e-02
4.380498e-02
4.383557e-02
4.386623e-02
4.389709e-02
4.392785e-02
4.395906e-02
4.398994e-02
4.402154e-02
4.405258e-02
4.408297e-02
4.410948e-02
4.413864e-02
4.416514e-02
4.419429e-02
4.422385e-02
4.425420e-02
4.428389e-02
4.431439e-02
4.434420e-02
4.437485e-02
4.440479e-02
4.443560e-02
4.446721e-02
4.449863e-02
4.452916e-02
4.455969e-02
4.459023e-02
4.462078e-02
4.465134e-02
4.468192e-02
4.471254e-02
4.474324e-02
4.477406e-02
4.480501e-02
4.483613e-02
4.486742e-02
4.489889e-02
4.493058e-02
4.496248e-02
4.499315e-02
4.502383e-02
4.505452e-02
4.508522e-02
4.511593e-02
4.514668e-02
4.517745e-02
4.520827e-02
4.523919e-02
4.527023e-02
4.530142e-02
4.533257e-02
4.536400e-02
4.539528e-02
4.542679e-02
4.545825e-02
4.548911e-02
4.551998e-02
4.555086e-02
4.557715e-02
4.560391e-02
4.563021e-02
4.565673e-02
4.568303e-02
4.570955e-02
4.573585e-02
4.576237e-02
4.578865e-02
4.581517e-02
4.584082e-02
4.586695e-02
4.589264e-02
4.591913e-02
4.594484e-02
4.597132e-02
4.599705e-02
4.602352e-02
4.604977e-02
4.607624e-02
4.610248e-02
4.612894e-02
4.615517e-02
4.618162e-02
4.620784e-02
4.623428e-02
4.626050e-02
4.628693e-02
4.631313e-02
4.633955e-02
4.636574e-02
4.639215e-02
4.641834e-02
4.644474e-02
4.647091e-02
4.649730e-02
4.652347e-02
4.654985e-02
4.657601e-02
4.660238e-02
4.662853e-02
4.665490e-02
4.668104e-02
4.670740e-02
4.673274e-02
4.675908e-02
4.678441e-02
4.681075e-02
4.683972e-02
4.687109e-02
4.690247e-02
4.693388e-02
4.696146e-02
4.698968e-02
4.701579e-02
4.704373e-02
4.706983e-02
4.709804e-02
4.712414e-02
4.715046e-02
4.717655e-02
4.720286e-02
4.722894e-02
4.725524e-02
4.728132e-02
4.730761e-02
4.733367e-02
4.735996e-02
4.738601e-02
4.741228e-02
4.743833e-02
4.746460e-02
4.749064e-02
4.751689e-02
4.754446e-02
4.757265e-02
4.760022e-02
4.762842e-02
4.765599e-02
4.768420e-02
4.771178e-02
4.774001e-02
4.776759e-02
4.779585e-02
4.782345e-02
4.785175e-02
4.787938e-02
4.790771e-02
4.793538e-02
4.796377e-02
4.799147e-02
4.801994e-02
4.804769e-02
4.807624e-02
4.810406e-02
4.813271e-02
4.816061e-02
4.818938e-02
4.821738e-02
4.824630e-02
4.827441e-02
4.830350e-02
4.833176e-02
4.836107e-02
4.838949e-02
4.841906e-02
4.844503e-02
4.847360e-02
4.849957e-02
4.852813e-02
4.855410e-02
4.858259e-02
4.860856e-02
4.863662e-02
4.866749e-02
4.869929e-02
4.873105e-02
4.876279e-02
4.879451e-02
4.882620e-02
4.885789e-02
4.888963e-02
4.892144e-02
4.895332e-02
4.897870e-02
4.900453e-02
4.902994e-02
4.905701e-02
4.908246e-02
4.910993e-02
4.913541e-02
4.916294e-02
4.918845e-02
4.921596e-02
4.924149e-02
4.926897e-02
4.929453e-02
4.932199e-02
4.934758e-02
4.937502e-02
4.940063e-02
4.942806e-02
4.945369e-02
4.948111e-02
4.950677e-02
4.953420e-02
4.955987e-02
4.958730e-02
4.961300e-02
4.964044e-02
4.966616e-02
4.969361e-02
4.971935e-02
4.974683e-02
4.977259e-02
4.979858e-02
4.982436e-02
4.985037e-02
4.987617e-02
4.990220e-02
4.992801e-02
4.995405e-02
4.997988e-02
5.000593e-02
5.003177e-02
5.005784e-02
5.008369e-02
5.010977e-02
5.013563e-02
5.016172e-02
5.018760e-02
5.021369e-02
5.023958e-02
5.026569e-02
5.029159e-02
5.031771e-02
5.034363e-02
5.036975e-02
5.039568e-02
5.042420e-02
5.045557e-02
5.048756e-02
5.051954e-02
5.055147e-02
5.058340e-02
5.061529e-02
5.064721e-02
5.067918e-02
5.071122e-02
5.074334e-02
5.077554e-02
5.080783e-02
5.084022e-02
5.087270e-02
5.090528e-02
5.093795e-02
5.097067e-02
5.100340e-02
5.103615e-02
5.106891e-02
5.110168e-02
5.113448e-02
5.116728e-02
5.120011e-02
5.123296e-02
5.126502e-02
5.129706e-02
5.132908e-02
5.136108e-02
5.139306e-02
5.142504e-02
5.145703e-02
5.148907e-02
5.152119e-02
5.155343e-02
5.158577e-02
5.161823e-02
5.165081e-02
5.168351e-02
5.171632e-02
5.174919e-02
5.178222e-02
5.181510e-02
5.184830e-02
5.188119e-02
5.191467e-02
5.194827e-02
5.198200e-02
5.201587e-02
5.204991e-02
5.208411e-02
5.211650e-02
5.214296e-02
5.216989e-02
5.219640e-02
5.222314e-02
5.224968e-02
5.227645e-02
5.230302e-02
5.232983e-02
5.235642e-02
5.238325e-02
5.240986e-02
5.243672e-02
5.246335e-02
5.249022e-02
5.251688e-02
5.254378e-02
5.257045e-02
5.259736e-02
5.262406e-02
5.265099e-02
5.267770e-02
5.270465e-02
5.273138e-02
5.275834e-02
5.278509e-02
5.281206e-02
5.283882e-02
5.286581e-02
5.289257e-02
5.291957e-02
5.294634e-02
5.297335e-02
5.300013e-02
5.302714e-02
5.305392e-02
5.308094e-02
5.310772e-02
5.313474e-02
5.316153e-02
5.318854e-02
5.321435e-02
5.324062e-02
5.326644e-02
5.329249e-02
5.331831e-02
5.334437e-02
5.337019e-02
5.339624e-02
5.342206e-02
5.344811e-02
5.347393e-02
5.349997e-02
5.352578e-02
5.355182e-02
5.357763e-02
5.360366e-02
5.362946e-02
5.365548e-02
5.368127e-02
5.370729e-02
5.373307e-02
5.375908e-02
5.378486e-02
5.381086e-02
5.383663e-02
5.386262e-02
5.388838e-02
5.391436e-02
5.394012e-02
5.396609e-02
5.399183e-02
5.401779e-02
5.404353e-02
5.406948e-02
5.409520e-02
5.412114e-02
5.414686e-02
5.417279e-02
5.419850e-02
5.422441e-02
5.425011e-02
5.427602e-02
5.430172e-02
5.432762e-02
5.435330e-02
5.437920e-02
5.440488e-02
5.443076e-02
5.445644e-02
5.448232e-02
5.450799e-02
5.453409e-02
5.456069e-02
5.458783e-02
5.461612e-02
5.464527e-02
5.467164e-02
5.469847e-02
5.472486e-02
5.475258e-02
5.477898e-02
5.480699e-02
5.483340e-02
5.486143e-02
5.488712e-02
5.491330e-02
5.493902e-02
5.496522e-02
5.499096e-02
5.501693e-02
5.504267e-02
5.506865e-02
5.509440e-02
5.512038e-02
5.514612e-02
5.517211e-02
5.519785e-02
5.522383e-02
5.524958e-02
5.527556e-02
5.530131e-02
5.532729e-02
5.535304e-02
5.537902e-02
5.540477e-02
5.543075e-02
5.545650e-02
5.548248e-02
5.550823e-02
5.553421e-02
5.555996e-02
5.558594e-02
5.561169e-02
5.563767e-02
5.566342e-02
5.568940e-02
5.571516e-02
5.574114e-02
5.576690e-02
5.579288e-02
5.581864e-02
5.584462e-02
5.587038e-02
5.589637e-02
5.592214e-02
5.594813e-02
5.597390e-02
5.599989e-02
5.602567e-02
5.605166e-02
5.607744e-02
5.610344e-02
5.612922e-02
5.615522e-02
5.618101e-02
5.620701e-02
5.623280e-02
5.625881e-02
5.628460e-02
5.631061e-02
5.633641e-02
5.636242e-02
5.638822e-02
5.641424e-02
5.644004e-02
5.646606e-02
5.649187e-02
5.651789e-02
5.654371e-02
5.656973e-02
5.659555e-02
5.662158e-02
5.664740e-02
5.667343e-02
5.669926e-02
5.672530e-02
5.675112e-02
5.677716e-02
5.680299e-02
5.682904e-02
5.685487e-02
5.688092e-02
5.690676e-02
5.693282e-02
5.695996e-02
5.698734e-02
5.701453e-02
5.704194e-02
5.706916e-02
5.709661e-02
5.712386e-02
5.715133e-02
5.717861e-02
5.720611e-02
5.723341e-02
5.726094e-02
5.728827e-02
5.731582e-02
5.734317e-02
5.737074e-02
5.739812e-02
5.742572e-02
5.745312e-02
5.748074e-02
5.750816e-02
5.753580e-02
5.756325e-02
5.759344e-02
5.762549e-02
5.765751e-02
5.768954e-02
5.772158e-02
5.775369e-02
5.778587e-02
5.781816e-02
5.785055e-02
5.788305e-02
5.791566e-02
5.794838e-02
5.798122e-02
5.801417e-02
5.804725e-02
5.807984e-02
5.811320e-02
5.814671e-02
5.818042e-02
5.821235e-02
5.824425e-02
5.827613e-02
5.830798e-02
5.833982e-02
5.837163e-02
5.840345e-02
5.843530e-02
5.846722e-02
5.849922e-02
5.853132e-02
5.856351e-02
5.859581e-02
5.862820e-02
5.866071e-02
5.869332e-02
5.872115e-02
5.874947e-02
5.877735e-02
5.880548e-02
5.883339e-02
5.886154e-02
5.888948e-02
5.891766e-02
5.894562e-02
5.897382e-02
5.900180e-02
5.903002e-02
5.905801e-02
5.908624e-02
5.911425e-02
5.914249e-02
5.916856e-02
5.919515e-02
5.922127e-02
5.924789e-02
5.927404e-02
5.930068e-02
5.932685e-02
5.935351e-02
5.937969e-02
5.940638e-02
5.943257e-02
5.945927e-02
5.948548e-02
5.951220e-02
5.953842e-02
5.956515e-02
5.959277e-02
5.962141e-02
5.965134e-02
5.968266e-02
5.971555e-02
5.974894e-02
5.978300e-02
5.981731e-02
5.985188e-02
5.988541e-02
5.991290e-02
5.994123e-02
5.996866e-02
5.999687e-02
6.002422e-02
6.005225e-02
6.007954e-02
6.010739e-02
6.013462e-02
6.016233e-02
6.018954e-02
6.021696e-02
6.024492e-02
6.027346e-02
6.030050e-02
6.032802e-02
6.035499e-02
6.038215e-02
6.040901e-02
6.043605e-02
6.046324e-02
6.049131e-02
6.052028e-02
6.055015e-02
6.057754e-02
6.060593e-02
6.063529e-02
6.066346e-02
6.069261e-02
6.072029e-02
6.074683e-02
6.077398e-02
6.080036e-02
6.082736e-02
6.085375e-02
6.088074e-02
6.090714e-02
6.093473e-02
6.096116e-02
6.098854e-02
6.101499e-02
6.104218e-02
6.106869e-02
6.109646e-02
6.112302e-02
6.115056e-02
6.117720e-02
6.120533e-02
6.123206e-02
6.126110e-02
6.128795e-02
6.131688e-02
6.134387e-02
6.137228e-02
6.139945e-02
6.142728e-02
6.145450e-02
6.148186e-02
6.150875e-02
6.153808e-02
6.156606e-02
6.159581e-02
6.162421e-02
6.165448e-02
6.168013e-02
6.170835e-02
6.173391e-02
6.176142e-02
6.178658e-02
6.181360e-02
6.183873e-02
6.186553e-02
6.189062e-02
6.191821e-02
6.194325e-02
6.197027e-02
6.199749e-02
6.202602e-02
6.205335e-02
6.208195e-02
6.210687e-02
6.213427e-02
6.215915e-02
6.218588e-02
6.221073e-02
6.223788e-02
6.226250e-02
6.228753e-02
6.231230e-02
6.233710e-02
6.236185e-02
6.238753e-02
6.241375e-02
6.244055e-02
6.246732e-02
6.249537e-02
6.252231e-02
6.255015e-02
6.257723e-02
6.260448e-02
6.263114e-02
6.265796e-02
6.268518e-02
6.271282e-02
6.274034e-02
6.276899e-02
6.279532e-02
6.282401e-02
6.285034e-02
6.287794e-02
6.290428e-02
6.293158e-02
6.295794e-02
6.298551e-02
6.301204e-02
6.303972e-02
6.306643e-02
6.309349e-02
6.312000e-02
6.314670e-02
6.317371e-02
6.320131e-02
6.322743e-02
6.325554e-02
6.328481e-02
6.331274e-02
6.334152e-02
6.337083e-02
6.339714e-02
6.342462e-02
6.345088e-02
6.347818e-02
6.350526e-02
6.353301e-02
6.355936e-02
6.358661e-02
6.361304e-02
6.363967e-02
6.366589e-02
6.369227e-02
6.371831e-02
6.374455e-02
6.377122e-02
6.379838e-02
6.382547e-02
6.385355e-02
6.388079e-02
6.390889e-02
6.393520e-02
6.396295e-02
6.398927e-02
6.401654e-02
6.404287e-02
6.406999e-02
6.409635e-02
6.412341e-02
6.414977e-02
6.417665e-02
6.420286e-02
6.422955e-02
6.425564e-02
6.428217e-02
6.430815e-02
6.433457e-02
6.436046e-02
6.438678e-02
6.441301e-02
6.444021e-02
6.446772e-02
6.449466e-02
6.452118e-02
6.454808e-02
6.457454e-02
6.460170e-02
6.462808e-02
6.465511e-02
6.468141e-02
6.470831e-02
6.473454e-02
6.476134e-02
6.478750e-02
6.481421e-02
6.484030e-02
6.486692e-02
6.489295e-02
6.491947e-02
6.494543e-02
6.497186e-02
6.499618e-02
6.502109e-02
6.504656e-02
6.507124e-02
6.509641e-02
6.512110e-02
6.514554e-02
6.517045e-02
6.519489e-02
6.521978e-02
6.524421e-02
6.526908e-02
6.529350e-02
6.531835e-02
6.534275e-02
6.536758e-02
6.539198e-02
6.541679e-02
6.544117e-02
6.546596e-02
6.549033e-02
6.551490e-02
6.553926e-02
6.556381e-02
6.558817e-02
6.561271e-02
6.563706e-02
6.566159e-02
6.568593e-02
6.571046e-02
6.573480e-02
6.575932e-02
6.578365e-02
6.580818e-02
6.583251e-02
6.585704e-02
6.588198e-02
6.590674e-02
6.593127e-02
6.595629e-02
6.598083e-02
6.600585e-02
6.603040e-02
6.605542e-02
6.607997e-02
6.610498e-02
6.612952e-02
6.615452e-02
6.617906e-02
6.620406e-02
6.622859e-02
6.625358e-02
6.627811e-02
6.630309e-02
6.632761e-02
6.635258e-02
6.637711e-02
6.640185e-02
6.642638e-02
6.645112e-02
6.647565e-02
6.650039e-02
6.652491e-02
6.654965e-02
6.657417e-02
6.659891e-02
6.662343e-02
6.664816e-02
6.667269e-02
6.669742e-02
6.672195e-02
6.674667e-02
6.677120e-02
6.679593e-02
6.682047e-02
6.684520e-02
6.686974e-02
6.689447e-02
6.691901e-02
6.694375e-02
6.696830e-02
6.699305e-02
6.701761e-02
6.704237e-02
6.706694e-02
6.709170e-02
6.711765e-02
6.714407e-02
6.716868e-02
6.719379e-02
6.721847e-02
6.724362e-02
6.726833e-02
6.729327e-02
6.731800e-02
6.734296e-02
6.736771e-02
6.739268e-02
6.741744e-02
6.744242e-02
6.746718e-02
6.749217e-02
6.751695e-02
6.754195e-02
6.756674e-02
6.759174e-02
6.761654e-02
6.764156e-02
6.766636e-02
6.769139e-02
6.771621e-02
6.774124e-02
6.776607e-02
6.779112e-02
6.781596e-02
6.784102e-02
6.786587e-02
6.789094e-02
6.791580e-02
6.794088e-02
6.796576e-02
6.799084e-02
6.801573e-02
6.804083e-02
6.806574e-02
6.809085e-02
6.811576e-02
6.814089e-02
6.816582e-02
6.819096e-02
6.821592e-02
6.824108e-02
6.826605e-02
6.829123e-02
6.831892e-02
6.834939e-02
6.837441e-02
6.840193e-02
6.842792e-02
6.845652e-02
6.848253e-02
6.851114e-02
6.854262e-02
6.857608e-02
6.860955e-02
6.864300e-02
6.866817e-02
6.869587e-02
6.872634e-02
6.875976e-02
6.879321e-02
6.882663e-02
6.885185e-02
6.887848e-02
6.890488e-02
6.893154e-02
6.896086e-02
6.899311e-02
6.901835e-02
6.904612e-02
6.907255e-02
6.909983e-02
6.912605e-02
6.915394e-02
6.918015e-02
6.920797e-02
6.923445e-02
6.926158e-02
6.928809e-02
6.931526e-02
6.934102e-02
6.936778e-02
6.939412e-02
6.942091e-02
6.944727e-02
6.947385e-02
6.950023e-02
6.952683e-02
6.955322e-02
6.957984e-02
6.960604e-02
6.963267e-02
6.965900e-02
6.968565e-02
6.971175e-02
6.973835e-02
6.976437e-02
6.979064e-02
6.981663e-02
6.984285e-02
6.986880e-02
6.989545e-02
6.992139e-02
6.994806e-02
6.997398e-02
7.000049e-02
7.002638e-02
7.005287e-02
7.007875e-02
7.010521e-02
7.013106e-02
7.015753e-02
7.018337e-02
7.020985e-02
7.023570e-02
7.026223e-02
7.028884e-02
7.031568e-02
7.034231e-02
7.036916e-02
7.039581e-02
7.042268e-02
7.044934e-02
7.047623e-02
7.050291e-02
7.052982e-02
7.055652e-02
7.058490e-02
7.061219e-02
7.064044e-02
7.066773e-02
7.069587e-02
7.072317e-02
7.075122e-02
7.077853e-02
7.080652e-02
7.083384e-02
7.086358e-02
7.089593e-02
7.093120e-02
7.095846e-02
7.098843e-02
7.101570e-02
7.104569e-02
7.107868e-02
7.111421e-02
7.114978e-02
7.118539e-02
7.122104e-02
7.125672e-02
7.128359e-02
7.131315e-02
7.134567e-02
7.138144e-02
7.141729e-02
7.145317e-02
7.148907e-02
7.152489e-02
7.156070e-02
7.159644e-02
7.163213e-02
7.166777e-02
7.170339e-02
7.173893e-02
7.176647e-02
7.179675e-02
7.182429e-02
7.185458e-02
7.188791e-02
7.192331e-02
7.195871e-02
7.199408e-02
7.202947e-02
7.206483e-02
7.210022e-02
7.213559e-02
7.217098e-02
7.220635e-02
7.223403e-02
7.226447e-02
7.229796e-02
7.233336e-02
7.236164e-02
7.239197e-02
7.242451e-02
7.245969e-02
7.248801e-02
7.251784e-02
7.254618e-02
7.257588e-02
7.260425e-02
7.263385e-02
7.266185e-02
7.269137e-02
7.271980e-02
7.274929e-02
7.277775e-02
7.280722e-02
7.283573e-02
7.286519e-02
7.289375e-02
7.292323e-02
7.295145e-02
7.298094e-02
7.300920e-02
7.303875e-02
7.306751e-02
7.309714e-02
7.312547e-02
7.315505e-02
7.318342e-02
7.321260e-02
7.324101e-02
7.327005e-02
7.329848e-02
7.332748e-02
7.335596e-02
7.338615e-02
7.341467e-02
7.344537e-02
7.347766e-02
7.351157e-02
7.354664e-02
7.358255e-02
7.361848e-02
7.365441e-02
7.369036e-02
7.372631e-02
7.376230e-02
7.379828e-02
7.383430e-02
7.387032e-02
7.390637e-02
7.394243e-02
7.397852e-02
7.401462e-02
7.405074e-02
7.408687e-02
7.412302e-02
7.415920e-02
7.419537e-02
7.423160e-02
7.426783e-02
7.430411e-02
7.434042e-02
7.437675e-02
7.441313e-02
7.444019e-02
7.446802e-02
7.449673e-02
7.452329e-02
7.455052e-02
7.457852e-02
7.460552e-02
7.463323e-02
7.466026e-02
7.468800e-02
7.471507e-02
7.474178e-02
7.476982e-02
7.479655e-02
7.482458e-02
7.485134e-02
7.487917e-02
7.490595e-02
7.493360e-02
7.496089e-02
7.498867e-02
7.501598e-02
7.504354e-02
7.507086e-02
7.509842e-02
7.512575e-02
7.515332e-02
7.518066e-02
7.520823e-02
7.523557e-02
7.526315e-02
7.529049e-02
7.531807e-02
7.534541e-02
7.537299e-02
7.540033e-02
7.542791e-02
7.545526e-02
7.548283e-02
7.551017e-02
7.553775e-02
7.556509e-02
7.559266e-02
7.562000e-02
7.564757e-02
7.567490e-02
7.570246e-02
7.572979e-02
7.575735e-02
7.578467e-02
7.581223e-02
7.583954e-02
7.586709e-02
7.589440e-02
7.592193e-02
7.594924e-02
7.597677e-02
7.600406e-02
7.603158e-02
7.605887e-02
7.608638e-02
7.611366e-02
7.614117e-02
7.616844e-02
7.619593e-02
7.622320e-02
7.625069e-02
7.628092e-02
7.631418e-02
7.635077e-02
7.638836e-02
7.642597e-02
7.646368e-02
7.650139e-02
7.653910e-02
7.657680e-02
7.661449e-02
7.664412e-02
7.667438e-02
7.670529e-02
7.673537e-02
7.676614e-02
7.679759e-02
7.682743e-02
7.685755e-02
7.688741e-02
7.691752e-02
7.694735e-02
7.697742e-02
7.700719e-02
7.703725e-02
7.706701e-02
7.709704e-02
7.712428e-02
7.715200e-02
7.717925e-02
7.720674e-02
7.723401e-02
7.726151e-02
7.728878e-02
7.731628e-02
7.734355e-02
7.737106e-02
7.739834e-02
7.742584e-02
7.745312e-02
7.748063e-02
7.750791e-02
7.753543e-02
7.756271e-02
7.759023e-02
7.761752e-02
7.764504e-02
7.767233e-02
7.769986e-02
7.772716e-02
7.775469e-02
7.778199e-02
7.780953e-02
7.783684e-02
7.786438e-02
7.789170e-02
7.791925e-02
7.794657e-02
7.797412e-02
7.800145e-02
7.802901e-02
7.805635e-02
7.808643e-02
7.811951e-02
7.815573e-02
7.819321e-02
7.822975e-02
7.826728e-02
7.830390e-02
7.834141e-02
7.837813e-02
7.841583e-02
7.845268e-02
7.849035e-02
7.852733e-02
7.856499e-02
7.860213e-02
7.863976e-02
7.867707e-02
7.871469e-02
7.875218e-02
7.877885e-02
7.880651e-02
7.883507e-02
7.886255e-02
7.889087e-02
7.891845e-02
7.894684e-02
7.897449e-02
7.900294e-02
7.903064e-02
7.905914e-02
7.908688e-02
7.911544e-02
7.914323e-02
7.917186e-02
7.919969e-02
7.922838e-02
7.925627e-02
7.928503e-02
7.931297e-02
7.934181e-02
7.936981e-02
7.939873e-02
7.942681e-02
7.945582e-02
7.948397e-02
7.951309e-02
7.954132e-02
7.957055e-02
7.959886e-02
7.962821e-02
7.965662e-02
7.968610e-02
7.971462e-02
7.974423e-02
7.977286e-02
7.980263e-02
7.983139e-02
7.986132e-02
7.989021e-02
7.992032e-02
7.994820e-02
7.997686e-02
8.000639e-02
8.003388e-02
8.006208e-02
8.009108e-02
8.011892e-02
8.014746e-02
8.017543e-02
8.020359e-02
8.023295e-02
8.026067e-02
8.028960e-02
8.031733e-02
8.034624e-02
8.037399e-02
8.040281e-02
8.043056e-02
8.045929e-02
8.048914e-02
8.051753e-02
8.054594e-02
8.057619e-02
8.060394e-02
8.063247e-02
8.066189e-02
8.069012e-02
8.071874e-02
8.074867e-02
8.077644e-02
8.080493e-02
8.083423e-02
8.086234e-02
8.089100e-02
8.092072e-02
8.095130e-02
8.098073e-02
8.101171e-02
8.104406e-02
8.107266e-02
8.110080e-02
8.112954e-02
8.115891e-02
8.118683e-02
8.121530e-02
8.124324e-02
8.127172e-02
8.129967e-02
8.132816e-02
8.135612e-02
8.138461e-02
8.141258e-02
8.144108e-02
8.146905e-02
8.149756e-02
8.152554e-02
8.155406e-02
8.158204e-02
8.161057e-02
8.163856e-02
8.166709e-02
8.169509e-02
8.172363e-02
8.175163e-02
8.178018e-02
8.180820e-02
8.183676e-02
8.186478e-02
8.189335e-02
8.192139e-02
8.194997e-02
8.197802e-02
8.200662e-02
8.203468e-02
8.206330e-02
8.209137e-02
8.212001e-02
8.214951e-02
8.217926e-02
8.221065e-02
8.224347e-02
8.227246e-02
8.230287e-02
8.233477e-02
8.236462e-02
8.239604e-02
8.242886e-02
8.245786e-02
8.248874e-02
8.252110e-02
8.255091e-02
8.258233e-02
8.261517e-02
8.264421e-02
8.267514e-02
8.270754e-02
8.273740e-02
8.276887e-02
8.280175e-02
8.283086e-02
8.286183e-02
8.289429e-02
8.292420e-02
8.295572e-02
8.298865e-02
8.301781e-02
8.304884e-02
8.308134e-02
8.311130e-02
8.314286e-02
8.317584e-02
8.320505e-02
8.323612e-02
8.326866e-02
8.329867e-02
8.333027e-02
8.336328e-02
8.339254e-02
8.342365e-02
8.345623e-02
8.348628e-02
8.351792e-02
8.355096e-02
8.358027e-02
8.361142e-02
8.364403e-02
8.367412e-02
8.370579e-02
8.373887e-02
8.376821e-02
8.379940e-02
8.383204e-02
8.386217e-02
8.389027e-02
8.391892e-02
8.394706e-02
8.397573e-02
8.400389e-02
8.403231e-02
8.406048e-02
8.408891e-02
8.411709e-02
8.414553e-02
8.417371e-02
8.420216e-02
8.423035e-02
8.425907e-02
8.428725e-02
8.431597e-02
8.434416e-02
8.437288e-02
8.440107e-02
8.442980e-02
8.445799e-02
8.448672e-02
8.451492e-02
8.454366e-02
8.457185e-02
8.460060e-02
8.462880e-02
8.465755e-02
8.468576e-02
8.471452e-02
8.474274e-02
8.477151e-02
8.479973e-02
8.482851e-02
8.485674e-02
8.488553e-02
8.491377e-02
8.494258e-02
8.497083e-02
8.499965e-02
8.502791e-02
8.505674e-02
8.508501e-02
8.511386e-02
8.514214e-02
8.517100e-02
8.519930e-02
8.522818e-02
8.525649e-02
8.528539e-02
8.531371e-02
8.534262e-02
8.537097e-02
8.539989e-02
8.542825e-02
8.545720e-02
8.548557e-02
8.551454e-02
8.554293e-02
8.557192e-02
8.560032e-02
8.562933e-02
8.565776e-02
8.568679e-02
8.571524e-02
8.574431e-02
8.577405e-02
8.580286e-02
8.583234e-02
8.586257e-02
8.589107e-02
8.592026e-02
8.595019e-02
8.597913e-02
8.600881e-02
8.603930e-02
8.606794e-02
8.609735e-02
8.612757e-02
8.615675e-02
8.618677e-02
8.621769e-02
8.624655e-02
8.627633e-02
8.630705e-02
8.633661e-02
8.636684e-02
8.639848e-02
8.642769e-02
8.645808e-02
8.648965e-02
8.651989e-02
8.655015e-02
8.658192e-02
8.661036e-02
8.663970e-02
8.667001e-02
8.669913e-02
8.672929e-02
8.676072e-02
8.679365e-02
8.682367e-02
8.685534e-02
8.688895e-02
8.691914e-02
8.695104e-02
8.698454e-02
8.701587e-02
8.704884e-02
8.708340e-02
8.711381e-02
8.714578e-02
8.717937e-02
8.721077e-02
8.724390e-02
8.727856e-02
8.730905e-02
8.734111e-02
8.737480e-02
8.740630e-02
8.743953e-02
8.747431e-02
8.750489e-02
8.753652e-02
8.756979e-02
8.760141e-02
8.763471e-02
8.766951e-02
8.770015e-02
8.773113e-02
8.776492e-02
8.779658e-02
8.782999e-02
8.786281e-02
8.789359e-02
8.792541e-02
8.795781e-02
8.798961e-02
8.802232e-02
8.805605e-02
8.808691e-02
8.811883e-02
8.815153e-02
8.818344e-02
8.821607e-02
8.824940e-02
8.828037e-02
8.831241e-02
8.834493e-02
8.837696e-02
8.840942e-02
8.844252e-02
8.847362e-02
8.850582e-02
8.853801e-02
8.856666e-02
8.859636e-02
8.862720e-02
8.865517e-02
8.868462e-02
8.871266e-02
8.874188e-02
8.876998e-02
8.879930e-02
8.883015e-02
8.886264e-02
8.889529e-02
8.892792e-02
8.896054e-02
8.899328e-02
8.902583e-02
8.905863e-02
8.909111e-02
8.912396e-02
8.915636e-02
8.918926e-02
8.922151e-02
8.925447e-02
8.928671e-02
8.931974e-02
8.935199e-02
8.938497e-02
8.941731e-02
8.945143e-02
8.948338e-02
8.951631e-02
8.954865e-02
8.958165e-02
8.961388e-02
8.964703e-02
8.967924e-02
8.971277e-02
8.974482e-02
8.977802e-02
8.981024e-02
8.984317e-02
8.987545e-02
8.990951e-02
8.994157e-02
8.997443e-02
9.000669e-02
9.003984e-02
9.007199e-02
9.010545e-02
9.013759e-02
9.017045e-02
9.020268e-02
9.023591e-02
9.026801e-02
9.030142e-02
9.033352e-02
9.036636e-02
9.039855e-02
9.043190e-02
9.046398e-02
9.049679e-02
9.052896e-02
9.056236e-02
9.059442e-02
9.062721e-02
9.065936e-02
9.069276e-02
9.072481e-02
9.075759e-02
9.078974e-02
9.082255e-02
9.085468e-02
9.088805e-02
9.092007e-02
9.095284e-02
9.098497e-02
9.101778e-02
9.104990e-02
9.108269e-02
9.111480e-02
9.114757e-02
9.117965e-02
9.121241e-02
9.123813e-02
9.126446e-02
9.129023e-02
9.131651e-02
9.134225e-02
9.136822e-02
9.139389e-02
9.141979e-02
9.144540e-02
9.147123e-02
9.149678e-02
9.152259e-02
9.154898e-02
9.157595e-02
9.160359e-02
9.163399e-02
9.166693e-02
9.170062e-02
9.173348e-02
9.176700e-02
9.179968e-02
9.183309e-02
9.185801e-02
9.188479e-02
9.190971e-02
9.193521e-02
9.196012e-02
9.198526e-02
9.201087e-02
9.203602e-02
9.206094e-02
9.208607e-02
9.211100e-02
9.213614e-02
9.216107e-02
9.218621e-02
9.221114e-02
9.223629e-02
9.226123e-02
9.228639e-02
9.231133e-02
9.233649e-02
9.236144e-02
9.238661e-02
9.241227e-02
9.243745e-02
9.246312e-02
9.248830e-02
9.251397e-02
9.253916e-02
9.256483e-02
9.259002e-02
9.261569e-02
9.264088e-02
9.266859e-02
9.269907e-02
9.273015e-02
9.276184e-02
9.279290e-02
9.282458e-02
9.285317e-02
9.288226e-02
9.291084e-02
9.293966e-02
9.296822e-02
9.299703e-02
9.302558e-02
9.305438e-02
9.308547e-02
9.311719e-02
9.314829e-02
9.318002e-02
9.321242e-02
9.324558e-02
9.327842e-02
9.331207e-02
9.334088e-02
9.337257e-02
9.340482e-02
9.343785e-02
9.346981e-02
9.350246e-02
9.353406e-02
9.356640e-02
9.359776e-02
9.362987e-02
9.365895e-02
9.369094e-02
9.372002e-02
9.375201e-02
9.378109e-02
9.381308e-02
9.384215e-02
9.387413e-02
9.390306e-02
9.393243e-02
9.396136e-02
9.399187e-02
9.402091e-02
9.405057e-02
9.408064e-02
9.411174e-02
9.414099e-02
9.417000e-02
9.419946e-02
9.422966e-02
9.425873e-02
9.428811e-02
9.431737e-02
9.434697e-02
9.437190e-02
9.439932e-02
9.442426e-02
9.445078e-02
9.447977e-02
9.451033e-02
9.454087e-02
9.457167e-02
9.460101e-02
9.463198e-02
9.465695e-02
9.468237e-02
9.470734e-02
9.473277e-02
9.475776e-02
9.478319e-02
9.480818e-02
9.483362e-02
9.485862e-02
9.488407e-02
9.490907e-02
9.493453e-02
9.495953e-02
9.498500e-02
9.501001e-02
9.503548e-02
9.506049e-02
9.508597e-02
9.511099e-02
9.513647e-02
9.516150e-02
9.518698e-02
9.521202e-02
9.523751e-02
9.526255e-02
9.528805e-02
9.531309e-02
9.533860e-02
9.536365e-02
9.538916e-02
9.541421e-02
9.543973e-02
9.546479e-02
9.549032e-02
9.551539e-02
9.554092e-02
9.556599e-02
9.559153e-02
9.561661e-02
9.564216e-02
9.566724e-02
9.569280e-02
9.571789e-02
9.574345e-02
9.576855e-02
9.579412e-02
9.581922e-02
9.584480e-02
9.586991e-02
9.589550e-02
9.592062e-02
9.594621e-02
9.597133e-02
9.599693e-02
9.602207e-02
9.604767e-02
9.607282e-02
9.609843e-02
9.612358e-02
9.614921e-02
9.617437e-02
9.620000e-02
9.622517e-02
9.625082e-02
9.627599e-02
9.630165e-02
9.632684e-02
9.635251e-02
9.637770e-02
9.640339e-02
9.642859e-02
9.645429e-02
9.647951e-02
9.650522e-02
9.653045e-02
9.655618e-02
9.658143e-02
9.660717e-02
9.663243e-02
9.665819e-02
9.668347e-02
9.670925e-02
9.673455e-02
9.676035e-02
9.678566e-02
9.681149e-02
9.683682e-02
9.686267e-02
9.688802e-02
9.691390e-02
9.693927e-02
9.696518e-02
9.699057e-02
9.701651e-02
9.704194e-02
9.706791e-02
9.709336e-02
9.711937e-02
9.714485e-02
9.717090e-02
9.719641e-02
9.722251e-02
9.724806e-02
9.727420e-02
9.729979e-02
9.732598e-02
9.735161e-02
9.737787e-02
9.740354e-02
9.742986e-02
9.745559e-02
9.748197e-02
9.750776e-02
9.753422e-02
9.756145e-02
9.758957e-02
9.761873e-02
9.764886e-02
9.767826e-02
9.770841e-02
9.773780e-02
9.776795e-02
9.779731e-02
9.782744e-02
9.785679e-02
9.788691e-02
9.791626e-02
9.794639e-02
9.797575e-02
9.800589e-02
9.803527e-02
9.806543e-02
9.809483e-02
9.812503e-02
9.815445e-02
9.818469e-02
9.821415e-02
9.824444e-02
9.827393e-02
9.830427e-02
9.833380e-02
9.836421e-02
9.839379e-02
9.842427e-02
9.845391e-02
9.848448e-02
9.851418e-02
9.854484e-02
9.857462e-02
9.860541e-02
9.863527e-02
9.866620e-02
9.869617e-02
9.872728e-02
9.875737e-02
9.878868e-02
9.881893e-02
9.885049e-02
9.888092e-02
9.891279e-02
9.894344e-02
9.897567e-02
9.900659e-02
9.903927e-02
9.907051e-02
9.910373e-02
9.913536e-02
9.916800e-02
9.919924e-02
9.923208e-02
9.926192e-02
9.929287e-02
9.932173e-02
9.935255e-02
9.938163e-02
9.941219e-02
9.944142e-02
9.947214e-02
9.950142e-02
9.953216e-02
9.956191e-02
9.959295e-02
9.962305e-02
9.965342e-02
9.968383e-02
9.971394e-02
9.974331e-02
9.977392e-02
9.980361e-02
9.983352e-02
9.986324e-02
9.989341e-02
9.992347e-02
9.995382e-02
9.998385e-02
1.000142e-01
1.000434e-01
1.000739e-01
1.001036e-01
1.001337e-01
1.001632e-01
1.001936e-01
1.002247e-01
1.002565e-01
1.002858e-01
1.003181e-01
1.003495e-01
1.003800e-01
1.004093e-01
1.004415e-01
1.004716e-01
1.005035e-01
1.005327e-01
1.005646e-01
1.005967e-01
1.006297e-01
1.006623e-01
1.006959e-01
1.007251e-01
1.007557e-01
1.007882e-01
1.008227e-01
1.008573e-01
1.008917e-01
1.009185e-01
1.009480e-01
1.009748e-01
1.010039e-01
1.010308e-01
1.010595e-01
1.010911e-01
1.011239e-01
1.011547e-01
1.011865e-01
1.012194e-01
1.012496e-01
1.012772e-01
1.013075e-01
1.013390e-01
1.013692e-01
1.014000e-01
1.014314e-01
1.014599e-01
1.014890e-01
1.015176e-01
1.015467e-01
1.015763e-01
1.016066e-01
1.016400e-01
1.016759e-01
1.017060e-01
1.017368e-01
1.017683e-01
1.018007e-01
1.018341e-01
1.018688e-01
1.019050e-01
1.019418e-01
1.019794e-01
1.020179e-01
1.020550e-01
1.020932e-01
1.021321e-01
1.021703e-01
1.022093e-01
1.022493e-01
1.022878e-01
1.023276e-01
1.023681e-01
1.024077e-01
1.024482e-01
1.024897e-01
1.025296e-01
1.025707e-01
1.026115e-01
1.026528e-01
1.026949e-01
1.027369e-01
1.027778e-01
1.028200e-01
1.028480e-01
1.028765e-01
1.029056e-01
1.029354e-01
1.029634e-01
1.029920e-01
1.030200e-01
1.030486e-01
1.030767e-01
1.031052e-01
1.031333e-01
1.031619e-01
1.031900e-01
1.032186e-01
1.032478e-01
1.032776e-01
1.033082e-01
1.033397e-01
1.033720e-01
1.034054e-01
1.034399e-01
1.034756e-01
1.035124e-01
1.035502e-01
1.035889e-01
1.036284e-01
1.036703e-01
1.037124e-01
1.037544e-01
1.037964e-01
1.038385e-01
1.038806e-01
1.039227e-01
1.039648e-01
1.040069e-01
1.040491e-01
1.040912e-01
1.041334e-01
1.041756e-01
1.042178e-01
1.042600e-01
1.043022e-01
1.043444e-01
1.043868e-01
1.044292e-01
1.044715e-01
1.044993e-01
1.045277e-01
1.045567e-01
1.045848e-01
1.046136e-01
1.046417e-01
1.046705e-01
1.046987e-01
1.047275e-01
1.047557e-01
1.047846e-01
1.048129e-01
1.048417e-01
1.048700e-01
1.048990e-01
1.049273e-01
1.049563e-01
1.049847e-01
1.050137e-01
1.050421e-01
1.050712e-01
1.050997e-01
1.051288e-01
1.051574e-01
1.051866e-01
1.052166e-01
1.052476e-01
1.052796e-01
1.053129e-01
1.053475e-01
1.053834e-01
1.054207e-01
1.054590e-01
1.054983e-01
1.055383e-01
1.055787e-01
1.056195e-01
1.056605e-01
1.057015e-01
1.057427e-01
1.057839e-01
1.058252e-01
1.058665e-01
1.059078e-01
1.059492e-01
1.059906e-01
1.060194e-01
1.060499e-01
1.060788e-01
1.061082e-01
1.061370e-01
1.061664e-01
1.061953e-01
1.062247e-01
1.062536e-01
1.062828e-01
1.063117e-01
1.063408e-01
1.063697e-01
1.063989e-01
1.064278e-01
1.064570e-01
1.064859e-01
1.065160e-01
1.065449e-01
1.065748e-01
1.066038e-01
1.066337e-01
1.066627e-01
1.066926e-01
1.067245e-01
1.067580e-01
1.067938e-01
1.068313e-01
1.068709e-01
1.069118e-01
1.069537e-01
1.069962e-01
1.070254e-01
1.070573e-01
1.070924e-01
1.071300e-01
1.071700e-01
1.072115e-01
1.072410e-01
1.072734e-01
1.073090e-01
1.073480e-01
1.073894e-01
1.074319e-01
1.074747e-01
1.075175e-01
1.075604e-01
1.076033e-01
1.076462e-01
1.076891e-01
1.077319e-01
1.077748e-01
1.078044e-01
1.078369e-01
1.078665e-01
1.078980e-01
1.079327e-01
1.079697e-01
1.080094e-01
1.080508e-01
1.080935e-01
1.081362e-01
1.081789e-01
1.082217e-01
1.082644e-01
1.083071e-01
1.083392e-01
1.083746e-01
1.084042e-01
1.084369e-01
1.084666e-01
1.084983e-01
1.085280e-01
1.085594e-01
1.085891e-01
1.086201e-01
1.086534e-01
1.086887e-01
1.087263e-01
1.087658e-01
1.088071e-01
1.088496e-01
1.088921e-01
1.089346e-01
1.089771e-01
1.090195e-01
1.090620e-01
1.091045e-01
1.091367e-01
1.091700e-01
1.092046e-01
1.092405e-01
1.092728e-01
1.093060e-01
1.093403e-01
1.093759e-01
1.094057e-01
1.094385e-01
1.094683e-01
1.094999e-01
1.095297e-01
1.095609e-01
1.095907e-01
1.096217e-01
1.096515e-01
1.096824e-01
1.097123e-01
1.097430e-01
1.097729e-01
1.098036e-01
1.098334e-01
1.098641e-01
1.098939e-01
1.099245e-01
1.099544e-01
1.099850e-01
1.100168e-01
1.100494e-01
1.100827e-01
1.101169e-01
1.101493e-01
1.101825e-01
1.102149e-01
1.102482e-01
1.102806e-01
1.103140e-01
1.103466e-01
1.103800e-01
1.104126e-01
1.104461e-01
1.104760e-01
1.105090e-01
1.105390e-01
1.105710e-01
1.106009e-01
1.106324e-01
1.106647e-01
1.106975e-01
1.107298e-01
1.107625e-01
1.107948e-01
1.108275e-01
1.108576e-01
1.108903e-01
1.109204e-01
1.109523e-01
1.109824e-01
1.110139e-01
1.110439e-01
1.110752e-01
1.111074e-01
1.111399e-01
1.111721e-01
1.112047e-01
1.112369e-01
1.112694e-01
1.113016e-01
1.113345e-01
1.113646e-01
1.113974e-01
1.114275e-01
1.114594e-01
1.114895e-01
1.115209e-01
1.115531e-01
1.115860e-01
1.116183e-01
1.116512e-01
1.116835e-01
1.117165e-01
1.117487e-01
1.117817e-01
1.118119e-01
1.118449e-01
1.118771e-01
1.119097e-01
1.119420e-01
1.119745e-01
1.120067e-01
1.120394e-01
1.120716e-01
1.121045e-01
1.121367e-01
1.121696e-01
1.122019e-01
1.122349e-01
1.122673e-01
1.123003e-01
1.123307e-01
1.123616e-01
1.123920e-01
1.124249e-01
1.124553e-01
1.124865e-01
1.125169e-01
1.125481e-01
1.125784e-01
1.126097e-01
1.126401e-01
1.126731e-01
1.127072e-01
1.127403e-01
1.127732e-01
1.128056e-01
1.128360e-01
1.128669e-01
1.128972e-01
1.129282e-01
1.129585e-01
1.129894e-01
1.130198e-01
1.130507e-01
1.130810e-01
1.131120e-01
1.131423e-01
1.131732e-01
1.132035e-01
1.132345e-01
1.132648e-01
1.132957e-01
1.133264e-01
1.133575e-01
1.133882e-01
1.134192e-01
1.134499e-01
1.134809e-01
1.135116e-01
1.135429e-01
1.135737e-01
1.136050e-01
1.136357e-01
1.136670e-01
1.136977e-01
1.137290e-01
1.137597e-01
1.137910e-01
1.138217e-01
1.138530e-01
1.138837e-01
1.139150e-01
1.139457e-01
1.139769e-01
1.140076e-01
1.140389e-01
1.140696e-01
1.141009e-01
1.141316e-01
1.141629e-01
1.141936e-01
1.142249e-01
1.142556e-01
1.142869e-01
1.143176e-01
1.143489e-01
1.143796e-01
1.144109e-01
1.144416e-01
1.144730e-01
1.145037e-01
1.145350e-01
1.145657e-01
1.145971e-01
1.146278e-01
1.146592e-01
1.146899e-01
1.147213e-01
1.147521e-01
1.147835e-01
1.148142e-01
1.148457e-01
1.148765e-01
1.149079e-01
1.149387e-01
1.149702e-01
1.150011e-01
1.150326e-01
1.150635e-01
1.150951e-01
1.151260e-01
1.151576e-01
1.151886e-01
1.152203e-01
1.152513e-01
1.152831e-01
1.153141e-01
1.153460e-01
1.153772e-01
1.154091e-01
1.154403e-01
1.154725e-01
1.155038e-01
1.155360e-01
1.155674e-01
1.155999e-01
1.156314e-01
1.156641e-01
1.156958e-01
1.157287e-01
1.157606e-01
1.157938e-01
1.158284e-01
1.158645e-01
1.159021e-01
1.159414e-01
1.159719e-01
1.160030e-01
1.160348e-01
1.160673e-01
1.160978e-01
1.161289e-01
1.161606e-01
1.161930e-01
1.162236e-01
1.162561e-01
1.162884e-01
1.163218e-01
1.163567e-01
1.163909e-01
1.164257e-01
1.164603e-01
1.164946e-01
1.165298e-01
1.165603e-01
1.165914e-01
1.166220e-01
1.166533e-01
1.166840e-01
1.167155e-01
1.167463e-01
1.167778e-01
1.168087e-01
1.168403e-01
1.168713e-01
1.169031e-01
1.169342e-01
1.169661e-01
1.169972e-01
1.170293e-01
1.170606e-01
1.170928e-01
1.171242e-01
1.171565e-01
1.171880e-01
1.172205e-01
1.172521e-01
1.172848e-01
1.173165e-01
1.173495e-01
1.173814e-01
1.174146e-01
1.174468e-01
1.174805e-01
1.175131e-01
1.175473e-01
1.175803e-01
1.176153e-01
1.176523e-01
1.176910e-01
1.177292e-01
1.177687e-01
1.178089e-01
1.178495e-01
1.178905e-01
1.179317e-01
1.179732e-01
1.180149e-01
1.180574e-01
1.180999e-01
1.181424e-01
1.181849e-01
1.182274e-01
1.182699e-01
1.183124e-01
1.183549e-01
1.183974e-01
1.184399e-01
1.184823e-01
1.185248e-01
1.185673e-01
1.186098e-01
1.186523e-01
1.186947e-01
1.187372e-01
1.187797e-01
1.188222e-01
1.188647e-01
1.189072e-01
1.189497e-01
1.189922e-01
1.190347e-01
1.190773e-01
1.191198e-01
1.191623e-01
1.192049e-01
1.192475e-01
1.192900e-01
1.193326e-01
1.193752e-01
1.194177e-01
1.194603e-01
1.195029e-01
1.195454e-01
1.195880e-01
1.196306e-01
1.196732e-01
1.197157e-01
1.197583e-01
1.198009e-01
1.198435e-01
1.198861e-01
1.199288e-01
1.199714e-01
1.200140e-01
1.200566e-01
1.200993e-01
1.201419e-01
1.201845e-01
1.202271e-01
1.202698e-01
1.203124e-01
1.203550e-01
1.203976e-01
1.204403e-01
1.204829e-01
1.205255e-01
1.205682e-01
1.206108e-01
1.206535e-01
1.206961e-01
1.207387e-01
1.207814e-01
1.208240e-01
1.208667e-01
1.209093e-01
1.209520e-01
1.209947e-01
1.210373e-01
1.210800e-01
1.211227e-01
1.211653e-01
1.212080e-01
1.212507e-01
1.212934e-01
1.213361e-01
1.213788e-01
1.214215e-01
1.214642e-01
1.215069e-01
1.215496e-01
1.215923e-01
1.216350e-01
1.216778e-01
1.217205e-01
1.217633e-01
1.218060e-01
1.218488e-01
1.218915e-01
1.219343e-01
1.219771e-01
1.220198e-01
1.220626e-01
1.221054e-01
1.221482e-01
1.221910e-01
1.222338e-01
1.222767e-01
1.223195e-01
1.223624e-01
1.224052e-01
1.224481e-01
1.224910e-01
1.225339e-01
1.225767e-01
1.226197e-01
1.226626e-01
1.227055e-01
1.227484e-01
1.227914e-01
1.228343e-01
1.228772e-01
1.229201e-01
1.229630e-01
1.230059e-01
1.230488e-01
1.230917e-01
1.231346e-01
1.231775e-01
1.232203e-01
1.232632e-01
1.233061e-01
1.233489e-01
1.233917e-01
1.234346e-01
1.234774e-01
1.235202e-01
1.235631e-01
1.236059e-01
1.236487e-01
1.236914e-01
1.237342e-01
1.237770e-01
1.238198e-01
1.238625e-01
1.239053e-01
1.239480e-01
1.239908e-01
1.240335e-01
1.240762e-01
1.241190e-01
1.241617e-01
1.242044e-01
1.242471e-01
1.242898e-01
1.243324e-01
1.243751e-01
1.244178e-01
1.244605e-01
1.245031e-01
1.245458e-01
1.245884e-01
1.246311e-01
1.246737e-01
1.247164e-01
1.247590e-01
1.248016e-01
1.248442e-01
1.248869e-01
1.249295e-01
1.249721e-01
1.250147e-01
1.250573e-01
1.250999e-01
1.251425e-01
1.251851e-01
1.252276e-01
1.252702e-01
1.253128e-01
1.253554e-01
1.253979e-01
1.254405e-01
1.254830e-01
1.255256e-01
1.255681e-01
1.256106e-01
1.256532e-01
1.256957e-01
1.257382e-01
1.257807e-01
1.258132e-01
1.258488e-01
1.258861e-01
1.259167e-01
1.259485e-01
1.259815e-01
1.260119e-01
1.260435e-01
1.260741e-01
1.261061e-01
1.261370e-01
1.261693e-01
1.262005e-01
1.262332e-01
1.262647e-01
1.262979e-01
1.263297e-01
1.263636e-01
1.263985e-01
1.264342e-01
1.264694e-01
1.265054e-01
1.265407e-01
1.265767e-01
1.266119e-01
1.266480e-01
1.266831e-01
1.267190e-01
1.267540e-01
1.267899e-01
1.268249e-01
1.268607e-01
1.268957e-01
1.269315e-01
1.269665e-01
1.270023e-01
1.270372e-01
1.270730e-01
1.271080e-01
1.271439e-01
1.271788e-01
1.272147e-01
1.272497e-01
1.272856e-01
1.273206e-01
1.273565e-01
1.273916e-01
1.274275e-01
1.274626e-01
1.274986e-01
1.275338e-01
1.275698e-01
1.276050e-01
1.276411e-01
1.276764e-01
1.277126e-01
1.277478e-01
1.277841e-01
1.278195e-01
1.278558e-01
1.278912e-01
1.279277e-01
1.279632e-01
1.279997e-01
1.280353e-01
1.280720e-01
1.281094e-01
1.281473e-01
1.281858e-01
1.282248e-01
1.282657e-01
1.283079e-01
1.283501e-01
1.283923e-01
1.284346e-01
1.284768e-01
1.285190e-01
1.285612e-01
1.286035e-01
1.286457e-01
1.286879e-01
1.287301e-01
1.287723e-01
1.288145e-01
1.288567e-01
1.288989e-01
1.289411e-01
1.289833e-01
1.290255e-01
1.290677e-01
1.291099e-01
1.291521e-01
1.291943e-01
1.292364e-01
1.292786e-01
1.293208e-01
1.293630e-01
1.294051e-01
1.294473e-01
1.294894e-01
1.295316e-01
1.295737e-01
1.296159e-01
1.296580e-01
1.297002e-01
1.297423e-01
1.297844e-01
1.298265e-01
1.298687e-01
1.299108e-01
1.299529e-01
1.299950e-01
1.300371e-01
1.300792e-01
1.301213e-01
1.301633e-01
1.302054e-01
1.302475e-01
1.302896e-01
1.303316e-01
1.303737e-01
1.304157e-01
1.304578e-01
1.304998e-01
1.305419e-01
1.305839e-01
1.306259e-01
1.306680e-01
1.307100e-01
1.307520e-01
1.307940e-01
1.308360e-01
1.308780e-01
1.309200e-01
1.309620e-01
1.310040e-01
1.310460e-01
1.310880e-01
1.311300e-01
1.311720e-01
1.312140e-01
1.312559e-01
1.312979e-01
1.313399e-01
1.313819e-01
1.314238e-01
1.314658e-01
1.315078e-01
1.315498e-01
1.315917e-01
1.316337e-01
1.316757e-01
1.317176e-01
1.317596e-01
1.318016e-01
1.318435e-01
1.318855e-01
1.319275e-01
1.319695e-01
1.320114e-01
1.320534e-01
1.320953e-01
1.321373e-01
1.321793e-01
1.322212e-01
1.322632e-01
1.323052e-01
1.323471e-01
1.323891e-01
1.324310e-01
1.324730e-01
1.325150e-01
1.325569e-01
1.325989e-01
1.326408e-01
1.326828e-01
1.327248e-01
1.327667e-01
1.328087e-01
1.328507e-01
1.328926e-01
1.329346e-01
1.329766e-01
1.330185e-01
1.330605e-01
1.331025e-01
1.331374e-01
1.331758e-01
1.332164e-01
1.332479e-01
1.332812e-01
1.333162e-01
1.333475e-01
1.333807e-01
1.334125e-01
1.334465e-01
1.334788e-01
1.335122e-01
1.335453e-01
1.335793e-01
1.336129e-01
1.336474e-01
1.336826e-01
1.337192e-01
1.337576e-01
1.337972e-01
1.338358e-01
1.338755e-01
1.339156e-01
1.339562e-01
1.339969e-01
1.340379e-01
1.340799e-01
1.341219e-01
1.341639e-01
1.342060e-01
1.342480e-01
1.342900e-01
1.343320e-01
1.343741e-01
1.344161e-01
1.344581e-01
1.345001e-01
1.345422e-01
1.345842e-01
1.346262e-01
1.346683e-01
1.347103e-01
1.347523e-01
1.347944e-01
1.348364e-01
1.348785e-01
1.349205e-01
1.349625e-01
1.350046e-01
1.350466e-01
1.350887e-01
1.351307e-01
1.351728e-01
1.352148e-01
1.352568e-01
1.352989e-01
1.353409e-01
1.353830e-01
1.354250e-01
1.354671e-01
1.355091e-01
1.355512e-01
1.355932e-01
1.356352e-01
1.356773e-01
1.357193e-01
1.357613e-01
1.358033e-01
1.358453e-01
1.358874e-01
1.359294e-01
1.359714e-01
1.360134e-01
1.360554e-01
1.360867e-01
1.361204e-01
1.361556e-01
1.361906e-01
1.362252e-01
1.362609e-01
1.362955e-01
1.363312e-01
1.363658e-01
1.364013e-01
1.364359e-01
1.364713e-01
1.365058e-01
1.365412e-01
1.365755e-01
1.366109e-01
1.366452e-01
1.366805e-01
1.367166e-01
1.367533e-01
1.367920e-01
1.368325e-01
1.368743e-01
1.369162e-01
1.369581e-01
1.370001e-01
1.370420e-01
1.370839e-01
1.371258e-01
1.371677e-01
1.372096e-01
1.372515e-01
1.372934e-01
1.373353e-01
1.373772e-01
1.374191e-01
1.374610e-01
1.375028e-01
1.375447e-01
1.375866e-01
1.376284e-01
1.376703e-01
1.377122e-01
1.377540e-01
1.377959e-01
1.378377e-01
1.378796e-01
1.379214e-01
1.379632e-01
1.380051e-01
1.380469e-01
1.380888e-01
1.381306e-01
1.381725e-01
1.382143e-01
1.382562e-01
1.382980e-01
1.383399e-01
1.383817e-01
1.384236e-01
1.384654e-01
1.385073e-01
1.385491e-01
1.385910e-01
1.386329e-01
1.386747e-01
1.387166e-01
1.387585e-01
1.388003e-01
1.388422e-01
1.388841e-01
1.389259e-01
1.389678e-01
1.390097e-01
1.390515e-01
1.390934e-01
1.391353e-01
1.391772e-01
1.392191e-01
1.392609e-01
1.393028e-01
1.393447e-01
1.393866e-01
1.394285e-01
1.394704e-01
1.395123e-01
1.395542e-01
1.395962e-01
1.396381e-01
1.396800e-01
1.397219e-01
1.397639e-01
1.398058e-01
1.398477e-01
1.398896e-01
1.399316e-01
1.399735e-01
1.400154e-01
1.400573e-01
1.400993e-01
1.401412e-01
1.401831e-01
1.402250e-01
1.402670e-01
1.403089e-01
1.403508e-01
1.403928e-01
1.404347e-01
1.404766e-01
1.405186e-01
1.405605e-01
1.406025e-01
1.406444e-01
1.406864e-01
1.407283e-01
1.407703e-01
1.408123e-01
1.408542e-01
1.408962e-01
1.409382e-01
1.409802e-01
1.410222e-01
1.410642e-01
1.411062e-01
1.411482e-01
1.411902e-01
1.412322e-01
1.412743e-01
1.413163e-01
1.413583e-01
1.414004e-01
1.414424e-01
1.414845e-01
1.415266e-01
1.415686e-01
1.416107e-01
1.416528e-01
1.416949e-01
1.417370e-01
1.417791e-01
1.418213e-01
1.418634e-01
1.419055e-01
1.419477e-01
1.419899e-01
1.420320e-01
1.420742e-01
1.421164e-01
1.421587e-01
1.422009e-01
1.422431e-01
1.422854e-01
1.423277e-01
1.423700e-01
1.424123e-01
1.424546e-01
1.424970e-01
1.425393e-01
1.425709e-01
1.426050e-01
1.426406e-01
1.426713e-01
1.427034e-01
1.427372e-01
1.427678e-01
1.428001e-01
1.428337e-01
1.428678e-01
1.429016e-01
1.429360e-01
1.429697e-01
1.430042e-01
1.430378e-01
1.430723e-01
1.431059e-01
1.431404e-01
1.431740e-01
1.432084e-01
1.432420e-01
1.432764e-01
1.433099e-01
1.433443e-01
1.433779e-01
1.434123e-01
1.434459e-01
1.434804e-01
1.435141e-01
1.435487e-01
1.435825e-01
1.436172e-01
1.436510e-01
1.436857e-01
1.437195e-01
1.437542e-01
1.437881e-01
1.438228e-01
1.438567e-01
1.438916e-01
1.439255e-01
1.439605e-01
1.439945e-01
1.440296e-01
1.440638e-01
1.440990e-01
1.441333e-01
1.441687e-01
1.442032e-01
1.442387e-01
1.442734e-01
1.443092e-01
1.443458e-01
1.443832e-01
1.444212e-01
1.444613e-01
1.445031e-01
1.445460e-01
1.445891e-01
1.446323e-01
1.446755e-01
1.447187e-01
1.447619e-01
1.448051e-01
1.448483e-01
1.448916e-01
1.449348e-01
1.449781e-01
1.450214e-01
1.450647e-01
1.451080e-01
1.451513e-01
1.451947e-01
1.452380e-01
1.452814e-01
1.453248e-01
1.453681e-01
1.454115e-01
1.454549e-01
1.454984e-01
1.455418e-01
1.455852e-01
1.456287e-01
1.456721e-01
1.457156e-01
1.457591e-01
1.458026e-01
1.458461e-01
1.458896e-01
1.459331e-01
1.459767e-01
1.460202e-01
1.460637e-01
1.461073e-01
1.461508e-01
1.461943e-01
1.462379e-01
1.462814e-01
1.463249e-01
1.463684e-01
1.464119e-01
1.464554e-01
1.464989e-01
1.465424e-01
1.465859e-01
1.466294e-01
1.466729e-01
1.467164e-01
1.467598e-01
1.468033e-01
1.468468e-01
1.468902e-01
1.469336e-01
1.469770e-01
1.470204e-01
1.470637e-01
1.471070e-01
1.471502e-01
1.471935e-01
1.472367e-01
1.472799e-01
1.473230e-01
1.473661e-01
1.474092e-01
1.474523e-01
1.474953e-01
1.475383e-01
1.475813e-01
1.476242e-01
1.476671e-01
1.477100e-01
1.477529e-01
1.477957e-01
1.478385e-01
1.478813e-01
1.479240e-01
1.479667e-01
1.480094e-01
1.480521e-01
1.480947e-01
1.481373e-01
1.481799e-01
1.482225e-01
1.482650e-01
1.483075e-01
1.483500e-01
1.483925e-01
1.484349e-01
1.484774e-01
1.485198e-01
1.485622e-01
1.486046e-01
1.486470e-01
1.486893e-01
1.487317e-01
1.487740e-01
1.488163e-01
1.488586e-01
1.489009e-01
1.489432e-01
1.489854e-01
1.490277e-01
1.490699e-01
1.491122e-01
1.491544e-01
1.491966e-01
1.492389e-01
1.492811e-01
1.493233e-01
1.493655e-01
1.494077e-01
1.494499e-01
1.494921e-01
1.495343e-01
1.495765e-01
1.496187e-01
1.496609e-01
1.497031e-01
1.497453e-01
1.497875e-01
1.498297e-01
1.498719e-01
1.499141e-01
1.499563e-01
1.499984e-01
1.500338e-01
1.500706e-01
1.501093e-01
1.501498e-01
1.501919e-01
1.502277e-01
1.502659e-01
1.503065e-01
1.503488e-01
1.503819e-01
1.504161e-01
1.504515e-01
1.504817e-01
1.505125e-01
1.505426e-01
1.505724e-01
1.506025e-01
1.506332e-01
1.506634e-01
1.506941e-01
1.507254e-01
1.507549e-01
1.507847e-01
1.508150e-01
1.508448e-01
1.508752e-01
1.509050e-01
1.509355e-01
1.509661e-01
1.509973e-01
1.510291e-01
1.510616e-01
1.510950e-01
1.511258e-01
1.511570e-01
1.511889e-01
1.512214e-01
1.512546e-01
1.512887e-01
1.513198e-01
1.513514e-01
1.513826e-01
1.514147e-01
1.514460e-01
1.514784e-01
1.515099e-01
1.515425e-01
1.515742e-01
1.516070e-01
1.516389e-01
1.516717e-01
1.517037e-01
1.517366e-01
1.517688e-01
1.517980e-01
1.518278e-01
1.518582e-01
1.518871e-01
1.519163e-01
1.519461e-01
1.519767e-01
1.520057e-01
1.520351e-01
1.520641e-01
1.520934e-01
1.521224e-01
1.521516e-01
1.521806e-01
1.522098e-01
1.522388e-01
1.522680e-01
1.522969e-01
1.523261e-01
1.523550e-01
1.523857e-01
1.524162e-01
1.524470e-01
1.524776e-01
1.525085e-01
1.525393e-01
1.525704e-01
1.526013e-01
1.526325e-01
1.526636e-01
1.526949e-01
1.527260e-01
1.527575e-01
1.527887e-01
1.528205e-01
1.528519e-01
1.528842e-01
1.529156e-01
1.529486e-01
1.529800e-01
1.530130e-01
1.530463e-01
1.530804e-01
1.531119e-01
1.531448e-01
1.531781e-01
1.532122e-01
1.532439e-01
1.532770e-01
1.533103e-01
1.533433e-01
1.533765e-01
1.534105e-01
1.534432e-01
1.534772e-01
1.535105e-01
1.535445e-01
1.535778e-01
1.536119e-01
1.536452e-01
1.536792e-01
1.537095e-01
1.537429e-01
1.537735e-01
1.538064e-01
1.538372e-01
1.538699e-01
1.539008e-01
1.539333e-01
1.539665e-01
1.540006e-01
1.540317e-01
1.540641e-01
1.540973e-01
1.541313e-01
1.541627e-01
1.541954e-01
1.542287e-01
1.542613e-01
1.542945e-01
1.543285e-01
1.543609e-01
1.543948e-01
1.544249e-01
1.544577e-01
1.544922e-01
1.545287e-01
1.545590e-01
1.545908e-01
1.546213e-01
1.546532e-01
1.546867e-01
1.547218e-01
1.547527e-01
1.547848e-01
1.548184e-01
1.548535e-01
1.548847e-01
1.549173e-01
1.549514e-01
1.549838e-01
1.550173e-01
1.550524e-01
1.550823e-01
1.551141e-01
1.551442e-01
1.551758e-01
1.552061e-01
1.552376e-01
1.552707e-01
1.553054e-01
1.553419e-01
1.553802e-01
1.554204e-01
1.554620e-01
1.555041e-01
1.555463e-01
1.555884e-01
1.556305e-01
1.556727e-01
1.557149e-01
1.557571e-01
1.557994e-01
1.558416e-01
1.558839e-01
1.559262e-01
1.559685e-01
1.560108e-01
1.560532e-01
1.560956e-01
1.561380e-01
1.561804e-01
1.562228e-01
1.562653e-01
1.563078e-01
1.563503e-01
1.563928e-01
1.564353e-01
1.564779e-01
1.565204e-01
1.565629e-01
1.566054e-01
1.566478e-01
1.566903e-01
1.567328e-01
1.567752e-01
1.568177e-01
1.568601e-01
1.569026e-01
1.569450e-01
1.569874e-01
1.570298e-01
1.570723e-01
1.571147e-01
1.571571e-01
1.571995e-01
1.572419e-01
1.572843e-01
1.573267e-01
1.573692e-01
1.574116e-01
1.574540e-01
1.574964e-01
1.575388e-01
1.575812e-01
1.576236e-01
1.576660e-01
1.577084e-01
1.577508e-01
1.577933e-01
1.578357e-01
1.578781e-01
1.579204e-01
1.579628e-01
1.580051e-01
1.580475e-01
1.580898e-01
1.581321e-01
1.581744e-01
1.582167e-01
1.582590e-01
1.583013e-01
1.583435e-01
1.583858e-01
1.584281e-01
1.584703e-01
1.585125e-01
1.585548e-01
1.585970e-01
1.586392e-01
1.586814e-01
1.587237e-01
1.587659e-01
1.588081e-01
1.588503e-01
1.588925e-01
1.589347e-01
1.589770e-01
1.590192e-01
1.590614e-01
1.591036e-01
1.591458e-01
1.591881e-01
1.592303e-01
1.592726e-01
1.593148e-01
1.593571e-01
1.593994e-01
1.594416e-01
1.594839e-01
1.595262e-01
1.595685e-01
1.596108e-01
1.596532e-01
1.596955e-01
1.597379e-01
1.597802e-01
1.598226e-01
1.598650e-01
1.598958e-01
1.599274e-01
1.599597e-01
1.599911e-01
1.600231e-01
1.600544e-01
1.600864e-01
1.601178e-01
1.601498e-01
1.601811e-01
1.602132e-01
1.602445e-01
1.602765e-01
1.603079e-01
1.603400e-01
1.603713e-01
1.604034e-01
1.604348e-01
1.604669e-01
1.604983e-01
1.605304e-01
1.605619e-01
1.605941e-01
1.606255e-01
1.606577e-01
1.606892e-01
1.607215e-01
1.607530e-01
1.607853e-01
1.608169e-01
1.608493e-01
1.608809e-01
1.609133e-01
1.609450e-01
1.609775e-01
1.610092e-01
1.610418e-01
1.610736e-01
1.611063e-01
1.611382e-01
1.611710e-01
1.612029e-01
1.612358e-01
1.612697e-01
1.613048e-01
1.613411e-01
1.613787e-01
1.614176e-01
1.614577e-01
1.614989e-01
1.615408e-01
1.615834e-01
1.616263e-01
1.616692e-01
1.617121e-01
1.617549e-01
1.617977e-01
1.618406e-01
1.618834e-01
1.619262e-01
1.619690e-01
1.620118e-01
1.620546e-01
1.620974e-01
1.621402e-01
1.621830e-01
1.622257e-01
1.622685e-01
1.623113e-01
1.623541e-01
1.623969e-01
1.624397e-01
1.624825e-01
1.625253e-01
1.625681e-01
1.626109e-01
1.626537e-01
1.626965e-01
1.627393e-01
1.627821e-01
1.628250e-01
1.628678e-01
1.629106e-01
1.629534e-01
1.629962e-01
1.630390e-01
1.630819e-01
1.631247e-01
1.631675e-01
1.632103e-01
1.632532e-01
1.632960e-01
1.633388e-01
1.633817e-01
1.634245e-01
1.634674e-01
1.635102e-01
1.635530e-01
1.635959e-01
1.636388e-01
1.636816e-01
1.637245e-01
1.637673e-01
1.638102e-01
1.638531e-01
1.638959e-01
1.639388e-01
1.639817e-01
1.640246e-01
1.640675e-01
1.641104e-01
1.641533e-01
1.641963e-01
1.642392e-01
1.642821e-01
1.643251e-01
1.643680e-01
1.644110e-01
1.644540e-01
1.644969e-01
1.645399e-01
1.645829e-01
1.646260e-01
1.646690e-01
1.647120e-01
1.647551e-01
1.647981e-01
1.648412e-01
1.648843e-01
1.649274e-01
1.649705e-01
1.650136e-01
1.650568e-01
1.650999e-01
1.651431e-01
1.651862e-01
1.652294e-01
1.652726e-01
1.653159e-01
1.653591e-01
1.654023e-01
1.654456e-01
1.654889e-01
1.655321e-01
1.655754e-01
1.656188e-01
1.656621e-01
1.657054e-01
1.657488e-01
1.657922e-01
1.658356e-01
1.658790e-01
1.659224e-01
1.659658e-01
1.660093e-01
1.660527e-01
1.660962e-01
1.661397e-01
1.661832e-01
1.662268e-01
1.662703e-01
1.663139e-01
1.663575e-01
1.664011e-01
1.664447e-01
1.664883e-01
1.665319e-01
1.665756e-01
1.666193e-01
1.666629e-01
1.667066e-01
1.667502e-01
1.667939e-01
1.668375e-01
1.668812e-01
1.669248e-01
1.669574e-01
1.669906e-01
1.670246e-01
1.670593e-01
1.670919e-01
1.671252e-01
1.671578e-01
1.671911e-01
1.672237e-01
1.672570e-01
1.672896e-01
1.673229e-01
1.673555e-01
1.673888e-01
1.674215e-01
1.674548e-01
1.674874e-01
1.675207e-01
1.675534e-01
1.675867e-01
1.676194e-01
1.676527e-01
1.676854e-01
1.677188e-01
1.677515e-01
1.677849e-01
1.678176e-01
1.678510e-01
1.678837e-01
1.679172e-01
1.679499e-01
1.679834e-01
1.680162e-01
1.680497e-01
1.680826e-01
1.681161e-01
1.681490e-01
1.681826e-01
1.682174e-01
1.682534e-01
1.682912e-01
1.683308e-01
1.683724e-01
1.684161e-01
1.684598e-01
1.685035e-01
1.685472e-01
1.685909e-01
1.686346e-01
1.686784e-01
1.687221e-01
1.687658e-01
1.688096e-01
1.688533e-01
1.688971e-01
1.689409e-01
1.689847e-01
1.690285e-01
1.690723e-01
1.691161e-01
1.691599e-01
1.692037e-01
1.692476e-01
1.692914e-01
1.693352e-01
1.693791e-01
1.694230e-01
1.694668e-01
1.695107e-01
1.695546e-01
1.695985e-01
1.696424e-01
1.696863e-01
1.697302e-01
1.697741e-01
1.698180e-01
1.698619e-01
1.699058e-01
1.699497e-01
1.699935e-01
1.700374e-01
1.700813e-01
1.701252e-01
1.701690e-01
1.702017e-01
1.702351e-01
1.702678e-01
1.703012e-01
1.703339e-01
1.703673e-01
1.704001e-01
1.704335e-01
1.704663e-01
1.704997e-01
1.705325e-01
1.705660e-01
1.705988e-01
1.706323e-01
1.706651e-01
1.706986e-01
1.707315e-01
1.707650e-01
1.707979e-01
1.708314e-01
1.708644e-01
1.708979e-01
1.709325e-01
1.709679e-01
1.710048e-01
1.710428e-01
1.710827e-01
1.711240e-01
1.711570e-01
1.711907e-01
1.712250e-01
1.712602e-01
1.712933e-01
1.713270e-01
1.713615e-01
1.713969e-01
1.714300e-01
1.714638e-01
1.714969e-01
1.715307e-01
1.715639e-01
1.715977e-01
1.716309e-01
1.716648e-01
1.716980e-01
1.717319e-01
1.717651e-01
1.717990e-01
1.718323e-01
1.718663e-01
1.718996e-01
1.719335e-01
1.719669e-01
1.720009e-01
1.720343e-01
1.720683e-01
1.721017e-01
1.721358e-01
1.721692e-01
1.722034e-01
1.722368e-01
1.722710e-01
1.723045e-01
1.723387e-01
1.723722e-01
1.724065e-01
1.724417e-01
1.724780e-01
1.725156e-01
1.725548e-01
1.725957e-01
1.726383e-01
1.726824e-01
1.727265e-01
1.727707e-01
1.728148e-01
1.728589e-01
1.729030e-01
1.729471e-01
1.729911e-01
1.730352e-01
1.730793e-01
1.731233e-01
1.731674e-01
1.732114e-01
1.732555e-01
1.732995e-01
1.733435e-01
1.733876e-01
1.734316e-01
1.734756e-01
1.735196e-01
1.735636e-01
1.736076e-01
1.736516e-01
1.736956e-01
1.737396e-01
1.737836e-01
1.738276e-01
1.738716e-01
1.739156e-01
1.739596e-01
1.740035e-01
1.740475e-01
1.740915e-01
1.741355e-01
1.741795e-01
1.742235e-01
1.742674e-01
1.743114e-01
1.743554e-01
1.743994e-01
1.744434e-01
1.744872e-01
1.745312e-01
1.745749e-01
1.746189e-01
1.746626e-01
1.747066e-01
1.747503e-01
1.747943e-01
1.748384e-01
1.748824e-01
1.749264e-01
1.749705e-01
1.750145e-01
1.750586e-01
1.751026e-01
1.751467e-01
1.751908e-01
1.752349e-01
1.752789e-01
1.753230e-01
1.753672e-01
1.754113e-01
1.754554e-01
1.754996e-01
1.755437e-01
1.755879e-01
1.756320e-01
1.756762e-01
1.757204e-01
1.757646e-01
1.758088e-01
1.758530e-01
1.758972e-01
1.759415e-01
1.759857e-01
1.760300e-01
1.760743e-01
1.761185e-01
1.761628e-01
1.762072e-01
1.762515e-01
1.762958e-01
1.763402e-01
1.763845e-01
1.764289e-01
1.764732e-01
1.765176e-01
1.765620e-01
1.766064e-01
1.766508e-01
1.766953e-01
1.767397e-01
1.767842e-01
1.768287e-01
1.768718e-01
1.769163e-01
1.769595e-01
1.770030e-01
1.770462e-01
1.770897e-01
1.771329e-01
1.771763e-01
1.772195e-01
1.772641e-01
1.773087e-01
1.773533e-01
1.773979e-01
1.774425e-01
1.774872e-01
1.775318e-01
1.775765e-01
1.776211e-01
1.776643e-01
1.777084e-01
1.777516e-01
1.777951e-01
1.778383e-01
1.778818e-01
1.779250e-01
1.779685e-01
1.780117e-01
1.780551e-01
1.780983e-01
1.781431e-01
1.781878e-01
1.782233e-01
1.782594e-01
1.782949e-01
1.783311e-01
1.783666e-01
1.784028e-01
1.784384e-01
1.784747e-01
1.785103e-01
1.785466e-01
1.785822e-01
1.786186e-01
1.786543e-01
1.786907e-01
1.787264e-01
1.787628e-01
1.787986e-01
1.788351e-01
1.788728e-01
1.789117e-01
1.789525e-01
1.789950e-01
1.790384e-01
1.790816e-01
1.791250e-01
1.791682e-01
1.792117e-01
1.792549e-01
1.792983e-01
1.793416e-01
1.793851e-01
1.794285e-01
1.794720e-01
1.795155e-01
1.795593e-01
1.796029e-01
1.796467e-01
1.796905e-01
1.797346e-01
1.797785e-01
1.798228e-01
1.798673e-01
1.799121e-01
1.799570e-01
1.800020e-01
1.800470e-01
1.800920e-01
1.801371e-01
1.801821e-01
1.802272e-01
1.802722e-01
1.803173e-01
1.803624e-01
1.804075e-01
1.804526e-01
1.804977e-01
1.805428e-01
1.805879e-01
1.806330e-01
1.806782e-01
1.807153e-01
1.807562e-01
1.807933e-01
1.808342e-01
1.808715e-01
1.809124e-01
1.809496e-01
1.809904e-01
1.810277e-01
1.810678e-01
1.811051e-01
1.811447e-01
1.811821e-01
1.812214e-01
1.812588e-01
1.812979e-01
1.813353e-01
1.813743e-01
1.814117e-01
1.814506e-01
1.814881e-01
1.815269e-01
1.815643e-01
1.816031e-01
1.816448e-01
1.816887e-01
1.817341e-01
1.817794e-01
1.818247e-01
1.818701e-01
1.819154e-01
1.819608e-01
1.820062e-01
1.820516e-01
1.820838e-01
1.821168e-01
1.821509e-01
1.821861e-01
1.822183e-01
1.822514e-01
1.822854e-01
1.823181e-01
1.823517e-01
1.823863e-01
1.824186e-01
1.824517e-01
1.824857e-01
1.825185e-01
1.825521e-01
1.825867e-01
1.826191e-01
1.826523e-01
1.826864e-01
1.827193e-01
1.827530e-01
1.827875e-01
1.828197e-01
1.828525e-01
1.828847e-01
1.829176e-01
1.829499e-01
1.829829e-01
1.830152e-01
1.830486e-01
1.830809e-01
1.831143e-01
1.831467e-01
1.831800e-01
1.832125e-01
1.832458e-01
1.832782e-01
1.833115e-01
1.833458e-01
1.833788e-01
1.834127e-01
1.834476e-01
1.834801e-01
1.835134e-01
1.835477e-01
1.835806e-01
1.836143e-01
1.836490e-01
1.836813e-01
1.837141e-01
1.837465e-01
1.837792e-01
1.838127e-01
1.838471e-01
1.838794e-01
1.839125e-01
1.839449e-01
1.839783e-01
1.840107e-01
1.840442e-01
1.840767e-01
1.841101e-01
1.841426e-01
1.841760e-01
1.842085e-01
1.842419e-01
1.842745e-01
1.843079e-01
1.843422e-01
1.843753e-01
1.844093e-01
1.844442e-01
1.844769e-01
1.845102e-01
1.845426e-01
1.845755e-01
1.846093e-01
1.846440e-01
1.846764e-01
1.847093e-01
1.847416e-01
1.847744e-01
1.848080e-01
1.848424e-01
1.848748e-01
1.849082e-01
1.849407e-01
1.849741e-01
1.850066e-01
1.850401e-01
1.850726e-01
1.851061e-01
1.851387e-01
1.851722e-01
1.852067e-01
1.852423e-01
1.852749e-01
1.853084e-01
1.853428e-01
1.853759e-01
1.854099e-01
1.854449e-01
1.854776e-01
1.855111e-01
1.855436e-01
1.855767e-01
1.856105e-01
1.856454e-01
1.856778e-01
1.857108e-01
1.857432e-01
1.857760e-01
1.858097e-01
1.858443e-01
1.858767e-01
1.859099e-01
1.859423e-01
1.859754e-01
1.860093e-01
1.860442e-01
1.860767e-01
1.861100e-01
1.861426e-01
1.861761e-01
1.862087e-01
1.862422e-01
1.862749e-01
1.863085e-01
1.863413e-01
1.863749e-01
1.864077e-01
1.864413e-01
1.864742e-01
1.865079e-01
1.865408e-01
1.865745e-01
1.866075e-01
1.866413e-01
1.866738e-01
1.867077e-01
1.867402e-01
1.867735e-01
1.868059e-01
1.868391e-01
1.868715e-01
1.869046e-01
1.869370e-01
1.869701e-01
1.870025e-01
1.870355e-01
1.870679e-01
1.871010e-01
1.871334e-01
1.871662e-01
1.871986e-01
1.872313e-01
1.872637e-01
1.872964e-01
1.873288e-01
1.873615e-01
1.873939e-01
1.874265e-01
1.874589e-01
1.874922e-01
1.875246e-01
1.875576e-01
1.875900e-01
1.876235e-01
1.876559e-01
1.876893e-01
1.877226e-01
1.877570e-01
1.877896e-01
1.878224e-01
1.878559e-01
1.878902e-01
1.879227e-01
1.879563e-01
1.879888e-01
1.880223e-01
1.880569e-01
1.880929e-01
1.881254e-01
1.881588e-01
1.881913e-01
1.882240e-01
1.882573e-01
1.882913e-01
1.883239e-01
1.883574e-01
1.883898e-01
1.884223e-01
1.884555e-01
1.884881e-01
1.885213e-01
1.885554e-01
1.885885e-01
1.886226e-01
1.886576e-01
1.886914e-01
1.887261e-01
1.887619e-01
1.887945e-01
1.888276e-01
1.888601e-01
1.888928e-01
1.889262e-01
1.889603e-01
1.889927e-01
1.890259e-01
1.890583e-01
1.890917e-01
1.891263e-01
1.891622e-01
1.891946e-01
1.892284e-01
1.892607e-01
1.892943e-01
1.893292e-01
1.893655e-01
1.893979e-01
1.894313e-01
1.894660e-01
1.895018e-01
1.895339e-01
1.895663e-01
1.895994e-01
1.896331e-01
1.896677e-01
1.897054e-01
1.897440e-01
1.897834e-01
1.898160e-01
1.898497e-01
1.898844e-01
1.899204e-01
1.899534e-01
1.899875e-01
1.900228e-01
1.900568e-01
1.900920e-01
1.901287e-01
1.901624e-01
1.901976e-01
1.902297e-01
1.902644e-01
1.903004e-01
1.903374e-01
1.903696e-01
1.904050e-01
1.904371e-01
1.904715e-01
1.905075e-01
1.905447e-01
1.905769e-01
1.906106e-01
1.906458e-01
1.906783e-01
1.907104e-01
1.907434e-01
1.907774e-01
1.908100e-01
1.908435e-01
1.908781e-01
1.909138e-01
1.909508e-01
1.909830e-01
1.910161e-01
1.910502e-01
1.910852e-01
1.911177e-01
1.911510e-01
1.911853e-01
1.912184e-01
1.912525e-01
1.912877e-01
1.913204e-01
1.913543e-01
1.913892e-01
1.914229e-01
1.914577e-01
1.914938e-01
1.915270e-01
1.915615e-01
1.915974e-01
1.916318e-01
1.916676e-01
1.917024e-01
1.917388e-01
1.917741e-01
1.918113e-01
1.918465e-01
1.918835e-01
1.919194e-01
1.919562e-01
1.919927e-01
1.920245e-01
1.920568e-01
1.920887e-01
1.921210e-01
1.921530e-01
1.921853e-01
1.922174e-01
1.922497e-01
1.922817e-01
1.923140e-01
1.923460e-01
1.923782e-01
1.924102e-01
1.924425e-01
1.924745e-01
1.925067e-01
1.925386e-01
1.925709e-01
1.926028e-01
1.926350e-01
1.926670e-01
1.926992e-01
1.927311e-01
1.927633e-01
1.927951e-01
1.928274e-01
1.928593e-01
1.928915e-01
1.929234e-01
1.929556e-01
1.929875e-01
1.930197e-01
1.930515e-01
1.930837e-01
1.931156e-01
1.931478e-01
1.931796e-01
1.932108e-01
1.932426e-01
1.932738e-01
1.933047e-01
1.933359e-01
1.933668e-01
1.933979e-01
1.934288e-01
1.934600e-01
1.934917e-01
1.935240e-01
1.935571e-01
1.935909e-01
1.936226e-01
1.936550e-01
1.936867e-01
1.937191e-01
1.937508e-01
1.937832e-01
1.938150e-01
1.938474e-01
1.938792e-01
1.939117e-01
1.939435e-01
1.939761e-01
1.940079e-01
1.940405e-01
1.940739e-01
1.941062e-01
1.941393e-01
1.941733e-01
1.942049e-01
1.942370e-01
1.942685e-01
1.943003e-01
1.943318e-01
1.943635e-01
1.943958e-01
1.944286e-01
1.944600e-01
1.944917e-01
1.945240e-01
1.945569e-01
1.945884e-01
1.946200e-01
1.946540e-01
1.946890e-01
1.947214e-01
1.947534e-01
1.947861e-01
1.948193e-01
1.948538e-01
1.948900e-01
1.949231e-01
1.949562e-01
1.949874e-01
1.950195e-01
1.950523e-01
1.950845e-01
1.951158e-01
1.951484e-01
1.951822e-01
1.952174e-01
1.952532e-01
1.952896e-01
1.953216e-01
1.953544e-01
1.953884e-01
1.954237e-01
1.954546e-01
1.954861e-01
1.955170e-01
1.955485e-01
1.955794e-01
1.956106e-01
1.956415e-01
1.956727e-01
1.957036e-01
1.957348e-01
1.957658e-01
1.957972e-01
1.958290e-01
1.958618e-01
1.958933e-01
1.959257e-01
1.959573e-01
1.959899e-01
1.960217e-01
1.960563e-01
1.960921e-01
1.961268e-01
1.961624e-01
1.961990e-01
1.962349e-01
1.962714e-01
1.963082e-01
1.963459e-01
1.963831e-01
1.964211e-01
1.964584e-01
1.964966e-01
1.965323e-01
1.965691e-01
1.966001e-01
1.966316e-01
1.966639e-01
1.966952e-01
1.967262e-01
1.967578e-01
1.967888e-01
1.968204e-01
1.968514e-01
1.968830e-01
1.969140e-01
1.969456e-01
1.969766e-01
1.970082e-01
1.970393e-01
1.970709e-01
1.971019e-01
1.971335e-01
1.971645e-01
1.971961e-01
1.972272e-01
1.972588e-01
1.972898e-01
1.973214e-01
1.973525e-01
1.973841e-01
1.974163e-01
1.974493e-01
1.974803e-01
1.975119e-01
1.975442e-01
1.975771e-01
1.976109e-01
1.976456e-01
1.976813e-01
1.977181e-01
1.977561e-01
1.977954e-01
1.978317e-01
1.978692e-01
1.979080e-01
1.979451e-01
1.979834e-01
1.980230e-01
1.980593e-01
1.980969e-01
1.981357e-01
1.981729e-01
1.982112e-01
1.982509e-01
1.982871e-01
1.983246e-01
1.983557e-01
1.983873e-01
1.984196e-01
1.984509e-01
1.984829e-01
1.985143e-01
1.985462e-01
1.985776e-01
1.986096e-01
1.986410e-01
1.986729e-01
1.987043e-01
1.987363e-01
1.987676e-01
1.987996e-01
1.988323e-01
1.988634e-01
1.988950e-01
1.989261e-01
1.989578e-01
1.989889e-01
1.990205e-01
1.990516e-01
1.990833e-01
1.991143e-01
1.991460e-01
1.991771e-01
1.992087e-01
1.992398e-01
1.992715e-01
1.993026e-01
1.993342e-01
1.993653e-01
1.993970e-01
1.994281e-01
1.994597e-01
1.994908e-01
1.995225e-01
1.995536e-01
1.995852e-01
1.996163e-01
1.996480e-01
1.996791e-01
1.997108e-01
1.997419e-01
1.997735e-01
1.998046e-01
1.998363e-01
1.998674e-01
1.998991e-01
1.999302e-01
1.999618e-01
1.999929e-01
2.000246e-01
2.000557e-01
2.000874e-01
2.001185e-01
