# 1  : Date
# 2  : Temps elapsed min (mus)
# 3  : Rang temps elapsed min
# 4  : Noeud temps elapsed min
# 5  : Temps elapsed max (mus)
# 6  : Rang temps elapsed max
# 7  : Noeud temps elapsed max
# 8  : Grind time (mus/maille/cycle)
# 9  : Grind time équivalent séquentiel (#8 X nb_de_coeurs)
#     1     2     3     4      5      6      7       8      9
#   ATTENTION  les temps cpu schémas sont données dans l'ordre alphabétique des schémas WARNING
#  10: TELAPS Hydro (mus)
1.257385e-04   4.077e+04 0 inti1201   4.088e+04 3 inti1201   2.957e-01 4.731e+00  3.213e+04
3.150637e-04   4.093e+04 0 inti1201   4.112e+04 3 inti1201   2.956e-01 4.729e+00  3.228e+04
5.895383e-04   4.158e+04 0 inti1201   4.177e+04 3 inti1201   2.976e-01 4.761e+00  3.286e+04
9.377449e-04   4.196e+04 0 inti1201   4.208e+04 3 inti1201   2.959e-01 4.734e+00  3.313e+04
1.342516e-03   4.282e+04 0 inti1201   4.294e+04 3 inti1201   2.972e-01 4.756e+00  3.400e+04
1.801778e-03   4.421e+04 0 inti1201   4.437e+04 3 inti1201   3.020e-01 4.832e+00  3.513e+04
2.317598e-03   4.502e+04 1 inti1201   4.512e+04 3 inti1201   3.015e-01 4.823e+00  3.588e+04
2.881074e-03   4.461e+04 0 inti1201   4.477e+04 3 inti1201   2.935e-01 4.695e+00  3.558e+04
3.461567e-03   4.487e+04 0 inti1201   4.513e+04 3 inti1201   2.899e-01 4.638e+00  3.595e+04
3.982057e-03   4.579e+04 0 inti1201   4.595e+04 3 inti1201   2.936e-01 4.697e+00  3.658e+04
4.443246e-03   4.696e+04 0 inti1201   4.711e+04 3 inti1201   2.961e-01 4.738e+00  3.784e+04
4.931355e-03   4.812e+04 0 inti1201   4.829e+04 3 inti1201   2.982e-01 4.772e+00  3.878e+04
5.384204e-03   4.808e+04 1 inti1201   4.812e+04 3 inti1201   2.918e-01 4.668e+00  3.876e+04
5.807263e-03   5.423e+04 1 inti1201   5.434e+04 2 inti1201   3.243e-01 5.189e+00  4.158e+04
6.223066e-03   4.990e+04 1 inti1201   4.997e+04 3 inti1201   2.932e-01 4.692e+00  4.036e+04
6.634956e-03   5.116e+04 1 inti1201   5.124e+04 3 inti1201   2.949e-01 4.719e+00  4.153e+04
7.042351e-03   5.125e+04 1 inti1201   5.133e+04 3 inti1201   2.913e-01 4.660e+00  4.153e+04
7.457296e-03   5.109e+04 0 inti1201   5.113e+04 1 inti1201   2.861e-01 4.578e+00  4.122e+04
7.879406e-03   5.220e+04 3 inti1201   5.222e+04 1 inti1201   2.882e-01 4.612e+00  4.202e+04
8.308837e-03   5.175e+04 0 inti1201   5.187e+04 1 inti1201   2.818e-01 4.509e+00  4.197e+04
8.703455e-03   5.797e+04 3 inti1201   5.802e+04 1 inti1201   3.113e-01 4.980e+00  4.764e+04
9.084897e-03   5.314e+04 0 inti1201   5.326e+04 1 inti1201   2.820e-01 4.512e+00  4.318e+04
9.479466e-03   5.456e+04 0 inti1201   5.461e+04 3 inti1201   2.854e-01 4.567e+00  4.450e+04
9.889676e-03   5.495e+04 0 inti1201   5.507e+04 2 inti1201   2.837e-01 4.540e+00  4.475e+04
1.032043e-02   5.603e+04 0 inti1201   5.608e+04 2 inti1201   2.852e-01 4.563e+00  4.577e+04
1.076996e-02   5.893e+04 0 inti1201   5.896e+04 3 inti1201   2.953e-01 4.725e+00  4.799e+04
1.126084e-02   5.824e+04 0 inti1201   5.828e+04 1 inti1201   2.880e-01 4.609e+00  4.756e+04
1.181913e-02   5.966e+04 0 inti1201   5.970e+04 3 inti1201   2.898e-01 4.637e+00  4.898e+04
1.243540e-02   6.033e+04 0 inti1201   6.036e+04 3 inti1201   2.878e-01 4.605e+00  4.941e+04
1.305950e-02   6.501e+04 0 inti1201   6.505e+04 1 inti1201   3.047e-01 4.875e+00  5.403e+04
1.367717e-02   6.248e+04 0 inti1201   6.250e+04 1 inti1201   2.875e-01 4.600e+00  5.145e+04
1.429085e-02   6.417e+04 0 inti1201   6.420e+04 3 inti1201   2.904e-01 4.647e+00  5.291e+04
1.490031e-02   6.355e+04 0 inti1201   6.371e+04 3 inti1201   2.833e-01 4.533e+00  5.186e+04
1.550197e-02   6.394e+04 0 inti1201   6.410e+04 3 inti1201   2.804e-01 4.486e+00  5.224e+04
1.610195e-02   6.473e+04 1 inti1201   6.482e+04 3 inti1201   2.789e-01 4.462e+00  5.304e+04
1.670998e-02   6.505e+04 1 inti1201   6.515e+04 3 inti1201   2.759e-01 4.414e+00  5.332e+04
1.733135e-02   6.566e+04 1 inti1201   6.575e+04 3 inti1201   2.741e-01 4.385e+00  5.386e+04
1.796917e-02   6.647e+04 1 inti1201   6.656e+04 3 inti1201   2.726e-01 4.362e+00  5.443e+04
1.862492e-02   6.773e+04 1 inti1201   6.781e+04 3 inti1201   2.732e-01 4.371e+00  5.579e+04
1.929690e-02   6.830e+04 1 inti1201   6.839e+04 3 inti1201   2.708e-01 4.333e+00  5.634e+04
1.998282e-02   6.910e+04 1 inti1201   6.918e+04 3 inti1201   2.695e-01 4.312e+00  5.696e+04
2.068263e-02   7.128e+04 1 inti1201   7.139e+04 3 inti1201   2.732e-01 4.371e+00  5.890e+04
2.139674e-02   7.224e+04 0 inti1201   7.232e+04 3 inti1201   2.720e-01 4.353e+00  5.887e+04
2.212505e-02   7.242e+04 0 inti1201   7.252e+04 3 inti1201   2.679e-01 4.286e+00  5.939e+04
2.286730e-02   7.310e+04 0 inti1201   7.330e+04 3 inti1201   2.661e-01 4.258e+00  5.999e+04
2.362141e-02   7.373e+04 0 inti1201   7.381e+04 3 inti1201   2.634e-01 4.215e+00  6.063e+04
2.438741e-02   7.526e+04 0 inti1201   7.534e+04 3 inti1201   2.645e-01 4.232e+00  6.196e+04
2.515751e-02   7.630e+04 0 inti1201   7.652e+04 3 inti1201   2.643e-01 4.228e+00  6.294e+04
2.592830e-02   7.682e+04 0 inti1201   7.693e+04 3 inti1201   2.614e-01 4.183e+00  6.344e+04
2.669685e-02   7.742e+04 0 inti1201   7.749e+04 3 inti1201   2.594e-01 4.150e+00  6.403e+04
2.745586e-02   7.828e+04 0 inti1201   7.846e+04 3 inti1201   2.586e-01 4.138e+00  6.478e+04
2.822871e-02   7.956e+04 0 inti1201   7.966e+04 3 inti1201   2.587e-01 4.139e+00  6.589e+04
2.900325e-02   8.123e+04 0 inti1201   8.131e+04 3 inti1201   2.602e-01 4.164e+00  6.731e+04
2.977964e-02   8.205e+04 0 inti1201   8.222e+04 3 inti1201   2.593e-01 4.149e+00  6.828e+04
3.053008e-02   8.277e+04 0 inti1201   8.284e+04 3 inti1201   2.576e-01 4.122e+00  6.871e+04
3.117308e-02   8.303e+04 0 inti1201   8.311e+04 3 inti1201   2.555e-01 4.087e+00  6.896e+04
3.178632e-02   8.613e+04 0 inti1201   8.619e+04 3 inti1201   2.620e-01 4.192e+00  7.179e+04
3.239035e-02   8.465e+04 0 inti1201   8.474e+04 3 inti1201   2.549e-01 4.078e+00  7.047e+04
3.299189e-02   8.548e+04 0 inti1201   8.556e+04 3 inti1201   2.546e-01 4.073e+00  7.087e+04
3.360963e-02   8.628e+04 0 inti1201   8.637e+04 3 inti1201   2.544e-01 4.070e+00  7.159e+04
3.423268e-02   8.720e+04 0 inti1201   8.728e+04 3 inti1201   2.546e-01 4.074e+00  7.249e+04
3.483681e-02   8.809e+04 0 inti1201   8.816e+04 3 inti1201   2.549e-01 4.078e+00  7.313e+04
3.543712e-02   8.784e+04 0 inti1201   8.793e+04 3 inti1201   2.519e-01 4.031e+00  7.314e+04
3.604857e-02   8.890e+04 0 inti1201   8.898e+04 3 inti1201   2.528e-01 4.044e+00  7.415e+04
3.665902e-02   8.873e+04 0 inti1201   8.880e+04 3 inti1201   2.502e-01 4.003e+00  7.404e+04
3.730874e-02   9.326e+04 3 inti1201   9.332e+04 1 inti1201   2.606e-01 4.169e+00  7.801e+04
3.796736e-02   9.325e+04 0 inti1201   9.350e+04 3 inti1201   2.589e-01 4.143e+00  7.798e+04
3.861693e-02   9.016e+04 0 inti1201   9.024e+04 3 inti1201   2.478e-01 3.965e+00  7.542e+04
3.925888e-02   9.074e+04 0 inti1201   9.084e+04 3 inti1201   2.474e-01 3.958e+00  7.579e+04
3.989452e-02   9.098e+04 0 inti1201   9.105e+04 3 inti1201   2.461e-01 3.937e+00  7.602e+04
4.053026e-02   9.236e+04 0 inti1201   9.244e+04 3 inti1201   2.478e-01 3.964e+00  7.738e+04
4.116091e-02   9.257e+04 0 inti1201   9.266e+04 3 inti1201   2.465e-01 3.944e+00  7.763e+04
4.180208e-02   9.308e+04 0 inti1201   9.326e+04 3 inti1201   2.462e-01 3.939e+00  7.802e+04
4.243881e-02   9.397e+04 0 inti1201   9.406e+04 3 inti1201   2.464e-01 3.942e+00  7.869e+04
4.301877e-02   9.409e+04 0 inti1201   9.426e+04 3 inti1201   2.453e-01 3.924e+00  7.893e+04
4.366093e-02   9.460e+04 0 inti1201   9.469e+04 3 inti1201   2.445e-01 3.912e+00  7.934e+04
4.436309e-02   9.517e+04 0 inti1201   9.524e+04 3 inti1201   2.440e-01 3.904e+00  7.976e+04
4.502959e-02   9.524e+04 0 inti1201   9.530e+04 3 inti1201   2.421e-01 3.873e+00  7.990e+04
4.565979e-02   9.609e+04 0 inti1201   9.620e+04 3 inti1201   2.427e-01 3.883e+00  8.056e+04
4.632536e-02   9.591e+04 0 inti1201   9.611e+04 3 inti1201   2.406e-01 3.849e+00  8.034e+04
4.696287e-02   9.624e+04 0 inti1201   9.635e+04 3 inti1201   2.395e-01 3.831e+00  8.073e+04
4.765230e-02   9.673e+04 0 inti1201   9.684e+04 3 inti1201   2.389e-01 3.822e+00  8.117e+04
4.830869e-02   9.755e+04 0 inti1201   9.775e+04 3 inti1201   2.392e-01 3.828e+00  8.183e+04
4.896107e-02   9.746e+04 0 inti1201   9.759e+04 3 inti1201   2.371e-01 3.793e+00  8.172e+04
4.961345e-02   9.777e+04 0 inti1201   9.796e+04 3 inti1201   2.362e-01 3.780e+00  8.210e+04
5.026835e-02   9.796e+04 0 inti1201   9.806e+04 3 inti1201   2.347e-01 3.756e+00  8.220e+04
5.092740e-02   9.916e+04 0 inti1201   9.931e+04 3 inti1201   2.360e-01 3.776e+00  8.300e+04
5.159035e-02   9.923e+04 0 inti1201   9.934e+04 3 inti1201   2.344e-01 3.750e+00  8.308e+04
5.225595e-02   9.976e+04 0 inti1201   9.988e+04 3 inti1201   2.339e-01 3.742e+00  8.361e+04
5.293137e-02   1.002e+05 0 inti1201   1.005e+05 3 inti1201   2.334e-01 3.735e+00  8.389e+04
5.361978e-02   1.010e+05 0 inti1201   1.010e+05 3 inti1201   2.330e-01 3.728e+00  8.460e+04
5.427790e-02   1.015e+05 0 inti1201   1.016e+05 3 inti1201   2.324e-01 3.718e+00  8.484e+04
5.496214e-02   1.033e+05 0 inti1201   1.035e+05 3 inti1201   2.350e-01 3.760e+00  8.673e+04
5.561797e-02   1.024e+05 0 inti1201   1.025e+05 3 inti1201   2.311e-01 3.698e+00  8.576e+04
5.629227e-02   1.030e+05 0 inti1201   1.031e+05 3 inti1201   2.306e-01 3.689e+00  8.622e+04
5.693973e-02   1.036e+05 0 inti1201   1.038e+05 3 inti1201   2.306e-01 3.690e+00  8.677e+04
5.760248e-02   1.047e+05 0 inti1201   1.049e+05 3 inti1201   2.312e-01 3.699e+00  8.787e+04
5.824680e-02   1.049e+05 0 inti1201   1.051e+05 3 inti1201   2.299e-01 3.678e+00  8.800e+04
5.891045e-02   1.055e+05 0 inti1201   1.057e+05 3 inti1201   2.294e-01 3.671e+00  8.832e+04
5.955831e-02   1.068e+05 0 inti1201   1.070e+05 3 inti1201   2.306e-01 3.690e+00  8.950e+04
6.022227e-02   1.057e+05 0 inti1201   1.058e+05 3 inti1201   2.263e-01 3.621e+00  8.824e+04
6.088292e-02   1.064e+05 0 inti1201   1.065e+05 3 inti1201   2.260e-01 3.616e+00  8.889e+04
6.154614e-02   1.063e+05 0 inti1201   1.065e+05 3 inti1201   2.244e-01 3.591e+00  8.872e+04
6.221391e-02   1.068e+05 0 inti1201   1.069e+05 3 inti1201   2.236e-01 3.578e+00  8.906e+04
6.288172e-02   1.079e+05 0 inti1201   1.082e+05 3 inti1201   2.246e-01 3.593e+00  9.016e+04
6.353861e-02   1.087e+05 0 inti1201   1.088e+05 3 inti1201   2.242e-01 3.588e+00  9.065e+04
6.421491e-02   1.088e+05 0 inti1201   1.089e+05 3 inti1201   2.228e-01 3.565e+00  9.112e+04
6.487188e-02   1.094e+05 0 inti1201   1.096e+05 3 inti1201   2.224e-01 3.558e+00  9.164e+04
6.554598e-02   1.100e+05 0 inti1201   1.102e+05 3 inti1201   2.220e-01 3.553e+00  9.228e+04
6.620915e-02   1.119e+05 0 inti1201   1.120e+05 3 inti1201   2.242e-01 3.587e+00  9.396e+04
6.688144e-02   1.122e+05 0 inti1201   1.124e+05 3 inti1201   2.232e-01 3.571e+00  9.397e+04
6.754724e-02   1.148e+05 0 inti1201   1.150e+05 3 inti1201   2.267e-01 3.628e+00  9.670e+04
6.822590e-02   1.135e+05 0 inti1201   1.136e+05 3 inti1201   2.226e-01 3.561e+00  9.523e+04
6.889604e-02   1.133e+05 0 inti1201   1.134e+05 3 inti1201   2.205e-01 3.529e+00  9.495e+04
6.957292e-02   1.151e+05 0 inti1201   1.152e+05 3 inti1201   2.226e-01 3.562e+00  9.669e+04
7.023927e-02   1.154e+05 0 inti1201   1.155e+05 3 inti1201   2.216e-01 3.545e+00  9.664e+04
7.091525e-02   1.162e+05 0 inti1201   1.164e+05 3 inti1201   2.218e-01 3.549e+00  9.731e+04
7.159141e-02   1.190e+05 0 inti1201   1.191e+05 3 inti1201   2.256e-01 3.610e+00  9.979e+04
7.225552e-02   1.175e+05 0 inti1201   1.176e+05 3 inti1201   2.213e-01 3.541e+00  9.848e+04
7.293355e-02   1.183e+05 0 inti1201   1.184e+05 3 inti1201   2.213e-01 3.541e+00  9.908e+04
7.360727e-02   1.187e+05 0 inti1201   1.189e+05 3 inti1201   2.208e-01 3.532e+00  9.949e+04
7.428191e-02   1.197e+05 0 inti1201   1.198e+05 3 inti1201   2.212e-01 3.539e+00  1.005e+05
7.499340e-02   1.212e+05 1 inti1201   1.214e+05 2 inti1201   2.225e-01 3.560e+00  1.024e+05
7.567110e-02   1.214e+05 1 inti1201   1.216e+05 2 inti1201   2.215e-01 3.544e+00  1.030e+05
7.635717e-02   1.220e+05 1 inti1201   1.221e+05 2 inti1201   2.211e-01 3.538e+00  1.037e+05
7.707273e-02   1.224e+05 0 inti1201   1.225e+05 2 inti1201   2.204e-01 3.526e+00  1.039e+05
7.775664e-02   1.237e+05 1 inti1201   1.238e+05 2 inti1201   2.214e-01 3.542e+00  1.050e+05
7.846523e-02   1.232e+05 1 inti1201   1.233e+05 2 inti1201   2.191e-01 3.505e+00  1.047e+05
7.916195e-02   1.231e+05 0 inti1201   1.232e+05 2 inti1201   2.175e-01 3.481e+00  1.044e+05
7.985318e-02   1.241e+05 1 inti1201   1.242e+05 2 inti1201   2.180e-01 3.487e+00  1.054e+05
8.054979e-02   1.238e+05 1 inti1201   1.239e+05 2 inti1201   2.161e-01 3.458e+00  1.048e+05
8.125200e-02   1.234e+05 0 inti1201   1.235e+05 2 inti1201   2.143e-01 3.428e+00  1.044e+05
8.196491e-02   1.239e+05 1 inti1201   1.240e+05 2 inti1201   2.137e-01 3.419e+00  1.048e+05
8.270816e-02   1.242e+05 1 inti1201   1.243e+05 2 inti1201   2.130e-01 3.408e+00  1.051e+05
8.349451e-02   1.252e+05 0 inti1201   1.254e+05 2 inti1201   2.135e-01 3.415e+00  1.057e+05
8.430265e-02   1.259e+05 1 inti1201   1.260e+05 2 inti1201   2.131e-01 3.409e+00  1.066e+05
8.514594e-02   1.266e+05 1 inti1201   1.267e+05 2 inti1201   2.129e-01 3.406e+00  1.071e+05
8.603617e-02   1.273e+05 0 inti1201   1.275e+05 2 inti1201   2.127e-01 3.402e+00  1.077e+05
8.694213e-02   1.283e+05 1 inti1201   1.284e+05 2 inti1201   2.127e-01 3.404e+00  1.087e+05
8.766165e-02   1.293e+05 0 inti1201   1.295e+05 2 inti1201   2.132e-01 3.411e+00  1.095e+05
8.837114e-02   1.296e+05 0 inti1201   1.297e+05 2 inti1201   2.124e-01 3.399e+00  1.097e+05
8.908607e-02   1.305e+05 1 inti1201   1.306e+05 2 inti1201   2.126e-01 3.401e+00  1.104e+05
8.979537e-02   1.317e+05 1 inti1201   1.318e+05 2 inti1201   2.135e-01 3.415e+00  1.114e+05
9.051167e-02   1.317e+05 0 inti1201   1.319e+05 2 inti1201   2.124e-01 3.399e+00  1.116e+05
9.123383e-02   1.326e+05 0 inti1201   1.327e+05 2 inti1201   2.125e-01 3.400e+00  1.123e+05
9.195756e-02   1.331e+05 1 inti1201   1.332e+05 2 inti1201   2.122e-01 3.396e+00  1.127e+05
9.268669e-02   1.336e+05 0 inti1201   1.337e+05 2 inti1201   2.119e-01 3.391e+00  1.131e+05
9.341549e-02   1.357e+05 0 inti1201   1.359e+05 2 inti1201   2.143e-01 3.429e+00  1.149e+05
9.415445e-02   1.351e+05 1 inti1201   1.353e+05 2 inti1201   2.122e-01 3.395e+00  1.145e+05
9.488391e-02   1.367e+05 0 inti1201   1.369e+05 2 inti1201   2.136e-01 3.418e+00  1.158e+05
9.562503e-02   1.391e+05 0 inti1201   1.393e+05 2 inti1201   2.163e-01 3.461e+00  1.178e+05
9.636816e-02   1.385e+05 1 inti1201   1.387e+05 2 inti1201   2.142e-01 3.427e+00  1.173e+05
9.709974e-02   1.429e+05 1 inti1201   1.430e+05 2 inti1201   2.199e-01 3.518e+00  1.222e+05
9.783400e-02   1.423e+05 1 inti1201   1.424e+05 2 inti1201   2.178e-01 3.485e+00  1.218e+05
9.858264e-02   1.434e+05 1 inti1201   1.435e+05 2 inti1201   2.184e-01 3.494e+00  1.227e+05
9.932073e-02   1.433e+05 1 inti1201   1.435e+05 2 inti1201   2.173e-01 3.477e+00  1.229e+05
1.000525e-01   1.440e+05 1 inti1201   1.442e+05 2 inti1201   2.174e-01 3.478e+00  1.234e+05
1.007855e-01   1.432e+05 0 inti1201   1.434e+05 2 inti1201   2.152e-01 3.443e+00  1.224e+05
1.015256e-01   1.432e+05 0 inti1201   1.434e+05 2 inti1201   2.143e-01 3.429e+00  1.224e+05
1.022878e-01   1.441e+05 0 inti1201   1.443e+05 2 inti1201   2.146e-01 3.434e+00  1.231e+05
1.030250e-01   1.444e+05 1 inti1201   1.445e+05 2 inti1201   2.139e-01 3.423e+00  1.234e+05
1.037615e-01   1.447e+05 0 inti1201   1.449e+05 2 inti1201   2.136e-01 3.417e+00  1.238e+05
1.046232e-01   1.449e+05 1 inti1201   1.450e+05 2 inti1201   2.127e-01 3.402e+00  1.239e+05
1.055349e-01   1.459e+05 0 inti1201   1.461e+05 2 inti1201   2.131e-01 3.409e+00  1.247e+05
1.064444e-01   1.457e+05 1 inti1201   1.458e+05 2 inti1201   2.117e-01 3.387e+00  1.246e+05
1.073497e-01   1.462e+05 1 inti1201   1.464e+05 2 inti1201   2.114e-01 3.383e+00  1.250e+05
1.082495e-01   1.467e+05 1 inti1201   1.468e+05 2 inti1201   2.111e-01 3.377e+00  1.253e+05
1.090006e-01   1.497e+05 0 inti1201   1.499e+05 2 inti1201   2.145e-01 3.433e+00  1.284e+05
1.097460e-01   1.481e+05 0 inti1201   1.482e+05 2 inti1201   2.114e-01 3.383e+00  1.268e+05
1.104880e-01   1.499e+05 1 inti1201   1.501e+05 2 inti1201   2.133e-01 3.412e+00  1.281e+05
1.112261e-01   1.497e+05 0 inti1201   1.499e+05 2 inti1201   2.121e-01 3.394e+00  1.283e+05
1.119588e-01   1.491e+05 1 inti1201   1.492e+05 2 inti1201   2.104e-01 3.367e+00  1.275e+05
1.127023e-01   1.500e+05 1 inti1201   1.501e+05 2 inti1201   2.109e-01 3.374e+00  1.282e+05
1.134455e-01   1.507e+05 0 inti1201   1.509e+05 2 inti1201   2.112e-01 3.379e+00  1.290e+05
1.141941e-01   1.510e+05 1 inti1201   1.512e+05 2 inti1201   2.108e-01 3.373e+00  1.291e+05
1.149457e-01   1.524e+05 1 inti1201   1.525e+05 2 inti1201   2.119e-01 3.390e+00  1.306e+05
1.156865e-01   1.524e+05 0 inti1201   1.525e+05 2 inti1201   2.112e-01 3.379e+00  1.305e+05
1.164251e-01   1.526e+05 1 inti1201   1.527e+05 2 inti1201   2.106e-01 3.370e+00  1.308e+05
1.171610e-01   1.528e+05 0 inti1201   1.530e+05 2 inti1201   2.103e-01 3.365e+00  1.309e+05
1.178937e-01   1.561e+05 1 inti1201   1.563e+05 2 inti1201   2.140e-01 3.425e+00  1.339e+05
1.186298e-01   1.555e+05 1 inti1201   1.556e+05 2 inti1201   2.123e-01 3.397e+00  1.331e+05
1.193703e-01   1.558e+05 1 inti1201   1.559e+05 2 inti1201   2.120e-01 3.392e+00  1.336e+05
1.201124e-01   1.564e+05 0 inti1201   1.566e+05 2 inti1201   2.121e-01 3.394e+00  1.339e+05
1.208569e-01   1.570e+05 1 inti1201   1.571e+05 2 inti1201   2.121e-01 3.393e+00  1.347e+05
1.216021e-01   1.580e+05 0 inti1201   1.582e+05 2 inti1201   2.127e-01 3.404e+00  1.356e+05
1.223467e-01   1.597e+05 0 inti1201   1.599e+05 2 inti1201   2.143e-01 3.429e+00  1.370e+05
1.230917e-01   1.599e+05 1 inti1201   1.600e+05 2 inti1201   2.136e-01 3.418e+00  1.373e+05
1.238389e-01   1.602e+05 1 inti1201   1.603e+05 2 inti1201   2.133e-01 3.412e+00  1.376e+05
1.245892e-01   1.605e+05 0 inti1201   1.607e+05 2 inti1201   2.130e-01 3.408e+00  1.378e+05
1.253427e-01   1.621e+05 0 inti1201   1.623e+05 2 inti1201   2.143e-01 3.430e+00  1.392e+05
1.261002e-01   1.626e+05 1 inti1201   1.628e+05 2 inti1201   2.142e-01 3.427e+00  1.399e+05
1.268622e-01   1.630e+05 1 inti1201   1.632e+05 2 inti1201   2.140e-01 3.424e+00  1.401e+05
1.276283e-01   1.636e+05 1 inti1201   1.637e+05 2 inti1201   2.140e-01 3.424e+00  1.407e+05
1.283930e-01   1.644e+05 1 inti1201   1.645e+05 2 inti1201   2.143e-01 3.428e+00  1.414e+05
1.291564e-01   1.643e+05 0 inti1201   1.646e+05 2 inti1201   2.135e-01 3.416e+00  1.413e+05
1.299209e-01   1.652e+05 1 inti1201   1.654e+05 2 inti1201   2.137e-01 3.420e+00  1.421e+05
1.306869e-01   1.669e+05 1 inti1201   1.670e+05 2 inti1201   2.151e-01 3.441e+00  1.436e+05
1.314571e-01   1.665e+05 1 inti1201   1.666e+05 2 inti1201   2.138e-01 3.421e+00  1.433e+05
1.322305e-01   1.676e+05 1 inti1201   1.678e+05 2 inti1201   2.144e-01 3.431e+00  1.437e+05
1.330097e-01   1.690e+05 0 inti1201   1.692e+05 2 inti1201   2.155e-01 3.448e+00  1.456e+05
1.337822e-01   1.694e+05 1 inti1201   1.696e+05 2 inti1201   2.152e-01 3.443e+00  1.459e+05
1.345614e-01   1.703e+05 1 inti1201   1.705e+05 2 inti1201   2.155e-01 3.449e+00  1.470e+05
1.353483e-01   1.695e+05 0 inti1201   1.696e+05 2 inti1201   2.137e-01 3.419e+00  1.461e+05
1.361341e-01   1.689e+05 0 inti1201   1.690e+05 2 inti1201   2.120e-01 3.392e+00  1.460e+05
1.369161e-01   1.688e+05 0 inti1201   1.689e+05 2 inti1201   2.112e-01 3.378e+00  1.457e+05
1.377101e-01   1.693e+05 0 inti1201   1.694e+05 2 inti1201   2.110e-01 3.375e+00  1.461e+05
1.385017e-01   1.699e+05 0 inti1201   1.700e+05 2 inti1201   2.109e-01 3.375e+00  1.467e+05
1.392900e-01   1.698e+05 0 inti1201   1.700e+05 2 inti1201   2.100e-01 3.361e+00  1.468e+05
1.400963e-01   1.718e+05 0 inti1201   1.719e+05 2 inti1201   2.115e-01 3.385e+00  1.485e+05
1.408837e-01   1.737e+05 0 inti1201   1.739e+05 2 inti1201   2.132e-01 3.411e+00  1.502e+05
1.416938e-01   1.768e+05 0 inti1201   1.770e+05 2 inti1201   2.162e-01 3.459e+00  1.526e+05
1.424854e-01   1.758e+05 0 inti1201   1.759e+05 2 inti1201   2.140e-01 3.425e+00  1.514e+05
1.432992e-01   1.746e+05 0 inti1201   1.749e+05 2 inti1201   2.118e-01 3.389e+00  1.511e+05
1.440896e-01   1.750e+05 0 inti1201   1.751e+05 2 inti1201   2.113e-01 3.381e+00  1.517e+05
1.449003e-01   1.759e+05 0 inti1201   1.760e+05 2 inti1201   2.115e-01 3.384e+00  1.524e+05
1.456976e-01   1.771e+05 0 inti1201   1.773e+05 2 inti1201   2.121e-01 3.394e+00  1.535e+05
1.465034e-01   1.780e+05 0 inti1201   1.781e+05 2 inti1201   2.122e-01 3.396e+00  1.544e+05
1.473090e-01   1.788e+05 0 inti1201   1.789e+05 2 inti1201   2.122e-01 3.396e+00  1.551e+05
1.481113e-01   1.788e+05 0 inti1201   1.789e+05 2 inti1201   2.114e-01 3.382e+00  1.551e+05
1.489226e-01   1.803e+05 0 inti1201   1.804e+05 2 inti1201   2.122e-01 3.396e+00  1.566e+05
1.497225e-01   1.799e+05 0 inti1201   1.801e+05 2 inti1201   2.109e-01 3.375e+00  1.561e+05
1.505284e-01   1.807e+05 0 inti1201   1.808e+05 2 inti1201   2.108e-01 3.372e+00  1.569e+05
1.513345e-01   1.804e+05 0 inti1201   1.805e+05 2 inti1201   2.095e-01 3.352e+00  1.566e+05
1.521297e-01   1.816e+05 0 inti1201   1.818e+05 2 inti1201   2.100e-01 3.360e+00  1.579e+05
1.529368e-01   1.818e+05 0 inti1201   1.819e+05 2 inti1201   2.092e-01 3.347e+00  1.580e+05
1.537358e-01   1.842e+05 0 inti1201   1.844e+05 2 inti1201   2.111e-01 3.378e+00  1.604e+05
1.545291e-01   1.831e+05 0 inti1201   1.833e+05 2 inti1201   2.088e-01 3.341e+00  1.592e+05
1.553349e-01   1.848e+05 0 inti1201   1.850e+05 2 inti1201   2.098e-01 3.357e+00  1.609e+05
1.561393e-01   1.846e+05 0 inti1201   1.848e+05 2 inti1201   2.086e-01 3.338e+00  1.606e+05
1.569414e-01   1.855e+05 0 inti1201   1.856e+05 2 inti1201   2.087e-01 3.339e+00  1.617e+05
1.577619e-01   1.874e+05 0 inti1201   1.876e+05 2 inti1201   2.100e-01 3.360e+00  1.634e+05
1.585631e-01   1.889e+05 0 inti1201   1.890e+05 2 inti1201   2.106e-01 3.370e+00  1.647e+05
1.593807e-01   1.888e+05 0 inti1201   1.890e+05 2 inti1201   2.096e-01 3.354e+00  1.645e+05
1.601865e-01   2.018e+05 0 inti1201   2.019e+05 2 inti1201   2.230e-01 3.568e+00  1.732e+05
1.609951e-01   1.900e+05 0 inti1201   1.901e+05 2 inti1201   2.092e-01 3.347e+00  1.651e+05
1.618118e-01   1.909e+05 0 inti1201   1.910e+05 2 inti1201   2.092e-01 3.348e+00  1.659e+05
1.626124e-01   1.910e+05 0 inti1201   1.912e+05 2 inti1201   2.088e-01 3.340e+00  1.664e+05
1.634220e-01   1.917e+05 0 inti1201   1.919e+05 2 inti1201   2.086e-01 3.338e+00  1.669e+05
1.642398e-01   1.935e+05 3 inti1201   1.936e+05 2 inti1201   2.098e-01 3.357e+00  1.685e+05
1.650449e-01   1.950e+05 0 inti1201   1.952e+05 2 inti1201   2.107e-01 3.372e+00  1.699e+05
1.658600e-01   1.950e+05 0 inti1201   1.951e+05 2 inti1201   2.099e-01 3.358e+00  1.700e+05
1.667111e-01   1.958e+05 0 inti1201   1.959e+05 2 inti1201   2.101e-01 3.361e+00  1.708e+05
1.676255e-01   1.971e+05 0 inti1201   1.972e+05 2 inti1201   2.106e-01 3.370e+00  1.719e+05
1.685700e-01   1.984e+05 0 inti1201   1.985e+05 2 inti1201   2.112e-01 3.379e+00  1.733e+05
1.695187e-01   1.978e+05 0 inti1201   1.979e+05 2 inti1201   2.098e-01 3.357e+00  1.725e+05
1.704675e-01   1.999e+05 0 inti1201   2.000e+05 2 inti1201   2.112e-01 3.379e+00  1.745e+05
1.714163e-01   2.009e+05 0 inti1201   2.010e+05 2 inti1201   2.115e-01 3.383e+00  1.755e+05
1.723646e-01   2.066e+05 0 inti1201   2.067e+05 2 inti1201   2.167e-01 3.468e+00  1.794e+05
1.731525e-01   2.083e+05 0 inti1201   2.085e+05 2 inti1201   2.179e-01 3.486e+00  1.813e+05
1.738883e-01   2.074e+05 0 inti1201   2.075e+05 2 inti1201   2.164e-01 3.462e+00  1.805e+05
1.747004e-01   2.078e+05 0 inti1201   2.079e+05 2 inti1201   2.162e-01 3.459e+00  1.808e+05
1.754942e-01   2.080e+05 0 inti1201   2.081e+05 2 inti1201   2.158e-01 3.453e+00  1.808e+05
1.762989e-01   2.083e+05 0 inti1201   2.086e+05 2 inti1201   2.157e-01 3.452e+00  1.813e+05
1.771125e-01   2.096e+05 0 inti1201   2.098e+05 2 inti1201   2.164e-01 3.463e+00  1.818e+05
1.779044e-01   2.091e+05 0 inti1201   2.092e+05 2 inti1201   2.153e-01 3.446e+00  1.822e+05
1.787057e-01   2.089e+05 0 inti1201   2.091e+05 2 inti1201   2.147e-01 3.436e+00  1.821e+05
1.796427e-01   2.087e+05 0 inti1201   2.089e+05 2 inti1201   2.141e-01 3.425e+00  1.819e+05
1.805901e-01   2.059e+05 0 inti1201   2.060e+05 2 inti1201   2.107e-01 3.371e+00  1.796e+05
1.815373e-01   2.070e+05 0 inti1201   2.071e+05 2 inti1201   2.113e-01 3.381e+00  1.804e+05
1.824843e-01   2.069e+05 0 inti1201   2.071e+05 2 inti1201   2.108e-01 3.373e+00  1.803e+05
1.834308e-01   2.073e+05 0 inti1201   2.075e+05 2 inti1201   2.108e-01 3.373e+00  1.807e+05
1.843766e-01   2.069e+05 0 inti1201   2.070e+05 2 inti1201   2.098e-01 3.357e+00  1.802e+05
1.853213e-01   2.073e+05 0 inti1201   2.074e+05 2 inti1201   2.098e-01 3.357e+00  1.805e+05
1.862639e-01   2.081e+05 0 inti1201   2.082e+05 2 inti1201   2.103e-01 3.364e+00  1.813e+05
1.872022e-01   2.097e+05 0 inti1201   2.098e+05 2 inti1201   2.115e-01 3.383e+00  1.825e+05
1.881262e-01   2.080e+05 0 inti1201   2.081e+05 2 inti1201   2.093e-01 3.349e+00  1.813e+05
1.889647e-01   2.099e+05 0 inti1201   2.100e+05 2 inti1201   2.108e-01 3.373e+00  1.833e+05
1.898968e-01   2.091e+05 0 inti1201   2.093e+05 2 inti1201   2.098e-01 3.357e+00  1.824e+05
1.908276e-01   2.097e+05 0 inti1201   2.097e+05 2 inti1201   2.100e-01 3.360e+00  1.830e+05
1.917548e-01   2.093e+05 0 inti1201   2.094e+05 2 inti1201   2.093e-01 3.349e+00  1.826e+05
1.926814e-01   2.101e+05 3 inti1201   2.102e+05 2 inti1201   2.099e-01 3.358e+00  1.833e+05
1.936104e-01   2.101e+05 0 inti1201   2.102e+05 2 inti1201   2.096e-01 3.353e+00  1.833e+05
1.945431e-01   2.112e+05 0 inti1201   2.113e+05 2 inti1201   2.104e-01 3.367e+00  1.843e+05
1.954795e-01   2.118e+05 0 inti1201   2.119e+05 2 inti1201   2.108e-01 3.373e+00  1.848e+05
1.964182e-01   2.120e+05 0 inti1201   2.121e+05 2 inti1201   2.107e-01 3.371e+00  1.850e+05
1.973393e-01   2.129e+05 0 inti1201   2.131e+05 2 inti1201   2.114e-01 3.383e+00  1.859e+05
1.981444e-01   2.135e+05 3 inti1201   2.136e+05 2 inti1201   2.117e-01 3.387e+00  1.864e+05
1.989578e-01   2.136e+05 0 inti1201   2.138e+05 2 inti1201   2.116e-01 3.386e+00  1.864e+05
1.998817e-01   2.137e+05 0 inti1201   2.138e+05 2 inti1201   2.114e-01 3.382e+00  1.866e+05
