# 1  : Date
# 2  : Temps elapsed min (mus)
# 3  : Rang temps elapsed min
# 4  : Noeud temps elapsed min
# 5  : Temps elapsed max (mus)
# 6  : Rang temps elapsed max
# 7  : Noeud temps elapsed max
# 8  : Grind time (mus/maille/cycle)
# 9  : Grind time équivalent séquentiel (#8 X nb_de_coeurs)
#     1     2     3     4      5      6      7       8      9
#   ATTENTION  les temps cpu schémas sont données dans l'ordre alphabétique des schémas WARNING
#  10: TELAPS Hydro (mus)
1.121936e-04   4.054e+04 0 inti1218   4.067e+04 3 inti1218   2.941e-01 4.706e+00  3.202e+04
2.731429e-04   4.548e+04 0 inti1218   4.570e+04 3 inti1218   3.290e-01 5.263e+00  3.688e+04
5.004961e-04   4.121e+04 0 inti1218   4.141e+04 3 inti1218   2.955e-01 4.728e+00  3.262e+04
7.920268e-04   4.263e+04 0 inti1218   4.278e+04 3 inti1218   3.026e-01 4.842e+00  3.379e+04
1.133905e-03   4.334e+04 0 inti1218   4.348e+04 3 inti1218   3.030e-01 4.848e+00  3.440e+04
1.520659e-03   4.712e+04 0 inti1218   4.724e+04 3 inti1218   3.256e-01 5.209e+00  3.722e+04
1.953399e-03   4.429e+04 0 inti1218   4.437e+04 3 inti1218   3.011e-01 4.818e+00  3.529e+04
2.427843e-03   4.496e+04 0 inti1218   4.505e+04 3 inti1218   3.022e-01 4.835e+00  3.584e+04
2.936329e-03   4.708e+04 0 inti1218   4.717e+04 3 inti1218   3.112e-01 4.979e+00  3.701e+04
3.426008e-03   4.675e+04 0 inti1218   4.684e+04 3 inti1218   3.087e-01 4.940e+00  3.727e+04
3.813221e-03   4.709e+04 0 inti1218   4.727e+04 3 inti1218   3.076e-01 4.921e+00  3.772e+04
4.242351e-03   4.810e+04 0 inti1218   4.816e+04 1 inti1218   3.097e-01 4.955e+00  3.837e+04
4.651488e-03   4.682e+04 0 inti1218   4.687e+04 3 inti1218   2.967e-01 4.748e+00  3.734e+04
5.013795e-03   4.720e+04 0 inti1218   4.726e+04 3 inti1218   2.961e-01 4.737e+00  3.770e+04
5.361142e-03   4.836e+04 0 inti1218   4.841e+04 3 inti1218   2.993e-01 4.789e+00  3.872e+04
5.697613e-03   4.882e+04 0 inti1218   4.887e+04 3 inti1218   2.994e-01 4.790e+00  3.913e+04
6.018577e-03   5.695e+04 0 inti1218   5.704e+04 2 inti1218   3.448e-01 5.517e+00  4.712e+04
6.329022e-03   5.020e+04 0 inti1218   5.026e+04 3 inti1218   3.017e-01 4.827e+00  4.046e+04
6.639474e-03   5.012e+04 0 inti1218   5.017e+04 3 inti1218   2.979e-01 4.767e+00  4.020e+04
6.945071e-03   5.028e+04 0 inti1218   5.035e+04 3 inti1218   2.966e-01 4.745e+00  4.047e+04
7.231733e-03   5.022e+04 0 inti1218   5.036e+04 3 inti1218   2.939e-01 4.703e+00  4.021e+04
7.516390e-03   5.219e+04 0 inti1218   5.225e+04 3 inti1218   3.028e-01 4.845e+00  4.199e+04
7.803158e-03   5.097e+04 0 inti1218   5.103e+04 3 inti1218   2.928e-01 4.685e+00  4.088e+04
8.099504e-03   5.167e+04 0 inti1218   5.174e+04 3 inti1218   2.948e-01 4.717e+00  4.147e+04
8.408853e-03   5.180e+04 0 inti1218   5.186e+04 3 inti1218   2.924e-01 4.679e+00  4.158e+04
8.732866e-03   5.207e+04 0 inti1218   5.213e+04 3 inti1218   2.915e-01 4.664e+00  4.184e+04
9.072437e-03   5.250e+04 0 inti1218   5.256e+04 3 inti1218   2.908e-01 4.652e+00  4.223e+04
9.431680e-03   6.164e+04 0 inti1218   6.175e+04 2 inti1218   3.390e-01 5.423e+00  5.120e+04
9.815184e-03   5.318e+04 0 inti1218   5.324e+04 3 inti1218   2.890e-01 4.624e+00  4.286e+04
1.022384e-02   6.107e+04 0 inti1218   6.124e+04 1 inti1218   3.297e-01 5.276e+00  5.053e+04
1.065610e-02   5.404e+04 0 inti1218   5.410e+04 3 inti1218   2.876e-01 4.602e+00  4.360e+04
1.111043e-02   5.522e+04 0 inti1218   5.528e+04 3 inti1218   2.913e-01 4.661e+00  4.471e+04
1.158431e-02   5.563e+04 0 inti1218   5.569e+04 3 inti1218   2.894e-01 4.630e+00  4.483e+04
1.207332e-02   5.555e+04 0 inti1218   5.561e+04 3 inti1218   2.862e-01 4.580e+00  4.496e+04
1.257068e-02   5.743e+04 0 inti1218   5.749e+04 3 inti1218   2.921e-01 4.674e+00  4.643e+04
1.307054e-02   5.764e+04 0 inti1218   5.771e+04 3 inti1218   2.902e-01 4.642e+00  4.676e+04
1.357270e-02   5.775e+04 0 inti1218   5.780e+04 3 inti1218   2.867e-01 4.587e+00  4.686e+04
1.408109e-02   5.681e+04 0 inti1218   5.687e+04 3 inti1218   2.791e-01 4.466e+00  4.568e+04
1.459668e-02   5.675e+04 0 inti1218   5.690e+04 3 inti1218   2.753e-01 4.405e+00  4.567e+04
1.511863e-02   5.775e+04 0 inti1218   5.781e+04 1 inti1218   2.768e-01 4.429e+00  4.656e+04
1.565345e-02   5.796e+04 0 inti1218   5.802e+04 1 inti1218   2.739e-01 4.382e+00  4.680e+04
1.620429e-02   5.832e+04 0 inti1218   5.840e+04 2 inti1218   2.727e-01 4.363e+00  4.717e+04
1.677074e-02   5.979e+04 0 inti1218   5.984e+04 1 inti1218   2.754e-01 4.406e+00  4.841e+04
1.735353e-02   6.268e+04 0 inti1218   6.273e+04 2 inti1218   2.858e-01 4.572e+00  5.064e+04
1.795394e-02   6.049e+04 0 inti1218   6.061e+04 1 inti1218   2.722e-01 4.355e+00  4.892e+04
1.857137e-02   6.075e+04 0 inti1218   6.081e+04 2 inti1218   2.701e-01 4.321e+00  4.922e+04
1.920281e-02   6.140e+04 0 inti1218   6.145e+04 3 inti1218   2.691e-01 4.305e+00  4.985e+04
1.985141e-02   6.193e+04 0 inti1218   6.200e+04 3 inti1218   2.685e-01 4.295e+00  5.021e+04
2.051007e-02   6.268e+04 0 inti1218   6.272e+04 2 inti1218   2.675e-01 4.279e+00  5.099e+04
2.114189e-02   6.314e+04 0 inti1218   6.328e+04 2 inti1218   2.671e-01 4.274e+00  5.131e+04
2.172763e-02   6.448e+04 0 inti1218   6.452e+04 2 inti1218   2.687e-01 4.299e+00  5.249e+04
2.229893e-02   6.282e+04 0 inti1218   6.288e+04 1 inti1218   2.595e-01 4.151e+00  5.090e+04
2.289663e-02   6.330e+04 0 inti1218   6.335e+04 1 inti1218   2.582e-01 4.131e+00  5.144e+04
2.350037e-02   6.379e+04 0 inti1218   6.386e+04 1 inti1218   2.578e-01 4.124e+00  5.197e+04
2.409951e-02   6.378e+04 0 inti1218   6.383e+04 1 inti1218   2.544e-01 4.071e+00  5.190e+04
2.469046e-02   6.447e+04 0 inti1218   6.452e+04 1 inti1218   2.548e-01 4.077e+00  5.257e+04
2.526866e-02   6.491e+04 0 inti1218   6.497e+04 1 inti1218   2.536e-01 4.057e+00  5.291e+04
2.582737e-02   6.609e+04 0 inti1218   6.616e+04 1 inti1218   2.562e-01 4.099e+00  5.386e+04
2.637924e-02   6.628e+04 0 inti1218   6.634e+04 1 inti1218   2.540e-01 4.065e+00  5.422e+04
2.697004e-02   6.670e+04 0 inti1218   6.687e+04 1 inti1218   2.538e-01 4.061e+00  5.454e+04
2.761855e-02   6.719e+04 0 inti1218   6.725e+04 1 inti1218   2.522e-01 4.036e+00  5.498e+04
2.829507e-02   6.962e+04 0 inti1218   6.977e+04 1 inti1218   2.590e-01 4.143e+00  5.740e+04
2.898270e-02   6.893e+04 0 inti1218   6.901e+04 1 inti1218   2.527e-01 4.044e+00  5.657e+04
2.966712e-02   7.046e+04 0 inti1218   7.060e+04 1 inti1218   2.561e-01 4.098e+00  5.765e+04
3.033368e-02   6.944e+04 2 inti1218   6.952e+04 1 inti1218   2.487e-01 3.979e+00  5.691e+04
3.102931e-02   6.976e+04 2 inti1218   6.985e+04 1 inti1218   2.473e-01 3.957e+00  5.708e+04
3.174120e-02   7.048e+04 0 inti1218   7.062e+04 1 inti1218   2.465e-01 3.944e+00  5.771e+04
3.240996e-02   7.175e+04 2 inti1218   7.183e+04 1 inti1218   2.482e-01 3.971e+00  5.890e+04
3.303669e-02   7.225e+04 0 inti1218   7.241e+04 1 inti1218   2.471e-01 3.954e+00  5.936e+04
3.362294e-02   7.196e+04 2 inti1218   7.206e+04 1 inti1218   2.435e-01 3.897e+00  5.892e+04
3.415779e-02   7.384e+04 2 inti1218   7.394e+04 1 inti1218   2.472e-01 3.955e+00  6.078e+04
3.462990e-02   7.260e+04 2 inti1218   7.270e+04 1 inti1218   2.412e-01 3.860e+00  5.970e+04
3.507067e-02   7.402e+04 2 inti1218   7.412e+04 1 inti1218   2.437e-01 3.899e+00  6.109e+04
3.551653e-02   7.624e+04 2 inti1218   7.633e+04 1 inti1218   2.494e-01 3.990e+00  6.253e+04
3.596072e-02   7.534e+04 2 inti1218   7.544e+04 1 inti1218   2.442e-01 3.907e+00  6.238e+04
3.640818e-02   7.553e+04 2 inti1218   7.566e+04 1 inti1218   2.433e-01 3.892e+00  6.252e+04
3.686348e-02   7.692e+04 0 inti1218   7.706e+04 1 inti1218   2.454e-01 3.926e+00  6.368e+04
3.729606e-02   7.561e+04 0 inti1218   7.576e+04 1 inti1218   2.396e-01 3.834e+00  6.227e+04
3.772139e-02   7.604e+04 0 inti1218   7.611e+04 1 inti1218   2.386e-01 3.818e+00  6.272e+04
3.815172e-02   7.632e+04 0 inti1218   7.639e+04 1 inti1218   2.380e-01 3.809e+00  6.292e+04
3.857895e-02   7.678e+04 0 inti1218   7.694e+04 1 inti1218   2.376e-01 3.801e+00  6.330e+04
3.901446e-02   7.854e+04 0 inti1218   7.862e+04 1 inti1218   2.411e-01 3.858e+00  6.466e+04
3.945067e-02   7.757e+04 0 inti1218   7.764e+04 1 inti1218   2.361e-01 3.777e+00  6.413e+04
3.989268e-02   7.781e+04 0 inti1218   7.790e+04 1 inti1218   2.352e-01 3.764e+00  6.424e+04
4.034831e-02   7.836e+04 0 inti1218   7.850e+04 1 inti1218   2.350e-01 3.760e+00  6.484e+04
4.079296e-02   8.064e+04 0 inti1218   8.076e+04 1 inti1218   2.400e-01 3.839e+00  6.619e+04
4.124932e-02   7.863e+04 0 inti1218   7.870e+04 1 inti1218   2.318e-01 3.709e+00  6.496e+04
4.169567e-02   7.894e+04 0 inti1218   7.901e+04 1 inti1218   2.313e-01 3.701e+00  6.521e+04
4.215118e-02   8.015e+04 0 inti1218   8.033e+04 1 inti1218   2.331e-01 3.729e+00  6.618e+04
4.260630e-02   8.099e+04 0 inti1218   8.108e+04 1 inti1218   2.335e-01 3.737e+00  6.694e+04
4.306600e-02   8.308e+04 0 inti1218   8.316e+04 1 inti1218   2.373e-01 3.797e+00  6.917e+04
4.352328e-02   8.252e+04 0 inti1218   8.260e+04 1 inti1218   2.343e-01 3.748e+00  6.850e+04
4.398797e-02   8.190e+04 0 inti1218   8.205e+04 1 inti1218   2.306e-01 3.689e+00  6.784e+04
4.445018e-02   8.331e+04 0 inti1218   8.339e+04 1 inti1218   2.326e-01 3.722e+00  6.891e+04
4.491881e-02   8.299e+04 0 inti1218   8.306e+04 1 inti1218   2.295e-01 3.672e+00  6.880e+04
4.538497e-02   8.400e+04 0 inti1218   8.409e+04 1 inti1218   2.308e-01 3.693e+00  6.990e+04
4.585627e-02   8.423e+04 0 inti1218   8.432e+04 1 inti1218   2.292e-01 3.668e+00  7.002e+04
4.632746e-02   8.466e+04 0 inti1218   8.474e+04 1 inti1218   2.287e-01 3.660e+00  7.037e+04
4.679694e-02   8.540e+04 0 inti1218   8.556e+04 1 inti1218   2.287e-01 3.660e+00  7.093e+04
4.726938e-02   8.596e+04 0 inti1218   8.603e+04 1 inti1218   2.285e-01 3.656e+00  7.158e+04
4.774059e-02   8.648e+04 0 inti1218   8.654e+04 1 inti1218   2.277e-01 3.643e+00  7.200e+04
4.821782e-02   8.674e+04 0 inti1218   8.682e+04 1 inti1218   2.268e-01 3.628e+00  7.221e+04
4.870101e-02   8.771e+04 0 inti1218   8.776e+04 1 inti1218   2.272e-01 3.636e+00  7.319e+04
4.918854e-02   8.816e+04 0 inti1218   8.832e+04 1 inti1218   2.272e-01 3.635e+00  7.354e+04
4.967966e-02   8.864e+04 0 inti1218   8.872e+04 1 inti1218   2.260e-01 3.617e+00  7.389e+04
5.017548e-02   8.903e+04 0 inti1218   8.909e+04 1 inti1218   2.253e-01 3.606e+00  7.422e+04
5.066569e-02   9.044e+04 0 inti1218   9.049e+04 1 inti1218   2.266e-01 3.625e+00  7.554e+04
5.114162e-02   9.051e+04 0 inti1218   9.067e+04 1 inti1218   2.254e-01 3.607e+00  7.564e+04
5.162229e-02   9.180e+04 0 inti1218   9.186e+04 1 inti1218   2.262e-01 3.619e+00  7.679e+04
5.209479e-02   9.208e+04 0 inti1218   9.212e+04 1 inti1218   2.253e-01 3.605e+00  7.707e+04
5.255595e-02   9.310e+04 0 inti1218   9.324e+04 1 inti1218   2.258e-01 3.613e+00  7.796e+04
5.302517e-02   9.440e+04 0 inti1218   9.446e+04 1 inti1218   2.271e-01 3.633e+00  7.927e+04
5.349445e-02   9.326e+04 0 inti1218   9.331e+04 1 inti1218   2.223e-01 3.557e+00  7.822e+04
5.394905e-02   9.318e+04 0 inti1218   9.334e+04 1 inti1218   2.210e-01 3.536e+00  7.813e+04
5.437849e-02   9.441e+04 0 inti1218   9.447e+04 1 inti1218   2.217e-01 3.546e+00  7.909e+04
5.481676e-02   9.449e+04 0 inti1218   9.455e+04 1 inti1218   2.204e-01 3.527e+00  7.924e+04
5.525097e-02   9.589e+04 0 inti1218   9.602e+04 1 inti1218   2.220e-01 3.552e+00  8.032e+04
5.567420e-02   9.804e+04 0 inti1218   9.811e+04 1 inti1218   2.254e-01 3.606e+00  8.186e+04
5.608545e-02   9.822e+04 0 inti1218   9.827e+04 1 inti1218   2.240e-01 3.584e+00  8.266e+04
5.649500e-02   9.780e+04 0 inti1218   9.785e+04 1 inti1218   2.217e-01 3.547e+00  8.215e+04
5.690150e-02   9.853e+04 0 inti1218   9.866e+04 1 inti1218   2.218e-01 3.548e+00  8.294e+04
5.730563e-02   9.895e+04 0 inti1218   9.900e+04 1 inti1218   2.213e-01 3.541e+00  8.321e+04
5.771174e-02   1.012e+05 0 inti1218   1.013e+05 1 inti1218   2.247e-01 3.596e+00  8.546e+04
5.812587e-02   1.006e+05 0 inti1218   1.007e+05 1 inti1218   2.221e-01 3.554e+00  8.466e+04
5.854347e-02   1.011e+05 0 inti1218   1.013e+05 1 inti1218   2.216e-01 3.546e+00  8.512e+04
5.896011e-02   1.012e+05 0 inti1218   1.013e+05 1 inti1218   2.202e-01 3.524e+00  8.517e+04
5.937632e-02   1.033e+05 0 inti1218   1.034e+05 1 inti1218   2.232e-01 3.571e+00  8.699e+04
5.979042e-02   1.030e+05 0 inti1218   1.032e+05 1 inti1218   2.215e-01 3.544e+00  8.690e+04
6.020465e-02   1.039e+05 0 inti1218   1.040e+05 1 inti1218   2.216e-01 3.546e+00  8.734e+04
6.061822e-02   1.042e+05 0 inti1218   1.043e+05 1 inti1218   2.210e-01 3.537e+00  8.771e+04
6.103111e-02   1.043e+05 0 inti1218   1.043e+05 1 inti1218   2.195e-01 3.512e+00  8.765e+04
6.144355e-02   1.051e+05 0 inti1218   1.052e+05 1 inti1218   2.203e-01 3.525e+00  8.838e+04
6.185606e-02   1.048e+05 0 inti1218   1.048e+05 1 inti1218   2.180e-01 3.488e+00  8.818e+04
6.227106e-02   1.062e+05 0 inti1218   1.062e+05 1 inti1218   2.198e-01 3.517e+00  8.953e+04
6.268417e-02   1.085e+05 0 inti1218   1.086e+05 1 inti1218   2.231e-01 3.569e+00  9.153e+04
6.310361e-02   1.075e+05 0 inti1218   1.076e+05 1 inti1218   2.199e-01 3.519e+00  9.076e+04
6.352910e-02   1.080e+05 0 inti1218   1.080e+05 1 inti1218   2.196e-01 3.513e+00  9.116e+04
6.395429e-02   1.084e+05 0 inti1218   1.085e+05 1 inti1218   2.194e-01 3.510e+00  9.147e+04
6.437511e-02   1.097e+05 0 inti1218   1.098e+05 1 inti1218   2.204e-01 3.526e+00  9.270e+04
6.478961e-02   1.095e+05 0 inti1218   1.095e+05 1 inti1218   2.187e-01 3.500e+00  9.248e+04
6.518884e-02   1.096e+05 0 inti1218   1.096e+05 1 inti1218   2.176e-01 3.482e+00  9.249e+04
6.556589e-02   1.106e+05 0 inti1218   1.106e+05 1 inti1218   2.184e-01 3.495e+00  9.347e+04
6.593462e-02   1.106e+05 0 inti1218   1.107e+05 1 inti1218   2.173e-01 3.477e+00  9.344e+04
6.631015e-02   1.121e+05 0 inti1218   1.122e+05 1 inti1218   2.194e-01 3.510e+00  9.470e+04
6.668709e-02   1.123e+05 0 inti1218   1.124e+05 1 inti1218   2.184e-01 3.495e+00  9.509e+04
6.707900e-02   1.127e+05 0 inti1218   1.128e+05 1 inti1218   2.181e-01 3.490e+00  9.548e+04
6.747443e-02   1.129e+05 0 inti1218   1.130e+05 1 inti1218   2.173e-01 3.477e+00  9.537e+04
6.789738e-02   1.154e+05 0 inti1218   1.154e+05 1 inti1218   2.209e-01 3.534e+00  9.769e+04
6.831063e-02   1.131e+05 0 inti1218   1.132e+05 1 inti1218   2.153e-01 3.446e+00  9.583e+04
6.871854e-02   1.157e+05 0 inti1218   1.157e+05 1 inti1218   2.191e-01 3.506e+00  9.789e+04
6.911579e-02   1.148e+05 0 inti1218   1.148e+05 1 inti1218   2.162e-01 3.459e+00  9.707e+04
6.950927e-02   1.175e+05 0 inti1218   1.175e+05 3 inti1218   2.202e-01 3.524e+00  9.947e+04
6.990219e-02   1.169e+05 0 inti1218   1.169e+05 3 inti1218   2.179e-01 3.486e+00  9.902e+04
7.030067e-02   1.166e+05 0 inti1218   1.167e+05 1 inti1218   2.164e-01 3.463e+00  9.881e+04
7.069221e-02   1.169e+05 0 inti1218   1.169e+05 1 inti1218   2.157e-01 3.452e+00  9.938e+04
7.108532e-02   1.173e+05 0 inti1218   1.174e+05 3 inti1218   2.157e-01 3.451e+00  9.972e+04
7.147583e-02   1.184e+05 0 inti1218   1.185e+05 1 inti1218   2.165e-01 3.464e+00  1.006e+05
7.186069e-02   1.181e+05 0 inti1218   1.182e+05 1 inti1218   2.151e-01 3.442e+00  1.004e+05
7.225197e-02   1.195e+05 0 inti1218   1.196e+05 1 inti1218   2.166e-01 3.466e+00  1.017e+05
7.264282e-02   1.208e+05 0 inti1218   1.209e+05 1 inti1218   2.181e-01 3.490e+00  1.030e+05
7.303633e-02   1.205e+05 0 inti1218   1.206e+05 1 inti1218   2.164e-01 3.463e+00  1.028e+05
7.343460e-02   1.203e+05 0 inti1218   1.204e+05 1 inti1218   2.151e-01 3.441e+00  1.023e+05
7.383948e-02   1.219e+05 0 inti1218   1.220e+05 1 inti1218   2.169e-01 3.470e+00  1.038e+05
7.425859e-02   1.219e+05 0 inti1218   1.220e+05 1 inti1218   2.160e-01 3.455e+00  1.038e+05
7.466399e-02   1.219e+05 0 inti1218   1.220e+05 1 inti1218   2.148e-01 3.437e+00  1.038e+05
7.507051e-02   1.218e+05 0 inti1218   1.218e+05 1 inti1218   2.137e-01 3.419e+00  1.037e+05
7.550073e-02   1.221e+05 0 inti1218   1.223e+05 1 inti1218   2.133e-01 3.413e+00  1.038e+05
7.594731e-02   1.230e+05 0 inti1218   1.230e+05 1 inti1218   2.138e-01 3.421e+00  1.047e+05
7.639663e-02   1.236e+05 0 inti1218   1.236e+05 1 inti1218   2.136e-01 3.417e+00  1.053e+05
7.684477e-02   1.250e+05 0 inti1218   1.252e+05 1 inti1218   2.154e-01 3.446e+00  1.067e+05
7.727509e-02   1.253e+05 2 inti1218   1.254e+05 1 inti1218   2.146e-01 3.434e+00  1.069e+05
7.772645e-02   1.259e+05 0 inti1218   1.260e+05 1 inti1218   2.146e-01 3.433e+00  1.074e+05
7.816666e-02   1.256e+05 0 inti1218   1.257e+05 1 inti1218   2.130e-01 3.408e+00  1.071e+05
7.860648e-02   1.260e+05 0 inti1218   1.261e+05 1 inti1218   2.129e-01 3.407e+00  1.076e+05
7.905316e-02   1.261e+05 0 inti1218   1.262e+05 1 inti1218   2.119e-01 3.390e+00  1.076e+05
7.949102e-02   1.268e+05 0 inti1218   1.269e+05 1 inti1218   2.122e-01 3.395e+00  1.083e+05
7.993525e-02   1.273e+05 0 inti1218   1.274e+05 1 inti1218   2.119e-01 3.391e+00  1.087e+05
8.037635e-02   1.289e+05 0 inti1218   1.289e+05 1 inti1218   2.137e-01 3.419e+00  1.101e+05
8.081580e-02   1.299e+05 0 inti1218   1.299e+05 1 inti1218   2.142e-01 3.427e+00  1.111e+05
8.126850e-02   1.283e+05 0 inti1218   1.283e+05 1 inti1218   2.107e-01 3.371e+00  1.094e+05
8.173225e-02   1.296e+05 0 inti1218   1.296e+05 1 inti1218   2.117e-01 3.387e+00  1.105e+05
8.219531e-02   1.304e+05 0 inti1218   1.305e+05 1 inti1218   2.122e-01 3.396e+00  1.111e+05
8.268814e-02   1.309e+05 0 inti1218   1.310e+05 1 inti1218   2.118e-01 3.390e+00  1.116e+05
8.321095e-02   1.309e+05 0 inti1218   1.310e+05 1 inti1218   2.109e-01 3.374e+00  1.119e+05
8.373021e-02   1.308e+05 0 inti1218   1.308e+05 3 inti1218   2.093e-01 3.350e+00  1.118e+05
8.420101e-02   1.311e+05 0 inti1218   1.313e+05 1 inti1218   2.092e-01 3.347e+00  1.120e+05
8.467046e-02   1.320e+05 0 inti1218   1.320e+05 1 inti1218   2.093e-01 3.349e+00  1.128e+05
8.514884e-02   1.324e+05 0 inti1218   1.325e+05 1 inti1218   2.091e-01 3.345e+00  1.129e+05
8.563016e-02   1.362e+05 0 inti1218   1.364e+05 1 inti1218   2.140e-01 3.425e+00  1.149e+05
8.610017e-02   1.330e+05 0 inti1218   1.331e+05 3 inti1218   2.081e-01 3.330e+00  1.138e+05
8.656573e-02   1.339e+05 0 inti1218   1.340e+05 1 inti1218   2.083e-01 3.333e+00  1.145e+05
8.703284e-02   1.335e+05 0 inti1218   1.336e+05 1 inti1218   2.069e-01 3.310e+00  1.143e+05
8.751169e-02   1.346e+05 0 inti1218   1.347e+05 1 inti1218   2.075e-01 3.320e+00  1.152e+05
8.800651e-02   1.347e+05 0 inti1218   1.347e+05 1 inti1218   2.068e-01 3.308e+00  1.155e+05
8.850683e-02   1.377e+05 0 inti1218   1.378e+05 1 inti1218   2.103e-01 3.364e+00  1.181e+05
8.901592e-02   1.357e+05 0 inti1218   1.357e+05 1 inti1218   2.063e-01 3.301e+00  1.163e+05
8.952593e-02   1.365e+05 0 inti1218   1.366e+05 1 inti1218   2.065e-01 3.304e+00  1.170e+05
9.003871e-02   1.372e+05 0 inti1218   1.373e+05 1 inti1218   2.066e-01 3.305e+00  1.175e+05
9.055561e-02   1.399e+05 0 inti1218   1.400e+05 1 inti1218   2.094e-01 3.351e+00  1.200e+05
9.107566e-02   1.388e+05 0 inti1218   1.389e+05 1 inti1218   2.069e-01 3.311e+00  1.190e+05
9.158630e-02   1.388e+05 0 inti1218   1.389e+05 1 inti1218   2.057e-01 3.292e+00  1.191e+05
9.207793e-02   1.402e+05 0 inti1218   1.402e+05 1 inti1218   2.069e-01 3.310e+00  1.201e+05
9.261287e-02   1.425e+05 0 inti1218   1.426e+05 1 inti1218   2.091e-01 3.345e+00  1.225e+05
9.311512e-02   1.400e+05 0 inti1218   1.401e+05 1 inti1218   2.046e-01 3.274e+00  1.202e+05
9.364445e-02   1.408e+05 0 inti1218   1.409e+05 1 inti1218   2.045e-01 3.273e+00  1.208e+05
9.415673e-02   1.426e+05 0 inti1218   1.533e+05 1 inti1218   2.217e-01 3.547e+00  1.225e+05
9.467888e-02   1.422e+05 0 inti1218   1.423e+05 1 inti1218   2.046e-01 3.273e+00  1.222e+05
9.518963e-02   1.430e+05 0 inti1218   1.431e+05 1 inti1218   2.048e-01 3.276e+00  1.229e+05
9.571050e-02   1.433e+05 0 inti1218   1.434e+05 1 inti1218   2.040e-01 3.264e+00  1.231e+05
9.621614e-02   1.441e+05 0 inti1218   1.443e+05 1 inti1218   2.044e-01 3.270e+00  1.240e+05
9.673516e-02   1.456e+05 0 inti1218   1.456e+05 1 inti1218   2.051e-01 3.281e+00  1.253e+05
9.723903e-02   1.465e+05 0 inti1218   1.465e+05 1 inti1218   2.055e-01 3.287e+00  1.260e+05
9.775673e-02   1.472e+05 0 inti1218   1.473e+05 1 inti1218   2.054e-01 3.286e+00  1.267e+05
9.825989e-02   1.503e+05 0 inti1218   1.504e+05 1 inti1218   2.087e-01 3.339e+00  1.295e+05
9.877008e-02   1.476e+05 0 inti1218   1.476e+05 1 inti1218   2.038e-01 3.260e+00  1.270e+05
9.927715e-02   1.489e+05 0 inti1218   1.491e+05 1 inti1218   2.048e-01 3.278e+00  1.284e+05
9.977728e-02   1.492e+05 0 inti1218   1.493e+05 1 inti1218   2.040e-01 3.263e+00  1.285e+05
1.002870e-01   1.538e+05 0 inti1218   1.538e+05 1 inti1218   2.093e-01 3.349e+00  1.326e+05
1.008104e-01   1.517e+05 0 inti1218   1.517e+05 3 inti1218   2.054e-01 3.286e+00  1.306e+05
1.013641e-01   1.523e+05 0 inti1218   1.523e+05 3 inti1218   2.051e-01 3.282e+00  1.312e+05
1.019441e-01   1.526e+05 0 inti1218   1.527e+05 1 inti1218   2.043e-01 3.270e+00  1.314e+05
1.025389e-01   1.548e+05 0 inti1218   1.549e+05 1 inti1218   2.064e-01 3.302e+00  1.336e+05
1.031268e-01   1.579e+05 0 inti1218   1.579e+05 1 inti1218   2.090e-01 3.344e+00  1.366e+05
1.037080e-01   1.550e+05 0 inti1218   1.551e+05 1 inti1218   2.043e-01 3.269e+00  1.339e+05
1.042873e-01   1.565e+05 0 inti1218   1.566e+05 1 inti1218   2.050e-01 3.280e+00  1.351e+05
1.048766e-01   1.586e+05 0 inti1218   1.586e+05 1 inti1218   2.067e-01 3.307e+00  1.371e+05
1.054701e-01   1.595e+05 0 inti1218   1.596e+05 1 inti1218   2.067e-01 3.307e+00  1.380e+05
1.060668e-01   1.591e+05 0 inti1218   1.592e+05 1 inti1218   2.052e-01 3.283e+00  1.376e+05
1.066591e-01   1.618e+05 0 inti1218   1.618e+05 1 inti1218   2.073e-01 3.317e+00  1.401e+05
1.072453e-01   1.615e+05 0 inti1218   1.615e+05 1 inti1218   2.059e-01 3.295e+00  1.398e+05
1.078260e-01   1.625e+05 0 inti1218   1.626e+05 1 inti1218   2.061e-01 3.298e+00  1.405e+05
1.083993e-01   1.634e+05 0 inti1218   1.635e+05 1 inti1218   2.064e-01 3.302e+00  1.418e+05
1.089616e-01   1.657e+05 0 inti1218   1.658e+05 2 inti1218   2.080e-01 3.328e+00  1.435e+05
1.095199e-01   1.659e+05 0 inti1218   1.661e+05 1 inti1218   2.075e-01 3.319e+00  1.440e+05
1.100582e-01   1.667e+05 0 inti1218   1.668e+05 1 inti1218   2.072e-01 3.315e+00  1.446e+05
1.106126e-01   1.674e+05 0 inti1218   1.675e+05 1 inti1218   2.072e-01 3.315e+00  1.451e+05
1.111687e-01   1.677e+05 0 inti1218   1.678e+05 1 inti1218   2.065e-01 3.304e+00  1.456e+05
1.117300e-01   1.686e+05 0 inti1218   1.687e+05 1 inti1218   2.068e-01 3.308e+00  1.463e+05
1.123142e-01   1.704e+05 0 inti1218   1.705e+05 2 inti1218   2.077e-01 3.323e+00  1.476e+05
1.129117e-01   1.725e+05 0 inti1218   1.726e+05 1 inti1218   2.094e-01 3.350e+00  1.494e+05
1.135206e-01   1.728e+05 0 inti1218   1.728e+05 2 inti1218   2.084e-01 3.334e+00  1.497e+05
1.141342e-01   1.735e+05 0 inti1218   1.736e+05 1 inti1218   2.084e-01 3.335e+00  1.505e+05
1.147527e-01   1.735e+05 0 inti1218   1.736e+05 1 inti1218   2.072e-01 3.315e+00  1.505e+05
1.153764e-01   1.771e+05 0 inti1218   1.772e+05 3 inti1218   2.105e-01 3.368e+00  1.536e+05
1.160059e-01   1.762e+05 0 inti1218   1.764e+05 1 inti1218   2.083e-01 3.334e+00  1.531e+05
1.166425e-01   1.775e+05 0 inti1218   1.777e+05 1 inti1218   2.089e-01 3.343e+00  1.545e+05
1.172874e-01   1.784e+05 0 inti1218   1.785e+05 1 inti1218   2.087e-01 3.339e+00  1.552e+05
1.179413e-01   1.801e+05 0 inti1218   1.801e+05 2 inti1218   2.097e-01 3.355e+00  1.567e+05
1.186053e-01   1.814e+05 0 inti1218   1.815e+05 1 inti1218   2.101e-01 3.361e+00  1.576e+05
1.192817e-01   1.830e+05 0 inti1218   1.830e+05 1 inti1218   2.110e-01 3.376e+00  1.587e+05
1.199708e-01   1.836e+05 0 inti1218   1.837e+05 1 inti1218   2.106e-01 3.369e+00  1.597e+05
1.206665e-01   1.824e+05 0 inti1218   1.825e+05 1 inti1218   2.082e-01 3.332e+00  1.574e+05
1.213626e-01   1.856e+05 0 inti1218   1.858e+05 1 inti1218   2.108e-01 3.372e+00  1.608e+05
1.220538e-01   1.857e+05 0 inti1218   1.859e+05 1 inti1218   2.100e-01 3.360e+00  1.610e+05
1.227420e-01   1.875e+05 0 inti1218   1.878e+05 1 inti1218   2.110e-01 3.375e+00  1.626e+05
1.234335e-01   1.880e+05 0 inti1218   1.882e+05 1 inti1218   2.105e-01 3.368e+00  1.635e+05
1.241309e-01   1.903e+05 0 inti1218   1.904e+05 1 inti1218   2.119e-01 3.391e+00  1.656e+05
1.248328e-01   1.897e+05 0 inti1218   1.899e+05 1 inti1218   2.104e-01 3.367e+00  1.650e+05
1.255370e-01   1.909e+05 0 inti1218   1.910e+05 1 inti1218   2.106e-01 3.369e+00  1.661e+05
1.262416e-01   1.910e+05 0 inti1218   1.911e+05 1 inti1218   2.099e-01 3.358e+00  1.662e+05
1.269458e-01   1.917e+05 0 inti1218   1.918e+05 1 inti1218   2.096e-01 3.354e+00  1.669e+05
1.276514e-01   1.927e+05 0 inti1218   1.929e+05 1 inti1218   2.099e-01 3.358e+00  1.676e+05
1.283599e-01   1.992e+05 0 inti1218   1.993e+05 1 inti1218   2.158e-01 3.453e+00  1.702e+05
1.290731e-01   1.949e+05 0 inti1218   1.951e+05 1 inti1218   2.104e-01 3.366e+00  1.697e+05
1.297908e-01   1.960e+05 0 inti1218   1.961e+05 1 inti1218   2.105e-01 3.368e+00  1.706e+05
1.305095e-01   1.965e+05 0 inti1218   1.966e+05 1 inti1218   2.103e-01 3.365e+00  1.712e+05
1.312254e-01   1.979e+05 0 inti1218   1.981e+05 1 inti1218   2.110e-01 3.376e+00  1.724e+05
1.319374e-01   2.018e+05 0 inti1218   2.020e+05 1 inti1218   2.144e-01 3.431e+00  1.764e+05
1.326429e-01   2.010e+05 0 inti1218   2.012e+05 1 inti1218   2.127e-01 3.404e+00  1.755e+05
1.333387e-01   2.014e+05 0 inti1218   2.015e+05 1 inti1218   2.123e-01 3.397e+00  1.759e+05
1.340258e-01   2.038e+05 0 inti1218   2.040e+05 1 inti1218   2.140e-01 3.424e+00  1.782e+05
1.347094e-01   2.034e+05 0 inti1218   2.036e+05 1 inti1218   2.129e-01 3.407e+00  1.777e+05
1.353959e-01   2.042e+05 0 inti1218   2.044e+05 1 inti1218   2.129e-01 3.407e+00  1.785e+05
1.360894e-01   2.051e+05 0 inti1218   2.052e+05 1 inti1218   2.132e-01 3.412e+00  1.793e+05
1.367847e-01   2.079e+05 0 inti1218   2.080e+05 1 inti1218   2.153e-01 3.445e+00  1.801e+05
1.374896e-01   2.063e+05 0 inti1218   2.065e+05 1 inti1218   2.131e-01 3.409e+00  1.790e+05
1.382160e-01   2.069e+05 0 inti1218   2.069e+05 1 inti1218   2.128e-01 3.404e+00  1.795e+05
1.389528e-01   2.062e+05 0 inti1218   2.063e+05 1 inti1218   2.115e-01 3.384e+00  1.789e+05
1.396969e-01   2.079e+05 0 inti1218   2.079e+05 1 inti1218   2.124e-01 3.398e+00  1.808e+05
1.404450e-01   2.088e+05 0 inti1218   2.090e+05 1 inti1218   2.129e-01 3.406e+00  1.818e+05
1.411891e-01   2.092e+05 0 inti1218   2.094e+05 1 inti1218   2.126e-01 3.402e+00  1.821e+05
1.419280e-01   2.093e+05 0 inti1218   2.095e+05 1 inti1218   2.122e-01 3.395e+00  1.824e+05
1.426641e-01   2.096e+05 0 inti1218   2.097e+05 1 inti1218   2.118e-01 3.389e+00  1.824e+05
1.433959e-01   2.104e+05 0 inti1218   2.106e+05 1 inti1218   2.122e-01 3.396e+00  1.833e+05
1.441266e-01   2.159e+05 0 inti1218   2.161e+05 1 inti1218   2.172e-01 3.474e+00  1.883e+05
1.448581e-01   2.124e+05 0 inti1218   2.127e+05 1 inti1218   2.133e-01 3.413e+00  1.856e+05
1.455918e-01   2.122e+05 0 inti1218   2.123e+05 1 inti1218   2.124e-01 3.398e+00  1.848e+05
1.463270e-01   2.111e+05 0 inti1218   2.112e+05 1 inti1218   2.109e-01 3.375e+00  1.843e+05
1.470369e-01   2.119e+05 0 inti1218   2.121e+05 1 inti1218   2.112e-01 3.380e+00  1.848e+05
1.477324e-01   2.123e+05 0 inti1218   2.124e+05 1 inti1218   2.112e-01 3.380e+00  1.852e+05
1.484492e-01   2.126e+05 0 inti1218   2.128e+05 1 inti1218   2.112e-01 3.380e+00  1.854e+05
1.491619e-01   2.131e+05 0 inti1218   2.132e+05 1 inti1218   2.113e-01 3.381e+00  1.856e+05
1.498722e-01   2.136e+05 0 inti1218   2.137e+05 1 inti1218   2.113e-01 3.381e+00  1.863e+05
1.505829e-01   2.137e+05 0 inti1218   2.139e+05 1 inti1218   2.112e-01 3.379e+00  1.866e+05
1.512969e-01   2.144e+05 0 inti1218   2.145e+05 1 inti1218   2.115e-01 3.384e+00  1.871e+05
1.520167e-01   2.145e+05 0 inti1218   2.148e+05 1 inti1218   2.114e-01 3.383e+00  1.871e+05
1.527117e-01   2.157e+05 0 inti1218   2.158e+05 1 inti1218   2.121e-01 3.393e+00  1.883e+05
1.534125e-01   2.154e+05 0 inti1218   2.155e+05 1 inti1218   2.116e-01 3.385e+00  1.880e+05
1.540877e-01   2.170e+05 0 inti1218   2.172e+05 1 inti1218   2.129e-01 3.406e+00  1.894e+05
1.547585e-01   2.166e+05 0 inti1218   2.168e+05 1 inti1218   2.123e-01 3.397e+00  1.893e+05
1.554351e-01   2.170e+05 0 inti1218   2.172e+05 1 inti1218   2.124e-01 3.398e+00  1.897e+05
1.560850e-01   2.190e+05 0 inti1218   2.191e+05 1 inti1218   2.141e-01 3.426e+00  1.917e+05
1.567452e-01   2.170e+05 0 inti1218   2.171e+05 1 inti1218   2.119e-01 3.390e+00  1.897e+05
1.574953e-01   2.182e+05 0 inti1218   2.184e+05 1 inti1218   2.129e-01 3.406e+00  1.909e+05
1.582506e-01   2.186e+05 0 inti1218   2.187e+05 1 inti1218   2.129e-01 3.406e+00  1.911e+05
1.589745e-01   2.191e+05 0 inti1218   2.193e+05 1 inti1218   2.133e-01 3.412e+00  1.918e+05
1.596853e-01   2.191e+05 0 inti1218   2.193e+05 1 inti1218   2.129e-01 3.407e+00  1.917e+05
1.603423e-01   2.209e+05 0 inti1218   2.210e+05 1 inti1218   2.144e-01 3.431e+00  1.934e+05
1.609926e-01   2.184e+05 0 inti1218   2.185e+05 1 inti1218   2.118e-01 3.388e+00  1.908e+05
1.616939e-01   2.189e+05 0 inti1218   2.190e+05 1 inti1218   2.121e-01 3.394e+00  1.913e+05
1.624796e-01   2.198e+05 0 inti1218   2.200e+05 1 inti1218   2.127e-01 3.403e+00  1.921e+05
1.632726e-01   2.198e+05 0 inti1218   2.199e+05 1 inti1218   2.124e-01 3.399e+00  1.921e+05
1.640678e-01   2.217e+05 0 inti1218   2.218e+05 1 inti1218   2.140e-01 3.424e+00  1.938e+05
1.648661e-01   2.214e+05 0 inti1218   2.215e+05 1 inti1218   2.135e-01 3.416e+00  1.936e+05
1.656659e-01   2.209e+05 2 inti1218   2.210e+05 1 inti1218   2.127e-01 3.403e+00  1.931e+05
1.664665e-01   2.217e+05 0 inti1218   2.218e+05 1 inti1218   2.133e-01 3.413e+00  1.937e+05
1.671679e-01   2.217e+05 0 inti1218   2.219e+05 1 inti1218   2.131e-01 3.410e+00  1.939e+05
1.678075e-01   2.220e+05 0 inti1218   2.221e+05 1 inti1218   2.132e-01 3.412e+00  1.941e+05
1.684440e-01   2.229e+05 2 inti1218   2.230e+05 1 inti1218   2.140e-01 3.424e+00  1.951e+05
1.690935e-01   2.219e+05 0 inti1218   2.220e+05 1 inti1218   2.129e-01 3.406e+00  1.941e+05
1.698498e-01   2.234e+05 0 inti1218   2.236e+05 1 inti1218   2.143e-01 3.428e+00  1.948e+05
1.706194e-01   2.228e+05 2 inti1218   2.230e+05 1 inti1218   2.135e-01 3.416e+00  1.942e+05
1.713817e-01   2.237e+05 0 inti1218   2.239e+05 1 inti1218   2.142e-01 3.428e+00  1.947e+05
1.721383e-01   2.245e+05 2 inti1218   2.247e+05 1 inti1218   2.148e-01 3.437e+00  1.957e+05
1.728006e-01   2.247e+05 2 inti1218   2.248e+05 1 inti1218   2.148e-01 3.437e+00  1.961e+05
1.734342e-01   2.246e+05 0 inti1218   2.248e+05 1 inti1218   2.148e-01 3.437e+00  1.959e+05
1.741148e-01   2.256e+05 0 inti1218   2.258e+05 1 inti1218   2.157e-01 3.452e+00  1.970e+05
1.748338e-01   2.266e+05 2 inti1218   2.268e+05 1 inti1218   2.166e-01 3.465e+00  1.979e+05
1.755505e-01   2.253e+05 2 inti1218   2.255e+05 1 inti1218   2.152e-01 3.443e+00  1.965e+05
1.762669e-01   2.252e+05 0 inti1218   2.253e+05 1 inti1218   2.150e-01 3.441e+00  1.965e+05
1.769961e-01   2.256e+05 0 inti1218   2.258e+05 1 inti1218   2.154e-01 3.447e+00  1.968e+05
1.777282e-01   2.254e+05 2 inti1218   2.256e+05 1 inti1218   2.152e-01 3.443e+00  1.968e+05
1.784745e-01   2.255e+05 2 inti1218   2.256e+05 1 inti1218   2.151e-01 3.442e+00  1.966e+05
1.792158e-01   2.260e+05 0 inti1218   2.262e+05 1 inti1218   2.156e-01 3.450e+00  1.973e+05
1.799444e-01   2.271e+05 2 inti1218   2.273e+05 1 inti1218   2.166e-01 3.466e+00  1.980e+05
1.806728e-01   2.254e+05 0 inti1218   2.256e+05 1 inti1218   2.149e-01 3.439e+00  1.965e+05
1.813969e-01   2.268e+05 2 inti1218   2.269e+05 1 inti1218   2.161e-01 3.457e+00  1.978e+05
1.820830e-01   2.268e+05 2 inti1218   2.269e+05 1 inti1218   2.160e-01 3.456e+00  1.976e+05
1.827378e-01   2.263e+05 2 inti1218   2.265e+05 1 inti1218   2.156e-01 3.450e+00  1.972e+05
1.834624e-01   2.266e+05 2 inti1218   2.268e+05 1 inti1218   2.159e-01 3.454e+00  1.976e+05
1.841916e-01   2.260e+05 0 inti1218   2.262e+05 1 inti1218   2.153e-01 3.444e+00  1.971e+05
1.849250e-01   2.263e+05 0 inti1218   2.264e+05 1 inti1218   2.156e-01 3.449e+00  1.973e+05
1.856485e-01   2.269e+05 2 inti1218   2.271e+05 1 inti1218   2.161e-01 3.458e+00  1.979e+05
1.863671e-01   2.262e+05 2 inti1218   2.264e+05 1 inti1218   2.155e-01 3.447e+00  1.973e+05
1.870764e-01   2.265e+05 2 inti1218   2.266e+05 1 inti1218   2.157e-01 3.451e+00  1.975e+05
1.877985e-01   2.275e+05 0 inti1218   2.277e+05 1 inti1218   2.166e-01 3.466e+00  1.985e+05
1.885279e-01   2.261e+05 2 inti1218   2.262e+05 1 inti1218   2.153e-01 3.444e+00  1.973e+05
1.892590e-01   2.263e+05 2 inti1218   2.265e+05 1 inti1218   2.155e-01 3.448e+00  1.975e+05
1.899542e-01   2.261e+05 2 inti1218   2.263e+05 1 inti1218   2.153e-01 3.444e+00  1.972e+05
1.906373e-01   2.268e+05 2 inti1218   2.270e+05 1 inti1218   2.160e-01 3.456e+00  1.977e+05
1.913258e-01   2.265e+05 2 inti1218   2.267e+05 1 inti1218   2.157e-01 3.452e+00  1.975e+05
1.920209e-01   2.277e+05 0 inti1218   2.279e+05 1 inti1218   2.168e-01 3.469e+00  1.984e+05
1.927633e-01   2.282e+05 2 inti1218   2.284e+05 1 inti1218   2.173e-01 3.476e+00  1.988e+05
1.935082e-01   2.273e+05 2 inti1218   2.274e+05 1 inti1218   2.164e-01 3.462e+00  1.982e+05
1.942584e-01   2.274e+05 2 inti1218   2.276e+05 1 inti1218   2.165e-01 3.464e+00  1.981e+05
1.950055e-01   2.268e+05 2 inti1218   2.270e+05 1 inti1218   2.159e-01 3.454e+00  1.979e+05
1.957588e-01   2.280e+05 2 inti1218   2.281e+05 1 inti1218   2.169e-01 3.471e+00  1.989e+05
1.964624e-01   2.277e+05 2 inti1218   2.279e+05 1 inti1218   2.168e-01 3.469e+00  1.986e+05
1.971461e-01   2.280e+05 2 inti1218   2.281e+05 1 inti1218   2.170e-01 3.472e+00  1.987e+05
1.978345e-01   2.278e+05 2 inti1218   2.280e+05 1 inti1218   2.169e-01 3.470e+00  1.986e+05
1.985823e-01   2.274e+05 0 inti1218   2.276e+05 1 inti1218   2.165e-01 3.464e+00  1.983e+05
1.993286e-01   2.274e+05 0 inti1218   2.276e+05 1 inti1218   2.165e-01 3.464e+00  1.984e+05
2.000890e-01   2.270e+05 2 inti1218   2.272e+05 1 inti1218   2.162e-01 3.459e+00  1.979e+05
