#   1 : Date        
# Date        
0.000000e+00
1.807392e-05
2.865299e-05
3.680825e-05
4.331462e-05
4.906367e-05
5.538763e-05
6.204872e-05
6.795979e-05
7.446196e-05
8.161436e-05
8.947053e-05
9.702468e-05
1.053342e-04
1.143002e-04
1.241628e-04
1.337027e-04
1.436480e-04
1.545879e-04
1.657374e-04
1.769297e-04
1.886124e-04
2.010176e-04
2.132284e-04
2.257171e-04
2.388127e-04
2.521957e-04
2.655017e-04
2.797183e-04
2.939297e-04
3.084532e-04
3.235230e-04
3.388720e-04
3.545256e-04
3.707045e-04
3.871136e-04
4.039712e-04
4.213429e-04
4.389057e-04
4.566041e-04
4.748726e-04
4.934284e-04
5.123968e-04
5.317204e-04
5.513472e-04
5.713195e-04
5.916317e-04
6.121877e-04
6.330631e-04
6.541431e-04
6.756129e-04
6.973298e-04
7.193540e-04
7.416524e-04
7.642145e-04
7.870888e-04
8.102207e-04
8.336410e-04
8.572999e-04
8.811975e-04
9.052984e-04
9.296850e-04
9.542344e-04
9.790738e-04
1.004107e-03
1.029433e-03
1.054937e-03
1.080786e-03
1.106828e-03
1.133123e-03
1.159624e-03
1.186464e-03
1.213485e-03
1.240745e-03
1.268213e-03
1.295923e-03
1.323861e-03
1.352053e-03
1.380427e-03
1.409065e-03
1.437917e-03
1.467083e-03
1.496472e-03
1.526126e-03
1.540943e-03
1.556299e-03
1.572508e-03
1.587595e-03
1.602736e-03
1.617620e-03
1.632678e-03
1.647317e-03
1.661863e-03
1.676470e-03
1.691214e-03
1.705814e-03
1.720052e-03
1.734266e-03
1.748540e-03
1.762915e-03
1.777301e-03
1.791745e-03
1.805885e-03
1.820080e-03
1.834373e-03
1.848745e-03
1.863216e-03
1.877875e-03
1.892811e-03
1.907951e-03
1.922440e-03
1.937049e-03
1.951795e-03
1.966688e-03
1.981742e-03
1.996960e-03
2.012353e-03
2.027556e-03
2.043125e-03
2.059040e-03
2.075137e-03
2.090454e-03
2.106064e-03
2.122120e-03
2.138941e-03
2.155970e-03
2.171756e-03
2.187929e-03
2.204648e-03
2.222376e-03
2.240543e-03
2.256888e-03
2.273699e-03
2.291457e-03
2.310514e-03
2.327068e-03
2.344083e-03
2.362056e-03
2.381358e-03
2.398141e-03
2.415395e-03
2.433370e-03
2.452378e-03
2.469371e-03
2.486746e-03
2.504701e-03
2.523568e-03
2.543904e-03
2.561467e-03
2.579522e-03
2.598289e-03
2.615667e-03
2.633337e-03
2.651357e-03
2.669887e-03
2.689203e-03
2.709593e-03
2.727720e-03
2.746236e-03
2.765257e-03
2.784988e-03
2.803222e-03
2.821745e-03
2.840609e-03
2.859974e-03
2.880111e-03
2.901304e-03
2.920179e-03
2.939430e-03
2.959155e-03
2.979558e-03
2.998469e-03
3.017647e-03
3.037146e-03
3.057121e-03
3.077841e-03
3.099575e-03
3.119018e-03
3.138811e-03
3.159049e-03
3.179929e-03
3.199353e-03
3.219024e-03
3.238993e-03
3.259414e-03
3.280547e-03
3.302660e-03
3.322537e-03
3.342742e-03
3.363357e-03
3.384576e-03
3.406999e-03
3.430931e-03
3.451388e-03
3.472305e-03
3.493945e-03
3.516546e-03
3.536881e-03
3.557532e-03
3.578566e-03
3.600172e-03
3.622950e-03
3.647156e-03
3.667986e-03
3.689242e-03
3.711164e-03
3.734026e-03
3.758363e-03
3.779409e-03
3.800837e-03
3.822837e-03
3.846006e-03
3.870545e-03
3.891734e-03
3.913325e-03
3.935436e-03
3.958266e-03
3.982386e-03
4.008013e-03
4.029725e-03
4.051866e-03
4.074673e-03
4.098390e-03
4.123560e-03
4.145349e-03
4.167478e-03
4.190122e-03
4.213549e-03
4.237948e-03
4.259804e-03
4.281947e-03
4.304417e-03
4.327393e-03
4.351135e-03
4.375853e-03
4.398002e-03
4.420430e-03
4.443177e-03
4.466420e-03
4.490412e-03
4.515364e-03
4.537776e-03
4.560458e-03
4.583443e-03
4.606901e-03
4.631080e-03
4.656213e-03
4.678854e-03
4.701754e-03
4.724939e-03
4.748579e-03
4.772913e-03
4.798163e-03
4.824882e-03
4.853537e-03
4.877067e-03
4.901090e-03
4.925842e-03
4.951529e-03
4.978702e-03
5.007821e-03
5.031655e-03
5.055971e-03
5.080999e-03
5.106931e-03
5.134317e-03
5.163609e-03
5.187676e-03
5.212197e-03
5.237387e-03
5.263432e-03
5.290882e-03
5.320172e-03
5.344422e-03
5.369095e-03
5.394390e-03
5.420722e-03
5.448659e-03
5.478256e-03
5.502748e-03
5.527617e-03
5.552922e-03
5.578815e-03
5.605831e-03
5.633990e-03
5.663852e-03
5.695847e-03
5.721171e-03
5.746985e-03
5.773492e-03
5.801077e-03
5.829853e-03
5.860258e-03
5.885560e-03
5.911209e-03
5.937246e-03
5.963822e-03
5.991462e-03
6.020167e-03
6.050498e-03
6.082875e-03
6.108785e-03
6.135111e-03
6.162027e-03
6.189907e-03
6.219244e-03
6.249952e-03
6.282586e-03
6.308845e-03
6.335422e-03
6.362437e-03
6.390067e-03
6.418654e-03
6.448664e-03
6.479954e-03
6.513097e-03
6.539825e-03
6.566840e-03
6.594251e-03
6.622220e-03
6.651084e-03
6.681174e-03
6.712543e-03
6.745649e-03
6.780855e-03
6.808274e-03
6.836077e-03
6.864284e-03
6.892997e-03
6.922662e-03
6.953184e-03
6.985065e-03
7.018618e-03
7.054345e-03
7.082328e-03
7.110608e-03
7.139276e-03
7.168461e-03
7.198456e-03
7.229322e-03
7.261507e-03
7.295206e-03
7.328341e-03
7.361770e-03
7.390447e-03
7.419416e-03
7.448751e-03
7.478566e-03
7.509128e-03
7.540198e-03
7.572705e-03
7.606235e-03
7.639444e-03
7.673069e-03
7.706355e-03
7.735791e-03
7.765545e-03
7.795587e-03
7.825978e-03
7.856814e-03
7.888311e-03
7.920246e-03
7.953421e-03
7.987756e-03
8.019950e-03
8.052131e-03
8.084308e-03
8.116469e-03
8.148629e-03
8.179224e-03
8.210105e-03
8.241235e-03
8.272653e-03
8.304439e-03
8.336558e-03
8.368662e-03
8.400771e-03
8.432865e-03
8.464967e-03
8.497054e-03
8.529150e-03
8.561230e-03
8.593317e-03
8.625389e-03
8.657466e-03
8.689528e-03
8.721596e-03
8.753640e-03
8.785698e-03
8.817744e-03
8.849794e-03
8.881836e-03
8.913883e-03
8.945924e-03
8.977970e-03
9.010016e-03
9.042067e-03
9.074123e-03
9.106187e-03
9.138264e-03
9.170356e-03
9.202469e-03
9.234605e-03
9.266774e-03
9.298978e-03
9.331230e-03
9.363531e-03
9.395902e-03
9.428342e-03
9.460880e-03
9.493514e-03
9.526283e-03
9.559185e-03
9.592276e-03
9.625550e-03
9.659086e-03
9.692812e-03
9.726971e-03
9.761324e-03
9.795864e-03
9.830500e-03
9.865223e-03
9.900038e-03
9.934940e-03
9.969935e-03
1.000506e-02
1.004034e-02
1.007577e-02
1.011137e-02
1.014711e-02
1.018302e-02
1.021907e-02
1.025528e-02
1.029164e-02
1.032813e-02
1.036470e-02
1.040134e-02
1.043804e-02
1.047481e-02
1.051162e-02
1.054851e-02
1.058544e-02
1.062244e-02
1.065949e-02
1.069660e-02
1.073375e-02
1.077097e-02
1.080823e-02
1.084555e-02
1.088290e-02
1.092032e-02
1.095776e-02
1.099527e-02
1.102634e-02
1.105703e-02
1.108797e-02
1.111860e-02
1.114949e-02
1.118007e-02
1.121091e-02
1.124144e-02
1.127223e-02
1.130272e-02
1.133347e-02
1.136391e-02
1.139460e-02
1.142498e-02
1.145562e-02
1.148594e-02
1.151652e-02
1.154678e-02
1.157729e-02
1.160749e-02
1.163349e-02
1.165955e-02
1.168569e-02
1.171198e-02
1.173851e-02
1.176444e-02
1.179047e-02
1.181662e-02
1.184291e-02
1.186868e-02
1.189451e-02
1.192043e-02
1.194646e-02
1.197259e-02
1.199874e-02
1.202494e-02
1.205127e-02
1.207798e-02
1.210515e-02
1.213107e-02
1.215702e-02
1.218314e-02
1.220948e-02
1.223636e-02
1.226380e-02
1.229172e-02
1.232103e-02
1.234959e-02
1.237921e-02
1.240799e-02
1.243558e-02
1.246370e-02
1.249247e-02
1.252165e-02
1.255093e-02
1.257997e-02
1.260749e-02
1.263535e-02
1.266371e-02
1.269287e-02
1.272246e-02
1.274966e-02
1.277713e-02
1.280501e-02
1.283349e-02
1.286284e-02
1.288991e-02
1.291719e-02
1.294481e-02
1.297295e-02
1.299984e-02
1.302683e-02
1.305397e-02
1.308139e-02
1.310924e-02
1.313768e-02
1.316454e-02
1.319144e-02
1.321844e-02
1.324560e-02
1.327297e-02
1.330060e-02
1.332850e-02
1.335632e-02
1.338288e-02
1.340940e-02
1.343589e-02
1.346237e-02
1.348884e-02
1.351532e-02
1.354186e-02
1.356845e-02
1.359512e-02
1.362186e-02
1.364868e-02
1.367558e-02
1.370259e-02
1.372971e-02
1.375699e-02
1.378443e-02
1.381211e-02
1.384003e-02
1.386810e-02
1.389612e-02
1.392414e-02
1.395222e-02
1.398046e-02
1.400882e-02
1.403737e-02
1.406605e-02
1.409492e-02
1.412393e-02
1.415315e-02
1.418251e-02
1.421205e-02
1.424172e-02
1.427111e-02
1.430029e-02
1.432930e-02
1.435833e-02
1.438744e-02
1.441664e-02
1.444584e-02
1.447510e-02
1.450437e-02
1.453372e-02
1.455988e-02
1.458594e-02
1.461193e-02
1.463797e-02
1.466417e-02
1.469071e-02
1.471760e-02
1.474500e-02
1.477287e-02
1.480134e-02
1.483032e-02
1.485689e-02
1.488376e-02
1.491099e-02
1.493866e-02
1.496682e-02
1.499548e-02
1.502194e-02
1.504862e-02
1.507553e-02
1.510273e-02
1.513025e-02
1.515812e-02
1.518642e-02
1.521514e-02
1.524171e-02
1.526850e-02
1.529554e-02
1.532285e-02
1.535047e-02
1.537839e-02
1.540665e-02
1.543525e-02
1.546422e-02
1.549355e-02
1.552280e-02
1.555016e-02
1.557776e-02
1.560562e-02
1.563374e-02
1.566214e-02
1.569084e-02
1.571981e-02
1.574908e-02
1.577863e-02
1.580851e-02
1.583869e-02
1.586922e-02
1.590009e-02
1.593133e-02
1.596293e-02
1.599494e-02
1.602733e-02
1.605886e-02
1.609186e-02
1.612344e-02
1.615714e-02
1.618883e-02
1.622338e-02
1.625520e-02
1.629021e-02
1.632219e-02
1.635448e-02
1.638672e-02
1.641964e-02
1.645218e-02
1.648567e-02
1.651856e-02
1.655248e-02
1.658577e-02
1.662022e-02
1.665400e-02
1.668914e-02
1.672349e-02
1.675943e-02
1.679445e-02
1.683039e-02
1.686292e-02
1.689871e-02
1.693132e-02
1.696719e-02
1.700617e-02
1.704534e-02
1.708035e-02
1.711558e-02
1.715100e-02
1.718656e-02
1.722228e-02
1.725814e-02
1.729416e-02
1.733037e-02
1.736679e-02
1.740346e-02
1.744040e-02
1.747762e-02
1.751514e-02
1.755296e-02
1.759109e-02
1.762954e-02
1.766831e-02
1.770739e-02
1.774680e-02
1.778653e-02
1.782209e-02
1.785778e-02
1.789363e-02
1.792963e-02
1.796579e-02
1.800210e-02
1.803859e-02
1.807523e-02
1.811205e-02
1.814903e-02
1.818618e-02
1.822349e-02
1.826099e-02
1.829866e-02
1.833656e-02
1.837302e-02
1.840770e-02
1.844247e-02
1.847735e-02
1.851235e-02
1.854747e-02
1.858272e-02
1.861811e-02
1.865364e-02
1.868933e-02
1.872517e-02
1.876118e-02
1.879735e-02
1.883369e-02
1.887020e-02
1.890688e-02
1.894373e-02
1.898076e-02
1.901467e-02
1.904867e-02
1.908277e-02
1.911697e-02
1.915129e-02
1.918575e-02
1.922034e-02
1.925509e-02
1.928997e-02
1.932500e-02
1.936017e-02
1.939550e-02
1.943097e-02
1.946659e-02
1.950236e-02
1.953829e-02
1.957160e-02
1.960499e-02
1.963847e-02
1.967203e-02
1.970569e-02
1.973946e-02
1.977335e-02
1.980737e-02
1.984152e-02
1.987582e-02
1.991026e-02
1.994485e-02
1.997957e-02
2.001446e-02
2.004949e-02
2.008470e-02
2.012007e-02
2.015314e-02
2.018631e-02
2.021959e-02
2.025297e-02
2.028645e-02
2.032004e-02
2.035374e-02
2.038753e-02
2.042143e-02
2.045544e-02
2.048959e-02
2.052386e-02
2.055830e-02
2.059289e-02
2.062767e-02
2.066263e-02
2.069780e-02
2.073316e-02
2.076876e-02
2.080456e-02
2.083790e-02
2.087133e-02
2.090485e-02
2.093846e-02
2.097218e-02
2.100600e-02
2.103996e-02
2.107406e-02
2.110832e-02
2.114275e-02
2.117737e-02
2.121219e-02
2.124722e-02
2.128248e-02
2.131795e-02
2.135339e-02
2.138880e-02
2.142418e-02
2.145954e-02
2.149486e-02
2.152852e-02
2.156229e-02
2.159619e-02
2.163024e-02
2.166445e-02
2.169884e-02
2.173342e-02
2.176819e-02
2.180319e-02
2.183833e-02
2.187345e-02
2.190856e-02
2.194366e-02
2.197875e-02
2.201383e-02
2.204890e-02
2.208397e-02
2.211902e-02
2.215408e-02
2.218913e-02
2.222342e-02
2.225788e-02
2.229253e-02
2.232737e-02
2.236244e-02
2.239772e-02
2.243325e-02
2.246891e-02
2.250471e-02
2.254065e-02
2.257681e-02
2.261321e-02
2.264991e-02
2.268694e-02
2.272436e-02
2.276219e-02
2.280050e-02
2.283929e-02
2.287428e-02
2.290946e-02
2.294477e-02
2.298014e-02
2.301563e-02
2.305128e-02
2.308715e-02
2.312330e-02
2.315979e-02
2.319664e-02
2.323394e-02
2.327170e-02
2.330999e-02
2.334885e-02
2.338842e-02
2.342897e-02
2.346396e-02
2.349911e-02
2.353448e-02
2.357011e-02
2.360608e-02
2.364241e-02
2.367917e-02
2.371639e-02
2.375415e-02
2.379250e-02
2.383157e-02
2.386362e-02
2.389546e-02
2.392735e-02
2.395931e-02
2.399137e-02
2.402351e-02
2.405573e-02
2.408803e-02
2.412047e-02
2.415319e-02
2.418656e-02
2.421784e-02
2.424921e-02
2.428083e-02
2.431293e-02
2.434566e-02
2.437942e-02
2.441382e-02
2.444882e-02
2.448076e-02
2.451329e-02
2.454657e-02
2.458097e-02
2.461672e-02
2.465280e-02
2.468519e-02
2.471815e-02
2.475239e-02
2.478795e-02
2.481976e-02
2.485200e-02
2.488500e-02
2.491926e-02
2.495498e-02
2.498686e-02
2.501930e-02
2.505259e-02
2.508761e-02
2.511936e-02
2.515148e-02
2.518419e-02
2.521783e-02
2.525272e-02
2.528743e-02
2.531989e-02
2.535284e-02
2.538648e-02
2.542132e-02
2.545792e-02
2.549055e-02
2.552361e-02
2.555733e-02
2.559196e-02
2.562803e-02
2.566079e-02
2.569384e-02
2.572729e-02
2.576133e-02
2.579614e-02
2.583186e-02
2.586487e-02
2.589809e-02
2.593166e-02
2.596574e-02
2.600058e-02
2.603651e-02
2.606962e-02
2.610292e-02
2.613655e-02
2.617066e-02
2.620544e-02
2.624072e-02
2.627390e-02
2.630728e-02
2.634094e-02
2.637499e-02
2.640957e-02
2.644482e-02
2.647806e-02
2.651142e-02
2.654499e-02
2.657884e-02
2.661309e-02
2.664783e-02
2.668302e-02
2.671633e-02
2.674974e-02
2.678332e-02
2.681716e-02
2.685135e-02
2.688601e-02
2.692122e-02
2.695449e-02
2.698786e-02
2.702134e-02
2.705502e-02
2.708898e-02
2.712331e-02
2.715812e-02
2.719124e-02
2.722445e-02
2.725775e-02
2.729118e-02
2.732481e-02
2.735874e-02
2.739303e-02
2.742779e-02
2.746308e-02
2.749620e-02
2.752942e-02
2.756276e-02
2.759626e-02
2.762998e-02
2.766399e-02
2.769834e-02
2.773310e-02
2.776833e-02
2.780138e-02
2.783449e-02
2.786770e-02
2.790102e-02
2.793451e-02
2.796822e-02
2.800222e-02
2.803653e-02
2.807121e-02
2.810631e-02
2.813927e-02
2.817228e-02
2.820538e-02
2.823855e-02
2.827183e-02
2.830525e-02
2.833885e-02
2.837267e-02
2.840675e-02
2.844110e-02
2.847576e-02
2.851074e-02
2.854608e-02
2.857902e-02
2.861201e-02
2.864504e-02
2.867814e-02
2.871128e-02
2.874450e-02
2.877783e-02
2.881130e-02
2.884494e-02
2.887874e-02
2.891273e-02
2.894690e-02
2.898126e-02
2.901581e-02
2.905057e-02
2.908554e-02
2.912076e-02
2.915591e-02
2.918878e-02
2.922167e-02
2.925458e-02
2.928751e-02
2.932047e-02
2.935347e-02
2.938654e-02
2.941970e-02
2.945300e-02
2.948644e-02
2.952002e-02
2.955376e-02
2.958764e-02
2.962167e-02
2.965585e-02
2.969017e-02
2.972464e-02
2.975926e-02
2.979405e-02
2.982901e-02
2.986417e-02
2.989954e-02
2.993517e-02
2.997107e-02
3.000387e-02
3.003669e-02
3.006951e-02
3.010235e-02
3.013521e-02
3.016812e-02
3.020111e-02
3.023421e-02
3.026742e-02
3.030074e-02
3.033416e-02
3.036762e-02
3.040113e-02
3.043462e-02
3.046812e-02
3.050161e-02
3.053511e-02
3.056862e-02
3.060216e-02
3.063570e-02
3.066928e-02
3.070287e-02
3.073650e-02
3.077016e-02
3.080385e-02
3.083756e-02
3.087131e-02
3.090509e-02
3.093890e-02
3.097274e-02
3.100660e-02
3.104049e-02
3.107441e-02
3.110836e-02
3.114234e-02
3.117635e-02
3.121042e-02
3.124454e-02
3.127874e-02
3.131301e-02
3.134738e-02
3.138181e-02
3.141633e-02
3.145092e-02
3.148558e-02
3.152032e-02
3.155513e-02
3.159015e-02
3.162542e-02
3.166101e-02
3.169690e-02
3.173310e-02
3.176974e-02
3.180693e-02
3.184446e-02
3.188203e-02
3.191961e-02
3.195721e-02
3.199483e-02
3.203248e-02
3.207014e-02
3.210783e-02
3.214553e-02
3.218321e-02
3.222090e-02
3.225856e-02
3.229626e-02
3.233020e-02
3.236419e-02
3.239824e-02
3.243234e-02
3.246650e-02
3.250072e-02
3.253500e-02
3.256935e-02
3.260376e-02
3.263824e-02
3.267279e-02
3.270740e-02
3.274210e-02
3.277695e-02
3.280194e-02
3.282742e-02
3.285347e-02
3.287806e-02
3.290312e-02
3.292769e-02
3.295272e-02
3.297727e-02
3.300227e-02
3.302679e-02
3.305177e-02
3.307627e-02
3.310123e-02
3.312570e-02
3.315063e-02
3.317509e-02
3.319999e-02
3.322443e-02
3.324931e-02
3.327372e-02
3.329859e-02
3.332298e-02
3.334783e-02
3.337220e-02
3.339703e-02
3.342139e-02
3.344620e-02
3.347054e-02
3.349534e-02
3.351966e-02
3.354445e-02
3.356876e-02
3.359353e-02
3.361782e-02
3.364259e-02
3.366687e-02
3.369162e-02
3.371589e-02
3.374064e-02
3.376490e-02
3.378964e-02
3.381389e-02
3.383862e-02
3.386287e-02
3.388759e-02
3.391183e-02
3.393655e-02
3.396079e-02
3.398551e-02
3.400974e-02
3.403446e-02
3.405868e-02
3.408340e-02
3.410763e-02
3.413235e-02
3.415657e-02
3.418130e-02
3.420552e-02
3.423025e-02
3.425448e-02
3.427922e-02
3.430344e-02
3.432820e-02
3.435243e-02
3.437719e-02
3.440143e-02
3.442622e-02
3.445046e-02
3.447527e-02
3.449953e-02
3.452436e-02
3.454863e-02
3.457349e-02
3.459779e-02
3.462268e-02
3.464701e-02
3.467194e-02
3.469629e-02
3.472128e-02
3.474567e-02
3.477071e-02
3.479514e-02
3.482025e-02
3.484474e-02
3.486993e-02
3.489448e-02
3.491976e-02
3.494439e-02
3.496978e-02
3.499449e-02
3.502002e-02
3.504483e-02
3.507052e-02
3.509545e-02
3.512132e-02
3.514640e-02
3.517250e-02
3.519776e-02
3.522411e-02
3.524958e-02
3.527626e-02
3.530199e-02
3.532905e-02
3.535508e-02
3.538261e-02
3.540901e-02
3.543663e-02
3.546352e-02
3.549119e-02
3.551856e-02
3.554662e-02
3.557429e-02
3.560266e-02
3.563055e-02
3.565916e-02
3.568725e-02
3.571599e-02
3.574415e-02
3.577294e-02
3.580111e-02
3.582999e-02
3.585825e-02
3.588716e-02
3.591543e-02
3.594434e-02
3.597259e-02
3.600154e-02
3.602986e-02
3.605883e-02
3.608715e-02
3.611609e-02
3.614438e-02
3.617336e-02
3.620329e-02
3.623478e-02
3.626791e-02
3.630100e-02
3.633405e-02
3.636708e-02
3.639351e-02
3.642050e-02
3.644812e-02
3.647643e-02
3.650293e-02
3.652999e-02
3.655652e-02
3.658362e-02
3.661019e-02
3.663723e-02
3.666383e-02
3.669086e-02
3.671750e-02
3.674453e-02
3.677120e-02
3.679849e-02
3.682520e-02
3.685255e-02
3.687927e-02
3.690633e-02
3.693305e-02
3.696012e-02
3.698685e-02
3.701395e-02
3.704068e-02
3.706779e-02
3.709452e-02
3.712166e-02
3.714838e-02
3.717554e-02
3.720225e-02
3.722943e-02
3.725613e-02
3.728332e-02
3.731001e-02
3.733722e-02
3.736513e-02
3.739390e-02
3.742263e-02
3.745307e-02
3.748240e-02
3.751255e-02
3.754368e-02
3.757654e-02
3.760236e-02
3.762905e-02
3.765588e-02
3.768327e-02
3.770963e-02
3.773682e-02
3.776486e-02
3.779188e-02
3.781980e-02
3.784874e-02
3.787551e-02
3.790332e-02
3.793208e-02
3.795974e-02
3.798830e-02
3.801801e-02
3.804543e-02
3.807441e-02
3.810494e-02
3.813343e-02
3.816371e-02
3.819557e-02
3.822090e-02
3.824722e-02
3.827458e-02
3.830304e-02
3.832769e-02
3.835344e-02
3.838024e-02
3.840812e-02
3.843336e-02
3.845969e-02
3.848524e-02
3.851175e-02
3.853760e-02
3.856465e-02
3.859081e-02
3.861830e-02
3.864537e-02
3.867330e-02
3.870257e-02
3.873080e-02
3.876079e-02
3.878977e-02
3.881948e-02
3.884984e-02
3.887496e-02
3.890088e-02
3.892769e-02
3.895546e-02
3.898096e-02
3.900729e-02
3.903453e-02
3.906276e-02
3.908862e-02
3.911543e-02
3.914327e-02
3.917217e-02
3.919835e-02
3.922578e-02
3.925414e-02
3.928156e-02
3.931017e-02
3.933609e-02
3.936330e-02
3.939177e-02
3.941762e-02
3.944481e-02
3.947109e-02
3.949878e-02
3.952853e-02
3.955902e-02
3.958405e-02
3.961003e-02
3.963704e-02
3.966517e-02
3.969077e-02
3.971747e-02
3.974535e-02
3.977205e-02
3.979968e-02
3.982859e-02
3.985531e-02
3.988376e-02
3.991120e-02
3.993948e-02
3.996855e-02
3.999758e-02
4.002686e-02
4.005677e-02
4.008169e-02
4.010750e-02
4.013428e-02
4.016206e-02
4.018739e-02
4.021372e-02
4.024116e-02
4.026681e-02
4.029277e-02
4.031999e-02
4.034549e-02
4.037217e-02
4.039796e-02
4.042498e-02
4.044957e-02
4.047510e-02
4.050144e-02
4.052900e-02
4.055374e-02
4.057934e-02
4.060590e-02
4.063348e-02
4.065862e-02
4.068475e-02
4.071199e-02
4.073817e-02
4.076530e-02
4.079373e-02
4.081996e-02
4.084766e-02
4.087687e-02
4.090426e-02
4.093344e-02
4.096397e-02
4.098866e-02
4.101425e-02
4.104086e-02
4.106858e-02
4.109355e-02
4.111947e-02
4.114644e-02
4.117451e-02
4.119997e-02
4.122649e-02
4.125408e-02
4.127864e-02
4.130411e-02
4.133048e-02
4.135473e-02
4.137984e-02
4.140419e-02
4.142939e-02
4.145382e-02
4.147912e-02
4.150361e-02
4.152899e-02
4.155354e-02
4.157902e-02
4.160362e-02
4.162920e-02
4.165386e-02
4.167956e-02
4.170428e-02
4.173011e-02
4.175491e-02
4.178090e-02
4.180581e-02
4.183199e-02
4.185644e-02
4.188184e-02
4.190826e-02
4.193576e-02
4.196051e-02
4.198616e-02
4.201283e-02
4.204057e-02
4.206584e-02
4.209221e-02
4.211949e-02
4.214583e-02
4.217299e-02
4.220140e-02
4.222783e-02
4.225590e-02
4.228564e-02
4.231340e-02
4.234210e-02
4.237171e-02
4.239622e-02
4.242170e-02
4.244824e-02
4.247584e-02
4.250096e-02
4.252712e-02
4.255427e-02
4.257710e-02
4.260056e-02
4.262466e-02
4.264716e-02
4.267022e-02
4.269273e-02
4.271576e-02
4.273826e-02
4.276127e-02
4.278374e-02
4.280672e-02
4.282916e-02
4.285209e-02
4.287449e-02
4.289737e-02
4.291973e-02
4.294256e-02
4.296487e-02
4.298765e-02
4.300991e-02
4.303264e-02
4.305485e-02
4.307752e-02
4.309968e-02
4.312229e-02
4.314440e-02
4.316697e-02
4.318903e-02
4.321153e-02
4.323355e-02
4.325600e-02
4.327797e-02
4.330037e-02
4.332229e-02
4.334463e-02
4.336650e-02
4.338880e-02
4.341063e-02
4.343287e-02
4.345466e-02
4.347685e-02
4.349859e-02
4.352074e-02
4.354244e-02
4.356454e-02
4.358620e-02
4.360825e-02
4.362987e-02
4.365189e-02
4.367347e-02
4.369544e-02
4.371698e-02
4.373891e-02
4.376043e-02
4.378232e-02
4.380379e-02
4.382565e-02
4.384710e-02
4.386891e-02
4.389034e-02
4.391212e-02
4.393352e-02
4.395509e-02
4.397646e-02
4.399801e-02
4.401937e-02
4.404090e-02
4.406224e-02
4.408376e-02
4.410509e-02
4.412659e-02
4.414816e-02
4.416968e-02
4.419157e-02
4.421350e-02
4.423593e-02
4.425792e-02
4.427965e-02
4.430188e-02
4.432365e-02
4.434516e-02
4.436693e-02
4.438846e-02
4.440981e-02
4.443135e-02
4.445504e-02
4.447989e-02
4.450574e-02
4.453266e-02
4.455699e-02
4.458227e-02
4.460860e-02
4.463395e-02
4.466013e-02
4.468753e-02
4.471300e-02
4.473989e-02
4.476822e-02
4.479497e-02
4.482346e-02
4.485311e-02
4.487729e-02
4.490243e-02
4.492865e-02
4.495610e-02
4.498091e-02
4.500674e-02
4.503351e-02
4.505981e-02
4.508713e-02
4.511566e-02
4.513958e-02
4.516443e-02
4.519032e-02
4.521731e-02
4.524168e-02
4.526708e-02
4.529325e-02
4.531861e-02
4.534487e-02
4.537235e-02
4.539819e-02
4.542571e-02
4.544955e-02
4.547433e-02
4.550014e-02
4.552689e-02
4.555115e-02
4.557645e-02
4.560253e-02
4.562784e-02
4.565401e-02
4.568136e-02
4.570711e-02
4.573450e-02
4.575830e-02
4.578302e-02
4.580876e-02
4.583544e-02
4.585968e-02
4.588499e-02
4.591109e-02
4.593655e-02
4.596280e-02
4.599018e-02
4.601596e-02
4.604341e-02
4.606720e-02
4.609191e-02
4.611763e-02
4.614432e-02
4.616857e-02
4.619370e-02
4.621979e-02
4.624540e-02
4.627184e-02
4.629940e-02
4.632306e-02
4.634776e-02
4.637364e-02
4.640033e-02
4.642803e-02
4.645687e-02
4.648129e-02
4.650700e-02
4.653361e-02
4.656133e-02
4.658694e-02
4.661146e-02
4.663716e-02
4.666361e-02
4.669101e-02
4.671949e-02
4.674374e-02
4.676916e-02
4.679539e-02
4.682282e-02
4.684831e-02
4.687556e-02
4.689912e-02
4.692367e-02
4.694929e-02
4.697594e-02
4.700014e-02
4.702532e-02
4.705141e-02
4.707722e-02
4.710395e-02
4.713184e-02
4.715547e-02
4.718003e-02
4.720563e-02
4.723234e-02
4.725660e-02
4.728175e-02
4.730777e-02
4.733346e-02
4.736004e-02
4.738777e-02
4.741139e-02
4.743593e-02
4.746148e-02
4.748812e-02
4.751237e-02
4.753751e-02
4.756350e-02
4.758916e-02
4.761567e-02
4.764326e-02
4.766686e-02
4.769134e-02
4.771682e-02
4.774336e-02
4.776756e-02
4.779270e-02
4.781865e-02
4.784428e-02
4.786755e-02
4.789184e-02
4.791724e-02
4.794343e-02
4.797057e-02
4.799474e-02
4.802001e-02
4.804643e-02
4.807118e-02
4.809735e-02
4.812066e-02
4.814504e-02
4.816856e-02
4.819305e-02
4.821861e-02
4.824290e-02
4.826815e-02
4.829456e-02
4.831780e-02
4.834212e-02
4.836548e-02
4.838990e-02
4.841350e-02
4.843810e-02
4.846381e-02
4.848829e-02
4.851365e-02
4.853824e-02
4.856151e-02
4.858584e-02
4.860926e-02
4.863360e-02
4.865899e-02
4.868306e-02
4.870816e-02
4.873442e-02
4.875758e-02
4.878170e-02
4.880499e-02
4.882933e-02
4.885286e-02
4.887736e-02
4.890121e-02
4.892584e-02
4.894890e-02
4.897318e-02
4.899593e-02
4.901886e-02
4.904164e-02
4.906461e-02
4.908743e-02
4.911043e-02
4.913329e-02
4.915634e-02
4.917923e-02
4.920231e-02
4.922516e-02
4.924839e-02
4.927128e-02
4.929436e-02
4.931729e-02
4.934042e-02
4.936339e-02
4.938656e-02
4.940959e-02
4.943282e-02
4.945583e-02
4.947927e-02
4.950234e-02
4.952562e-02
4.954875e-02
4.957210e-02
4.959531e-02
4.961873e-02
4.964202e-02
4.966553e-02
4.968891e-02
4.971252e-02
4.973585e-02
4.975957e-02
4.978302e-02
4.980691e-02
4.983048e-02
4.985433e-02
4.987805e-02
4.990303e-02
4.993051e-02
4.996074e-02
4.999399e-02
5.002940e-02
5.006480e-02
5.010020e-02
5.013559e-02
5.017098e-02
5.020636e-02
5.024175e-02
5.027713e-02
5.031251e-02
5.034787e-02
5.038325e-02
5.041860e-02
5.045396e-02
5.048931e-02
5.052466e-02
5.056000e-02
5.059534e-02
5.063067e-02
5.066601e-02
5.070133e-02
5.073666e-02
5.077197e-02
5.080729e-02
5.084260e-02
5.087791e-02
5.091321e-02
5.094851e-02
5.098381e-02
5.101910e-02
5.105439e-02
5.108968e-02
5.112495e-02
5.116024e-02
5.119552e-02
5.123080e-02
5.126607e-02
5.130135e-02
5.133662e-02
5.137190e-02
5.140717e-02
5.144245e-02
5.147771e-02
5.151299e-02
5.154825e-02
5.158353e-02
5.161879e-02
5.165407e-02
5.168933e-02
5.172460e-02
5.175987e-02
5.179514e-02
5.183041e-02
5.186569e-02
5.190096e-02
5.193624e-02
5.197151e-02
5.200679e-02
5.204207e-02
5.207735e-02
5.211263e-02
5.214792e-02
5.218320e-02
5.221848e-02
5.225376e-02
5.228905e-02
5.232433e-02
5.235962e-02
5.239490e-02
5.243019e-02
5.246548e-02
5.250077e-02
5.253606e-02
5.257135e-02
5.260665e-02
5.264194e-02
5.267724e-02
5.271249e-02
5.274779e-02
5.278296e-02
5.281826e-02
5.285333e-02
5.288863e-02
5.292361e-02
5.295891e-02
5.299379e-02
5.302909e-02
5.306387e-02
5.309917e-02
5.313385e-02
5.316915e-02
5.320372e-02
5.323898e-02
5.327344e-02
5.330856e-02
5.334291e-02
5.337789e-02
5.341213e-02
5.344697e-02
5.348110e-02
5.351580e-02
5.354981e-02
5.358437e-02
5.361827e-02
5.365269e-02
5.368647e-02
5.372084e-02
5.375463e-02
5.378900e-02
5.382280e-02
5.385719e-02
5.389100e-02
5.392539e-02
5.395921e-02
5.399361e-02
5.402743e-02
5.406182e-02
5.409564e-02
5.413002e-02
5.416383e-02
5.419820e-02
5.423201e-02
5.426636e-02
5.430015e-02
5.433448e-02
5.436826e-02
5.440256e-02
5.443632e-02
5.447059e-02
5.450429e-02
5.453859e-02
5.457239e-02
5.460673e-02
5.464048e-02
5.467485e-02
5.470870e-02
5.474309e-02
5.477689e-02
5.481129e-02
5.484518e-02
5.487961e-02
5.491345e-02
5.494788e-02
5.498180e-02
5.501625e-02
5.505010e-02
5.508455e-02
5.511845e-02
5.515296e-02
5.518695e-02
5.522148e-02
5.525540e-02
5.528992e-02
5.532388e-02
5.535845e-02
5.539249e-02
5.542706e-02
5.546103e-02
5.549558e-02
5.552958e-02
5.556417e-02
5.559824e-02
5.563283e-02
5.566681e-02
5.570137e-02
5.573537e-02
5.576996e-02
5.580400e-02
5.583863e-02
5.587270e-02
5.590738e-02
5.594152e-02
5.597618e-02
5.601022e-02
5.604483e-02
5.607887e-02
5.611350e-02
5.614757e-02
5.618223e-02
5.621631e-02
5.625100e-02
5.628511e-02
5.631981e-02
5.635397e-02
5.638864e-02
5.642269e-02
5.645730e-02
5.649134e-02
5.652595e-02
5.655999e-02
5.659461e-02
5.662866e-02
5.666329e-02
5.669734e-02
5.673197e-02
5.676603e-02
5.680066e-02
5.683473e-02
5.686936e-02
5.690342e-02
5.693804e-02
5.697210e-02
5.700672e-02
5.704077e-02
5.707539e-02
5.710943e-02
5.714403e-02
5.717807e-02
5.721266e-02
5.724668e-02
5.728125e-02
5.731526e-02
5.734981e-02
5.738379e-02
5.741831e-02
5.745228e-02
5.748677e-02
5.752070e-02
5.755515e-02
5.758906e-02
5.762347e-02
5.765734e-02
5.769176e-02
5.772568e-02
5.776013e-02
5.779404e-02
5.782846e-02
5.786232e-02
5.789674e-02
5.793064e-02
5.796507e-02
5.799895e-02
5.803338e-02
5.806730e-02
5.810174e-02
5.813562e-02
5.817005e-02
5.820396e-02
5.823838e-02
5.827224e-02
5.830664e-02
5.834052e-02
5.837489e-02
5.840871e-02
5.844305e-02
5.847687e-02
5.851122e-02
5.854506e-02
5.857944e-02
5.861330e-02
5.864770e-02
5.868157e-02
5.871598e-02
5.874986e-02
5.878428e-02
5.881815e-02
5.885257e-02
5.888643e-02
5.892083e-02
5.895467e-02
5.898904e-02
5.902285e-02
5.905717e-02
5.909094e-02
5.912521e-02
5.915892e-02
5.919312e-02
5.922677e-02
5.926148e-02
5.929498e-02
5.932962e-02
5.936311e-02
5.939776e-02
5.943126e-02
5.946593e-02
5.949945e-02
5.953353e-02
5.956713e-02
5.960179e-02
5.963525e-02
5.966981e-02
5.970323e-02
5.973776e-02
5.977115e-02
5.980565e-02
5.983902e-02
5.987346e-02
5.990680e-02
5.994119e-02
5.997447e-02
6.000878e-02
6.004201e-02
6.007623e-02
6.010937e-02
6.014347e-02
6.017653e-02
6.021049e-02
6.024343e-02
6.027722e-02
6.031002e-02
6.034361e-02
6.037625e-02
6.040960e-02
6.044206e-02
6.047514e-02
6.050738e-02
6.054017e-02
6.057216e-02
6.060461e-02
6.063634e-02
6.066842e-02
6.069986e-02
6.073157e-02
6.076272e-02
6.079409e-02
6.082500e-02
6.085616e-02
6.088695e-02
6.092082e-02
6.095154e-02
6.098534e-02
6.101603e-02
6.104979e-02
6.108046e-02
6.111420e-02
6.114485e-02
6.117858e-02
6.120922e-02
6.124293e-02
6.127357e-02
6.130728e-02
6.133791e-02
6.137161e-02
6.140223e-02
6.143592e-02
6.146654e-02
6.149744e-02
6.152806e-02
6.155895e-02
6.158956e-02
6.162045e-02
6.165105e-02
6.168472e-02
6.172013e-02
6.175554e-02
6.179096e-02
6.182638e-02
6.186181e-02
6.189725e-02
6.192786e-02
6.196153e-02
6.199228e-02
6.202611e-02
6.205688e-02
6.209074e-02
6.212153e-02
6.215540e-02
6.218623e-02
6.222015e-02
6.225105e-02
6.228504e-02
6.231601e-02
6.235007e-02
6.238112e-02
6.241527e-02
6.244645e-02
6.248075e-02
6.251210e-02
6.254659e-02
6.257816e-02
6.261289e-02
6.264479e-02
6.267944e-02
6.271150e-02
6.274631e-02
6.277854e-02
6.281355e-02
6.284597e-02
6.288120e-02
6.291386e-02
6.294932e-02
6.298230e-02
6.301790e-02
6.305127e-02
6.308689e-02
6.312070e-02
6.315632e-02
6.319062e-02
6.322626e-02
6.326111e-02
6.329675e-02
6.333223e-02
6.336789e-02
6.340355e-02
6.343922e-02
6.347490e-02
6.351058e-02
6.354627e-02
6.358196e-02
6.361766e-02
6.365336e-02
6.368907e-02
6.372479e-02
6.376051e-02
6.379624e-02
6.383197e-02
6.386771e-02
6.390346e-02
6.393920e-02
6.397496e-02
6.401072e-02
6.404648e-02
6.408225e-02
6.411803e-02
6.415381e-02
6.418959e-02
6.422538e-02
6.426117e-02
6.429697e-02
6.433278e-02
6.436859e-02
6.440440e-02
6.444022e-02
6.447605e-02
6.451187e-02
6.454771e-02
6.458355e-02
6.461939e-02
6.465524e-02
6.469110e-02
6.472696e-02
6.476282e-02
6.479869e-02
6.483456e-02
6.487044e-02
6.490633e-02
6.494222e-02
6.497812e-02
6.501402e-02
6.504993e-02
6.508585e-02
6.512179e-02
6.515773e-02
6.519368e-02
6.522964e-02
6.526560e-02
6.530156e-02
6.533754e-02
6.537352e-02
6.540950e-02
6.544550e-02
6.548149e-02
6.551750e-02
6.555351e-02
6.558953e-02
6.562056e-02
6.565218e-02
6.568445e-02
6.571519e-02
6.574648e-02
6.577724e-02
6.580854e-02
6.583930e-02
6.587061e-02
6.590139e-02
6.593271e-02
6.596350e-02
6.599482e-02
6.602562e-02
6.605696e-02
6.608776e-02
6.611910e-02
6.614991e-02
6.618127e-02
6.621208e-02
6.624344e-02
6.627427e-02
6.630563e-02
6.633646e-02
6.636783e-02
6.639867e-02
6.643005e-02
6.646089e-02
6.649227e-02
6.652312e-02
6.655451e-02
6.658536e-02
6.661676e-02
6.664761e-02
6.667901e-02
6.670987e-02
6.674128e-02
6.677214e-02
6.680355e-02
6.683442e-02
6.686583e-02
6.689671e-02
6.692813e-02
6.695900e-02
6.699043e-02
6.702131e-02
6.705274e-02
6.708362e-02
6.711506e-02
6.714710e-02
6.717827e-02
6.721003e-02
6.724244e-02
6.727333e-02
6.730478e-02
6.733684e-02
6.736960e-02
6.740051e-02
6.743196e-02
6.746404e-02
6.749681e-02
6.752772e-02
6.755918e-02
6.759127e-02
6.762405e-02
6.765497e-02
6.768644e-02
6.771853e-02
6.775132e-02
6.778225e-02
6.781373e-02
6.784583e-02
6.787863e-02
6.791221e-02
6.794667e-02
6.798211e-02
6.801861e-02
6.805523e-02
6.809180e-02
6.812836e-02
6.816488e-02
6.820138e-02
6.823783e-02
6.827428e-02
6.831067e-02
6.834712e-02
6.838356e-02
6.842000e-02
6.845639e-02
6.849284e-02
6.852928e-02
6.856578e-02
6.860228e-02
6.863877e-02
6.867522e-02
6.871173e-02
6.874822e-02
6.878478e-02
6.882133e-02
6.885789e-02
6.889440e-02
6.893097e-02
6.896752e-02
6.900415e-02
6.904076e-02
6.907738e-02
6.911396e-02
6.915059e-02
6.918721e-02
6.922391e-02
6.926060e-02
6.929729e-02
6.933393e-02
6.937064e-02
6.940733e-02
6.944410e-02
6.948086e-02
6.951762e-02
6.955434e-02
6.959112e-02
6.962789e-02
6.966473e-02
6.970156e-02
6.973840e-02
6.977519e-02
6.981205e-02
6.984888e-02
6.988580e-02
6.992270e-02
6.995961e-02
6.999647e-02
7.003340e-02
7.007031e-02
7.010729e-02
7.014426e-02
7.018124e-02
7.021818e-02
7.025518e-02
7.029216e-02
7.032922e-02
7.036627e-02
7.040340e-02
7.044053e-02
7.047766e-02
7.051475e-02
7.055191e-02
7.058907e-02
7.062630e-02
7.066354e-02
7.070079e-02
7.073800e-02
7.077529e-02
7.081258e-02
7.084988e-02
7.088715e-02
7.092449e-02
7.096185e-02
7.099921e-02
7.103656e-02
7.107398e-02
7.111141e-02
7.114887e-02
7.118630e-02
7.122382e-02
7.126135e-02
7.129891e-02
7.133645e-02
7.137409e-02
7.141174e-02
7.144942e-02
7.148710e-02
7.152487e-02
7.156267e-02
7.160050e-02
7.163833e-02
7.167619e-02
7.170768e-02
7.173979e-02
7.177258e-02
7.180376e-02
7.183550e-02
7.186668e-02
7.189843e-02
7.192962e-02
7.196137e-02
7.199256e-02
7.202432e-02
7.205552e-02
7.208728e-02
7.211849e-02
7.215025e-02
7.218146e-02
7.221324e-02
7.224445e-02
7.227623e-02
7.230744e-02
7.233923e-02
7.237045e-02
7.240224e-02
7.243346e-02
7.246526e-02
7.249649e-02
7.252829e-02
7.255953e-02
7.259134e-02
7.262258e-02
7.265440e-02
7.268564e-02
7.271747e-02
7.274873e-02
7.278056e-02
7.281182e-02
7.284367e-02
7.287494e-02
7.290680e-02
7.293808e-02
7.296994e-02
7.300123e-02
7.303311e-02
7.306441e-02
7.309631e-02
7.312762e-02
7.315953e-02
7.319085e-02
7.322277e-02
7.325411e-02
7.328605e-02
7.331740e-02
7.334936e-02
7.338218e-02
7.341615e-02
7.345154e-02
7.348857e-02
7.352736e-02
7.356806e-02
7.360891e-02
7.364980e-02
7.369079e-02
7.373181e-02
7.377293e-02
7.381409e-02
7.385536e-02
7.389667e-02
7.393809e-02
7.397955e-02
7.402113e-02
7.405956e-02
7.409800e-02
7.413644e-02
7.417489e-02
7.421334e-02
7.425179e-02
7.428348e-02
7.431583e-02
7.434893e-02
7.438030e-02
7.441229e-02
7.444369e-02
7.447570e-02
7.450712e-02
7.453917e-02
7.457061e-02
7.460268e-02
7.463414e-02
7.466624e-02
7.469930e-02
7.473361e-02
7.476948e-02
7.480712e-02
7.484568e-02
7.488425e-02
7.492283e-02
7.496141e-02
7.500000e-02
7.503859e-02
7.507719e-02
7.511579e-02
7.515440e-02
7.519301e-02
7.523163e-02
7.527026e-02
7.530889e-02
7.534752e-02
7.538616e-02
7.542482e-02
7.546347e-02
7.550214e-02
7.554081e-02
7.557950e-02
7.561819e-02
7.565690e-02
7.569562e-02
7.573435e-02
7.577310e-02
7.581187e-02
7.585065e-02
7.588946e-02
7.592828e-02
7.596714e-02
7.600602e-02
7.604493e-02
7.608388e-02
7.612289e-02
7.616196e-02
7.620109e-02
7.624029e-02
7.627957e-02
7.631892e-02
7.635837e-02
7.639790e-02
7.643756e-02
7.647731e-02
7.651722e-02
7.655724e-02
7.659746e-02
7.663780e-02
7.667839e-02
7.671914e-02
7.676021e-02
7.680147e-02
7.684316e-02
7.688510e-02
7.692758e-02
7.697041e-02
7.701294e-02
7.705605e-02
7.709950e-02
7.714303e-02
7.718653e-02
7.723003e-02
7.727351e-02
7.731698e-02
7.734892e-02
7.738148e-02
7.741475e-02
7.744632e-02
7.747846e-02
7.751004e-02
7.754219e-02
7.757377e-02
7.760593e-02
7.763753e-02
7.766970e-02
7.770130e-02
7.773347e-02
7.776508e-02
7.779727e-02
7.782889e-02
7.786108e-02
7.789271e-02
7.792491e-02
7.795776e-02
7.798969e-02
7.802223e-02
7.805548e-02
7.808712e-02
7.811935e-02
7.815223e-02
7.818417e-02
7.821674e-02
7.825001e-02
7.828407e-02
7.831604e-02
7.834864e-02
7.838194e-02
7.841604e-02
7.845103e-02
7.848704e-02
7.852415e-02
7.856247e-02
7.860206e-02
7.864292e-02
7.868498e-02
7.872810e-02
7.877207e-02
7.881666e-02
7.886168e-02
7.890698e-02
7.895246e-02
7.899804e-02
7.904368e-02
7.908936e-02
7.913506e-02
7.918077e-02
7.922648e-02
7.927220e-02
7.932058e-02
7.935909e-02
7.939759e-02
7.943606e-02
7.947452e-02
7.951295e-02
7.955136e-02
7.958974e-02
7.962810e-02
7.966644e-02
7.970475e-02
7.974304e-02
7.978130e-02
7.981953e-02
7.985774e-02
7.989593e-02
7.993409e-02
7.997223e-02
8.001035e-02
8.004846e-02
8.008654e-02
8.012461e-02
8.016266e-02
8.020071e-02
8.023875e-02
8.027679e-02
8.031483e-02
8.035287e-02
8.039093e-02
8.042900e-02
8.046709e-02
8.050525e-02
8.054348e-02
8.058182e-02
8.062028e-02
8.065887e-02
8.069761e-02
8.073651e-02
8.077560e-02
8.081487e-02
8.085439e-02
8.089414e-02
8.093420e-02
8.097455e-02
8.101532e-02
8.105641e-02
8.109804e-02
8.113949e-02
8.118120e-02
8.122323e-02
8.126561e-02
8.130823e-02
8.135121e-02
8.139432e-02
8.143757e-02
8.148087e-02
8.152418e-02
8.156751e-02
8.161081e-02
8.165411e-02
8.169737e-02
8.174063e-02
8.178384e-02
8.182704e-02
8.187018e-02
8.191330e-02
8.195635e-02
8.199937e-02
8.204231e-02
8.208522e-02
8.212805e-02
8.217082e-02
8.221350e-02
8.225612e-02
8.229865e-02
8.234111e-02
8.238345e-02
8.242572e-02
8.246787e-02
8.250993e-02
8.255186e-02
8.259369e-02
8.263537e-02
8.267695e-02
8.271838e-02
8.275968e-02
8.279088e-02
8.282237e-02
8.285356e-02
8.288504e-02
8.291624e-02
8.294772e-02
8.297891e-02
8.301039e-02
8.304158e-02
8.307306e-02
8.310425e-02
8.313572e-02
8.316690e-02
8.319837e-02
8.322956e-02
8.326102e-02
8.329564e-02
8.333371e-02
8.337493e-02
8.341601e-02
8.345687e-02
8.349755e-02
8.352950e-02
8.356215e-02
8.359557e-02
8.362716e-02
8.365939e-02
8.369100e-02
8.372326e-02
8.375489e-02
8.378718e-02
8.381883e-02
8.385114e-02
8.388282e-02
8.391516e-02
8.394687e-02
8.397925e-02
8.401099e-02
8.404341e-02
8.407518e-02
8.410765e-02
8.413946e-02
8.417200e-02
8.420386e-02
8.423646e-02
8.426837e-02
8.430106e-02
8.433480e-02
8.436995e-02
8.440681e-02
8.444565e-02
8.448660e-02
8.452781e-02
8.456887e-02
8.460984e-02
8.465065e-02
8.469150e-02
8.473227e-02
8.477306e-02
8.481374e-02
8.485449e-02
8.488612e-02
8.492090e-02
8.495253e-02
8.498656e-02
8.501820e-02
8.505301e-02
8.508467e-02
8.511949e-02
8.515116e-02
8.518599e-02
8.522432e-02
8.526595e-02
8.530749e-02
8.534893e-02
8.538071e-02
8.541568e-02
8.545415e-02
8.549524e-02
8.553603e-02
8.557642e-02
8.560828e-02
8.564333e-02
8.568189e-02
8.572150e-02
8.576104e-02
8.580038e-02
8.583228e-02
8.586736e-02
8.590596e-02
8.594513e-02
8.598436e-02
8.602345e-02
8.606259e-02
8.610160e-02
8.613351e-02
8.616862e-02
8.620724e-02
8.624624e-02
8.628528e-02
8.632414e-02
8.636301e-02
8.640168e-02
8.643360e-02
8.646871e-02
8.650063e-02
8.653575e-02
8.657438e-02
8.661283e-02
8.665126e-02
8.668944e-02
8.672758e-02
8.676545e-02
8.680327e-02
8.683378e-02
8.686735e-02
8.689786e-02
8.692980e-02
8.696032e-02
8.699227e-02
8.702278e-02
8.705634e-02
8.708686e-02
8.712042e-02
8.715093e-02
8.718449e-02
8.721501e-02
8.724857e-02
8.727909e-02
8.731266e-02
8.734888e-02
8.738513e-02
8.742106e-02
8.745701e-02
8.749267e-02
8.752838e-02
8.756381e-02
8.759932e-02
8.763457e-02
8.766658e-02
8.770174e-02
8.773375e-02
8.776417e-02
8.779762e-02
8.782805e-02
8.786152e-02
8.789195e-02
8.792543e-02
8.795587e-02
8.798936e-02
8.802435e-02
8.805951e-02
8.809449e-02
8.812965e-02
8.816464e-02
8.819983e-02
8.823007e-02
8.826084e-02
8.829280e-02
8.832616e-02
8.835640e-02
8.838726e-02
8.841783e-02
8.844979e-02
8.848005e-02
8.851092e-02
8.854157e-02
8.857220e-02
8.860289e-02
8.863486e-02
8.866521e-02
8.869619e-02
8.872696e-02
8.875771e-02
8.878852e-02
8.882051e-02
8.885102e-02
8.888224e-02
8.891313e-02
8.894414e-02
8.897509e-02
8.900712e-02
8.903791e-02
8.906957e-02
8.909972e-02
8.913092e-02
8.916102e-02
8.919226e-02
8.922244e-02
8.925332e-02
8.928348e-02
8.931446e-02
8.934640e-02
8.937830e-02
8.940859e-02
8.943978e-02
8.947034e-02
8.950140e-02
8.953198e-02
8.956339e-02
8.959400e-02
8.962578e-02
8.965641e-02
8.968664e-02
8.971744e-02
8.974890e-02
8.977884e-02
8.980934e-02
8.983930e-02
8.986954e-02
8.989953e-02
8.992979e-02
8.995981e-02
8.999012e-02
9.002018e-02
9.005055e-02
9.008068e-02
9.011160e-02
9.014210e-02
9.017291e-02
9.020329e-02
9.023401e-02
9.026431e-02
9.029495e-02
9.032518e-02
9.035578e-02
9.038596e-02
9.041654e-02
9.044669e-02
9.047726e-02
9.050740e-02
9.053799e-02
9.056813e-02
9.059875e-02
9.062891e-02
9.065958e-02
9.068977e-02
9.072051e-02
9.075076e-02
9.078141e-02
9.081172e-02
9.084234e-02
9.087273e-02
9.090346e-02
9.093382e-02
9.096461e-02
9.099500e-02
9.102587e-02
9.105631e-02
9.108733e-02
9.111783e-02
9.114898e-02
9.117954e-02
9.121077e-02
9.124139e-02
9.127272e-02
9.130343e-02
9.133460e-02
9.136540e-02
9.139647e-02
9.142744e-02
9.145915e-02
9.149016e-02
9.152190e-02
9.155294e-02
9.158450e-02
9.161566e-02
9.164749e-02
9.167882e-02
9.171043e-02
9.174212e-02
9.177382e-02
9.180611e-02
9.183792e-02
9.187050e-02
9.190243e-02
9.193505e-02
9.196714e-02
9.199980e-02
9.203210e-02
9.206470e-02
9.209729e-02
9.212987e-02
9.216282e-02
9.219540e-02
9.222857e-02
9.226027e-02
9.229392e-02
9.232640e-02
9.235952e-02
9.239207e-02
9.242573e-02
9.245820e-02
9.249184e-02
9.252235e-02
9.255470e-02
9.258515e-02
9.261697e-02
9.264760e-02
9.267934e-02
9.271027e-02
9.274215e-02
9.277347e-02
9.280562e-02
9.283737e-02
9.286985e-02
9.290203e-02
9.293486e-02
9.296733e-02
9.300053e-02
9.303295e-02
9.306638e-02
9.309875e-02
9.313209e-02
9.316440e-02
9.319764e-02
9.322989e-02
9.326305e-02
9.329523e-02
9.332829e-02
9.336042e-02
9.339338e-02
9.342545e-02
9.345833e-02
9.349035e-02
9.352314e-02
9.355511e-02
9.358783e-02
9.361975e-02
9.365239e-02
9.368427e-02
9.371686e-02
9.374870e-02
9.378123e-02
9.381305e-02
9.384553e-02
9.387732e-02
9.390977e-02
9.394154e-02
9.397396e-02
9.400572e-02
9.403812e-02
9.406986e-02
9.410225e-02
9.413400e-02
9.416638e-02
9.419813e-02
9.423051e-02
9.426227e-02
9.429465e-02
9.432643e-02
9.435883e-02
9.439062e-02
9.442304e-02
9.445486e-02
9.448730e-02
9.451914e-02
9.455161e-02
9.458349e-02
9.461599e-02
9.464790e-02
9.468044e-02
9.471238e-02
9.474497e-02
9.477695e-02
9.480958e-02
9.484160e-02
9.487427e-02
9.490633e-02
9.493906e-02
9.497116e-02
9.500394e-02
9.503609e-02
9.506892e-02
9.510111e-02
9.513400e-02
9.516624e-02
9.519918e-02
9.523148e-02
9.526448e-02
9.529682e-02
9.532989e-02
9.536228e-02
9.539540e-02
9.542785e-02
9.546104e-02
9.549354e-02
9.552679e-02
9.555934e-02
9.559266e-02
9.562527e-02
9.565865e-02
9.569131e-02
9.572475e-02
9.575746e-02
9.579097e-02
9.582373e-02
9.585730e-02
9.589012e-02
9.592375e-02
9.595662e-02
9.599030e-02
9.602322e-02
9.605697e-02
9.608993e-02
9.612374e-02
9.615675e-02
9.619061e-02
9.622367e-02
9.625757e-02
9.629068e-02
9.632464e-02
9.635779e-02
9.639033e-02
9.642352e-02
9.645607e-02
9.648930e-02
9.652186e-02
9.655513e-02
9.658928e-02
9.662259e-02
9.665678e-02
9.669012e-02
9.672433e-02
9.675771e-02
9.679196e-02
9.682536e-02
9.685964e-02
9.689307e-02
9.692738e-02
9.696084e-02
9.699517e-02
9.702866e-02
9.706302e-02
9.709652e-02
9.713090e-02
9.716443e-02
9.719883e-02
9.723238e-02
9.726680e-02
9.730037e-02
9.733480e-02
9.736838e-02
9.740283e-02
9.743643e-02
9.746899e-02
9.750261e-02
9.753708e-02
9.757072e-02
9.760520e-02
9.763885e-02
9.767334e-02
9.770699e-02
9.774150e-02
9.777516e-02
9.780968e-02
9.784336e-02
9.787788e-02
9.791157e-02
9.794610e-02
9.797981e-02
9.801434e-02
9.804806e-02
9.808261e-02
9.811635e-02
9.815091e-02
9.818465e-02
9.821923e-02
9.825299e-02
9.828757e-02
9.832135e-02
9.835595e-02
9.838974e-02
9.842229e-02
9.845611e-02
9.849074e-02
9.852457e-02
9.855922e-02
9.859307e-02
9.862774e-02
9.866160e-02
9.869629e-02
9.873018e-02
9.876489e-02
9.879880e-02
9.883353e-02
9.886747e-02
9.890223e-02
9.893618e-02
9.897098e-02
9.900496e-02
9.903978e-02
9.907126e-02
9.910404e-02
9.913808e-02
9.917061e-02
9.920463e-02
9.923716e-02
9.927128e-02
9.930487e-02
9.933903e-02
9.937309e-02
9.940729e-02
9.944190e-02
9.947614e-02
9.951077e-02
9.954505e-02
9.958024e-02
9.961457e-02
9.964983e-02
9.968421e-02
9.971953e-02
9.975397e-02
9.978936e-02
9.982386e-02
9.985634e-02
9.989091e-02
9.992339e-02
9.995803e-02
9.999370e-02
1.000284e-01
1.000642e-01
1.000989e-01
1.001348e-01
1.001697e-01
1.002056e-01
1.002406e-01
1.002767e-01
1.003117e-01
1.003479e-01
1.003831e-01
1.004194e-01
1.004547e-01
1.004912e-01
1.005266e-01
1.005632e-01
1.005987e-01
1.006349e-01
1.006706e-01
1.007069e-01
1.007426e-01
1.007790e-01
1.008147e-01
1.008511e-01
1.008869e-01
1.009232e-01
1.009590e-01
1.009914e-01
1.010270e-01
1.010594e-01
1.010951e-01
1.011315e-01
1.011674e-01
1.012038e-01
1.012398e-01
1.012763e-01
1.013122e-01
1.013487e-01
1.013847e-01
1.014213e-01
1.014573e-01
1.014940e-01
1.015300e-01
1.015667e-01
1.016028e-01
1.016395e-01
1.016756e-01
1.017123e-01
1.017484e-01
1.017851e-01
1.018212e-01
1.018580e-01
1.018942e-01
1.019310e-01
1.019672e-01
1.020039e-01
1.020402e-01
1.020769e-01
1.021131e-01
1.021499e-01
1.021861e-01
1.022229e-01
1.022592e-01
1.022961e-01
1.023324e-01
1.023692e-01
1.024056e-01
1.024425e-01
1.024788e-01
1.025157e-01
1.025521e-01
1.025890e-01
1.026254e-01
1.026623e-01
1.026986e-01
1.027356e-01
1.027720e-01
1.028089e-01
1.028453e-01
1.028823e-01
1.029187e-01
1.029557e-01
1.029921e-01
1.030292e-01
1.030656e-01
1.031027e-01
1.031392e-01
1.031762e-01
1.032127e-01
1.032497e-01
1.032862e-01
1.033232e-01
1.033597e-01
1.033967e-01
1.034332e-01
1.034654e-01
1.035008e-01
1.035330e-01
1.035684e-01
1.036006e-01
1.036357e-01
1.036679e-01
1.037024e-01
1.037346e-01
1.037688e-01
1.038056e-01
1.038424e-01
1.038798e-01
1.039167e-01
1.039542e-01
1.039910e-01
1.040285e-01
1.040654e-01
1.041029e-01
1.041398e-01
1.041774e-01
1.042144e-01
1.042520e-01
1.042891e-01
1.043267e-01
1.043638e-01
1.044014e-01
1.044385e-01
1.044762e-01
1.045133e-01
1.045511e-01
1.045883e-01
1.046261e-01
1.046635e-01
1.047014e-01
1.047389e-01
1.047769e-01
1.048143e-01
1.048523e-01
1.048898e-01
1.049279e-01
1.049654e-01
1.050035e-01
1.050411e-01
1.050793e-01
1.051171e-01
1.051554e-01
1.051933e-01
1.052318e-01
1.052698e-01
1.053085e-01
1.053468e-01
1.053858e-01
1.054243e-01
1.054636e-01
1.055024e-01
1.055420e-01
1.055812e-01
1.056211e-01
1.056606e-01
1.057010e-01
1.057409e-01
1.057817e-01
1.058221e-01
1.058634e-01
1.059043e-01
1.059460e-01
1.059875e-01
1.060298e-01
1.060718e-01
1.061147e-01
1.061574e-01
1.062009e-01
1.062442e-01
1.062762e-01
1.063115e-01
1.063437e-01
1.063783e-01
1.064165e-01
1.064584e-01
1.065038e-01
1.065492e-01
1.065814e-01
1.066165e-01
1.066486e-01
1.066826e-01
1.067148e-01
1.067483e-01
1.067805e-01
1.068139e-01
1.068461e-01
1.068793e-01
1.069116e-01
1.069447e-01
1.069770e-01
1.070101e-01
1.070424e-01
1.070754e-01
1.071078e-01
1.071435e-01
1.071826e-01
1.072258e-01
1.072705e-01
1.073152e-01
1.073599e-01
1.074045e-01
1.074491e-01
1.074937e-01
1.075382e-01
1.075828e-01
1.076273e-01
1.076718e-01
1.077163e-01
1.077607e-01
1.078051e-01
1.078495e-01
1.078938e-01
1.079382e-01
1.079708e-01
1.080067e-01
1.080461e-01
1.080896e-01
1.081221e-01
1.081579e-01
1.081904e-01
1.082262e-01
1.082655e-01
1.083088e-01
1.083530e-01
1.083972e-01
1.084296e-01
1.084652e-01
1.085044e-01
1.085476e-01
1.085917e-01
1.086358e-01
1.086682e-01
1.087037e-01
1.087428e-01
1.087858e-01
1.088181e-01
1.088536e-01
1.088858e-01
1.089213e-01
1.089603e-01
1.090032e-01
1.090348e-01
1.090697e-01
1.091013e-01
1.091361e-01
1.091678e-01
1.092011e-01
1.092327e-01
1.092664e-01
1.092981e-01
1.093311e-01
1.093627e-01
1.093955e-01
1.094294e-01
1.094644e-01
1.094964e-01
1.095316e-01
1.095636e-01
1.095987e-01
1.096307e-01
1.096659e-01
1.097046e-01
1.097471e-01
1.097911e-01
1.098350e-01
1.098669e-01
1.099019e-01
1.099338e-01
1.099689e-01
1.100074e-01
1.100499e-01
1.100937e-01
1.101376e-01
1.101694e-01
1.102043e-01
1.102361e-01
1.102710e-01
1.103094e-01
1.103517e-01
1.103955e-01
1.104393e-01
1.104710e-01
1.105058e-01
1.105441e-01
1.105863e-01
1.106300e-01
1.106737e-01
1.107174e-01
1.107606e-01
1.107922e-01
1.108268e-01
1.108584e-01
1.108920e-01
1.109235e-01
1.109565e-01
1.109880e-01
1.110211e-01
1.110575e-01
1.110966e-01
1.111390e-01
1.111822e-01
1.112250e-01
1.112682e-01
1.112995e-01
1.113338e-01
1.113651e-01
1.113991e-01
1.114303e-01
1.114637e-01
1.114950e-01
1.115281e-01
1.115594e-01
1.115924e-01
1.116236e-01
1.116565e-01
1.116877e-01
1.117192e-01
1.117505e-01
1.117820e-01
1.118132e-01
1.118447e-01
1.118759e-01
1.119082e-01
1.119394e-01
1.119717e-01
1.120029e-01
1.120356e-01
1.120668e-01
1.120994e-01
1.121306e-01
1.121631e-01
1.121943e-01
1.122268e-01
1.122580e-01
1.122904e-01
1.123216e-01
1.123539e-01
1.123851e-01
1.124175e-01
1.124486e-01
1.124809e-01
1.125121e-01
1.125444e-01
1.125756e-01
1.126078e-01
1.126390e-01
1.126712e-01
1.127023e-01
1.127338e-01
1.127649e-01
1.127963e-01
1.128275e-01
1.128589e-01
1.128900e-01
1.129214e-01
1.129525e-01
1.129839e-01
1.130151e-01
1.130464e-01
1.130775e-01
1.131089e-01
1.131400e-01
1.131714e-01
1.132025e-01
1.132338e-01
1.132649e-01
1.132962e-01
1.133273e-01
1.133586e-01
1.133931e-01
1.134310e-01
1.134727e-01
1.135151e-01
1.135576e-01
1.136002e-01
1.136427e-01
1.136854e-01
1.137280e-01
1.137708e-01
1.138134e-01
1.138563e-01
1.138989e-01
1.139419e-01
1.139845e-01
1.140275e-01
1.140585e-01
1.140899e-01
1.141209e-01
1.141521e-01
1.141830e-01
1.142142e-01
1.142451e-01
1.142763e-01
1.143072e-01
1.143384e-01
1.143693e-01
1.144004e-01
1.144313e-01
1.144625e-01
1.144933e-01
1.145245e-01
1.145553e-01
1.145865e-01
1.146173e-01
1.146484e-01
1.146793e-01
1.147103e-01
1.147412e-01
1.147722e-01
1.148030e-01
1.148341e-01
1.148683e-01
1.149058e-01
1.149472e-01
1.149903e-01
1.150332e-01
1.150763e-01
1.151193e-01
1.151624e-01
1.152054e-01
1.152485e-01
1.152915e-01
1.153345e-01
1.153775e-01
1.154205e-01
1.154634e-01
1.155064e-01
1.155494e-01
1.155924e-01
1.156353e-01
1.156782e-01
1.157211e-01
1.157641e-01
1.158069e-01
1.158498e-01
1.158926e-01
1.159355e-01
1.159783e-01
1.160212e-01
1.160640e-01
1.161068e-01
1.161495e-01
1.161923e-01
1.162350e-01
1.162777e-01
1.163204e-01
1.163631e-01
1.164058e-01
1.164485e-01
1.164788e-01
1.165096e-01
1.165399e-01
1.165705e-01
1.166008e-01
1.166313e-01
1.166616e-01
1.166921e-01
1.167223e-01
1.167530e-01
1.167833e-01
1.168140e-01
1.168452e-01
1.168770e-01
1.169094e-01
1.169426e-01
1.169791e-01
1.170193e-01
1.170617e-01
1.171042e-01
1.171466e-01
1.171889e-01
1.172313e-01
1.172736e-01
1.173159e-01
1.173582e-01
1.174004e-01
1.174426e-01
1.174848e-01
1.175269e-01
1.175690e-01
1.176111e-01
1.176532e-01
1.176952e-01
1.177372e-01
1.177791e-01
1.178210e-01
1.178628e-01
1.179045e-01
1.179461e-01
1.179876e-01
1.180290e-01
1.180703e-01
1.181115e-01
1.181527e-01
1.181937e-01
1.182346e-01
1.182755e-01
1.183163e-01
1.183570e-01
1.183976e-01
1.184381e-01
1.184691e-01
1.185010e-01
1.185338e-01
1.185655e-01
1.185979e-01
1.186297e-01
1.186611e-01
1.186931e-01
1.187245e-01
1.187565e-01
1.187879e-01
1.188200e-01
1.188514e-01
1.188834e-01
1.189148e-01
1.189469e-01
1.189783e-01
1.190103e-01
1.190417e-01
1.190737e-01
1.191052e-01
1.191372e-01
1.191686e-01
1.192006e-01
1.192321e-01
1.192641e-01
1.192956e-01
1.193276e-01
1.193591e-01
1.193911e-01
1.194226e-01
1.194547e-01
1.194862e-01
1.195182e-01
1.195495e-01
1.195816e-01
1.196131e-01
1.196450e-01
1.196765e-01
1.197087e-01
1.197402e-01
1.197721e-01
1.198036e-01
1.198355e-01
1.198679e-01
1.199009e-01
1.199293e-01
1.199597e-01
1.199913e-01
1.200231e-01
1.200519e-01
1.200835e-01
1.201122e-01
1.201424e-01
1.201756e-01
1.202082e-01
1.202374e-01
1.202696e-01
1.202987e-01
1.203306e-01
1.203629e-01
1.203914e-01
1.204205e-01
1.204501e-01
1.204803e-01
1.205113e-01
1.205427e-01
1.205753e-01
1.206068e-01
1.206413e-01
1.206727e-01
1.207073e-01
1.207384e-01
1.207700e-01
1.208013e-01
1.208326e-01
1.208636e-01
1.208949e-01
1.209258e-01
1.209570e-01
1.209878e-01
1.210189e-01
1.210497e-01
1.210807e-01
1.211118e-01
1.211428e-01
1.211738e-01
1.212052e-01
1.212362e-01
1.212675e-01
1.212985e-01
1.213298e-01
1.213607e-01
1.213919e-01
1.214228e-01
1.214539e-01
1.214847e-01
1.215157e-01
1.215464e-01
1.215774e-01
1.216089e-01
1.216409e-01
1.216719e-01
1.217035e-01
1.217356e-01
1.217669e-01
1.217987e-01
1.218299e-01
1.218616e-01
1.218928e-01
1.219245e-01
1.219568e-01
1.219897e-01
1.220234e-01
1.220579e-01
1.220933e-01
1.221296e-01
1.221611e-01
1.221932e-01
1.222260e-01
1.222570e-01
1.222886e-01
1.223197e-01
1.223512e-01
1.223822e-01
1.224138e-01
1.224459e-01
1.224771e-01
1.225089e-01
1.225412e-01
1.225742e-01
1.226058e-01
1.226382e-01
1.226714e-01
1.227027e-01
1.227346e-01
1.227659e-01
1.227978e-01
1.228291e-01
1.228609e-01
1.228921e-01
1.229239e-01
1.229550e-01
1.229868e-01
1.230179e-01
1.230495e-01
1.230806e-01
1.231122e-01
1.231432e-01
1.231748e-01
1.232057e-01
1.232372e-01
1.232693e-01
1.233012e-01
1.233339e-01
1.233659e-01
1.233986e-01
1.234306e-01
1.234618e-01
1.234937e-01
1.235265e-01
1.235583e-01
1.235910e-01
1.236229e-01
1.236544e-01
1.236866e-01
1.237181e-01
1.237502e-01
1.237816e-01
1.238136e-01
1.238449e-01
1.238769e-01
1.239082e-01
1.239401e-01
1.239713e-01
1.240031e-01
1.240343e-01
1.240660e-01
1.240971e-01
1.241278e-01
1.241588e-01
1.241904e-01
1.242213e-01
1.242529e-01
1.242838e-01
1.243152e-01
1.243457e-01
1.243768e-01
1.244071e-01
1.244381e-01
1.244683e-01
1.244993e-01
1.245300e-01
1.245609e-01
1.245909e-01
1.246217e-01
1.246520e-01
1.246821e-01
1.247126e-01
1.247431e-01
1.247728e-01
1.248033e-01
1.248338e-01
1.248634e-01
1.248937e-01
1.249231e-01
1.249536e-01
1.249830e-01
1.250137e-01
1.250431e-01
1.250726e-01
1.251020e-01
1.251317e-01
1.251612e-01
1.251911e-01
1.252207e-01
1.252507e-01
1.252802e-01
1.253103e-01
1.253403e-01
1.253702e-01
1.254003e-01
1.254303e-01
1.254597e-01
1.254898e-01
1.255193e-01
1.255495e-01
1.255791e-01
1.256098e-01
1.256396e-01
1.256703e-01
1.257003e-01
1.257312e-01
1.257614e-01
1.257925e-01
1.258228e-01
1.258542e-01
1.258847e-01
1.259162e-01
1.259470e-01
1.259787e-01
1.260098e-01
1.260417e-01
1.260729e-01
1.261050e-01
1.261363e-01
1.261661e-01
1.261976e-01
1.262302e-01
1.262619e-01
1.262946e-01
1.263265e-01
1.263595e-01
1.263916e-01
1.264248e-01
1.264547e-01
1.264875e-01
1.265201e-01
1.265524e-01
1.265826e-01
1.266149e-01
1.266469e-01
1.266805e-01
1.267112e-01
1.267428e-01
1.267737e-01
1.268054e-01
1.268365e-01
1.268685e-01
1.268998e-01
1.269320e-01
1.269635e-01
1.269960e-01
1.270277e-01
1.270604e-01
1.270923e-01
1.271254e-01
1.271575e-01
1.271867e-01
1.272187e-01
1.272526e-01
1.272853e-01
1.273197e-01
1.273529e-01
1.273881e-01
1.274227e-01
1.274560e-01
1.274911e-01
1.275284e-01
1.275598e-01
1.275891e-01
1.276212e-01
1.276550e-01
1.276906e-01
1.277279e-01
1.277623e-01
1.277987e-01
1.278380e-01
1.278797e-01
1.279214e-01
1.279632e-01
1.280050e-01
1.280469e-01
1.280888e-01
1.281307e-01
1.281726e-01
1.282145e-01
1.282564e-01
1.282983e-01
1.283403e-01
1.283822e-01
1.284242e-01
1.284661e-01
1.285081e-01
1.285501e-01
1.285921e-01
1.286341e-01
1.286761e-01
1.287181e-01
1.287601e-01
1.287897e-01
1.288198e-01
1.288505e-01
1.288818e-01
1.289138e-01
1.289466e-01
1.289802e-01
1.290148e-01
1.290504e-01
1.290871e-01
1.291248e-01
1.291636e-01
1.292032e-01
1.292450e-01
1.292853e-01
1.293268e-01
1.293564e-01
1.293865e-01
1.294173e-01
1.294472e-01
1.294776e-01
1.295076e-01
1.295381e-01
1.295680e-01
1.295977e-01
1.296280e-01
1.296577e-01
1.296880e-01
1.297177e-01
1.297480e-01
1.297778e-01
1.298081e-01
1.298379e-01
1.298680e-01
1.298978e-01
1.299279e-01
1.299577e-01
1.299878e-01
1.300177e-01
1.300478e-01
1.300777e-01
1.301079e-01
1.301378e-01
1.301680e-01
1.301980e-01
1.302282e-01
1.302582e-01
1.302885e-01
1.303217e-01
1.303583e-01
1.303882e-01
1.304186e-01
1.304486e-01
1.304790e-01
1.305090e-01
1.305392e-01
1.305692e-01
1.305995e-01
1.306295e-01
1.306598e-01
1.306899e-01
1.307202e-01
1.307502e-01
1.307806e-01
1.308107e-01
1.308411e-01
1.308712e-01
1.309016e-01
1.309317e-01
1.309622e-01
1.309924e-01
1.310228e-01
1.310530e-01
1.310835e-01
1.311138e-01
1.311443e-01
1.311745e-01
1.312051e-01
1.312354e-01
1.312660e-01
1.312963e-01
1.313269e-01
1.313573e-01
1.313879e-01
1.314183e-01
1.314490e-01
1.314795e-01
1.315102e-01
1.315407e-01
1.315714e-01
1.316019e-01
1.316327e-01
1.316633e-01
1.316941e-01
1.317247e-01
1.317556e-01
1.317862e-01
1.318171e-01
1.318478e-01
1.318788e-01
1.319095e-01
1.319405e-01
1.319713e-01
1.320023e-01
1.320331e-01
1.320642e-01
1.320951e-01
1.321262e-01
1.321571e-01
1.321883e-01
1.322193e-01
1.322534e-01
1.322908e-01
1.323321e-01
1.323746e-01
1.324179e-01
1.324607e-01
1.325044e-01
1.325475e-01
1.325913e-01
1.326346e-01
1.326785e-01
1.327221e-01
1.327660e-01
1.328099e-01
1.328538e-01
1.328978e-01
1.329419e-01
1.329860e-01
1.330300e-01
1.330742e-01
1.331183e-01
1.331625e-01
1.332067e-01
1.332509e-01
1.332951e-01
1.333270e-01
1.333620e-01
1.333939e-01
1.334281e-01
1.334601e-01
1.334924e-01
1.335246e-01
1.335569e-01
1.335891e-01
1.336216e-01
1.336539e-01
1.336864e-01
1.337188e-01
1.337514e-01
1.337838e-01
1.338165e-01
1.338490e-01
1.338817e-01
1.339143e-01
1.339501e-01
1.339894e-01
1.340328e-01
1.340774e-01
1.341221e-01
1.341668e-01
1.342115e-01
1.342562e-01
1.343010e-01
1.343458e-01
1.343906e-01
1.344354e-01
1.344802e-01
1.345251e-01
1.345699e-01
1.346148e-01
1.346597e-01
1.347046e-01
1.347495e-01
1.347828e-01
1.348191e-01
1.348525e-01
1.348880e-01
1.349214e-01
1.349551e-01
1.349886e-01
1.350224e-01
1.350560e-01
1.350898e-01
1.351235e-01
1.351574e-01
1.351911e-01
1.352251e-01
1.352589e-01
1.352930e-01
1.353268e-01
1.353610e-01
1.353985e-01
1.354398e-01
1.354850e-01
1.355302e-01
1.355754e-01
1.356206e-01
1.356658e-01
1.357111e-01
1.357564e-01
1.358016e-01
1.358469e-01
1.358922e-01
1.359265e-01
1.359642e-01
1.360057e-01
1.360494e-01
1.360945e-01
1.361399e-01
1.361853e-01
1.362307e-01
1.362761e-01
1.363215e-01
1.363669e-01
1.364124e-01
1.364578e-01
1.365033e-01
1.365488e-01
1.365943e-01
1.366398e-01
1.366853e-01
1.367308e-01
1.367763e-01
1.368219e-01
1.368674e-01
1.369130e-01
1.369586e-01
1.370042e-01
1.370498e-01
1.370954e-01
1.371410e-01
1.371867e-01
1.372323e-01
1.372780e-01
1.373237e-01
1.373694e-01
1.374151e-01
1.374608e-01
1.375065e-01
1.375522e-01
1.375980e-01
1.376437e-01
1.376895e-01
1.377353e-01
1.377811e-01
1.378167e-01
1.378529e-01
1.378886e-01
1.379249e-01
1.379607e-01
1.379967e-01
1.380325e-01
1.380686e-01
1.381045e-01
1.381406e-01
1.381765e-01
1.382127e-01
1.382487e-01
1.382849e-01
1.383209e-01
1.383572e-01
1.383933e-01
1.384297e-01
1.384658e-01
1.385025e-01
1.385387e-01
1.385755e-01
1.386118e-01
1.386486e-01
1.386850e-01
1.387219e-01
1.387595e-01
1.388009e-01
1.388464e-01
1.388923e-01
1.389383e-01
1.389842e-01
1.390302e-01
1.390761e-01
1.391122e-01
1.391490e-01
1.391851e-01
1.392219e-01
1.392582e-01
1.392947e-01
1.393310e-01
1.393676e-01
1.394039e-01
1.394406e-01
1.394769e-01
1.395136e-01
1.395501e-01
1.395868e-01
1.396233e-01
1.396601e-01
1.396966e-01
1.397335e-01
1.397701e-01
1.398070e-01
1.398436e-01
1.398806e-01
1.399173e-01
1.399551e-01
1.399919e-01
1.400296e-01
1.400664e-01
1.401042e-01
1.401411e-01
1.401790e-01
1.402159e-01
1.402539e-01
1.402909e-01
1.403289e-01
1.403659e-01
1.404040e-01
1.404411e-01
1.404793e-01
1.405165e-01
1.405547e-01
1.405920e-01
1.406302e-01
1.406676e-01
1.407059e-01
1.407433e-01
1.407817e-01
1.408192e-01
1.408570e-01
1.408946e-01
1.409324e-01
1.409701e-01
1.410080e-01
1.410457e-01
1.410838e-01
1.411215e-01
1.411596e-01
1.411975e-01
1.412356e-01
1.412735e-01
1.413118e-01
1.413497e-01
1.413880e-01
1.414261e-01
1.414644e-01
1.415025e-01
1.415410e-01
1.415792e-01
1.416176e-01
1.416559e-01
1.416945e-01
1.417328e-01
1.417714e-01
1.418098e-01
1.418485e-01
1.418911e-01
1.419371e-01
1.419832e-01
1.420293e-01
1.420753e-01
1.421214e-01
1.421675e-01
1.422135e-01
1.422596e-01
1.423057e-01
1.423517e-01
1.423978e-01
1.424439e-01
1.424899e-01
1.425360e-01
1.425821e-01
1.426281e-01
1.426742e-01
1.427203e-01
1.427663e-01
1.428124e-01
1.428584e-01
1.429045e-01
1.429506e-01
1.429966e-01
1.430426e-01
1.430887e-01
1.431347e-01
1.431735e-01
1.432129e-01
1.432518e-01
1.432910e-01
1.433299e-01
1.433692e-01
1.434082e-01
1.434475e-01
1.434866e-01
1.435260e-01
1.435651e-01
1.436046e-01
1.436437e-01
1.436833e-01
1.437225e-01
1.437621e-01
1.438014e-01
1.438410e-01
1.438804e-01
1.439201e-01
1.439595e-01
1.439993e-01
1.440388e-01
1.440786e-01
1.441181e-01
1.441580e-01
1.441976e-01
1.442375e-01
1.442772e-01
1.443172e-01
1.443569e-01
1.444006e-01
1.444454e-01
1.444904e-01
1.445296e-01
1.445697e-01
1.446105e-01
1.446502e-01
1.446897e-01
1.447299e-01
1.447694e-01
1.448093e-01
1.448489e-01
1.448888e-01
1.449285e-01
1.449684e-01
1.450081e-01
1.450482e-01
1.450879e-01
1.451280e-01
1.451678e-01
1.452079e-01
1.452477e-01
1.452879e-01
1.453278e-01
1.453680e-01
1.454079e-01
1.454482e-01
1.454882e-01
1.455288e-01
1.455688e-01
1.456095e-01
1.456496e-01
1.456903e-01
1.457304e-01
1.457712e-01
1.458109e-01
1.458514e-01
1.458929e-01
1.459332e-01
1.459732e-01
1.460139e-01
1.460540e-01
1.460948e-01
1.461349e-01
1.461758e-01
1.462159e-01
1.462568e-01
1.462970e-01
1.463380e-01
1.463782e-01
1.464192e-01
1.464594e-01
1.465004e-01
1.465407e-01
1.465817e-01
1.466220e-01
1.466631e-01
1.467034e-01
1.467445e-01
1.467849e-01
1.468260e-01
1.468664e-01
1.469075e-01
1.469479e-01
1.469890e-01
1.470295e-01
1.470707e-01
1.471112e-01
1.471524e-01
1.471929e-01
1.472341e-01
1.472747e-01
1.473159e-01
1.473565e-01
1.473978e-01
1.474384e-01
1.474798e-01
1.475219e-01
1.475630e-01
1.476048e-01
1.476475e-01
1.476883e-01
1.477298e-01
1.477722e-01
1.478134e-01
1.478555e-01
1.478985e-01
1.479394e-01
1.479811e-01
1.480238e-01
1.480674e-01
1.481121e-01
1.481536e-01
1.481960e-01
1.482394e-01
1.482806e-01
1.483227e-01
1.483657e-01
1.484074e-01
1.484501e-01
1.484938e-01
1.485352e-01
1.485775e-01
1.486207e-01
1.486626e-01
1.487055e-01
1.487494e-01
1.487908e-01
1.488332e-01
1.488746e-01
1.489170e-01
1.489585e-01
1.490008e-01
1.490422e-01
1.490845e-01
1.491259e-01
1.491681e-01
1.492095e-01
1.492516e-01
1.492929e-01
1.493349e-01
1.493762e-01
1.494178e-01
1.494590e-01
1.495005e-01
1.495416e-01
1.495831e-01
1.496242e-01
1.496656e-01
1.497067e-01
1.497519e-01
1.497982e-01
1.498445e-01
1.498909e-01
1.499372e-01
1.499836e-01
1.500299e-01
1.500710e-01
1.501129e-01
1.501557e-01
1.501972e-01
1.502384e-01
1.502799e-01
1.503211e-01
1.503625e-01
1.504036e-01
1.504451e-01
1.504861e-01
1.505275e-01
1.505731e-01
1.506195e-01
1.506659e-01
1.507123e-01
1.507577e-01
1.508032e-01
1.508487e-01
1.508943e-01
1.509400e-01
1.509857e-01
1.510267e-01
1.510685e-01
1.511095e-01
1.511509e-01
1.511920e-01
1.512334e-01
1.512745e-01
1.513159e-01
1.513570e-01
1.514021e-01
1.514432e-01
1.514883e-01
1.515294e-01
1.515746e-01
1.516157e-01
1.516575e-01
1.516986e-01
1.517401e-01
1.517812e-01
1.518227e-01
1.518638e-01
1.519052e-01
1.519463e-01
1.519878e-01
1.520289e-01
1.520703e-01
1.521114e-01
1.521528e-01
1.521939e-01
1.522353e-01
1.522763e-01
1.523177e-01
1.523587e-01
1.524001e-01
1.524411e-01
1.524825e-01
1.525235e-01
1.525648e-01
1.526058e-01
1.526471e-01
1.526881e-01
1.527294e-01
1.527703e-01
1.528116e-01
1.528526e-01
1.528939e-01
1.529349e-01
1.529767e-01
1.530178e-01
1.530595e-01
1.531006e-01
1.531423e-01
1.531833e-01
1.532250e-01
1.532660e-01
1.533077e-01
1.533487e-01
1.533900e-01
1.534309e-01
1.534722e-01
1.535132e-01
1.535544e-01
1.535953e-01
1.536366e-01
1.536775e-01
1.537187e-01
1.537595e-01
1.538007e-01
1.538415e-01
1.538827e-01
1.539235e-01
1.539646e-01
1.540054e-01
1.540465e-01
1.540872e-01
1.541283e-01
1.541690e-01
1.542100e-01
1.542507e-01
1.542917e-01
1.543324e-01
1.543733e-01
1.544140e-01
1.544549e-01
1.544955e-01
1.545367e-01
1.545787e-01
1.546198e-01
1.546606e-01
1.547020e-01
1.547428e-01
1.547842e-01
1.548249e-01
1.548662e-01
1.549069e-01
1.549482e-01
1.549889e-01
1.550302e-01
1.550708e-01
1.551120e-01
1.551526e-01
1.551938e-01
1.552343e-01
1.552755e-01
1.553160e-01
1.553572e-01
1.553976e-01
1.554387e-01
1.554792e-01
1.555203e-01
1.555607e-01
1.556017e-01
1.556422e-01
1.556835e-01
1.557256e-01
1.557666e-01
1.558084e-01
1.558510e-01
1.558915e-01
1.559327e-01
1.559732e-01
1.560144e-01
1.560549e-01
1.560960e-01
1.561364e-01
1.561775e-01
1.562194e-01
1.562621e-01
1.563057e-01
1.563503e-01
1.563961e-01
1.564428e-01
1.564896e-01
1.565363e-01
1.565830e-01
1.566298e-01
1.566765e-01
1.567232e-01
1.567700e-01
1.568167e-01
1.568634e-01
1.569101e-01
1.569568e-01
1.570035e-01
1.570502e-01
1.570969e-01
1.571436e-01
1.571902e-01
1.572369e-01
1.572836e-01
1.573302e-01
1.573769e-01
1.574236e-01
1.574702e-01
1.575169e-01
1.575635e-01
1.576101e-01
1.576568e-01
1.577034e-01
1.577501e-01
1.577967e-01
1.578433e-01
1.578900e-01
1.579366e-01
1.579832e-01
1.580298e-01
1.580765e-01
1.581231e-01
1.581697e-01
1.582163e-01
1.582630e-01
1.583096e-01
1.583562e-01
1.584029e-01
1.584495e-01
1.584961e-01
1.585428e-01
1.585894e-01
1.586361e-01
1.586827e-01
1.587294e-01
1.587760e-01
1.588227e-01
1.588694e-01
1.589161e-01
1.589627e-01
1.590094e-01
1.590561e-01
1.591028e-01
1.591495e-01
1.591962e-01
1.592430e-01
1.592897e-01
1.593364e-01
1.593832e-01
1.594300e-01
1.594767e-01
1.595235e-01
1.595703e-01
1.596171e-01
1.596639e-01
1.597107e-01
1.597575e-01
1.598043e-01
1.598511e-01
1.598979e-01
1.599448e-01
1.599916e-01
1.600384e-01
1.600853e-01
1.601322e-01
1.601790e-01
1.602259e-01
1.602728e-01
1.603130e-01
1.603541e-01
1.603961e-01
1.604369e-01
1.604785e-01
1.605193e-01
1.605608e-01
1.606016e-01
1.606431e-01
1.606838e-01
1.607253e-01
1.607660e-01
1.608074e-01
1.608481e-01
1.608895e-01
1.609302e-01
1.609716e-01
1.610122e-01
1.610525e-01
1.610932e-01
1.611345e-01
1.611755e-01
1.612175e-01
1.612586e-01
1.613007e-01
1.613419e-01
1.613840e-01
1.614252e-01
1.614674e-01
1.615086e-01
1.615508e-01
1.615920e-01
1.616341e-01
1.616753e-01
1.617173e-01
1.617584e-01
1.618004e-01
1.618415e-01
1.618822e-01
1.619237e-01
1.619643e-01
1.620057e-01
1.620463e-01
1.620877e-01
1.621283e-01
1.621696e-01
1.622101e-01
1.622514e-01
1.622918e-01
1.623331e-01
1.623735e-01
1.624147e-01
1.624551e-01
1.624962e-01
1.625366e-01
1.625777e-01
1.626180e-01
1.626587e-01
1.626990e-01
1.627397e-01
1.627800e-01
1.628206e-01
1.628609e-01
1.629015e-01
1.629418e-01
1.629824e-01
1.630226e-01
1.630631e-01
1.631034e-01
1.631439e-01
1.631841e-01
1.632246e-01
1.632648e-01
1.633054e-01
1.633465e-01
1.633873e-01
1.634278e-01
1.634689e-01
1.635094e-01
1.635505e-01
1.635909e-01
1.636320e-01
1.636723e-01
1.637134e-01
1.637537e-01
1.637948e-01
1.638351e-01
1.638761e-01
1.639149e-01
1.639558e-01
1.639961e-01
1.640370e-01
1.640772e-01
1.641181e-01
1.641584e-01
1.641993e-01
1.642395e-01
1.642803e-01
1.643206e-01
1.643614e-01
1.644016e-01
1.644424e-01
1.644827e-01
1.645237e-01
1.645656e-01
1.646063e-01
1.646477e-01
1.646884e-01
1.647288e-01
1.647698e-01
1.648101e-01
1.648511e-01
1.648914e-01
1.649324e-01
1.649727e-01
1.650136e-01
1.650539e-01
1.650948e-01
1.651351e-01
1.651760e-01
1.652163e-01
1.652574e-01
1.652994e-01
1.653403e-01
1.653820e-01
1.654246e-01
1.654650e-01
1.655062e-01
1.655467e-01
1.655878e-01
1.656282e-01
1.656694e-01
1.657098e-01
1.657508e-01
1.657912e-01
1.658323e-01
1.658726e-01
1.659136e-01
1.659552e-01
1.659961e-01
1.660376e-01
1.660802e-01
1.661208e-01
1.661623e-01
1.662038e-01
1.662450e-01
1.662864e-01
1.663290e-01
1.663696e-01
1.664110e-01
1.664516e-01
1.664930e-01
1.665336e-01
1.665750e-01
1.666156e-01
1.666569e-01
1.666974e-01
1.667387e-01
1.667792e-01
1.668204e-01
1.668621e-01
1.669049e-01
1.669466e-01
1.669895e-01
1.670313e-01
1.670743e-01
1.671162e-01
1.671593e-01
1.672013e-01
1.672446e-01
1.672868e-01
1.673303e-01
1.673727e-01
1.674164e-01
1.674591e-01
1.675033e-01
1.675466e-01
1.675915e-01
1.676357e-01
1.676816e-01
1.677269e-01
1.677742e-01
1.678209e-01
1.678689e-01
1.679170e-01
1.679651e-01
1.680132e-01
1.680613e-01
1.681093e-01
1.681575e-01
1.682056e-01
1.682537e-01
1.683018e-01
1.683500e-01
1.683981e-01
1.684462e-01
1.684944e-01
1.685426e-01
1.685907e-01
1.686389e-01
1.686871e-01
1.687352e-01
1.687834e-01
1.688316e-01
1.688798e-01
1.689280e-01
1.689762e-01
1.690244e-01
1.690726e-01
1.691207e-01
1.691689e-01
1.692171e-01
1.692566e-01
1.692976e-01
1.693370e-01
1.693770e-01
1.694163e-01
1.694562e-01
1.694954e-01
1.695385e-01
1.695859e-01
1.696341e-01
1.696823e-01
1.697306e-01
1.697788e-01
1.698271e-01
1.698616e-01
1.698978e-01
1.699360e-01
1.699698e-01
1.700034e-01
1.700379e-01
1.700736e-01
1.701071e-01
1.701416e-01
1.701773e-01
1.702115e-01
1.702445e-01
1.702784e-01
1.703128e-01
1.703487e-01
1.703821e-01
1.704152e-01
1.704494e-01
1.704835e-01
1.705164e-01
1.705502e-01
1.705832e-01
1.706169e-01
1.706517e-01
1.706849e-01
1.707179e-01
1.707522e-01
1.707855e-01
1.708197e-01
1.708550e-01
1.708893e-01
1.709250e-01
1.709600e-01
1.709929e-01
1.710277e-01
1.710631e-01
1.711004e-01
1.711347e-01
1.711714e-01
1.712071e-01
1.712446e-01
1.712830e-01
1.713222e-01
1.713615e-01
1.714015e-01
1.714419e-01
1.714832e-01
1.715247e-01
1.715670e-01
1.716093e-01
1.716525e-01
1.716969e-01
1.717423e-01
1.717886e-01
1.718357e-01
1.718835e-01
1.719321e-01
1.719799e-01
1.720286e-01
1.720765e-01
1.721251e-01
1.721730e-01
1.722216e-01
1.722694e-01
1.723181e-01
1.723658e-01
1.724145e-01
1.724632e-01
1.725112e-01
1.725600e-01
1.726005e-01
1.726387e-01
1.726802e-01
1.727212e-01
1.727631e-01
1.728021e-01
1.728438e-01
1.728820e-01
1.729227e-01
1.729641e-01
1.730048e-01
1.730461e-01
1.730868e-01
1.731281e-01
1.731688e-01
1.732101e-01
1.732508e-01
1.732921e-01
1.733328e-01
1.733741e-01
1.734147e-01
1.734560e-01
1.734967e-01
1.735382e-01
1.735806e-01
1.736218e-01
1.736638e-01
1.737050e-01
1.737471e-01
1.737883e-01
1.738291e-01
1.738707e-01
1.739115e-01
1.739530e-01
1.739938e-01
1.740353e-01
1.740761e-01
1.741176e-01
1.741584e-01
1.741999e-01
1.742407e-01
1.742821e-01
1.743229e-01
1.743644e-01
1.744051e-01
1.744466e-01
1.744873e-01
1.745287e-01
1.745695e-01
1.746109e-01
1.746517e-01
1.746931e-01
1.747338e-01
1.747752e-01
1.748160e-01
1.748571e-01
1.748978e-01
1.749389e-01
1.749796e-01
1.750207e-01
1.750614e-01
1.751025e-01
1.751443e-01
1.751855e-01
1.752264e-01
1.752680e-01
1.753089e-01
1.753505e-01
1.753913e-01
1.754329e-01
1.754738e-01
1.755154e-01
1.755563e-01
1.755978e-01
1.756387e-01
1.756803e-01
1.757211e-01
1.757627e-01
1.758035e-01
1.758451e-01
1.758859e-01
1.759275e-01
1.759683e-01
1.760099e-01
1.760507e-01
1.760923e-01
1.761346e-01
1.761777e-01
1.762186e-01
1.762602e-01
1.763026e-01
1.763458e-01
1.763866e-01
1.764282e-01
1.764707e-01
1.765120e-01
1.765530e-01
1.765947e-01
1.766356e-01
1.766774e-01
1.767184e-01
1.767601e-01
1.768011e-01
1.768429e-01
1.768854e-01
1.769269e-01
1.769691e-01
1.770122e-01
1.770564e-01
1.770979e-01
1.771403e-01
1.771836e-01
1.772245e-01
1.772662e-01
1.773071e-01
1.773482e-01
1.773891e-01
1.774302e-01
1.774710e-01
1.775121e-01
1.775529e-01
1.775940e-01
1.776347e-01
1.776758e-01
1.777165e-01
1.777576e-01
1.777988e-01
1.778408e-01
1.778820e-01
1.779240e-01
1.779652e-01
1.780069e-01
1.780481e-01
1.780897e-01
1.781303e-01
1.781724e-01
1.782135e-01
1.782552e-01
1.782964e-01
1.783380e-01
1.783792e-01
1.784208e-01
1.784621e-01
1.785043e-01
1.785455e-01
1.785878e-01
1.786292e-01
1.786715e-01
1.787115e-01
1.787538e-01
1.787948e-01
1.788372e-01
1.788788e-01
1.789211e-01
1.789628e-01
1.790052e-01
1.790467e-01
1.790894e-01
1.791309e-01
1.791745e-01
1.792160e-01
1.792599e-01
1.793014e-01
1.793446e-01
1.793871e-01
1.794299e-01
1.794721e-01
1.795146e-01
1.795566e-01
1.795988e-01
1.796406e-01
1.796827e-01
1.797204e-01
1.797613e-01
1.798030e-01
1.798489e-01
1.798928e-01
1.799383e-01
1.799794e-01
1.800208e-01
1.800586e-01
1.800997e-01
1.801375e-01
1.801773e-01
1.802198e-01
1.802628e-01
1.803067e-01
1.803516e-01
1.803938e-01
1.804363e-01
1.804783e-01
1.805207e-01
1.805626e-01
1.806047e-01
1.806462e-01
1.806884e-01
1.807301e-01
1.807759e-01
1.808175e-01
1.808633e-01
1.809048e-01
1.809506e-01
1.809921e-01
1.810379e-01
1.810794e-01
1.811251e-01
1.811666e-01
1.812123e-01
1.812538e-01
1.812990e-01
1.813405e-01
1.813853e-01
1.814268e-01
1.814713e-01
1.815143e-01
1.815585e-01
1.816013e-01
1.816452e-01
1.816878e-01
1.817315e-01
1.817740e-01
1.818175e-01
1.818599e-01
1.819032e-01
1.819455e-01
1.819887e-01
1.820309e-01
1.820740e-01
1.821161e-01
1.821592e-01
1.822012e-01
1.822441e-01
1.822861e-01
1.823290e-01
1.823710e-01
1.824138e-01
1.824557e-01
1.824986e-01
1.825404e-01
1.825832e-01
1.826251e-01
1.826679e-01
1.827097e-01
1.827525e-01
1.827943e-01
1.828371e-01
1.828789e-01
1.829216e-01
1.829635e-01
1.830062e-01
1.830481e-01
1.830908e-01
1.831327e-01
1.831755e-01
1.832173e-01
1.832601e-01
1.833041e-01
1.833492e-01
1.833958e-01
1.834439e-01
1.834936e-01
1.835449e-01
1.835964e-01
1.836479e-01
1.836995e-01
1.837510e-01
1.838025e-01
1.838540e-01
1.838948e-01
1.839362e-01
1.839744e-01
1.840158e-01
1.840583e-01
1.841021e-01
1.841406e-01
1.841829e-01
1.842294e-01
1.842792e-01
1.843179e-01
1.843604e-01
1.844072e-01
1.844587e-01
1.844976e-01
1.845397e-01
1.845786e-01
1.846214e-01
1.846684e-01
1.847182e-01
1.847697e-01
1.848214e-01
1.848609e-01
1.849034e-01
1.849493e-01
1.849976e-01
1.850480e-01
1.850997e-01
1.851390e-01
1.851815e-01
1.852278e-01
1.852766e-01
1.853156e-01
1.853579e-01
1.854041e-01
1.854527e-01
1.855036e-01
1.855553e-01
1.855941e-01
1.856362e-01
1.856822e-01
1.857306e-01
1.857814e-01
1.858331e-01
1.858718e-01
1.859140e-01
1.859603e-01
1.860091e-01
1.860603e-01
1.861121e-01
1.861507e-01
1.861929e-01
1.862394e-01
1.862885e-01
1.863400e-01
1.863918e-01
1.864304e-01
1.864726e-01
1.865191e-01
1.865683e-01
1.866199e-01
1.866718e-01
1.867238e-01
1.867758e-01
1.868278e-01
1.868798e-01
1.869318e-01
1.869838e-01
1.870359e-01
1.870879e-01
1.871265e-01
1.871686e-01
1.872150e-01
1.872642e-01
1.873160e-01
1.873680e-01
1.874066e-01
1.874488e-01
1.874953e-01
1.875445e-01
1.875964e-01
1.876484e-01
1.877005e-01
1.877526e-01
1.878047e-01
1.878568e-01
1.878955e-01
1.879377e-01
1.879841e-01
1.880333e-01
1.880852e-01
1.881373e-01
1.881761e-01
1.882185e-01
1.882651e-01
1.883145e-01
1.883666e-01
1.884187e-01
1.884576e-01
1.885000e-01
1.885467e-01
1.885962e-01
1.886483e-01
1.887005e-01
1.887395e-01
1.887821e-01
1.888211e-01
1.888621e-01
1.889068e-01
1.889539e-01
1.890041e-01
1.890562e-01
1.891084e-01
1.891605e-01
1.892127e-01
1.892648e-01
1.893040e-01
1.893471e-01
1.893863e-01
1.894277e-01
1.894669e-01
1.895080e-01
1.895530e-01
1.896004e-01
1.896511e-01
1.897033e-01
1.897555e-01
1.898077e-01
1.898598e-01
1.899120e-01
1.899642e-01
1.900164e-01
1.900557e-01
1.900991e-01
1.901384e-01
1.901794e-01
1.902188e-01
1.902594e-01
1.902988e-01
1.903392e-01
1.903780e-01
1.904178e-01
1.904572e-01
1.904974e-01
1.905361e-01
1.905758e-01
1.906146e-01
1.906541e-01
1.906929e-01
1.907325e-01
1.907713e-01
1.908109e-01
1.908497e-01
1.908891e-01
1.909278e-01
1.909672e-01
1.910060e-01
1.910456e-01
1.910844e-01
1.911240e-01
1.911628e-01
1.912024e-01
1.912413e-01
1.912809e-01
1.913197e-01
1.913593e-01
1.913982e-01
1.914378e-01
1.914785e-01
1.915204e-01
1.915599e-01
1.916001e-01
1.916398e-01
1.916817e-01
1.917213e-01
1.917615e-01
1.918011e-01
1.918414e-01
1.918809e-01
1.919212e-01
1.919608e-01
1.920011e-01
1.920407e-01
1.920810e-01
1.921206e-01
1.921610e-01
1.922006e-01
1.922409e-01
1.922805e-01
1.923209e-01
1.923605e-01
1.924009e-01
1.924405e-01
1.924809e-01
1.925206e-01
1.925609e-01
1.926008e-01
1.926426e-01
1.926824e-01
1.927245e-01
1.927644e-01
1.928063e-01
1.928462e-01
1.928878e-01
1.929276e-01
1.929690e-01
1.930089e-01
1.930501e-01
1.930900e-01
1.931311e-01
1.931710e-01
1.932120e-01
1.932518e-01
1.932928e-01
1.933327e-01
1.933736e-01
1.934135e-01
1.934544e-01
1.934943e-01
1.935351e-01
1.935750e-01
1.936159e-01
1.936558e-01
1.936966e-01
1.937385e-01
1.937814e-01
1.938213e-01
1.938621e-01
1.939040e-01
1.939469e-01
1.939869e-01
1.940277e-01
1.940695e-01
1.941100e-01
1.941514e-01
1.941938e-01
1.942338e-01
1.942746e-01
1.943164e-01
1.943569e-01
1.943983e-01
1.944407e-01
1.944808e-01
1.945216e-01
1.945635e-01
1.946040e-01
1.946454e-01
1.946879e-01
1.947280e-01
1.947689e-01
1.948108e-01
1.948514e-01
1.948929e-01
1.949354e-01
1.949792e-01
1.950243e-01
1.950711e-01
1.951195e-01
1.951698e-01
1.952219e-01
1.952743e-01
1.953268e-01
1.953792e-01
1.954316e-01
1.954841e-01
1.955365e-01
1.955889e-01
1.956293e-01
1.956706e-01
1.957127e-01
1.957527e-01
1.957934e-01
1.958350e-01
1.958777e-01
1.959216e-01
1.959671e-01
1.960141e-01
1.960630e-01
1.961136e-01
1.961661e-01
1.962186e-01
1.962711e-01
1.963236e-01
1.963761e-01
1.964287e-01
1.964812e-01
1.965338e-01
1.965863e-01
1.966389e-01
1.966914e-01
1.967440e-01
1.967966e-01
1.968491e-01
1.969017e-01
1.969543e-01
1.970069e-01
1.970595e-01
1.971121e-01
1.971647e-01
1.972174e-01
1.972700e-01
1.973226e-01
1.973753e-01
1.974279e-01
1.974806e-01
1.975332e-01
1.975859e-01
1.976386e-01
1.976912e-01
1.977439e-01
1.977966e-01
1.978493e-01
1.979020e-01
1.979547e-01
1.980074e-01
1.980601e-01
1.981128e-01
1.981656e-01
1.982183e-01
1.982710e-01
1.983238e-01
1.983765e-01
1.984293e-01
1.984820e-01
1.985348e-01
1.985875e-01
1.986403e-01
1.986931e-01
1.987459e-01
1.987868e-01
1.988285e-01
1.988743e-01
1.989248e-01
1.989776e-01
1.990304e-01
1.990832e-01
1.991360e-01
1.991889e-01
1.992417e-01
1.992945e-01
1.993474e-01
1.994002e-01
1.994531e-01
1.995059e-01
1.995588e-01
1.996117e-01
1.996646e-01
1.997175e-01
1.997703e-01
1.998203e-01
1.998732e-01
1.999262e-01
1.999706e-01
2.000173e-01
2.000667e-01
2.001142e-01
