# 1  : Date
# 2  : Temps elapsed min (mus)
# 3  : Rang temps elapsed min
# 4  : Noeud temps elapsed min
# 5  : Temps elapsed max (mus)
# 6  : Rang temps elapsed max
# 7  : Noeud temps elapsed max
# 8  : Grind time (mus/maille/cycle)
# 9  : Grind time équivalent séquentiel (#8 X nb_de_coeurs)
#     1     2     3     4      5      6      7       8      9
#   ATTENTION  les temps cpu schémas sont données dans l'ordre alphabétique des schémas WARNING
#  10: TELAPS Hydro (mus)
9.824849e-05   4.272e+04 0 inti1216   4.287e+04 3 inti1216   3.101e-01 4.962e+00  3.386e+04
2.300895e-04   4.322e+04 0 inti1216   4.346e+04 3 inti1216   3.133e-01 5.013e+00  3.421e+04
4.140046e-04   4.352e+04 0 inti1216   4.370e+04 3 inti1216   3.134e-01 5.015e+00  3.456e+04
6.483051e-04   4.376e+04 0 inti1216   4.402e+04 3 inti1216   3.133e-01 5.013e+00  3.478e+04
9.252446e-04   4.461e+04 0 inti1216   4.487e+04 3 inti1216   3.162e-01 5.059e+00  3.550e+04
1.239583e-03   4.634e+04 0 inti1216   4.660e+04 3 inti1216   3.245e-01 5.192e+00  3.685e+04
1.589698e-03   4.661e+04 0 inti1216   4.678e+04 3 inti1216   3.221e-01 5.154e+00  3.718e+04
1.974394e-03   4.727e+04 0 inti1216   4.747e+04 3 inti1216   3.231e-01 5.170e+00  3.784e+04
2.390406e-03   4.726e+04 0 inti1216   4.737e+04 3 inti1216   3.187e-01 5.099e+00  3.765e+04
2.835441e-03   4.802e+04 0 inti1216   4.822e+04 3 inti1216   3.206e-01 5.129e+00  3.830e+04
3.288871e-03   4.850e+04 0 inti1216   4.871e+04 3 inti1216   3.198e-01 5.116e+00  3.890e+04
3.695227e-03   4.919e+04 0 inti1216   4.940e+04 3 inti1216   3.237e-01 5.179e+00  3.945e+04
4.046144e-03   4.934e+04 0 inti1216   4.944e+04 3 inti1216   3.209e-01 5.135e+00  3.960e+04
4.429864e-03   4.974e+04 0 inti1216   4.981e+04 3 inti1216   3.196e-01 5.113e+00  3.979e+04
4.796441e-03   4.881e+04 0 inti1216   4.888e+04 3 inti1216   3.099e-01 4.958e+00  3.900e+04
5.111498e-03   4.943e+04 0 inti1216   4.950e+04 3 inti1216   3.104e-01 4.966e+00  3.946e+04
5.405890e-03   5.037e+04 0 inti1216   5.046e+04 3 inti1216   3.135e-01 5.017e+00  4.042e+04
5.686443e-03   5.091e+04 0 inti1216   5.098e+04 3 inti1216   3.139e-01 5.022e+00  4.090e+04
5.955353e-03   5.110e+04 0 inti1216   5.117e+04 3 inti1216   3.119e-01 4.991e+00  4.102e+04
6.215101e-03   5.708e+04 0 inti1216   5.716e+04 3 inti1216   3.458e-01 5.533e+00  4.694e+04
6.473404e-03   5.169e+04 0 inti1216   5.177e+04 3 inti1216   3.111e-01 4.978e+00  4.159e+04
6.725611e-03   5.236e+04 0 inti1216   5.243e+04 3 inti1216   3.129e-01 5.006e+00  4.215e+04
6.963246e-03   5.267e+04 0 inti1216   5.274e+04 3 inti1216   3.125e-01 5.000e+00  4.246e+04
7.196948e-03   5.277e+04 0 inti1216   5.295e+04 3 inti1216   3.118e-01 4.989e+00  4.253e+04
7.428854e-03   5.298e+04 0 inti1216   5.306e+04 3 inti1216   3.103e-01 4.965e+00  4.285e+04
7.663813e-03   5.319e+04 0 inti1216   5.327e+04 3 inti1216   3.096e-01 4.954e+00  4.278e+04
7.906282e-03   5.672e+04 1 inti1216   5.728e+04 3 inti1216   3.307e-01 5.291e+00  4.426e+04
8.157026e-03   5.340e+04 0 inti1216   5.347e+04 3 inti1216   3.066e-01 4.905e+00  4.276e+04
8.417120e-03   5.359e+04 0 inti1216   5.366e+04 3 inti1216   3.055e-01 4.888e+00  4.310e+04
8.687914e-03   5.388e+04 0 inti1216   5.396e+04 3 inti1216   3.049e-01 4.879e+00  4.320e+04
8.972125e-03   5.436e+04 0 inti1216   5.455e+04 3 inti1216   3.057e-01 4.890e+00  4.360e+04
9.273052e-03   5.464e+04 0 inti1216   5.473e+04 3 inti1216   3.043e-01 4.869e+00  4.399e+04
9.591750e-03   5.496e+04 0 inti1216   5.514e+04 3 inti1216   3.041e-01 4.865e+00  4.418e+04
9.927826e-03   5.675e+04 0 inti1216   5.683e+04 3 inti1216   3.109e-01 4.974e+00  4.584e+04
1.028083e-02   6.898e+04 0 inti1216   6.914e+04 3 inti1216   3.750e-01 6.000e+00  5.795e+04
1.065009e-02   5.623e+04 0 inti1216   5.630e+04 3 inti1216   3.027e-01 4.843e+00  4.551e+04
1.103420e-02   5.638e+04 0 inti1216   5.656e+04 2 inti1216   3.013e-01 4.821e+00  4.550e+04
1.143037e-02   5.652e+04 0 inti1216   5.668e+04 3 inti1216   2.992e-01 4.787e+00  4.565e+04
1.183526e-02   5.754e+04 0 inti1216   5.771e+04 1 inti1216   3.017e-01 4.827e+00  4.670e+04
1.224672e-02   5.759e+04 0 inti1216   5.766e+04 3 inti1216   2.985e-01 4.777e+00  4.659e+04
1.266310e-02   5.839e+04 0 inti1216   5.859e+04 3 inti1216   3.005e-01 4.809e+00  4.757e+04
1.308336e-02   6.032e+04 0 inti1216   6.042e+04 1 inti1216   3.069e-01 4.911e+00  4.944e+04
1.350898e-02   5.890e+04 0 inti1216   5.908e+04 3 inti1216   2.974e-01 4.758e+00  4.773e+04
1.394227e-02   5.993e+04 0 inti1216   6.003e+04 3 inti1216   2.991e-01 4.786e+00  4.867e+04
1.438540e-02   5.986e+04 0 inti1216   5.995e+04 3 inti1216   2.957e-01 4.731e+00  4.867e+04
1.483919e-02   6.319e+04 0 inti1216   6.328e+04 3 inti1216   3.088e-01 4.941e+00  5.178e+04
1.530281e-02   6.115e+04 0 inti1216   6.124e+04 3 inti1216   2.957e-01 4.731e+00  4.970e+04
1.577449e-02   6.040e+04 0 inti1216   6.049e+04 1 inti1216   2.890e-01 4.625e+00  4.860e+04
1.625226e-02   6.084e+04 0 inti1216   6.093e+04 1 inti1216   2.879e-01 4.607e+00  4.896e+04
1.673312e-02   6.096e+04 0 inti1216   6.111e+04 1 inti1216   2.857e-01 4.571e+00  4.921e+04
1.721759e-02   6.124e+04 0 inti1216   6.141e+04 1 inti1216   2.840e-01 4.545e+00  4.946e+04
1.771049e-02   6.140e+04 0 inti1216   6.148e+04 1 inti1216   2.814e-01 4.502e+00  4.964e+04
1.821454e-02   6.226e+04 0 inti1216   6.234e+04 1 inti1216   2.824e-01 4.518e+00  5.019e+04
1.873079e-02   6.281e+04 0 inti1216   6.289e+04 1 inti1216   2.820e-01 4.512e+00  5.084e+04
1.926005e-02   6.424e+04 0 inti1216   6.433e+04 1 inti1216   2.854e-01 4.566e+00  5.212e+04
1.980285e-02   6.355e+04 0 inti1216   6.375e+04 1 inti1216   2.798e-01 4.477e+00  5.163e+04
2.035949e-02   6.456e+04 0 inti1216   6.465e+04 1 inti1216   2.809e-01 4.494e+00  5.224e+04
2.093022e-02   6.602e+04 0 inti1216   6.611e+04 1 inti1216   2.840e-01 4.544e+00  5.384e+04
2.151643e-02   6.636e+04 0 inti1216   6.644e+04 1 inti1216   2.824e-01 4.519e+00  5.407e+04
2.210825e-02   6.565e+04 0 inti1216   6.583e+04 1 inti1216   2.766e-01 4.425e+00  5.348e+04
2.264157e-02   6.593e+04 0 inti1216   6.611e+04 1 inti1216   2.748e-01 4.396e+00  5.383e+04
2.314172e-02   6.727e+04 0 inti1216   6.745e+04 1 inti1216   2.778e-01 4.444e+00  5.492e+04
2.363869e-02   6.701e+04 0 inti1216   6.709e+04 1 inti1216   2.739e-01 4.382e+00  5.491e+04
2.415592e-02   6.631e+04 0 inti1216   6.648e+04 1 inti1216   2.688e-01 4.301e+00  5.384e+04
2.467827e-02   6.601e+04 0 inti1216   6.610e+04 1 inti1216   2.650e-01 4.239e+00  5.371e+04
2.521637e-02   6.644e+04 0 inti1216   6.663e+04 1 inti1216   2.645e-01 4.233e+00  5.401e+04
2.574681e-02   6.634e+04 0 inti1216   6.651e+04 1 inti1216   2.615e-01 4.184e+00  5.406e+04
2.627251e-02   6.740e+04 0 inti1216   6.758e+04 1 inti1216   2.633e-01 4.213e+00  5.485e+04
2.679425e-02   6.701e+04 0 inti1216   6.720e+04 1 inti1216   2.596e-01 4.154e+00  5.476e+04
2.731576e-02   7.195e+04 0 inti1216   7.217e+04 1 inti1216   2.764e-01 4.422e+00  5.968e+04
2.787352e-02   6.930e+04 2 inti1216   6.941e+04 1 inti1216   2.633e-01 4.213e+00  5.675e+04
2.843244e-02   6.908e+04 0 inti1216   6.926e+04 1 inti1216   2.605e-01 4.168e+00  5.658e+04
2.898384e-02   6.890e+04 0 inti1216   6.898e+04 1 inti1216   2.570e-01 4.112e+00  5.648e+04
2.954251e-02   6.952e+04 0 inti1216   6.962e+04 1 inti1216   2.569e-01 4.110e+00  5.710e+04
3.012578e-02   7.030e+04 2 inti1216   7.040e+04 1 inti1216   2.573e-01 4.116e+00  5.778e+04
3.065000e-02   7.006e+04 0 inti1216   7.015e+04 1 inti1216   2.538e-01 4.061e+00  5.771e+04
3.104314e-02   7.093e+04 0 inti1216   7.103e+04 1 inti1216   2.553e-01 4.085e+00  5.851e+04
3.142801e-02   7.113e+04 0 inti1216   7.122e+04 1 inti1216   2.542e-01 4.067e+00  5.867e+04
3.192497e-02   7.126e+04 0 inti1216   7.135e+04 1 inti1216   2.527e-01 4.044e+00  5.887e+04
3.230341e-02   7.203e+04 0 inti1216   7.212e+04 1 inti1216   2.536e-01 4.058e+00  5.960e+04
3.268474e-02   7.341e+04 0 inti1216   7.351e+04 1 inti1216   2.567e-01 4.107e+00  6.021e+04
3.306277e-02   7.305e+04 0 inti1216   7.315e+04 1 inti1216   2.538e-01 4.061e+00  6.002e+04
3.344514e-02   7.367e+04 0 inti1216   7.377e+04 1 inti1216   2.544e-01 4.070e+00  6.050e+04
3.382589e-02   7.345e+04 0 inti1216   7.355e+04 1 inti1216   2.520e-01 4.032e+00  6.031e+04
3.419790e-02   7.828e+04 0 inti1216   7.837e+04 3 inti1216   2.668e-01 4.269e+00  6.190e+04
3.456137e-02   7.398e+04 0 inti1216   7.408e+04 1 inti1216   2.506e-01 4.009e+00  6.080e+04
3.492555e-02   7.943e+04 0 inti1216   7.952e+04 1 inti1216   2.672e-01 4.276e+00  6.502e+04
3.529590e-02   7.441e+04 0 inti1216   7.450e+04 1 inti1216   2.488e-01 3.980e+00  6.131e+04
3.566610e-02   7.484e+04 0 inti1216   7.503e+04 1 inti1216   2.490e-01 3.985e+00  6.159e+04
3.604242e-02   7.534e+04 0 inti1216   7.544e+04 1 inti1216   2.487e-01 3.979e+00  6.203e+04
3.641935e-02   7.546e+04 0 inti1216   7.565e+04 1 inti1216   2.478e-01 3.966e+00  6.217e+04
3.679974e-02   7.562e+04 0 inti1216   7.572e+04 1 inti1216   2.463e-01 3.941e+00  6.235e+04
3.718061e-02   8.230e+04 0 inti1216   8.248e+04 1 inti1216   2.666e-01 4.266e+00  6.680e+04
3.755940e-02   7.628e+04 2 inti1216   7.638e+04 1 inti1216   2.452e-01 3.922e+00  6.282e+04
3.794370e-02   7.652e+04 0 inti1216   7.673e+04 1 inti1216   2.446e-01 3.914e+00  6.310e+04
3.833133e-02   7.685e+04 2 inti1216   7.694e+04 1 inti1216   2.437e-01 3.899e+00  6.343e+04
3.872042e-02   7.750e+04 0 inti1216   7.768e+04 1 inti1216   2.443e-01 3.909e+00  6.394e+04
3.911614e-02   7.795e+04 2 inti1216   7.805e+04 1 inti1216   2.439e-01 3.902e+00  6.436e+04
3.951072e-02   7.853e+04 0 inti1216   7.872e+04 1 inti1216   2.441e-01 3.906e+00  6.490e+04
3.991051e-02   7.862e+04 0 inti1216   7.872e+04 1 inti1216   2.423e-01 3.877e+00  6.497e+04
4.031252e-02   7.941e+04 0 inti1216   7.961e+04 1 inti1216   2.434e-01 3.894e+00  6.571e+04
4.071584e-02   8.099e+04 0 inti1216   8.109e+04 1 inti1216   2.462e-01 3.939e+00  6.693e+04
4.112638e-02   8.038e+04 0 inti1216   8.057e+04 1 inti1216   2.429e-01 3.886e+00  6.662e+04
4.154545e-02   8.172e+04 0 inti1216   8.183e+04 1 inti1216   2.450e-01 3.920e+00  6.761e+04
4.195687e-02   8.240e+04 0 inti1216   8.250e+04 1 inti1216   2.452e-01 3.923e+00  6.810e+04
4.237597e-02   8.188e+04 0 inti1216   8.207e+04 1 inti1216   2.421e-01 3.874e+00  6.768e+04
4.280819e-02   8.240e+04 0 inti1216   8.252e+04 1 inti1216   2.417e-01 3.868e+00  6.818e+04
4.323022e-02   8.280e+04 0 inti1216   8.291e+04 1 inti1216   2.412e-01 3.859e+00  6.857e+04
4.365322e-02   8.346e+04 0 inti1216   8.367e+04 1 inti1216   2.416e-01 3.865e+00  6.898e+04
4.408637e-02   8.737e+04 0 inti1216   8.747e+04 1 inti1216   2.507e-01 4.011e+00  7.291e+04
4.451958e-02   8.416e+04 0 inti1216   8.426e+04 1 inti1216   2.397e-01 3.836e+00  6.969e+04
4.494866e-02   8.578e+04 0 inti1216   8.589e+04 1 inti1216   2.426e-01 3.881e+00  7.093e+04
4.538559e-02   8.515e+04 0 inti1216   8.525e+04 1 inti1216   2.390e-01 3.824e+00  7.050e+04
4.583095e-02   8.577e+04 0 inti1216   8.588e+04 1 inti1216   2.388e-01 3.821e+00  7.104e+04
4.627845e-02   8.601e+04 0 inti1216   8.612e+04 1 inti1216   2.377e-01 3.803e+00  7.123e+04
4.671716e-02   8.604e+04 0 inti1216   8.614e+04 1 inti1216   2.361e-01 3.778e+00  7.144e+04
4.715174e-02   8.802e+04 0 inti1216   8.814e+04 1 inti1216   2.397e-01 3.835e+00  7.322e+04
4.757486e-02   8.718e+04 0 inti1216   8.729e+04 1 inti1216   2.356e-01 3.769e+00  7.236e+04
4.798050e-02   8.874e+04 0 inti1216   8.896e+04 1 inti1216   2.385e-01 3.816e+00  7.391e+04
4.837920e-02   8.891e+04 0 inti1216   8.911e+04 1 inti1216   2.372e-01 3.795e+00  7.400e+04
4.877806e-02   8.857e+04 0 inti1216   8.867e+04 1 inti1216   2.344e-01 3.751e+00  7.359e+04
4.918250e-02   8.952e+04 0 inti1216   8.971e+04 1 inti1216   2.356e-01 3.769e+00  7.468e+04
4.959623e-02   8.976e+04 0 inti1216   8.993e+04 1 inti1216   2.344e-01 3.751e+00  7.465e+04
5.001696e-02   8.938e+04 0 inti1216   8.957e+04 1 inti1216   2.320e-01 3.713e+00  7.433e+04
5.044716e-02   8.981e+04 0 inti1216   8.990e+04 1 inti1216   2.314e-01 3.702e+00  7.472e+04
5.088335e-02   9.030e+04 0 inti1216   9.048e+04 1 inti1216   2.311e-01 3.697e+00  7.504e+04
5.132419e-02   9.190e+04 0 inti1216   9.210e+04 1 inti1216   2.336e-01 3.738e+00  7.663e+04
5.175865e-02   9.103e+04 0 inti1216   9.121e+04 1 inti1216   2.296e-01 3.673e+00  7.574e+04
5.219630e-02   9.307e+04 0 inti1216   9.316e+04 1 inti1216   2.328e-01 3.724e+00  7.761e+04
5.263978e-02   9.210e+04 0 inti1216   9.230e+04 1 inti1216   2.289e-01 3.662e+00  7.672e+04
5.308656e-02   9.290e+04 0 inti1216   9.310e+04 1 inti1216   2.291e-01 3.665e+00  7.732e+04
5.352893e-02   9.321e+04 0 inti1216   9.339e+04 1 inti1216   2.281e-01 3.650e+00  7.770e+04
5.396416e-02   9.317e+04 0 inti1216   9.325e+04 1 inti1216   2.261e-01 3.618e+00  7.771e+04
5.439887e-02   9.359e+04 0 inti1216   9.378e+04 1 inti1216   2.256e-01 3.609e+00  7.808e+04
5.483069e-02   9.446e+04 0 inti1216   9.467e+04 1 inti1216   2.260e-01 3.617e+00  7.874e+04
5.525853e-02   9.539e+04 0 inti1216   9.549e+04 1 inti1216   2.263e-01 3.621e+00  7.975e+04
5.569347e-02   9.568e+04 0 inti1216   9.577e+04 1 inti1216   2.253e-01 3.605e+00  8.000e+04
5.612712e-02   9.616e+04 0 inti1216   9.626e+04 1 inti1216   2.247e-01 3.595e+00  8.039e+04
5.655763e-02   9.645e+04 0 inti1216   9.665e+04 1 inti1216   2.240e-01 3.584e+00  8.070e+04
5.698043e-02   9.805e+04 0 inti1216   9.814e+04 1 inti1216   2.259e-01 3.615e+00  8.199e+04
5.739533e-02   9.758e+04 0 inti1216   9.767e+04 1 inti1216   2.233e-01 3.573e+00  8.175e+04
5.779698e-02   9.818e+04 0 inti1216   9.828e+04 1 inti1216   2.232e-01 3.570e+00  8.223e+04
5.819858e-02   9.821e+04 0 inti1216   9.831e+04 1 inti1216   2.217e-01 3.547e+00  8.218e+04
5.859542e-02   1.012e+05 0 inti1216   1.013e+05 1 inti1216   2.269e-01 3.630e+00  8.458e+04
5.898832e-02   9.983e+04 0 inti1216   9.993e+04 1 inti1216   2.224e-01 3.559e+00  8.369e+04
5.937144e-02   1.023e+05 0 inti1216   1.024e+05 1 inti1216   2.266e-01 3.626e+00  8.595e+04
5.974595e-02   1.005e+05 0 inti1216   1.116e+05 1 inti1216   2.454e-01 3.926e+00  8.430e+04
6.011989e-02   1.083e+05 0 inti1216   1.083e+05 1 inti1216   2.367e-01 3.787e+00  8.933e+04
6.048591e-02   1.012e+05 0 inti1216   1.013e+05 1 inti1216   2.202e-01 3.523e+00  8.499e+04
6.086746e-02   1.017e+05 0 inti1216   1.019e+05 1 inti1216   2.202e-01 3.523e+00  8.544e+04
6.124158e-02   1.025e+05 0 inti1216   1.027e+05 1 inti1216   2.206e-01 3.529e+00  8.595e+04
6.160983e-02   1.031e+05 0 inti1216   1.032e+05 1 inti1216   2.204e-01 3.526e+00  8.646e+04
6.197296e-02   1.039e+05 0 inti1216   1.042e+05 1 inti1216   2.213e-01 3.541e+00  8.684e+04
6.233198e-02   1.040e+05 0 inti1216   1.042e+05 1 inti1216   2.202e-01 3.523e+00  8.730e+04
6.268442e-02   1.056e+05 0 inti1216   1.058e+05 1 inti1216   2.224e-01 3.558e+00  8.888e+04
6.303809e-02   1.050e+05 0 inti1216   1.052e+05 1 inti1216   2.200e-01 3.519e+00  8.827e+04
6.339217e-02   1.069e+05 0 inti1216   1.071e+05 1 inti1216   2.228e-01 3.564e+00  8.998e+04
6.375019e-02   1.064e+05 0 inti1216   1.064e+05 1 inti1216   2.202e-01 3.524e+00  8.946e+04
6.411177e-02   1.077e+05 0 inti1216   1.079e+05 1 inti1216   2.221e-01 3.553e+00  9.082e+04
6.447403e-02   1.067e+05 0 inti1216   1.068e+05 1 inti1216   2.186e-01 3.498e+00  8.972e+04
6.483727e-02   1.075e+05 0 inti1216   1.077e+05 1 inti1216   2.195e-01 3.512e+00  9.056e+04
6.520308e-02   1.076e+05 0 inti1216   1.077e+05 1 inti1216   2.184e-01 3.495e+00  9.058e+04
6.556478e-02   1.084e+05 0 inti1216   1.086e+05 1 inti1216   2.191e-01 3.506e+00  9.126e+04
6.592632e-02   1.085e+05 0 inti1216   1.087e+05 1 inti1216   2.183e-01 3.493e+00  9.151e+04
6.628888e-02   1.092e+05 0 inti1216   1.092e+05 1 inti1216   2.184e-01 3.494e+00  9.205e+04
6.665283e-02   1.109e+05 0 inti1216   1.110e+05 1 inti1216   2.206e-01 3.530e+00  9.325e+04
6.701491e-02   1.101e+05 0 inti1216   1.102e+05 1 inti1216   2.178e-01 3.486e+00  9.282e+04
6.738269e-02   1.113e+05 0 inti1216   1.114e+05 1 inti1216   2.193e-01 3.508e+00  9.400e+04
6.774871e-02   1.111e+05 0 inti1216   1.112e+05 1 inti1216   2.178e-01 3.485e+00  9.362e+04
6.812111e-02   1.117e+05 0 inti1216   1.118e+05 1 inti1216   2.177e-01 3.483e+00  9.420e+04
6.851387e-02   1.121e+05 0 inti1216   1.123e+05 1 inti1216   2.175e-01 3.481e+00  9.449e+04
6.892493e-02   1.123e+05 0 inti1216   1.124e+05 1 inti1216   2.167e-01 3.467e+00  9.476e+04
6.933458e-02   1.178e+05 0 inti1216   1.179e+05 1 inti1216   2.261e-01 3.617e+00  9.977e+04
6.976507e-02   1.175e+05 0 inti1216   1.177e+05 1 inti1216   2.244e-01 3.591e+00  9.933e+04
7.021354e-02   1.148e+05 0 inti1216   1.148e+05 1 inti1216   2.177e-01 3.483e+00  9.689e+04
7.066826e-02   1.151e+05 0 inti1216   1.152e+05 1 inti1216   2.172e-01 3.475e+00  9.726e+04
7.112547e-02   1.158e+05 0 inti1216   1.160e+05 1 inti1216   2.174e-01 3.479e+00  9.780e+04
7.156835e-02   1.166e+05 0 inti1216   1.167e+05 1 inti1216   2.175e-01 3.479e+00  9.865e+04
7.200697e-02   1.174e+05 0 inti1216   1.174e+05 1 inti1216   2.178e-01 3.484e+00  9.920e+04
7.242823e-02   1.182e+05 0 inti1216   1.184e+05 1 inti1216   2.183e-01 3.493e+00  1.001e+05
7.285472e-02   1.176e+05 0 inti1216   1.177e+05 1 inti1216   2.160e-01 3.456e+00  9.975e+04
7.327884e-02   1.182e+05 0 inti1216   1.183e+05 1 inti1216   2.160e-01 3.456e+00  1.002e+05
7.369861e-02   1.190e+05 0 inti1216   1.191e+05 1 inti1216   2.162e-01 3.460e+00  1.008e+05
7.411673e-02   1.194e+05 0 inti1216   1.196e+05 1 inti1216   2.162e-01 3.459e+00  1.013e+05
7.453550e-02   1.209e+05 0 inti1216   1.210e+05 1 inti1216   2.176e-01 3.481e+00  1.028e+05
7.495625e-02   1.201e+05 0 inti1216   1.203e+05 1 inti1216   2.153e-01 3.446e+00  1.020e+05
7.538105e-02   1.209e+05 0 inti1216   1.210e+05 1 inti1216   2.156e-01 3.449e+00  1.026e+05
7.581130e-02   1.217e+05 0 inti1216   1.219e+05 1 inti1216   2.161e-01 3.458e+00  1.033e+05
7.624793e-02   1.221e+05 0 inti1216   1.222e+05 1 inti1216   2.156e-01 3.450e+00  1.037e+05
7.669053e-02   1.230e+05 0 inti1216   1.232e+05 1 inti1216   2.163e-01 3.462e+00  1.044e+05
7.713799e-02   1.237e+05 0 inti1216   1.238e+05 1 inti1216   2.163e-01 3.461e+00  1.050e+05
7.758961e-02   1.250e+05 0 inti1216   1.252e+05 1 inti1216   2.176e-01 3.482e+00  1.061e+05
7.804426e-02   1.249e+05 0 inti1216   1.250e+05 1 inti1216   2.163e-01 3.460e+00  1.064e+05
7.850960e-02   1.249e+05 0 inti1216   1.251e+05 1 inti1216   2.155e-01 3.447e+00  1.062e+05
7.897493e-02   1.269e+05 0 inti1216   1.270e+05 1 inti1216   2.176e-01 3.482e+00  1.079e+05
7.944323e-02   1.264e+05 0 inti1216   1.266e+05 1 inti1216   2.157e-01 3.452e+00  1.075e+05
7.992459e-02   1.271e+05 0 inti1216   1.272e+05 1 inti1216   2.157e-01 3.451e+00  1.080e+05
8.039618e-02   1.272e+05 0 inti1216   1.273e+05 1 inti1216   2.148e-01 3.437e+00  1.083e+05
8.087110e-02   1.273e+05 0 inti1216   1.274e+05 1 inti1216   2.140e-01 3.424e+00  1.084e+05
8.135106e-02   1.278e+05 0 inti1216   1.279e+05 1 inti1216   2.138e-01 3.421e+00  1.088e+05
8.183077e-02   1.286e+05 0 inti1216   1.287e+05 1 inti1216   2.139e-01 3.422e+00  1.094e+05
8.231117e-02   1.291e+05 0 inti1216   1.292e+05 1 inti1216   2.137e-01 3.419e+00  1.100e+05
8.278785e-02   1.294e+05 0 inti1216   1.295e+05 1 inti1216   2.132e-01 3.412e+00  1.103e+05
8.325158e-02   1.304e+05 0 inti1216   1.305e+05 1 inti1216   2.138e-01 3.420e+00  1.111e+05
8.370809e-02   1.309e+05 0 inti1216   1.309e+05 1 inti1216   2.135e-01 3.415e+00  1.116e+05
8.416487e-02   1.310e+05 0 inti1216   1.311e+05 1 inti1216   2.127e-01 3.404e+00  1.118e+05
8.461715e-02   1.318e+05 0 inti1216   1.320e+05 1 inti1216   2.132e-01 3.411e+00  1.124e+05
8.506362e-02   1.324e+05 0 inti1216   1.324e+05 1 inti1216   2.130e-01 3.408e+00  1.131e+05
8.550476e-02   1.327e+05 0 inti1216   1.328e+05 1 inti1216   2.127e-01 3.403e+00  1.133e+05
8.594285e-02   1.333e+05 0 inti1216   1.334e+05 1 inti1216   2.128e-01 3.404e+00  1.139e+05
8.637959e-02   1.354e+05 0 inti1216   1.356e+05 1 inti1216   2.152e-01 3.444e+00  1.158e+05
8.681610e-02   1.343e+05 0 inti1216   1.345e+05 1 inti1216   2.126e-01 3.401e+00  1.148e+05
8.725307e-02   1.351e+05 0 inti1216   1.353e+05 1 inti1216   2.129e-01 3.406e+00  1.155e+05
8.769082e-02   1.392e+05 0 inti1216   1.393e+05 1 inti1216   2.182e-01 3.492e+00  1.192e+05
8.813007e-02   1.362e+05 0 inti1216   1.364e+05 1 inti1216   2.127e-01 3.403e+00  1.165e+05
8.857127e-02   1.377e+05 0 inti1216   1.378e+05 1 inti1216   2.140e-01 3.424e+00  1.176e+05
8.901466e-02   1.380e+05 0 inti1216   1.383e+05 1 inti1216   2.138e-01 3.420e+00  1.182e+05
8.946076e-02   1.385e+05 0 inti1216   1.387e+05 1 inti1216   2.136e-01 3.417e+00  1.186e+05
8.990997e-02   1.390e+05 0 inti1216   1.392e+05 1 inti1216   2.134e-01 3.415e+00  1.191e+05
9.036218e-02   1.411e+05 0 inti1216   1.412e+05 1 inti1216   2.155e-01 3.448e+00  1.208e+05
9.081745e-02   1.410e+05 0 inti1216   1.412e+05 1 inti1216   2.145e-01 3.432e+00  1.207e+05
9.127586e-02   1.407e+05 0 inti1216   1.408e+05 1 inti1216   2.131e-01 3.410e+00  1.208e+05
9.173749e-02   1.413e+05 0 inti1216   1.414e+05 1 inti1216   2.131e-01 3.410e+00  1.212e+05
9.220224e-02   1.419e+05 0 inti1216   1.420e+05 1 inti1216   2.131e-01 3.409e+00  1.218e+05
9.267012e-02   1.427e+05 0 inti1216   1.428e+05 1 inti1216   2.133e-01 3.412e+00  1.226e+05
9.314115e-02   1.429e+05 0 inti1216   1.431e+05 1 inti1216   2.127e-01 3.403e+00  1.227e+05
9.361531e-02   1.442e+05 0 inti1216   1.444e+05 1 inti1216   2.137e-01 3.419e+00  1.238e+05
9.409294e-02   1.460e+05 0 inti1216   1.462e+05 1 inti1216   2.153e-01 3.444e+00  1.254e+05
9.457394e-02   1.469e+05 0 inti1216   1.470e+05 1 inti1216   2.155e-01 3.449e+00  1.263e+05
9.505826e-02   1.461e+05 0 inti1216   1.462e+05 1 inti1216   2.133e-01 3.412e+00  1.256e+05
9.554566e-02   1.466e+05 0 inti1216   1.467e+05 1 inti1216   2.131e-01 3.410e+00  1.261e+05
9.603562e-02   1.470e+05 0 inti1216   1.471e+05 1 inti1216   2.126e-01 3.402e+00  1.265e+05
9.652718e-02   1.480e+05 0 inti1216   1.481e+05 1 inti1216   2.131e-01 3.409e+00  1.274e+05
9.702223e-02   1.487e+05 0 inti1216   1.488e+05 1 inti1216   2.131e-01 3.409e+00  1.281e+05
9.751277e-02   1.521e+05 0 inti1216   1.522e+05 1 inti1216   2.168e-01 3.469e+00  1.312e+05
9.799362e-02   1.514e+05 0 inti1216   1.516e+05 1 inti1216   2.149e-01 3.438e+00  1.304e+05
9.847806e-02   1.559e+05 0 inti1216   1.560e+05 1 inti1216   2.201e-01 3.521e+00  1.350e+05
9.896893e-02   1.519e+05 0 inti1216   1.521e+05 1 inti1216   2.137e-01 3.419e+00  1.309e+05
9.945355e-02   1.533e+05 0 inti1216   1.534e+05 1 inti1216   2.144e-01 3.430e+00  1.318e+05
9.993713e-02   1.543e+05 0 inti1216   1.544e+05 1 inti1216   2.147e-01 3.436e+00  1.328e+05
1.004278e-01   1.537e+05 0 inti1216   1.539e+05 1 inti1216   2.130e-01 3.409e+00  1.324e+05
1.009235e-01   1.650e+05 0 inti1216   1.652e+05 1 inti1216   2.276e-01 3.641e+00  1.414e+05
1.014023e-01   1.561e+05 0 inti1216   1.562e+05 1 inti1216   2.142e-01 3.428e+00  1.344e+05
1.018710e-01   1.559e+05 0 inti1216   1.561e+05 3 inti1216   2.131e-01 3.409e+00  1.344e+05
1.023296e-01   1.584e+05 0 inti1216   1.585e+05 1 inti1216   2.154e-01 3.446e+00  1.369e+05
1.027978e-01   1.573e+05 0 inti1216   1.575e+05 1 inti1216   2.131e-01 3.409e+00  1.358e+05
1.032602e-01   1.592e+05 0 inti1216   1.593e+05 3 inti1216   2.146e-01 3.434e+00  1.371e+05
1.037344e-01   1.586e+05 0 inti1216   1.588e+05 1 inti1216   2.130e-01 3.407e+00  1.370e+05
1.042082e-01   1.609e+05 0 inti1216   1.610e+05 1 inti1216   2.149e-01 3.439e+00  1.386e+05
1.046896e-01   1.604e+05 0 inti1216   1.605e+05 1 inti1216   2.133e-01 3.413e+00  1.385e+05
1.051711e-01   1.612e+05 0 inti1216   1.613e+05 1 inti1216   2.134e-01 3.414e+00  1.394e+05
1.056489e-01   1.614e+05 0 inti1216   1.616e+05 1 inti1216   2.129e-01 3.407e+00  1.396e+05
1.061212e-01   1.626e+05 0 inti1216   1.627e+05 1 inti1216   2.135e-01 3.415e+00  1.408e+05
1.065921e-01   1.659e+05 0 inti1216   1.661e+05 1 inti1216   2.170e-01 3.471e+00  1.438e+05
1.070601e-01   1.641e+05 0 inti1216   1.643e+05 1 inti1216   2.136e-01 3.417e+00  1.421e+05
1.075331e-01   1.647e+05 0 inti1216   1.648e+05 1 inti1216   2.133e-01 3.413e+00  1.426e+05
1.080107e-01   1.657e+05 0 inti1216   1.757e+05 2 inti1216   2.265e-01 3.624e+00  1.434e+05
1.084812e-01   1.657e+05 0 inti1216   1.658e+05 1 inti1216   2.129e-01 3.406e+00  1.434e+05
1.089517e-01   1.662e+05 0 inti1216   1.663e+05 1 inti1216   2.125e-01 3.400e+00  1.440e+05
1.094306e-01   1.670e+05 0 inti1216   1.671e+05 1 inti1216   2.127e-01 3.404e+00  1.447e+05
1.099006e-01   1.673e+05 0 inti1216   1.674e+05 1 inti1216   2.122e-01 3.396e+00  1.450e+05
1.103780e-01   1.681e+05 0 inti1216   1.682e+05 1 inti1216   2.123e-01 3.397e+00  1.457e+05
1.108578e-01   1.709e+05 0 inti1216   1.710e+05 1 inti1216   2.149e-01 3.439e+00  1.481e+05
1.113353e-01   1.708e+05 0 inti1216   1.710e+05 1 inti1216   2.140e-01 3.423e+00  1.481e+05
1.118188e-01   1.702e+05 0 inti1216   1.704e+05 1 inti1216   2.124e-01 3.398e+00  1.476e+05
1.122998e-01   1.709e+05 0 inti1216   1.711e+05 1 inti1216   2.124e-01 3.398e+00  1.484e+05
1.127804e-01   1.715e+05 0 inti1216   1.716e+05 1 inti1216   2.120e-01 3.392e+00  1.488e+05
1.132657e-01   1.726e+05 0 inti1216   1.727e+05 1 inti1216   2.126e-01 3.401e+00  1.498e+05
1.137448e-01   1.780e+05 0 inti1216   1.782e+05 1 inti1216   2.183e-01 3.493e+00  1.540e+05
1.142165e-01   1.739e+05 0 inti1216   1.740e+05 1 inti1216   2.125e-01 3.400e+00  1.508e+05
1.146976e-01   1.744e+05 0 inti1216   1.746e+05 1 inti1216   2.123e-01 3.397e+00  1.513e+05
1.152039e-01   1.772e+05 0 inti1216   1.773e+05 1 inti1216   2.147e-01 3.435e+00  1.535e+05
1.156932e-01   1.755e+05 0 inti1216   1.757e+05 1 inti1216   2.118e-01 3.389e+00  1.524e+05
1.162091e-01   1.774e+05 0 inti1216   1.775e+05 1 inti1216   2.131e-01 3.410e+00  1.540e+05
1.167065e-01   1.793e+05 0 inti1216   1.795e+05 1 inti1216   2.146e-01 3.434e+00  1.558e+05
1.171992e-01   1.800e+05 0 inti1216   1.802e+05 1 inti1216   2.146e-01 3.434e+00  1.562e+05
1.176877e-01   1.824e+05 0 inti1216   1.826e+05 1 inti1216   2.166e-01 3.466e+00  1.556e+05
1.181746e-01   1.807e+05 0 inti1216   1.809e+05 1 inti1216   2.137e-01 3.419e+00  1.570e+05
1.186641e-01   1.792e+05 0 inti1216   1.794e+05 2 inti1216   2.111e-01 3.377e+00  1.557e+05
1.191560e-01   1.808e+05 0 inti1216   1.810e+05 1 inti1216   2.121e-01 3.394e+00  1.569e+05
1.196508e-01   1.816e+05 0 inti1216   1.818e+05 2 inti1216   2.122e-01 3.396e+00  1.576e+05
1.201480e-01   1.891e+05 0 inti1216   1.893e+05 1 inti1216   2.202e-01 3.523e+00  1.633e+05
1.206484e-01   1.848e+05 0 inti1216   1.850e+05 1 inti1216   2.146e-01 3.433e+00  1.604e+05
1.211584e-01   1.837e+05 0 inti1216   1.839e+05 1 inti1216   2.124e-01 3.399e+00  1.598e+05
1.216935e-01   1.861e+05 0 inti1216   1.863e+05 3 inti1216   2.144e-01 3.431e+00  1.614e+05
1.221870e-01   1.863e+05 0 inti1216   1.864e+05 1 inti1216   2.137e-01 3.420e+00  1.616e+05
1.226834e-01   1.852e+05 0 inti1216   1.854e+05 1 inti1216   2.117e-01 3.388e+00  1.611e+05
1.231817e-01   1.864e+05 0 inti1216   1.865e+05 1 inti1216   2.122e-01 3.396e+00  1.623e+05
1.236906e-01   1.857e+05 0 inti1216   1.859e+05 1 inti1216   2.108e-01 3.373e+00  1.616e+05
1.241934e-01   1.887e+05 0 inti1216   1.888e+05 1 inti1216   2.133e-01 3.412e+00  1.639e+05
1.246842e-01   1.896e+05 0 inti1216   1.898e+05 1 inti1216   2.137e-01 3.420e+00  1.653e+05
1.251794e-01   1.905e+05 0 inti1216   1.906e+05 1 inti1216   2.138e-01 3.422e+00  1.660e+05
1.256834e-01   1.915e+05 0 inti1216   1.917e+05 1 inti1216   2.143e-01 3.429e+00  1.670e+05
1.261683e-01   1.920e+05 0 inti1216   1.922e+05 1 inti1216   2.142e-01 3.427e+00  1.676e+05
1.266614e-01   1.925e+05 0 inti1216   1.928e+05 1 inti1216   2.141e-01 3.426e+00  1.680e+05
1.271436e-01   1.950e+05 0 inti1216   1.951e+05 1 inti1216   2.160e-01 3.456e+00  1.701e+05
1.276252e-01   1.952e+05 0 inti1216   1.953e+05 1 inti1216   2.155e-01 3.449e+00  1.700e+05
1.280982e-01   1.939e+05 0 inti1216   1.941e+05 1 inti1216   2.135e-01 3.416e+00  1.691e+05
1.285740e-01   1.948e+05 0 inti1216   1.950e+05 1 inti1216   2.138e-01 3.421e+00  1.695e+05
1.290409e-01   1.973e+05 0 inti1216   1.975e+05 1 inti1216   2.159e-01 3.455e+00  1.717e+05
1.295091e-01   1.971e+05 0 inti1216   1.973e+05 1 inti1216   2.151e-01 3.441e+00  1.715e+05
1.299746e-01   1.974e+05 0 inti1216   1.975e+05 1 inti1216   2.147e-01 3.436e+00  1.719e+05
1.304405e-01   1.996e+05 0 inti1216   1.998e+05 1 inti1216   2.165e-01 3.464e+00  1.743e+05
1.309138e-01   1.977e+05 0 inti1216   1.978e+05 1 inti1216   2.138e-01 3.420e+00  1.722e+05
1.313755e-01   1.982e+05 0 inti1216   1.985e+05 1 inti1216   2.138e-01 3.421e+00  1.727e+05
1.318490e-01   1.986e+05 0 inti1216   1.988e+05 1 inti1216   2.135e-01 3.417e+00  1.730e+05
1.323133e-01   1.989e+05 0 inti1216   1.991e+05 1 inti1216   2.133e-01 3.413e+00  1.735e+05
1.327810e-01   1.995e+05 0 inti1216   1.998e+05 1 inti1216   2.134e-01 3.414e+00  1.740e+05
1.332491e-01   2.043e+05 0 inti1216   2.045e+05 1 inti1216   2.179e-01 3.486e+00  1.787e+05
1.337084e-01   2.006e+05 0 inti1216   2.009e+05 1 inti1216   2.135e-01 3.416e+00  1.752e+05
1.341752e-01   2.026e+05 0 inti1216   2.027e+05 1 inti1216   2.149e-01 3.439e+00  1.770e+05
1.346388e-01   2.035e+05 0 inti1216   2.037e+05 1 inti1216   2.154e-01 3.447e+00  1.777e+05
1.350985e-01   2.021e+05 0 inti1216   2.023e+05 1 inti1216   2.134e-01 3.415e+00  1.765e+05
1.355596e-01   2.027e+05 0 inti1216   2.029e+05 1 inti1216   2.136e-01 3.417e+00  1.773e+05
1.360215e-01   2.032e+05 0 inti1216   2.033e+05 1 inti1216   2.135e-01 3.416e+00  1.774e+05
1.365057e-01   2.035e+05 0 inti1216   2.038e+05 1 inti1216   2.135e-01 3.415e+00  1.780e+05
1.370014e-01   2.045e+05 0 inti1216   2.047e+05 1 inti1216   2.139e-01 3.423e+00  1.788e+05
1.375197e-01   2.058e+05 0 inti1216   2.059e+05 1 inti1216   2.146e-01 3.434e+00  1.800e+05
1.380695e-01   2.063e+05 0 inti1216   2.065e+05 1 inti1216   2.147e-01 3.435e+00  1.806e+05
1.386366e-01   2.073e+05 0 inti1216   2.076e+05 1 inti1216   2.152e-01 3.444e+00  1.816e+05
1.392078e-01   2.089e+05 0 inti1216   2.091e+05 1 inti1216   2.162e-01 3.460e+00  1.829e+05
1.397905e-01   2.094e+05 0 inti1216   2.096e+05 1 inti1216   2.161e-01 3.458e+00  1.836e+05
1.403795e-01   2.100e+05 0 inti1216   2.101e+05 1 inti1216   2.161e-01 3.458e+00  1.838e+05
1.409715e-01   2.192e+05 0 inti1216   2.194e+05 1 inti1216   2.251e-01 3.602e+00  1.910e+05
1.415659e-01   2.164e+05 0 inti1216   2.166e+05 1 inti1216   2.216e-01 3.546e+00  1.888e+05
1.421596e-01   2.165e+05 0 inti1216   2.167e+05 1 inti1216   2.212e-01 3.539e+00  1.889e+05
1.427543e-01   2.176e+05 0 inti1216   2.177e+05 1 inti1216   2.217e-01 3.547e+00  1.898e+05
1.433474e-01   2.179e+05 0 inti1216   2.181e+05 1 inti1216   2.215e-01 3.545e+00  1.903e+05
1.439423e-01   2.176e+05 0 inti1216   2.177e+05 1 inti1216   2.207e-01 3.531e+00  1.898e+05
1.445447e-01   2.227e+05 0 inti1216   2.228e+05 1 inti1216   2.253e-01 3.605e+00  1.951e+05
1.451528e-01   2.188e+05 0 inti1216   2.190e+05 1 inti1216   2.209e-01 3.535e+00  1.912e+05
1.457600e-01   2.193e+05 0 inti1216   2.194e+05 1 inti1216   2.209e-01 3.535e+00  1.915e+05
1.463657e-01   2.196e+05 0 inti1216   2.199e+05 1 inti1216   2.210e-01 3.536e+00  1.918e+05
1.469685e-01   2.216e+05 0 inti1216   2.219e+05 1 inti1216   2.226e-01 3.561e+00  1.940e+05
1.475670e-01   2.224e+05 0 inti1216   2.225e+05 1 inti1216   2.228e-01 3.565e+00  1.946e+05
1.481609e-01   2.209e+05 0 inti1216   2.210e+05 1 inti1216   2.209e-01 3.535e+00  1.932e+05
1.487504e-01   2.204e+05 0 inti1216   2.206e+05 1 inti1216   2.201e-01 3.521e+00  1.926e+05
1.493362e-01   2.210e+05 0 inti1216   2.212e+05 1 inti1216   2.203e-01 3.525e+00  1.933e+05
1.499188e-01   2.237e+05 0 inti1216   2.240e+05 1 inti1216   2.228e-01 3.564e+00  1.958e+05
1.504988e-01   2.208e+05 0 inti1216   2.210e+05 1 inti1216   2.194e-01 3.511e+00  1.931e+05
1.510770e-01   2.264e+05 0 inti1216   2.265e+05 1 inti1216   2.246e-01 3.593e+00  1.973e+05
1.516543e-01   2.243e+05 0 inti1216   2.244e+05 1 inti1216   2.221e-01 3.553e+00  1.962e+05
1.522313e-01   2.214e+05 0 inti1216   2.216e+05 1 inti1216   2.190e-01 3.503e+00  1.934e+05
1.528077e-01   2.222e+05 0 inti1216   2.224e+05 1 inti1216   2.195e-01 3.513e+00  1.944e+05
1.533827e-01   2.215e+05 0 inti1216   2.216e+05 1 inti1216   2.184e-01 3.495e+00  1.937e+05
1.539562e-01   2.218e+05 0 inti1216   2.219e+05 1 inti1216   2.185e-01 3.496e+00  1.937e+05
1.545287e-01   2.217e+05 0 inti1216   2.219e+05 1 inti1216   2.181e-01 3.490e+00  1.938e+05
1.551000e-01   2.218e+05 0 inti1216   2.219e+05 1 inti1216   2.180e-01 3.488e+00  1.940e+05
1.556686e-01   2.243e+05 0 inti1216   2.246e+05 1 inti1216   2.203e-01 3.525e+00  1.965e+05
1.562369e-01   2.218e+05 0 inti1216   2.219e+05 1 inti1216   2.175e-01 3.479e+00  1.940e+05
1.568052e-01   2.227e+05 0 inti1216   2.228e+05 1 inti1216   2.181e-01 3.490e+00  1.948e+05
1.573730e-01   2.229e+05 0 inti1216   2.231e+05 1 inti1216   2.181e-01 3.490e+00  1.950e+05
1.579404e-01   2.251e+05 0 inti1216   2.253e+05 1 inti1216   2.201e-01 3.522e+00  1.965e+05
1.585048e-01   2.319e+05 0 inti1216   2.322e+05 1 inti1216   2.267e-01 3.627e+00  2.010e+05
1.590636e-01   2.241e+05 0 inti1216   2.243e+05 1 inti1216   2.188e-01 3.501e+00  1.962e+05
1.596160e-01   2.245e+05 0 inti1216   2.246e+05 1 inti1216   2.189e-01 3.502e+00  1.962e+05
1.601630e-01   2.253e+05 0 inti1216   2.254e+05 1 inti1216   2.195e-01 3.511e+00  1.970e+05
1.607060e-01   2.235e+05 2 inti1216   2.236e+05 1 inti1216   2.176e-01 3.482e+00  1.952e+05
1.612460e-01   2.244e+05 0 inti1216   2.247e+05 1 inti1216   2.184e-01 3.494e+00  1.954e+05
1.617841e-01   2.237e+05 0 inti1216   2.238e+05 1 inti1216   2.174e-01 3.478e+00  1.956e+05
1.623210e-01   2.242e+05 0 inti1216   2.244e+05 1 inti1216   2.177e-01 3.484e+00  1.958e+05
1.628578e-01   2.237e+05 0 inti1216   2.239e+05 1 inti1216   2.171e-01 3.473e+00  1.954e+05
1.633952e-01   2.244e+05 0 inti1216   2.245e+05 1 inti1216   2.175e-01 3.480e+00  1.960e+05
1.639323e-01   2.255e+05 0 inti1216   2.258e+05 1 inti1216   2.186e-01 3.498e+00  1.975e+05
1.644650e-01   2.248e+05 0 inti1216   2.249e+05 1 inti1216   2.175e-01 3.480e+00  1.965e+05
1.649963e-01   2.248e+05 0 inti1216   2.250e+05 1 inti1216   2.175e-01 3.480e+00  1.966e+05
1.655334e-01   2.248e+05 2 inti1216   2.249e+05 1 inti1216   2.172e-01 3.475e+00  1.966e+05
1.660818e-01   2.257e+05 0 inti1216   2.259e+05 1 inti1216   2.180e-01 3.488e+00  1.975e+05
1.666371e-01   2.256e+05 0 inti1216   2.257e+05 1 inti1216   2.176e-01 3.482e+00  1.974e+05
1.671892e-01   2.255e+05 0 inti1216   2.256e+05 1 inti1216   2.174e-01 3.478e+00  1.973e+05
1.677428e-01   2.263e+05 0 inti1216   2.265e+05 1 inti1216   2.181e-01 3.489e+00  1.981e+05
1.682939e-01   2.275e+05 2 inti1216   2.276e+05 1 inti1216   2.190e-01 3.503e+00  1.993e+05
1.688393e-01   2.272e+05 0 inti1216   2.273e+05 1 inti1216   2.185e-01 3.496e+00  1.986e+05
1.693820e-01   2.297e+05 0 inti1216   2.299e+05 1 inti1216   2.209e-01 3.534e+00  2.015e+05
1.699268e-01   2.268e+05 2 inti1216   2.269e+05 1 inti1216   2.179e-01 3.486e+00  1.984e+05
1.704741e-01   2.285e+05 0 inti1216   2.287e+05 1 inti1216   2.195e-01 3.512e+00  2.001e+05
1.710228e-01   2.284e+05 2 inti1216   2.286e+05 1 inti1216   2.192e-01 3.508e+00  1.998e+05
1.715722e-01   2.280e+05 0 inti1216   2.281e+05 1 inti1216   2.186e-01 3.498e+00  1.994e+05
1.721210e-01   2.280e+05 0 inti1216   2.282e+05 1 inti1216   2.186e-01 3.497e+00  1.995e+05
1.726671e-01   2.298e+05 0 inti1216   2.299e+05 1 inti1216   2.201e-01 3.522e+00  2.008e+05
1.732130e-01   2.294e+05 0 inti1216   2.296e+05 1 inti1216   2.197e-01 3.515e+00  2.006e+05
1.737601e-01   2.297e+05 0 inti1216   2.298e+05 1 inti1216   2.198e-01 3.517e+00  2.011e+05
1.743090e-01   2.297e+05 0 inti1216   2.298e+05 1 inti1216   2.197e-01 3.516e+00  2.008e+05
1.748560e-01   2.316e+05 0 inti1216   2.318e+05 1 inti1216   2.215e-01 3.544e+00  2.031e+05
1.753998e-01   2.293e+05 0 inti1216   2.294e+05 1 inti1216   2.191e-01 3.506e+00  2.007e+05
1.759408e-01   2.298e+05 0 inti1216   2.301e+05 1 inti1216   2.197e-01 3.515e+00  2.012e+05
1.764830e-01   2.309e+05 2 inti1216   2.309e+05 1 inti1216   2.204e-01 3.526e+00  2.022e+05
1.770220e-01   2.294e+05 0 inti1216   2.295e+05 1 inti1216   2.189e-01 3.503e+00  2.009e+05
1.775569e-01   2.295e+05 0 inti1216   2.296e+05 1 inti1216   2.190e-01 3.504e+00  2.011e+05
1.780917e-01   2.296e+05 0 inti1216   2.297e+05 1 inti1216   2.190e-01 3.504e+00  2.010e+05
1.786244e-01   2.301e+05 0 inti1216   2.302e+05 1 inti1216   2.195e-01 3.511e+00  2.017e+05
1.791579e-01   2.297e+05 0 inti1216   2.298e+05 1 inti1216   2.190e-01 3.504e+00  2.011e+05
1.796907e-01   2.302e+05 0 inti1216   2.303e+05 1 inti1216   2.194e-01 3.510e+00  2.016e+05
1.802237e-01   2.262e+05 0 inti1216   2.264e+05 1 inti1216   2.156e-01 3.450e+00  1.980e+05
1.807597e-01   2.289e+05 0 inti1216   2.290e+05 1 inti1216   2.180e-01 3.488e+00  2.005e+05
1.812965e-01   2.314e+05 0 inti1216   2.316e+05 1 inti1216   2.204e-01 3.527e+00  2.030e+05
1.818361e-01   2.291e+05 0 inti1216   2.398e+05 1 inti1216   2.282e-01 3.652e+00  2.008e+05
1.823712e-01   2.309e+05 0 inti1216   2.311e+05 1 inti1216   2.198e-01 3.517e+00  2.025e+05
1.829021e-01   2.304e+05 0 inti1216   2.306e+05 1 inti1216   2.194e-01 3.510e+00  2.019e+05
1.834326e-01   2.307e+05 0 inti1216   2.309e+05 1 inti1216   2.195e-01 3.512e+00  2.020e+05
1.839618e-01   2.318e+05 0 inti1216   2.320e+05 1 inti1216   2.206e-01 3.529e+00  2.031e+05
1.844916e-01   2.298e+05 0 inti1216   2.300e+05 1 inti1216   2.186e-01 3.498e+00  2.012e+05
1.850217e-01   2.309e+05 0 inti1216   2.311e+05 1 inti1216   2.196e-01 3.514e+00  2.022e+05
1.855513e-01   2.304e+05 0 inti1216   2.307e+05 1 inti1216   2.193e-01 3.508e+00  2.019e+05
1.860769e-01   2.311e+05 0 inti1216   2.313e+05 1 inti1216   2.198e-01 3.517e+00  2.023e+05
1.865957e-01   2.318e+05 0 inti1216   2.319e+05 1 inti1216   2.204e-01 3.526e+00  2.028e+05
1.871107e-01   2.308e+05 0 inti1216   2.309e+05 1 inti1216   2.195e-01 3.512e+00  2.023e+05
1.876253e-01   2.317e+05 0 inti1216   2.319e+05 1 inti1216   2.203e-01 3.526e+00  2.030e+05
1.881433e-01   2.305e+05 0 inti1216   2.308e+05 1 inti1216   2.193e-01 3.509e+00  2.019e+05
1.886643e-01   2.312e+05 0 inti1216   2.314e+05 1 inti1216   2.199e-01 3.518e+00  2.027e+05
1.891850e-01   2.311e+05 0 inti1216   2.312e+05 1 inti1216   2.197e-01 3.516e+00  2.024e+05
1.897041e-01   2.314e+05 0 inti1216   2.316e+05 1 inti1216   2.200e-01 3.521e+00  2.029e+05
1.902221e-01   2.317e+05 0 inti1216   2.319e+05 1 inti1216   2.203e-01 3.525e+00  2.030e+05
1.907396e-01   2.320e+05 0 inti1216   2.323e+05 1 inti1216   2.207e-01 3.531e+00  2.034e+05
1.912571e-01   2.349e+05 0 inti1216   2.350e+05 1 inti1216   2.233e-01 3.573e+00  2.046e+05
1.917746e-01   2.322e+05 0 inti1216   2.324e+05 1 inti1216   2.208e-01 3.532e+00  2.036e+05
1.922925e-01   2.319e+05 0 inti1216   2.321e+05 1 inti1216   2.205e-01 3.528e+00  2.032e+05
1.928112e-01   2.314e+05 0 inti1216   2.315e+05 3 inti1216   2.199e-01 3.519e+00  2.028e+05
1.933309e-01   2.315e+05 0 inti1216   2.318e+05 1 inti1216   2.201e-01 3.522e+00  2.031e+05
1.938515e-01   2.310e+05 0 inti1216   2.311e+05 1 inti1216   2.195e-01 3.512e+00  2.025e+05
1.943730e-01   2.317e+05 0 inti1216   2.319e+05 1 inti1216   2.202e-01 3.523e+00  2.033e+05
1.948958e-01   2.312e+05 0 inti1216   2.313e+05 1 inti1216   2.196e-01 3.514e+00  2.027e+05
1.954208e-01   2.327e+05 0 inti1216   2.328e+05 1 inti1216   2.211e-01 3.537e+00  2.038e+05
1.959493e-01   2.320e+05 0 inti1216   2.322e+05 1 inti1216   2.204e-01 3.527e+00  2.032e+05
1.964816e-01   2.316e+05 0 inti1216   2.317e+05 1 inti1216   2.200e-01 3.520e+00  2.031e+05
1.970189e-01   2.341e+05 0 inti1216   2.342e+05 1 inti1216   2.223e-01 3.557e+00  2.048e+05
1.975591e-01   2.321e+05 0 inti1216   2.322e+05 1 inti1216   2.205e-01 3.528e+00  2.035e+05
1.981017e-01   2.316e+05 0 inti1216   2.317e+05 1 inti1216   2.200e-01 3.520e+00  2.032e+05
1.986463e-01   2.318e+05 0 inti1216   2.319e+05 1 inti1216   2.202e-01 3.524e+00  2.032e+05
1.991931e-01   2.321e+05 0 inti1216   2.323e+05 1 inti1216   2.206e-01 3.529e+00  2.036e+05
1.997422e-01   2.322e+05 0 inti1216   2.323e+05 1 inti1216   2.206e-01 3.530e+00  2.035e+05
