# 1  : Date
# 2  : Temps elapsed min (mus)
# 3  : Rang temps elapsed min
# 4  : Noeud temps elapsed min
# 5  : Temps elapsed max (mus)
# 6  : Rang temps elapsed max
# 7  : Noeud temps elapsed max
# 8  : Grind time (mus/maille/cycle)
# 9  : Grind time équivalent séquentiel (#8 X nb_de_coeurs)
#     1     2     3     4      5      6      7       8      9
#   ATTENTION  les temps cpu schémas sont données dans l'ordre alphabétique des schémas WARNING
#  10: TELAPS Hydro (mus)
8.102207e-04   4.400e+04 0 inti1231   4.412e+04 3 inti1231   3.142e-01 5.028e+00  3.476e+04
2.188927e-03   4.707e+04 1 inti1231   4.717e+04 3 inti1231   3.247e-01 5.195e+00  3.744e+04
3.536047e-03   4.902e+04 0 inti1231   4.915e+04 3 inti1231   3.267e-01 5.227e+00  3.912e+04
5.114404e-03   5.083e+04 0 inti1231   5.182e+04 3 inti1231   3.295e-01 5.272e+00  4.080e+04
6.977027e-03   5.294e+04 0 inti1231   5.311e+04 3 inti1231   3.193e-01 5.108e+00  4.286e+04
9.120946e-03   5.593e+04 0 inti1231   5.601e+04 2 inti1231   3.157e-01 5.050e+00  4.549e+04
1.147276e-02   5.631e+04 0 inti1231   5.636e+04 2 inti1231   2.960e-01 4.736e+00  4.568e+04
1.384415e-02   5.889e+04 0 inti1231   5.894e+04 2 inti1231   2.878e-01 4.605e+00  4.804e+04
1.546707e-02   6.083e+04 0 inti1231   6.102e+04 2 inti1231   2.844e-01 4.550e+00  4.974e+04
1.716912e-02   6.284e+04 0 inti1231   6.291e+04 3 inti1231   2.793e-01 4.468e+00  5.143e+04
1.869168e-02   6.699e+04 1 inti1231   6.709e+04 3 inti1231   2.858e-01 4.572e+00  5.493e+04
2.016126e-02   6.854e+04 0 inti1231   6.868e+04 3 inti1231   2.815e-01 4.504e+00  5.576e+04
2.165235e-02   6.957e+04 0 inti1231   6.967e+04 3 inti1231   2.752e-01 4.403e+00  5.674e+04
2.319888e-02   7.073e+04 0 inti1231   7.082e+04 3 inti1231   2.695e-01 4.311e+00  5.770e+04
2.480593e-02   7.228e+04 0 inti1231   7.253e+04 3 inti1231   2.659e-01 4.254e+00  5.923e+04
2.644626e-02   7.382e+04 0 inti1231   7.391e+04 3 inti1231   2.611e-01 4.178e+00  6.054e+04
2.806537e-02   7.553e+04 0 inti1231   7.573e+04 3 inti1231   2.583e-01 4.133e+00  6.218e+04
2.970943e-02   7.709e+04 0 inti1231   7.730e+04 3 inti1231   2.544e-01 4.071e+00  6.353e+04
3.154837e-02   7.920e+04 0 inti1231   7.933e+04 3 inti1231   2.511e-01 4.018e+00  6.549e+04
3.358438e-02   8.113e+04 0 inti1231   8.124e+04 3 inti1231   2.464e-01 3.942e+00  6.717e+04
3.552071e-02   8.434e+04 0 inti1231   8.446e+04 3 inti1231   2.460e-01 3.936e+00  6.978e+04
3.724925e-02   8.521e+04 0 inti1231   8.533e+04 3 inti1231   2.399e-01 3.839e+00  7.074e+04
3.895186e-02   9.029e+04 0 inti1231   9.036e+04 2 inti1231   2.455e-01 3.928e+00  7.529e+04
4.065571e-02   9.046e+04 0 inti1231   9.056e+04 2 inti1231   2.377e-01 3.804e+00  7.516e+04
4.244980e-02   9.858e+04 0 inti1231   9.869e+04 2 inti1231   2.501e-01 4.001e+00  8.297e+04
4.426125e-02   9.547e+04 0 inti1231   9.556e+04 2 inti1231   2.339e-01 3.743e+00  7.949e+04
4.606061e-02   9.783e+04 0 inti1231   9.803e+04 2 inti1231   2.321e-01 3.713e+00  8.181e+04
4.785222e-02   1.009e+05 0 inti1231   1.010e+05 2 inti1231   2.312e-01 3.699e+00  8.455e+04
4.956856e-02   1.023e+05 0 inti1231   1.024e+05 2 inti1231   2.272e-01 3.635e+00  8.607e+04
5.119924e-02   1.091e+05 0 inti1231   1.092e+05 2 inti1231   2.352e-01 3.763e+00  9.175e+04
5.279527e-02   1.084e+05 0 inti1231   1.085e+05 2 inti1231   2.270e-01 3.632e+00  9.146e+04
5.457034e-02   1.120e+05 0 inti1231   1.122e+05 2 inti1231   2.275e-01 3.639e+00  9.428e+04
5.637325e-02   1.105e+05 0 inti1231   1.107e+05 2 inti1231   2.174e-01 3.478e+00  9.307e+04
5.815119e-02   1.131e+05 0 inti1231   1.131e+05 2 inti1231   2.157e-01 3.452e+00  9.541e+04
5.991278e-02   1.160e+05 0 inti1231   1.161e+05 2 inti1231   2.155e-01 3.448e+00  9.824e+04
6.177170e-02   1.184e+05 0 inti1231   1.185e+05 2 inti1231   2.140e-01 3.424e+00  1.003e+05
6.358325e-02   1.230e+05 0 inti1231   1.232e+05 2 inti1231   2.168e-01 3.469e+00  1.045e+05
6.530606e-02   1.238e+05 0 inti1231   1.239e+05 2 inti1231   2.133e-01 3.412e+00  1.052e+05
6.698301e-02   1.267e+05 0 inti1231   1.269e+05 2 inti1231   2.139e-01 3.423e+00  1.078e+05
6.887134e-02   1.294e+05 0 inti1231   1.296e+05 2 inti1231   2.134e-01 3.414e+00  1.103e+05
7.052905e-02   1.330e+05 0 inti1231   1.331e+05 2 inti1231   2.149e-01 3.439e+00  1.137e+05
7.200147e-02   1.335e+05 0 inti1231   1.337e+05 2 inti1231   2.120e-01 3.392e+00  1.140e+05
7.340862e-02   1.360e+05 0 inti1231   1.361e+05 2 inti1231   2.124e-01 3.398e+00  1.163e+05
7.487525e-02   1.391e+05 0 inti1231   1.391e+05 2 inti1231   2.137e-01 3.420e+00  1.187e+05
7.640588e-02   1.398e+05 0 inti1231   1.400e+05 2 inti1231   2.117e-01 3.388e+00  1.198e+05
7.788800e-02   1.421e+05 0 inti1231   1.422e+05 2 inti1231   2.118e-01 3.389e+00  1.216e+05
7.946777e-02   1.478e+05 0 inti1231   1.479e+05 2 inti1231   2.169e-01 3.470e+00  1.270e+05
8.104714e-02   1.448e+05 0 inti1231   1.449e+05 2 inti1231   2.093e-01 3.348e+00  1.240e+05
8.260878e-02   1.488e+05 0 inti1231   1.490e+05 2 inti1231   2.121e-01 3.394e+00  1.279e+05
8.424142e-02   1.500e+05 0 inti1231   1.501e+05 2 inti1231   2.106e-01 3.369e+00  1.288e+05
8.592720e-02   1.508e+05 0 inti1231   1.510e+05 2 inti1231   2.088e-01 3.342e+00  1.294e+05
8.758189e-02   1.530e+05 0 inti1231   1.531e+05 2 inti1231   2.087e-01 3.339e+00  1.314e+05
8.917776e-02   1.544e+05 0 inti1231   1.545e+05 2 inti1231   2.077e-01 3.323e+00  1.326e+05
9.072175e-02   1.581e+05 0 inti1231   1.583e+05 2 inti1231   2.102e-01 3.363e+00  1.361e+05
9.235717e-02   1.608e+05 0 inti1231   1.608e+05 2 inti1231   2.108e-01 3.373e+00  1.388e+05
9.398670e-02   1.624e+05 0 inti1231   1.626e+05 2 inti1231   2.105e-01 3.368e+00  1.400e+05
9.560353e-02   1.651e+05 0 inti1231   1.653e+05 2 inti1231   2.117e-01 3.388e+00  1.426e+05
9.778905e-02   1.703e+05 0 inti1231   1.704e+05 2 inti1231   2.154e-01 3.447e+00  1.467e+05
9.970155e-02   1.690e+05 0 inti1231   1.691e+05 1 inti1231   2.112e-01 3.379e+00  1.462e+05
1.014452e-01   1.713e+05 0 inti1231   1.714e+05 2 inti1231   2.124e-01 3.398e+00  1.481e+05
1.031849e-01   1.732e+05 0 inti1231   1.733e+05 2 inti1231   2.130e-01 3.408e+00  1.499e+05
1.048613e-01   1.758e+05 0 inti1231   1.759e+05 1 inti1231   2.143e-01 3.428e+00  1.525e+05
1.065976e-01   1.776e+05 0 inti1231   1.778e+05 2 inti1231   2.143e-01 3.429e+00  1.539e+05
1.083679e-01   1.772e+05 1 inti1231   1.773e+05 2 inti1231   2.118e-01 3.388e+00  1.534e+05
1.101423e-01   1.821e+05 0 inti1231   1.822e+05 2 inti1231   2.156e-01 3.449e+00  1.583e+05
1.118841e-01   1.799e+05 0 inti1231   1.801e+05 2 inti1231   2.112e-01 3.379e+00  1.560e+05
1.136665e-01   1.832e+05 0 inti1231   1.834e+05 2 inti1231   2.131e-01 3.410e+00  1.587e+05
1.158421e-01   1.845e+05 0 inti1231   1.846e+05 2 inti1231   2.122e-01 3.396e+00  1.603e+05
1.176482e-01   1.868e+05 1 inti1231   1.870e+05 2 inti1231   2.132e-01 3.411e+00  1.619e+05
1.193641e-01   1.918e+05 0 inti1231   1.919e+05 2 inti1231   2.170e-01 3.472e+00  1.662e+05
1.213600e-01   1.902e+05 0 inti1231   1.904e+05 2 inti1231   2.134e-01 3.414e+00  1.649e+05
1.235754e-01   1.923e+05 1 inti1231   1.924e+05 2 inti1231   2.135e-01 3.416e+00  1.675e+05
1.255071e-01   1.921e+05 0 inti1231   1.922e+05 2 inti1231   2.115e-01 3.383e+00  1.670e+05
1.275010e-01   1.939e+05 1 inti1231   1.940e+05 2 inti1231   2.118e-01 3.388e+00  1.690e+05
1.292710e-01   1.959e+05 0 inti1231   1.961e+05 2 inti1231   2.124e-01 3.399e+00  1.706e+05
1.310080e-01   1.974e+05 1 inti1231   1.976e+05 2 inti1231   2.125e-01 3.400e+00  1.722e+05
1.326995e-01   2.000e+05 0 inti1231   2.001e+05 2 inti1231   2.139e-01 3.423e+00  1.743e+05
1.344155e-01   2.013e+05 0 inti1231   2.015e+05 2 inti1231   2.139e-01 3.423e+00  1.760e+05
1.361075e-01   2.035e+05 1 inti1231   2.036e+05 2 inti1231   2.148e-01 3.438e+00  1.779e+05
1.379860e-01   2.037e+05 0 inti1231   2.040e+05 2 inti1231   2.138e-01 3.421e+00  1.779e+05
1.400918e-01   2.059e+05 1 inti1231   2.061e+05 2 inti1231   2.145e-01 3.433e+00  1.802e+05
1.424088e-01   2.079e+05 3 inti1231   2.080e+05 2 inti1231   2.153e-01 3.445e+00  1.819e+05
1.447057e-01   2.108e+05 0 inti1231   2.111e+05 2 inti1231   2.173e-01 3.477e+00  1.846e+05
1.469594e-01   2.111e+05 1 inti1231   2.113e+05 2 inti1231   2.167e-01 3.467e+00  1.851e+05
1.491957e-01   2.130e+05 1 inti1231   2.131e+05 2 inti1231   2.175e-01 3.480e+00  1.866e+05
1.514224e-01   2.100e+05 0 inti1231   2.101e+05 2 inti1231   2.135e-01 3.416e+00  1.837e+05
1.536517e-01   2.114e+05 0 inti1231   2.115e+05 2 inti1231   2.141e-01 3.426e+00  1.850e+05
1.558412e-01   2.128e+05 0 inti1231   2.130e+05 2 inti1231   2.148e-01 3.437e+00  1.864e+05
1.581056e-01   2.134e+05 0 inti1231   2.135e+05 2 inti1231   2.144e-01 3.430e+00  1.868e+05
1.603903e-01   2.155e+05 1 inti1231   2.157e+05 2 inti1231   2.157e-01 3.451e+00  1.893e+05
1.626923e-01   2.161e+05 1 inti1231   2.161e+05 2 inti1231   2.153e-01 3.444e+00  1.897e+05
1.650094e-01   2.170e+05 0 inti1231   2.172e+05 2 inti1231   2.153e-01 3.446e+00  1.904e+05
1.673426e-01   2.234e+05 0 inti1231   2.236e+05 2 inti1231   2.210e-01 3.536e+00  1.968e+05
1.696931e-01   2.207e+05 0 inti1231   2.208e+05 2 inti1231   2.180e-01 3.488e+00  1.940e+05
1.720614e-01   2.192e+05 0 inti1231   2.193e+05 2 inti1231   2.162e-01 3.459e+00  1.927e+05
1.744335e-01   2.204e+05 0 inti1231   2.205e+05 2 inti1231   2.167e-01 3.468e+00  1.937e+05
1.764376e-01   2.206e+05 0 inti1231   2.207e+05 2 inti1231   2.165e-01 3.464e+00  1.940e+05
1.785246e-01   2.256e+05 0 inti1231   2.258e+05 2 inti1231   2.211e-01 3.537e+00  1.988e+05
1.809361e-01   2.211e+05 0 inti1231   2.212e+05 2 inti1231   2.167e-01 3.467e+00  1.941e+05
1.832905e-01   2.211e+05 0 inti1231   2.212e+05 2 inti1231   2.168e-01 3.468e+00  1.941e+05
1.855279e-01   2.213e+05 0 inti1231   2.214e+05 2 inti1231   2.167e-01 3.467e+00  1.942e+05
1.879560e-01   2.209e+05 0 inti1231   2.211e+05 2 inti1231   2.159e-01 3.454e+00  1.937e+05
1.903877e-01   2.224e+05 0 inti1231   2.225e+05 2 inti1231   2.167e-01 3.467e+00  1.950e+05
1.926117e-01   2.216e+05 0 inti1231   2.217e+05 2 inti1231   2.154e-01 3.447e+00  1.945e+05
1.949816e-01   2.220e+05 0 inti1231   2.221e+05 2 inti1231   2.151e-01 3.441e+00  1.948e+05
1.973627e-01   2.222e+05 0 inti1231   2.223e+05 2 inti1231   2.147e-01 3.435e+00  1.951e+05
1.996524e-01   2.232e+05 0 inti1231   2.233e+05 2 inti1231   2.151e-01 3.442e+00  1.960e+05
