#   1 : Date        
# Date        
0.000000e+00
1.807392e-05
2.865299e-05
3.680825e-05
4.331462e-05
4.906367e-05
5.538763e-05
6.204872e-05
6.795979e-05
7.446196e-05
8.161436e-05
8.947053e-05
9.702468e-05
1.053342e-04
1.143002e-04
1.241628e-04
1.337027e-04
1.436480e-04
1.545879e-04
1.657374e-04
1.769297e-04
1.886124e-04
2.010176e-04
2.132284e-04
2.257171e-04
2.388127e-04
2.521957e-04
2.655017e-04
2.797183e-04
2.939297e-04
3.084532e-04
3.235230e-04
3.388720e-04
3.545256e-04
3.707045e-04
3.871136e-04
4.039712e-04
4.213429e-04
4.389057e-04
4.566041e-04
4.748726e-04
4.934284e-04
5.123968e-04
5.317204e-04
5.513472e-04
5.713195e-04
5.916317e-04
6.121877e-04
6.330631e-04
6.541431e-04
6.756129e-04
6.973298e-04
7.193540e-04
7.416524e-04
7.642145e-04
7.870888e-04
8.102207e-04
8.336410e-04
8.572999e-04
8.811975e-04
9.052984e-04
9.296850e-04
9.542344e-04
9.790738e-04
1.004107e-03
1.029433e-03
1.054937e-03
1.080786e-03
1.106828e-03
1.133123e-03
1.159624e-03
1.186464e-03
1.213485e-03
1.240660e-03
1.267814e-03
1.295174e-03
1.322930e-03
1.351116e-03
1.379486e-03
1.407056e-03
1.433920e-03
1.459873e-03
1.485136e-03
1.509913e-03
1.534239e-03
1.558421e-03
1.582302e-03
1.606134e-03
1.629782e-03
1.653435e-03
1.677003e-03
1.700570e-03
1.724071e-03
1.747587e-03
1.770892e-03
1.794256e-03
1.817468e-03
1.840790e-03
1.864056e-03
1.887413e-03
1.910636e-03
1.933875e-03
1.956887e-03
1.980049e-03
2.003007e-03
2.026206e-03
2.049416e-03
2.072626e-03
2.095711e-03
2.118934e-03
2.142197e-03
2.165502e-03
2.188927e-03
2.212490e-03
2.236044e-03
2.259853e-03
2.283757e-03
2.307677e-03
2.331423e-03
2.355171e-03
2.378803e-03
2.402415e-03
2.425970e-03
2.449482e-03
2.472991e-03
2.496435e-03
2.519927e-03
2.543338e-03
2.566831e-03
2.590234e-03
2.613703e-03
2.637124e-03
2.660593e-03
2.684051e-03
2.707542e-03
2.731055e-03
2.754588e-03
2.778170e-03
2.801762e-03
2.825427e-03
2.849091e-03
2.872853e-03
2.896603e-03
2.920445e-03
2.944293e-03
2.968225e-03
2.992180e-03
3.016211e-03
3.040286e-03
3.064424e-03
3.088627e-03
3.112882e-03
3.137223e-03
3.161603e-03
3.186093e-03
3.210607e-03
3.235235e-03
3.259889e-03
3.284648e-03
3.309448e-03
3.334341e-03
3.359294e-03
3.384327e-03
3.409441e-03
3.434619e-03
3.459903e-03
3.485233e-03
3.510686e-03
3.536175e-03
3.561773e-03
3.587430e-03
3.613180e-03
3.639017e-03
3.664925e-03
3.690951e-03
3.717026e-03
3.743233e-03
3.769483e-03
3.795849e-03
3.822284e-03
3.848817e-03
3.875447e-03
3.902155e-03
3.928994e-03
3.955887e-03
3.982899e-03
4.009986e-03
4.037174e-03
4.064468e-03
4.091839e-03
4.119353e-03
4.146917e-03
4.174609e-03
4.202376e-03
4.230250e-03
4.258230e-03
4.286292e-03
4.314493e-03
4.342753e-03
4.371129e-03
4.399595e-03
4.428152e-03
4.456838e-03
4.485588e-03
4.514469e-03
4.543423e-03
4.572487e-03
4.601654e-03
4.630908e-03
4.660297e-03
4.689750e-03
4.719320e-03
4.748982e-03
4.778736e-03
4.808620e-03
4.838568e-03
4.868647e-03
4.898799e-03
4.929060e-03
4.959431e-03
4.989886e-03
5.020472e-03
5.051135e-03
5.081907e-03
5.112789e-03
5.143755e-03
5.174862e-03
5.206033e-03
5.237325e-03
5.268713e-03
5.300199e-03
5.331816e-03
5.363504e-03
5.395308e-03
5.427214e-03
5.459212e-03
5.491351e-03
5.523556e-03
5.555885e-03
5.588305e-03
5.620797e-03
5.653366e-03
5.685996e-03
5.718729e-03
5.751494e-03
5.784287e-03
5.817108e-03
5.849994e-03
5.882945e-03
5.915993e-03
5.949110e-03
5.982249e-03
6.015422e-03
6.048664e-03
6.081984e-03
6.115417e-03
6.148910e-03
6.182440e-03
6.216024e-03
6.249697e-03
6.283473e-03
6.317372e-03
6.351292e-03
6.385277e-03
6.419342e-03
6.453526e-03
6.487841e-03
6.522191e-03
6.556601e-03
6.591116e-03
6.625761e-03
6.660538e-03
6.695368e-03
6.730314e-03
6.765414e-03
6.800733e-03
6.836131e-03
6.871670e-03
6.907300e-03
6.943006e-03
6.978781e-03
7.014634e-03
7.050570e-03
7.086597e-03
7.122716e-03
7.158902e-03
7.195159e-03
7.231496e-03
7.267916e-03
7.304425e-03
7.341016e-03
7.377673e-03
7.414400e-03
7.451205e-03
7.488053e-03
7.525026e-03
7.562074e-03
7.599189e-03
7.636376e-03
7.673646e-03
7.711005e-03
7.748464e-03
7.785991e-03
7.823602e-03
7.861307e-03
7.899124e-03
7.937030e-03
7.975031e-03
8.013138e-03
8.051374e-03
8.089719e-03
8.128171e-03
8.166745e-03
8.205465e-03
8.244276e-03
8.283234e-03
8.322303e-03
8.361561e-03
8.400934e-03
8.440443e-03
8.480105e-03
8.519883e-03
8.559727e-03
8.599672e-03
8.639674e-03
8.679773e-03
8.719971e-03
8.760260e-03
8.800665e-03
8.841133e-03
8.881595e-03
8.922205e-03
8.962775e-03
9.003457e-03
9.044233e-03
9.085049e-03
9.125857e-03
9.166730e-03
9.207568e-03
9.248458e-03
9.289353e-03
9.330238e-03
9.371094e-03
9.412059e-03
9.453009e-03
9.493974e-03
9.534923e-03
9.575910e-03
9.616916e-03
9.657907e-03
9.698876e-03
9.739969e-03
9.781104e-03
9.822239e-03
9.863383e-03
9.904584e-03
9.945833e-03
9.987102e-03
1.002837e-02
1.006977e-02
1.011124e-02
1.015272e-02
1.019423e-02
1.023585e-02
1.027755e-02
1.031929e-02
1.036109e-02
1.040306e-02
1.044505e-02
1.048708e-02
1.052918e-02
1.057142e-02
1.061373e-02
1.065617e-02
1.069872e-02
1.074134e-02
1.078401e-02
1.082674e-02
1.086955e-02
1.091255e-02
1.095562e-02
1.099879e-02
1.104207e-02
1.108540e-02
1.112882e-02
1.117235e-02
1.121600e-02
1.125978e-02
1.130364e-02
1.134760e-02
1.139164e-02
1.143579e-02
1.148001e-02
1.152436e-02
1.156892e-02
1.161354e-02
1.165812e-02
1.170278e-02
1.174750e-02
1.179244e-02
1.183759e-02
1.188286e-02
1.192826e-02
1.197375e-02
1.201940e-02
1.206516e-02
1.211105e-02
1.215696e-02
1.220312e-02
1.224936e-02
1.229573e-02
1.234219e-02
1.238880e-02
1.243554e-02
1.248242e-02
1.252944e-02
1.257662e-02
1.262393e-02
1.267141e-02
1.271903e-02
1.276684e-02
1.281480e-02
1.286286e-02
1.291094e-02
1.295927e-02
1.300772e-02
1.305632e-02
1.310504e-02
1.315393e-02
1.320294e-02
1.325212e-02
1.330145e-02
1.335099e-02
1.340067e-02
1.345054e-02
1.350058e-02
1.355086e-02
1.360130e-02
1.365196e-02
1.370272e-02
1.375355e-02
1.380449e-02
1.385550e-02
1.390662e-02
1.395786e-02
1.400924e-02
1.406078e-02
1.411243e-02
1.416413e-02
1.421592e-02
1.426780e-02
1.431980e-02
1.437185e-02
1.442398e-02
1.444935e-02
1.447466e-02
1.449996e-02
1.452522e-02
1.455048e-02
1.457573e-02
1.460098e-02
1.462624e-02
1.465152e-02
1.467680e-02
1.470212e-02
1.472744e-02
1.475279e-02
1.477783e-02
1.480287e-02
1.482791e-02
1.485297e-02
1.487804e-02
1.490317e-02
1.492831e-02
1.495348e-02
1.497869e-02
1.500394e-02
1.502936e-02
1.505506e-02
1.507979e-02
1.510457e-02
1.512952e-02
1.515482e-02
1.518059e-02
1.520480e-02
1.522918e-02
1.525399e-02
1.527799e-02
1.530203e-02
1.532638e-02
1.535021e-02
1.537410e-02
1.539822e-02
1.542199e-02
1.544576e-02
1.546971e-02
1.549340e-02
1.551708e-02
1.554092e-02
1.556455e-02
1.558816e-02
1.561192e-02
1.563550e-02
1.565907e-02
1.568277e-02
1.570634e-02
1.572988e-02
1.575353e-02
1.577709e-02
1.580062e-02
1.582426e-02
1.584784e-02
1.587138e-02
1.589501e-02
1.591863e-02
1.594221e-02
1.596586e-02
1.598974e-02
1.601338e-02
1.603706e-02
1.606094e-02
1.608465e-02
1.610839e-02
1.613228e-02
1.615608e-02
1.617989e-02
1.620382e-02
1.622774e-02
1.625164e-02
1.627563e-02
1.629968e-02
1.632369e-02
1.634777e-02
1.637206e-02
1.639620e-02
1.642039e-02
1.644473e-02
1.646904e-02
1.649335e-02
1.651777e-02
1.654226e-02
1.656673e-02
1.659126e-02
1.661601e-02
1.664066e-02
1.666534e-02
1.669017e-02
1.671505e-02
1.673990e-02
1.676484e-02
1.679004e-02
1.681514e-02
1.684026e-02
1.686553e-02
1.689114e-02
1.691650e-02
1.694194e-02
1.696761e-02
1.699329e-02
1.701897e-02
1.704476e-02
1.707083e-02
1.709684e-02
1.712287e-02
1.714901e-02
1.717541e-02
1.720177e-02
1.722816e-02
1.725437e-02
1.728090e-02
1.730707e-02
1.733336e-02
1.735957e-02
1.738619e-02
1.741238e-02
1.743873e-02
1.746481e-02
1.749101e-02
1.751720e-02
1.754325e-02
1.756938e-02
1.759567e-02
1.762165e-02
1.764774e-02
1.767356e-02
1.769947e-02
1.772545e-02
1.775164e-02
1.777750e-02
1.780350e-02
1.782920e-02
1.785501e-02
1.788032e-02
1.790816e-02
1.793390e-02
1.796054e-02
1.798591e-02
1.801165e-02
1.803997e-02
1.806843e-02
1.809410e-02
1.812234e-02
1.814811e-02
1.817582e-02
1.820150e-02
1.822826e-02
1.825403e-02
1.828063e-02
1.830642e-02
1.833296e-02
1.835889e-02
1.838531e-02
1.841133e-02
1.843814e-02
1.846436e-02
1.849113e-02
1.851750e-02
1.854410e-02
1.857074e-02
1.859816e-02
1.862479e-02
1.865192e-02
1.867886e-02
1.870691e-02
1.873406e-02
1.876220e-02
1.878910e-02
1.881676e-02
1.884417e-02
1.887278e-02
1.890025e-02
1.892880e-02
1.895450e-02
1.898232e-02
1.901065e-02
1.903946e-02
1.906737e-02
1.909632e-02
1.912208e-02
1.915001e-02
1.917820e-02
1.920704e-02
1.923283e-02
1.926119e-02
1.928855e-02
1.931468e-02
1.934308e-02
1.937021e-02
1.939610e-02
1.942366e-02
1.945124e-02
1.947808e-02
1.950509e-02
1.953248e-02
1.955852e-02
1.958524e-02
1.961277e-02
1.963989e-02
1.966719e-02
1.969497e-02
1.972123e-02
1.974832e-02
1.977466e-02
1.980157e-02
1.982882e-02
1.985670e-02
1.988395e-02
1.991142e-02
1.993810e-02
1.996555e-02
1.999269e-02
2.002020e-02
2.004726e-02
2.007578e-02
2.010208e-02
2.012970e-02
2.015825e-02
2.018647e-02
2.021562e-02
2.024585e-02
2.027141e-02
2.029903e-02
2.032898e-02
2.035642e-02
2.038592e-02
2.041546e-02
2.044506e-02
2.047471e-02
2.050435e-02
2.053404e-02
2.055883e-02
2.058392e-02
2.060859e-02
2.063339e-02
2.065794e-02
2.068494e-02
2.071006e-02
2.073655e-02
2.076164e-02
2.078699e-02
2.081203e-02
2.083730e-02
2.086229e-02
2.088977e-02
2.092000e-02
2.095079e-02
2.098197e-02
2.101380e-02
2.104609e-02
2.107884e-02
2.111157e-02
2.114422e-02
2.117329e-02
2.120236e-02
2.123142e-02
2.126049e-02
2.128957e-02
2.131870e-02
2.134788e-02
2.137716e-02
2.140654e-02
2.143608e-02
2.146580e-02
2.149578e-02
2.152603e-02
2.155671e-02
2.158783e-02
2.161954e-02
2.165177e-02
2.168033e-02
2.170888e-02
2.173745e-02
2.176606e-02
2.179473e-02
2.181972e-02
2.184721e-02
2.187282e-02
2.189917e-02
2.192492e-02
2.195103e-02
2.197680e-02
2.200289e-02
2.202863e-02
2.205467e-02
2.208038e-02
2.210638e-02
2.213208e-02
2.216034e-02
2.218603e-02
2.221428e-02
2.224262e-02
2.227103e-02
2.229951e-02
2.232810e-02
2.235684e-02
2.238580e-02
2.241501e-02
2.244454e-02
2.247421e-02
2.250454e-02
2.253452e-02
2.256254e-02
2.259056e-02
2.261863e-02
2.264674e-02
2.267492e-02
2.270315e-02
2.273145e-02
2.275579e-02
2.278257e-02
2.280684e-02
2.283353e-02
2.285776e-02
2.288440e-02
2.291364e-02
2.294324e-02
2.297259e-02
2.300303e-02
2.303096e-02
2.305889e-02
2.308685e-02
2.311487e-02
2.313856e-02
2.316462e-02
2.318815e-02
2.321405e-02
2.323739e-02
2.326091e-02
2.328407e-02
2.330740e-02
2.333037e-02
2.335350e-02
2.337630e-02
2.340138e-02
2.342897e-02
2.345671e-02
2.348438e-02
2.351202e-02
2.353965e-02
2.356732e-02
2.359024e-02
2.361544e-02
2.363831e-02
2.366346e-02
2.368626e-02
2.371134e-02
2.373408e-02
2.375704e-02
2.377974e-02
2.380266e-02
2.382531e-02
2.384818e-02
2.387332e-02
2.390034e-02
2.392739e-02
2.395451e-02
2.398173e-02
2.400911e-02
2.403666e-02
2.406443e-02
2.409244e-02
2.411928e-02
2.414605e-02
2.417275e-02
2.419940e-02
2.422606e-02
2.425278e-02
2.427958e-02
2.430652e-02
2.433363e-02
2.435639e-02
2.438142e-02
2.440419e-02
2.442721e-02
2.444999e-02
2.447300e-02
2.449577e-02
2.451877e-02
2.454154e-02
2.456659e-02
2.459332e-02
2.462029e-02
2.464753e-02
2.467383e-02
2.470007e-02
2.472627e-02
2.475244e-02
2.477867e-02
2.480499e-02
2.483145e-02
2.485483e-02
2.488038e-02
2.490385e-02
2.492758e-02
2.495111e-02
2.497489e-02
2.499846e-02
2.502227e-02
2.504588e-02
2.506972e-02
2.509594e-02
2.512258e-02
2.514951e-02
2.517552e-02
2.520148e-02
2.522742e-02
2.525338e-02
2.527943e-02
2.530368e-02
2.532933e-02
2.535370e-02
2.537834e-02
2.540279e-02
2.542749e-02
2.545200e-02
2.547675e-02
2.550129e-02
2.552607e-02
2.555065e-02
2.557723e-02
2.560406e-02
2.563007e-02
2.565606e-02
2.568206e-02
2.570811e-02
2.573426e-02
2.576058e-02
2.578712e-02
2.581382e-02
2.583996e-02
2.586517e-02
2.589131e-02
2.591661e-02
2.594219e-02
2.596755e-02
2.599317e-02
2.601856e-02
2.604420e-02
2.606962e-02
2.609527e-02
2.612069e-02
2.614635e-02
2.617284e-02
2.619942e-02
2.622617e-02
2.625314e-02
2.628039e-02
2.630696e-02
2.633356e-02
2.636020e-02
2.638689e-02
2.641366e-02
2.644054e-02
2.646760e-02
2.649487e-02
2.652239e-02
2.654837e-02
2.657529e-02
2.660133e-02
2.662835e-02
2.665443e-02
2.668077e-02
2.670688e-02
2.673323e-02
2.675935e-02
2.678571e-02
2.681183e-02
2.683818e-02
2.686430e-02
2.689064e-02
2.691675e-02
2.694429e-02
2.697194e-02
2.699973e-02
2.702772e-02
2.705595e-02
2.708447e-02
2.711216e-02
2.713990e-02
2.716770e-02
2.719558e-02
2.722353e-02
2.725158e-02
2.727973e-02
2.730803e-02
2.733651e-02
2.736521e-02
2.739419e-02
2.742345e-02
2.745163e-02
2.747987e-02
2.750815e-02
2.753651e-02
2.756494e-02
2.759134e-02
2.761882e-02
2.764523e-02
2.767189e-02
2.769830e-02
2.772494e-02
2.775133e-02
2.777794e-02
2.780430e-02
2.783088e-02
2.785721e-02
2.788375e-02
2.791004e-02
2.793654e-02
2.796279e-02
2.798925e-02
2.801836e-02
2.804770e-02
2.807725e-02
2.810706e-02
2.813681e-02
2.816569e-02
2.819461e-02
2.822357e-02
2.825257e-02
2.828162e-02
2.831073e-02
2.833990e-02
2.836916e-02
2.839855e-02
2.842810e-02
2.845785e-02
2.848780e-02
2.851800e-02
2.854447e-02
2.857165e-02
2.859816e-02
2.862685e-02
2.865337e-02
2.868255e-02
2.870908e-02
2.873827e-02
2.876481e-02
2.879400e-02
2.882054e-02
2.884974e-02
2.887979e-02
2.891005e-02
2.894054e-02
2.897125e-02
2.900191e-02
2.903294e-02
2.906269e-02
2.909249e-02
2.912234e-02
2.915223e-02
2.918217e-02
2.921216e-02
2.924221e-02
2.927232e-02
2.930253e-02
2.933289e-02
2.936339e-02
2.939406e-02
2.942489e-02
2.945588e-02
2.948703e-02
2.951833e-02
2.954978e-02
2.958139e-02
2.961316e-02
2.964509e-02
2.967718e-02
2.970941e-02
2.974175e-02
2.977241e-02
2.980309e-02
2.983379e-02
2.986450e-02
2.989522e-02
2.992596e-02
2.995669e-02
2.998744e-02
3.001819e-02
3.004898e-02
3.007985e-02
3.011078e-02
3.014180e-02
3.017290e-02
3.020406e-02
3.023529e-02
3.026657e-02
3.029708e-02
3.032846e-02
3.035988e-02
3.039133e-02
3.042282e-02
3.045434e-02
3.047991e-02
3.050804e-02
3.053898e-02
3.057062e-02
3.060230e-02
3.063401e-02
3.066577e-02
3.069757e-02
3.072942e-02
3.076132e-02
3.079329e-02
3.082533e-02
3.085745e-02
3.088965e-02
3.092196e-02
3.095438e-02
3.098693e-02
3.101963e-02
3.105250e-02
3.108558e-02
3.111889e-02
3.114992e-02
3.118094e-02
3.121192e-02
3.124288e-02
3.127382e-02
3.129948e-02
3.132610e-02
3.135180e-02
3.137774e-02
3.140346e-02
3.142942e-02
3.145515e-02
3.148112e-02
3.150685e-02
3.153281e-02
3.155854e-02
3.158449e-02
3.161021e-02
3.163615e-02
3.166133e-02
3.168669e-02
3.171189e-02
3.173961e-02
3.176491e-02
3.179215e-02
3.182152e-02
3.185237e-02
3.187839e-02
3.190503e-02
3.193119e-02
3.195763e-02
3.198306e-02
3.200951e-02
3.203505e-02
3.206150e-02
3.208766e-02
3.211406e-02
3.214010e-02
3.216637e-02
3.219184e-02
3.221804e-02
3.224359e-02
3.226961e-02
3.229541e-02
3.232144e-02
3.234810e-02
3.237545e-02
3.240220e-02
3.242989e-02
3.245684e-02
3.248401e-02
3.251061e-02
3.253738e-02
3.256371e-02
3.259018e-02
3.261931e-02
3.265037e-02
3.268162e-02
3.271308e-02
3.273992e-02
3.276847e-02
3.279578e-02
3.282406e-02
3.285125e-02
3.287879e-02
3.290577e-02
3.293298e-02
3.295972e-02
3.298664e-02
3.301316e-02
3.304234e-02
3.307328e-02
3.310441e-02
3.313576e-02
3.316735e-02
3.319920e-02
3.322965e-02
3.325629e-02
3.328389e-02
3.331074e-02
3.333791e-02
3.336469e-02
3.339177e-02
3.341851e-02
3.344545e-02
3.347206e-02
3.349888e-02
3.352838e-02
3.355983e-02
3.359047e-02
3.362180e-02
3.365165e-02
3.368218e-02
3.371135e-02
3.374174e-02
3.377045e-02
3.380017e-02
3.382851e-02
3.385732e-02
3.388538e-02
3.391382e-02
3.394161e-02
3.396972e-02
3.399727e-02
3.402665e-02
3.405397e-02
3.408337e-02
3.411051e-02
3.414036e-02
3.417111e-02
3.420189e-02
3.423273e-02
3.426362e-02
3.429463e-02
3.432580e-02
3.435715e-02
3.438870e-02
3.442049e-02
3.445245e-02
3.448324e-02
3.451405e-02
3.454488e-02
3.457573e-02
3.460661e-02
3.463753e-02
3.466852e-02
3.469956e-02
3.473072e-02
3.476206e-02
3.478849e-02
3.481601e-02
3.484245e-02
3.486913e-02
3.489558e-02
3.492226e-02
3.494870e-02
3.497538e-02
3.500181e-02
3.502847e-02
3.505489e-02
3.508154e-02
3.510794e-02
3.513456e-02
3.516094e-02
3.518753e-02
3.521389e-02
3.524046e-02
3.526679e-02
3.529334e-02
3.531965e-02
3.534859e-02
3.537447e-02
3.540294e-02
3.543402e-02
3.546513e-02
3.549130e-02
3.551847e-02
3.554515e-02
3.557210e-02
3.559877e-02
3.562570e-02
3.565157e-02
3.567847e-02
3.570462e-02
3.573149e-02
3.575808e-02
3.578493e-02
3.581153e-02
3.583837e-02
3.586497e-02
3.589182e-02
3.591811e-02
3.594493e-02
3.597155e-02
3.599927e-02
3.602636e-02
3.605401e-02
3.608076e-02
3.610759e-02
3.613433e-02
3.616204e-02
3.618903e-02
3.621680e-02
3.624432e-02
3.627221e-02
3.629986e-02
3.632861e-02
3.635911e-02
3.639046e-02
3.642189e-02
3.645344e-02
3.648259e-02
3.651415e-02
3.654570e-02
3.657732e-02
3.660785e-02
3.663939e-02
3.666744e-02
3.669741e-02
3.672684e-02
3.675696e-02
3.678774e-02
3.681622e-02
3.684611e-02
3.687515e-02
3.690335e-02
3.693188e-02
3.695882e-02
3.698674e-02
3.701416e-02
3.704176e-02
3.706905e-02
3.709815e-02
3.712898e-02
3.716037e-02
3.718872e-02
3.721797e-02
3.724514e-02
3.727360e-02
3.730157e-02
3.732977e-02
3.735756e-02
3.738657e-02
3.741512e-02
3.744367e-02
3.747506e-02
3.750753e-02
3.753622e-02
3.756760e-02
3.759902e-02
3.763044e-02
3.766142e-02
3.769285e-02
3.772304e-02
3.775410e-02
3.778383e-02
3.781488e-02
3.784417e-02
3.787569e-02
3.790455e-02
3.793629e-02
3.796482e-02
3.799620e-02
3.802457e-02
3.805578e-02
3.808403e-02
3.811510e-02
3.814324e-02
3.817419e-02
3.820221e-02
3.823304e-02
3.826457e-02
3.829611e-02
3.832683e-02
3.835850e-02
3.839028e-02
3.842221e-02
3.845424e-02
3.848648e-02
3.851840e-02
3.855099e-02
3.858228e-02
3.861446e-02
3.864532e-02
3.867692e-02
3.870733e-02
3.873892e-02
3.876886e-02
3.880031e-02
3.882971e-02
3.886133e-02
3.889015e-02
3.892185e-02
3.895375e-02
3.898578e-02
3.901781e-02
3.905016e-02
3.908218e-02
3.911486e-02
3.914689e-02
3.917997e-02
3.921319e-02
3.924489e-02
3.927660e-02
3.930828e-02
3.933998e-02
3.937166e-02
3.940336e-02
3.943509e-02
3.946689e-02
3.949879e-02
3.953081e-02
3.956295e-02
3.959505e-02
3.962747e-02
3.966002e-02
3.969273e-02
3.972559e-02
3.975863e-02
3.979186e-02
3.982530e-02
3.985751e-02
3.988937e-02
3.992108e-02
3.995286e-02
3.998471e-02
4.001653e-02
4.004838e-02
4.008025e-02
4.011219e-02
4.014423e-02
4.017639e-02
4.020866e-02
4.024106e-02
4.027101e-02
4.030280e-02
4.033557e-02
4.036471e-02
4.039490e-02
4.042380e-02
4.045559e-02
4.048411e-02
4.051548e-02
4.054371e-02
4.057477e-02
4.060680e-02
4.063880e-02
4.067079e-02
4.070276e-02
4.073473e-02
4.076668e-02
4.079866e-02
4.083071e-02
4.086283e-02
4.089504e-02
4.092732e-02
4.095969e-02
4.098752e-02
4.101812e-02
4.104588e-02
4.107642e-02
4.110850e-02
4.114076e-02
4.117314e-02
4.120578e-02
4.123818e-02
4.127122e-02
4.130319e-02
4.133583e-02
4.136698e-02
4.139887e-02
4.142928e-02
4.146011e-02
4.148986e-02
4.151979e-02
4.154897e-02
4.158088e-02
4.160969e-02
4.164138e-02
4.167358e-02
4.170577e-02
4.173795e-02
4.177011e-02
4.180227e-02
4.183449e-02
4.186672e-02
4.189901e-02
4.193127e-02
4.196351e-02
4.199185e-02
4.202303e-02
4.205522e-02
4.208739e-02
4.211955e-02
4.215169e-02
4.218383e-02
4.221595e-02
4.224806e-02
4.228016e-02
4.231225e-02
4.234434e-02
4.237642e-02
4.240849e-02
4.244055e-02
4.247261e-02
4.250466e-02
4.253670e-02
4.256874e-02
4.260077e-02
4.263280e-02
4.266482e-02
4.269683e-02
4.272884e-02
4.276085e-02
4.279284e-02
4.282483e-02
4.285682e-02
4.288880e-02
4.292077e-02
4.295274e-02
4.298470e-02
4.301665e-02
4.304859e-02
4.308052e-02
4.311245e-02
4.314437e-02
4.317628e-02
4.320819e-02
4.324009e-02
4.327198e-02
4.330386e-02
4.333574e-02
4.336762e-02
4.339949e-02
4.343136e-02
4.346322e-02
4.349508e-02
4.352694e-02
4.356028e-02
4.359378e-02
4.362756e-02
4.366177e-02
4.369623e-02
4.373128e-02
4.376710e-02
4.380382e-02
4.384159e-02
4.387407e-02
4.390668e-02
4.393940e-02
4.397221e-02
4.400504e-02
4.403791e-02
4.407082e-02
4.410377e-02
4.413677e-02
4.416980e-02
4.420289e-02
4.423602e-02
4.426922e-02
4.430246e-02
4.433578e-02
4.436916e-02
4.440250e-02
4.443595e-02
4.446955e-02
4.450340e-02
4.453755e-02
4.457212e-02
4.460755e-02
4.464377e-02
4.468156e-02
4.472005e-02
4.475848e-02
4.479687e-02
4.483520e-02
4.487350e-02
4.490118e-02
4.492953e-02
4.495723e-02
4.498516e-02
4.501289e-02
4.504084e-02
4.506858e-02
4.509654e-02
4.512430e-02
4.515227e-02
4.518004e-02
4.520802e-02
4.523580e-02
4.526379e-02
4.529158e-02
4.531958e-02
4.534737e-02
4.537538e-02
4.540318e-02
4.543377e-02
4.546741e-02
4.550441e-02
4.554284e-02
4.558122e-02
4.561957e-02
4.565787e-02
4.569614e-02
4.573438e-02
4.577257e-02
4.581074e-02
4.584887e-02
4.588698e-02
4.592505e-02
4.596310e-02
4.600112e-02
4.603989e-02
4.607866e-02
4.611741e-02
4.615617e-02
4.619492e-02
4.623366e-02
4.627240e-02
4.631114e-02
4.634988e-02
4.638861e-02
4.642734e-02
4.646604e-02
4.650472e-02
4.654338e-02
4.658201e-02
4.662061e-02
4.665919e-02
4.669775e-02
4.673628e-02
4.676900e-02
4.680377e-02
4.683585e-02
4.686823e-02
4.690383e-02
4.694271e-02
4.698158e-02
4.702046e-02
4.704876e-02
4.707760e-02
4.710704e-02
4.713567e-02
4.716488e-02
4.719356e-02
4.722280e-02
4.725150e-02
4.727991e-02
4.730887e-02
4.733729e-02
4.736598e-02
4.739439e-02
4.742306e-02
4.745146e-02
4.748010e-02
4.750846e-02
4.753706e-02
4.756539e-02
4.759394e-02
4.762224e-02
4.765337e-02
4.768553e-02
4.771799e-02
4.775016e-02
4.778259e-02
4.781471e-02
4.784710e-02
4.787917e-02
4.791444e-02
4.795325e-02
4.799241e-02
4.803158e-02
4.807075e-02
4.810995e-02
4.814915e-02
4.818836e-02
4.822759e-02
4.826137e-02
4.829766e-02
4.832976e-02
4.836217e-02
4.839427e-02
4.842663e-02
4.845865e-02
4.849091e-02
4.852284e-02
4.855501e-02
4.858687e-02
4.862191e-02
4.865026e-02
4.868146e-02
4.870983e-02
4.874103e-02
4.876942e-02
4.880064e-02
4.882904e-02
4.886027e-02
4.889224e-02
4.892448e-02
4.895641e-02
4.898861e-02
4.902139e-02
4.905356e-02
4.908630e-02
4.911844e-02
4.915116e-02
4.918714e-02
4.922659e-02
4.926628e-02
4.929475e-02
4.932369e-02
4.935217e-02
4.938265e-02
4.941115e-02
4.944214e-02
4.947066e-02
4.949941e-02
4.952793e-02
4.955669e-02
4.958522e-02
4.961399e-02
4.964253e-02
4.967130e-02
4.969984e-02
4.972861e-02
4.975715e-02
4.978593e-02
4.981447e-02
4.984325e-02
4.987180e-02
4.990057e-02
4.992912e-02
4.995789e-02
4.998955e-02
5.002437e-02
5.006266e-02
5.010271e-02
5.014272e-02
5.018275e-02
5.022279e-02
5.026282e-02
5.030297e-02
5.034310e-02
5.038322e-02
5.042333e-02
5.046342e-02
5.050351e-02
5.054359e-02
5.058365e-02
5.062370e-02
5.066374e-02
5.070376e-02
5.074377e-02
5.078376e-02
5.082374e-02
5.086369e-02
5.090363e-02
5.094355e-02
5.098346e-02
5.102334e-02
5.106328e-02
5.109205e-02
5.112132e-02
5.115012e-02
5.118104e-02
5.120987e-02
5.124134e-02
5.127018e-02
5.130160e-02
5.133046e-02
5.135956e-02
5.138843e-02
5.141755e-02
5.144643e-02
5.147556e-02
5.150445e-02
5.153359e-02
5.156250e-02
5.159165e-02
5.162056e-02
5.164973e-02
5.167866e-02
5.170783e-02
5.173678e-02
5.176597e-02
5.179493e-02
5.182414e-02
5.185312e-02
5.188235e-02
5.191135e-02
5.194060e-02
5.196961e-02
5.199888e-02
5.202792e-02
5.205722e-02
5.208627e-02
5.211560e-02
5.214468e-02
5.217430e-02
5.220341e-02
5.223307e-02
5.226220e-02
5.229190e-02
5.232107e-02
5.235082e-02
5.238003e-02
5.240984e-02
5.243909e-02
5.246896e-02
5.249826e-02
5.252820e-02
5.255755e-02
5.258756e-02
5.261696e-02
5.264705e-02
5.267650e-02
5.270667e-02
5.273618e-02
5.276641e-02
5.279779e-02
5.283055e-02
5.286511e-02
5.290160e-02
5.293974e-02
5.297786e-02
5.301595e-02
5.305402e-02
5.309207e-02
5.313009e-02
5.316809e-02
5.320607e-02
5.324403e-02
5.328196e-02
5.331988e-02
5.335778e-02
5.339566e-02
5.343351e-02
5.347136e-02
5.350918e-02
5.354698e-02
5.358477e-02
5.362254e-02
5.366029e-02
5.369803e-02
5.373582e-02
5.377360e-02
5.381145e-02
5.384929e-02
5.388713e-02
5.392495e-02
5.396276e-02
5.400057e-02
5.403836e-02
5.407616e-02
5.411396e-02
5.415174e-02
5.418951e-02
5.422727e-02
5.426502e-02
5.430276e-02
5.434049e-02
5.437822e-02
5.441592e-02
5.445364e-02
5.449132e-02
5.452902e-02
5.456667e-02
5.460430e-02
5.464193e-02
5.467959e-02
5.471720e-02
5.475482e-02
5.479242e-02
5.483001e-02
5.486759e-02
5.490515e-02
5.494270e-02
5.498023e-02
5.501775e-02
5.505525e-02
5.509284e-02
5.513043e-02
5.516800e-02
5.520558e-02
5.524315e-02
5.528072e-02
5.531827e-02
5.535582e-02
5.539335e-02
5.543088e-02
5.546838e-02
5.549767e-02
5.552989e-02
5.555917e-02
5.559139e-02
5.562068e-02
5.565290e-02
5.568834e-02
5.572575e-02
5.576319e-02
5.580057e-02
5.583799e-02
5.587536e-02
5.591275e-02
5.595011e-02
5.598749e-02
5.602485e-02
5.606221e-02
5.609956e-02
5.613691e-02
5.617424e-02
5.621158e-02
5.624891e-02
5.628623e-02
5.632352e-02
5.636084e-02
5.639810e-02
5.643539e-02
5.647263e-02
5.650989e-02
5.654710e-02
5.658433e-02
5.662151e-02
5.665871e-02
5.669585e-02
5.673302e-02
5.677015e-02
5.680729e-02
5.684439e-02
5.688151e-02
5.691860e-02
5.695569e-02
5.699276e-02
5.702984e-02
5.706689e-02
5.710393e-02
5.714096e-02
5.717799e-02
5.721499e-02
5.725199e-02
5.728894e-02
5.732591e-02
5.736282e-02
5.739975e-02
5.743661e-02
5.747349e-02
5.751031e-02
5.754714e-02
5.758392e-02
5.762071e-02
5.765746e-02
5.769421e-02
5.773093e-02
5.776764e-02
5.780434e-02
5.783363e-02
5.786584e-02
5.790127e-02
5.793793e-02
5.797458e-02
5.801120e-02
5.804783e-02
5.808441e-02
5.812100e-02
5.815754e-02
5.819410e-02
5.823061e-02
5.826714e-02
5.830362e-02
5.834012e-02
5.837658e-02
5.841307e-02
5.844952e-02
5.848599e-02
5.852245e-02
5.855892e-02
5.859538e-02
5.863186e-02
5.866833e-02
5.870480e-02
5.874127e-02
5.877774e-02
5.881420e-02
5.885067e-02
5.888712e-02
5.892360e-02
5.896005e-02
5.898945e-02
5.902179e-02
5.905736e-02
5.909384e-02
5.913034e-02
5.916684e-02
5.920333e-02
5.923982e-02
5.927634e-02
5.931287e-02
5.934940e-02
5.938595e-02
5.942251e-02
5.945908e-02
5.949565e-02
5.953224e-02
5.956884e-02
5.960546e-02
5.964207e-02
5.967871e-02
5.971535e-02
5.975201e-02
5.978868e-02
5.982536e-02
5.986205e-02
5.989876e-02
5.993548e-02
5.997221e-02
6.000896e-02
6.004572e-02
6.008247e-02
6.011923e-02
6.014867e-02
6.018105e-02
6.021666e-02
6.025348e-02
6.029030e-02
6.032714e-02
6.036398e-02
6.040084e-02
6.043771e-02
6.047460e-02
6.051149e-02
6.054841e-02
6.058533e-02
6.062227e-02
6.065922e-02
6.069618e-02
6.073315e-02
6.077014e-02
6.080714e-02
6.084415e-02
6.088117e-02
6.091819e-02
6.095522e-02
6.099226e-02
6.102931e-02
6.106637e-02
6.110345e-02
6.114053e-02
6.117763e-02
6.121474e-02
6.125186e-02
6.128898e-02
6.132612e-02
6.136327e-02
6.140044e-02
6.143761e-02
6.147479e-02
6.151198e-02
6.154917e-02
6.158637e-02
6.162361e-02
6.166085e-02
6.169811e-02
6.173538e-02
6.177266e-02
6.180995e-02
6.184726e-02
6.188457e-02
6.192190e-02
6.195925e-02
6.199660e-02
6.203396e-02
6.207132e-02
6.210869e-02
6.214606e-02
6.218345e-02
6.222085e-02
6.225826e-02
6.229567e-02
6.233311e-02
6.237056e-02
6.240802e-02
6.244550e-02
6.248299e-02
6.252050e-02
6.255802e-02
6.259556e-02
6.263312e-02
6.267069e-02
6.270828e-02
6.274589e-02
6.278352e-02
6.282117e-02
6.285884e-02
6.289654e-02
6.293425e-02
6.297200e-02
6.300977e-02
6.304756e-02
6.308539e-02
6.312326e-02
6.316116e-02
6.319910e-02
6.323705e-02
6.327501e-02
6.331299e-02
6.335098e-02
6.338899e-02
6.342700e-02
6.346504e-02
6.350308e-02
6.354113e-02
6.357918e-02
6.361724e-02
6.365530e-02
6.369337e-02
6.373143e-02
6.376950e-02
6.380757e-02
6.384568e-02
6.388380e-02
6.392195e-02
6.396012e-02
6.399828e-02
6.403646e-02
6.407465e-02
6.410404e-02
6.413637e-02
6.417194e-02
6.421015e-02
6.424836e-02
6.428658e-02
6.432481e-02
6.436305e-02
6.440129e-02
6.443954e-02
6.447780e-02
6.451606e-02
6.455433e-02
6.459261e-02
6.463089e-02
6.466918e-02
6.470748e-02
6.474579e-02
6.478410e-02
6.482259e-02
6.486109e-02
6.489960e-02
6.493812e-02
6.497666e-02
6.501522e-02
6.505378e-02
6.509235e-02
6.513094e-02
6.516953e-02
6.520814e-02
6.524675e-02
6.528537e-02
6.532400e-02
6.536263e-02
6.540128e-02
6.543993e-02
6.547860e-02
6.551728e-02
6.555596e-02
6.559465e-02
6.563335e-02
6.567206e-02
6.571077e-02
6.574949e-02
6.577889e-02
6.580882e-02
6.583823e-02
6.586789e-02
6.589731e-02
6.592699e-02
6.595641e-02
6.598609e-02
6.601551e-02
6.604519e-02
6.607462e-02
6.610431e-02
6.613374e-02
6.616342e-02
6.619285e-02
6.622254e-02
6.625197e-02
6.628165e-02
6.631108e-02
6.634077e-02
6.637020e-02
6.639989e-02
6.642932e-02
6.645900e-02
6.648843e-02
6.651812e-02
6.654755e-02
6.657723e-02
6.660666e-02
6.663661e-02
6.666604e-02
6.669598e-02
6.672541e-02
6.675535e-02
6.678478e-02
6.681472e-02
6.684414e-02
6.687409e-02
6.690350e-02
6.693345e-02
6.696286e-02
6.699280e-02
6.702222e-02
6.705216e-02
6.708157e-02
6.711150e-02
6.714092e-02
6.717085e-02
6.720026e-02
6.723019e-02
6.725960e-02
6.728953e-02
6.731894e-02
6.734887e-02
6.737827e-02
6.740820e-02
6.743760e-02
6.746753e-02
6.749693e-02
6.752685e-02
6.755625e-02
6.758618e-02
6.761558e-02
6.764550e-02
6.767490e-02
6.770482e-02
6.773421e-02
6.776413e-02
6.779353e-02
6.782344e-02
6.785283e-02
6.788275e-02
6.791324e-02
6.794440e-02
6.797379e-02
6.800370e-02
6.803419e-02
6.806535e-02
6.809726e-02
6.812999e-02
6.816366e-02
6.819834e-02
6.823411e-02
6.827100e-02
6.830899e-02
6.834795e-02
6.837735e-02
6.840732e-02
6.843790e-02
6.846763e-02
6.849793e-02
6.852767e-02
6.855714e-02
6.858716e-02
6.861664e-02
6.864666e-02
6.867615e-02
6.870618e-02
6.873567e-02
6.876572e-02
6.879522e-02
6.882527e-02
6.885477e-02
6.888484e-02
6.891435e-02
6.894443e-02
6.897395e-02
6.900404e-02
6.903356e-02
6.906367e-02
6.909321e-02
6.912332e-02
6.915287e-02
6.918301e-02
6.921258e-02
6.924274e-02
6.927232e-02
6.930251e-02
6.933212e-02
6.936234e-02
6.939197e-02
6.942223e-02
6.945189e-02
6.948220e-02
6.951190e-02
6.954226e-02
6.957201e-02
6.960244e-02
6.963223e-02
6.966275e-02
6.969260e-02
6.972321e-02
6.975313e-02
6.978386e-02
6.981387e-02
6.984472e-02
6.987483e-02
6.990458e-02
6.993493e-02
6.996566e-02
6.999742e-02
7.003000e-02
7.005954e-02
7.008966e-02
7.012041e-02
7.015029e-02
7.017989e-02
7.021004e-02
7.023964e-02
7.026951e-02
7.029910e-02
7.032896e-02
7.035855e-02
7.038840e-02
7.041797e-02
7.044780e-02
7.047736e-02
7.050717e-02
7.053671e-02
7.056650e-02
7.059602e-02
7.062579e-02
7.065530e-02
7.068531e-02
7.071832e-02
7.075463e-02
7.079391e-02
7.083319e-02
7.087250e-02
7.091181e-02
7.095114e-02
7.099049e-02
7.102985e-02
7.106923e-02
7.110860e-02
7.114798e-02
7.118736e-02
7.122674e-02
7.126612e-02
7.130551e-02
7.134490e-02
7.138429e-02
7.142368e-02
7.146307e-02
7.150247e-02
7.154187e-02
7.158128e-02
7.162068e-02
7.166009e-02
7.169951e-02
7.173892e-02
7.177834e-02
7.180797e-02
7.183831e-02
7.186936e-02
7.189945e-02
7.192925e-02
7.195934e-02
7.198914e-02
7.201921e-02
7.204900e-02
7.207904e-02
7.210880e-02
7.213881e-02
7.216853e-02
7.219849e-02
7.222818e-02
7.225811e-02
7.228777e-02
7.232039e-02
7.235627e-02
7.239574e-02
7.243521e-02
7.247468e-02
7.251415e-02
7.255363e-02
7.259311e-02
7.263259e-02
7.267207e-02
7.271156e-02
7.275104e-02
7.279053e-02
7.283002e-02
7.286952e-02
7.290901e-02
7.294851e-02
7.298801e-02
7.302751e-02
7.306701e-02
7.310652e-02
7.314603e-02
7.318554e-02
7.321516e-02
7.324534e-02
7.327499e-02
7.330489e-02
7.333454e-02
7.336444e-02
7.339732e-02
7.343350e-02
7.347302e-02
7.351254e-02
7.355206e-02
7.359158e-02
7.363110e-02
7.367062e-02
7.371013e-02
7.374964e-02
7.377928e-02
7.381189e-02
7.384153e-02
7.387413e-02
7.390377e-02
7.393638e-02
7.396602e-02
7.399863e-02
7.402827e-02
7.406088e-02
7.409053e-02
7.412313e-02
7.415278e-02
7.418539e-02
7.422126e-02
7.426072e-02
7.430019e-02
7.433966e-02
7.437912e-02
7.441858e-02
7.445804e-02
7.449749e-02
7.453694e-02
7.457638e-02
7.461582e-02
7.465526e-02
7.469469e-02
7.473412e-02
7.477354e-02
7.481298e-02
7.485243e-02
7.489189e-02
7.493133e-02
7.497078e-02
7.501022e-02
7.504966e-02
7.508910e-02
7.512853e-02
7.516796e-02
7.520739e-02
7.524681e-02
7.528623e-02
7.532564e-02
7.536506e-02
7.540447e-02
7.544388e-02
7.548328e-02
7.552268e-02
7.556208e-02
7.560148e-02
7.564088e-02
7.568027e-02
7.571967e-02
7.575906e-02
7.579845e-02
7.583783e-02
7.586747e-02
7.589762e-02
7.592726e-02
7.595741e-02
7.598706e-02
7.601695e-02
7.604659e-02
7.607649e-02
7.610613e-02
7.613602e-02
7.616567e-02
7.619556e-02
7.622520e-02
7.625536e-02
7.628500e-02
7.631516e-02
7.634480e-02
7.637495e-02
7.640459e-02
7.643474e-02
7.646438e-02
7.649453e-02
7.652417e-02
7.655432e-02
7.658395e-02
7.661410e-02
7.664373e-02
7.667387e-02
7.670350e-02
7.673364e-02
7.676327e-02
7.679341e-02
7.682303e-02
7.685317e-02
7.688279e-02
7.691292e-02
7.694254e-02
7.697266e-02
7.700228e-02
7.703240e-02
7.706201e-02
7.709213e-02
7.712173e-02
7.715184e-02
7.718145e-02
7.721155e-02
7.724223e-02
7.727354e-02
7.730558e-02
7.733843e-02
7.736805e-02
7.739819e-02
7.742782e-02
7.745797e-02
7.748760e-02
7.751775e-02
7.754738e-02
7.757753e-02
7.760716e-02
7.763731e-02
7.766693e-02
7.769708e-02
7.772671e-02
7.775685e-02
7.778648e-02
7.781662e-02
7.784624e-02
7.787638e-02
7.790600e-02
7.793614e-02
7.796576e-02
7.799590e-02
7.802552e-02
7.805566e-02
7.808527e-02
7.811541e-02
7.814502e-02
7.817516e-02
7.820477e-02
7.823490e-02
7.826451e-02
7.829464e-02
7.832425e-02
7.835438e-02
7.838399e-02
7.841411e-02
7.844372e-02
7.847384e-02
7.850344e-02
7.853356e-02
7.856316e-02
7.859328e-02
7.862287e-02
7.865298e-02
7.868257e-02
7.871268e-02
7.874226e-02
7.877236e-02
7.880194e-02
7.883203e-02
7.886165e-02
7.889188e-02
7.892278e-02
7.895279e-02
7.898250e-02
7.901282e-02
7.904224e-02
7.907256e-02
7.910229e-02
7.913259e-02
7.916229e-02
7.919257e-02
7.922200e-02
7.925153e-02
7.928094e-02
7.931057e-02
7.933994e-02
7.936955e-02
7.939913e-02
7.942931e-02
7.945860e-02
7.948813e-02
7.951739e-02
7.954672e-02
7.957618e-02
7.960551e-02
7.963472e-02
7.966407e-02
7.969308e-02
7.972230e-02
7.975126e-02
7.978044e-02
7.980937e-02
7.983851e-02
7.986741e-02
7.989730e-02
7.992619e-02
7.995570e-02
7.998458e-02
8.001390e-02
8.004276e-02
8.007226e-02
8.010125e-02
8.013135e-02
8.016029e-02
8.019034e-02
8.021923e-02
8.024903e-02
8.027843e-02
8.030836e-02
8.033759e-02
8.036974e-02
8.039882e-02
8.043081e-02
8.046600e-02
8.050225e-02
8.053847e-02
8.057463e-02
8.061076e-02
8.064685e-02
8.067556e-02
8.070541e-02
8.073389e-02
8.076281e-02
8.079127e-02
8.081995e-02
8.084837e-02
8.087702e-02
8.090542e-02
8.093428e-02
8.096266e-02
8.099125e-02
8.101960e-02
8.104817e-02
8.107649e-02
8.110504e-02
8.113333e-02
8.116184e-02
8.119011e-02
8.121859e-02
8.124682e-02
8.127526e-02
8.130346e-02
8.133187e-02
8.136003e-02
8.138864e-02
8.141677e-02
8.144534e-02
8.147375e-02
8.150338e-02
8.153174e-02
8.156182e-02
8.159013e-02
8.161963e-02
8.164788e-02
8.167722e-02
8.170723e-02
8.173789e-02
8.176673e-02
8.179617e-02
8.182491e-02
8.185387e-02
8.188251e-02
8.191135e-02
8.193945e-02
8.196813e-02
8.199621e-02
8.202477e-02
8.205281e-02
8.208135e-02
8.210962e-02
8.213869e-02
8.216689e-02
8.219735e-02
8.222549e-02
8.225645e-02
8.228453e-02
8.231537e-02
8.234501e-02
8.237569e-02
8.240516e-02
8.243562e-02
8.246493e-02
8.249518e-02
8.252435e-02
8.255440e-02
8.258343e-02
8.261331e-02
8.264220e-02
8.267191e-02
8.270264e-02
8.273446e-02
8.276765e-02
8.280192e-02
8.283616e-02
8.287039e-02
8.290460e-02
8.293879e-02
8.297306e-02
8.300731e-02
8.304155e-02
8.307577e-02
8.310998e-02
8.314417e-02
8.317834e-02
8.321249e-02
8.324663e-02
8.328075e-02
8.331494e-02
8.334912e-02
8.338327e-02
8.341740e-02
8.345151e-02
8.348559e-02
8.351966e-02
8.355370e-02
8.358772e-02
8.362171e-02
8.365575e-02
8.368977e-02
8.372376e-02
8.375772e-02
8.379166e-02
8.382557e-02
8.385945e-02
8.389331e-02
8.392352e-02
8.395675e-02
8.399061e-02
8.402354e-02
8.405383e-02
8.408654e-02
8.411687e-02
8.414932e-02
8.417969e-02
8.421196e-02
8.424238e-02
8.427452e-02
8.430499e-02
8.433704e-02
8.436757e-02
8.439956e-02
8.443016e-02
8.446213e-02
8.449280e-02
8.452416e-02
8.455492e-02
8.458692e-02
8.461777e-02
8.464983e-02
8.467713e-02
8.470501e-02
8.473345e-02
8.476106e-02
8.478840e-02
8.481619e-02
8.484350e-02
8.487103e-02
8.489832e-02
8.492582e-02
8.495308e-02
8.498055e-02
8.500779e-02
8.503524e-02
8.506246e-02
8.508988e-02
8.511708e-02
8.514449e-02
8.517167e-02
8.519906e-02
8.522624e-02
8.525362e-02
8.528079e-02
8.530816e-02
8.533533e-02
8.536270e-02
8.538986e-02
8.541974e-02
8.544697e-02
8.547466e-02
8.550191e-02
8.552960e-02
8.555686e-02
8.558433e-02
8.561160e-02
8.563907e-02
8.566633e-02
8.569380e-02
8.572106e-02
8.574853e-02
8.577578e-02
8.580324e-02
8.583049e-02
8.585795e-02
8.588520e-02
8.591265e-02
8.593989e-02
8.596734e-02
8.599458e-02
8.602203e-02
8.604933e-02
8.607710e-02
8.610443e-02
8.613220e-02
8.615953e-02
8.618709e-02
8.621442e-02
8.624197e-02
8.626931e-02
8.629685e-02
8.632418e-02
8.635172e-02
8.637905e-02
8.640658e-02
8.643390e-02
8.646143e-02
8.648875e-02
8.651628e-02
8.654359e-02
8.657111e-02
8.659843e-02
8.662616e-02
8.665354e-02
8.668139e-02
8.670880e-02
8.673666e-02
8.676408e-02
8.679195e-02
8.681937e-02
8.684702e-02
8.687444e-02
8.690209e-02
8.692951e-02
8.695716e-02
8.698458e-02
8.701245e-02
8.704082e-02
8.706848e-02
8.709661e-02
8.712528e-02
8.715275e-02
8.718072e-02
8.720922e-02
8.723698e-02
8.726452e-02
8.729253e-02
8.732008e-02
8.734810e-02
8.737566e-02
8.740369e-02
8.743125e-02
8.745929e-02
8.748785e-02
8.751568e-02
8.754326e-02
8.757136e-02
8.759901e-02
8.762715e-02
8.765483e-02
8.768300e-02
8.771062e-02
8.773878e-02
8.776646e-02
8.779462e-02
8.782231e-02
8.785032e-02
8.787801e-02
8.790628e-02
8.793399e-02
8.796204e-02
8.798986e-02
8.801787e-02
8.804569e-02
8.807376e-02
8.810158e-02
8.812975e-02
8.815758e-02
8.818572e-02
8.821351e-02
8.824175e-02
8.826956e-02
8.829781e-02
8.832563e-02
8.835393e-02
8.838174e-02
8.841006e-02
8.843783e-02
8.846618e-02
8.849405e-02
8.852242e-02
8.855027e-02
8.857851e-02
8.860634e-02
8.863482e-02
8.866263e-02
8.869089e-02
8.871861e-02
8.874677e-02
8.877448e-02
8.880286e-02
8.883089e-02
8.885969e-02
8.888791e-02
8.891694e-02
8.894566e-02
8.897458e-02
8.900308e-02
8.903175e-02
8.906007e-02
8.909122e-02
8.912371e-02
8.915691e-02
8.918845e-02
8.922051e-02
8.925132e-02
8.928326e-02
8.931334e-02
8.934437e-02
8.937395e-02
8.940431e-02
8.943348e-02
8.946324e-02
8.949208e-02
8.952112e-02
8.954921e-02
8.957795e-02
8.960633e-02
8.963489e-02
8.966408e-02
8.969276e-02
8.972117e-02
8.975005e-02
8.977827e-02
8.980736e-02
8.983588e-02
8.986552e-02
8.989442e-02
8.992445e-02
8.995584e-02
8.998885e-02
9.001979e-02
9.005225e-02
9.008291e-02
9.011494e-02
9.014534e-02
9.017697e-02
9.020715e-02
9.023841e-02
9.026835e-02
9.029927e-02
9.032900e-02
9.035960e-02
9.038914e-02
9.041946e-02
9.044882e-02
9.047890e-02
9.050810e-02
9.053797e-02
9.056704e-02
9.059681e-02
9.062738e-02
9.065871e-02
9.068770e-02
9.071732e-02
9.074628e-02
9.077554e-02
9.080446e-02
9.083368e-02
9.086255e-02
9.089171e-02
9.092054e-02
9.094965e-02
9.097845e-02
9.100752e-02
9.103629e-02
9.106531e-02
9.109405e-02
9.112304e-02
9.115175e-02
9.118103e-02
9.120968e-02
9.124013e-02
9.126871e-02
9.130015e-02
9.132868e-02
9.136007e-02
9.138858e-02
9.141993e-02
9.144842e-02
9.147976e-02
9.150824e-02
9.153957e-02
9.156796e-02
9.159681e-02
9.162521e-02
9.165384e-02
9.168225e-02
9.171089e-02
9.173930e-02
9.176917e-02
9.179760e-02
9.182708e-02
9.185552e-02
9.188478e-02
9.191328e-02
9.194463e-02
9.197912e-02
9.201417e-02
9.204924e-02
9.208434e-02
9.211946e-02
9.215459e-02
9.218974e-02
9.222490e-02
9.225663e-02
9.228937e-02
9.232321e-02
9.235823e-02
9.239027e-02
9.242327e-02
9.245731e-02
9.249250e-02
9.252484e-02
9.255819e-02
9.259264e-02
9.262789e-02
9.266053e-02
9.269433e-02
9.272937e-02
9.276301e-02
9.279800e-02
9.283328e-02
9.286671e-02
9.290175e-02
9.293703e-02
9.297206e-02
9.300736e-02
9.304266e-02
9.307796e-02
9.311327e-02
9.314859e-02
9.318391e-02
9.321559e-02
9.324822e-02
9.328184e-02
9.331657e-02
9.334859e-02
9.338144e-02
9.341520e-02
9.344998e-02
9.348230e-02
9.351548e-02
9.354961e-02
9.358475e-02
9.361729e-02
9.365074e-02
9.368519e-02
9.372059e-02
9.375329e-02
9.378703e-02
9.382189e-02
9.385541e-02
9.389012e-02
9.392608e-02
9.395928e-02
9.399384e-02
9.402984e-02
9.406428e-02
9.410010e-02
9.413774e-02
9.417186e-02
9.420801e-02
9.424281e-02
9.427984e-02
9.431537e-02
9.435200e-02
9.438854e-02
9.442598e-02
9.445458e-02
9.448603e-02
9.452063e-02
9.455846e-02
9.459629e-02
9.463413e-02
9.467198e-02
9.470984e-02
9.474770e-02
9.478557e-02
9.482345e-02
9.486133e-02
9.489923e-02
9.493713e-02
9.497504e-02
9.501296e-02
9.505089e-02
9.508883e-02
9.512678e-02
9.516474e-02
9.520271e-02
9.524069e-02
9.527867e-02
9.531667e-02
9.535467e-02
9.539269e-02
9.543071e-02
9.546874e-02
9.550678e-02
9.554483e-02
9.558289e-02
9.562095e-02
9.565903e-02
9.569712e-02
9.573522e-02
9.577332e-02
9.581144e-02
9.584956e-02
9.588770e-02
9.592584e-02
9.595461e-02
9.598626e-02
9.601502e-02
9.604667e-02
9.608148e-02
9.611967e-02
9.614844e-02
9.617769e-02
9.620646e-02
9.623572e-02
9.626449e-02
9.629374e-02
9.632251e-02
9.635177e-02
9.638054e-02
9.640980e-02
9.643962e-02
9.647006e-02
9.650121e-02
9.653316e-02
9.656598e-02
9.659978e-02
9.663462e-02
9.667054e-02
9.670884e-02
9.675018e-02
9.679154e-02
9.683290e-02
9.687428e-02
9.691567e-02
9.695708e-02
9.699849e-02
9.703992e-02
9.708135e-02
9.712279e-02
9.716423e-02
9.720568e-02
9.724714e-02
9.728860e-02
9.733006e-02
9.737153e-02
9.741300e-02
9.745448e-02
9.748373e-02
9.751354e-02
9.754397e-02
9.757287e-02
9.760229e-02
9.763120e-02
9.766062e-02
9.768953e-02
9.771895e-02
9.774894e-02
9.777812e-02
9.780783e-02
9.783701e-02
9.786673e-02
9.789591e-02
9.792563e-02
9.795482e-02
9.798454e-02
9.801373e-02
9.804346e-02
9.807265e-02
9.810238e-02
9.813158e-02
9.816131e-02
9.819051e-02
9.822025e-02
9.824945e-02
9.827919e-02
9.830839e-02
9.833813e-02
9.836733e-02
9.839707e-02
9.842628e-02
9.845602e-02
9.848636e-02
9.851531e-02
9.854477e-02
9.857479e-02
9.860399e-02
9.863374e-02
9.866408e-02
9.869510e-02
9.872688e-02
9.875951e-02
9.879308e-02
9.882767e-02
9.886333e-02
9.890009e-02
9.893791e-02
9.897669e-02
9.901626e-02
9.905646e-02
9.909709e-02
9.913803e-02
9.917916e-02
9.920816e-02
9.923768e-02
9.926778e-02
9.929705e-02
9.932686e-02
9.935614e-02
9.938516e-02
9.941469e-02
9.944371e-02
9.947325e-02
9.950227e-02
9.953181e-02
9.956084e-02
9.959037e-02
9.961940e-02
9.964894e-02
9.967798e-02
9.970752e-02
9.973655e-02
9.976609e-02
9.979513e-02
9.982467e-02
9.985371e-02
9.988326e-02
9.991230e-02
9.994185e-02
9.997089e-02
1.000004e-01
1.000295e-01
1.000590e-01
1.000881e-01
1.001176e-01
1.001467e-01
1.001762e-01
1.002053e-01
1.002349e-01
1.002639e-01
1.002935e-01
1.003225e-01
1.003521e-01
1.003812e-01
1.004107e-01
1.004398e-01
1.004694e-01
1.004984e-01
1.005280e-01
1.005571e-01
1.005866e-01
1.006174e-01
1.006493e-01
1.006829e-01
1.007182e-01
1.007556e-01
1.007950e-01
1.008366e-01
1.008786e-01
1.009206e-01
1.009626e-01
1.010046e-01
1.010466e-01
1.010886e-01
1.011306e-01
1.011726e-01
1.012147e-01
1.012567e-01
1.012987e-01
1.013408e-01
1.013828e-01
1.014249e-01
1.014670e-01
1.015091e-01
1.015511e-01
1.015932e-01
1.016353e-01
1.016774e-01
1.017195e-01
1.017617e-01
1.018038e-01
1.018459e-01
1.018881e-01
1.019302e-01
1.019724e-01
1.020145e-01
1.020567e-01
1.020989e-01
1.021411e-01
1.021833e-01
1.022255e-01
1.022677e-01
1.023099e-01
1.023521e-01
1.023944e-01
1.024366e-01
1.024788e-01
1.025211e-01
1.025633e-01
1.026056e-01
1.026479e-01
1.026902e-01
1.027324e-01
1.027747e-01
1.028170e-01
1.028593e-01
1.029016e-01
1.029439e-01
1.029862e-01
1.030285e-01
1.030708e-01
1.031132e-01
1.031555e-01
1.031978e-01
1.032402e-01
1.032825e-01
1.033249e-01
1.033672e-01
1.034096e-01
1.034520e-01
1.034943e-01
1.035367e-01
1.035791e-01
1.036215e-01
1.036639e-01
1.037063e-01
1.037487e-01
1.037911e-01
1.038335e-01
1.038759e-01
1.039184e-01
1.039608e-01
1.040032e-01
1.040457e-01
1.040881e-01
1.041306e-01
1.041730e-01
1.042155e-01
1.042580e-01
1.043005e-01
1.043429e-01
1.043854e-01
1.044279e-01
1.044704e-01
1.045129e-01
1.045554e-01
1.045979e-01
1.046405e-01
1.046830e-01
1.047255e-01
1.047681e-01
1.048114e-01
1.048547e-01
1.048981e-01
1.049414e-01
1.049848e-01
1.050281e-01
1.050715e-01
1.051149e-01
1.051583e-01
1.052016e-01
1.052450e-01
1.052884e-01
1.053318e-01
1.053753e-01
1.054187e-01
1.054621e-01
1.055055e-01
1.055490e-01
1.055925e-01
1.056359e-01
1.056794e-01
1.057229e-01
1.057664e-01
1.058099e-01
1.058534e-01
1.058969e-01
1.059404e-01
1.059840e-01
1.060275e-01
1.060710e-01
1.061145e-01
1.061581e-01
1.062016e-01
1.062452e-01
1.062887e-01
1.063323e-01
1.063758e-01
1.064194e-01
1.064630e-01
1.065066e-01
1.065502e-01
1.065938e-01
1.066270e-01
1.066635e-01
1.066968e-01
1.067304e-01
1.067637e-01
1.067973e-01
1.068307e-01
1.068644e-01
1.068979e-01
1.069316e-01
1.069651e-01
1.069989e-01
1.070325e-01
1.070664e-01
1.071000e-01
1.071339e-01
1.071676e-01
1.072016e-01
1.072353e-01
1.072693e-01
1.072995e-01
1.073327e-01
1.073629e-01
1.073961e-01
1.074263e-01
1.074596e-01
1.074935e-01
1.075277e-01
1.075578e-01
1.075910e-01
1.076211e-01
1.076542e-01
1.076851e-01
1.077191e-01
1.077500e-01
1.077841e-01
1.078141e-01
1.078472e-01
1.078773e-01
1.079104e-01
1.079405e-01
1.079736e-01
1.080037e-01
1.080368e-01
1.080712e-01
1.081059e-01
1.081375e-01
1.081722e-01
1.082021e-01
1.082350e-01
1.082649e-01
1.082978e-01
1.083277e-01
1.083606e-01
1.083905e-01
1.084234e-01
1.084534e-01
1.084861e-01
1.085160e-01
1.085481e-01
1.085781e-01
1.086098e-01
1.086398e-01
1.086713e-01
1.087012e-01
1.087342e-01
1.087705e-01
1.088104e-01
1.088501e-01
1.088938e-01
1.089266e-01
1.089626e-01
1.089955e-01
1.090315e-01
1.090712e-01
1.091149e-01
1.091548e-01
1.091986e-01
1.092385e-01
1.092823e-01
1.093222e-01
1.093662e-01
1.094061e-01
1.094501e-01
1.094902e-01
1.095342e-01
1.095744e-01
1.096185e-01
1.096587e-01
1.097029e-01
1.097433e-01
1.097875e-01
1.098279e-01
1.098722e-01
1.099127e-01
1.099569e-01
1.099976e-01
1.100418e-01
1.100826e-01
1.101269e-01
1.101607e-01
1.101979e-01
1.102317e-01
1.102689e-01
1.103028e-01
1.103392e-01
1.103731e-01
1.104092e-01
1.104431e-01
1.104789e-01
1.105183e-01
1.105609e-01
1.106026e-01
1.106470e-01
1.106888e-01
1.107331e-01
1.107751e-01
1.108194e-01
1.108614e-01
1.109058e-01
1.109478e-01
1.109922e-01
1.110342e-01
1.110786e-01
1.111205e-01
1.111655e-01
1.112073e-01
1.112523e-01
1.112939e-01
1.113389e-01
1.113803e-01
1.114250e-01
1.114662e-01
1.115108e-01
1.115516e-01
1.115962e-01
1.116366e-01
1.116811e-01
1.117212e-01
1.117652e-01
1.118050e-01
1.118488e-01
1.118883e-01
1.119318e-01
1.119712e-01
1.120145e-01
1.120536e-01
1.120967e-01
1.121402e-01
1.121845e-01
1.122277e-01
1.122716e-01
1.123056e-01
1.123403e-01
1.123757e-01
1.124101e-01
1.124452e-01
1.124810e-01
1.125151e-01
1.125498e-01
1.125839e-01
1.126186e-01
1.126527e-01
1.126874e-01
1.127215e-01
1.127563e-01
1.127903e-01
1.128251e-01
1.128592e-01
1.128939e-01
1.129294e-01
1.129657e-01
1.129998e-01
1.130346e-01
1.130701e-01
1.131064e-01
1.131405e-01
1.131752e-01
1.132108e-01
1.132471e-01
1.132812e-01
1.133160e-01
1.133515e-01
1.133879e-01
1.134220e-01
1.134568e-01
1.134923e-01
1.135287e-01
1.135628e-01
1.135976e-01
1.136332e-01
1.136696e-01
1.137037e-01
1.137386e-01
1.137742e-01
1.138087e-01
1.138439e-01
1.138800e-01
1.139141e-01
1.139490e-01
1.139847e-01
1.140192e-01
1.140545e-01
1.140907e-01
1.141249e-01
1.141598e-01
1.141955e-01
1.142302e-01
1.142656e-01
1.143018e-01
1.143361e-01
1.143711e-01
1.144070e-01
1.144438e-01
1.144819e-01
1.145214e-01
1.145616e-01
1.146028e-01
1.146429e-01
1.146840e-01
1.147240e-01
1.147650e-01
1.148048e-01
1.148456e-01
1.148854e-01
1.149261e-01
1.149657e-01
1.150062e-01
1.150457e-01
1.150861e-01
1.151255e-01
1.151658e-01
1.152050e-01
1.152452e-01
1.152843e-01
1.153244e-01
1.153634e-01
1.154034e-01
1.154423e-01
1.154822e-01
1.155210e-01
1.155608e-01
1.155995e-01
1.156392e-01
1.156778e-01
1.157174e-01
1.157560e-01
1.157955e-01
1.158340e-01
1.158734e-01
1.159119e-01
1.159512e-01
1.159896e-01
1.160289e-01
1.160671e-01
1.161064e-01
1.161446e-01
1.161838e-01
1.162219e-01
1.162611e-01
1.162992e-01
1.163383e-01
1.163763e-01
1.164154e-01
1.164534e-01
1.164924e-01
1.165304e-01
1.165694e-01
1.166074e-01
1.166463e-01
1.166843e-01
1.167232e-01
1.167611e-01
1.168000e-01
1.168380e-01
1.168769e-01
1.169148e-01
1.169536e-01
1.169916e-01
1.170304e-01
1.170683e-01
1.171072e-01
1.171451e-01
1.171840e-01
1.172219e-01
1.172607e-01
1.172986e-01
1.173375e-01
1.173754e-01
1.174143e-01
1.174522e-01
1.174910e-01
1.175289e-01
1.175678e-01
1.176057e-01
1.176446e-01
1.176825e-01
1.177214e-01
1.177593e-01
1.177982e-01
1.178361e-01
1.178751e-01
1.179130e-01
1.179519e-01
1.179899e-01
1.180288e-01
1.180668e-01
1.181058e-01
1.181438e-01
1.181827e-01
1.182207e-01
1.182597e-01
1.182978e-01
1.183368e-01
1.183749e-01
1.184139e-01
1.184520e-01
1.184911e-01
1.185292e-01
1.185684e-01
1.186065e-01
1.186457e-01
1.186839e-01
1.187231e-01
1.187613e-01
1.188006e-01
1.188389e-01
1.188781e-01
1.189165e-01
1.189558e-01
1.189942e-01
1.190336e-01
1.190721e-01
1.191115e-01
1.191500e-01
1.191895e-01
1.192281e-01
1.192677e-01
1.193063e-01
1.193459e-01
1.193846e-01
1.194243e-01
1.194631e-01
1.195029e-01
1.195417e-01
1.195816e-01
1.196205e-01
1.196604e-01
1.196994e-01
1.197394e-01
1.197785e-01
1.198185e-01
1.198577e-01
1.198978e-01
1.199370e-01
1.199773e-01
1.200166e-01
1.200569e-01
1.200962e-01
1.201366e-01
1.201761e-01
1.202165e-01
1.202560e-01
1.202966e-01
1.203362e-01
1.203768e-01
1.204165e-01
1.204572e-01
1.204969e-01
1.205377e-01
1.205775e-01
1.206184e-01
1.206583e-01
1.206992e-01
1.207392e-01
1.207802e-01
1.208202e-01
1.208613e-01
1.209014e-01
1.209425e-01
1.209827e-01
1.210239e-01
1.210641e-01
1.211054e-01
1.211450e-01
1.211861e-01
1.212252e-01
1.212659e-01
1.213064e-01
1.213478e-01
1.213883e-01
1.214298e-01
1.214704e-01
1.215120e-01
1.215526e-01
1.215942e-01
1.216349e-01
1.216765e-01
1.217172e-01
1.217590e-01
1.217997e-01
1.218415e-01
1.218823e-01
1.219241e-01
1.219650e-01
1.220068e-01
1.220477e-01
1.220897e-01
1.221306e-01
1.221726e-01
1.222136e-01
1.222556e-01
1.222966e-01
1.223386e-01
1.223797e-01
1.224218e-01
1.224629e-01
1.225050e-01
1.225462e-01
1.225883e-01
1.226295e-01
1.226717e-01
1.227129e-01
1.227551e-01
1.227963e-01
1.228385e-01
1.228798e-01
1.229220e-01
1.229633e-01
1.230056e-01
1.230468e-01
1.230891e-01
1.231304e-01
1.231727e-01
1.232141e-01
1.232564e-01
1.232977e-01
1.233401e-01
1.233814e-01
1.234237e-01
1.234651e-01
1.235075e-01
1.235488e-01
1.235912e-01
1.236325e-01
1.236749e-01
1.237163e-01
1.237587e-01
1.238000e-01
1.238424e-01
1.238838e-01
1.239262e-01
1.239676e-01
1.240100e-01
1.240514e-01
1.240938e-01
1.241351e-01
1.241697e-01
1.242050e-01
1.242411e-01
1.242753e-01
1.243101e-01
1.243443e-01
1.243792e-01
1.244134e-01
1.244482e-01
1.244824e-01
1.245173e-01
1.245515e-01
1.245864e-01
1.246206e-01
1.246555e-01
1.246897e-01
1.247246e-01
1.247588e-01
1.247937e-01
1.248279e-01
1.248629e-01
1.248971e-01
1.249320e-01
1.249663e-01
1.250012e-01
1.250355e-01
1.250704e-01
1.251063e-01
1.251435e-01
1.251770e-01
1.252139e-01
1.252474e-01
1.252833e-01
1.253169e-01
1.253517e-01
1.253852e-01
1.254198e-01
1.254534e-01
1.254885e-01
1.255263e-01
1.255671e-01
1.256085e-01
1.256511e-01
1.256926e-01
1.257351e-01
1.257766e-01
1.258192e-01
1.258606e-01
1.259032e-01
1.259446e-01
1.259872e-01
1.260286e-01
1.260712e-01
1.261127e-01
1.261552e-01
1.261967e-01
1.262393e-01
1.262808e-01
1.263234e-01
1.263648e-01
1.264074e-01
1.264489e-01
1.264916e-01
1.265331e-01
1.265757e-01
1.266172e-01
1.266598e-01
1.267014e-01
1.267440e-01
1.267855e-01
1.268282e-01
1.268697e-01
1.269124e-01
1.269539e-01
1.269966e-01
1.270381e-01
1.270808e-01
1.271224e-01
1.271651e-01
1.272066e-01
1.272493e-01
1.272909e-01
1.273336e-01
1.273751e-01
1.274178e-01
1.274593e-01
1.275020e-01
1.275435e-01
1.275862e-01
1.276277e-01
1.276704e-01
1.277119e-01
1.277545e-01
1.277960e-01
1.278387e-01
1.278802e-01
1.279228e-01
1.279563e-01
1.279904e-01
1.280253e-01
1.280609e-01
1.280945e-01
1.281286e-01
1.281621e-01
1.281963e-01
1.282298e-01
1.282640e-01
1.282975e-01
1.283316e-01
1.283652e-01
1.283994e-01
1.284329e-01
1.284671e-01
1.285006e-01
1.285348e-01
1.285684e-01
1.286026e-01
1.286361e-01
1.286703e-01
1.287039e-01
1.287381e-01
1.287717e-01
1.288059e-01
1.288395e-01
1.288737e-01
1.289073e-01
1.289415e-01
1.289751e-01
1.290094e-01
1.290430e-01
1.290773e-01
1.291124e-01
1.291487e-01
1.291863e-01
1.292255e-01
1.292664e-01
1.293091e-01
1.293505e-01
1.293932e-01
1.294347e-01
1.294774e-01
1.295189e-01
1.295617e-01
1.295998e-01
1.296418e-01
1.296801e-01
1.297222e-01
1.297609e-01
1.298034e-01
1.298428e-01
1.298856e-01
1.299259e-01
1.299689e-01
1.300103e-01
1.300535e-01
1.300955e-01
1.301390e-01
1.301814e-01
1.302215e-01
1.302629e-01
1.303059e-01
1.303494e-01
1.303901e-01
1.304322e-01
1.304757e-01
1.305207e-01
1.305661e-01
1.306114e-01
1.306567e-01
1.307020e-01
1.307473e-01
1.307926e-01
1.308380e-01
1.308833e-01
1.309286e-01
1.309739e-01
1.310192e-01
1.310645e-01
1.311098e-01
1.311512e-01
1.311937e-01
1.312373e-01
1.312795e-01
1.313226e-01
1.313649e-01
1.314081e-01
1.314503e-01
1.314936e-01
1.315359e-01
1.315791e-01
1.316214e-01
1.316647e-01
1.317071e-01
1.317504e-01
1.317928e-01
1.318362e-01
1.318786e-01
1.319220e-01
1.319645e-01
1.320080e-01
1.320505e-01
1.320942e-01
1.321368e-01
1.321805e-01
1.322232e-01
1.322671e-01
1.323099e-01
1.323540e-01
1.323969e-01
1.324411e-01
1.324842e-01
1.325286e-01
1.325719e-01
1.326166e-01
1.326601e-01
1.327051e-01
1.327488e-01
1.327941e-01
1.328381e-01
1.328835e-01
1.329278e-01
1.329732e-01
1.330179e-01
1.330632e-01
1.331084e-01
1.331537e-01
1.331991e-01
1.332444e-01
1.332897e-01
1.333350e-01
1.333803e-01
1.334256e-01
1.334709e-01
1.335162e-01
1.335615e-01
1.336067e-01
1.336520e-01
1.336973e-01
1.337425e-01
1.337878e-01
1.338330e-01
1.338784e-01
1.339239e-01
1.339693e-01
1.340147e-01
1.340600e-01
1.341054e-01
1.341508e-01
1.341962e-01
1.342415e-01
1.342869e-01
1.343322e-01
1.343775e-01
1.344229e-01
1.344682e-01
1.345135e-01
1.345588e-01
1.346041e-01
1.346495e-01
1.346948e-01
1.347401e-01
1.347854e-01
1.348307e-01
1.348760e-01
1.349213e-01
1.349666e-01
1.350119e-01
1.350572e-01
1.351025e-01
1.351479e-01
1.351932e-01
1.352386e-01
1.352840e-01
1.353294e-01
1.353748e-01
1.354203e-01
1.354657e-01
1.355111e-01
1.355565e-01
1.356019e-01
1.356473e-01
1.356927e-01
1.357381e-01
1.357835e-01
1.358289e-01
1.358743e-01
1.359197e-01
1.359651e-01
1.360105e-01
1.360559e-01
1.361014e-01
1.361468e-01
1.361922e-01
1.362376e-01
1.362830e-01
1.363285e-01
1.363739e-01
1.364193e-01
1.364647e-01
1.365101e-01
1.365555e-01
1.366009e-01
1.366463e-01
1.366916e-01
1.367370e-01
1.367824e-01
1.368277e-01
1.368731e-01
1.369185e-01
1.369638e-01
1.370091e-01
1.370545e-01
1.370998e-01
1.371451e-01
1.371905e-01
1.372358e-01
1.372811e-01
1.373264e-01
1.373717e-01
1.374170e-01
1.374623e-01
1.375076e-01
1.375529e-01
1.375982e-01
1.376435e-01
1.376887e-01
1.377340e-01
1.377793e-01
1.378245e-01
1.378698e-01
1.379150e-01
1.379512e-01
1.379909e-01
1.380271e-01
1.380658e-01
1.381019e-01
1.381401e-01
1.381762e-01
1.382140e-01
1.382501e-01
1.382877e-01
1.383238e-01
1.383611e-01
1.383972e-01
1.384344e-01
1.384753e-01
1.385203e-01
1.385654e-01
1.386105e-01
1.386556e-01
1.387007e-01
1.387457e-01
1.387908e-01
1.388358e-01
1.388809e-01
1.389177e-01
1.389581e-01
1.389949e-01
1.390354e-01
1.390722e-01
1.391126e-01
1.391494e-01
1.391891e-01
1.392258e-01
1.392649e-01
1.393016e-01
1.393403e-01
1.393770e-01
1.394150e-01
1.394518e-01
1.394896e-01
1.395263e-01
1.395644e-01
1.396011e-01
1.396391e-01
1.396758e-01
1.397137e-01
1.397504e-01
1.397882e-01
1.398249e-01
1.398626e-01
1.398993e-01
1.399370e-01
1.399737e-01
1.400113e-01
1.400480e-01
1.400856e-01
1.401223e-01
1.401598e-01
1.401965e-01
1.402340e-01
1.402706e-01
1.403081e-01
1.403448e-01
1.403822e-01
1.404188e-01
1.404563e-01
1.404929e-01
1.405303e-01
1.405669e-01
1.406043e-01
1.406409e-01
1.406782e-01
1.407154e-01
1.407545e-01
1.407917e-01
1.408310e-01
1.408682e-01
1.409070e-01
1.409442e-01
1.409827e-01
1.410198e-01
1.410585e-01
1.410956e-01
1.411341e-01
1.411712e-01
1.412096e-01
1.412467e-01
1.412849e-01
1.413220e-01
1.413601e-01
1.413973e-01
1.414353e-01
1.414724e-01
1.415104e-01
1.415475e-01
1.415855e-01
1.416225e-01
1.416605e-01
1.416975e-01
1.417354e-01
1.417724e-01
1.418103e-01
1.418473e-01
1.418852e-01
1.419222e-01
1.419600e-01
1.419976e-01
1.420375e-01
1.420751e-01
1.421149e-01
1.421525e-01
1.421919e-01
1.422295e-01
1.422691e-01
1.423086e-01
1.423481e-01
1.423877e-01
1.424271e-01
1.424665e-01
1.425058e-01
1.425452e-01
1.425845e-01
1.426238e-01
1.426631e-01
1.427023e-01
1.427415e-01
1.427808e-01
1.428200e-01
1.428592e-01
1.428984e-01
1.429377e-01
1.429768e-01
1.430160e-01
1.430552e-01
1.430944e-01
1.431336e-01
1.431728e-01
1.432120e-01
1.432512e-01
1.432903e-01
1.433287e-01
1.433679e-01
1.434063e-01
1.434455e-01
1.434839e-01
1.435231e-01
1.435623e-01
1.436015e-01
1.436408e-01
1.436801e-01
1.437194e-01
1.437587e-01
1.437974e-01
1.438368e-01
1.438756e-01
1.439150e-01
1.439545e-01
1.439940e-01
1.440335e-01
1.440731e-01
1.441121e-01
1.441517e-01
1.441914e-01
1.442311e-01
1.442704e-01
1.443101e-01
1.443499e-01
1.443898e-01
1.444296e-01
1.444695e-01
1.445095e-01
1.445495e-01
1.445895e-01
1.446295e-01
1.446696e-01
1.447097e-01
1.447498e-01
1.447900e-01
1.448302e-01
1.448705e-01
1.449108e-01
1.449511e-01
1.449915e-01
1.450319e-01
1.450723e-01
1.451127e-01
1.451532e-01
1.451938e-01
1.452343e-01
1.452749e-01
1.453155e-01
1.453561e-01
1.453967e-01
1.454374e-01
1.454781e-01
1.455188e-01
1.455595e-01
1.456002e-01
1.456410e-01
1.456818e-01
1.457226e-01
1.457634e-01
1.458042e-01
1.458450e-01
1.458859e-01
1.459268e-01
1.459676e-01
1.460085e-01
1.460494e-01
1.460904e-01
1.461313e-01
1.461722e-01
1.462131e-01
1.462541e-01
1.462950e-01
1.463360e-01
1.463770e-01
1.464180e-01
1.464589e-01
1.464999e-01
1.465410e-01
1.465820e-01
1.466230e-01
1.466640e-01
1.467050e-01
1.467461e-01
1.467871e-01
1.468282e-01
1.468692e-01
1.469103e-01
1.469513e-01
1.469924e-01
1.470335e-01
1.470746e-01
1.471156e-01
1.471567e-01
1.471978e-01
1.472389e-01
1.472800e-01
1.473211e-01
1.473621e-01
1.474032e-01
1.474443e-01
1.474854e-01
1.475265e-01
1.475676e-01
1.476087e-01
1.476498e-01
1.476908e-01
1.477319e-01
1.477730e-01
1.478141e-01
1.478552e-01
1.478963e-01
1.479373e-01
1.479784e-01
1.480195e-01
1.480606e-01
1.481017e-01
1.481428e-01
1.481839e-01
1.482249e-01
1.482660e-01
1.483071e-01
1.483482e-01
1.483893e-01
1.484304e-01
1.484716e-01
1.485127e-01
1.485538e-01
1.485949e-01
1.486360e-01
1.486772e-01
1.487183e-01
1.487594e-01
1.488006e-01
1.488417e-01
1.488829e-01
1.489240e-01
1.489652e-01
1.490064e-01
1.490476e-01
1.490887e-01
1.491299e-01
1.491711e-01
1.492123e-01
1.492535e-01
1.492948e-01
1.493360e-01
1.493772e-01
1.494184e-01
1.494597e-01
1.495009e-01
1.495422e-01
1.495834e-01
1.496247e-01
1.496659e-01
1.497072e-01
1.497485e-01
1.497898e-01
1.498311e-01
1.498724e-01
1.499137e-01
1.499547e-01
1.499960e-01
1.500366e-01
1.500780e-01
1.501184e-01
1.501597e-01
1.502001e-01
1.502415e-01
1.502820e-01
1.503234e-01
1.503640e-01
1.504054e-01
1.504462e-01
1.504876e-01
1.505288e-01
1.505702e-01
1.506116e-01
1.506530e-01
1.506945e-01
1.507359e-01
1.507774e-01
1.508188e-01
1.508603e-01
1.509017e-01
1.509432e-01
1.509847e-01
1.510262e-01
1.510677e-01
1.511092e-01
1.511507e-01
1.511923e-01
1.512338e-01
1.512753e-01
1.513169e-01
1.513584e-01
1.514000e-01
1.514416e-01
1.514831e-01
1.515247e-01
1.515663e-01
1.516079e-01
1.516495e-01
1.516912e-01
1.517328e-01
1.517744e-01
1.518161e-01
1.518577e-01
1.518994e-01
1.519411e-01
1.519827e-01
1.520244e-01
1.520661e-01
1.521078e-01
1.521496e-01
1.521913e-01
1.522330e-01
1.522748e-01
1.523165e-01
1.523583e-01
1.524001e-01
1.524419e-01
1.524837e-01
1.525255e-01
1.525674e-01
1.526092e-01
1.526511e-01
1.526929e-01
1.527348e-01
1.527767e-01
1.528186e-01
1.528605e-01
1.529024e-01
1.529443e-01
1.529862e-01
1.530282e-01
1.530701e-01
1.531121e-01
1.531540e-01
1.531960e-01
1.532380e-01
1.532800e-01
1.533220e-01
1.533640e-01
1.534060e-01
1.534480e-01
1.534900e-01
1.535318e-01
1.535739e-01
1.536153e-01
1.536574e-01
1.536985e-01
1.537402e-01
1.537810e-01
1.538223e-01
1.538629e-01
1.539040e-01
1.539444e-01
1.539852e-01
1.540273e-01
1.540693e-01
1.541070e-01
1.541461e-01
1.541867e-01
1.542234e-01
1.542607e-01
1.542977e-01
1.543369e-01
1.543739e-01
1.544129e-01
1.544499e-01
1.544888e-01
1.545298e-01
1.545683e-01
1.546085e-01
1.546507e-01
1.546928e-01
1.547308e-01
1.547702e-01
1.548112e-01
1.548481e-01
1.548862e-01
1.549256e-01
1.549629e-01
1.550013e-01
1.550400e-01
1.550772e-01
1.551160e-01
1.551532e-01
1.551922e-01
1.552294e-01
1.552682e-01
1.553087e-01
1.553470e-01
1.553868e-01
1.554283e-01
1.554655e-01
1.555039e-01
1.555435e-01
1.555815e-01
1.556206e-01
1.556607e-01
1.556982e-01
1.557360e-01
1.557734e-01
1.558120e-01
1.558494e-01
1.558884e-01
1.559258e-01
1.559650e-01
1.560025e-01
1.560416e-01
1.560790e-01
1.561179e-01
1.561553e-01
1.561940e-01
1.562339e-01
1.562750e-01
1.563128e-01
1.563532e-01
1.563910e-01
1.564313e-01
1.564691e-01
1.565095e-01
1.565472e-01
1.565876e-01
1.566254e-01
1.566654e-01
1.567031e-01
1.567429e-01
1.567806e-01
1.568202e-01
1.568579e-01
1.568973e-01
1.569350e-01
1.569743e-01
1.570120e-01
1.570511e-01
1.570888e-01
1.571279e-01
1.571655e-01
1.572045e-01
1.572421e-01
1.572810e-01
1.573187e-01
1.573575e-01
1.573951e-01
1.574339e-01
1.574715e-01
1.575103e-01
1.575504e-01
1.575916e-01
1.576320e-01
1.576732e-01
1.577136e-01
1.577547e-01
1.577951e-01
1.578362e-01
1.578766e-01
1.579176e-01
1.579580e-01
1.579991e-01
1.580408e-01
1.580834e-01
1.581239e-01
1.581653e-01
1.582078e-01
1.582490e-01
1.582911e-01
1.583337e-01
1.583744e-01
1.584159e-01
1.584567e-01
1.584982e-01
1.585389e-01
1.585804e-01
1.586211e-01
1.586626e-01
1.587033e-01
1.587425e-01
1.587832e-01
1.588246e-01
1.588624e-01
1.589017e-01
1.589395e-01
1.589787e-01
1.590164e-01
1.590555e-01
1.590933e-01
1.591323e-01
1.591701e-01
1.592090e-01
1.592494e-01
1.592916e-01
1.593343e-01
1.593770e-01
1.594152e-01
1.594548e-01
1.594929e-01
1.595325e-01
1.595706e-01
1.596102e-01
1.596483e-01
1.596879e-01
1.597259e-01
1.597654e-01
1.598035e-01
1.598429e-01
1.598809e-01
1.599203e-01
1.599583e-01
1.599977e-01
1.600357e-01
1.600750e-01
1.601129e-01
1.601522e-01
1.601902e-01
1.602294e-01
1.602673e-01
1.603065e-01
1.603445e-01
1.603836e-01
1.604215e-01
1.604607e-01
1.604986e-01
1.605377e-01
1.605756e-01
1.606146e-01
1.606525e-01
1.606915e-01
1.607294e-01
1.607684e-01
1.608063e-01
1.608452e-01
1.608856e-01
1.609249e-01
1.609651e-01
1.610065e-01
1.610453e-01
1.610851e-01
1.611233e-01
1.611627e-01
1.612010e-01
1.612404e-01
1.612786e-01
1.613180e-01
1.613562e-01
1.613956e-01
1.614338e-01
1.614731e-01
1.615113e-01
1.615506e-01
1.615888e-01
1.616280e-01
1.616662e-01
1.617054e-01
1.617436e-01
1.617828e-01
1.618210e-01
1.618602e-01
1.618983e-01
1.619375e-01
1.619756e-01
1.620148e-01
1.620530e-01
1.620922e-01
1.621303e-01
1.621695e-01
1.622077e-01
1.622469e-01
1.622851e-01
1.623243e-01
1.623625e-01
1.624018e-01
1.624400e-01
1.624793e-01
1.625186e-01
1.625590e-01
1.625984e-01
1.626390e-01
1.626785e-01
1.627187e-01
1.627583e-01
1.627994e-01
1.628389e-01
1.628797e-01
1.629196e-01
1.629598e-01
1.629991e-01
1.630406e-01
1.630799e-01
1.631212e-01
1.631606e-01
1.632019e-01
1.632427e-01
1.632842e-01
1.633251e-01
1.633666e-01
1.634074e-01
1.634489e-01
1.634897e-01
1.635311e-01
1.635734e-01
1.636164e-01
1.636594e-01
1.637024e-01
1.637454e-01
1.637884e-01
1.638292e-01
1.638709e-01
1.639137e-01
1.639551e-01
1.639974e-01
1.640404e-01
1.640814e-01
1.641232e-01
1.641641e-01
1.642059e-01
1.642469e-01
1.642886e-01
1.643296e-01
1.643713e-01
1.644122e-01
1.644539e-01
1.644949e-01
1.645365e-01
1.645774e-01
1.646191e-01
1.646600e-01
1.647016e-01
1.647425e-01
1.647841e-01
1.648265e-01
1.648697e-01
1.649129e-01
1.649561e-01
1.649993e-01
1.650425e-01
1.650834e-01
1.651253e-01
1.651682e-01
1.652098e-01
1.652523e-01
1.652956e-01
1.653366e-01
1.653786e-01
1.654197e-01
1.654616e-01
1.655027e-01
1.655446e-01
1.655857e-01
1.656275e-01
1.656686e-01
1.657104e-01
1.657515e-01
1.657933e-01
1.658343e-01
1.658760e-01
1.659186e-01
1.659620e-01
1.660054e-01
1.660489e-01
1.660923e-01
1.661358e-01
1.661792e-01
1.662227e-01
1.662662e-01
1.663097e-01
1.663532e-01
1.663967e-01
1.664402e-01
1.664837e-01
1.665273e-01
1.665708e-01
1.666144e-01
1.666579e-01
1.667015e-01
1.667451e-01
1.667886e-01
1.668322e-01
1.668758e-01
1.669194e-01
1.669630e-01
1.670067e-01
1.670503e-01
1.670939e-01
1.671375e-01
1.671812e-01
1.672248e-01
1.672685e-01
1.673121e-01
1.673558e-01
1.673995e-01
1.674431e-01
1.674868e-01
1.675305e-01
1.675742e-01
1.676179e-01
1.676616e-01
1.677053e-01
1.677490e-01
1.677928e-01
1.678365e-01
1.678802e-01
1.679240e-01
1.679677e-01
1.680115e-01
1.680552e-01
1.680990e-01
1.681428e-01
1.681866e-01
1.682303e-01
1.682741e-01
1.683179e-01
1.683617e-01
1.684055e-01
1.684494e-01
1.684932e-01
1.685370e-01
1.685808e-01
1.686247e-01
1.686685e-01
1.687095e-01
1.687513e-01
1.687941e-01
1.688355e-01
1.688778e-01
1.689194e-01
1.689605e-01
1.690024e-01
1.690435e-01
1.690854e-01
1.691266e-01
1.691684e-01
1.692096e-01
1.692514e-01
1.692926e-01
1.693344e-01
1.693755e-01
1.694174e-01
1.694585e-01
1.695003e-01
1.695414e-01
1.695832e-01
1.696243e-01
1.696661e-01
1.697072e-01
1.697490e-01
1.697901e-01
1.698319e-01
1.698731e-01
1.699151e-01
1.699582e-01
1.700000e-01
1.700427e-01
1.700845e-01
1.701272e-01
1.701690e-01
1.702118e-01
1.702536e-01
1.702963e-01
1.703381e-01
1.703808e-01
1.704226e-01
1.704653e-01
1.705071e-01
1.705498e-01
1.705916e-01
1.706343e-01
1.706779e-01
1.707193e-01
1.707615e-01
1.708029e-01
1.708450e-01
1.708864e-01
1.709286e-01
1.709700e-01
1.710121e-01
1.710535e-01
1.710956e-01
1.711356e-01
1.711764e-01
1.712180e-01
1.712605e-01
1.713040e-01
1.713482e-01
1.713882e-01
1.714290e-01
1.714706e-01
1.715131e-01
1.715531e-01
1.715938e-01
1.716354e-01
1.716779e-01
1.717179e-01
1.717587e-01
1.718002e-01
1.718406e-01
1.718818e-01
1.719238e-01
1.719639e-01
1.720046e-01
1.720462e-01
1.720866e-01
1.721278e-01
1.721699e-01
1.722099e-01
1.722507e-01
1.722923e-01
1.723327e-01
1.723739e-01
1.724161e-01
1.724561e-01
1.724969e-01
1.725386e-01
1.725791e-01
1.726204e-01
1.726626e-01
1.727027e-01
1.727436e-01
1.727854e-01
1.728260e-01
1.728674e-01
1.729085e-01
1.729489e-01
1.729931e-01
1.730330e-01
1.730737e-01
1.731136e-01
1.731543e-01
1.731936e-01
1.732341e-01
1.732738e-01
1.733137e-01
1.733532e-01
1.733940e-01
1.734339e-01
1.734750e-01
1.735148e-01
1.735553e-01
1.735951e-01
1.736355e-01
1.736754e-01
1.737156e-01
1.737559e-01
1.737963e-01
1.738360e-01
1.738764e-01
1.739160e-01
1.739566e-01
1.739971e-01
1.740375e-01
1.740782e-01
1.741203e-01
1.741611e-01
1.742035e-01
1.742444e-01
1.742853e-01
1.743257e-01
1.743664e-01
1.744067e-01
1.744473e-01
1.744874e-01
1.745279e-01
1.745680e-01
1.746084e-01
1.746485e-01
1.746888e-01
1.747291e-01
1.747704e-01
1.748111e-01
1.748525e-01
1.748934e-01
1.749358e-01
1.749775e-01
1.750198e-01
1.750615e-01
1.751038e-01
1.751448e-01
1.751872e-01
1.752289e-01
1.752709e-01
1.753126e-01
1.753546e-01
1.753963e-01
1.754383e-01
1.754800e-01
1.755220e-01
1.755636e-01
1.756056e-01
1.756472e-01
1.756892e-01
1.757307e-01
1.757727e-01
1.758142e-01
1.758594e-01
1.759045e-01
1.759497e-01
1.759948e-01
1.760400e-01
1.760807e-01
1.761221e-01
1.761644e-01
1.762054e-01
1.762461e-01
1.762876e-01
1.763283e-01
1.763697e-01
1.764121e-01
1.764558e-01
1.764975e-01
1.765398e-01
1.765829e-01
1.766269e-01
1.766717e-01
1.767170e-01
1.767615e-01
1.768068e-01
1.768512e-01
1.768965e-01
1.769406e-01
1.769859e-01
1.770299e-01
1.770750e-01
1.771204e-01
1.771658e-01
1.772094e-01
1.772543e-01
1.772979e-01
1.773426e-01
1.773861e-01
1.774306e-01
1.774739e-01
1.775183e-01
1.775615e-01
1.776056e-01
1.776487e-01
1.776927e-01
1.777356e-01
1.777795e-01
1.778223e-01
1.778661e-01
1.779088e-01
1.779524e-01
1.779950e-01
1.780384e-01
1.780808e-01
1.781236e-01
1.781659e-01
1.782085e-01
1.782507e-01
1.782932e-01
1.783353e-01
1.783777e-01
1.784197e-01
1.784624e-01
1.785060e-01
1.785485e-01
1.785917e-01
1.786341e-01
1.786761e-01
1.787189e-01
1.787610e-01
1.788038e-01
1.788458e-01
1.788886e-01
1.789306e-01
1.789734e-01
1.790155e-01
1.790582e-01
1.791003e-01
1.791431e-01
1.791851e-01
1.792279e-01
1.792699e-01
1.793127e-01
1.793562e-01
1.794007e-01
1.794423e-01
1.794880e-01
1.795295e-01
1.795752e-01
1.796209e-01
1.796666e-01
1.797123e-01
1.797580e-01
1.798038e-01
1.798495e-01
1.798916e-01
1.799345e-01
1.799784e-01
1.800210e-01
1.800644e-01
1.801070e-01
1.801492e-01
1.801921e-01
1.802343e-01
1.802773e-01
1.803195e-01
1.803625e-01
1.804047e-01
1.804476e-01
1.804899e-01
1.805328e-01
1.805750e-01
1.806180e-01
1.806602e-01
1.807031e-01
1.807453e-01
1.807883e-01
1.808305e-01
1.808734e-01
1.809156e-01
1.809585e-01
1.810007e-01
1.810436e-01
1.810858e-01
1.811287e-01
1.811709e-01
1.812138e-01
1.812560e-01
1.812989e-01
1.813411e-01
1.813840e-01
1.814261e-01
1.814690e-01
1.815112e-01
1.815541e-01
1.815962e-01
1.816391e-01
1.816812e-01
1.817241e-01
1.817662e-01
1.818090e-01
1.818512e-01
1.818940e-01
1.819361e-01
1.819789e-01
1.820225e-01
1.820670e-01
1.821125e-01
1.821585e-01
1.822044e-01
1.822504e-01
1.822925e-01
1.823355e-01
1.823792e-01
1.824218e-01
1.824652e-01
1.825094e-01
1.825504e-01
1.825921e-01
1.826330e-01
1.826759e-01
1.827182e-01
1.827611e-01
1.828033e-01
1.828463e-01
1.828885e-01
1.829314e-01
1.829736e-01
1.830166e-01
1.830576e-01
1.830981e-01
1.831403e-01
1.831809e-01
1.832231e-01
1.832641e-01
1.833063e-01
1.833479e-01
1.833901e-01
1.834326e-01
1.834748e-01
1.835178e-01
1.835600e-01
1.836029e-01
1.836447e-01
1.836876e-01
1.837298e-01
1.837727e-01
1.838164e-01
1.838610e-01
1.839066e-01
1.839525e-01
1.839986e-01
1.840444e-01
1.840906e-01
1.841367e-01
1.841790e-01
1.842220e-01
1.842636e-01
1.843063e-01
1.843497e-01
1.843932e-01
1.844355e-01
1.844785e-01
1.845208e-01
1.845639e-01
1.846052e-01
1.846482e-01
1.846905e-01
1.847335e-01
1.847747e-01
1.848177e-01
1.848588e-01
1.849006e-01
1.849417e-01
1.849836e-01
1.850247e-01
1.850662e-01
1.851073e-01
1.851488e-01
1.851899e-01
1.852318e-01
1.852729e-01
1.853150e-01
1.853563e-01
1.853993e-01
1.854406e-01
1.854835e-01
1.855248e-01
1.855678e-01
1.856091e-01
1.856520e-01
1.856942e-01
1.857372e-01
1.857783e-01
1.858201e-01
1.858615e-01
1.859043e-01
1.859457e-01
1.859885e-01
1.860307e-01
1.860736e-01
1.861158e-01
1.861621e-01
1.862035e-01
1.862490e-01
1.862903e-01
1.863334e-01
1.863747e-01
1.864177e-01
1.864590e-01
1.865021e-01
1.865434e-01
1.865864e-01
1.866277e-01
1.866698e-01
1.867111e-01
1.867539e-01
1.867952e-01
1.868372e-01
1.868795e-01
1.869225e-01
1.869647e-01
1.870077e-01
1.870490e-01
1.870910e-01
1.871322e-01
1.871739e-01
1.872151e-01
1.872567e-01
1.873004e-01
1.873451e-01
1.873908e-01
1.874374e-01
1.874840e-01
1.875306e-01
1.875773e-01
1.876239e-01
1.876652e-01
1.877106e-01
1.877572e-01
1.878038e-01
1.878505e-01
1.878971e-01
1.879438e-01
1.879905e-01
1.880318e-01
1.880757e-01
1.881170e-01
1.881604e-01
1.882017e-01
1.882447e-01
1.882861e-01
1.883289e-01
1.883703e-01
1.884130e-01
1.884543e-01
1.884969e-01
1.885383e-01
1.885804e-01
1.886218e-01
1.886637e-01
1.887051e-01
1.887470e-01
1.887883e-01
1.888302e-01
1.888716e-01
1.889161e-01
1.889630e-01
1.890098e-01
1.890566e-01
1.891035e-01
1.891504e-01
1.891972e-01
1.892441e-01
1.892910e-01
1.893379e-01
1.893848e-01
1.894317e-01
1.894787e-01
1.895256e-01
1.895725e-01
1.896195e-01
1.896664e-01
1.897079e-01
1.897536e-01
1.897951e-01
1.898407e-01
1.898822e-01
1.899276e-01
1.899691e-01
1.900138e-01
1.900609e-01
1.901079e-01
1.901550e-01
1.902020e-01
1.902491e-01
1.902962e-01
1.903433e-01
1.903904e-01
1.904376e-01
1.904847e-01
1.905318e-01
1.905790e-01
1.906261e-01
1.906733e-01
1.907205e-01
1.907677e-01
1.908148e-01
1.908620e-01
1.909093e-01
1.909565e-01
1.910037e-01
1.910509e-01
1.910982e-01
1.911454e-01
1.911927e-01
1.912399e-01
1.912872e-01
1.913345e-01
1.913818e-01
1.914291e-01
1.914764e-01
1.915237e-01
1.915710e-01
1.916184e-01
1.916657e-01
1.917130e-01
1.917604e-01
1.918077e-01
1.918551e-01
1.919025e-01
1.919498e-01
1.919972e-01
1.920389e-01
1.920831e-01
1.921304e-01
1.921777e-01
1.922194e-01
1.922629e-01
1.923084e-01
1.923559e-01
1.923975e-01
1.924407e-01
1.924855e-01
1.925323e-01
1.925740e-01
1.926170e-01
1.926614e-01
1.927076e-01
1.927493e-01
1.927921e-01
1.928364e-01
1.928821e-01
1.929238e-01
1.929661e-01
1.930079e-01
1.930500e-01
1.930917e-01
1.931344e-01
1.931762e-01
1.932184e-01
1.932601e-01
1.933023e-01
1.933441e-01
1.933862e-01
1.934280e-01
1.934708e-01
1.935126e-01
1.935551e-01
1.935969e-01
1.936396e-01
1.936814e-01
1.937243e-01
1.937661e-01
1.938090e-01
1.938508e-01
1.938934e-01
1.939353e-01
1.939779e-01
1.940198e-01
1.940624e-01
1.941043e-01
1.941471e-01
1.941890e-01
1.942321e-01
1.942740e-01
1.943172e-01
1.943591e-01
1.944023e-01
1.944470e-01
1.944934e-01
1.945353e-01
1.945785e-01
1.946230e-01
1.946686e-01
1.947107e-01
1.947569e-01
1.947989e-01
1.948443e-01
1.948919e-01
1.949396e-01
1.949872e-01
1.950349e-01
1.950825e-01
1.951302e-01
1.951778e-01
1.952255e-01
1.952731e-01
1.953208e-01
1.953684e-01
1.954161e-01
1.954637e-01
1.955113e-01
1.955590e-01
1.956066e-01
1.956542e-01
1.957018e-01
1.957494e-01
1.957969e-01
1.958445e-01
1.958920e-01
1.959396e-01
1.959871e-01
1.960346e-01
1.960820e-01
1.961295e-01
1.961769e-01
1.962243e-01
1.962716e-01
1.963190e-01
1.963663e-01
1.964136e-01
1.964609e-01
1.965082e-01
1.965554e-01
1.966027e-01
1.966499e-01
1.966971e-01
1.967442e-01
1.967914e-01
1.968385e-01
1.968856e-01
1.969327e-01
1.969798e-01
1.970268e-01
1.970738e-01
1.971208e-01
1.971624e-01
1.972047e-01
1.972462e-01
1.972883e-01
1.973298e-01
1.973718e-01
1.974132e-01
1.974556e-01
1.974971e-01
1.975395e-01
1.975810e-01
1.976235e-01
1.976647e-01
1.977066e-01
1.977495e-01
1.977937e-01
1.978360e-01
1.978799e-01
1.979214e-01
1.979640e-01
1.980073e-01
1.980527e-01
1.980965e-01
1.981426e-01
1.981844e-01
1.982278e-01
1.982728e-01
1.983195e-01
1.983609e-01
1.984030e-01
1.984462e-01
1.984906e-01
1.985319e-01
1.985742e-01
1.986175e-01
1.986619e-01
1.987032e-01
1.987454e-01
1.987887e-01
1.988331e-01
1.988743e-01
1.989165e-01
1.989597e-01
1.990041e-01
1.990498e-01
1.990967e-01
1.991436e-01
1.991906e-01
1.992375e-01
1.992845e-01
1.993314e-01
1.993784e-01
1.994254e-01
1.994724e-01
1.995194e-01
1.995665e-01
1.996135e-01
1.996605e-01
1.997076e-01
1.997546e-01
1.998017e-01
1.998488e-01
1.998958e-01
1.999429e-01
1.999900e-01
2.000370e-01
2.000841e-01
2.001312e-01
