#   1 : Date        
# Date        
0.000000e+00
1.807392e-05
3.063775e-05
3.994389e-05
4.696398e-05
5.307616e-05
5.893874e-05
6.538756e-05
7.195757e-05
7.918458e-05
8.713429e-05
9.567609e-05
1.042664e-04
1.137158e-04
1.241101e-04
1.345130e-04
1.447307e-04
1.559701e-04
1.679893e-04
1.796878e-04
1.924202e-04
2.055404e-04
2.185077e-04
2.318901e-04
2.458264e-04
2.596755e-04
2.743191e-04
2.891449e-04
3.043828e-04
3.196963e-04
3.356446e-04
3.517861e-04
3.684829e-04
3.855114e-04
4.029838e-04
4.207710e-04
4.389514e-04
4.575347e-04
4.763626e-04
4.956113e-04
5.152335e-04
5.351047e-04
5.554263e-04
5.760533e-04
5.970174e-04
6.182838e-04
6.399234e-04
6.618733e-04
6.840594e-04
7.066476e-04
7.294829e-04
7.525381e-04
7.759571e-04
7.995716e-04
8.234199e-04
8.476062e-04
8.720560e-04
8.968823e-04
9.219946e-04
9.473617e-04
9.730840e-04
9.990399e-04
1.025278e-03
1.051910e-03
1.078819e-03
1.105929e-03
1.133356e-03
1.161061e-03
1.189065e-03
1.217411e-03
1.246020e-03
1.274873e-03
1.303956e-03
1.333253e-03
1.362890e-03
1.392701e-03
1.422730e-03
1.453159e-03
1.483799e-03
1.514588e-03
1.545737e-03
1.577015e-03
1.608496e-03
1.640312e-03
1.672452e-03
1.704707e-03
1.737346e-03
1.770205e-03
1.803266e-03
1.836667e-03
1.870249e-03
1.903988e-03
1.938058e-03
1.972210e-03
2.006531e-03
2.041220e-03
2.076145e-03
2.111169e-03
2.146567e-03
2.182165e-03
2.217924e-03
2.254048e-03
2.290352e-03
2.326712e-03
2.363336e-03
2.400272e-03
2.437371e-03
2.474842e-03
2.512608e-03
2.550422e-03
2.588393e-03
2.626701e-03
2.665159e-03
2.703857e-03
2.742799e-03
2.781765e-03
2.820761e-03
2.859784e-03
2.898879e-03
2.937959e-03
2.977042e-03
3.016125e-03
3.055242e-03
3.094389e-03
3.133595e-03
3.172852e-03
3.212114e-03
3.251389e-03
3.290692e-03
3.329995e-03
3.369334e-03
3.408709e-03
3.448149e-03
3.487616e-03
3.523745e-03
3.559450e-03
3.596932e-03
3.633139e-03
3.669345e-03
3.704569e-03
3.739988e-03
3.774860e-03
3.808983e-03
3.842747e-03
3.875977e-03
3.904388e-03
3.934716e-03
3.960947e-03
3.989801e-03
4.016887e-03
4.046432e-03
4.076894e-03
4.108611e-03
4.141183e-03
4.174383e-03
4.207720e-03
4.240859e-03
4.274038e-03
4.307220e-03
4.339747e-03
4.372354e-03
4.404674e-03
4.437153e-03
4.469755e-03
4.502568e-03
4.535367e-03
4.567984e-03
4.600631e-03
4.633457e-03
4.666515e-03
4.699850e-03
4.733239e-03
4.766748e-03
4.799864e-03
4.832134e-03
4.863309e-03
4.893526e-03
4.922949e-03
4.951508e-03
4.979468e-03
5.006966e-03
5.033902e-03
5.060622e-03
5.086859e-03
5.112977e-03
5.138592e-03
5.164041e-03
5.189328e-03
5.214387e-03
5.239308e-03
5.263986e-03
5.288575e-03
5.312980e-03
5.337245e-03
5.361380e-03
5.385377e-03
5.409249e-03
5.432958e-03
5.456615e-03
5.480169e-03
5.503645e-03
5.526955e-03
5.550185e-03
5.573297e-03
5.596328e-03
5.619313e-03
5.642211e-03
5.664981e-03
5.687671e-03
5.710277e-03
5.732811e-03
5.755324e-03
5.777777e-03
5.800197e-03
5.822539e-03
5.844815e-03
5.867023e-03
5.889205e-03
5.911326e-03
5.933435e-03
5.955535e-03
5.977618e-03
5.999664e-03
6.021689e-03
6.043664e-03
6.065620e-03
6.087559e-03
6.109483e-03
6.131349e-03
6.153198e-03
6.175032e-03
6.196842e-03
6.218671e-03
6.240481e-03
6.262301e-03
6.284099e-03
6.305895e-03
6.327712e-03
6.349515e-03
6.371330e-03
6.393170e-03
6.415009e-03
6.436871e-03
6.458760e-03
6.480661e-03
6.502592e-03
6.524553e-03
6.546536e-03
6.568557e-03
6.590608e-03
6.612691e-03
6.634818e-03
6.656963e-03
6.679132e-03
6.701251e-03
6.723337e-03
6.745411e-03
6.767488e-03
6.789556e-03
6.811611e-03
6.833697e-03
6.855815e-03
6.878002e-03
6.900229e-03
6.922518e-03
6.944863e-03
6.967288e-03
6.989778e-03
7.012345e-03
7.034974e-03
7.057676e-03
7.080205e-03
7.102478e-03
7.124510e-03
7.146322e-03
7.167928e-03
7.189344e-03
7.210574e-03
7.231612e-03
7.252490e-03
7.273245e-03
7.293903e-03
7.314488e-03
7.334985e-03
7.355420e-03
7.375804e-03
7.396156e-03
7.416482e-03
7.436797e-03
7.457104e-03
7.477416e-03
7.497733e-03
7.518068e-03
7.538418e-03
7.558796e-03
7.579199e-03
7.599635e-03
7.620082e-03
7.640551e-03
7.661041e-03
7.681563e-03
7.702115e-03
7.722708e-03
7.743340e-03
7.764022e-03
7.784752e-03
7.805540e-03
7.826388e-03
7.847303e-03
7.868288e-03
7.889312e-03
7.910382e-03
7.931500e-03
7.952676e-03
7.973914e-03
7.995224e-03
8.016611e-03
8.038084e-03
8.059645e-03
8.081261e-03
8.102938e-03
8.124688e-03
8.146518e-03
8.168438e-03
8.190457e-03
8.212586e-03
8.234798e-03
8.257089e-03
8.279470e-03
8.301950e-03
8.324542e-03
8.347257e-03
8.370105e-03
8.393065e-03
8.416126e-03
8.439300e-03
8.462594e-03
8.485982e-03
8.509477e-03
8.533087e-03
8.556799e-03
8.580606e-03
8.604522e-03
8.628555e-03
8.652720e-03
8.677024e-03
8.701434e-03
8.725960e-03
8.750616e-03
8.775406e-03
8.800343e-03
8.825426e-03
8.850628e-03
8.875961e-03
8.901438e-03
8.927069e-03
8.952867e-03
8.978825e-03
9.004918e-03
9.031156e-03
9.057551e-03
9.084107e-03
9.110839e-03
9.137753e-03
9.164813e-03
9.192025e-03
9.219404e-03
9.246955e-03
9.274684e-03
9.302595e-03
9.330701e-03
9.358958e-03
9.387382e-03
9.415977e-03
9.444747e-03
9.473693e-03
9.502829e-03
9.532156e-03
9.561669e-03
9.591344e-03
9.621181e-03
9.651181e-03
9.681355e-03
9.711706e-03
9.742225e-03
9.772914e-03
9.803781e-03
9.834817e-03
9.866018e-03
9.897372e-03
9.928873e-03
9.960517e-03
9.992310e-03
1.002425e-02
1.005633e-02
1.008855e-02
1.012091e-02
1.015340e-02
1.018601e-02
1.021875e-02
1.025162e-02
1.028461e-02
1.031771e-02
1.035093e-02
1.038427e-02
1.041771e-02
1.045126e-02
1.048491e-02
1.051866e-02
1.055251e-02
1.058647e-02
1.062052e-02
1.065468e-02
1.068893e-02
1.072329e-02
1.075775e-02
1.079230e-02
1.082693e-02
1.086166e-02
1.089649e-02
1.093140e-02
1.096642e-02
1.100153e-02
1.103674e-02
1.107204e-02
1.110743e-02
1.114292e-02
1.117850e-02
1.121416e-02
1.124991e-02
1.128573e-02
1.132161e-02
1.135750e-02
1.139340e-02
1.142933e-02
1.146531e-02
1.150133e-02
1.153738e-02
1.157345e-02
1.160955e-02
1.164568e-02
1.168187e-02
1.171811e-02
1.175438e-02
1.179067e-02
1.182699e-02
1.186334e-02
1.189975e-02
1.193622e-02
1.197272e-02
1.200923e-02
1.204580e-02
1.208241e-02
1.211908e-02
1.215581e-02
1.219259e-02
1.222940e-02
1.226626e-02
1.230316e-02
1.234014e-02
1.237717e-02
1.241428e-02
1.245140e-02
1.248859e-02
1.252581e-02
1.256310e-02
1.260046e-02
1.263790e-02
1.267538e-02
1.271292e-02
1.275050e-02
1.278816e-02
1.282587e-02
1.286367e-02
1.290155e-02
1.293950e-02
1.297750e-02
1.301556e-02
1.305367e-02
1.309187e-02
1.313015e-02
1.316852e-02
1.320694e-02
1.324542e-02
1.328397e-02
1.332259e-02
1.336128e-02
1.340007e-02
1.343893e-02
1.347790e-02
1.351691e-02
1.355599e-02
1.359513e-02
1.363435e-02
1.367365e-02
1.371305e-02
1.375253e-02
1.379208e-02
1.383168e-02
1.387136e-02
1.391111e-02
1.395095e-02
1.399086e-02
1.403087e-02
1.407096e-02
1.411111e-02
1.415131e-02
1.419159e-02
1.423193e-02
1.427236e-02
1.431286e-02
1.435347e-02
1.439414e-02
1.443488e-02
1.447567e-02
1.451653e-02
1.455745e-02
1.459844e-02
1.463951e-02
1.468067e-02
1.472189e-02
1.476318e-02
1.480451e-02
1.484590e-02
1.488735e-02
1.492888e-02
1.497047e-02
1.501193e-02
1.505318e-02
1.509436e-02
1.513550e-02
1.517667e-02
1.521789e-02
1.525933e-02
1.530089e-02
1.534234e-02
1.538318e-02
1.542305e-02
1.546211e-02
1.550062e-02
1.553853e-02
1.557602e-02
1.561319e-02
1.565011e-02
1.568675e-02
1.572321e-02
1.575954e-02
1.579577e-02
1.583190e-02
1.586793e-02
1.590388e-02
1.593977e-02
1.597559e-02
1.601139e-02
1.604717e-02
1.608295e-02
1.611869e-02
1.615439e-02
1.619007e-02
1.622573e-02
1.626136e-02
1.629698e-02
1.633259e-02
1.636816e-02
1.640365e-02
1.643906e-02
1.647438e-02
1.650962e-02
1.654477e-02
1.657985e-02
1.661485e-02
1.664982e-02
1.668475e-02
1.671965e-02
1.675453e-02
1.678943e-02
1.682434e-02
1.685928e-02
1.689427e-02
1.692932e-02
1.696443e-02
1.699964e-02
1.703492e-02
1.707030e-02
1.710578e-02
1.714139e-02
1.717711e-02
1.721298e-02
1.724898e-02
1.728514e-02
1.732143e-02
1.735789e-02
1.739450e-02
1.743127e-02
1.746820e-02
1.750530e-02
1.754255e-02
1.757997e-02
1.761753e-02
1.765525e-02
1.769307e-02
1.773101e-02
1.776905e-02
1.780722e-02
1.784551e-02
1.788391e-02
1.792237e-02
1.796090e-02
1.799947e-02
1.803808e-02
1.807670e-02
1.811535e-02
1.815403e-02
1.819273e-02
1.823146e-02
1.827022e-02
1.830899e-02
1.834778e-02
1.838658e-02
1.842539e-02
1.846422e-02
1.850308e-02
1.854196e-02
1.858085e-02
1.861975e-02
1.865868e-02
1.869764e-02
1.873663e-02
1.877564e-02
1.881467e-02
1.885372e-02
1.889279e-02
1.893190e-02
1.897105e-02
1.901022e-02
1.904942e-02
1.908863e-02
1.912789e-02
1.916717e-02
1.920650e-02
1.924587e-02
1.928527e-02
1.932470e-02
1.936417e-02
1.940369e-02
1.944326e-02
1.948289e-02
1.952257e-02
1.956229e-02
1.960207e-02
1.964190e-02
1.968180e-02
1.972176e-02
1.976179e-02
1.980189e-02
1.984206e-02
1.988229e-02
1.992259e-02
1.996296e-02
2.000341e-02
2.004395e-02
2.008457e-02
2.012528e-02
2.016606e-02
2.020693e-02
2.024789e-02
2.028893e-02
2.033007e-02
2.037131e-02
2.041265e-02
2.045408e-02
2.049559e-02
2.053719e-02
2.057888e-02
2.062067e-02
2.066256e-02
2.070454e-02
2.074664e-02
2.078883e-02
2.083110e-02
2.087347e-02
2.091594e-02
2.095850e-02
2.100117e-02
2.104394e-02
2.108682e-02
2.112979e-02
2.117285e-02
2.121600e-02
2.125924e-02
2.130256e-02
2.134597e-02
2.138947e-02
2.143306e-02
2.147672e-02
2.152046e-02
2.156425e-02
2.160811e-02
2.165203e-02
2.169600e-02
2.174002e-02
2.178408e-02
2.182818e-02
2.187229e-02
2.191642e-02
2.196057e-02
2.200472e-02
2.204889e-02
2.209307e-02
2.213727e-02
2.218149e-02
2.222572e-02
2.226995e-02
2.231420e-02
2.235847e-02
2.240276e-02
2.244709e-02
2.249145e-02
2.253585e-02
2.258030e-02
2.262480e-02
2.266935e-02
2.271393e-02
2.275856e-02
2.280323e-02
2.284796e-02
2.289275e-02
2.293760e-02
2.298252e-02
2.302751e-02
2.307193e-02
2.311617e-02
2.315987e-02
2.320330e-02
2.324631e-02
2.328914e-02
2.333195e-02
2.337495e-02
2.341823e-02
2.346142e-02
2.350480e-02
2.354862e-02
2.359249e-02
2.363645e-02
2.368020e-02
2.372356e-02
2.376690e-02
2.381031e-02
2.385362e-02
2.389694e-02
2.394052e-02
2.398427e-02
2.402828e-02
2.407207e-02
2.411621e-02
2.416065e-02
2.420544e-02
2.425057e-02
2.429600e-02
2.434146e-02
2.438703e-02
2.443176e-02
2.447652e-02
2.452178e-02
2.456677e-02
2.461171e-02
2.465647e-02
2.470119e-02
2.474584e-02
2.479049e-02
2.483500e-02
2.487936e-02
2.492355e-02
2.496768e-02
2.501160e-02
2.505545e-02
2.509922e-02
2.514300e-02
2.518669e-02
2.523030e-02
2.527384e-02
2.531723e-02
2.536044e-02
2.540365e-02
2.544666e-02
2.548974e-02
2.553287e-02
2.557600e-02
2.561912e-02
2.566236e-02
2.570568e-02
2.574910e-02
2.579261e-02
2.583625e-02
2.587988e-02
2.592354e-02
2.596709e-02
2.601070e-02
2.605440e-02
2.609829e-02
2.614210e-02
2.618605e-02
2.623000e-02
2.627411e-02
2.631820e-02
2.636222e-02
2.640621e-02
2.645012e-02
2.649402e-02
2.653786e-02
2.658169e-02
2.662549e-02
2.666928e-02
2.671299e-02
2.675666e-02
2.680027e-02
2.684383e-02
2.688733e-02
2.693077e-02
2.697411e-02
2.701737e-02
2.706059e-02
2.710370e-02
2.714672e-02
2.718967e-02
2.723280e-02
2.727585e-02
2.731881e-02
2.736172e-02
2.740503e-02
2.744828e-02
2.749147e-02
2.753463e-02
2.757860e-02
2.762252e-02
2.766639e-02
2.771023e-02
2.775454e-02
2.779884e-02
2.784327e-02
2.788773e-02
2.793212e-02
2.797644e-02
2.802088e-02
2.806543e-02
2.811013e-02
2.815483e-02
2.819885e-02
2.824255e-02
2.828625e-02
2.833002e-02
2.837386e-02
2.841772e-02
2.846132e-02
2.850489e-02
2.854866e-02
2.859219e-02
2.863596e-02
2.867965e-02
2.872351e-02
2.876755e-02
2.881183e-02
2.885646e-02
2.890150e-02
2.894717e-02
2.899342e-02
2.904013e-02
2.908694e-02
2.913378e-02
2.918080e-02
2.922796e-02
2.927530e-02
2.932274e-02
2.937030e-02
2.941789e-02
2.946564e-02
2.951350e-02
2.956151e-02
2.960969e-02
2.965800e-02
2.970637e-02
2.975487e-02
2.980347e-02
2.985221e-02
2.990113e-02
2.995020e-02
2.999934e-02
3.004860e-02
3.009794e-02
3.014742e-02
3.019705e-02
3.024680e-02
3.029674e-02
3.034678e-02
3.039689e-02
3.044712e-02
3.049745e-02
3.054792e-02
3.059846e-02
3.064912e-02
3.069982e-02
3.075065e-02
3.080156e-02
3.085262e-02
3.090377e-02
3.095506e-02
3.100642e-02
3.105790e-02
3.110946e-02
3.116116e-02
3.121296e-02
3.126488e-02
3.131695e-02
3.136915e-02
3.142143e-02
3.147383e-02
3.152632e-02
3.157892e-02
3.163165e-02
3.168452e-02
3.173754e-02
3.179069e-02
3.184395e-02
3.189734e-02
3.195084e-02
3.200444e-02
3.205823e-02
3.211214e-02
3.216618e-02
3.222036e-02
3.227463e-02
3.232900e-02
3.238352e-02
3.243814e-02
3.249287e-02
3.254772e-02
3.260268e-02
3.265778e-02
3.271298e-02
3.276826e-02
3.282364e-02
3.287912e-02
3.293463e-02
3.299005e-02
3.304537e-02
3.310057e-02
3.315564e-02
3.321057e-02
3.326535e-02
3.331998e-02
3.337445e-02
3.342879e-02
3.348299e-02
3.353705e-02
3.359099e-02
3.364482e-02
3.369854e-02
3.375217e-02
3.380568e-02
3.385907e-02
3.391236e-02
3.396558e-02
3.401875e-02
3.407187e-02
3.412497e-02
3.417804e-02
3.423108e-02
3.428410e-02
3.433712e-02
3.439014e-02
3.444318e-02
3.449623e-02
3.454931e-02
3.460241e-02
3.465555e-02
3.470871e-02
3.476189e-02
3.481505e-02
3.486819e-02
3.492130e-02
3.497439e-02
3.502743e-02
3.508043e-02
3.513336e-02
3.518622e-02
3.523899e-02
3.529166e-02
3.534422e-02
3.539666e-02
3.544896e-02
3.550102e-02
3.555284e-02
3.560444e-02
3.565584e-02
3.570706e-02
3.575809e-02
3.580896e-02
3.585972e-02
3.591040e-02
3.596104e-02
3.601165e-02
3.606222e-02
3.611278e-02
3.616336e-02
3.621398e-02
3.626466e-02
3.631541e-02
3.636622e-02
3.641711e-02
3.646809e-02
3.651915e-02
3.657030e-02
3.662148e-02
3.667268e-02
3.672391e-02
3.677518e-02
3.682649e-02
3.687784e-02
3.692924e-02
3.698068e-02
3.703218e-02
3.708373e-02
3.713533e-02
3.718697e-02
3.723865e-02
3.729039e-02
3.734218e-02
3.739403e-02
3.744592e-02
3.749787e-02
3.754988e-02
3.760195e-02
3.765408e-02
3.770626e-02
3.775850e-02
3.781078e-02
3.786312e-02
3.791551e-02
3.796793e-02
3.802040e-02
3.807291e-02
3.812547e-02
3.817807e-02
3.823071e-02
3.828340e-02
3.833614e-02
3.838891e-02
3.844173e-02
3.849458e-02
3.854746e-02
3.860039e-02
3.865335e-02
3.870635e-02
3.875939e-02
3.881247e-02
3.886559e-02
3.891875e-02
3.897195e-02
3.902519e-02
3.907846e-02
3.913175e-02
3.918507e-02
3.923842e-02
3.929179e-02
3.934519e-02
3.939861e-02
3.945205e-02
3.950551e-02
3.955899e-02
3.961248e-02
3.966600e-02
3.971953e-02
3.977307e-02
3.982663e-02
3.988020e-02
3.993376e-02
3.998733e-02
4.004091e-02
4.009448e-02
4.014806e-02
4.020164e-02
4.025523e-02
4.030882e-02
4.036242e-02
4.041603e-02
4.046965e-02
4.052329e-02
4.057694e-02
4.063061e-02
4.068430e-02
4.073800e-02
4.079171e-02
4.084545e-02
4.089921e-02
4.095299e-02
4.100681e-02
4.106066e-02
4.111455e-02
4.116847e-02
4.122244e-02
4.127645e-02
4.133049e-02
4.138457e-02
4.143869e-02
4.149285e-02
4.154705e-02
4.160129e-02
4.165558e-02
4.170990e-02
4.176426e-02
4.181867e-02
4.187311e-02
4.192759e-02
4.198209e-02
4.203661e-02
4.209116e-02
4.214573e-02
4.220032e-02
4.225492e-02
4.230953e-02
4.236414e-02
4.241875e-02
4.247336e-02
4.252797e-02
4.258257e-02
4.263715e-02
4.269172e-02
4.274627e-02
4.280080e-02
4.285530e-02
4.290978e-02
4.296423e-02
4.301866e-02
4.307306e-02
4.312744e-02
4.318181e-02
4.323615e-02
4.329049e-02
4.334481e-02
4.339911e-02
4.345339e-02
4.350765e-02
4.356191e-02
4.361615e-02
4.367039e-02
4.372464e-02
4.377888e-02
4.383313e-02
4.388739e-02
4.394166e-02
4.399595e-02
4.405026e-02
4.410459e-02
4.415895e-02
4.421333e-02
4.426774e-02
4.432215e-02
4.437660e-02
4.443107e-02
4.448556e-02
4.454008e-02
4.459463e-02
4.464922e-02
4.470383e-02
4.475848e-02
4.481316e-02
4.486787e-02
4.492262e-02
4.497741e-02
4.503223e-02
4.508709e-02
4.514198e-02
4.519691e-02
4.525188e-02
4.530688e-02
4.536192e-02
4.541699e-02
4.547209e-02
4.552721e-02
4.558236e-02
4.563754e-02
4.569274e-02
4.574796e-02
4.580321e-02
4.585849e-02
4.591379e-02
4.596911e-02
4.602445e-02
4.607982e-02
4.613521e-02
4.619063e-02
4.624608e-02
4.630155e-02
4.635705e-02
4.641258e-02
4.646815e-02
4.652375e-02
4.657939e-02
4.663506e-02
4.669078e-02
4.674654e-02
4.680233e-02
4.685817e-02
4.691404e-02
4.696996e-02
4.702591e-02
4.708191e-02
4.713796e-02
4.719405e-02
4.725019e-02
4.730638e-02
4.736262e-02
4.741891e-02
4.747524e-02
4.753163e-02
4.758806e-02
4.764455e-02
4.770108e-02
4.775766e-02
4.781429e-02
4.787097e-02
4.792770e-02
4.798446e-02
4.804128e-02
4.809814e-02
4.815504e-02
4.821198e-02
4.826897e-02
4.832599e-02
4.838306e-02
4.844016e-02
4.849730e-02
4.855448e-02
4.861170e-02
4.866895e-02
4.872625e-02
4.878358e-02
4.884094e-02
4.889835e-02
4.895580e-02
4.901328e-02
4.907081e-02
4.912838e-02
4.918599e-02
4.924363e-02
4.930131e-02
4.935903e-02
4.941679e-02
4.947460e-02
4.953244e-02
4.959033e-02
4.964826e-02
4.970624e-02
4.976426e-02
4.982233e-02
4.988044e-02
4.993861e-02
4.999682e-02
5.005509e-02
5.011340e-02
5.017177e-02
5.023018e-02
5.028865e-02
5.034717e-02
5.040574e-02
5.046435e-02
5.052302e-02
5.058174e-02
5.064050e-02
5.069927e-02
5.075805e-02
5.081685e-02
5.087566e-02
5.093448e-02
5.099333e-02
5.105219e-02
5.111108e-02
5.116999e-02
5.122894e-02
5.128791e-02
5.134691e-02
5.140594e-02
5.146501e-02
5.152412e-02
5.158326e-02
5.164243e-02
5.170165e-02
5.176090e-02
5.182019e-02
5.187952e-02
5.193889e-02
5.199829e-02
5.205773e-02
5.211721e-02
5.217673e-02
5.223628e-02
5.229587e-02
5.235549e-02
5.241515e-02
5.247483e-02
5.253455e-02
5.259430e-02
5.265408e-02
5.271389e-02
5.277372e-02
5.283358e-02
5.289346e-02
5.295336e-02
5.301329e-02
5.307323e-02
5.313319e-02
5.319316e-02
5.325314e-02
5.331314e-02
5.337315e-02
5.343317e-02
5.349319e-02
5.355323e-02
5.361326e-02
5.367330e-02
5.373333e-02
5.379337e-02
5.385341e-02
5.391344e-02
5.397347e-02
5.403349e-02
5.409350e-02
5.415351e-02
5.421351e-02
5.427350e-02
5.433348e-02
5.439344e-02
5.445340e-02
5.451334e-02
5.457327e-02
5.463318e-02
5.469309e-02
5.475288e-02
5.481192e-02
5.487023e-02
5.492793e-02
5.498511e-02
5.504181e-02
5.509817e-02
5.515417e-02
5.520994e-02
5.526546e-02
5.532073e-02
5.537579e-02
5.543066e-02
5.548544e-02
5.554017e-02
5.559483e-02
5.564946e-02
5.570408e-02
5.575867e-02
5.581321e-02
5.586776e-02
5.592229e-02
5.597682e-02
5.603135e-02
5.608588e-02
5.614040e-02
5.619493e-02
5.624945e-02
5.630398e-02
5.635850e-02
5.641304e-02
5.646758e-02
5.652213e-02
5.657669e-02
5.663125e-02
5.668582e-02
5.674040e-02
5.679498e-02
5.684958e-02
5.690418e-02
5.695881e-02
5.701346e-02
5.706812e-02
5.712281e-02
5.717752e-02
5.723225e-02
5.728701e-02
5.734180e-02
5.739662e-02
5.745147e-02
5.750635e-02
5.756124e-02
5.761616e-02
5.767110e-02
5.772607e-02
5.778107e-02
5.783611e-02
5.789119e-02
5.794631e-02
5.800148e-02
5.805670e-02
5.811197e-02
5.816730e-02
5.822269e-02
5.827814e-02
5.833366e-02
5.838924e-02
5.844489e-02
5.850062e-02
5.855641e-02
5.861227e-02
5.866820e-02
5.872420e-02
5.878026e-02
5.883637e-02
5.889254e-02
5.894875e-02
5.900502e-02
5.906135e-02
5.911773e-02
5.917416e-02
5.923064e-02
5.928719e-02
5.934378e-02
5.940044e-02
5.945714e-02
5.951390e-02
5.957072e-02
5.962760e-02
5.968453e-02
5.974152e-02
5.979856e-02
5.985566e-02
5.991282e-02
5.997003e-02
6.002730e-02
6.008462e-02
6.014200e-02
6.019943e-02
6.025691e-02
6.031444e-02
6.037202e-02
6.042965e-02
6.048732e-02
6.054504e-02
6.060279e-02
6.066059e-02
6.071843e-02
6.077630e-02
6.083421e-02
6.089215e-02
6.095013e-02
6.100813e-02
6.106616e-02
6.112422e-02
6.118231e-02
6.124042e-02
6.129856e-02
6.135672e-02
6.141491e-02
6.147313e-02
6.153136e-02
6.158963e-02
6.164791e-02
6.170622e-02
6.176455e-02
6.182291e-02
6.188128e-02
6.193967e-02
6.199809e-02
6.205652e-02
6.211497e-02
6.217344e-02
6.223193e-02
6.229044e-02
6.234896e-02
6.240750e-02
6.246604e-02
6.252461e-02
6.258319e-02
6.264179e-02
6.270040e-02
6.275903e-02
6.281768e-02
6.287636e-02
6.293505e-02
6.299378e-02
6.305252e-02
6.311129e-02
6.317009e-02
6.322891e-02
6.328775e-02
6.334663e-02
6.340553e-02
6.346445e-02
6.352340e-02
6.358238e-02
6.364137e-02
6.370040e-02
6.375944e-02
6.381851e-02
6.387760e-02
6.393671e-02
6.399585e-02
6.405500e-02
6.411417e-02
6.417337e-02
6.423258e-02
6.429180e-02
6.435103e-02
6.441027e-02
6.446952e-02
6.452879e-02
6.458806e-02
6.464735e-02
6.470665e-02
6.476596e-02
6.482529e-02
6.488463e-02
6.494397e-02
6.500334e-02
6.506271e-02
6.512210e-02
6.518150e-02
6.524091e-02
6.530033e-02
6.535976e-02
6.541920e-02
6.547865e-02
6.553811e-02
6.559757e-02
6.565703e-02
6.571650e-02
6.577597e-02
6.583545e-02
6.589492e-02
6.595441e-02
6.601390e-02
6.607340e-02
6.613290e-02
6.619241e-02
6.625192e-02
6.631145e-02
6.637099e-02
6.643055e-02
6.649011e-02
6.654970e-02
6.660930e-02
6.666892e-02
6.672856e-02
6.678822e-02
6.684789e-02
6.690759e-02
6.696731e-02
6.702705e-02
6.708682e-02
6.714661e-02
6.720643e-02
6.726627e-02
6.732614e-02
6.738604e-02
6.744595e-02
6.750590e-02
6.756586e-02
6.762585e-02
6.768586e-02
6.774588e-02
6.780592e-02
6.786597e-02
6.792603e-02
6.798610e-02
6.804617e-02
6.810625e-02
6.816633e-02
6.822641e-02
6.828649e-02
6.834656e-02
6.840662e-02
6.846668e-02
6.852673e-02
6.858676e-02
6.864679e-02
6.870681e-02
6.876681e-02
6.882679e-02
6.888677e-02
6.894673e-02
6.900669e-02
6.906663e-02
6.912658e-02
6.918652e-02
6.924647e-02
6.930643e-02
6.936640e-02
6.942638e-02
6.948639e-02
6.954642e-02
6.960648e-02
6.966657e-02
6.972670e-02
6.978688e-02
6.984710e-02
6.990737e-02
6.996770e-02
7.002808e-02
7.008852e-02
7.014903e-02
7.020959e-02
7.027022e-02
7.033090e-02
7.039165e-02
7.045245e-02
7.051331e-02
7.057422e-02
7.063520e-02
7.069623e-02
7.075731e-02
7.081845e-02
7.087964e-02
7.094087e-02
7.100216e-02
7.106348e-02
7.112485e-02
7.118626e-02
7.124771e-02
7.130919e-02
7.137070e-02
7.143224e-02
7.149381e-02
7.155541e-02
7.161703e-02
7.167867e-02
7.174033e-02
7.180201e-02
7.186370e-02
7.192541e-02
7.198714e-02
7.204887e-02
7.211063e-02
7.217239e-02
7.223417e-02
7.229596e-02
7.235776e-02
7.241957e-02
7.245912e-02
7.249864e-02
7.253724e-02
7.257594e-02
7.261455e-02
7.265324e-02
7.269188e-02
7.273056e-02
7.276921e-02
7.280789e-02
7.284655e-02
7.288524e-02
7.292395e-02
7.296269e-02
7.300149e-02
7.304034e-02
7.307931e-02
7.311831e-02
7.315751e-02
7.320063e-02
7.324805e-02
7.330023e-02
7.333937e-02
7.337851e-02
7.341750e-02
7.345646e-02
7.349530e-02
7.353398e-02
7.357260e-02
7.361128e-02
7.364990e-02
7.368858e-02
7.372717e-02
7.376585e-02
7.380445e-02
7.384311e-02
7.388170e-02
7.392035e-02
7.395894e-02
7.399758e-02
7.403616e-02
7.407479e-02
7.411336e-02
7.415199e-02
7.419062e-02
7.422932e-02
7.426815e-02
7.430703e-02
7.434618e-02
7.438538e-02
7.442498e-02
7.446459e-02
7.450300e-02
7.454144e-02
7.457984e-02
7.461830e-02
7.465670e-02
7.469517e-02
7.473359e-02
7.477207e-02
7.481049e-02
7.484898e-02
7.488740e-02
7.492590e-02
7.496434e-02
7.500283e-02
7.504128e-02
7.507978e-02
7.511824e-02
7.515674e-02
7.519524e-02
7.523378e-02
7.527231e-02
7.531108e-02
7.535016e-02
7.538930e-02
7.542894e-02
7.546862e-02
7.550692e-02
7.554529e-02
7.558361e-02
7.562203e-02
7.566038e-02
7.569883e-02
7.573721e-02
7.577569e-02
7.581408e-02
7.585258e-02
7.589099e-02
7.592948e-02
7.596790e-02
7.600639e-02
7.604482e-02
7.608329e-02
7.612182e-02
7.616043e-02
7.619926e-02
7.623818e-02
7.627757e-02
7.631702e-02
7.635713e-02
7.639547e-02
7.643377e-02
7.647216e-02
7.651048e-02
7.654891e-02
7.658725e-02
7.662571e-02
7.666405e-02
7.670247e-02
7.674083e-02
7.677923e-02
7.681759e-02
7.685599e-02
7.689436e-02
7.693285e-02
7.697146e-02
7.701018e-02
7.704930e-02
7.708851e-02
7.712844e-02
7.716840e-02
7.720659e-02
7.724488e-02
7.728309e-02
7.732142e-02
7.735964e-02
7.739800e-02
7.743622e-02
7.747454e-02
7.751277e-02
7.755108e-02
7.758931e-02
7.762760e-02
7.766587e-02
7.770433e-02
7.774306e-02
7.778191e-02
7.782139e-02
7.786094e-02
7.789898e-02
7.793712e-02
7.797519e-02
7.801339e-02
7.805149e-02
7.808974e-02
7.812786e-02
7.816609e-02
7.820423e-02
7.824245e-02
7.828060e-02
7.831882e-02
7.835701e-02
7.839521e-02
7.843391e-02
7.847273e-02
7.851223e-02
7.855180e-02
7.858977e-02
7.862785e-02
7.866586e-02
7.870401e-02
7.874204e-02
7.878024e-02
7.881831e-02
7.885652e-02
7.889462e-02
7.893283e-02
7.897095e-02
7.900916e-02
7.904735e-02
7.908556e-02
7.912448e-02
7.916351e-02
7.920141e-02
7.923936e-02
7.927729e-02
7.931533e-02
7.935329e-02
7.939139e-02
7.942940e-02
7.946756e-02
7.950561e-02
7.954380e-02
7.958189e-02
7.962010e-02
7.965830e-02
7.969657e-02
7.973480e-02
7.977306e-02
7.981129e-02
7.984954e-02
7.988738e-02
7.992526e-02
7.996313e-02
8.000110e-02
8.003901e-02
8.007705e-02
8.011502e-02
8.015313e-02
8.019116e-02
8.022931e-02
8.026740e-02
8.030560e-02
8.034384e-02
8.038213e-02
8.042040e-02
8.045868e-02
8.049694e-02
8.053521e-02
8.057304e-02
8.061092e-02
8.064880e-02
8.068678e-02
8.072471e-02
8.076279e-02
8.080079e-02
8.083896e-02
8.087703e-02
8.091527e-02
8.095339e-02
8.099168e-02
8.102992e-02
8.106825e-02
8.110656e-02
8.114488e-02
8.118319e-02
8.122150e-02
8.126116e-02
8.130091e-02
8.133888e-02
8.137695e-02
8.141497e-02
8.145314e-02
8.149121e-02
8.152947e-02
8.156760e-02
8.160593e-02
8.164411e-02
8.168248e-02
8.172074e-02
8.175910e-02
8.179745e-02
8.183581e-02
8.187469e-02
8.191371e-02
8.195327e-02
8.199294e-02
8.203093e-02
8.206902e-02
8.210706e-02
8.214526e-02
8.218335e-02
8.222164e-02
8.225979e-02
8.229815e-02
8.233637e-02
8.237478e-02
8.241310e-02
8.245149e-02
8.248987e-02
8.252827e-02
8.256732e-02
8.260650e-02
8.264628e-02
8.268615e-02
8.272425e-02
8.276245e-02
8.280060e-02
8.283889e-02
8.287710e-02
8.291547e-02
8.295374e-02
8.299219e-02
8.303052e-02
8.306903e-02
8.310748e-02
8.314602e-02
8.318456e-02
8.322311e-02
8.326165e-02
8.330021e-02
8.334000e-02
8.337990e-02
8.342066e-02
8.346147e-02
8.349972e-02
8.353813e-02
8.357644e-02
8.361495e-02
8.365333e-02
8.369193e-02
8.373038e-02
8.376904e-02
8.380759e-02
8.384620e-02
8.388480e-02
8.392381e-02
8.396307e-02
8.400253e-02
8.404257e-02
8.408277e-02
8.412396e-02
8.416513e-02
8.420351e-02
8.424208e-02
8.428052e-02
8.431919e-02
8.435768e-02
8.439643e-02
8.443498e-02
8.447362e-02
8.451234e-02
8.455130e-02
8.459042e-02
8.462976e-02
8.466960e-02
8.470961e-02
8.475057e-02
8.479162e-02
8.483003e-02
8.486862e-02
8.490708e-02
8.494577e-02
8.498428e-02
8.502304e-02
8.506162e-02
8.510033e-02
8.513902e-02
8.517773e-02
8.521690e-02
8.525626e-02
8.529615e-02
8.533618e-02
8.537453e-02
8.541297e-02
8.545136e-02
8.548992e-02
8.552837e-02
8.556703e-02
8.560555e-02
8.564430e-02
8.568291e-02
8.572174e-02
8.576052e-02
8.579932e-02
8.583810e-02
8.587690e-02
8.591568e-02
8.595572e-02
8.599408e-02
8.603252e-02
8.607094e-02
8.610950e-02
8.614799e-02
8.618667e-02
8.622524e-02
8.626403e-02
8.630271e-02
8.634159e-02
8.638048e-02
8.641940e-02
8.645828e-02
8.649719e-02
8.653608e-02
8.657498e-02
8.661341e-02
8.665191e-02
8.669040e-02
8.672902e-02
8.676759e-02
8.680635e-02
8.684501e-02
8.688389e-02
8.692264e-02
8.696162e-02
8.700055e-02
8.703957e-02
8.707857e-02
8.711758e-02
8.715657e-02
8.719557e-02
8.723615e-02
8.727684e-02
8.731543e-02
8.735414e-02
8.739280e-02
8.743165e-02
8.747040e-02
8.750937e-02
8.754821e-02
8.758729e-02
8.762627e-02
8.766540e-02
8.770448e-02
8.774358e-02
8.778265e-02
8.782174e-02
8.786222e-02
8.790283e-02
8.794149e-02
8.798026e-02
8.801898e-02
8.805788e-02
8.809668e-02
8.813571e-02
8.817460e-02
8.821373e-02
8.825275e-02
8.829195e-02
8.833109e-02
8.837023e-02
8.840935e-02
8.844849e-02
8.848903e-02
8.852970e-02
8.856838e-02
8.860716e-02
8.864590e-02
8.868482e-02
8.872363e-02
8.876268e-02
8.880159e-02
8.884074e-02
8.887981e-02
8.891902e-02
8.895817e-02
8.899734e-02
8.903647e-02
8.907562e-02
8.911424e-02
8.915291e-02
8.919158e-02
8.923038e-02
8.926912e-02
8.930807e-02
8.934690e-02
8.938598e-02
8.942493e-02
8.946413e-02
8.950333e-02
8.954252e-02
8.958168e-02
8.962085e-02
8.965999e-02
8.969859e-02
8.973722e-02
8.977594e-02
8.981464e-02
8.985352e-02
8.989232e-02
8.993136e-02
8.997026e-02
9.000944e-02
9.004858e-02
9.008781e-02
9.012698e-02
9.016616e-02
9.020531e-02
9.024446e-02
9.028308e-02
9.032180e-02
9.036049e-02
9.039938e-02
9.043818e-02
9.047724e-02
9.051616e-02
9.055537e-02
9.059455e-02
9.063375e-02
9.067291e-02
9.071207e-02
9.075119e-02
9.078980e-02
9.082843e-02
9.086719e-02
9.090590e-02
9.094485e-02
9.098367e-02
9.102279e-02
9.106176e-02
9.110106e-02
9.114021e-02
9.117936e-02
9.121846e-02
9.125757e-02
9.129613e-02
9.133478e-02
9.137341e-02
9.141225e-02
9.145098e-02
9.149002e-02
9.152888e-02
9.156810e-02
9.160723e-02
9.164634e-02
9.168539e-02
9.172446e-02
9.176294e-02
9.180150e-02
9.184005e-02
9.187881e-02
9.191747e-02
9.195645e-02
9.199527e-02
9.203445e-02
9.207352e-02
9.211258e-02
9.215093e-02
9.218927e-02
9.222766e-02
9.226615e-02
9.230463e-02
9.234334e-02
9.238197e-02
9.242090e-02
9.245983e-02
9.249899e-02
9.253718e-02
9.257528e-02
9.261349e-02
9.265169e-02
9.269000e-02
9.272814e-02
9.276676e-02
9.280537e-02
9.284435e-02
9.288201e-02
9.291988e-02
9.295760e-02
9.299564e-02
9.303359e-02
9.307198e-02
9.311051e-02
9.314928e-02
9.318904e-02
9.322655e-02
9.326398e-02
9.330168e-02
9.333968e-02
9.337795e-02
9.341706e-02
9.345662e-02
9.349717e-02
9.353740e-02
9.357746e-02
9.361538e-02
9.365388e-02
9.369279e-02
9.373306e-02
9.377445e-02
9.381694e-02
9.385553e-02
9.389468e-02
9.393440e-02
9.397478e-02
9.401479e-02
9.405464e-02
9.409423e-02
9.413324e-02
9.417234e-02
9.421106e-02
9.424971e-02
9.428850e-02
9.432731e-02
9.436643e-02
9.440585e-02
9.444446e-02
9.448303e-02
9.452156e-02
9.456011e-02
9.459874e-02
9.463757e-02
9.467663e-02
9.471559e-02
9.475450e-02
9.479332e-02
9.483210e-02
9.487042e-02
9.490879e-02
9.494727e-02
9.498592e-02
9.502479e-02
9.506374e-02
9.510253e-02
9.514121e-02
9.517978e-02
9.521804e-02
9.525625e-02
9.529444e-02
9.533268e-02
9.537105e-02
9.540964e-02
9.544829e-02
9.548758e-02
9.552582e-02
9.556389e-02
9.560198e-02
9.564012e-02
9.567837e-02
9.571678e-02
9.575544e-02
9.579442e-02
9.583378e-02
9.587360e-02
9.591184e-02
9.595011e-02
9.598845e-02
9.602686e-02
9.606539e-02
9.610407e-02
9.614298e-02
9.618217e-02
9.622169e-02
9.626160e-02
9.629994e-02
9.633828e-02
9.637665e-02
9.641505e-02
9.645355e-02
9.649220e-02
9.653108e-02
9.657026e-02
9.660979e-02
9.664806e-02
9.668632e-02
9.672459e-02
9.676291e-02
9.680130e-02
9.683983e-02
9.687860e-02
9.691766e-02
9.695709e-02
9.699536e-02
9.703363e-02
9.707192e-02
9.711024e-02
9.714864e-02
9.718713e-02
9.722583e-02
9.726479e-02
9.730410e-02
9.734239e-02
9.738066e-02
9.741894e-02
9.745725e-02
9.749563e-02
9.753412e-02
9.757282e-02
9.761180e-02
9.765114e-02
9.768949e-02
9.772783e-02
9.776619e-02
9.780458e-02
9.784305e-02
9.788164e-02
9.792043e-02
9.795952e-02
9.799897e-02
9.803747e-02
9.807597e-02
9.811449e-02
9.815305e-02
9.819168e-02
9.823046e-02
9.826944e-02
9.830871e-02
9.834835e-02
9.838710e-02
9.842585e-02
9.846462e-02
9.850343e-02
9.854233e-02
9.858135e-02
9.862057e-02
9.866009e-02
9.869996e-02
9.873907e-02
9.877817e-02
9.881729e-02
9.885646e-02
9.889570e-02
9.893507e-02
9.897462e-02
9.901445e-02
9.905462e-02
9.909418e-02
9.913372e-02
9.917329e-02
9.921289e-02
9.925257e-02
9.929235e-02
9.933231e-02
9.937221e-02
9.941207e-02
9.945179e-02
9.949150e-02
9.953161e-02
9.957177e-02
9.961198e-02
9.965229e-02
9.969275e-02
9.973343e-02
9.977443e-02
9.981580e-02
9.985655e-02
9.989731e-02
9.993807e-02
9.997890e-02
1.000198e-01
1.000608e-01
1.001021e-01
1.001435e-01
1.001854e-01
1.002268e-01
1.002683e-01
1.003097e-01
1.003512e-01
1.003927e-01
1.004344e-01
1.004762e-01
1.005182e-01
1.005601e-01
1.006019e-01
1.006434e-01
1.006848e-01
1.007260e-01
1.007670e-01
1.008079e-01
1.008487e-01
1.008893e-01
1.009298e-01
1.009702e-01
1.010106e-01
1.010508e-01
1.010910e-01
1.011339e-01
1.011768e-01
1.012199e-01
1.012631e-01
1.013065e-01
1.013503e-01
1.013944e-01
1.014380e-01
1.014817e-01
1.015254e-01
1.015689e-01
1.016125e-01
1.016561e-01
1.016993e-01
1.017423e-01
1.017857e-01
1.018290e-01
1.018722e-01
1.019151e-01
1.019578e-01
1.020002e-01
1.020425e-01
1.020845e-01
1.021263e-01
1.021679e-01
1.022094e-01
1.022506e-01
1.022918e-01
1.023328e-01
1.023737e-01
1.024145e-01
1.024552e-01
1.024958e-01
1.025391e-01
1.025824e-01
1.026257e-01
1.026690e-01
1.027124e-01
1.027556e-01
1.027990e-01
1.028423e-01
1.028858e-01
1.029291e-01
1.029722e-01
1.030150e-01
1.030582e-01
1.031017e-01
1.031455e-01
1.031897e-01
1.032342e-01
1.032789e-01
1.033233e-01
1.033675e-01
1.034115e-01
1.034552e-01
1.034987e-01
1.035420e-01
1.035851e-01
1.036280e-01
1.036706e-01
1.037130e-01
1.037552e-01
1.037971e-01
1.038389e-01
1.038806e-01
1.039220e-01
1.039634e-01
1.040046e-01
1.040457e-01
1.040868e-01
1.041278e-01
1.041728e-01
1.042170e-01
1.042612e-01
1.043055e-01
1.043501e-01
1.043949e-01
1.044402e-01
1.044857e-01
1.045316e-01
1.045778e-01
1.046244e-01
1.046716e-01
1.047199e-01
1.047641e-01
1.048086e-01
1.048532e-01
1.048981e-01
1.049432e-01
1.049881e-01
1.050327e-01
1.050770e-01
1.051211e-01
1.051649e-01
1.052084e-01
1.052518e-01
1.052949e-01
1.053377e-01
1.053803e-01
1.054227e-01
1.054649e-01
1.055068e-01
1.055486e-01
1.055902e-01
1.056317e-01
1.056730e-01
1.057142e-01
1.057554e-01
1.057964e-01
1.058416e-01
1.058890e-01
1.059367e-01
1.059823e-01
1.060274e-01
1.060724e-01
1.061176e-01
1.061629e-01
1.062086e-01
1.062546e-01
1.063008e-01
1.063473e-01
1.063941e-01
1.064413e-01
1.064888e-01
1.065357e-01
1.065821e-01
1.066278e-01
1.066731e-01
1.067180e-01
1.067626e-01
1.068069e-01
1.068509e-01
1.068948e-01
1.069384e-01
1.069817e-01
1.070248e-01
1.070677e-01
1.071061e-01
1.071445e-01
1.071829e-01
1.072213e-01
1.072598e-01
1.072983e-01
1.073367e-01
1.073753e-01
1.074138e-01
1.074523e-01
1.074909e-01
1.075295e-01
1.075681e-01
1.076068e-01
1.076455e-01
1.076842e-01
1.077230e-01
1.077618e-01
1.078006e-01
1.078395e-01
1.078783e-01
1.079173e-01
1.079563e-01
1.079955e-01
1.080346e-01
1.080740e-01
1.081134e-01
1.081530e-01
1.081927e-01
1.082325e-01
1.082725e-01
1.083127e-01
1.083531e-01
1.083936e-01
1.084344e-01
1.084754e-01
1.085167e-01
1.085581e-01
1.085998e-01
1.086417e-01
1.086840e-01
1.087265e-01
1.087694e-01
1.088124e-01
1.088552e-01
1.088978e-01
1.089402e-01
1.089790e-01
1.090177e-01
1.090565e-01
1.090952e-01
1.091340e-01
1.091727e-01
1.092115e-01
1.092502e-01
1.092891e-01
1.093278e-01
1.093667e-01
1.094054e-01
1.094444e-01
1.094831e-01
1.095221e-01
1.095609e-01
1.095999e-01
1.096387e-01
1.096777e-01
1.097165e-01
1.097556e-01
1.097946e-01
1.098338e-01
1.098730e-01
1.099125e-01
1.099520e-01
1.099918e-01
1.100318e-01
1.100720e-01
1.101125e-01
1.101532e-01
1.101942e-01
1.102355e-01
1.102771e-01
1.103190e-01
1.103613e-01
1.104038e-01
1.104469e-01
1.104901e-01
1.105339e-01
1.105779e-01
1.106226e-01
1.106673e-01
1.107126e-01
1.107576e-01
1.108027e-01
1.108477e-01
1.108926e-01
1.109375e-01
1.109763e-01
1.110152e-01
1.110539e-01
1.110929e-01
1.111316e-01
1.111706e-01
1.112095e-01
1.112485e-01
1.112874e-01
1.113265e-01
1.113654e-01
1.114046e-01
1.114436e-01
1.114829e-01
1.115219e-01
1.115612e-01
1.116004e-01
1.116397e-01
1.116789e-01
1.117183e-01
1.117576e-01
1.117971e-01
1.118364e-01
1.118760e-01
1.119154e-01
1.119549e-01
1.119944e-01
1.120340e-01
1.120735e-01
1.121132e-01
1.121528e-01
1.121927e-01
1.122327e-01
1.122729e-01
1.123133e-01
1.123540e-01
1.123949e-01
1.124361e-01
1.124775e-01
1.125193e-01
1.125614e-01
1.126038e-01
1.126466e-01
1.126897e-01
1.127332e-01
1.127770e-01
1.128214e-01
1.128659e-01
1.129111e-01
1.129565e-01
1.130023e-01
1.130480e-01
1.130938e-01
1.131396e-01
1.131854e-01
1.132311e-01
1.132708e-01
1.133107e-01
1.133504e-01
1.133903e-01
1.134301e-01
1.134701e-01
1.135100e-01
1.135502e-01
1.135902e-01
1.136305e-01
1.136706e-01
1.137110e-01
1.137513e-01
1.137919e-01
1.138323e-01
1.138730e-01
1.139135e-01
1.139543e-01
1.139950e-01
1.140359e-01
1.140767e-01
1.141177e-01
1.141586e-01
1.141996e-01
1.142406e-01
1.142817e-01
1.143227e-01
1.143640e-01
1.144051e-01
1.144465e-01
1.144879e-01
1.145295e-01
1.145710e-01
1.146129e-01
1.146546e-01
1.146966e-01
1.147386e-01
1.147809e-01
1.148230e-01
1.148655e-01
1.149079e-01
1.149505e-01
1.149931e-01
1.150359e-01
1.150785e-01
1.151214e-01
1.151641e-01
1.152070e-01
1.152499e-01
1.152931e-01
1.153363e-01
1.153799e-01
1.154234e-01
1.154670e-01
1.155108e-01
1.155547e-01
1.155984e-01
1.156423e-01
1.156860e-01
1.157300e-01
1.157737e-01
1.158176e-01
1.158616e-01
1.159059e-01
1.159504e-01
1.159953e-01
1.160407e-01
1.160862e-01
1.161317e-01
1.161771e-01
1.162224e-01
1.162661e-01
1.163097e-01
1.163534e-01
1.163970e-01
1.164407e-01
1.164843e-01
1.165281e-01
1.165718e-01
1.166156e-01
1.166594e-01
1.167033e-01
1.167471e-01
1.167908e-01
1.168344e-01
1.168778e-01
1.169211e-01
1.169642e-01
1.170072e-01
1.170500e-01
1.170927e-01
1.171352e-01
1.171776e-01
1.172198e-01
1.172619e-01
1.173039e-01
1.173458e-01
1.173875e-01
1.174291e-01
1.174707e-01
1.175121e-01
1.175535e-01
1.175948e-01
1.176360e-01
1.176771e-01
1.177182e-01
1.177612e-01
1.178039e-01
1.178468e-01
1.178897e-01
1.179328e-01
1.179761e-01
1.180197e-01
1.180635e-01
1.181078e-01
1.181523e-01
1.181971e-01
1.182420e-01
1.182871e-01
1.183325e-01
1.183780e-01
1.184239e-01
1.184696e-01
1.185154e-01
1.185611e-01
1.186069e-01
1.186525e-01
1.186983e-01
1.187439e-01
1.187897e-01
1.188354e-01
1.188812e-01
1.189269e-01
1.189728e-01
1.190186e-01
1.190645e-01
1.191103e-01
1.191563e-01
1.192014e-01
1.192467e-01
1.192920e-01
1.193374e-01
1.193829e-01
1.194284e-01
1.194738e-01
1.195187e-01
1.195633e-01
1.196075e-01
1.196514e-01
1.196950e-01
1.197384e-01
1.197815e-01
1.198245e-01
1.198671e-01
1.199095e-01
1.199517e-01
1.199936e-01
1.200353e-01
1.200768e-01
1.201181e-01
1.201593e-01
1.202004e-01
1.202413e-01
1.202822e-01
1.203271e-01
1.203717e-01
1.204164e-01
1.204612e-01
1.205061e-01
1.205512e-01
1.205964e-01
1.206416e-01
1.206870e-01
1.207288e-01
1.207719e-01
1.208163e-01
1.208583e-01
1.209012e-01
1.209433e-01
1.209862e-01
1.210282e-01
1.210699e-01
1.211123e-01
1.211540e-01
1.211964e-01
1.212396e-01
1.212816e-01
1.213232e-01
1.213651e-01
1.214066e-01
1.214484e-01
1.214899e-01
1.215321e-01
1.215736e-01
1.216155e-01
1.216571e-01
1.216986e-01
1.217399e-01
1.217811e-01
1.218222e-01
1.218665e-01
1.219113e-01
1.219559e-01
1.220008e-01
1.220458e-01
1.220909e-01
1.221362e-01
1.221814e-01
1.222253e-01
1.222693e-01
1.223133e-01
1.223576e-01
1.224020e-01
1.224464e-01
1.224907e-01
1.225353e-01
1.225801e-01
1.226246e-01
1.226689e-01
1.227128e-01
1.227565e-01
1.227999e-01
1.228430e-01
1.228858e-01
1.229284e-01
1.229707e-01
1.230129e-01
1.230549e-01
1.230967e-01
1.231384e-01
1.231800e-01
1.232215e-01
1.232656e-01
1.233099e-01
1.233542e-01
1.233986e-01
1.234432e-01
1.234876e-01
1.235319e-01
1.235764e-01
1.236210e-01
1.236656e-01
1.237103e-01
1.237550e-01
1.237991e-01
1.238427e-01
1.238861e-01
1.239296e-01
1.239732e-01
1.240172e-01
1.240611e-01
1.241047e-01
1.241480e-01
1.241910e-01
1.242337e-01
1.242762e-01
1.243186e-01
1.243608e-01
1.244028e-01
1.244447e-01
1.244865e-01
1.245296e-01
1.245725e-01
1.246156e-01
1.246588e-01
1.247022e-01
1.247458e-01
1.247895e-01
1.248332e-01
1.248771e-01
1.249210e-01
1.249646e-01
1.250079e-01
1.250514e-01
1.250949e-01
1.251387e-01
1.251824e-01
1.252258e-01
1.252691e-01
1.253127e-01
1.253566e-01
1.254003e-01
1.254439e-01
1.254872e-01
1.255302e-01
1.255730e-01
1.256156e-01
1.256581e-01
1.257003e-01
1.257424e-01
1.257844e-01
1.258277e-01
1.258708e-01
1.259143e-01
1.259579e-01
1.260016e-01
1.260452e-01
1.260887e-01
1.261314e-01
1.261744e-01
1.262173e-01
1.262604e-01
1.263036e-01
1.263465e-01
1.263894e-01
1.264325e-01
1.264755e-01
1.265184e-01
1.265605e-01
1.266028e-01
1.266452e-01
1.266877e-01
1.267303e-01
1.267726e-01
1.268151e-01
1.268576e-01
1.269000e-01
1.269424e-01
1.269843e-01
1.270261e-01
1.270681e-01
1.271102e-01
1.271524e-01
1.271944e-01
1.272364e-01
1.272784e-01
1.273204e-01
1.273623e-01
1.274042e-01
1.274460e-01
1.274878e-01
1.275311e-01
1.275728e-01
1.276163e-01
1.276579e-01
1.277024e-01
1.277439e-01
1.277895e-01
1.278310e-01
1.278760e-01
1.279208e-01
1.279653e-01
1.280082e-01
1.280507e-01
1.280933e-01
1.281355e-01
1.281777e-01
1.282194e-01
1.282614e-01
1.283034e-01
1.283454e-01
1.283874e-01
1.284296e-01
1.284721e-01
1.285135e-01
1.285548e-01
1.285960e-01
1.286373e-01
1.286784e-01
1.287202e-01
1.287624e-01
1.288053e-01
1.288464e-01
1.288876e-01
1.289290e-01
1.289705e-01
1.290114e-01
1.290538e-01
1.290947e-01
1.291382e-01
1.291789e-01
1.292206e-01
1.292624e-01
1.293044e-01
1.293466e-01
1.293890e-01
1.294296e-01
1.294728e-01
1.295133e-01
1.295567e-01
1.295970e-01
1.296390e-01
1.296811e-01
1.297232e-01
1.297635e-01
1.298061e-01
1.298464e-01
1.298896e-01
1.299297e-01
1.299716e-01
1.300135e-01
1.300554e-01
1.300974e-01
1.301395e-01
1.301817e-01
1.302243e-01
1.302672e-01
1.303105e-01
1.303522e-01
1.303940e-01
1.304338e-01
1.304757e-01
1.305154e-01
1.305575e-01
1.305998e-01
1.306424e-01
1.306854e-01
1.307270e-01
1.307666e-01
1.308083e-01
1.308479e-01
1.308897e-01
1.309317e-01
1.309740e-01
1.310135e-01
1.310563e-01
1.310959e-01
1.311375e-01
1.311792e-01
1.312209e-01
1.312605e-01
1.313025e-01
1.313421e-01
1.313844e-01
1.314270e-01
1.314701e-01
1.315097e-01
1.315514e-01
1.315911e-01
1.316328e-01
1.316725e-01
1.317122e-01
1.317520e-01
1.317945e-01
1.318343e-01
1.318759e-01
1.319157e-01
1.319574e-01
1.319991e-01
1.320410e-01
1.320810e-01
1.321232e-01
1.321632e-01
1.322061e-01
1.322461e-01
1.322877e-01
1.323294e-01
1.323695e-01
1.324097e-01
1.324516e-01
1.324919e-01
1.325342e-01
1.325744e-01
1.326160e-01
1.326562e-01
1.326965e-01
1.327369e-01
1.327773e-01
1.328177e-01
1.328598e-01
1.329002e-01
1.329427e-01
1.329831e-01
1.330236e-01
1.330642e-01
1.331047e-01
1.331453e-01
1.331859e-01
1.332264e-01
1.332670e-01
1.333075e-01
1.333481e-01
1.333889e-01
1.334296e-01
1.334704e-01
1.335112e-01
1.335519e-01
1.335926e-01
1.336333e-01
1.336741e-01
1.337150e-01
1.337559e-01
1.337968e-01
1.338377e-01
1.338785e-01
1.339193e-01
1.339601e-01
1.340010e-01
1.340420e-01
1.340829e-01
1.341238e-01
1.341647e-01
1.342056e-01
1.342465e-01
1.342873e-01
1.343282e-01
1.343692e-01
1.344102e-01
1.344512e-01
1.344922e-01
1.345331e-01
1.345740e-01
1.346149e-01
1.346559e-01
1.346970e-01
1.347380e-01
1.347790e-01
1.348200e-01
1.348610e-01
1.349020e-01
1.349430e-01
1.349840e-01
1.350251e-01
1.350662e-01
1.351072e-01
1.351483e-01
1.351893e-01
1.352304e-01
1.352716e-01
1.353127e-01
1.353538e-01
1.353949e-01
1.354355e-01
1.354762e-01
1.355170e-01
1.355580e-01
1.355991e-01
1.356403e-01
1.356814e-01
1.357225e-01
1.357636e-01
1.358048e-01
1.358459e-01
1.358871e-01
1.359282e-01
1.359694e-01
1.360107e-01
1.360520e-01
1.360934e-01
1.361349e-01
1.361757e-01
1.362161e-01
1.362563e-01
1.362966e-01
1.363370e-01
1.363777e-01
1.364186e-01
1.364597e-01
1.365008e-01
1.365422e-01
1.365839e-01
1.366256e-01
1.366675e-01
1.367095e-01
1.367518e-01
1.367942e-01
1.368347e-01
1.368753e-01
1.369159e-01
1.369560e-01
1.369959e-01
1.370361e-01
1.370764e-01
1.371171e-01
1.371580e-01
1.371991e-01
1.372404e-01
1.372819e-01
1.373223e-01
1.373643e-01
1.374067e-01
1.374492e-01
1.374894e-01
1.375297e-01
1.375700e-01
1.376101e-01
1.376500e-01
1.376902e-01
1.377305e-01
1.377710e-01
1.378113e-01
1.378516e-01
1.378920e-01
1.379325e-01
1.379731e-01
1.380139e-01
1.380545e-01
1.380952e-01
1.381357e-01
1.381763e-01
1.382167e-01
1.382569e-01
1.382970e-01
1.383373e-01
1.383777e-01
1.384183e-01
1.384589e-01
1.384995e-01
1.385400e-01
1.385805e-01
1.386210e-01
1.386615e-01
1.387021e-01
1.387427e-01
1.387833e-01
1.388238e-01
1.388642e-01
1.389048e-01
1.389453e-01
1.389857e-01
1.390260e-01
1.390665e-01
1.391069e-01
1.391473e-01
1.391877e-01
1.392281e-01
1.392685e-01
1.393090e-01
1.393493e-01
1.393897e-01
1.394301e-01
1.394704e-01
1.395108e-01
1.395511e-01
1.395914e-01
1.396317e-01
1.396719e-01
1.397122e-01
1.397525e-01
1.397928e-01
1.398330e-01
1.398732e-01
1.399134e-01
1.399536e-01
1.399938e-01
1.400341e-01
1.400742e-01
1.401144e-01
1.401546e-01
1.401948e-01
1.402349e-01
1.402751e-01
1.403152e-01
1.403554e-01
1.403955e-01
1.404357e-01
1.404758e-01
1.405160e-01
1.405561e-01
1.405962e-01
1.406364e-01
1.406765e-01
1.407166e-01
1.407568e-01
1.407969e-01
1.408371e-01
1.408772e-01
1.409174e-01
1.409575e-01
1.409977e-01
1.410378e-01
1.410780e-01
1.411182e-01
1.411584e-01
1.411986e-01
1.412387e-01
1.412789e-01
1.413191e-01
1.413594e-01
1.413996e-01
1.414398e-01
1.414800e-01
1.415202e-01
1.415604e-01
1.416007e-01
1.416409e-01
1.416811e-01
1.417214e-01
1.417616e-01
1.418018e-01
1.418421e-01
1.418823e-01
1.419226e-01
1.419628e-01
1.420030e-01
1.420433e-01
1.420835e-01
1.421238e-01
1.421640e-01
1.422042e-01
1.422445e-01
1.422847e-01
1.423249e-01
1.423652e-01
1.424054e-01
1.424456e-01
1.424858e-01
1.425261e-01
1.425663e-01
1.426065e-01
1.426467e-01
1.426869e-01
1.427271e-01
1.427693e-01
1.428094e-01
1.428519e-01
1.428920e-01
1.429322e-01
1.429724e-01
1.430126e-01
1.430528e-01
1.430964e-01
1.431366e-01
1.431775e-01
1.432177e-01
1.432586e-01
1.432988e-01
1.433397e-01
1.433798e-01
1.434208e-01
1.434609e-01
1.435018e-01
1.435420e-01
1.435825e-01
1.436254e-01
1.436685e-01
1.437119e-01
1.437554e-01
1.437970e-01
1.438387e-01
1.438803e-01
1.439216e-01
1.439627e-01
1.440040e-01
1.440455e-01
1.440873e-01
1.441294e-01
1.441716e-01
1.442140e-01
1.442566e-01
1.442996e-01
1.443427e-01
1.443861e-01
1.444297e-01
1.444713e-01
1.445114e-01
1.445516e-01
1.445917e-01
1.446318e-01
1.446720e-01
1.447121e-01
1.447523e-01
1.447924e-01
1.448326e-01
1.448728e-01
1.449129e-01
1.449531e-01
1.449933e-01
1.450334e-01
1.450736e-01
1.451138e-01
1.451540e-01
1.451942e-01
1.452344e-01
1.452745e-01
1.453148e-01
1.453549e-01
1.453951e-01
1.454353e-01
1.454755e-01
1.455157e-01
1.455559e-01
1.455961e-01
1.456364e-01
1.456766e-01
1.457168e-01
1.457570e-01
1.457972e-01
1.458374e-01
1.458776e-01
1.459178e-01
1.459580e-01
1.459982e-01
1.460384e-01
1.460786e-01
1.461189e-01
1.461591e-01
1.461994e-01
1.462397e-01
1.462802e-01
1.463206e-01
1.463611e-01
1.464015e-01
1.464419e-01
1.464823e-01
1.465228e-01
1.465632e-01
1.466037e-01
1.466441e-01
1.466845e-01
1.467249e-01
1.467654e-01
1.468058e-01
1.468463e-01
1.468868e-01
1.469273e-01
1.469677e-01
1.470082e-01
1.470487e-01
1.470892e-01
1.471297e-01
1.471702e-01
1.472108e-01
1.472515e-01
1.472922e-01
1.473330e-01
1.473737e-01
1.474146e-01
1.474554e-01
1.474963e-01
1.475370e-01
1.475779e-01
1.476187e-01
1.476596e-01
1.477005e-01
1.477414e-01
1.477823e-01
1.478232e-01
1.478642e-01
1.479052e-01
1.479462e-01
1.479870e-01
1.480277e-01
1.480686e-01
1.481098e-01
1.481511e-01
1.481923e-01
1.482337e-01
1.482751e-01
1.483166e-01
1.483574e-01
1.483984e-01
1.484394e-01
1.484801e-01
1.485206e-01
1.485615e-01
1.486026e-01
1.486440e-01
1.486858e-01
1.487280e-01
1.487702e-01
1.488124e-01
1.488532e-01
1.488941e-01
1.489351e-01
1.489757e-01
1.490162e-01
1.490570e-01
1.490981e-01
1.491396e-01
1.491813e-01
1.492235e-01
1.492640e-01
1.493047e-01
1.493454e-01
1.493862e-01
1.494270e-01
1.494676e-01
1.495081e-01
1.495489e-01
1.495899e-01
1.496314e-01
1.496724e-01
1.497147e-01
1.497551e-01
1.497956e-01
1.498362e-01
1.498769e-01
1.499176e-01
1.499581e-01
1.499986e-01
1.500393e-01
1.500803e-01
1.501219e-01
1.501620e-01
1.502022e-01
1.502424e-01
1.502828e-01
1.503232e-01
1.503635e-01
1.504037e-01
1.504442e-01
1.504852e-01
1.505266e-01
1.505664e-01
1.506063e-01
1.506463e-01
1.506865e-01
1.507267e-01
1.507667e-01
1.508068e-01
1.508472e-01
1.508881e-01
1.509294e-01
1.509689e-01
1.510086e-01
1.510483e-01
1.510878e-01
1.511275e-01
1.511675e-01
1.512079e-01
1.512487e-01
1.512883e-01
1.513302e-01
1.513701e-01
1.514100e-01
1.514501e-01
1.514899e-01
1.515301e-01
1.515704e-01
1.516112e-01
1.516525e-01
1.516933e-01
1.517341e-01
1.517750e-01
1.518162e-01
1.518571e-01
1.518987e-01
1.519395e-01
1.519812e-01
1.520219e-01
1.520627e-01
1.521036e-01
1.521456e-01
1.521865e-01
1.522289e-01
1.522696e-01
1.523122e-01
1.523529e-01
1.523936e-01
1.524344e-01
1.524766e-01
1.525173e-01
1.525592e-01
1.525999e-01
1.526419e-01
1.526825e-01
1.527232e-01
1.527641e-01
1.528075e-01
1.528483e-01
1.528931e-01
1.529339e-01
1.529787e-01
1.530193e-01
1.530600e-01
1.531008e-01
1.531441e-01
1.531849e-01
1.532287e-01
1.532694e-01
1.533136e-01
1.533542e-01
1.533949e-01
1.534357e-01
1.534798e-01
1.535206e-01
1.535649e-01
1.536056e-01
1.536501e-01
1.536906e-01
1.537313e-01
1.537720e-01
1.538168e-01
1.538575e-01
1.539022e-01
1.539428e-01
1.539874e-01
1.540279e-01
1.540684e-01
1.541090e-01
1.541537e-01
1.541943e-01
1.542389e-01
1.542793e-01
1.543238e-01
1.543641e-01
1.544045e-01
1.544449e-01
1.544893e-01
1.545297e-01
1.545741e-01
1.546144e-01
1.546586e-01
1.546987e-01
1.547428e-01
1.547830e-01
1.548271e-01
1.548672e-01
1.549113e-01
1.549562e-01
1.550013e-01
1.550455e-01
1.550907e-01
1.551306e-01
1.551744e-01
1.552142e-01
1.552580e-01
1.553032e-01
1.553477e-01
1.553913e-01
1.554365e-01
1.554824e-01
1.555284e-01
1.555740e-01
1.556189e-01
1.556630e-01
1.557078e-01
1.557531e-01
1.557985e-01
1.558434e-01
1.558879e-01
1.559315e-01
1.559761e-01
1.560210e-01
1.560658e-01
1.561102e-01
1.561541e-01
1.561972e-01
1.562412e-01
1.562857e-01
1.563302e-01
1.563743e-01
1.564179e-01
1.564608e-01
1.565037e-01
1.565480e-01
1.565924e-01
1.566365e-01
1.566801e-01
1.567231e-01
1.567671e-01
1.568115e-01
1.568559e-01
1.568999e-01
1.569435e-01
1.569865e-01
1.570305e-01
1.570750e-01
1.571196e-01
1.571640e-01
1.572079e-01
1.572511e-01
1.572953e-01
1.573400e-01
1.573848e-01
1.574292e-01
1.574731e-01
1.575164e-01
1.575608e-01
1.576055e-01
1.576503e-01
1.576948e-01
1.577388e-01
1.577822e-01
1.578266e-01
1.578713e-01
1.579162e-01
1.579607e-01
1.580048e-01
1.580482e-01
1.580926e-01
1.581374e-01
1.581823e-01
1.582268e-01
1.582709e-01
1.583143e-01
1.583587e-01
1.584035e-01
1.584484e-01
1.584929e-01
1.585370e-01
1.585804e-01
1.586247e-01
1.586695e-01
1.587143e-01
1.587587e-01
1.588026e-01
1.588459e-01
1.588902e-01
1.589350e-01
1.589799e-01
1.590244e-01
1.590685e-01
1.591119e-01
1.591562e-01
1.592010e-01
1.592457e-01
1.592899e-01
1.593337e-01
1.593768e-01
1.594210e-01
1.594657e-01
1.595104e-01
1.595548e-01
1.595987e-01
1.596420e-01
1.596863e-01
1.597309e-01
1.597756e-01
1.598198e-01
1.598635e-01
1.599066e-01
1.599508e-01
1.599954e-01
1.600399e-01
1.600841e-01
1.601278e-01
1.601709e-01
1.602150e-01
1.602595e-01
1.603040e-01
1.603481e-01
1.603917e-01
1.604348e-01
1.604788e-01
1.605232e-01
1.605676e-01
1.606115e-01
1.606551e-01
1.606980e-01
1.607418e-01
1.607861e-01
1.608303e-01
1.608741e-01
1.609175e-01
1.609603e-01
1.610040e-01
1.610480e-01
1.610920e-01
1.611356e-01
1.611788e-01
1.612214e-01
1.612649e-01
1.613086e-01
1.613523e-01
1.613955e-01
1.614384e-01
1.614808e-01
1.615239e-01
1.615674e-01
1.616108e-01
1.616538e-01
1.616966e-01
1.617387e-01
1.617817e-01
1.618248e-01
1.618679e-01
1.619106e-01
1.619531e-01
1.619950e-01
1.620377e-01
1.620805e-01
1.621233e-01
1.621661e-01
1.622086e-01
1.622507e-01
1.622933e-01
1.623362e-01
1.623792e-01
1.624219e-01
1.624643e-01
1.625062e-01
1.625479e-01
1.625891e-01
1.626302e-01
1.626712e-01
1.627127e-01
1.627545e-01
1.627965e-01
1.628384e-01
1.628801e-01
1.629216e-01
1.629629e-01
1.630039e-01
1.630448e-01
1.630854e-01
1.631260e-01
1.631664e-01
1.632068e-01
1.632470e-01
1.632873e-01
1.633274e-01
1.633675e-01
1.634076e-01
1.634477e-01
1.634877e-01
1.635277e-01
1.635677e-01
1.636077e-01
1.636476e-01
1.636915e-01
1.637374e-01
1.637829e-01
1.638283e-01
1.638740e-01
1.639199e-01
1.639663e-01
1.640124e-01
1.640593e-01
1.641049e-01
1.641512e-01
1.641965e-01
1.642423e-01
1.642871e-01
1.643325e-01
1.643770e-01
1.644220e-01
1.644663e-01
1.645110e-01
1.645552e-01
1.645997e-01
1.646439e-01
1.646882e-01
1.647322e-01
1.647764e-01
1.648202e-01
1.648637e-01
1.649066e-01
1.649500e-01
1.649934e-01
1.650366e-01
1.650794e-01
1.651228e-01
1.651664e-01
1.652098e-01
1.652529e-01
1.652956e-01
1.653379e-01
1.653809e-01
1.654241e-01
1.654673e-01
1.655102e-01
1.655528e-01
1.655951e-01
1.656379e-01
1.656814e-01
1.657250e-01
1.657683e-01
1.658114e-01
1.658540e-01
1.658963e-01
1.659383e-01
1.659800e-01
1.660214e-01
1.660628e-01
1.661041e-01
1.661454e-01
1.661865e-01
1.662276e-01
1.662686e-01
1.663095e-01
1.663503e-01
1.663911e-01
1.664319e-01
1.664726e-01
1.665132e-01
1.665539e-01
1.665945e-01
1.666351e-01
1.666757e-01
1.667163e-01
1.667568e-01
1.668014e-01
1.668500e-01
1.668989e-01
1.669452e-01
1.669916e-01
1.670380e-01
1.670840e-01
1.671299e-01
1.671760e-01
1.672223e-01
1.672691e-01
1.673159e-01
1.673633e-01
1.674096e-01
1.674566e-01
1.675025e-01
1.675489e-01
1.675944e-01
1.676404e-01
1.676856e-01
1.677311e-01
1.677760e-01
1.678212e-01
1.678660e-01
1.679109e-01
1.679556e-01
1.680003e-01
1.680448e-01
1.680889e-01
1.681323e-01
1.681762e-01
1.682201e-01
1.682637e-01
1.683070e-01
1.683505e-01
1.683943e-01
1.684380e-01
1.684814e-01
1.685245e-01
1.685672e-01
1.686106e-01
1.686541e-01
1.686976e-01
1.687412e-01
1.687845e-01
1.688274e-01
1.688702e-01
1.689125e-01
1.689548e-01
1.689969e-01
1.690390e-01
1.690808e-01
1.691227e-01
1.691644e-01
1.692061e-01
1.692477e-01
1.692893e-01
1.693308e-01
1.693724e-01
1.694139e-01
1.694554e-01
1.694969e-01
1.695385e-01
1.695800e-01
1.696215e-01
1.696631e-01
1.697087e-01
1.697553e-01
1.698019e-01
1.698485e-01
1.698947e-01
1.699408e-01
1.699872e-01
1.700338e-01
1.700809e-01
1.701284e-01
1.701756e-01
1.702232e-01
1.702705e-01
1.703168e-01
1.703629e-01
1.704093e-01
1.704559e-01
1.705025e-01
1.705483e-01
1.705943e-01
1.706406e-01
1.706870e-01
1.707335e-01
1.707798e-01
1.708261e-01
1.708723e-01
1.709181e-01
1.709634e-01
1.710092e-01
1.710551e-01
1.711008e-01
1.711461e-01
1.711917e-01
1.712375e-01
1.712826e-01
1.713280e-01
1.713730e-01
1.714177e-01
1.714626e-01
1.715080e-01
1.715535e-01
1.715986e-01
1.716436e-01
1.716882e-01
1.717334e-01
1.717791e-01
1.718251e-01
1.718708e-01
1.719162e-01
1.719612e-01
1.720061e-01
1.720507e-01
1.720951e-01
1.721393e-01
1.721834e-01
1.722274e-01
1.722713e-01
1.723150e-01
1.723588e-01
1.724024e-01
1.724461e-01
1.724896e-01
1.725332e-01
1.725767e-01
1.726203e-01
1.726638e-01
1.727073e-01
1.727508e-01
1.727944e-01
1.728378e-01
1.728814e-01
1.729249e-01
1.729712e-01
1.730175e-01
1.730634e-01
1.731091e-01
1.731551e-01
1.732014e-01
1.732481e-01
1.732952e-01
1.733425e-01
1.733901e-01
1.734376e-01
1.734836e-01
1.735298e-01
1.735760e-01
1.736223e-01
1.736686e-01
1.737145e-01
1.737603e-01
1.738063e-01
1.738527e-01
1.738994e-01
1.739465e-01
1.739940e-01
1.740418e-01
1.740897e-01
1.741358e-01
1.741820e-01
1.742283e-01
1.742747e-01
1.743211e-01
1.743671e-01
1.744130e-01
1.744592e-01
1.745049e-01
1.745514e-01
1.745980e-01
1.746446e-01
1.746913e-01
1.747377e-01
1.747838e-01
1.748296e-01
1.748752e-01
1.749206e-01
1.749658e-01
1.750109e-01
1.750558e-01
1.751007e-01
1.751454e-01
1.751902e-01
1.752348e-01
1.752795e-01
1.753241e-01
1.753687e-01
1.754132e-01
1.754578e-01
1.755023e-01
1.755469e-01
1.755914e-01
1.756376e-01
1.756841e-01
1.757310e-01
1.757783e-01
1.758259e-01
1.758738e-01
1.759220e-01
1.759707e-01
1.760197e-01
1.760662e-01
1.761128e-01
1.761595e-01
1.762057e-01
1.762518e-01
1.762982e-01
1.763449e-01
1.763921e-01
1.764396e-01
1.764873e-01
1.765355e-01
1.765839e-01
1.766303e-01
1.766769e-01
1.767235e-01
1.767702e-01
1.768169e-01
1.768632e-01
1.769094e-01
1.769559e-01
1.770026e-01
1.770497e-01
1.770972e-01
1.771450e-01
1.771926e-01
1.772401e-01
1.772866e-01
1.773332e-01
1.773798e-01
1.774263e-01
1.774726e-01
1.775188e-01
1.775648e-01
1.776108e-01
1.776567e-01
1.777026e-01
1.777484e-01
1.777943e-01
1.778400e-01
1.778858e-01
1.779316e-01
1.779774e-01
1.780232e-01
1.780690e-01
1.781148e-01
1.781607e-01
1.782065e-01
1.782531e-01
1.782999e-01
1.783472e-01
1.783948e-01
1.784429e-01
1.784915e-01
1.785404e-01
1.785869e-01
1.786334e-01
1.786800e-01
1.787262e-01
1.787723e-01
1.788187e-01
1.788653e-01
1.789124e-01
1.789599e-01
1.790076e-01
1.790556e-01
1.791040e-01
1.791504e-01
1.791968e-01
1.792433e-01
1.792899e-01
1.793365e-01
1.793827e-01
1.794287e-01
1.794751e-01
1.795217e-01
1.795688e-01
1.796162e-01
1.796641e-01
1.797124e-01
1.797612e-01
1.798075e-01
1.798539e-01
1.799003e-01
1.799464e-01
1.799923e-01
1.800386e-01
1.800851e-01
1.801320e-01
1.801793e-01
1.802269e-01
1.802748e-01
1.803231e-01
1.803693e-01
1.804157e-01
1.804620e-01
1.805085e-01
1.805551e-01
1.806012e-01
1.806471e-01
1.806934e-01
1.807401e-01
1.807870e-01
1.808344e-01
1.808822e-01
1.809306e-01
1.809793e-01
1.810256e-01
1.810720e-01
1.811185e-01
1.811646e-01
1.812106e-01
1.812568e-01
1.813034e-01
1.813503e-01
1.813977e-01
1.814452e-01
1.814932e-01
1.815414e-01
1.815901e-01
1.816391e-01
1.816856e-01
1.817323e-01
1.817791e-01
1.818254e-01
1.818715e-01
1.819179e-01
1.819646e-01
1.820116e-01
1.820590e-01
1.821066e-01
1.821545e-01
1.822026e-01
1.822510e-01
1.822997e-01
1.823487e-01
1.823978e-01
1.824448e-01
1.824918e-01
1.825388e-01
1.825853e-01
1.826315e-01
1.826779e-01
1.827244e-01
1.827713e-01
1.828184e-01
1.828657e-01
1.829132e-01
1.829606e-01
1.830080e-01
1.830556e-01
1.831034e-01
1.831512e-01
1.831991e-01
1.832467e-01
1.832949e-01
1.833425e-01
1.833909e-01
1.834385e-01
1.834871e-01
1.835368e-01
1.835831e-01
1.836296e-01
1.836762e-01
1.837231e-01
1.837700e-01
1.838167e-01
1.838633e-01
1.839101e-01
1.839570e-01
1.840042e-01
1.840517e-01
1.840993e-01
1.841472e-01
1.841949e-01
1.842426e-01
1.842905e-01
1.843386e-01
1.843860e-01
1.844340e-01
1.844815e-01
1.845294e-01
1.845769e-01
1.846249e-01
1.846723e-01
1.847206e-01
1.847678e-01
1.848140e-01
1.848604e-01
1.849069e-01
1.849536e-01
1.850005e-01
1.850476e-01
1.850950e-01
1.851421e-01
1.851891e-01
1.852363e-01
1.852836e-01
1.853312e-01
1.853791e-01
1.854269e-01
1.854748e-01
1.855229e-01
1.855711e-01
1.856190e-01
1.856675e-01
1.857158e-01
1.857646e-01
1.858130e-01
1.858619e-01
1.859103e-01
1.859564e-01
1.860027e-01
1.860490e-01
1.860957e-01
1.861424e-01
1.861895e-01
1.862368e-01
1.862838e-01
1.863307e-01
1.863778e-01
1.864251e-01
1.864726e-01
1.865203e-01
1.865680e-01
1.866157e-01
1.866636e-01
1.867116e-01
1.867594e-01
1.868075e-01
1.868552e-01
1.869034e-01
1.869520e-01
1.870002e-01
1.870490e-01
1.870949e-01
1.871410e-01
1.871870e-01
1.872333e-01
1.872798e-01
1.873266e-01
1.873735e-01
1.874202e-01
1.874667e-01
1.875135e-01
1.875604e-01
1.876075e-01
1.876548e-01
1.877021e-01
1.877494e-01
1.877969e-01
1.878445e-01
1.878922e-01
1.879401e-01
1.879881e-01
1.880363e-01
1.880854e-01
1.881307e-01
1.881760e-01
1.882214e-01
1.882670e-01
1.883128e-01
1.883589e-01
1.884052e-01
1.884512e-01
1.884972e-01
1.885434e-01
1.885898e-01
1.886364e-01
1.886832e-01
1.887301e-01
1.887770e-01
1.888240e-01
1.888713e-01
1.889186e-01
1.889662e-01
1.890139e-01
1.890619e-01
1.891099e-01
1.891560e-01
1.892015e-01
1.892467e-01
1.892920e-01
1.893375e-01
1.893832e-01
1.894291e-01
1.894753e-01
1.895217e-01
1.895679e-01
1.896142e-01
1.896607e-01
1.897073e-01
1.897541e-01
1.898010e-01
1.898480e-01
1.898953e-01
1.899427e-01
1.899902e-01
1.900379e-01
1.900858e-01
1.901339e-01
1.901821e-01
1.902319e-01
1.902772e-01
1.903226e-01
1.903681e-01
1.904139e-01
1.904598e-01
1.905060e-01
1.905524e-01
1.905986e-01
1.906448e-01
1.906912e-01
1.907377e-01
1.907845e-01
1.908314e-01
1.908783e-01
1.909254e-01
1.909725e-01
1.910199e-01
1.910673e-01
1.911150e-01
1.911627e-01
1.912107e-01
1.912598e-01
1.913046e-01
1.913496e-01
1.913946e-01
1.914399e-01
1.914854e-01
1.915311e-01
1.915770e-01
1.916229e-01
1.916687e-01
1.917147e-01
1.917608e-01
1.918071e-01
1.918535e-01
1.919001e-01
1.919468e-01
1.919937e-01
1.920407e-01
1.920880e-01
1.921354e-01
1.921830e-01
1.922310e-01
1.922807e-01
1.923301e-01
1.923750e-01
1.924199e-01
1.924651e-01
1.925105e-01
1.925562e-01
1.926021e-01
1.926479e-01
1.926938e-01
1.927399e-01
1.927862e-01
1.928326e-01
1.928792e-01
1.929260e-01
1.929730e-01
1.930203e-01
1.930677e-01
1.931154e-01
1.931634e-01
1.932120e-01
1.932600e-01
1.933083e-01
1.933564e-01
1.934049e-01
1.934533e-01
1.935016e-01
1.935498e-01
1.935981e-01
1.936465e-01
1.936950e-01
1.937437e-01
1.937926e-01
1.938417e-01
1.938931e-01
1.939449e-01
1.939969e-01
1.940488e-01
1.941007e-01
1.941525e-01
1.942043e-01
1.942557e-01
1.943070e-01
1.943582e-01
1.944095e-01
1.944610e-01
1.945126e-01
1.945642e-01
1.946159e-01
1.946675e-01
1.947191e-01
1.947706e-01
1.948221e-01
1.948737e-01
1.949251e-01
1.949766e-01
1.950280e-01
1.950794e-01
1.951307e-01
1.951821e-01
1.952334e-01
1.952846e-01
1.953358e-01
1.953871e-01
1.954382e-01
1.954894e-01
1.955404e-01
1.955915e-01
1.956425e-01
1.956936e-01
1.957445e-01
1.957955e-01
1.958464e-01
1.958972e-01
1.959481e-01
1.959989e-01
1.960497e-01
1.961005e-01
1.961512e-01
1.962019e-01
1.962525e-01
1.963032e-01
1.963538e-01
1.964044e-01
1.964550e-01
1.965056e-01
1.965561e-01
1.966067e-01
1.966572e-01
1.967077e-01
1.967582e-01
1.968086e-01
1.968591e-01
1.969095e-01
1.969600e-01
1.970104e-01
1.970608e-01
1.971112e-01
1.971616e-01
1.972120e-01
1.972624e-01
1.973128e-01
1.973632e-01
1.974137e-01
1.974641e-01
1.975146e-01
1.975650e-01
1.976155e-01
1.976660e-01
1.977164e-01
1.977669e-01
1.978173e-01
1.978678e-01
1.979183e-01
1.979687e-01
1.980192e-01
1.980697e-01
1.981201e-01
1.981706e-01
1.982209e-01
1.982714e-01
1.983219e-01
1.983724e-01
1.984229e-01
1.984735e-01
1.985240e-01
1.985745e-01
1.986251e-01
1.986756e-01
1.987261e-01
1.987766e-01
1.988270e-01
1.988775e-01
1.989280e-01
1.989785e-01
1.990289e-01
1.990794e-01
1.991298e-01
1.991802e-01
1.992306e-01
1.992811e-01
1.993316e-01
1.993820e-01
1.994326e-01
1.994831e-01
1.995336e-01
1.995842e-01
1.996347e-01
1.996852e-01
1.997358e-01
1.997863e-01
1.998369e-01
1.998874e-01
1.999379e-01
1.999884e-01
2.000389e-01
2.000895e-01
2.001399e-01
