# 1  : Date
# 2  : Temps elapsed min (mus)
# 3  : Rang temps elapsed min
# 4  : Noeud temps elapsed min
# 5  : Temps elapsed max (mus)
# 6  : Rang temps elapsed max
# 7  : Noeud temps elapsed max
# 8  : Grind time (mus/maille/cycle)
# 9  : Grind time équivalent séquentiel (#8 X nb_de_coeurs)
#     1     2     3     4      5      6      7       8      9
#   ATTENTION  les temps cpu schémas sont données dans l'ordre alphabétique des schémas WARNING
#  10: TELAPS Hydro (mus)
1.217411e-03   6.778e+04 0 inti1203   6.793e+04 3 inti1203   4.729e-01 7.567e+00  3.468e+04
3.669345e-03   4.649e+04 0 inti1203   4.658e+04 3 inti1203   3.045e-01 4.872e+00  3.719e+04
5.664981e-03   4.744e+04 0 inti1203   4.749e+04 3 inti1203   2.927e-01 4.684e+00  3.801e+04
7.189344e-03   4.943e+04 0 inti1203   4.950e+04 2 inti1203   2.939e-01 4.703e+00  3.977e+04
8.677024e-03   8.301e+04 0 inti1203   8.307e+04 2 inti1203   4.766e-01 7.626e+00  4.284e+04
1.072329e-02   5.266e+04 0 inti1203   5.272e+04 3 inti1203   2.900e-01 4.640e+00  4.246e+04
1.324542e-02   5.546e+04 0 inti1203   5.551e+04 2 inti1203   2.896e-01 4.634e+00  4.502e+04
1.597559e-02   5.783e+04 0 inti1203   5.801e+04 3 inti1203   2.854e-01 4.567e+00  4.696e+04
1.850308e-02   9.517e+04 0 inti1203   9.529e+04 2 inti1203   4.432e-01 7.091e+00  5.546e+04
2.130256e-02   6.176e+04 0 inti1203   6.192e+04 1 inti1203   2.717e-01 4.347e+00  5.026e+04
2.434146e-02   6.378e+04 0 inti1203   6.384e+04 1 inti1203   2.635e-01 4.216e+00  5.237e+04
2.736172e-02   6.494e+04 0 inti1203   6.502e+04 1 inti1203   2.534e-01 4.054e+00  5.316e+04
3.054792e-02   1.036e+05 0 inti1203   1.037e+05 1 inti1203   3.800e-01 6.080e+00  5.725e+04
3.423108e-02   7.334e+04 0 inti1203   7.350e+04 1 inti1203   2.523e-01 4.037e+00  6.030e+04
3.781078e-02   7.543e+04 0 inti1203   7.558e+04 1 inti1203   2.435e-01 3.897e+00  6.253e+04
4.149285e-02   7.652e+04 0 inti1203   7.660e+04 1 inti1203   2.315e-01 3.703e+00  6.307e+04
4.525188e-02   1.219e+05 0 inti1203   1.220e+05 1 inti1203   3.435e-01 5.496e+00  6.788e+04
4.912838e-02   8.538e+04 0 inti1203   8.545e+04 1 inti1203   2.246e-01 3.594e+00  7.102e+04
5.319316e-02   9.000e+04 0 inti1203   9.007e+04 1 inti1203   2.207e-01 3.530e+00  7.530e+04
5.712281e-02   9.813e+04 0 inti1203   9.821e+04 1 inti1203   2.254e-01 3.607e+00  8.284e+04
6.100813e-02   1.546e+05 0 inti1203   1.546e+05 1 inti1203   3.329e-01 5.327e+00  8.535e+04
6.506271e-02   1.056e+05 0 inti1203   1.057e+05 1 inti1203   2.144e-01 3.431e+00  8.912e+04
6.918652e-02   1.137e+05 0 inti1203   1.138e+05 3 inti1203   2.189e-01 3.502e+00  9.676e+04
7.304034e-02   1.149e+05 0 inti1203   1.150e+05 1 inti1203   2.112e-01 3.379e+00  9.747e+04
7.573721e-02   1.675e+05 0 inti1203   1.675e+05 1 inti1203   2.984e-01 4.774e+00  1.021e+05
7.839521e-02   1.208e+05 0 inti1203   1.210e+05 1 inti1203   2.095e-01 3.352e+00  1.028e+05
8.102992e-02   1.241e+05 0 inti1203   1.242e+05 1 inti1203   2.096e-01 3.353e+00  1.060e+05
8.369193e-02   1.252e+05 0 inti1203   1.254e+05 1 inti1203   2.062e-01 3.299e+00  1.068e+05
8.638048e-02   1.963e+05 0 inti1203   1.963e+05 1 inti1203   3.144e-01 5.031e+00  1.159e+05
8.907562e-02   1.332e+05 0 inti1203   1.332e+05 1 inti1203   2.082e-01 3.331e+00  1.141e+05
9.176294e-02   1.358e+05 0 inti1203   1.359e+05 1 inti1203   2.071e-01 3.313e+00  1.165e+05
9.444446e-02   1.376e+05 0 inti1203   1.378e+05 1 inti1203   2.050e-01 3.280e+00  1.184e+05
9.711024e-02   2.095e+05 0 inti1203   2.096e+05 1 inti1203   3.037e-01 4.860e+00  1.225e+05
9.981580e-02   1.414e+05 0 inti1203   1.414e+05 1 inti1203   2.001e-01 3.202e+00  1.215e+05
1.027124e-01   1.452e+05 0 inti1203   1.452e+05 1 inti1203   2.006e-01 3.209e+00  1.249e+05
1.057142e-01   1.507e+05 0 inti1203   1.508e+05 3 inti1203   2.035e-01 3.255e+00  1.302e+05
1.085998e-01   2.273e+05 0 inti1203   2.274e+05 1 inti1203   3.000e-01 4.801e+00  1.363e+05
1.114046e-01   1.576e+05 0 inti1203   1.577e+05 1 inti1203   2.038e-01 3.261e+00  1.362e+05
1.142406e-01   1.629e+05 0 inti1203   1.630e+05 1 inti1203   2.065e-01 3.303e+00  1.415e+05
1.172198e-01   1.659e+05 0 inti1203   1.661e+05 3 inti1203   2.059e-01 3.295e+00  1.437e+05
1.202413e-01   2.676e+05 0 inti1203   2.677e+05 1 inti1203   3.245e-01 5.191e+00  1.541e+05
1.232215e-01   1.779e+05 0 inti1203   1.780e+05 3 inti1203   2.113e-01 3.380e+00  1.546e+05
1.262173e-01   1.816e+05 0 inti1203   1.817e+05 1 inti1203   2.114e-01 3.382e+00  1.581e+05
1.291382e-01   1.843e+05 0 inti1203   1.843e+05 1 inti1203   2.103e-01 3.365e+00  1.606e+05
1.319991e-01   2.738e+05 0 inti1203   2.739e+05 1 inti1203   3.064e-01 4.903e+00  1.643e+05
1.348200e-01   1.871e+05 0 inti1203   1.873e+05 1 inti1203   2.059e-01 3.294e+00  1.628e+05
1.376500e-01   1.921e+05 0 inti1203   1.922e+05 1 inti1203   2.078e-01 3.325e+00  1.676e+05
1.404357e-01   1.963e+05 0 inti1203   1.965e+05 1 inti1203   2.095e-01 3.352e+00  1.711e+05
1.432177e-01   2.740e+05 0 inti1203   2.742e+05 1 inti1203   2.886e-01 4.618e+00  1.766e+05
1.460384e-01   1.994e+05 0 inti1203   1.996e+05 1 inti1203   2.078e-01 3.324e+00  1.732e+05
1.488532e-01   2.027e+05 0 inti1203   2.029e+05 1 inti1203   2.090e-01 3.345e+00  1.769e+05
1.516525e-01   2.029e+05 0 inti1203   2.031e+05 1 inti1203   2.071e-01 3.314e+00  1.769e+05
1.545297e-01   2.771e+05 0 inti1203   2.773e+05 1 inti1203   2.799e-01 4.479e+00  1.811e+05
1.575608e-01   2.077e+05 0 inti1203   2.078e+05 1 inti1203   2.079e-01 3.327e+00  1.815e+05
1.606115e-01   2.088e+05 0 inti1203   2.089e+05 1 inti1203   2.073e-01 3.316e+00  1.826e+05
1.635277e-01   2.109e+05 0 inti1203   2.111e+05 1 inti1203   2.081e-01 3.329e+00  1.836e+05
1.665132e-01   2.829e+05 2 inti1203   2.831e+05 1 inti1203   2.775e-01 4.440e+00  1.873e+05
1.695385e-01   2.159e+05 2 inti1203   2.161e+05 1 inti1203   2.108e-01 3.373e+00  1.888e+05
1.726638e-01   2.165e+05 2 inti1203   2.167e+05 1 inti1203   2.102e-01 3.364e+00  1.896e+05
1.758259e-01   2.188e+05 2 inti1203   2.190e+05 1 inti1203   2.116e-01 3.385e+00  1.914e+05
1.790556e-01   3.055e+05 2 inti1203   3.057e+05 1 inti1203   2.941e-01 4.705e+00  1.923e+05
1.822997e-01   2.191e+05 2 inti1203   2.193e+05 1 inti1203   2.103e-01 3.364e+00  1.912e+05
1.855711e-01   2.180e+05 2 inti1203   2.181e+05 1 inti1203   2.085e-01 3.336e+00  1.904e+05
1.888240e-01   2.184e+05 0 inti1203   2.186e+05 1 inti1203   2.085e-01 3.337e+00  1.908e+05
1.920407e-01   2.862e+05 2 inti1203   2.863e+05 1 inti1203   2.726e-01 4.361e+00  1.934e+05
1.954382e-01   2.218e+05 0 inti1203   2.220e+05 1 inti1203   2.112e-01 3.379e+00  1.940e+05
1.989280e-01   2.218e+05 2 inti1203   2.220e+05 1 inti1203   2.110e-01 3.376e+00  1.942e+05
