#   1 : Date        
# Date        
0.000000e+00
1.807392e-05
2.865299e-05
3.680825e-05
4.331462e-05
4.906367e-05
5.538763e-05
6.204872e-05
6.795979e-05
7.446196e-05
8.161436e-05
8.947053e-05
9.702468e-05
1.053342e-04
1.143002e-04
1.241628e-04
1.337027e-04
1.436480e-04
1.545879e-04
1.657374e-04
1.769297e-04
1.886124e-04
2.010176e-04
2.132284e-04
2.257171e-04
2.388127e-04
2.521957e-04
2.655017e-04
2.797183e-04
2.939297e-04
3.084532e-04
3.235230e-04
3.388720e-04
3.545256e-04
3.707045e-04
3.871136e-04
4.039712e-04
4.213429e-04
4.389057e-04
4.566041e-04
4.748726e-04
4.934284e-04
5.123968e-04
5.317204e-04
5.513472e-04
5.713195e-04
5.916317e-04
6.121877e-04
6.330631e-04
6.541431e-04
6.756129e-04
6.973298e-04
7.193540e-04
7.416524e-04
7.642145e-04
7.870888e-04
8.102207e-04
8.336410e-04
8.572999e-04
8.811975e-04
9.052984e-04
9.296850e-04
9.542344e-04
9.790738e-04
1.004107e-03
1.029433e-03
1.054937e-03
1.080786e-03
1.106828e-03
1.133123e-03
1.159624e-03
1.186464e-03
1.213485e-03
1.240745e-03
1.268213e-03
1.295923e-03
1.323861e-03
1.352053e-03
1.380427e-03
1.409065e-03
1.437917e-03
1.467083e-03
1.496472e-03
1.526126e-03
1.555964e-03
1.586157e-03
1.616605e-03
1.647287e-03
1.678149e-03
1.709331e-03
1.740719e-03
1.772176e-03
1.803794e-03
1.835622e-03
1.867602e-03
1.899875e-03
1.932477e-03
1.965120e-03
1.998093e-03
2.031272e-03
2.064625e-03
2.098278e-03
2.132152e-03
2.166096e-03
2.200218e-03
2.234613e-03
2.269156e-03
2.304035e-03
2.339154e-03
2.374341e-03
2.409910e-03
2.445536e-03
2.481298e-03
2.517257e-03
2.553563e-03
2.589879e-03
2.626441e-03
2.663275e-03
2.700239e-03
2.737218e-03
2.774286e-03
2.811384e-03
2.848464e-03
2.885545e-03
2.922654e-03
2.959773e-03
2.996956e-03
3.034185e-03
3.071426e-03
3.108658e-03
3.145912e-03
3.183198e-03
3.220536e-03
3.257870e-03
3.295200e-03
3.332536e-03
3.369894e-03
3.407260e-03
3.444668e-03
3.482147e-03
3.519673e-03
3.557183e-03
3.594705e-03
3.632233e-03
3.669785e-03
3.707361e-03
3.744979e-03
3.782656e-03
3.820390e-03
3.858179e-03
3.895974e-03
3.933780e-03
3.971613e-03
4.009467e-03
4.047361e-03
4.085306e-03
4.123305e-03
4.161376e-03
4.199514e-03
4.237739e-03
4.276041e-03
4.314375e-03
4.352763e-03
4.391183e-03
4.429648e-03
4.468167e-03
4.506740e-03
4.545383e-03
4.584094e-03
4.622892e-03
4.661770e-03
4.700738e-03
4.739795e-03
4.778951e-03
4.818211e-03
4.857580e-03
4.897008e-03
4.936562e-03
4.976227e-03
5.016040e-03
5.055974e-03
5.096068e-03
5.136308e-03
5.176716e-03
5.217294e-03
5.258054e-03
5.298898e-03
5.339959e-03
5.381206e-03
5.422705e-03
5.464406e-03
5.506366e-03
5.548551e-03
5.590969e-03
5.633478e-03
5.676268e-03
5.719278e-03
5.762600e-03
5.806189e-03
5.850104e-03
5.894337e-03
5.938919e-03
5.983870e-03
6.028940e-03
6.074401e-03
6.120168e-03
6.166087e-03
6.212199e-03
6.258463e-03
6.304919e-03
6.351502e-03
6.398256e-03
6.445149e-03
6.491984e-03
6.538814e-03
6.585634e-03
6.632479e-03
6.679338e-03
6.726244e-03
6.773153e-03
6.820047e-03
6.866960e-03
6.913930e-03
6.960908e-03
7.007964e-03
7.055056e-03
7.102123e-03
7.149236e-03
7.196399e-03
7.243601e-03
7.290889e-03
7.338237e-03
7.385648e-03
7.433130e-03
7.480701e-03
7.528326e-03
7.576025e-03
7.623137e-03
7.669844e-03
7.716377e-03
7.762280e-03
7.808021e-03
7.853451e-03
7.898491e-03
7.943181e-03
7.987737e-03
8.031940e-03
8.075857e-03
8.119650e-03
8.163144e-03
8.206395e-03
8.249546e-03
8.292281e-03
8.334891e-03
8.377372e-03
8.419548e-03
8.461617e-03
8.503582e-03
8.545372e-03
8.587083e-03
8.628679e-03
8.669252e-03
8.706468e-03
8.741308e-03
8.773898e-03
8.805315e-03
8.835546e-03
8.864884e-03
8.893307e-03
8.920886e-03
8.946898e-03
8.971827e-03
8.996430e-03
9.020817e-03
9.045332e-03
9.069907e-03
9.094568e-03
9.119303e-03
9.144121e-03
9.168967e-03
9.193842e-03
9.218700e-03
9.243555e-03
9.268350e-03
9.293118e-03
9.317810e-03
9.342458e-03
9.367021e-03
9.391529e-03
9.415947e-03
9.440305e-03
9.464574e-03
9.488781e-03
9.512901e-03
9.536961e-03
9.560939e-03
9.584860e-03
9.608706e-03
9.632499e-03
9.656225e-03
9.679906e-03
9.703527e-03
9.727110e-03
9.750645e-03
9.774149e-03
9.797614e-03
9.821059e-03
9.844476e-03
9.867882e-03
9.891272e-03
9.914659e-03
9.938038e-03
9.961422e-03
9.984809e-03
1.000821e-02
1.003163e-02
1.005506e-02
1.007853e-02
1.010202e-02
1.012555e-02
1.014912e-02
1.017273e-02
1.019639e-02
1.022009e-02
1.024385e-02
1.026766e-02
1.029153e-02
1.031545e-02
1.033943e-02
1.036348e-02
1.038759e-02
1.041176e-02
1.043599e-02
1.046030e-02
1.048467e-02
1.050911e-02
1.053362e-02
1.055820e-02
1.058286e-02
1.060759e-02
1.063240e-02
1.065729e-02
1.068226e-02
1.070731e-02
1.073245e-02
1.075767e-02
1.078299e-02
1.080840e-02
1.083390e-02
1.085950e-02
1.088519e-02
1.091099e-02
1.093689e-02
1.096290e-02
1.098901e-02
1.101524e-02
1.104158e-02
1.106804e-02
1.109461e-02
1.112130e-02
1.114812e-02
1.117506e-02
1.120212e-02
1.122932e-02
1.125664e-02
1.128409e-02
1.131168e-02
1.133940e-02
1.136725e-02
1.139524e-02
1.142336e-02
1.145162e-02
1.148002e-02
1.150855e-02
1.153722e-02
1.156603e-02
1.159497e-02
1.162404e-02
1.165326e-02
1.168261e-02
1.171209e-02
1.174170e-02
1.177145e-02
1.180133e-02
1.183133e-02
1.186147e-02
1.189174e-02
1.192214e-02
1.195266e-02
1.198331e-02
1.201409e-02
1.204500e-02
1.207603e-02
1.210718e-02
1.213846e-02
1.216986e-02
1.220139e-02
1.223304e-02
1.226480e-02
1.229669e-02
1.232870e-02
1.236082e-02
1.239306e-02
1.242541e-02
1.245788e-02
1.249046e-02
1.252316e-02
1.255596e-02
1.258887e-02
1.262189e-02
1.265502e-02
1.268826e-02
1.272160e-02
1.275504e-02
1.278858e-02
1.282222e-02
1.285596e-02
1.288979e-02
1.292372e-02
1.295774e-02
1.299186e-02
1.302606e-02
1.306034e-02
1.309471e-02
1.312916e-02
1.316369e-02
1.319830e-02
1.323299e-02
1.326774e-02
1.330257e-02
1.333746e-02
1.337241e-02
1.340743e-02
1.344251e-02
1.347765e-02
1.351284e-02
1.354808e-02
1.358337e-02
1.361871e-02
1.365409e-02
1.368952e-02
1.372498e-02
1.376049e-02
1.379603e-02
1.383160e-02
1.386720e-02
1.390283e-02
1.393848e-02
1.397416e-02
1.400986e-02
1.404558e-02
1.408132e-02
1.411708e-02
1.415284e-02
1.418863e-02
1.422442e-02
1.426022e-02
1.429602e-02
1.433183e-02
1.436765e-02
1.440346e-02
1.443928e-02
1.447510e-02
1.451091e-02
1.454671e-02
1.458252e-02
1.461831e-02
1.465409e-02
1.468987e-02
1.472563e-02
1.476138e-02
1.479712e-02
1.483285e-02
1.487136e-02
1.490987e-02
1.494836e-02
1.498684e-02
1.502529e-02
1.506372e-02
1.510212e-02
1.514050e-02
1.517885e-02
1.521717e-02
1.525546e-02
1.529371e-02
1.533194e-02
1.537013e-02
1.540829e-02
1.544641e-02
1.548451e-02
1.552257e-02
1.556060e-02
1.559859e-02
1.563656e-02
1.567449e-02
1.571239e-02
1.575026e-02
1.578811e-02
1.582591e-02
1.586369e-02
1.590144e-02
1.593914e-02
1.597682e-02
1.601447e-02
1.605210e-02
1.608970e-02
1.612729e-02
1.616485e-02
1.620238e-02
1.623990e-02
1.627739e-02
1.631486e-02
1.635231e-02
1.638974e-02
1.642715e-02
1.646455e-02
1.650192e-02
1.653928e-02
1.657662e-02
1.661394e-02
1.665125e-02
1.668855e-02
1.672583e-02
1.676310e-02
1.680035e-02
1.683760e-02
1.687483e-02
1.691206e-02
1.694927e-02
1.698648e-02
1.702368e-02
1.706087e-02
1.709806e-02
1.713525e-02
1.717243e-02
1.720961e-02
1.724679e-02
1.728397e-02
1.732115e-02
1.735833e-02
1.739552e-02
1.743270e-02
1.746989e-02
1.750708e-02
1.754428e-02
1.758148e-02
1.761869e-02
1.765590e-02
1.769313e-02
1.773035e-02
1.776760e-02
1.780484e-02
1.784211e-02
1.787938e-02
1.791666e-02
1.795396e-02
1.799127e-02
1.802859e-02
1.806593e-02
1.810329e-02
1.814066e-02
1.817804e-02
1.821545e-02
1.825286e-02
1.829030e-02
1.832775e-02
1.836523e-02
1.840272e-02
1.844023e-02
1.847711e-02
1.851399e-02
1.855087e-02
1.858779e-02
1.862472e-02
1.866167e-02
1.869863e-02
1.873562e-02
1.877261e-02
1.880896e-02
1.884414e-02
1.887824e-02
1.891151e-02
1.894392e-02
1.897542e-02
1.900619e-02
1.903619e-02
1.906527e-02
1.909351e-02
1.912120e-02
1.914851e-02
1.917539e-02
1.920191e-02
1.922818e-02
1.925430e-02
1.928018e-02
1.930587e-02
1.933140e-02
1.935684e-02
1.938213e-02
1.940728e-02
1.943232e-02
1.945727e-02
1.948213e-02
1.950688e-02
1.953153e-02
1.955610e-02
1.958061e-02
1.960505e-02
1.962938e-02
1.965365e-02
1.967786e-02
1.970202e-02
1.972615e-02
1.975027e-02
1.977436e-02
1.979840e-02
1.982238e-02
1.984634e-02
1.987027e-02
1.989420e-02
1.991812e-02
1.994207e-02
1.996601e-02
1.998993e-02
2.001382e-02
2.003772e-02
2.006162e-02
2.008554e-02
2.010949e-02
2.013349e-02
2.015750e-02
2.018152e-02
2.020555e-02
2.022960e-02
2.025368e-02
2.027782e-02
2.030200e-02
2.032625e-02
2.035057e-02
2.037492e-02
2.039929e-02
2.042371e-02
2.044819e-02
2.047273e-02
2.049734e-02
2.052204e-02
2.054683e-02
2.057170e-02
2.059661e-02
2.062158e-02
2.064661e-02
2.067172e-02
2.069690e-02
2.072218e-02
2.074754e-02
2.077302e-02
2.079858e-02
2.082419e-02
2.084986e-02
2.087560e-02
2.090141e-02
2.092731e-02
2.095330e-02
2.097939e-02
2.100559e-02
2.103184e-02
2.105814e-02
2.108452e-02
2.111095e-02
2.113747e-02
2.116406e-02
2.119075e-02
2.121753e-02
2.124436e-02
2.127123e-02
2.129816e-02
2.132515e-02
2.135222e-02
2.137936e-02
2.140660e-02
2.143393e-02
2.146128e-02
2.148867e-02
2.151612e-02
2.154361e-02
2.157118e-02
2.159882e-02
2.162656e-02
2.165439e-02
2.168224e-02
2.171012e-02
2.173805e-02
2.176604e-02
2.179409e-02
2.182223e-02
2.185046e-02
2.187878e-02
2.190712e-02
2.193549e-02
2.196392e-02
2.199240e-02
2.202096e-02
2.204960e-02
2.207834e-02
2.210716e-02
2.213602e-02
2.216490e-02
2.219384e-02
2.222284e-02
2.225192e-02
2.228109e-02
2.231037e-02
2.233972e-02
2.236911e-02
2.239854e-02
2.242802e-02
2.245757e-02
2.248720e-02
2.251693e-02
2.254677e-02
2.257669e-02
2.260665e-02
2.263664e-02
2.266670e-02
2.269683e-02
2.272704e-02
2.275735e-02
2.278777e-02
2.281821e-02
2.284870e-02
2.287924e-02
2.290984e-02
2.294053e-02
2.297130e-02
2.300218e-02
2.303316e-02
2.306417e-02
2.309522e-02
2.312634e-02
2.315752e-02
2.318879e-02
2.322016e-02
2.325164e-02
2.328320e-02
2.331481e-02
2.334646e-02
2.337816e-02
2.340993e-02
2.344178e-02
2.347372e-02
2.350576e-02
2.353788e-02
2.357003e-02
2.360223e-02
2.363448e-02
2.366681e-02
2.369922e-02
2.373172e-02
2.376432e-02
2.379699e-02
2.382969e-02
2.386244e-02
2.389525e-02
2.392813e-02
2.396109e-02
2.399413e-02
2.402725e-02
2.406045e-02
2.409369e-02
2.412697e-02
2.416030e-02
2.419368e-02
2.422713e-02
2.426065e-02
2.429426e-02
2.432795e-02
2.436167e-02
2.439543e-02
2.442923e-02
2.446309e-02
2.449701e-02
2.453102e-02
2.456511e-02
2.459927e-02
2.463345e-02
2.466768e-02
2.470195e-02
2.473628e-02
2.477068e-02
2.480516e-02
2.483970e-02
2.487432e-02
2.490897e-02
2.494367e-02
2.497841e-02
2.501321e-02
2.504807e-02
2.508299e-02
2.511797e-02
2.515302e-02
2.518815e-02
2.522332e-02
2.525853e-02
2.529378e-02
2.532908e-02
2.536445e-02
2.539987e-02
2.543538e-02
2.547097e-02
2.550660e-02
2.554227e-02
2.557799e-02
2.561375e-02
2.564958e-02
2.568548e-02
2.572145e-02
2.575751e-02
2.579362e-02
2.582977e-02
2.586597e-02
2.590221e-02
2.593852e-02
2.597491e-02
2.601137e-02
2.604791e-02
2.608452e-02
2.612117e-02
2.615786e-02
2.619461e-02
2.623142e-02
2.626830e-02
2.630525e-02
2.634227e-02
2.637935e-02
2.641650e-02
2.645371e-02
2.649096e-02
2.652828e-02
2.656566e-02
2.660310e-02
2.664058e-02
2.667814e-02
2.671576e-02
2.675345e-02
2.679122e-02
2.682905e-02
2.686691e-02
2.690482e-02
2.694278e-02
2.698081e-02
2.701890e-02
2.705706e-02
2.709530e-02
2.713361e-02
2.717195e-02
2.721034e-02
2.724878e-02
2.728728e-02
2.732584e-02
2.736446e-02
2.740316e-02
2.744194e-02
2.748078e-02
2.751965e-02
2.755857e-02
2.759754e-02
2.763657e-02
2.767566e-02
2.771483e-02
2.775406e-02
2.779336e-02
2.783272e-02
2.787213e-02
2.791158e-02
2.795108e-02
2.799065e-02
2.803028e-02
2.806998e-02
2.810972e-02
2.814953e-02
2.818939e-02
2.822932e-02
2.826930e-02
2.830935e-02
2.834945e-02
2.838961e-02
2.842982e-02
2.847007e-02
2.851038e-02
2.855075e-02
2.859118e-02
2.863168e-02
2.867225e-02
2.871288e-02
2.875355e-02
2.879427e-02
2.883503e-02
2.887584e-02
2.891671e-02
2.895764e-02
2.899864e-02
2.903970e-02
2.908084e-02
2.912202e-02
2.916324e-02
2.920451e-02
2.924582e-02
2.928719e-02
2.932861e-02
2.937010e-02
2.941166e-02
2.945328e-02
2.949497e-02
2.953669e-02
2.957846e-02
2.962027e-02
2.966214e-02
2.970405e-02
2.974603e-02
2.978807e-02
2.983018e-02
2.987234e-02
2.991456e-02
2.995683e-02
2.999914e-02
3.004150e-02
3.008392e-02
3.012638e-02
3.016891e-02
3.021150e-02
3.025415e-02
3.029684e-02
3.033959e-02
3.038239e-02
3.042525e-02
3.046816e-02
3.051113e-02
3.055415e-02
3.059722e-02
3.064036e-02
3.068355e-02
3.072679e-02
3.077008e-02
3.081342e-02
3.085681e-02
3.090027e-02
3.094378e-02
3.098736e-02
3.103099e-02
3.107468e-02
3.111842e-02
3.116221e-02
3.120605e-02
3.124993e-02
3.129386e-02
3.133785e-02
3.138189e-02
3.142599e-02
3.147016e-02
3.151439e-02
3.155868e-02
3.160302e-02
3.164740e-02
3.169182e-02
3.173629e-02
3.178081e-02
3.182537e-02
3.187000e-02
3.191467e-02
3.195941e-02
3.200421e-02
3.204907e-02
3.209399e-02
3.213896e-02
3.218397e-02
3.222902e-02
3.227411e-02
3.231925e-02
3.236445e-02
3.240969e-02
3.245500e-02
3.250035e-02
3.254577e-02
3.259126e-02
3.263680e-02
3.268240e-02
3.272804e-02
3.277372e-02
3.281944e-02
3.286521e-02
3.291104e-02
3.295691e-02
3.300284e-02
3.304882e-02
3.309487e-02
3.314097e-02
3.318713e-02
3.323336e-02
3.327964e-02
3.332597e-02
3.337233e-02
3.341875e-02
3.346521e-02
3.351172e-02
3.355828e-02
3.360490e-02
3.365157e-02
3.369830e-02
3.374509e-02
3.379194e-02
3.383886e-02
3.388583e-02
3.393286e-02
3.397994e-02
3.402705e-02
3.407422e-02
3.412143e-02
3.416870e-02
3.421601e-02
3.426338e-02
3.431081e-02
3.435829e-02
3.440583e-02
3.445344e-02
3.450110e-02
3.454883e-02
3.459662e-02
3.464446e-02
3.469234e-02
3.474027e-02
3.478825e-02
3.483628e-02
3.488437e-02
3.493250e-02
3.498069e-02
3.502894e-02
3.507724e-02
3.512560e-02
3.517403e-02
3.522251e-02
3.527106e-02
3.531967e-02
3.536835e-02
3.541708e-02
3.546587e-02
3.551470e-02
3.556358e-02
3.561251e-02
3.566150e-02
3.571054e-02
3.575963e-02
3.580879e-02
3.585799e-02
3.590726e-02
3.595658e-02
3.600596e-02
3.605539e-02
3.610489e-02
3.615444e-02
3.620405e-02
3.625372e-02
3.630343e-02
3.635318e-02
3.640297e-02
3.645280e-02
3.650268e-02
3.655260e-02
3.660255e-02
3.665256e-02
3.670260e-02
3.675268e-02
3.680278e-02
3.685291e-02
3.690303e-02
3.695315e-02
3.700320e-02
3.705319e-02
3.710303e-02
3.715177e-02
3.720015e-02
3.724816e-02
3.729592e-02
3.734342e-02
3.739036e-02
3.743668e-02
3.748278e-02
3.752852e-02
3.757435e-02
3.761986e-02
3.766548e-02
3.771089e-02
3.775641e-02
3.780186e-02
3.784754e-02
3.789304e-02
3.793920e-02
3.798562e-02
3.803243e-02
3.807894e-02
3.812514e-02
3.817108e-02
3.821713e-02
3.826303e-02
3.830895e-02
3.835459e-02
3.840004e-02
3.844551e-02
3.849091e-02
3.853635e-02
3.858193e-02
3.862755e-02
3.867343e-02
3.871934e-02
3.876556e-02
3.881192e-02
3.885856e-02
3.890551e-02
3.895276e-02
3.900027e-02
3.904818e-02
3.909640e-02
3.914496e-02
3.919387e-02
3.924299e-02
3.929219e-02
3.934142e-02
3.939070e-02
3.944001e-02
3.948935e-02
3.953870e-02
3.958807e-02
3.963741e-02
3.968675e-02
3.973608e-02
3.978540e-02
3.983470e-02
3.988403e-02
3.993336e-02
3.998272e-02
4.003212e-02
4.008155e-02
4.013101e-02
4.018051e-02
4.023004e-02
4.027962e-02
4.032925e-02
4.037893e-02
4.042865e-02
4.047843e-02
4.052825e-02
4.057804e-02
4.062781e-02
4.067756e-02
4.072730e-02
4.077701e-02
4.082672e-02
4.087642e-02
4.092611e-02
4.097579e-02
4.102547e-02
4.107514e-02
4.112482e-02
4.117447e-02
4.122407e-02
4.127360e-02
4.132307e-02
4.137247e-02
4.142183e-02
4.147114e-02
4.152042e-02
4.156966e-02
4.161889e-02
4.166810e-02
4.171730e-02
4.176648e-02
4.181567e-02
4.186487e-02
4.191408e-02
4.196331e-02
4.201256e-02
4.206184e-02
4.211114e-02
4.216047e-02
4.220983e-02
4.225922e-02
4.230864e-02
4.235808e-02
4.240755e-02
4.245704e-02
4.250656e-02
4.255610e-02
4.260567e-02
4.265526e-02
4.270486e-02
4.275449e-02
4.280414e-02
4.285381e-02
4.290351e-02
4.295321e-02
4.300294e-02
4.305268e-02
4.310244e-02
4.315221e-02
4.320200e-02
4.325179e-02
4.330160e-02
4.335142e-02
4.340124e-02
4.345107e-02
4.350091e-02
4.355074e-02
4.360059e-02
4.365043e-02
4.370028e-02
4.375012e-02
4.379997e-02
4.384982e-02
4.389967e-02
4.394952e-02
4.399938e-02
4.404924e-02
4.409910e-02
4.414897e-02
4.419885e-02
4.424874e-02
4.429865e-02
4.434856e-02
4.439849e-02
4.444843e-02
4.449839e-02
4.454837e-02
4.459836e-02
4.464838e-02
4.469843e-02
4.474850e-02
4.479860e-02
4.484874e-02
4.489891e-02
4.494912e-02
4.499937e-02
4.504967e-02
4.510000e-02
4.515039e-02
4.520082e-02
4.525130e-02
4.530184e-02
4.535242e-02
4.540305e-02
4.545374e-02
4.550443e-02
4.555512e-02
4.560583e-02
4.565654e-02
4.570726e-02
4.575799e-02
4.580873e-02
4.585949e-02
4.591026e-02
4.596105e-02
4.601185e-02
4.606268e-02
4.611352e-02
4.616439e-02
4.621528e-02
4.626619e-02
4.631713e-02
4.636810e-02
4.641910e-02
4.647013e-02
4.652119e-02
4.657228e-02
4.662341e-02
4.667456e-02
4.672575e-02
4.677698e-02
4.682824e-02
4.687953e-02
4.693087e-02
4.698223e-02
4.703364e-02
4.708508e-02
4.713655e-02
4.718807e-02
4.723962e-02
4.729120e-02
4.734283e-02
4.739448e-02
4.744618e-02
4.749790e-02
4.754965e-02
4.760144e-02
4.765325e-02
4.770510e-02
4.775698e-02
4.780890e-02
4.786084e-02
4.791282e-02
4.796482e-02
4.801685e-02
4.806891e-02
4.812099e-02
4.817310e-02
4.822524e-02
4.827741e-02
4.832960e-02
4.838182e-02
4.843407e-02
4.848635e-02
4.853865e-02
4.859098e-02
4.864334e-02
4.869573e-02
4.874814e-02
4.880059e-02
4.885305e-02
4.890555e-02
4.895807e-02
4.901062e-02
4.906320e-02
4.911581e-02
4.916845e-02
4.922112e-02
4.927382e-02
4.932654e-02
4.937929e-02
4.943207e-02
4.948487e-02
4.953770e-02
4.959055e-02
4.964343e-02
4.969634e-02
4.974927e-02
4.980224e-02
4.985523e-02
4.990826e-02
4.996131e-02
5.001439e-02
5.006750e-02
5.012064e-02
5.017381e-02
5.022700e-02
5.028022e-02
5.033347e-02
5.038673e-02
5.044001e-02
5.049331e-02
5.054661e-02
5.059992e-02
5.065322e-02
5.070652e-02
5.075981e-02
5.081309e-02
5.086634e-02
5.091957e-02
5.097278e-02
5.102596e-02
5.107910e-02
5.113221e-02
5.118528e-02
5.123832e-02
5.129132e-02
5.134428e-02
5.139720e-02
5.145008e-02
5.150293e-02
5.155575e-02
5.160854e-02
5.166132e-02
5.171409e-02
5.176685e-02
5.181962e-02
5.187238e-02
5.192516e-02
5.197794e-02
5.203073e-02
5.208354e-02
5.213635e-02
5.218918e-02
5.224202e-02
5.229487e-02
5.234773e-02
5.240061e-02
5.245349e-02
5.250639e-02
5.255931e-02
5.261223e-02
5.266515e-02
5.271808e-02
5.277101e-02
5.282396e-02
5.287692e-02
5.292988e-02
5.298287e-02
5.303587e-02
5.308888e-02
5.314192e-02
5.319498e-02
5.324806e-02
5.330116e-02
5.335429e-02
5.340744e-02
5.346062e-02
5.351383e-02
5.356706e-02
5.362033e-02
5.367362e-02
5.372695e-02
5.378031e-02
5.383369e-02
5.388711e-02
5.394056e-02
5.399402e-02
5.404750e-02
5.410099e-02
5.415450e-02
5.420801e-02
5.426154e-02
5.431508e-02
5.436864e-02
5.442221e-02
5.447579e-02
5.452940e-02
5.458302e-02
5.463665e-02
5.469030e-02
5.474398e-02
5.479766e-02
5.485137e-02
5.490509e-02
5.495882e-02
5.501257e-02
5.506632e-02
5.512005e-02
5.517378e-02
5.522749e-02
5.528119e-02
5.533488e-02
5.538855e-02
5.544221e-02
5.549585e-02
5.554948e-02
5.560310e-02
5.565671e-02
5.571031e-02
5.576390e-02
5.581749e-02
5.587108e-02
5.592467e-02
5.597826e-02
5.603183e-02
5.608539e-02
5.613893e-02
5.619247e-02
5.624599e-02
5.629952e-02
5.635305e-02
5.640658e-02
5.646012e-02
5.651368e-02
5.656725e-02
5.662084e-02
5.667446e-02
5.672811e-02
5.678179e-02
5.683552e-02
5.688926e-02
5.694303e-02
5.699683e-02
5.705066e-02
5.710452e-02
5.715842e-02
5.721236e-02
5.726634e-02
5.732037e-02
5.737446e-02
5.742859e-02
5.748278e-02
5.753702e-02
5.759132e-02
5.764567e-02
5.770008e-02
5.775453e-02
5.780903e-02
5.786356e-02
5.791814e-02
5.797275e-02
5.802742e-02
5.808212e-02
5.813688e-02
5.819168e-02
5.824654e-02
5.830144e-02
5.835639e-02
5.841136e-02
5.846634e-02
5.852133e-02
5.857632e-02
5.863133e-02
5.868634e-02
5.874137e-02
5.879642e-02
5.885148e-02
5.890657e-02
5.896168e-02
5.901680e-02
5.907194e-02
5.912709e-02
5.918225e-02
5.923743e-02
5.929261e-02
5.934779e-02
5.940299e-02
5.945820e-02
5.951342e-02
5.956865e-02
5.962391e-02
5.967917e-02
5.973446e-02
5.978976e-02
5.984509e-02
5.990043e-02
5.995581e-02
6.001119e-02
6.006661e-02
6.012205e-02
6.017752e-02
6.023302e-02
6.028855e-02
6.034411e-02
6.039969e-02
6.045531e-02
6.051095e-02
6.056662e-02
6.062233e-02
6.067806e-02
6.073383e-02
6.078962e-02
6.084544e-02
6.090129e-02
6.095718e-02
6.101309e-02
6.106905e-02
6.112502e-02
6.118104e-02
6.123709e-02
6.129317e-02
6.134929e-02
6.140544e-02
6.146161e-02
6.151782e-02
6.157406e-02
6.163033e-02
6.168663e-02
6.174297e-02
6.179933e-02
6.185573e-02
6.191216e-02
6.196862e-02
6.202511e-02
6.208164e-02
6.213818e-02
6.219477e-02
6.225138e-02
6.230803e-02
6.236471e-02
6.242142e-02
6.247816e-02
6.253494e-02
6.259174e-02
6.264859e-02
6.270546e-02
6.276238e-02
6.281933e-02
6.287631e-02
6.293332e-02
6.299037e-02
6.304745e-02
6.310431e-02
6.316110e-02
6.321755e-02
6.327367e-02
6.332935e-02
6.338489e-02
6.344001e-02
6.349483e-02
6.354939e-02
6.360364e-02
6.365752e-02
6.371125e-02
6.376473e-02
6.381796e-02
6.387094e-02
6.392375e-02
6.397631e-02
6.402865e-02
6.408083e-02
6.413285e-02
6.418468e-02
6.423635e-02
6.428789e-02
6.433929e-02
6.439055e-02
6.444168e-02
6.449270e-02
6.454361e-02
6.459441e-02
6.464511e-02
6.469568e-02
6.474614e-02
6.479651e-02
6.484677e-02
6.489692e-02
6.494695e-02
6.499687e-02
6.504668e-02
6.509642e-02
6.514608e-02
6.519563e-02
6.524506e-02
6.529446e-02
6.534376e-02
6.539298e-02
6.544213e-02
6.549121e-02
6.554018e-02
6.558907e-02
6.563787e-02
6.568656e-02
6.573515e-02
6.578362e-02
6.583199e-02
6.588024e-02
6.592839e-02
6.597640e-02
6.602427e-02
6.607207e-02
6.611975e-02
6.616734e-02
6.621482e-02
6.626222e-02
6.630951e-02
6.635666e-02
6.640374e-02
6.645066e-02
6.649749e-02
6.654450e-02
6.659145e-02
6.663836e-02
6.668527e-02
6.673213e-02
6.677894e-02
6.682566e-02
6.687232e-02
6.691896e-02
6.696560e-02
6.701226e-02
6.705897e-02
6.710575e-02
6.715261e-02
6.719955e-02
6.724655e-02
6.729361e-02
6.734071e-02
6.738789e-02
6.743513e-02
6.748244e-02
6.752979e-02
6.757719e-02
6.762463e-02
6.767213e-02
6.771966e-02
6.776721e-02
6.781479e-02
6.786237e-02
6.790995e-02
6.795747e-02
6.800489e-02
6.805224e-02
6.809948e-02
6.814666e-02
6.819374e-02
6.824078e-02
6.828777e-02
6.833475e-02
6.838168e-02
6.842861e-02
6.847553e-02
6.852247e-02
6.856940e-02
6.861635e-02
6.866331e-02
6.871031e-02
6.875732e-02
6.880435e-02
6.885142e-02
6.889854e-02
6.894567e-02
6.899286e-02
6.904009e-02
6.908740e-02
6.913479e-02
6.918228e-02
6.922984e-02
6.927747e-02
6.932513e-02
6.937290e-02
6.942073e-02
6.946866e-02
6.951667e-02
6.956477e-02
6.961297e-02
6.966125e-02
6.970962e-02
6.975807e-02
6.980660e-02
6.985518e-02
6.990381e-02
6.995252e-02
7.000127e-02
7.005008e-02
7.009894e-02
7.014784e-02
7.019678e-02
7.024576e-02
7.029478e-02
7.034383e-02
7.039291e-02
7.044202e-02
7.049116e-02
7.054032e-02
7.058952e-02
7.063873e-02
7.068799e-02
7.073726e-02
7.078658e-02
7.083592e-02
7.088530e-02
7.093471e-02
7.098416e-02
7.103364e-02
7.108313e-02
7.113265e-02
7.118221e-02
7.123178e-02
7.128139e-02
7.133102e-02
7.138068e-02
7.143038e-02
7.148009e-02
7.152984e-02
7.157963e-02
7.162944e-02
7.167930e-02
7.172919e-02
7.177911e-02
7.182907e-02
7.187906e-02
7.192907e-02
7.197912e-02
7.202919e-02
7.207929e-02
7.212942e-02
7.217959e-02
7.222980e-02
7.228004e-02
7.233032e-02
7.238065e-02
7.243101e-02
7.248141e-02
7.253184e-02
7.258232e-02
7.263284e-02
7.268340e-02
7.273401e-02
7.278466e-02
7.283536e-02
7.288610e-02
7.293688e-02
7.298772e-02
7.303860e-02
7.308951e-02
7.314049e-02
7.319150e-02
7.324257e-02
7.329368e-02
7.334484e-02
7.339605e-02
7.344731e-02
7.349863e-02
7.354999e-02
7.360141e-02
7.365288e-02
7.370441e-02
7.375599e-02
7.380762e-02
7.385932e-02
7.391106e-02
7.396287e-02
7.401474e-02
7.406666e-02
7.411865e-02
7.417068e-02
7.422278e-02
7.427493e-02
7.432714e-02
7.437940e-02
7.443173e-02
7.448411e-02
7.453655e-02
7.458905e-02
7.464161e-02
7.469422e-02
7.474689e-02
7.479960e-02
7.485239e-02
7.490521e-02
7.495809e-02
7.501101e-02
7.506399e-02
7.511702e-02
7.516679e-02
7.521660e-02
7.526621e-02
7.531583e-02
7.536518e-02
7.541452e-02
7.546356e-02
7.551260e-02
7.556138e-02
7.561015e-02
7.565873e-02
7.570731e-02
7.575575e-02
7.580432e-02
7.585267e-02
7.590107e-02
7.594928e-02
7.599751e-02
7.604555e-02
7.609359e-02
7.614144e-02
7.618928e-02
7.623695e-02
7.628459e-02
7.633213e-02
7.637967e-02
7.642724e-02
7.647499e-02
7.652238e-02
7.656990e-02
7.661673e-02
7.666348e-02
7.671010e-02
7.675667e-02
7.680310e-02
7.684952e-02
7.689580e-02
7.694205e-02
7.698824e-02
7.703432e-02
7.708044e-02
7.712638e-02
7.717248e-02
7.721832e-02
7.726356e-02
7.730823e-02
7.735287e-02
7.739685e-02
7.744090e-02
7.748469e-02
7.752877e-02
7.757293e-02
7.761757e-02
7.766244e-02
7.770752e-02
7.775339e-02
7.779955e-02
7.784698e-02
7.789491e-02
7.794321e-02
7.799130e-02
7.803930e-02
7.808707e-02
7.813624e-02
7.818399e-02
7.822989e-02
7.827599e-02
7.832263e-02
7.836927e-02
7.841670e-02
7.846402e-02
7.851351e-02
7.856055e-02
7.860973e-02
7.865649e-02
7.870562e-02
7.875444e-02
7.880024e-02
7.884613e-02
7.889244e-02
7.893857e-02
7.898561e-02
7.903256e-02
7.908097e-02
7.912948e-02
7.917733e-02
7.922529e-02
7.927354e-02
7.931830e-02
7.936353e-02
7.940895e-02
7.945542e-02
7.950227e-02
7.955008e-02
7.959749e-02
7.964504e-02
7.969588e-02
7.974768e-02
7.979312e-02
7.983896e-02
7.988511e-02
7.993215e-02
7.997968e-02
8.002874e-02
8.007828e-02
8.012717e-02
8.017610e-02
8.022153e-02
8.026724e-02
8.031325e-02
8.035966e-02
8.040694e-02
8.045499e-02
8.050360e-02
8.055216e-02
8.060060e-02
8.064602e-02
8.069166e-02
8.073759e-02
8.078391e-02
8.083071e-02
8.087804e-02
8.092601e-02
8.097580e-02
8.102118e-02
8.106668e-02
8.111236e-02
8.115841e-02
8.120486e-02
8.125180e-02
8.129930e-02
8.134735e-02
8.139620e-02
8.144694e-02
8.149270e-02
8.153876e-02
8.158504e-02
8.163166e-02
8.167865e-02
8.172613e-02
8.177420e-02
8.182284e-02
8.186910e-02
8.191513e-02
8.196110e-02
8.200742e-02
8.205405e-02
8.210110e-02
8.214863e-02
8.219671e-02
8.224550e-02
8.229490e-02
8.234132e-02
8.238752e-02
8.243371e-02
8.248031e-02
8.252732e-02
8.257482e-02
8.262234e-02
8.266979e-02
8.271609e-02
8.276263e-02
8.280918e-02
8.285551e-02
8.290191e-02
8.294872e-02
8.299547e-02
8.304223e-02
8.308838e-02
8.313476e-02
8.318117e-02
8.322743e-02
8.327374e-02
8.332052e-02
8.336777e-02
8.341555e-02
8.346403e-02
8.351316e-02
8.355961e-02
8.360630e-02
8.365303e-02
8.369958e-02
8.374624e-02
8.379336e-02
8.384111e-02
8.388954e-02
8.393588e-02
8.398246e-02
8.402908e-02
8.407558e-02
8.412215e-02
8.416924e-02
8.421686e-02
8.426506e-02
8.431151e-02
8.435817e-02
8.440485e-02
8.445180e-02
8.449880e-02
8.454562e-02
8.459256e-02
8.463972e-02
8.468667e-02
8.473359e-02
8.478017e-02
8.482695e-02
8.487362e-02
8.492034e-02
8.496698e-02
8.501427e-02
8.506208e-02
8.511047e-02
8.515716e-02
8.520405e-02
8.525097e-02
8.529815e-02
8.534539e-02
8.539244e-02
8.543961e-02
8.548727e-02
8.553557e-02
8.558458e-02
8.563143e-02
8.567854e-02
8.572570e-02
8.577273e-02
8.581985e-02
8.586749e-02
8.591523e-02
8.596283e-02
8.600984e-02
8.605707e-02
8.610419e-02
8.615132e-02
8.619833e-02
8.624537e-02
8.629235e-02
8.634046e-02
8.638925e-02
8.643877e-02
8.648603e-02
8.653355e-02
8.658114e-02
8.662862e-02
8.667619e-02
8.672431e-02
8.677301e-02
8.682226e-02
8.686971e-02
8.691740e-02
8.696512e-02
8.701301e-02
8.706061e-02
8.710814e-02
8.715548e-02
8.720281e-02
8.725002e-02
8.729986e-02
8.734703e-02
8.739496e-02
8.744295e-02
8.749077e-02
8.753863e-02
8.758700e-02
8.763586e-02
8.768527e-02
8.773536e-02
8.778534e-02
8.783341e-02
8.788172e-02
8.793006e-02
8.797814e-02
8.802600e-02
8.807374e-02
8.812125e-02
8.816872e-02
8.821604e-02
8.826688e-02
8.831412e-02
8.836251e-02
8.841093e-02
8.845907e-02
8.850721e-02
8.855578e-02
8.860483e-02
8.865437e-02
8.870454e-02
8.875455e-02
8.880275e-02
8.885116e-02
8.889958e-02
8.894769e-02
8.899551e-02
8.904323e-02
8.909071e-02
8.913817e-02
8.918548e-02
8.923597e-02
8.928322e-02
8.933157e-02
8.937992e-02
8.942796e-02
8.947596e-02
8.952436e-02
8.957316e-02
8.962240e-02
8.967220e-02
8.972155e-02
8.976969e-02
8.981801e-02
8.986606e-02
8.991397e-02
8.996162e-02
9.000921e-02
9.005666e-02
9.010576e-02
9.015313e-02
9.020318e-02
9.025055e-02
9.029883e-02
9.034711e-02
9.039556e-02
9.044402e-02
9.049214e-02
9.054023e-02
9.058873e-02
9.063769e-02
9.068639e-02
9.073467e-02
9.078280e-02
9.083066e-02
9.087845e-02
9.092608e-02
9.097408e-02
9.102159e-02
9.106994e-02
9.111742e-02
9.116600e-02
9.121446e-02
9.126297e-02
9.131110e-02
9.135941e-02
9.140775e-02
9.145581e-02
9.150378e-02
9.155212e-02
9.160042e-02
9.164856e-02
9.169645e-02
9.174428e-02
9.179194e-02
9.184102e-02
9.188859e-02
9.193721e-02
9.198475e-02
9.203302e-02
9.208121e-02
9.212962e-02
9.217801e-02
9.222658e-02
9.227509e-02
9.232370e-02
9.237220e-02
9.242080e-02
9.246916e-02
9.251735e-02
9.256525e-02
9.261308e-02
9.266072e-02
9.270835e-02
9.275587e-02
9.280446e-02
9.285194e-02
9.290055e-02
9.294919e-02
9.299789e-02
9.304663e-02
9.309566e-02
9.314369e-02
9.319191e-02
9.324005e-02
9.328847e-02
9.333675e-02
9.338500e-02
9.343294e-02
9.348080e-02
9.352846e-02
9.357609e-02
9.362359e-02
9.367150e-02
9.371894e-02
9.376701e-02
9.381500e-02
9.386329e-02
9.391142e-02
9.395996e-02
9.400824e-02
9.405708e-02
9.410556e-02
9.415454e-02
9.420347e-02
9.425232e-02
9.430072e-02
9.434865e-02
9.439650e-02
9.444437e-02
9.449205e-02
9.453971e-02
9.458726e-02
9.463584e-02
9.468334e-02
9.473208e-02
9.478041e-02
9.482921e-02
9.487797e-02
9.492693e-02
9.497449e-02
9.502354e-02
9.507246e-02
9.512019e-02
9.516769e-02
9.521580e-02
9.526326e-02
9.531177e-02
9.535927e-02
9.540792e-02
9.545565e-02
9.550382e-02
9.555182e-02
9.559983e-02
9.564780e-02
9.569586e-02
9.574395e-02
9.579216e-02
9.584042e-02
9.588875e-02
9.593705e-02
9.598539e-02
9.603379e-02
9.608296e-02
9.613161e-02
9.618087e-02
9.622995e-02
9.627928e-02
9.632837e-02
9.637742e-02
9.642642e-02
9.647573e-02
9.652471e-02
9.657365e-02
9.662252e-02
9.667140e-02
9.672022e-02
9.676950e-02
9.681896e-02
9.686866e-02
9.691755e-02
9.696661e-02
9.701554e-02
9.706469e-02
9.711366e-02
9.716290e-02
9.721198e-02
9.726106e-02
9.730995e-02
9.735968e-02
9.740854e-02
9.745735e-02
9.750612e-02
9.755628e-02
9.760502e-02
9.765608e-02
9.770753e-02
9.775657e-02
9.780537e-02
9.785434e-02
9.790317e-02
9.795220e-02
9.800106e-02
9.805019e-02
9.809917e-02
9.814813e-02
9.819673e-02
9.824648e-02
9.829500e-02
9.834345e-02
9.839184e-02
9.844158e-02
9.849297e-02
9.854391e-02
9.859250e-02
9.864124e-02
9.868983e-02
9.873864e-02
9.878676e-02
9.883487e-02
9.888301e-02
9.893115e-02
9.897930e-02
9.902746e-02
9.907563e-02
9.912383e-02
9.917198e-02
9.922027e-02
9.926868e-02
9.931719e-02
9.936554e-02
9.941408e-02
9.946245e-02
9.951107e-02
9.955947e-02
9.960818e-02
9.965675e-02
9.970516e-02
9.975325e-02
9.980261e-02
9.985063e-02
9.989860e-02
9.994878e-02
9.999899e-02
1.000472e-01
1.000956e-01
1.001434e-01
1.001913e-01
1.002391e-01
1.002870e-01
1.003349e-01
1.003829e-01
1.004309e-01
1.004790e-01
1.005270e-01
1.005752e-01
1.006237e-01
1.006723e-01
1.007211e-01
1.007702e-01
1.008184e-01
1.008670e-01
1.009153e-01
1.009639e-01
1.010124e-01
1.010600e-01
1.011076e-01
1.011553e-01
1.012031e-01
1.012509e-01
1.012988e-01
1.013467e-01
1.013947e-01
1.014429e-01
1.014910e-01
1.015386e-01
1.015868e-01
1.016352e-01
1.016837e-01
1.017317e-01
1.017801e-01
1.018292e-01
1.018765e-01
1.019238e-01
1.019707e-01
1.020175e-01
1.020633e-01
1.021091e-01
1.021547e-01
1.022001e-01
1.022454e-01
1.022908e-01
1.023362e-01
1.023817e-01
1.024271e-01
1.024728e-01
1.025184e-01
1.025641e-01
1.026092e-01
1.026542e-01
1.026991e-01
1.027441e-01
1.027891e-01
1.028341e-01
1.028791e-01
1.029245e-01
1.029699e-01
1.030154e-01
1.030608e-01
1.031064e-01
1.031519e-01
1.031977e-01
1.032434e-01
1.032895e-01
1.033352e-01
1.033810e-01
1.034263e-01
1.034716e-01
1.035169e-01
1.035621e-01
1.036074e-01
1.036527e-01
1.036980e-01
1.037433e-01
1.037886e-01
1.038340e-01
1.038793e-01
1.039254e-01
1.039713e-01
1.040177e-01
1.040635e-01
1.041094e-01
1.041552e-01
1.042010e-01
1.042465e-01
1.042920e-01
1.043375e-01
1.043830e-01
1.044285e-01
1.044740e-01
1.045195e-01
1.045650e-01
1.046108e-01
1.046572e-01
1.047033e-01
1.047501e-01
1.047960e-01
1.048421e-01
1.048880e-01
1.049340e-01
1.049797e-01
1.050253e-01
1.050710e-01
1.051166e-01
1.051622e-01
1.052078e-01
1.052534e-01
1.052990e-01
1.053450e-01
1.053917e-01
1.054380e-01
1.054852e-01
1.055312e-01
1.055773e-01
1.056233e-01
1.056691e-01
1.057146e-01
1.057603e-01
1.058058e-01
1.058514e-01
1.058970e-01
1.059425e-01
1.059881e-01
1.060345e-01
1.060803e-01
1.061271e-01
1.061737e-01
1.062215e-01
1.062675e-01
1.063137e-01
1.063594e-01
1.064050e-01
1.064504e-01
1.064956e-01
1.065415e-01
1.065876e-01
1.066334e-01
1.066794e-01
1.067255e-01
1.067718e-01
1.068190e-01
1.068664e-01
1.069133e-01
1.069601e-01
1.070061e-01
1.070520e-01
1.070976e-01
1.071435e-01
1.071891e-01
1.072349e-01
1.072806e-01
1.073265e-01
1.073726e-01
1.074189e-01
1.074662e-01
1.075137e-01
1.075623e-01
1.076107e-01
1.076567e-01
1.077029e-01
1.077490e-01
1.077954e-01
1.078416e-01
1.078880e-01
1.079343e-01
1.079809e-01
1.080274e-01
1.080743e-01
1.081215e-01
1.081692e-01
1.082170e-01
1.082650e-01
1.083131e-01
1.083598e-01
1.084063e-01
1.084531e-01
1.084997e-01
1.085465e-01
1.085932e-01
1.086401e-01
1.086869e-01
1.087339e-01
1.087808e-01
1.088280e-01
1.088754e-01
1.089234e-01
1.089714e-01
1.090199e-01
1.090686e-01
1.091172e-01
1.091637e-01
1.092106e-01
1.092572e-01
1.093041e-01
1.093508e-01
1.093978e-01
1.094446e-01
1.094917e-01
1.095391e-01
1.095868e-01
1.096353e-01
1.096842e-01
1.097339e-01
1.097837e-01
1.098317e-01
1.098801e-01
1.099286e-01
1.099773e-01
1.100242e-01
1.100713e-01
1.101181e-01
1.101652e-01
1.102122e-01
1.102594e-01
1.103065e-01
1.103540e-01
1.104013e-01
1.104488e-01
1.104962e-01
1.105437e-01
1.105912e-01
1.106389e-01
1.106867e-01
1.107349e-01
1.107831e-01
1.108318e-01
1.108805e-01
1.109296e-01
1.109787e-01
1.110273e-01
1.110769e-01
1.111271e-01
1.111747e-01
1.112225e-01
1.112704e-01
1.113186e-01
1.113669e-01
1.114155e-01
1.114641e-01
1.115126e-01
1.115611e-01
1.116101e-01
1.116593e-01
1.117092e-01
1.117594e-01
1.118103e-01
1.118615e-01
1.119127e-01
1.119634e-01
1.120140e-01
1.120639e-01
1.121140e-01
1.121639e-01
1.122127e-01
1.122617e-01
1.123111e-01
1.123608e-01
1.124111e-01
1.124614e-01
1.125119e-01
1.125626e-01
1.126133e-01
1.126644e-01
1.127156e-01
1.127663e-01
1.128169e-01
1.128662e-01
1.129157e-01
1.129655e-01
1.130156e-01
1.130657e-01
1.131159e-01
1.131659e-01
1.132162e-01
1.132663e-01
1.133167e-01
1.133652e-01
1.134142e-01
1.134633e-01
1.135127e-01
1.135620e-01
1.136114e-01
1.136608e-01
1.137102e-01
1.137596e-01
1.138090e-01
1.138584e-01
1.139078e-01
1.139572e-01
1.140067e-01
1.140554e-01
1.141045e-01
1.141538e-01
1.142033e-01
1.142531e-01
1.143033e-01
1.143537e-01
1.144041e-01
1.144544e-01
1.145040e-01
1.145535e-01
1.146032e-01
1.146527e-01
1.147024e-01
1.147514e-01
1.148007e-01
1.148503e-01
1.149000e-01
1.149497e-01
1.149995e-01
1.150493e-01
1.150991e-01
1.151489e-01
1.151987e-01
1.152486e-01
1.152984e-01
1.153483e-01
1.153982e-01
1.154471e-01
1.154963e-01
1.155456e-01
1.155952e-01
1.156451e-01
1.156950e-01
1.157449e-01
1.157948e-01
1.158446e-01
1.158946e-01
1.159444e-01
1.159943e-01
1.160442e-01
1.160941e-01
1.161440e-01
1.161939e-01
1.162438e-01
1.162937e-01
1.163429e-01
1.163923e-01
1.164419e-01
1.164918e-01
1.165416e-01
1.165915e-01
1.166414e-01
1.166913e-01
1.167411e-01
1.167910e-01
1.168409e-01
1.168908e-01
1.169406e-01
1.169905e-01
1.170404e-01
1.170903e-01
1.171401e-01
1.171898e-01
1.172392e-01
1.172888e-01
1.173386e-01
1.173886e-01
1.174385e-01
1.174884e-01
1.175383e-01
1.175883e-01
1.176382e-01
1.176881e-01
1.177381e-01
1.177881e-01
1.178380e-01
1.178880e-01
1.179380e-01
1.179880e-01
1.180380e-01
1.180878e-01
1.181374e-01
1.181873e-01
1.182373e-01
1.182874e-01
1.183375e-01
1.183876e-01
1.184377e-01
1.184879e-01
1.185381e-01
1.185883e-01
1.186385e-01
1.186887e-01
1.187389e-01
1.187892e-01
1.188395e-01
1.188898e-01
1.189401e-01
1.189902e-01
1.190400e-01
1.190900e-01
1.191403e-01
1.191907e-01
1.192411e-01
1.192916e-01
1.193420e-01
1.193926e-01
1.194430e-01
1.194936e-01
1.195441e-01
1.195947e-01
1.196453e-01
1.196959e-01
1.197465e-01
1.197971e-01
1.198478e-01
1.198981e-01
1.199482e-01
1.199985e-01
1.200489e-01
1.200997e-01
1.201504e-01
1.202012e-01
1.202520e-01
1.203028e-01
1.203536e-01
1.204044e-01
1.204552e-01
1.205060e-01
1.205568e-01
1.206076e-01
1.206585e-01
1.207095e-01
1.207604e-01
1.208113e-01
1.208623e-01
1.209129e-01
1.209631e-01
1.210137e-01
1.210644e-01
1.211154e-01
1.211665e-01
1.212176e-01
1.212687e-01
1.213198e-01
1.213709e-01
1.214221e-01
1.214731e-01
1.215240e-01
1.215748e-01
1.216256e-01
1.216763e-01
1.217275e-01
1.217782e-01
1.218295e-01
1.218808e-01
1.219315e-01
1.219819e-01
1.220326e-01
1.220835e-01
1.221347e-01
1.221861e-01
1.222375e-01
1.222888e-01
1.223402e-01
1.223916e-01
1.224431e-01
1.224945e-01
1.225459e-01
1.225974e-01
1.226495e-01
1.227012e-01
1.227527e-01
1.228039e-01
1.228550e-01
1.229060e-01
1.229569e-01
1.230076e-01
1.230584e-01
1.231091e-01
1.231606e-01
1.232123e-01
1.232643e-01
1.233165e-01
1.233687e-01
1.234209e-01
1.234733e-01
1.235260e-01
1.235787e-01
1.236316e-01
1.236846e-01
1.237379e-01
1.237913e-01
1.238441e-01
1.238966e-01
1.239488e-01
1.240008e-01
1.240519e-01
1.241031e-01
1.241544e-01
1.242057e-01
1.242569e-01
1.243081e-01
1.243592e-01
1.244103e-01
1.244614e-01
1.245137e-01
1.245647e-01
1.246175e-01
1.246705e-01
1.247235e-01
1.247767e-01
1.248300e-01
1.248834e-01
1.249371e-01
1.249909e-01
1.250449e-01
1.250992e-01
1.251544e-01
1.252057e-01
1.252571e-01
1.253087e-01
1.253605e-01
1.254127e-01
1.254648e-01
1.255168e-01
1.255692e-01
1.256215e-01
1.256737e-01
1.257257e-01
1.257776e-01
1.258294e-01
1.258812e-01
1.259329e-01
1.259846e-01
1.260363e-01
1.260900e-01
1.261416e-01
1.261956e-01
1.262497e-01
1.263040e-01
1.263583e-01
1.264126e-01
1.264670e-01
1.265214e-01
1.265739e-01
1.266267e-01
1.266796e-01
1.267323e-01
1.267848e-01
1.268375e-01
1.268904e-01
1.269437e-01
1.269971e-01
1.270508e-01
1.271047e-01
1.271584e-01
1.272121e-01
1.272659e-01
1.273192e-01
1.273724e-01
1.274253e-01
1.274782e-01
1.275308e-01
1.275835e-01
1.276360e-01
1.276886e-01
1.277411e-01
1.277961e-01
1.278486e-01
1.279036e-01
1.279587e-01
1.280138e-01
1.280670e-01
1.281200e-01
1.281728e-01
1.282257e-01
1.282788e-01
1.283321e-01
1.283855e-01
1.284391e-01
1.284928e-01
1.285459e-01
1.285987e-01
1.286516e-01
1.287046e-01
1.287577e-01
1.288109e-01
1.288639e-01
1.289169e-01
1.289699e-01
1.290228e-01
1.290758e-01
1.291287e-01
1.291816e-01
1.292346e-01
1.292875e-01
1.293405e-01
1.293938e-01
1.294449e-01
1.294962e-01
1.295474e-01
1.295988e-01
1.296503e-01
1.297014e-01
1.297523e-01
1.298034e-01
1.298547e-01
1.299061e-01
1.299574e-01
1.300087e-01
1.300598e-01
1.301109e-01
1.301618e-01
1.302127e-01
1.302635e-01
1.303142e-01
1.303649e-01
1.304155e-01
1.304659e-01
1.305164e-01
1.305667e-01
1.306171e-01
1.306672e-01
1.307174e-01
1.307674e-01
1.308174e-01
1.308673e-01
1.309173e-01
1.309671e-01
1.310169e-01
1.310666e-01
1.311165e-01
1.311661e-01
1.312159e-01
1.312656e-01
1.313153e-01
1.313650e-01
1.314147e-01
1.314643e-01
1.315141e-01
1.315637e-01
1.316134e-01
1.316630e-01
1.317127e-01
1.317622e-01
1.318118e-01
1.318613e-01
1.319109e-01
1.319604e-01
1.320100e-01
1.320595e-01
1.321091e-01
1.321586e-01
1.322082e-01
1.322577e-01
1.323072e-01
1.323568e-01
1.324063e-01
1.324559e-01
1.325055e-01
1.325551e-01
1.326048e-01
1.326558e-01
1.327067e-01
1.327577e-01
1.328088e-01
1.328606e-01
1.329124e-01
1.329628e-01
1.330130e-01
1.330626e-01
1.331121e-01
1.331615e-01
1.332119e-01
1.332619e-01
1.333121e-01
1.333620e-01
1.334122e-01
1.334628e-01
1.335138e-01
1.335654e-01
1.336170e-01
1.336670e-01
1.337167e-01
1.337657e-01
1.338147e-01
1.338635e-01
1.339124e-01
1.339611e-01
1.340099e-01
1.340596e-01
1.341096e-01
1.341605e-01
1.342113e-01
1.342626e-01
1.343126e-01
1.343622e-01
1.344115e-01
1.344605e-01
1.345094e-01
1.345583e-01
1.346072e-01
1.346560e-01
1.347049e-01
1.347548e-01
1.348051e-01
1.348565e-01
1.349074e-01
1.349586e-01
1.350087e-01
1.350579e-01
1.351070e-01
1.351561e-01
1.352051e-01
1.352541e-01
1.353030e-01
1.353527e-01
1.354028e-01
1.354536e-01
1.355047e-01
1.355560e-01
1.356072e-01
1.356569e-01
1.357065e-01
1.357555e-01
1.358045e-01
1.358534e-01
1.359023e-01
1.359512e-01
1.360013e-01
1.360513e-01
1.361018e-01
1.361533e-01
1.362045e-01
1.362554e-01
1.363055e-01
1.363547e-01
1.364037e-01
1.364527e-01
1.365016e-01
1.365505e-01
1.365995e-01
1.366492e-01
1.366993e-01
1.367507e-01
1.368022e-01
1.368516e-01
1.369013e-01
1.369507e-01
1.370002e-01
1.370493e-01
1.370984e-01
1.371474e-01
1.371965e-01
1.372453e-01
1.372943e-01
1.373430e-01
1.373918e-01
1.374404e-01
1.374890e-01
1.375375e-01
1.375859e-01
1.376346e-01
1.376835e-01
1.377322e-01
1.377812e-01
1.378300e-01
1.378790e-01
1.379279e-01
1.379768e-01
1.380256e-01
1.380744e-01
1.381229e-01
1.381712e-01
1.382196e-01
1.382681e-01
1.383166e-01
1.383652e-01
1.384137e-01
1.384616e-01
1.385100e-01
1.385583e-01
1.386074e-01
1.386561e-01
1.387055e-01
1.387543e-01
1.388031e-01
1.388519e-01
1.389007e-01
1.389495e-01
1.389983e-01
1.390471e-01
1.390959e-01
1.391448e-01
1.391937e-01
1.392426e-01
1.392915e-01
1.393405e-01
1.393894e-01
1.394383e-01
1.394872e-01
1.395360e-01
1.395848e-01
1.396335e-01
1.396820e-01
1.397307e-01
1.397795e-01
1.398282e-01
1.398770e-01
1.399269e-01
1.399770e-01
1.400273e-01
1.400780e-01
1.401289e-01
1.401796e-01
1.402306e-01
1.402817e-01
1.403331e-01
1.403825e-01
1.404312e-01
1.404796e-01
1.405283e-01
1.405770e-01
1.406261e-01
1.406754e-01
1.407250e-01
1.407749e-01
1.408248e-01
1.408747e-01
1.409248e-01
1.409752e-01
1.410256e-01
1.410762e-01
1.411269e-01
1.411777e-01
1.412287e-01
1.412799e-01
1.413313e-01
1.413829e-01
1.414340e-01
1.414825e-01
1.415312e-01
1.415799e-01
1.416290e-01
1.416784e-01
1.417276e-01
1.417770e-01
1.418266e-01
1.418764e-01
1.419266e-01
1.419770e-01
1.420275e-01
1.420778e-01
1.421286e-01
1.421796e-01
1.422307e-01
1.422807e-01
1.423322e-01
1.423820e-01
1.424340e-01
1.424863e-01
1.425402e-01
1.425891e-01
1.426383e-01
1.426874e-01
1.427370e-01
1.427859e-01
1.428360e-01
1.428864e-01
1.429366e-01
1.429869e-01
1.430375e-01
1.430883e-01
1.431394e-01
1.431907e-01
1.432422e-01
1.432941e-01
1.433462e-01
1.433988e-01
1.434515e-01
1.435015e-01
1.435509e-01
1.436000e-01
1.436493e-01
1.436988e-01
1.437487e-01
1.437986e-01
1.438483e-01
1.438979e-01
1.439473e-01
1.439967e-01
1.440460e-01
1.440953e-01
1.441447e-01
1.441940e-01
1.442440e-01
1.442933e-01
1.443435e-01
1.443936e-01
1.444433e-01
1.444930e-01
1.445425e-01
1.445917e-01
1.446406e-01
1.446893e-01
1.447378e-01
1.447861e-01
1.448344e-01
1.448825e-01
1.449305e-01
1.449784e-01
1.450264e-01
1.450742e-01
1.451220e-01
1.451698e-01
1.452176e-01
1.452653e-01
1.453130e-01
1.453607e-01
1.454084e-01
1.454561e-01
1.455039e-01
1.455540e-01
1.456043e-01
1.456545e-01
1.457047e-01
1.457550e-01
1.458049e-01
1.458547e-01
1.459048e-01
1.459547e-01
1.460056e-01
1.460569e-01
1.461085e-01
1.461605e-01
1.462128e-01
1.462654e-01
1.463184e-01
1.463718e-01
1.464255e-01
1.464761e-01
1.465267e-01
1.465772e-01
1.466272e-01
1.466769e-01
1.467270e-01
1.467773e-01
1.468281e-01
1.468791e-01
1.469305e-01
1.469822e-01
1.470339e-01
1.470860e-01
1.471381e-01
1.471896e-01
1.472416e-01
1.472932e-01
1.473449e-01
1.473961e-01
1.474467e-01
1.474969e-01
1.475475e-01
1.475983e-01
1.476495e-01
1.477010e-01
1.477527e-01
1.478042e-01
1.478552e-01
1.479056e-01
1.479565e-01
1.480078e-01
1.480592e-01
1.481103e-01
1.481610e-01
1.482113e-01
1.482613e-01
1.483109e-01
1.483602e-01
1.484093e-01
1.484582e-01
1.485070e-01
1.485556e-01
1.486041e-01
1.486526e-01
1.487009e-01
1.487492e-01
1.487974e-01
1.488456e-01
1.488937e-01
1.489418e-01
1.489898e-01
1.490379e-01
1.490858e-01
1.491339e-01
1.491818e-01
1.492298e-01
1.492825e-01
1.493373e-01
1.493920e-01
1.494468e-01
1.495019e-01
1.495569e-01
1.496116e-01
1.496666e-01
1.497208e-01
1.497757e-01
1.498293e-01
1.498837e-01
1.499369e-01
1.499908e-01
1.500437e-01
1.500973e-01
1.501498e-01
1.502030e-01
1.502553e-01
1.503082e-01
1.503604e-01
1.504131e-01
1.504654e-01
1.505180e-01
1.505703e-01
1.506228e-01
1.506748e-01
1.507273e-01
1.507795e-01
1.508320e-01
1.508844e-01
1.509364e-01
1.509877e-01
1.510398e-01
1.510923e-01
1.511446e-01
1.511964e-01
1.512488e-01
1.513014e-01
1.513542e-01
1.514067e-01
1.514589e-01
1.515104e-01
1.515625e-01
1.516150e-01
1.516677e-01
1.517201e-01
1.517721e-01
1.518237e-01
1.518750e-01
1.519258e-01
1.519765e-01
1.520270e-01
1.520773e-01
1.521274e-01
1.521774e-01
1.522273e-01
1.522772e-01
1.523270e-01
1.523768e-01
1.524265e-01
1.524762e-01
1.525258e-01
1.525754e-01
1.526250e-01
1.526746e-01
1.527242e-01
1.527737e-01
1.528233e-01
1.528729e-01
1.529224e-01
1.529719e-01
1.530215e-01
1.530710e-01
1.531254e-01
1.531798e-01
1.532344e-01
1.532890e-01
1.533438e-01
1.533987e-01
1.534538e-01
1.535096e-01
1.535661e-01
1.536234e-01
1.536796e-01
1.537367e-01
1.537928e-01
1.538497e-01
1.539058e-01
1.539628e-01
1.540189e-01
1.540759e-01
1.541319e-01
1.541888e-01
1.542447e-01
1.543014e-01
1.543552e-01
1.544091e-01
1.544631e-01
1.545172e-01
1.545713e-01
1.546254e-01
1.546794e-01
1.547334e-01
1.547876e-01
1.548418e-01
1.548959e-01
1.549502e-01
1.550045e-01
1.550588e-01
1.551133e-01
1.551678e-01
1.552223e-01
1.552769e-01
1.553316e-01
1.553864e-01
1.554412e-01
1.554962e-01
1.555512e-01
1.556062e-01
1.556614e-01
1.557116e-01
1.557618e-01
1.558120e-01
1.558622e-01
1.559124e-01
1.559626e-01
1.560128e-01
1.560630e-01
1.561132e-01
1.561634e-01
1.562136e-01
1.562637e-01
1.563139e-01
1.563641e-01
1.564143e-01
1.564644e-01
1.565146e-01
1.565648e-01
1.566150e-01
1.566651e-01
1.567154e-01
1.567655e-01
1.568158e-01
1.568659e-01
1.569162e-01
1.569664e-01
1.570166e-01
1.570668e-01
1.571171e-01
1.571673e-01
1.572175e-01
1.572677e-01
1.573180e-01
1.573682e-01
1.574184e-01
1.574686e-01
1.575189e-01
1.575691e-01
1.576193e-01
1.576695e-01
1.577198e-01
1.577701e-01
1.578203e-01
1.578706e-01
1.579209e-01
1.579713e-01
1.580216e-01
1.580720e-01
1.581224e-01
1.581728e-01
1.582232e-01
1.582736e-01
1.583241e-01
1.583745e-01
1.584250e-01
1.584755e-01
1.585260e-01
1.585764e-01
1.586270e-01
1.586775e-01
1.587280e-01
1.587785e-01
1.588291e-01
1.588796e-01
1.589302e-01
1.589807e-01
1.590313e-01
1.590818e-01
1.591324e-01
1.591829e-01
1.592335e-01
1.592840e-01
1.593345e-01
1.593850e-01
1.594355e-01
1.594860e-01
1.595365e-01
1.595870e-01
1.596375e-01
1.596879e-01
1.597384e-01
1.597888e-01
1.598392e-01
1.598897e-01
1.599401e-01
1.599905e-01
1.600410e-01
1.600914e-01
1.601418e-01
1.601923e-01
1.602427e-01
1.602931e-01
1.603436e-01
1.603940e-01
1.604445e-01
1.604949e-01
1.605454e-01
1.605959e-01
1.606463e-01
1.606968e-01
1.607473e-01
1.607977e-01
1.608482e-01
1.608987e-01
1.609492e-01
1.609997e-01
1.610502e-01
1.611007e-01
1.611512e-01
1.612017e-01
1.612523e-01
1.613028e-01
1.613533e-01
1.614038e-01
1.614544e-01
1.615049e-01
1.615554e-01
1.616060e-01
1.616565e-01
1.617071e-01
1.617576e-01
1.618082e-01
1.618588e-01
1.619093e-01
1.619599e-01
1.620105e-01
1.620611e-01
1.621116e-01
1.621622e-01
1.622128e-01
1.622634e-01
1.623140e-01
1.623646e-01
1.624152e-01
1.624658e-01
1.625164e-01
1.625671e-01
1.626177e-01
1.626683e-01
1.627189e-01
1.627696e-01
1.628202e-01
1.628708e-01
1.629214e-01
1.629721e-01
1.630227e-01
1.630733e-01
1.631240e-01
1.631746e-01
1.632252e-01
1.632758e-01
1.633264e-01
1.633771e-01
1.634277e-01
1.634783e-01
1.635288e-01
1.635794e-01
1.636300e-01
1.636806e-01
1.637311e-01
1.637817e-01
1.638322e-01
1.638828e-01
1.639333e-01
1.639838e-01
1.640343e-01
1.640848e-01
1.641352e-01
1.641857e-01
1.642361e-01
1.642866e-01
1.643374e-01
1.643881e-01
1.644389e-01
1.644896e-01
1.645403e-01
1.645910e-01
1.646417e-01
1.646924e-01
1.647431e-01
1.647938e-01
1.648445e-01
1.648951e-01
1.649458e-01
1.649964e-01
1.650471e-01
1.650977e-01
1.651483e-01
1.651989e-01
1.652495e-01
1.653001e-01
1.653507e-01
1.654013e-01
1.654519e-01
1.655025e-01
1.655531e-01
1.656036e-01
1.656542e-01
1.657048e-01
1.657553e-01
1.658059e-01
1.658565e-01
1.659070e-01
1.659576e-01
1.660081e-01
1.660587e-01
1.661092e-01
1.661597e-01
1.662109e-01
1.662620e-01
1.663132e-01
1.663644e-01
1.664155e-01
1.664667e-01
1.665178e-01
1.665690e-01
1.666201e-01
1.666713e-01
1.667224e-01
1.667736e-01
1.668247e-01
1.668759e-01
1.669270e-01
1.669782e-01
1.670293e-01
1.670805e-01
1.671316e-01
1.671828e-01
1.672340e-01
1.672851e-01
1.673363e-01
1.673874e-01
1.674386e-01
1.674898e-01
1.675410e-01
1.675921e-01
1.676433e-01
1.676945e-01
1.677457e-01
1.677969e-01
1.678481e-01
1.678993e-01
1.679505e-01
1.680017e-01
1.680530e-01
1.681044e-01
1.681558e-01
1.682074e-01
1.682590e-01
1.683105e-01
1.683621e-01
1.684136e-01
1.684652e-01
1.685166e-01
1.685681e-01
1.686195e-01
1.686710e-01
1.687224e-01
1.687737e-01
1.688251e-01
1.688764e-01
1.689277e-01
1.689790e-01
1.690302e-01
1.690815e-01
1.691323e-01
1.691832e-01
1.692341e-01
1.692850e-01
1.693359e-01
1.693868e-01
1.694377e-01
1.694886e-01
1.695395e-01
1.695905e-01
1.696414e-01
1.696924e-01
1.697433e-01
1.697943e-01
1.698452e-01
1.698961e-01
1.699470e-01
1.699979e-01
1.700488e-01
1.700997e-01
1.701506e-01
1.702014e-01
1.702523e-01
1.703032e-01
1.703540e-01
1.704049e-01
1.704558e-01
1.705067e-01
1.705576e-01
1.706085e-01
1.706594e-01
1.707103e-01
1.707612e-01
1.708122e-01
1.708633e-01
1.709144e-01
1.709657e-01
1.710169e-01
1.710680e-01
1.711192e-01
1.711703e-01
1.712215e-01
1.712725e-01
1.713236e-01
1.713746e-01
1.714256e-01
1.714766e-01
1.715275e-01
1.715784e-01
1.716293e-01
1.716798e-01
1.717303e-01
1.717808e-01
1.718313e-01
1.718818e-01
1.719323e-01
1.719827e-01
1.720332e-01
1.720836e-01
1.721341e-01
1.721845e-01
1.722350e-01
1.722854e-01
1.723358e-01
1.723862e-01
1.724366e-01
1.724870e-01
1.725374e-01
1.725878e-01
1.726382e-01
1.726885e-01
1.727389e-01
1.727893e-01
1.728397e-01
1.728901e-01
1.729405e-01
1.729910e-01
1.730416e-01
1.730923e-01
1.731430e-01
1.731937e-01
1.732443e-01
1.732949e-01
1.733455e-01
1.733960e-01
1.734465e-01
1.734970e-01
1.735475e-01
1.735974e-01
1.736473e-01
1.736972e-01
1.737472e-01
1.737971e-01
1.738472e-01
1.738971e-01
1.739471e-01
1.739970e-01
1.740470e-01
1.740969e-01
1.741469e-01
1.741968e-01
1.742468e-01
1.742968e-01
1.743468e-01
1.743967e-01
1.744467e-01
1.744967e-01
1.745467e-01
1.745967e-01
1.746467e-01
1.746968e-01
1.747469e-01
1.747972e-01
1.748476e-01
1.748979e-01
1.749482e-01
1.749985e-01
1.750487e-01
1.750989e-01
1.751491e-01
1.751993e-01
1.752494e-01
1.752990e-01
1.753487e-01
1.753983e-01
1.754481e-01
1.754977e-01
1.755476e-01
1.755972e-01
1.756471e-01
1.756968e-01
1.757467e-01
1.757964e-01
1.758463e-01
1.758961e-01
1.759460e-01
1.759957e-01
1.760456e-01
1.760954e-01
1.761453e-01
1.761951e-01
1.762450e-01
1.762949e-01
1.763451e-01
1.763952e-01
1.764453e-01
1.764970e-01
1.765490e-01
1.766007e-01
1.766533e-01
1.767050e-01
1.767575e-01
1.768092e-01
1.768608e-01
1.769116e-01
1.769622e-01
1.770125e-01
1.770628e-01
1.771130e-01
1.771633e-01
1.772135e-01
1.772637e-01
1.773139e-01
1.773642e-01
1.774144e-01
1.774646e-01
1.775148e-01
1.775649e-01
1.776151e-01
1.776666e-01
1.777173e-01
1.777679e-01
1.778180e-01
1.778681e-01
1.779181e-01
1.779681e-01
1.780180e-01
1.780680e-01
1.781180e-01
1.781694e-01
1.782209e-01
1.782727e-01
1.783249e-01
1.783774e-01
1.784296e-01
1.784825e-01
1.785348e-01
1.785880e-01
1.786404e-01
1.786936e-01
1.787459e-01
1.787990e-01
1.788514e-01
1.789045e-01
1.789567e-01
1.790085e-01
1.790601e-01
1.791119e-01
1.791638e-01
1.792162e-01
1.792680e-01
1.793179e-01
1.793678e-01
1.794177e-01
1.794676e-01
1.795175e-01
1.795675e-01
1.796176e-01
1.796677e-01
1.797179e-01
1.797681e-01
1.798183e-01
1.798686e-01
1.799189e-01
1.799691e-01
1.800194e-01
1.800697e-01
1.801201e-01
1.801703e-01
1.802207e-01
1.802709e-01
1.803213e-01
1.803716e-01
1.804220e-01
1.804723e-01
1.805227e-01
1.805731e-01
1.806235e-01
1.806738e-01
1.807241e-01
1.807743e-01
1.808246e-01
1.808748e-01
1.809250e-01
1.809751e-01
1.810222e-01
1.810692e-01
1.811162e-01
1.811633e-01
1.812104e-01
1.812574e-01
1.813045e-01
1.813516e-01
1.813987e-01
1.814458e-01
1.814929e-01
1.815400e-01
1.815871e-01
1.816342e-01
1.816813e-01
1.817284e-01
1.817755e-01
1.818274e-01
1.818815e-01
1.819348e-01
1.819889e-01
1.820419e-01
1.820944e-01
1.821466e-01
1.821938e-01
1.822410e-01
1.822882e-01
1.823354e-01
1.823826e-01
1.824299e-01
1.824771e-01
1.825244e-01
1.825717e-01
1.826189e-01
1.826662e-01
1.827135e-01
1.827609e-01
1.828082e-01
1.828555e-01
1.829028e-01
1.829501e-01
1.829974e-01
1.830448e-01
1.830921e-01
1.831395e-01
1.831868e-01
1.832341e-01
1.832814e-01
1.833288e-01
1.833761e-01
1.834235e-01
1.834708e-01
1.835182e-01
1.835656e-01
1.836129e-01
1.836603e-01
1.837077e-01
1.837550e-01
1.838024e-01
1.838498e-01
1.838972e-01
1.839445e-01
1.839919e-01
1.840393e-01
1.840867e-01
1.841341e-01
1.841815e-01
1.842289e-01
1.842763e-01
1.843237e-01
1.843711e-01
1.844185e-01
1.844659e-01
1.845133e-01
1.845654e-01
1.846181e-01
1.846711e-01
1.847243e-01
1.847779e-01
1.848311e-01
1.848850e-01
1.849381e-01
1.849921e-01
1.850451e-01
1.850990e-01
1.851519e-01
1.852057e-01
1.852585e-01
1.853122e-01
1.853650e-01
1.854186e-01
1.854713e-01
1.855248e-01
1.855772e-01
1.856297e-01
1.856823e-01
1.857298e-01
1.857772e-01
1.858247e-01
1.858721e-01
1.859196e-01
1.859671e-01
1.860146e-01
1.860621e-01
1.861097e-01
1.861572e-01
1.862047e-01
1.862522e-01
1.862998e-01
1.863473e-01
1.863949e-01
1.864472e-01
1.865009e-01
1.865543e-01
1.866075e-01
1.866604e-01
1.867131e-01
1.867656e-01
1.868133e-01
1.868609e-01
1.869086e-01
1.869562e-01
1.870039e-01
1.870516e-01
1.870993e-01
1.871470e-01
1.871948e-01
1.872425e-01
1.872903e-01
1.873380e-01
1.873858e-01
1.874336e-01
1.874814e-01
1.875292e-01
1.875770e-01
1.876247e-01
1.876726e-01
1.877203e-01
1.877681e-01
1.878159e-01
1.878637e-01
1.879115e-01
1.879593e-01
1.880071e-01
1.880548e-01
1.881026e-01
1.881502e-01
1.881979e-01
1.882455e-01
1.882932e-01
1.883407e-01
1.883883e-01
1.884358e-01
1.884834e-01
1.885309e-01
1.885784e-01
1.886258e-01
1.886733e-01
1.887207e-01
1.887682e-01
1.888156e-01
1.888630e-01
1.889098e-01
1.889566e-01
1.890021e-01
1.890475e-01
1.890926e-01
1.891376e-01
1.891825e-01
1.892275e-01
1.892724e-01
1.893173e-01
1.893622e-01
1.894072e-01
1.894522e-01
1.894973e-01
1.895425e-01
1.895877e-01
1.896330e-01
1.896784e-01
1.897239e-01
1.897695e-01
1.898153e-01
1.898611e-01
1.899071e-01
1.899531e-01
1.899993e-01
1.900455e-01
1.900920e-01
1.901385e-01
1.901852e-01
1.902319e-01
1.902744e-01
1.903170e-01
1.903596e-01
1.904021e-01
1.904446e-01
1.904871e-01
1.905296e-01
1.905721e-01
1.906145e-01
1.906571e-01
1.906995e-01
1.907420e-01
1.907844e-01
1.908270e-01
1.908691e-01
1.909115e-01
1.909535e-01
1.909959e-01
1.910381e-01
1.910807e-01
1.911231e-01
1.911659e-01
1.912086e-01
1.912518e-01
1.912948e-01
1.913384e-01
1.913818e-01
1.914257e-01
1.914695e-01
1.915132e-01
1.915573e-01
1.916012e-01
1.916455e-01
1.916879e-01
1.917300e-01
1.917726e-01
1.918147e-01
1.918574e-01
1.918995e-01
1.919424e-01
1.919846e-01
1.920276e-01
1.920699e-01
1.921129e-01
1.921552e-01
1.921983e-01
1.922408e-01
1.922841e-01
1.923268e-01
1.923702e-01
1.924133e-01
1.924554e-01
1.924972e-01
1.925394e-01
1.925813e-01
1.926237e-01
1.926657e-01
1.927084e-01
1.927506e-01
1.927935e-01
1.928357e-01
1.928788e-01
1.929211e-01
1.929641e-01
1.930064e-01
1.930495e-01
1.930921e-01
1.931354e-01
1.931782e-01
1.932219e-01
1.932651e-01
1.933084e-01
1.933520e-01
1.933957e-01
1.934379e-01
1.934806e-01
1.935230e-01
1.935658e-01
1.936082e-01
1.936512e-01
1.936936e-01
1.937367e-01
1.937793e-01
1.938226e-01
1.938653e-01
1.939087e-01
1.939516e-01
1.939952e-01
1.940384e-01
1.940822e-01
1.941257e-01
1.941693e-01
1.942132e-01
1.942572e-01
1.943015e-01
1.943459e-01
1.943907e-01
1.944357e-01
1.944784e-01
1.945214e-01
1.945642e-01
1.946073e-01
1.946502e-01
1.946934e-01
1.947362e-01
1.947795e-01
1.948225e-01
1.948661e-01
1.949095e-01
1.949534e-01
1.949973e-01
1.950416e-01
1.950858e-01
1.951305e-01
1.951749e-01
1.952192e-01
1.952631e-01
1.953071e-01
1.953508e-01
1.953947e-01
1.954383e-01
1.954821e-01
1.955257e-01
1.955695e-01
1.956132e-01
1.956572e-01
1.957012e-01
1.957454e-01
1.957896e-01
1.958341e-01
1.958785e-01
1.959232e-01
1.959678e-01
1.960127e-01
1.960577e-01
1.961031e-01
1.961484e-01
1.961941e-01
1.962397e-01
1.962852e-01
1.963321e-01
1.963805e-01
1.964295e-01
1.964785e-01
1.965277e-01
1.965768e-01
1.966235e-01
1.966723e-01
1.967209e-01
1.967692e-01
1.968174e-01
1.968635e-01
1.969096e-01
1.969560e-01
1.970024e-01
1.970488e-01
1.970964e-01
1.971440e-01
1.971915e-01
1.972392e-01
1.972868e-01
1.973346e-01
1.973823e-01
1.974302e-01
1.974781e-01
1.975263e-01
1.975744e-01
1.976229e-01
1.976714e-01
1.977195e-01
1.977707e-01
1.978226e-01
1.978743e-01
1.979259e-01
1.979774e-01
1.980289e-01
1.980805e-01
1.981319e-01
1.981840e-01
1.982354e-01
1.982876e-01
1.983391e-01
1.983912e-01
1.984426e-01
1.984945e-01
1.985459e-01
1.985977e-01
1.986491e-01
1.987010e-01
1.987524e-01
1.988045e-01
1.988551e-01
1.989058e-01
1.989565e-01
1.990074e-01
1.990585e-01
1.991098e-01
1.991612e-01
1.992126e-01
1.992640e-01
1.993156e-01
1.993671e-01
1.994191e-01
1.994672e-01
1.995150e-01
1.995635e-01
1.996113e-01
1.996598e-01
1.997078e-01
1.997563e-01
1.998064e-01
1.998549e-01
1.999055e-01
1.999540e-01
2.000048e-01
2.000533e-01
2.001046e-01
