# 1  : Date
# 2  : Temps elapsed min (mus)
# 3  : Rang temps elapsed min
# 4  : Noeud temps elapsed min
# 5  : Temps elapsed max (mus)
# 6  : Rang temps elapsed max
# 7  : Noeud temps elapsed max
# 8  : Grind time (mus/maille/cycle)
# 9  : Grind time équivalent séquentiel (#8 X nb_de_coeurs)
#     1     2     3     4      5      6      7       8      9
#   ATTENTION  les temps cpu schémas sont données dans l'ordre alphabétique des schémas WARNING
#  10: TELAPS Hydro (mus)
3.871136e-04   4.080e+04 0 inti1234   4.090e+04 3 inti1234   2.928e-01 4.685e+00  3.210e+04
1.159624e-03   4.237e+04 0 inti1234   4.242e+04 3 inti1234   2.948e-01 4.718e+00  3.344e+04
2.234613e-03   7.192e+04 0 inti1234   7.204e+04 2 inti1234   4.790e-01 7.664e+00  3.720e+04
3.519673e-03   4.690e+04 0 inti1234   4.695e+04 2 inti1234   2.982e-01 4.771e+00  3.752e+04
4.857580e-03   4.944e+04 0 inti1234   4.949e+04 3 inti1234   2.983e-01 4.773e+00  3.919e+04
6.351502e-03   5.100e+04 0 inti1234   5.105e+04 3 inti1234   2.922e-01 4.676e+00  4.084e+04
7.987737e-03   1.294e+05 0 inti1234   1.295e+05 2 inti1234   7.036e-01 1.126e+01  4.375e+04
9.193842e-03   5.573e+04 0 inti1234   5.578e+04 3 inti1234   2.934e-01 4.695e+00  4.488e+04
1.003163e-02   5.631e+04 0 inti1234   5.635e+04 3 inti1234   2.895e-01 4.632e+00  4.534e+04
1.088519e-02   5.928e+04 0 inti1234   5.933e+04 2 inti1234   2.976e-01 4.762e+00  4.830e+04
1.186147e-02   8.958e+04 0 inti1234   8.972e+04 2 inti1234   4.382e-01 7.012e+00  4.806e+04
1.299186e-02   6.021e+04 0 inti1234   6.037e+04 3 inti1234   2.877e-01 4.604e+00  4.846e+04
1.422442e-02   6.012e+04 0 inti1234   6.017e+04 1 inti1234   2.787e-01 4.459e+00  4.823e+04
1.552257e-02   6.154e+04 0 inti1234   6.159e+04 1 inti1234   2.775e-01 4.440e+00  4.992e+04
1.683760e-02   9.545e+04 0 inti1234   9.551e+04 3 inti1234   4.189e-01 6.703e+00  5.173e+04
1.814066e-02   6.330e+04 0 inti1234   6.334e+04 2 inti1234   2.715e-01 4.344e+00  5.152e+04
1.930587e-02   6.472e+04 0 inti1234   6.477e+04 3 inti1234   2.711e-01 4.338e+00  5.249e+04
2.015750e-02   6.657e+04 0 inti1234   6.663e+04 2 inti1234   2.744e-01 4.390e+00  5.442e+04
2.103184e-02   1.019e+05 0 inti1234   1.019e+05 2 inti1234   4.131e-01 6.609e+00  5.580e+04
2.199240e-02   7.240e+04 0 inti1234   7.256e+04 3 inti1234   2.896e-01 4.634e+00  6.007e+04
2.303316e-02   6.986e+04 0 inti1234   6.992e+04 2 inti1234   2.739e-01 4.383e+00  5.711e+04
2.416030e-02   7.057e+04 0 inti1234   7.063e+04 2 inti1234   2.710e-01 4.336e+00  5.788e+04
2.536445e-02   1.091e+05 0 inti1234   1.091e+05 2 inti1234   4.099e-01 6.558e+00  5.913e+04
2.664058e-02   7.181e+04 0 inti1234   7.199e+04 2 inti1234   2.648e-01 4.237e+00  5.914e+04
2.799065e-02   7.297e+04 0 inti1234   7.303e+04 2 inti1234   2.620e-01 4.191e+00  5.980e+04
2.941166e-02   7.445e+04 0 inti1234   7.451e+04 3 inti1234   2.608e-01 4.172e+00  6.140e+04
3.090027e-02   1.124e+05 0 inti1234   1.125e+05 2 inti1234   3.825e-01 6.120e+00  6.382e+04
3.245500e-02   7.834e+04 0 inti1234   7.843e+04 2 inti1234   2.596e-01 4.154e+00  6.475e+04
3.407422e-02   7.920e+04 0 inti1234   7.926e+04 2 inti1234   2.540e-01 4.063e+00  6.534e+04
3.575963e-02   8.029e+04 1 inti1234   8.036e+04 3 inti1234   2.488e-01 3.980e+00  6.676e+04
3.748278e-02   1.264e+05 0 inti1234   1.264e+05 2 inti1234   3.780e-01 6.048e+00  6.956e+04
3.909640e-02   8.524e+04 0 inti1234   8.533e+04 2 inti1234   2.479e-01 3.966e+00  7.092e+04
4.082672e-02   8.464e+04 0 inti1234   8.469e+04 2 inti1234   2.376e-01 3.801e+00  6.978e+04
4.255610e-02   8.746e+04 0 inti1234   8.750e+04 2 inti1234   2.377e-01 3.803e+00  7.299e+04
4.429865e-02   1.355e+05 0 inti1234   1.355e+05 3 inti1234   3.569e-01 5.710e+00  7.517e+04
4.606268e-02   9.002e+04 0 inti1234   9.012e+04 2 inti1234   2.309e-01 3.694e+00  7.506e+04
4.786084e-02   2.460e+05 0 inti1234   2.462e+05 2 inti1234   6.115e-01 9.784e+00  2.302e+05
4.969634e-02   9.652e+04 1 inti1234   9.660e+04 2 inti1234   2.327e-01 3.723e+00  8.059e+04
5.155575e-02   1.557e+05 0 inti1234   1.558e+05 2 inti1234   3.641e-01 5.825e+00  8.508e+04
5.340744e-02   9.879e+04 0 inti1234   9.887e+04 2 inti1234   2.255e-01 3.608e+00  8.265e+04
5.528119e-02   1.018e+05 1 inti1234   1.019e+05 2 inti1234   2.264e-01 3.623e+00  8.522e+04
5.715842e-02   1.005e+05 0 inti1234   1.005e+05 2 inti1234   2.178e-01 3.485e+00  8.419e+04
5.907194e-02   1.554e+05 0 inti1234   1.554e+05 3 inti1234   3.287e-01 5.258e+00  8.732e+04
6.101309e-02   1.041e+05 0 inti1234   1.042e+05 1 inti1234   2.156e-01 3.450e+00  8.726e+04
6.299037e-02   1.063e+05 0 inti1234   1.063e+05 3 inti1234   2.148e-01 3.437e+00  8.911e+04
6.484677e-02   1.086e+05 0 inti1234   1.087e+05 2 inti1234   2.147e-01 3.435e+00  9.134e+04
6.654450e-02   1.749e+05 0 inti1234   1.750e+05 2 inti1234   3.384e-01 5.415e+00  9.531e+04
6.819374e-02   1.136e+05 0 inti1234   1.137e+05 3 inti1234   2.161e-01 3.457e+00  9.579e+04
6.985518e-02   1.145e+05 0 inti1234   1.145e+05 2 inti1234   2.135e-01 3.415e+00  9.640e+04
7.157963e-02   1.220e+05 0 inti1234   1.222e+05 2 inti1234   2.231e-01 3.570e+00  1.035e+05
7.334484e-02   1.809e+05 0 inti1234   1.809e+05 3 inti1234   3.241e-01 5.185e+00  1.045e+05
7.516679e-02   1.202e+05 0 inti1234   1.203e+05 1 inti1234   2.117e-01 3.388e+00  1.021e+05
7.684952e-02   1.202e+05 0 inti1234   1.203e+05 3 inti1234   2.082e-01 3.330e+00  1.016e+05
7.846402e-02   1.203e+05 0 inti1234   1.204e+05 1 inti1234   2.051e-01 3.282e+00  1.016e+05
8.012717e-02   1.861e+05 0 inti1234   1.862e+05 1 inti1234   3.122e-01 4.996e+00  1.057e+05
8.177420e-02   1.252e+05 2 inti1234   1.253e+05 3 inti1234   2.074e-01 3.318e+00  1.061e+05
8.341555e-02   1.281e+05 2 inti1234   1.282e+05 1 inti1234   2.090e-01 3.344e+00  1.088e+05
8.506208e-02   1.294e+05 0 inti1234   1.295e+05 1 inti1234   2.081e-01 3.330e+00  1.099e+05
8.672431e-02   1.979e+05 0 inti1234   1.980e+05 1 inti1234   3.137e-01 5.019e+00  1.138e+05
8.841093e-02   1.333e+05 0 inti1234   1.333e+05 1 inti1234   2.087e-01 3.339e+00  1.135e+05
9.010576e-02   1.362e+05 0 inti1234   1.363e+05 1 inti1234   2.103e-01 3.365e+00  1.160e+05
9.179194e-02   1.397e+05 0 inti1234   1.397e+05 1 inti1234   2.128e-01 3.405e+00  1.192e+05
9.348080e-02   2.172e+05 0 inti1234   2.174e+05 1 inti1234   3.268e-01 5.229e+00  1.237e+05
9.516769e-02   1.447e+05 0 inti1234   1.447e+05 2 inti1234   2.152e-01 3.443e+00  1.237e+05
9.686866e-02   1.450e+05 0 inti1234   1.450e+05 2 inti1234   2.129e-01 3.407e+00  1.242e+05
9.859250e-02   1.495e+05 0 inti1234   1.496e+05 1 inti1234   2.168e-01 3.469e+00  1.281e+05
1.002870e-01   2.336e+05 0 inti1234   2.336e+05 2 inti1234   3.345e-01 5.352e+00  1.332e+05
1.019707e-01   1.477e+05 0 inti1234   1.478e+05 1 inti1234   2.093e-01 3.348e+00  1.260e+05
1.035621e-01   1.467e+05 3 inti1234   1.468e+05 1 inti1234   2.055e-01 3.288e+00  1.256e+05
1.051622e-01   1.497e+05 3 inti1234   1.497e+05 1 inti1234   2.073e-01 3.317e+00  1.281e+05
1.067718e-01   2.269e+05 3 inti1234   2.270e+05 1 inti1234   3.110e-01 4.975e+00  1.312e+05
1.084063e-01   1.530e+05 0 inti1234   1.532e+05 1 inti1234   2.080e-01 3.328e+00  1.311e+05
1.100713e-01   1.550e+05 3 inti1234   1.550e+05 0 inti1234   2.084e-01 3.334e+00  1.333e+05
1.117594e-01   1.594e+05 3 inti1234   1.595e+05 1 inti1234   2.123e-01 3.396e+00  1.374e+05
1.135127e-01   2.438e+05 0 inti1234   2.439e+05 1 inti1234   3.213e-01 5.141e+00  1.448e+05
1.152486e-01   1.644e+05 0 inti1234   1.645e+05 1 inti1234   2.147e-01 3.436e+00  1.419e+05
1.169905e-01   1.685e+05 3 inti1234   1.686e+05 0 inti1234   2.179e-01 3.486e+00  1.458e+05
1.187389e-01   1.687e+05 0 inti1234   1.688e+05 1 inti1234   2.159e-01 3.454e+00  1.453e+05
1.205060e-01   2.570e+05 3 inti1234   2.571e+05 2 inti1234   3.252e-01 5.204e+00  1.503e+05
1.222888e-01   1.761e+05 3 inti1234   1.762e+05 2 inti1234   2.208e-01 3.533e+00  1.520e+05
1.241031e-01   1.785e+05 3 inti1234   1.786e+05 1 inti1234   2.212e-01 3.539e+00  1.544e+05
1.259329e-01   1.841e+05 3 inti1234   1.843e+05 1 inti1234   2.256e-01 3.610e+00  1.589e+05
1.277961e-01   2.767e+05 3 inti1234   2.768e+05 1 inti1234   3.353e-01 5.365e+00  1.634e+05
1.296503e-01   1.774e+05 3 inti1234   1.776e+05 1 inti1234   2.131e-01 3.409e+00  1.525e+05
1.314147e-01   1.766e+05 3 inti1234   1.768e+05 1 inti1234   2.097e-01 3.355e+00  1.521e+05
1.331615e-01   1.786e+05 3 inti1234   1.787e+05 0 inti1234   2.097e-01 3.356e+00  1.537e+05
1.349074e-01   2.710e+05 3 inti1234   2.712e+05 1 inti1234   3.151e-01 5.041e+00  1.587e+05
1.366492e-01   1.865e+05 3 inti1234   1.866e+05 1 inti1234   2.148e-01 3.437e+00  1.612e+05
1.383652e-01   1.876e+05 3 inti1234   1.878e+05 0 inti1234   2.140e-01 3.425e+00  1.631e+05
1.400780e-01   1.926e+05 3 inti1234   1.928e+05 1 inti1234   2.178e-01 3.484e+00  1.675e+05
1.418266e-01   2.916e+05 3 inti1234   2.917e+05 1 inti1234   3.266e-01 5.226e+00  1.725e+05
1.436000e-01   1.968e+05 3 inti1234   1.969e+05 1 inti1234   2.188e-01 3.501e+00  1.709e+05
1.453130e-01   1.915e+05 3 inti1234   1.919e+05 0 inti1234   2.113e-01 3.381e+00  1.655e+05
1.470860e-01   1.918e+05 3 inti1234   1.922e+05 0 inti1234   2.098e-01 3.357e+00  1.657e+05
1.488456e-01   2.860e+05 3 inti1234   2.864e+05 0 inti1234   3.100e-01 4.961e+00  1.712e+05
1.506748e-01   1.970e+05 3 inti1234   1.974e+05 1 inti1234   2.122e-01 3.395e+00  1.708e+05
1.524762e-01   1.997e+05 3 inti1234   2.002e+05 1 inti1234   2.135e-01 3.417e+00  1.737e+05
1.543552e-01   2.012e+05 3 inti1234   2.015e+05 1 inti1234   2.132e-01 3.412e+00  1.749e+05
1.562136e-01   3.006e+05 3 inti1234   3.009e+05 1 inti1234   3.159e-01 5.054e+00  1.778e+05
1.579713e-01   2.029e+05 3 inti1234   2.033e+05 1 inti1234   2.120e-01 3.392e+00  1.765e+05
1.597384e-01   2.040e+05 3 inti1234   2.043e+05 0 inti1234   2.117e-01 3.387e+00  1.778e+05
1.615049e-01   2.057e+05 3 inti1234   2.061e+05 0 inti1234   2.123e-01 3.396e+00  1.790e+05
1.632758e-01   3.049e+05 3 inti1234   3.053e+05 1 inti1234   3.128e-01 5.005e+00  1.835e+05
1.650471e-01   2.069e+05 3 inti1234   2.073e+05 1 inti1234   2.115e-01 3.384e+00  1.804e+05
1.668247e-01   2.083e+05 3 inti1234   2.086e+05 0 inti1234   2.119e-01 3.391e+00  1.817e+05
1.686195e-01   2.068e+05 3 inti1234   2.073e+05 0 inti1234   2.096e-01 3.353e+00  1.798e+05
1.704049e-01   2.985e+05 3 inti1234   2.989e+05 0 inti1234   3.009e-01 4.814e+00  1.847e+05
1.721845e-01   2.095e+05 3 inti1234   2.099e+05 0 inti1234   2.105e-01 3.368e+00  1.825e+05
1.739471e-01   2.102e+05 3 inti1234   2.106e+05 0 inti1234   2.103e-01 3.364e+00  1.833e+05
1.756968e-01   2.122e+05 3 inti1234   2.125e+05 0 inti1234   2.113e-01 3.380e+00  1.850e+05
1.774646e-01   3.021e+05 3 inti1234   3.025e+05 0 inti1234   2.994e-01 4.791e+00  1.873e+05
1.792680e-01   2.130e+05 3 inti1234   2.134e+05 1 inti1234   2.105e-01 3.368e+00  1.858e+05
1.810222e-01   2.140e+05 3 inti1234   2.144e+05 0 inti1234   2.107e-01 3.372e+00  1.870e+05
1.827135e-01   2.151e+05 3 inti1234   2.155e+05 2 inti1234   2.110e-01 3.377e+00  1.878e+05
1.843711e-01   2.852e+05 3 inti1234   2.856e+05 0 inti1234   2.790e-01 4.464e+00  1.908e+05
1.861572e-01   2.169e+05 3 inti1234   2.173e+05 1 inti1234   2.120e-01 3.392e+00  1.894e+05
1.878637e-01   2.170e+05 3 inti1234   2.174e+05 0 inti1234   2.115e-01 3.384e+00  1.897e+05
1.894973e-01   2.177e+05 3 inti1234   2.181e+05 0 inti1234   2.116e-01 3.385e+00  1.901e+05
1.910381e-01   3.095e+05 3 inti1234   3.099e+05 0 inti1234   2.998e-01 4.796e+00  1.916e+05
1.925394e-01   2.192e+05 3 inti1234   2.195e+05 0 inti1234   2.119e-01 3.390e+00  1.918e+05
1.940384e-01   2.182e+05 3 inti1234   2.187e+05 0 inti1234   2.106e-01 3.369e+00  1.910e+05
1.955695e-01   2.201e+05 3 inti1234   2.205e+05 0 inti1234   2.120e-01 3.392e+00  1.930e+05
1.971915e-01   2.884e+05 3 inti1234   2.887e+05 0 inti1234   2.772e-01 4.435e+00  1.943e+05
1.989565e-01   2.205e+05 3 inti1234   2.209e+05 0 inti1234   2.118e-01 3.389e+00  1.932e+05
