# 1  : Date
# 2  : Temps elapsed min (mus)
# 3  : Rang temps elapsed min
# 4  : Noeud temps elapsed min
# 5  : Temps elapsed max (mus)
# 6  : Rang temps elapsed max
# 7  : Noeud temps elapsed max
# 8  : Grind time (mus/maille/cycle)
# 9  : Grind time équivalent séquentiel (#8 X nb_de_coeurs)
#     1     2     3     4      5      6      7       8      9
#   ATTENTION  les temps cpu schémas sont données dans l'ordre alphabétique des schémas WARNING
#  10: TELAPS Hydro (mus)
7.759571e-04   4.406e+04 0 inti1234   4.422e+04 2 inti1234   3.132e-01 5.011e+00  3.489e+04
2.363336e-03   4.672e+04 0 inti1234   4.677e+04 2 inti1234   3.136e-01 5.017e+00  3.701e+04
4.407123e-03   4.839e+04 0 inti1234   4.845e+04 3 inti1234   3.087e-01 4.939e+00  3.850e+04
5.791211e-03   5.068e+04 0 inti1234   5.075e+04 3 inti1234   3.093e-01 4.950e+00  4.040e+04
7.241775e-03   5.257e+04 0 inti1234   5.263e+04 3 inti1234   3.094e-01 4.951e+00  4.203e+04
8.715856e-03   5.131e+04 0 inti1234   5.138e+04 3 inti1234   2.916e-01 4.665e+00  4.098e+04
9.939785e-03   5.204e+04 0 inti1234   5.209e+04 3 inti1234   2.871e-01 4.593e+00  4.161e+04
1.121650e-02   5.397e+04 0 inti1234   5.402e+04 3 inti1234   2.892e-01 4.627e+00  4.328e+04
1.261066e-02   5.500e+04 0 inti1234   5.515e+04 1 inti1234   2.865e-01 4.584e+00  4.420e+04
1.416410e-02   5.793e+04 0 inti1234   5.801e+04 3 inti1234   2.921e-01 4.673e+00  4.677e+04
1.580459e-02   5.606e+04 0 inti1234   5.611e+04 3 inti1234   2.736e-01 4.377e+00  4.502e+04
1.721786e-02   5.776e+04 0 inti1234   5.782e+04 1 inti1234   2.740e-01 4.384e+00  4.651e+04
1.873954e-02   6.258e+04 0 inti1234   6.271e+04 1 inti1234   2.880e-01 4.608e+00  5.123e+04
2.040587e-02   6.096e+04 0 inti1234   6.102e+04 3 inti1234   2.708e-01 4.333e+00  4.936e+04
2.206982e-02   6.284e+04 0 inti1234   6.292e+04 1 inti1234   2.697e-01 4.315e+00  5.090e+04
2.388578e-02   6.465e+04 0 inti1234   6.471e+04 1 inti1234   2.674e-01 4.278e+00  5.251e+04
2.578767e-02   6.280e+04 0 inti1234   6.285e+04 3 inti1234   2.495e-01 3.992e+00  5.107e+04
2.778714e-02   6.470e+04 0 inti1234   6.477e+04 1 inti1234   2.468e-01 3.949e+00  5.284e+04
2.973989e-02   6.672e+04 0 inti1234   6.678e+04 1 inti1234   2.450e-01 3.920e+00  5.457e+04
3.151348e-02   6.920e+04 0 inti1234   6.929e+04 3 inti1234   2.462e-01 3.938e+00  5.629e+04
3.335082e-02   7.444e+04 0 inti1234   7.466e+04 2 inti1234   2.565e-01 4.103e+00  6.160e+04
3.508784e-02   7.260e+04 0 inti1234   7.267e+04 3 inti1234   2.422e-01 3.875e+00  5.970e+04
3.686974e-02   7.242e+04 2 inti1234   7.252e+04 1 inti1234   2.344e-01 3.751e+00  5.921e+04
3.875803e-02   7.301e+04 2 inti1234   7.310e+04 1 inti1234   2.290e-01 3.664e+00  6.003e+04
4.071919e-02   7.615e+04 2 inti1234   7.624e+04 1 inti1234   2.313e-01 3.701e+00  6.292e+04
4.270133e-02   7.853e+04 0 inti1234   7.860e+04 1 inti1234   2.310e-01 3.696e+00  6.523e+04
4.463141e-02   8.020e+04 0 inti1234   8.027e+04 1 inti1234   2.289e-01 3.663e+00  6.655e+04
4.664562e-02   8.232e+04 2 inti1234   8.241e+04 1 inti1234   2.279e-01 3.647e+00  6.847e+04
4.873302e-02   8.280e+04 0 inti1234   8.290e+04 1 inti1234   2.222e-01 3.555e+00  6.851e+04
5.091317e-02   8.960e+04 0 inti1234   8.977e+04 1 inti1234   2.329e-01 3.726e+00  7.518e+04
5.304629e-02   8.780e+04 0 inti1234   8.788e+04 1 inti1234   2.210e-01 3.536e+00  7.304e+04
5.512102e-02   9.026e+04 0 inti1234   9.033e+04 1 inti1234   2.206e-01 3.530e+00  7.517e+04
5.722267e-02   9.197e+04 0 inti1234   9.204e+04 1 inti1234   2.182e-01 3.491e+00  7.677e+04
5.938374e-02   9.491e+04 0 inti1234   9.509e+04 1 inti1234   2.189e-01 3.502e+00  7.937e+04
6.161644e-02   9.750e+04 0 inti1234   9.757e+04 1 inti1234   2.180e-01 3.488e+00  8.174e+04
6.378671e-02   9.673e+04 0 inti1234   9.682e+04 1 inti1234   2.105e-01 3.368e+00  8.072e+04
6.598233e-02   9.943e+04 2 inti1234   9.954e+04 1 inti1234   2.107e-01 3.371e+00  8.328e+04
6.817069e-02   1.021e+05 2 inti1234   1.022e+05 1 inti1234   2.106e-01 3.369e+00  8.550e+04
7.032910e-02   1.058e+05 2 inti1234   1.059e+05 1 inti1234   2.125e-01 3.400e+00  8.914e+04
7.244825e-02   1.086e+05 0 inti1234   1.087e+05 1 inti1234   2.127e-01 3.403e+00  9.165e+04
7.456597e-02   1.105e+05 2 inti1234   1.106e+05 1 inti1234   2.108e-01 3.373e+00  9.340e+04
7.670910e-02   1.129e+05 0 inti1234   1.130e+05 1 inti1234   2.099e-01 3.359e+00  9.534e+04
7.887267e-02   1.163e+05 2 inti1234   1.164e+05 1 inti1234   2.105e-01 3.368e+00  9.876e+04
8.108356e-02   1.183e+05 0 inti1234   1.185e+05 1 inti1234   2.086e-01 3.337e+00  1.002e+05
8.331922e-02   1.251e+05 2 inti1234   1.252e+05 1 inti1234   2.143e-01 3.429e+00  1.066e+05
8.555539e-02   1.248e+05 2 inti1234   1.249e+05 1 inti1234   2.078e-01 3.326e+00  1.061e+05
8.782561e-02   1.305e+05 2 inti1234   1.306e+05 1 inti1234   2.113e-01 3.381e+00  1.115e+05
9.015670e-02   1.309e+05 2 inti1234   1.310e+05 1 inti1234   2.061e-01 3.298e+00  1.121e+05
9.246896e-02   1.338e+05 0 inti1234   1.340e+05 1 inti1234   2.050e-01 3.280e+00  1.145e+05
9.488335e-02   1.417e+05 2 inti1234   1.418e+05 1 inti1234   2.108e-01 3.373e+00  1.220e+05
9.739584e-02   1.418e+05 0 inti1234   1.420e+05 1 inti1234   2.051e-01 3.282e+00  1.218e+05
9.986541e-02   1.464e+05 2 inti1234   1.465e+05 1 inti1234   2.055e-01 3.288e+00  1.259e+05
1.021094e-01   1.517e+05 0 inti1234   1.519e+05 1 inti1234   2.077e-01 3.323e+00  1.303e+05
1.043613e-01   1.562e+05 2 inti1234   1.563e+05 1 inti1234   2.083e-01 3.333e+00  1.347e+05
1.066036e-01   1.617e+05 2 inti1234   1.618e+05 1 inti1234   2.104e-01 3.366e+00  1.402e+05
1.088927e-01   1.631e+05 2 inti1234   1.632e+05 1 inti1234   2.072e-01 3.315e+00  1.414e+05
1.112069e-01   1.675e+05 0 inti1234   1.677e+05 1 inti1234   2.079e-01 3.327e+00  1.451e+05
1.135285e-01   1.740e+05 0 inti1234   1.741e+05 1 inti1234   2.109e-01 3.374e+00  1.510e+05
1.158502e-01   1.767e+05 2 inti1234   1.768e+05 1 inti1234   2.093e-01 3.348e+00  1.534e+05
1.181603e-01   1.813e+05 2 inti1234   1.814e+05 1 inti1234   2.102e-01 3.363e+00  1.572e+05
1.204212e-01   1.857e+05 2 inti1234   1.858e+05 1 inti1234   2.112e-01 3.380e+00  1.612e+05
1.227145e-01   1.899e+05 2 inti1234   1.900e+05 1 inti1234   2.119e-01 3.391e+00  1.651e+05
1.249635e-01   1.962e+05 2 inti1234   1.963e+05 1 inti1234   2.152e-01 3.443e+00  1.709e+05
1.272110e-01   2.020e+05 2 inti1234   2.021e+05 1 inti1234   2.181e-01 3.490e+00  1.768e+05
1.294290e-01   2.038e+05 0 inti1234   2.040e+05 1 inti1234   2.203e-01 3.525e+00  1.782e+05
1.317340e-01   2.080e+05 2 inti1234   2.081e+05 1 inti1234   2.214e-01 3.542e+00  1.817e+05
1.340758e-01   2.121e+05 2 inti1234   2.123e+05 1 inti1234   2.229e-01 3.567e+00  1.856e+05
1.363432e-01   2.145e+05 2 inti1234   2.146e+05 1 inti1234   2.224e-01 3.558e+00  1.876e+05
1.388708e-01   2.195e+05 2 inti1234   2.197e+05 1 inti1234   2.245e-01 3.593e+00  1.919e+05
1.412415e-01   2.195e+05 2 inti1234   2.196e+05 1 inti1234   2.219e-01 3.550e+00  1.921e+05
1.435948e-01   2.143e+05 2 inti1234   2.144e+05 1 inti1234   2.143e-01 3.429e+00  1.869e+05
1.459674e-01   2.141e+05 2 inti1234   2.142e+05 1 inti1234   2.121e-01 3.394e+00  1.868e+05
1.482774e-01   2.147e+05 2 inti1234   2.149e+05 1 inti1234   2.112e-01 3.378e+00  1.875e+05
1.504719e-01   2.167e+05 2 inti1234   2.169e+05 1 inti1234   2.119e-01 3.391e+00  1.893e+05
1.526769e-01   2.203e+05 2 inti1234   2.204e+05 1 inti1234   2.143e-01 3.428e+00  1.926e+05
1.548953e-01   2.183e+05 2 inti1234   2.185e+05 1 inti1234   2.113e-01 3.381e+00  1.908e+05
1.571281e-01   2.192e+05 2 inti1234   2.194e+05 1 inti1234   2.113e-01 3.381e+00  1.916e+05
1.593447e-01   2.206e+05 2 inti1234   2.207e+05 1 inti1234   2.119e-01 3.391e+00  1.932e+05
1.615830e-01   2.212e+05 0 inti1234   2.214e+05 1 inti1234   2.120e-01 3.391e+00  1.934e+05
1.638528e-01   2.232e+05 2 inti1234   2.234e+05 1 inti1234   2.135e-01 3.415e+00  1.954e+05
1.661812e-01   2.218e+05 0 inti1234   2.220e+05 1 inti1234   2.119e-01 3.390e+00  1.939e+05
1.685229e-01   2.226e+05 2 inti1234   2.227e+05 1 inti1234   2.122e-01 3.395e+00  1.950e+05
1.708544e-01   2.250e+05 2 inti1234   2.251e+05 1 inti1234   2.142e-01 3.427e+00  1.970e+05
1.731898e-01   2.235e+05 2 inti1234   2.236e+05 1 inti1234   2.127e-01 3.403e+00  1.956e+05
1.755520e-01   2.231e+05 0 inti1234   2.233e+05 1 inti1234   2.124e-01 3.398e+00  1.951e+05
1.779208e-01   2.234e+05 0 inti1234   2.236e+05 1 inti1234   2.126e-01 3.402e+00  1.953e+05
1.802896e-01   2.229e+05 2 inti1234   2.231e+05 1 inti1234   2.121e-01 3.394e+00  1.950e+05
1.826401e-01   2.224e+05 2 inti1234   2.226e+05 1 inti1234   2.117e-01 3.387e+00  1.946e+05
1.849988e-01   2.220e+05 2 inti1234   2.222e+05 1 inti1234   2.112e-01 3.378e+00  1.942e+05
1.873940e-01   2.221e+05 2 inti1234   2.223e+05 1 inti1234   2.112e-01 3.379e+00  1.942e+05
1.896912e-01   2.220e+05 0 inti1234   2.222e+05 1 inti1234   2.110e-01 3.376e+00  1.938e+05
1.919359e-01   2.219e+05 0 inti1234   2.221e+05 1 inti1234   2.109e-01 3.375e+00  1.937e+05
1.941192e-01   2.229e+05 2 inti1234   2.231e+05 1 inti1234   2.119e-01 3.390e+00  1.949e+05
1.961836e-01   2.221e+05 2 inti1234   2.223e+05 1 inti1234   2.111e-01 3.378e+00  1.942e+05
1.981025e-01   2.226e+05 2 inti1234   2.228e+05 1 inti1234   2.116e-01 3.386e+00  1.945e+05
2.000459e-01   2.226e+05 2 inti1234   2.227e+05 1 inti1234   2.116e-01 3.386e+00  1.946e+05
