#   1 : Date        
# Date        
0.000000e+00
1.807392e-05
2.865299e-05
3.680825e-05
4.331462e-05
4.906367e-05
5.538763e-05
6.204872e-05
6.795979e-05
7.446196e-05
8.161436e-05
8.947053e-05
9.702468e-05
1.053342e-04
1.143002e-04
1.241628e-04
1.337027e-04
1.436480e-04
1.545879e-04
1.657374e-04
1.769297e-04
1.886124e-04
2.010176e-04
2.132284e-04
2.257171e-04
2.388127e-04
2.521957e-04
2.655017e-04
2.797183e-04
2.939297e-04
3.084532e-04
3.235230e-04
3.388720e-04
3.545256e-04
3.707045e-04
3.871136e-04
4.039712e-04
4.213429e-04
4.389057e-04
4.566041e-04
4.748726e-04
4.934284e-04
5.123968e-04
5.317204e-04
5.513472e-04
5.713195e-04
5.916317e-04
6.121877e-04
6.330631e-04
6.541431e-04
6.756129e-04
6.973298e-04
7.193540e-04
7.416524e-04
7.642145e-04
7.870888e-04
8.102207e-04
8.336410e-04
8.572999e-04
8.811975e-04
9.052984e-04
9.296850e-04
9.542344e-04
9.790738e-04
1.004107e-03
1.029433e-03
1.054937e-03
1.080786e-03
1.106828e-03
1.133123e-03
1.159624e-03
1.186464e-03
1.213485e-03
1.240745e-03
1.268213e-03
1.295923e-03
1.323861e-03
1.352053e-03
1.380427e-03
1.409065e-03
1.437917e-03
1.467083e-03
1.496472e-03
1.526126e-03
1.555964e-03
1.586157e-03
1.616605e-03
1.647287e-03
1.678149e-03
1.709331e-03
1.740719e-03
1.772176e-03
1.803794e-03
1.835622e-03
1.867602e-03
1.899875e-03
1.932477e-03
1.965120e-03
1.998093e-03
2.031272e-03
2.064625e-03
2.098278e-03
2.132152e-03
2.166096e-03
2.200218e-03
2.234613e-03
2.269156e-03
2.304035e-03
2.339154e-03
2.374341e-03
2.409910e-03
2.445536e-03
2.481298e-03
2.517257e-03
2.553563e-03
2.589879e-03
2.626441e-03
2.663275e-03
2.700239e-03
2.737218e-03
2.774286e-03
2.811384e-03
2.848464e-03
2.885545e-03
2.922654e-03
2.959773e-03
2.996956e-03
3.034185e-03
3.071426e-03
3.108658e-03
3.145912e-03
3.183198e-03
3.220536e-03
3.257870e-03
3.295200e-03
3.332536e-03
3.369894e-03
3.407260e-03
3.444668e-03
3.482147e-03
3.519673e-03
3.557183e-03
3.594705e-03
3.632233e-03
3.669785e-03
3.707361e-03
3.744979e-03
3.782656e-03
3.820390e-03
3.858179e-03
3.895974e-03
3.933780e-03
3.971613e-03
4.009467e-03
4.047361e-03
4.085306e-03
4.123305e-03
4.161376e-03
4.199514e-03
4.237739e-03
4.276041e-03
4.314375e-03
4.352763e-03
4.391183e-03
4.429648e-03
4.468167e-03
4.506740e-03
4.545383e-03
4.584094e-03
4.622892e-03
4.661770e-03
4.700738e-03
4.739795e-03
4.778951e-03
4.818211e-03
4.857580e-03
4.897008e-03
4.936562e-03
4.976227e-03
5.016040e-03
5.055974e-03
5.096068e-03
5.136308e-03
5.176716e-03
5.217294e-03
5.258054e-03
5.298898e-03
5.339959e-03
5.381206e-03
5.422705e-03
5.464406e-03
5.506366e-03
5.548551e-03
5.590969e-03
5.633478e-03
5.676268e-03
5.719278e-03
5.762600e-03
5.806189e-03
5.850104e-03
5.894337e-03
5.938919e-03
5.983870e-03
6.028940e-03
6.074401e-03
6.120168e-03
6.166087e-03
6.212199e-03
6.258463e-03
6.304919e-03
6.351502e-03
6.398256e-03
6.445149e-03
6.491984e-03
6.538814e-03
6.585634e-03
6.632479e-03
6.679338e-03
6.726244e-03
6.773153e-03
6.820047e-03
6.866960e-03
6.913930e-03
6.960908e-03
7.007964e-03
7.055056e-03
7.102123e-03
7.149236e-03
7.196399e-03
7.243601e-03
7.290889e-03
7.338237e-03
7.385648e-03
7.433130e-03
7.480701e-03
7.528326e-03
7.576025e-03
7.623137e-03
7.669844e-03
7.716377e-03
7.762280e-03
7.808030e-03
7.853497e-03
7.898566e-03
7.943312e-03
7.987923e-03
8.032171e-03
8.076134e-03
8.119927e-03
8.163393e-03
8.206623e-03
8.249774e-03
8.292543e-03
8.335192e-03
8.377754e-03
8.420040e-03
8.462194e-03
8.504178e-03
8.545933e-03
8.587620e-03
8.628980e-03
8.669806e-03
8.706993e-03
8.741669e-03
8.774347e-03
8.805899e-03
8.836229e-03
8.865471e-03
8.893869e-03
8.921568e-03
8.947708e-03
8.972640e-03
8.997301e-03
9.021759e-03
9.046347e-03
9.070995e-03
9.095731e-03
9.120540e-03
9.145430e-03
9.170346e-03
9.195288e-03
9.220201e-03
9.245105e-03
9.269947e-03
9.294758e-03
9.319492e-03
9.344178e-03
9.368778e-03
9.393320e-03
9.417772e-03
9.442162e-03
9.466464e-03
9.490702e-03
9.514853e-03
9.538944e-03
9.562953e-03
9.586905e-03
9.610782e-03
9.634606e-03
9.658364e-03
9.682076e-03
9.705729e-03
9.729344e-03
9.752910e-03
9.776447e-03
9.799945e-03
9.823423e-03
9.846874e-03
9.870315e-03
9.893740e-03
9.917164e-03
9.940584e-03
9.964012e-03
9.987442e-03
1.001089e-02
1.003435e-02
1.005783e-02
1.008134e-02
1.010489e-02
1.012846e-02
1.015208e-02
1.017574e-02
1.019944e-02
1.022320e-02
1.024701e-02
1.027087e-02
1.029479e-02
1.031876e-02
1.034280e-02
1.036690e-02
1.039106e-02
1.041528e-02
1.043958e-02
1.046393e-02
1.048836e-02
1.051286e-02
1.053743e-02
1.056206e-02
1.058678e-02
1.061157e-02
1.063643e-02
1.066138e-02
1.068641e-02
1.071152e-02
1.073672e-02
1.076201e-02
1.078739e-02
1.081285e-02
1.083842e-02
1.086408e-02
1.088984e-02
1.091571e-02
1.094167e-02
1.096775e-02
1.099393e-02
1.102023e-02
1.104664e-02
1.107316e-02
1.109981e-02
1.112657e-02
1.115346e-02
1.118047e-02
1.120761e-02
1.123488e-02
1.126228e-02
1.128981e-02
1.131747e-02
1.134527e-02
1.137320e-02
1.140127e-02
1.142947e-02
1.145781e-02
1.148629e-02
1.151490e-02
1.154365e-02
1.157254e-02
1.160156e-02
1.163072e-02
1.166002e-02
1.168945e-02
1.171902e-02
1.174872e-02
1.177855e-02
1.180852e-02
1.183861e-02
1.186884e-02
1.189920e-02
1.192968e-02
1.196030e-02
1.199104e-02
1.202191e-02
1.205290e-02
1.208403e-02
1.211527e-02
1.214665e-02
1.217814e-02
1.220976e-02
1.224149e-02
1.227336e-02
1.230533e-02
1.233743e-02
1.236965e-02
1.240198e-02
1.243443e-02
1.246699e-02
1.249966e-02
1.253245e-02
1.256535e-02
1.259835e-02
1.263147e-02
1.266469e-02
1.269801e-02
1.273145e-02
1.276498e-02
1.279861e-02
1.283235e-02
1.286618e-02
1.290010e-02
1.293413e-02
1.296824e-02
1.300244e-02
1.303673e-02
1.307111e-02
1.310557e-02
1.314011e-02
1.317473e-02
1.320943e-02
1.324420e-02
1.327904e-02
1.331395e-02
1.334893e-02
1.338397e-02
1.341908e-02
1.345424e-02
1.348946e-02
1.352473e-02
1.356006e-02
1.359543e-02
1.363085e-02
1.366632e-02
1.370182e-02
1.373737e-02
1.377295e-02
1.380856e-02
1.384421e-02
1.387989e-02
1.391560e-02
1.395133e-02
1.398708e-02
1.402285e-02
1.405865e-02
1.409446e-02
1.413029e-02
1.416613e-02
1.420198e-02
1.423784e-02
1.427371e-02
1.430958e-02
1.434546e-02
1.438134e-02
1.441722e-02
1.445310e-02
1.448898e-02
1.452485e-02
1.456072e-02
1.460017e-02
1.464040e-02
1.468062e-02
1.472084e-02
1.476104e-02
1.480124e-02
1.484141e-02
1.488158e-02
1.492171e-02
1.496182e-02
1.500190e-02
1.504195e-02
1.508197e-02
1.512195e-02
1.516191e-02
1.520182e-02
1.524171e-02
1.528156e-02
1.532138e-02
1.536117e-02
1.540092e-02
1.544063e-02
1.548031e-02
1.551996e-02
1.555957e-02
1.559915e-02
1.563869e-02
1.567820e-02
1.571767e-02
1.575710e-02
1.579651e-02
1.583589e-02
1.587524e-02
1.591457e-02
1.595387e-02
1.599314e-02
1.603238e-02
1.607160e-02
1.611078e-02
1.614994e-02
1.618907e-02
1.622818e-02
1.626726e-02
1.630632e-02
1.634536e-02
1.638438e-02
1.642337e-02
1.646234e-02
1.650130e-02
1.654023e-02
1.657915e-02
1.661805e-02
1.665694e-02
1.669582e-02
1.673468e-02
1.677353e-02
1.681237e-02
1.685120e-02
1.689003e-02
1.692884e-02
1.696765e-02
1.700644e-02
1.704524e-02
1.708403e-02
1.712281e-02
1.716159e-02
1.720036e-02
1.723913e-02
1.727789e-02
1.731666e-02
1.735542e-02
1.739419e-02
1.743295e-02
1.747172e-02
1.751049e-02
1.754927e-02
1.758805e-02
1.762684e-02
1.766563e-02
1.770444e-02
1.774325e-02
1.778207e-02
1.782090e-02
1.785975e-02
1.789860e-02
1.793747e-02
1.797634e-02
1.801525e-02
1.805415e-02
1.809308e-02
1.813201e-02
1.817098e-02
1.820994e-02
1.824894e-02
1.828794e-02
1.832698e-02
1.836601e-02
1.840509e-02
1.844416e-02
1.848327e-02
1.852238e-02
1.856153e-02
1.860068e-02
1.863986e-02
1.867773e-02
1.871560e-02
1.875348e-02
1.879138e-02
1.882931e-02
1.886723e-02
1.890518e-02
1.894314e-02
1.898113e-02
1.901913e-02
1.905714e-02
1.909516e-02
1.913317e-02
1.917113e-02
1.920886e-02
1.924619e-02
1.928265e-02
1.931818e-02
1.935298e-02
1.938680e-02
1.941965e-02
1.945155e-02
1.948270e-02
1.951326e-02
1.954334e-02
1.957300e-02
1.960224e-02
1.963117e-02
1.965987e-02
1.968839e-02
1.971668e-02
1.974480e-02
1.977280e-02
1.980069e-02
1.982847e-02
1.985614e-02
1.988374e-02
1.991127e-02
1.993875e-02
1.996616e-02
1.999352e-02
2.002082e-02
2.004810e-02
2.007536e-02
2.010258e-02
2.012976e-02
2.015691e-02
2.018406e-02
2.021119e-02
2.023832e-02
2.026545e-02
2.029259e-02
2.031974e-02
2.034690e-02
2.037408e-02
2.040125e-02
2.042843e-02
2.045560e-02
2.048278e-02
2.050997e-02
2.053718e-02
2.056442e-02
2.059169e-02
2.061899e-02
2.064633e-02
2.067370e-02
2.070108e-02
2.072848e-02
2.075591e-02
2.078335e-02
2.081081e-02
2.083831e-02
2.086584e-02
2.089340e-02
2.092103e-02
2.094870e-02
2.097643e-02
2.100416e-02
2.103193e-02
2.105972e-02
2.108754e-02
2.111540e-02
2.114331e-02
2.117127e-02
2.119929e-02
2.122738e-02
2.125554e-02
2.128373e-02
2.131195e-02
2.134021e-02
2.136851e-02
2.139687e-02
2.142529e-02
2.145377e-02
2.148233e-02
2.151097e-02
2.153969e-02
2.156844e-02
2.159724e-02
2.162609e-02
2.165499e-02
2.168396e-02
2.171300e-02
2.174212e-02
2.177132e-02
2.180061e-02
2.182996e-02
2.185935e-02
2.188880e-02
2.191829e-02
2.194785e-02
2.197748e-02
2.200718e-02
2.203696e-02
2.206683e-02
2.209679e-02
2.212678e-02
2.215682e-02
2.218691e-02
2.221705e-02
2.224725e-02
2.227752e-02
2.230786e-02
2.233829e-02
2.236880e-02
2.239937e-02
2.242998e-02
2.246063e-02
2.249133e-02
2.252208e-02
2.255289e-02
2.258377e-02
2.261472e-02
2.264576e-02
2.267688e-02
2.270804e-02
2.273924e-02
2.277048e-02
2.280177e-02
2.283311e-02
2.286451e-02
2.289599e-02
2.292754e-02
2.295917e-02
2.299090e-02
2.302265e-02
2.305444e-02
2.308627e-02
2.311815e-02
2.315009e-02
2.318208e-02
2.321413e-02
2.324626e-02
2.327846e-02
2.331074e-02
2.334305e-02
2.337538e-02
2.340775e-02
2.344016e-02
2.347262e-02
2.350514e-02
2.353771e-02
2.357036e-02
2.360307e-02
2.363585e-02
2.366863e-02
2.370143e-02
2.373424e-02
2.376707e-02
2.379991e-02
2.383276e-02
2.386563e-02
2.389852e-02
2.393144e-02
2.396438e-02
2.399729e-02
2.403017e-02
2.406303e-02
2.409587e-02
2.412871e-02
2.416155e-02
2.419439e-02
2.422724e-02
2.426011e-02
2.429300e-02
2.432589e-02
2.435876e-02
2.439161e-02
2.442445e-02
2.445730e-02
2.449015e-02
2.452302e-02
2.455591e-02
2.458883e-02
2.462178e-02
2.465475e-02
2.468776e-02
2.472077e-02
2.475378e-02
2.478680e-02
2.481984e-02
2.485290e-02
2.488599e-02
2.491912e-02
2.495229e-02
2.498550e-02
2.501875e-02
2.505206e-02
2.508538e-02
2.511872e-02
2.515208e-02
2.518546e-02
2.521889e-02
2.525236e-02
2.528588e-02
2.531945e-02
2.535308e-02
2.538676e-02
2.542051e-02
2.545427e-02
2.548806e-02
2.552187e-02
2.555571e-02
2.558959e-02
2.562351e-02
2.565748e-02
2.569149e-02
2.572556e-02
2.575968e-02
2.579386e-02
2.582810e-02
2.586235e-02
2.589663e-02
2.593093e-02
2.596526e-02
2.599962e-02
2.603402e-02
2.606846e-02
2.610295e-02
2.613748e-02
2.617207e-02
2.620672e-02
2.624142e-02
2.627618e-02
2.631095e-02
2.634576e-02
2.638059e-02
2.641546e-02
2.645037e-02
2.648532e-02
2.652032e-02
2.655536e-02
2.659047e-02
2.662562e-02
2.666084e-02
2.669609e-02
2.673138e-02
2.676669e-02
2.680204e-02
2.683743e-02
2.687287e-02
2.690835e-02
2.694389e-02
2.697948e-02
2.701513e-02
2.705084e-02
2.708663e-02
2.712248e-02
2.715837e-02
2.719429e-02
2.723025e-02
2.726625e-02
2.730230e-02
2.733839e-02
2.737454e-02
2.741073e-02
2.744699e-02
2.748331e-02
2.751969e-02
2.755613e-02
2.759264e-02
2.762923e-02
2.766585e-02
2.770250e-02
2.773921e-02
2.777595e-02
2.781275e-02
2.784961e-02
2.788652e-02
2.792348e-02
2.796052e-02
2.799762e-02
2.803479e-02
2.807202e-02
2.810932e-02
2.814667e-02
2.818407e-02
2.822151e-02
2.825899e-02
2.829652e-02
2.833411e-02
2.837174e-02
2.840944e-02
2.844720e-02
2.848501e-02
2.852289e-02
2.856085e-02
2.859886e-02
2.863696e-02
2.867512e-02
2.871336e-02
2.875164e-02
2.878996e-02
2.882833e-02
2.886676e-02
2.890524e-02
2.894378e-02
2.898237e-02
2.902103e-02
2.905975e-02
2.909854e-02
2.913740e-02
2.917633e-02
2.921533e-02
2.925441e-02
2.929357e-02
2.933279e-02
2.937205e-02
2.941137e-02
2.945073e-02
2.949015e-02
2.952962e-02
2.956915e-02
2.960873e-02
2.964838e-02
2.968809e-02
2.972787e-02
2.976771e-02
2.980762e-02
2.984760e-02
2.988765e-02
2.992777e-02
2.996797e-02
3.000821e-02
3.004850e-02
3.008884e-02
3.012923e-02
3.016966e-02
3.021015e-02
3.025070e-02
3.029130e-02
3.033196e-02
3.037269e-02
3.041347e-02
3.045431e-02
3.049522e-02
3.053620e-02
3.057725e-02
3.061834e-02
3.065948e-02
3.070066e-02
3.074189e-02
3.078317e-02
3.082450e-02
3.086588e-02
3.090732e-02
3.094881e-02
3.099035e-02
3.103191e-02
3.107352e-02
3.111515e-02
3.115682e-02
3.119853e-02
3.124028e-02
3.128206e-02
3.132388e-02
3.136575e-02
3.140766e-02
3.144961e-02
3.149161e-02
3.153365e-02
3.157574e-02
3.161787e-02
3.166006e-02
3.170229e-02
3.174458e-02
3.178691e-02
3.182929e-02
3.187171e-02
3.191419e-02
3.195672e-02
3.199929e-02
3.204189e-02
3.208453e-02
3.212720e-02
3.216991e-02
3.221265e-02
3.225544e-02
3.229826e-02
3.234113e-02
3.238404e-02
3.242699e-02
3.246998e-02
3.251303e-02
3.255611e-02
3.259923e-02
3.264240e-02
3.268562e-02
3.272888e-02
3.277219e-02
3.281554e-02
3.285895e-02
3.290240e-02
3.294591e-02
3.298947e-02
3.303309e-02
3.307675e-02
3.312047e-02
3.316425e-02
3.320808e-02
3.325197e-02
3.329590e-02
3.333988e-02
3.338389e-02
3.342795e-02
3.347205e-02
3.351620e-02
3.356038e-02
3.360461e-02
3.364889e-02
3.369320e-02
3.373756e-02
3.378196e-02
3.382641e-02
3.387089e-02
3.391542e-02
3.396000e-02
3.400462e-02
3.404928e-02
3.409399e-02
3.413873e-02
3.418353e-02
3.422836e-02
3.427325e-02
3.431817e-02
3.436315e-02
3.440816e-02
3.445322e-02
3.449832e-02
3.454347e-02
3.458866e-02
3.463390e-02
3.467918e-02
3.472451e-02
3.476988e-02
3.481530e-02
3.486076e-02
3.490627e-02
3.495183e-02
3.499743e-02
3.504307e-02
3.508876e-02
3.513448e-02
3.518025e-02
3.522604e-02
3.527188e-02
3.531775e-02
3.536367e-02
3.540961e-02
3.545561e-02
3.550163e-02
3.554770e-02
3.559381e-02
3.563995e-02
3.568614e-02
3.573236e-02
3.577863e-02
3.582493e-02
3.587128e-02
3.591766e-02
3.596409e-02
3.601056e-02
3.605707e-02
3.610362e-02
3.615021e-02
3.619686e-02
3.624354e-02
3.629026e-02
3.633703e-02
3.638385e-02
3.643071e-02
3.647763e-02
3.652458e-02
3.657159e-02
3.661863e-02
3.666573e-02
3.671287e-02
3.676006e-02
3.680729e-02
3.685458e-02
3.690191e-02
3.694930e-02
3.699673e-02
3.704421e-02
3.709175e-02
3.713934e-02
3.718698e-02
3.723468e-02
3.728243e-02
3.733023e-02
3.737809e-02
3.742601e-02
3.747399e-02
3.752202e-02
3.757011e-02
3.761827e-02
3.766648e-02
3.771475e-02
3.776308e-02
3.781148e-02
3.785994e-02
3.790847e-02
3.795706e-02
3.800572e-02
3.805444e-02
3.810323e-02
3.815209e-02
3.820102e-02
3.825002e-02
3.829909e-02
3.834823e-02
3.839744e-02
3.844673e-02
3.849602e-02
3.854532e-02
3.859463e-02
3.864395e-02
3.869328e-02
3.874262e-02
3.879198e-02
3.884134e-02
3.889072e-02
3.894011e-02
3.898952e-02
3.903894e-02
3.908838e-02
3.913783e-02
3.918730e-02
3.923678e-02
3.928629e-02
3.933580e-02
3.938533e-02
3.943488e-02
3.948446e-02
3.953403e-02
3.958360e-02
3.963317e-02
3.968273e-02
3.973229e-02
3.978185e-02
3.983141e-02
3.988098e-02
3.993055e-02
3.998013e-02
4.002971e-02
4.007929e-02
4.012888e-02
4.017847e-02
4.022807e-02
4.027767e-02
4.032729e-02
4.037692e-02
4.042655e-02
4.047619e-02
4.052585e-02
4.057552e-02
4.062520e-02
4.067489e-02
4.072459e-02
4.077431e-02
4.082405e-02
4.087379e-02
4.092356e-02
4.097333e-02
4.102312e-02
4.107293e-02
4.112275e-02
4.117258e-02
4.122243e-02
4.127228e-02
4.132215e-02
4.137203e-02
4.142193e-02
4.147183e-02
4.152174e-02
4.157166e-02
4.162158e-02
4.167152e-02
4.172146e-02
4.177141e-02
4.182137e-02
4.187133e-02
4.192131e-02
4.197129e-02
4.202128e-02
4.207128e-02
4.212129e-02
4.217131e-02
4.222135e-02
4.227141e-02
4.232148e-02
4.237157e-02
4.242167e-02
4.247180e-02
4.252195e-02
4.257211e-02
4.262230e-02
4.267251e-02
4.272274e-02
4.277299e-02
4.282327e-02
4.287357e-02
4.292390e-02
4.297426e-02
4.302464e-02
4.307505e-02
4.312549e-02
4.317595e-02
4.322644e-02
4.327696e-02
4.332751e-02
4.337808e-02
4.342869e-02
4.347932e-02
4.352998e-02
4.358066e-02
4.363137e-02
4.368211e-02
4.373287e-02
4.378365e-02
4.383447e-02
4.388531e-02
4.393618e-02
4.398707e-02
4.403799e-02
4.408894e-02
4.413991e-02
4.419091e-02
4.424194e-02
4.429299e-02
4.434406e-02
4.439516e-02
4.444629e-02
4.449744e-02
4.454862e-02
4.459982e-02
4.465104e-02
4.470229e-02
4.475355e-02
4.480483e-02
4.485613e-02
4.490744e-02
4.495878e-02
4.501014e-02
4.506151e-02
4.511291e-02
4.516432e-02
4.521576e-02
4.526722e-02
4.531869e-02
4.537018e-02
4.542169e-02
4.547321e-02
4.552474e-02
4.557629e-02
4.562786e-02
4.567943e-02
4.573102e-02
4.578261e-02
4.583422e-02
4.588584e-02
4.593746e-02
4.598909e-02
4.604073e-02
4.609237e-02
4.614402e-02
4.619567e-02
4.624731e-02
4.629894e-02
4.635057e-02
4.640218e-02
4.645378e-02
4.650537e-02
4.655694e-02
4.660850e-02
4.666004e-02
4.671156e-02
4.676306e-02
4.681454e-02
4.686599e-02
4.691743e-02
4.696884e-02
4.702023e-02
4.707160e-02
4.712295e-02
4.717427e-02
4.722557e-02
4.727686e-02
4.732812e-02
4.737935e-02
4.743054e-02
4.748171e-02
4.753285e-02
4.758397e-02
4.763506e-02
4.768612e-02
4.773716e-02
4.778817e-02
4.783917e-02
4.789015e-02
4.794112e-02
4.799206e-02
4.804297e-02
4.809386e-02
4.814472e-02
4.819556e-02
4.824637e-02
4.829716e-02
4.834792e-02
4.839868e-02
4.844942e-02
4.850014e-02
4.855086e-02
4.860158e-02
4.865228e-02
4.870297e-02
4.875364e-02
4.880430e-02
4.885496e-02
4.890560e-02
4.895625e-02
4.900690e-02
4.905755e-02
4.910821e-02
4.915889e-02
4.920956e-02
4.926023e-02
4.931089e-02
4.936156e-02
4.941224e-02
4.946292e-02
4.951361e-02
4.956430e-02
4.961500e-02
4.966570e-02
4.971641e-02
4.976714e-02
4.981785e-02
4.986856e-02
4.991927e-02
4.996997e-02
5.002068e-02
5.007138e-02
5.012209e-02
5.017281e-02
5.022354e-02
5.027428e-02
5.032503e-02
5.037578e-02
5.042651e-02
5.047725e-02
5.052799e-02
5.057873e-02
5.062947e-02
5.068022e-02
5.073098e-02
5.078174e-02
5.083250e-02
5.088325e-02
5.093399e-02
5.098471e-02
5.103543e-02
5.108614e-02
5.113685e-02
5.118756e-02
5.123828e-02
5.128901e-02
5.133975e-02
5.139048e-02
5.144121e-02
5.149193e-02
5.154266e-02
5.159340e-02
5.164414e-02
5.169491e-02
5.174569e-02
5.179649e-02
5.184728e-02
5.189807e-02
5.194885e-02
5.199964e-02
5.205044e-02
5.210126e-02
5.215209e-02
5.220295e-02
5.225384e-02
5.230473e-02
5.235563e-02
5.240654e-02
5.245747e-02
5.250842e-02
5.255940e-02
5.261042e-02
5.266147e-02
5.271255e-02
5.276365e-02
5.281476e-02
5.286589e-02
5.291705e-02
5.296823e-02
5.301944e-02
5.307069e-02
5.312197e-02
5.317326e-02
5.322457e-02
5.327591e-02
5.332726e-02
5.337865e-02
5.343007e-02
5.348153e-02
5.353304e-02
5.358456e-02
5.363611e-02
5.368768e-02
5.373928e-02
5.379091e-02
5.384258e-02
5.389429e-02
5.394605e-02
5.399782e-02
5.404960e-02
5.410141e-02
5.415324e-02
5.420510e-02
5.425699e-02
5.430892e-02
5.436090e-02
5.441290e-02
5.446493e-02
5.451697e-02
5.456905e-02
5.462115e-02
5.467329e-02
5.472548e-02
5.477771e-02
5.482997e-02
5.488226e-02
5.493458e-02
5.498691e-02
5.503928e-02
5.509168e-02
5.514412e-02
5.519660e-02
5.524912e-02
5.530166e-02
5.535423e-02
5.540682e-02
5.545945e-02
5.551211e-02
5.556483e-02
5.561758e-02
5.567039e-02
5.572322e-02
5.577608e-02
5.582897e-02
5.588190e-02
5.593487e-02
5.598788e-02
5.604094e-02
5.609403e-02
5.614715e-02
5.620029e-02
5.625346e-02
5.630667e-02
5.635992e-02
5.641322e-02
5.646657e-02
5.651996e-02
5.657337e-02
5.662681e-02
5.668029e-02
5.673381e-02
5.678737e-02
5.684098e-02
5.689464e-02
5.694832e-02
5.700201e-02
5.705574e-02
5.710950e-02
5.716329e-02
5.721713e-02
5.727101e-02
5.732494e-02
5.737890e-02
5.743289e-02
5.748691e-02
5.754096e-02
5.759506e-02
5.764919e-02
5.770338e-02
5.775760e-02
5.781182e-02
5.786603e-02
5.792021e-02
5.797438e-02
5.802853e-02
5.808267e-02
5.813680e-02
5.819092e-02
5.824504e-02
5.829912e-02
5.835318e-02
5.840721e-02
5.846122e-02
5.851522e-02
5.856920e-02
5.862316e-02
5.867709e-02
5.873098e-02
5.878485e-02
5.883870e-02
5.889253e-02
5.894634e-02
5.900015e-02
5.905395e-02
5.910774e-02
5.916152e-02
5.921526e-02
5.926900e-02
5.932272e-02
5.937644e-02
5.943016e-02
5.948387e-02
5.953759e-02
5.959132e-02
5.964506e-02
5.969878e-02
5.975250e-02
5.980622e-02
5.985993e-02
5.991366e-02
5.996739e-02
6.002114e-02
6.007490e-02
6.012867e-02
6.018245e-02
6.023623e-02
6.029002e-02
6.034381e-02
6.039761e-02
6.045142e-02
6.050524e-02
6.055908e-02
6.061293e-02
6.066680e-02
6.072068e-02
6.077457e-02
6.082845e-02
6.088235e-02
6.093625e-02
6.099016e-02
6.104408e-02
6.109802e-02
6.115197e-02
6.120593e-02
6.125992e-02
6.131392e-02
6.136792e-02
6.142193e-02
6.147594e-02
6.152995e-02
6.158397e-02
6.163800e-02
6.169205e-02
6.174611e-02
6.180020e-02
6.185431e-02
6.190844e-02
6.196260e-02
6.201679e-02
6.207100e-02
6.212524e-02
6.217949e-02
6.223377e-02
6.228808e-02
6.234242e-02
6.239678e-02
6.245117e-02
6.250559e-02
6.256005e-02
6.261454e-02
6.266906e-02
6.272360e-02
6.277816e-02
6.283275e-02
6.288735e-02
6.294198e-02
6.299663e-02
6.305130e-02
6.310600e-02
6.316073e-02
6.321549e-02
6.327028e-02
6.332509e-02
6.337991e-02
6.343475e-02
6.348961e-02
6.354450e-02
6.359937e-02
6.365423e-02
6.370908e-02
6.376392e-02
6.381876e-02
6.387360e-02
6.392845e-02
6.398331e-02
6.403818e-02
6.409307e-02
6.414797e-02
6.420289e-02
6.425782e-02
6.431278e-02
6.436776e-02
6.442275e-02
6.447777e-02
6.453280e-02
6.458786e-02
6.464294e-02
6.469805e-02
6.475319e-02
6.480834e-02
6.486352e-02
6.491872e-02
6.497395e-02
6.502921e-02
6.508450e-02
6.513980e-02
6.519512e-02
6.525047e-02
6.530583e-02
6.536122e-02
6.541663e-02
6.547206e-02
6.552752e-02
6.558300e-02
6.563850e-02
6.569403e-02
6.574958e-02
6.580514e-02
6.586070e-02
6.591628e-02
6.597186e-02
6.602745e-02
6.608305e-02
6.613866e-02
6.619429e-02
6.624992e-02
6.630556e-02
6.636119e-02
6.641683e-02
6.647246e-02
6.652809e-02
6.658371e-02
6.663934e-02
6.669496e-02
6.675059e-02
6.680621e-02
6.686184e-02
6.691745e-02
6.697305e-02
6.702864e-02
6.708423e-02
6.713980e-02
6.719536e-02
6.725091e-02
6.730645e-02
6.736199e-02
6.741751e-02
6.747302e-02
6.752850e-02
6.758396e-02
6.763940e-02
6.769482e-02
6.775022e-02
6.780561e-02
6.786097e-02
6.791632e-02
6.797166e-02
6.802699e-02
6.808232e-02
6.813763e-02
6.819295e-02
6.824825e-02
6.830355e-02
6.835884e-02
6.841412e-02
6.846939e-02
6.852467e-02
6.857994e-02
6.863520e-02
6.869047e-02
6.874575e-02
6.880102e-02
6.885630e-02
6.891159e-02
6.896687e-02
6.902215e-02
6.907743e-02
6.913271e-02
6.918799e-02
6.924327e-02
6.929855e-02
6.935384e-02
6.940912e-02
6.946440e-02
6.951968e-02
6.957496e-02
6.963025e-02
6.968553e-02
6.974082e-02
6.979611e-02
6.985139e-02
6.990668e-02
6.996197e-02
7.001725e-02
7.007255e-02
7.012784e-02
7.018314e-02
7.023844e-02
7.029374e-02
7.034905e-02
7.040435e-02
7.045966e-02
7.051496e-02
7.057026e-02
7.062556e-02
7.068085e-02
7.073614e-02
7.079141e-02
7.084669e-02
7.090195e-02
7.095721e-02
7.101246e-02
7.106770e-02
7.112293e-02
7.117816e-02
7.123337e-02
7.128858e-02
7.134378e-02
7.139896e-02
7.145414e-02
7.150930e-02
7.156444e-02
7.161958e-02
7.167468e-02
7.172977e-02
7.178482e-02
7.183985e-02
7.189485e-02
7.194982e-02
7.200476e-02
7.205966e-02
7.211453e-02
7.216936e-02
7.222415e-02
7.227889e-02
7.233360e-02
7.238825e-02
7.244286e-02
7.249741e-02
7.255191e-02
7.260635e-02
7.266073e-02
7.271505e-02
7.276930e-02
7.282348e-02
7.287750e-02
7.293142e-02
7.298516e-02
7.303879e-02
7.309236e-02
7.314583e-02
7.319915e-02
7.325237e-02
7.330545e-02
7.335843e-02
7.341127e-02
7.346401e-02
7.351662e-02
7.356910e-02
7.362146e-02
7.367371e-02
7.372588e-02
7.377796e-02
7.382994e-02
7.388183e-02
7.393366e-02
7.398542e-02
7.403714e-02
7.408880e-02
7.414041e-02
7.419197e-02
7.424349e-02
7.429497e-02
7.434643e-02
7.439785e-02
7.444926e-02
7.450063e-02
7.455198e-02
7.460329e-02
7.465459e-02
7.470586e-02
7.475709e-02
7.480829e-02
7.485945e-02
7.491059e-02
7.496170e-02
7.501280e-02
7.506386e-02
7.511491e-02
7.516593e-02
7.521695e-02
7.526796e-02
7.531898e-02
7.536999e-02
7.542103e-02
7.547203e-02
7.552305e-02
7.557407e-02
7.562511e-02
7.567615e-02
7.572721e-02
7.577829e-02
7.582940e-02
7.588053e-02
7.593169e-02
7.598286e-02
7.603407e-02
7.608528e-02
7.613652e-02
7.618777e-02
7.623907e-02
7.629037e-02
7.634171e-02
7.639307e-02
7.644446e-02
7.649586e-02
7.654730e-02
7.659872e-02
7.665016e-02
7.670160e-02
7.675306e-02
7.680454e-02
7.685604e-02
7.690755e-02
7.695908e-02
7.701061e-02
7.706215e-02
7.711369e-02
7.716523e-02
7.721674e-02
7.726824e-02
7.731972e-02
7.737119e-02
7.742265e-02
7.747412e-02
7.752556e-02
7.757698e-02
7.762838e-02
7.767975e-02
7.773108e-02
7.778238e-02
7.783362e-02
7.788483e-02
7.793598e-02
7.798710e-02
7.803819e-02
7.808925e-02
7.814026e-02
7.819123e-02
7.824215e-02
7.829302e-02
7.834384e-02
7.839459e-02
7.844528e-02
7.849591e-02
7.854649e-02
7.859704e-02
7.864755e-02
7.869802e-02
7.874844e-02
7.879882e-02
7.884916e-02
7.889947e-02
7.894970e-02
7.899988e-02
7.905001e-02
7.910010e-02
7.915018e-02
7.920025e-02
7.925028e-02
7.930030e-02
7.935028e-02
7.940025e-02
7.945017e-02
7.950007e-02
7.954990e-02
7.959972e-02
7.964950e-02
7.969929e-02
7.974906e-02
7.979882e-02
7.984857e-02
7.989830e-02
7.994800e-02
7.999770e-02
8.004732e-02
8.009692e-02
8.014649e-02
8.019606e-02
8.024562e-02
8.029520e-02
8.034475e-02
8.039430e-02
8.044383e-02
8.049336e-02
8.054283e-02
8.059228e-02
8.064169e-02
8.069111e-02
8.074052e-02
8.078994e-02
8.083935e-02
8.088876e-02
8.093815e-02
8.098754e-02
8.103691e-02
8.108626e-02
8.113557e-02
8.118487e-02
8.123417e-02
8.128350e-02
8.133282e-02
8.138217e-02
8.143150e-02
8.148086e-02
8.153021e-02
8.157957e-02
8.162890e-02
8.167823e-02
8.172756e-02
8.177692e-02
8.182629e-02
8.187571e-02
8.192513e-02
8.197459e-02
8.202407e-02
8.207356e-02
8.212304e-02
8.217254e-02
8.222203e-02
8.227155e-02
8.232109e-02
8.237067e-02
8.242027e-02
8.246990e-02
8.251954e-02
8.256922e-02
8.261888e-02
8.266857e-02
8.271823e-02
8.276791e-02
8.281760e-02
8.286734e-02
8.291708e-02
8.296685e-02
8.301665e-02
8.306647e-02
8.311629e-02
8.316613e-02
8.321595e-02
8.326579e-02
8.331562e-02
8.336549e-02
8.341538e-02
8.346530e-02
8.351524e-02
8.356521e-02
8.361520e-02
8.366520e-02
8.371519e-02
8.376520e-02
8.381520e-02
8.386522e-02
8.391526e-02
8.396536e-02
8.401546e-02
8.406561e-02
8.411578e-02
8.416598e-02
8.421617e-02
8.426639e-02
8.431660e-02
8.436683e-02
8.441707e-02
8.446737e-02
8.451768e-02
8.456805e-02
8.461843e-02
8.466887e-02
8.471931e-02
8.476978e-02
8.482024e-02
8.487073e-02
8.492121e-02
8.497174e-02
8.502228e-02
8.507287e-02
8.512349e-02
8.517415e-02
8.522483e-02
8.527555e-02
8.532627e-02
8.537701e-02
8.542774e-02
8.547849e-02
8.552924e-02
8.558005e-02
8.563086e-02
8.568173e-02
8.573261e-02
8.578354e-02
8.583447e-02
8.588545e-02
8.593641e-02
8.598740e-02
8.603836e-02
8.608935e-02
8.614034e-02
8.619139e-02
8.624243e-02
8.629353e-02
8.634462e-02
8.639576e-02
8.644691e-02
8.649808e-02
8.654923e-02
8.660040e-02
8.665155e-02
8.670272e-02
8.675389e-02
8.680512e-02
8.685635e-02
8.690763e-02
8.695890e-02
8.701022e-02
8.706154e-02
8.711286e-02
8.716418e-02
8.721549e-02
8.726681e-02
8.731812e-02
8.736943e-02
8.742075e-02
8.747205e-02
8.752337e-02
8.757466e-02
8.762599e-02
8.767728e-02
8.772861e-02
8.777992e-02
8.783127e-02
8.788261e-02
8.793396e-02
8.798531e-02
8.803667e-02
8.808800e-02
8.813937e-02
8.819071e-02
8.824210e-02
8.829346e-02
8.834488e-02
8.839629e-02
8.844774e-02
8.849919e-02
8.855068e-02
8.860215e-02
8.865364e-02
8.870510e-02
8.875659e-02
8.880807e-02
8.885960e-02
8.891112e-02
8.896269e-02
8.901425e-02
8.906584e-02
8.911743e-02
8.916906e-02
8.922068e-02
8.927234e-02
8.932397e-02
8.937562e-02
8.942723e-02
8.947888e-02
8.953052e-02
8.957964e-02
8.962897e-02
8.967617e-02
8.972207e-02
8.976711e-02
8.981220e-02
8.985715e-02
8.990251e-02
8.994773e-02
8.999319e-02
9.003844e-02
9.008409e-02
9.012949e-02
9.017520e-02
9.022072e-02
9.026638e-02
9.031184e-02
9.035661e-02
9.040105e-02
9.044576e-02
9.049020e-02
9.053501e-02
9.057955e-02
9.062436e-02
9.066888e-02
9.071371e-02
9.075824e-02
9.080319e-02
9.084786e-02
9.089304e-02
9.093825e-02
9.098384e-02
9.102899e-02
9.107447e-02
9.111960e-02
9.116352e-02
9.120739e-02
9.125119e-02
9.129562e-02
9.134071e-02
9.138521e-02
9.142957e-02
9.147361e-02
9.151784e-02
9.156213e-02
9.160668e-02
9.165085e-02
9.169569e-02
9.174018e-02
9.178494e-02
9.182933e-02
9.187399e-02
9.191827e-02
9.196284e-02
9.200708e-02
9.205169e-02
9.209645e-02
9.214160e-02
9.218645e-02
9.223167e-02
9.227689e-02
9.232242e-02
9.236785e-02
9.241310e-02
9.245820e-02
9.250363e-02
9.254824e-02
9.259294e-02
9.263759e-02
9.268244e-02
9.272718e-02
9.277220e-02
9.281715e-02
9.286242e-02
9.290797e-02
9.295380e-02
9.299926e-02
9.304483e-02
9.309057e-02
9.313505e-02
9.317959e-02
9.322413e-02
9.326874e-02
9.331314e-02
9.335797e-02
9.340308e-02
9.344847e-02
9.349395e-02
9.353927e-02
9.358469e-02
9.363055e-02
9.367651e-02
9.372179e-02
9.376694e-02
9.381192e-02
9.385689e-02
9.390184e-02
9.394739e-02
9.399280e-02
9.403831e-02
9.408375e-02
9.412929e-02
9.417520e-02
9.422089e-02
9.426592e-02
9.431085e-02
9.435574e-02
9.440130e-02
9.444669e-02
9.449219e-02
9.453752e-02
9.458295e-02
9.462866e-02
9.467447e-02
9.471976e-02
9.476489e-02
9.480980e-02
9.485468e-02
9.490004e-02
9.494550e-02
9.499081e-02
9.503623e-02
9.508168e-02
9.512596e-02
9.517166e-02
9.521671e-02
9.526177e-02
9.530732e-02
9.535272e-02
9.539825e-02
9.544349e-02
9.548870e-02
9.553393e-02
9.557920e-02
9.562456e-02
9.567008e-02
9.571538e-02
9.575950e-02
9.580428e-02
9.584883e-02
9.589362e-02
9.593850e-02
9.598349e-02
9.602870e-02
9.607415e-02
9.611999e-02
9.616447e-02
9.620898e-02
9.625355e-02
9.629823e-02
9.634308e-02
9.638818e-02
9.643357e-02
9.647939e-02
9.652372e-02
9.656810e-02
9.661256e-02
9.665717e-02
9.670196e-02
9.674633e-02
9.679175e-02
9.683596e-02
9.688019e-02
9.692449e-02
9.696889e-02
9.701349e-02
9.705830e-02
9.710345e-02
9.714758e-02
9.719173e-02
9.723592e-02
9.728021e-02
9.732464e-02
9.736930e-02
9.741423e-02
9.745958e-02
9.750368e-02
9.754782e-02
9.759203e-02
9.763638e-02
9.768092e-02
9.772572e-02
9.777091e-02
9.781501e-02
9.785914e-02
9.790334e-02
9.794764e-02
9.799212e-02
9.803682e-02
9.808186e-02
9.812600e-02
9.817015e-02
9.821435e-02
9.825864e-02
9.830308e-02
9.834774e-02
9.839268e-02
9.843804e-02
9.848226e-02
9.852651e-02
9.857083e-02
9.861529e-02
9.865994e-02
9.870488e-02
9.875023e-02
9.879458e-02
9.883895e-02
9.888339e-02
9.892795e-02
9.897270e-02
9.901768e-02
9.906302e-02
9.910758e-02
9.915214e-02
9.919676e-02
9.924148e-02
9.928634e-02
9.933145e-02
9.937688e-02
9.942274e-02
9.946760e-02
9.951250e-02
9.955747e-02
9.960259e-02
9.964787e-02
9.969343e-02
9.973932e-02
9.978455e-02
9.982980e-02
9.987511e-02
9.992052e-02
9.996607e-02
1.000118e-01
1.000576e-01
1.001036e-01
1.001492e-01
1.001949e-01
1.002407e-01
1.002864e-01
1.003323e-01
1.003783e-01
1.004241e-01
1.004701e-01
1.005162e-01
1.005624e-01
1.006049e-01
1.006481e-01
1.006923e-01
1.007353e-01
1.007792e-01
1.008223e-01
1.008663e-01
1.009095e-01
1.009537e-01
1.009970e-01
1.010412e-01
1.010846e-01
1.011289e-01
1.011724e-01
1.012169e-01
1.012605e-01
1.013052e-01
1.013489e-01
1.013937e-01
1.014376e-01
1.014825e-01
1.015265e-01
1.015717e-01
1.016159e-01
1.016613e-01
1.017056e-01
1.017488e-01
1.017934e-01
1.018393e-01
1.018837e-01
1.019295e-01
1.019755e-01
1.020191e-01
1.020651e-01
1.021100e-01
1.021553e-01
1.022011e-01
1.022471e-01
1.022911e-01
1.023371e-01
1.023811e-01
1.024284e-01
1.024724e-01
1.025179e-01
1.025638e-01
1.026097e-01
1.026541e-01
1.027002e-01
1.027446e-01
1.027919e-01
1.028364e-01
1.028820e-01
1.029278e-01
1.029737e-01
1.030186e-01
1.030647e-01
1.031096e-01
1.031570e-01
1.032020e-01
1.032476e-01
1.032926e-01
1.033381e-01
1.033833e-01
1.034293e-01
1.034746e-01
1.035220e-01
1.035673e-01
1.036130e-01
1.036584e-01
1.037045e-01
1.037501e-01
1.037963e-01
1.038419e-01
1.038885e-01
1.039341e-01
1.039799e-01
1.040257e-01
1.040718e-01
1.041178e-01
1.041641e-01
1.042102e-01
1.042576e-01
1.043037e-01
1.043496e-01
1.043957e-01
1.044420e-01
1.044882e-01
1.045345e-01
1.045811e-01
1.046286e-01
1.046755e-01
1.047216e-01
1.047680e-01
1.048144e-01
1.048607e-01
1.049071e-01
1.049539e-01
1.050013e-01
1.050485e-01
1.050974e-01
1.051452e-01
1.051918e-01
1.052384e-01
1.052849e-01
1.053319e-01
1.053794e-01
1.054268e-01
1.054754e-01
1.055231e-01
1.055700e-01
1.056172e-01
1.056644e-01
1.057114e-01
1.057584e-01
1.058059e-01
1.058539e-01
1.059018e-01
1.059512e-01
1.059996e-01
1.060469e-01
1.060940e-01
1.061411e-01
1.061887e-01
1.062366e-01
1.062848e-01
1.063338e-01
1.063823e-01
1.064299e-01
1.064776e-01
1.065255e-01
1.065731e-01
1.066207e-01
1.066689e-01
1.067174e-01
1.067666e-01
1.068164e-01
1.068654e-01
1.069134e-01
1.069616e-01
1.070098e-01
1.070578e-01
1.071059e-01
1.071544e-01
1.072035e-01
1.072533e-01
1.073040e-01
1.073534e-01
1.074018e-01
1.074499e-01
1.074981e-01
1.075467e-01
1.075958e-01
1.076454e-01
1.076957e-01
1.077466e-01
1.077953e-01
1.078441e-01
1.078930e-01
1.079416e-01
1.079903e-01
1.080394e-01
1.080891e-01
1.081393e-01
1.081902e-01
1.082419e-01
1.082909e-01
1.083397e-01
1.083884e-01
1.084376e-01
1.084871e-01
1.085371e-01
1.085877e-01
1.086388e-01
1.086908e-01
1.087432e-01
1.087927e-01
1.088420e-01
1.088912e-01
1.089408e-01
1.089909e-01
1.090414e-01
1.090924e-01
1.091441e-01
1.091938e-01
1.092436e-01
1.092935e-01
1.093431e-01
1.093926e-01
1.094426e-01
1.094930e-01
1.095439e-01
1.095954e-01
1.096452e-01
1.096951e-01
1.097453e-01
1.097954e-01
1.098453e-01
1.098952e-01
1.099449e-01
1.099956e-01
1.100439e-01
1.100932e-01
1.101401e-01
1.101876e-01
1.102334e-01
1.102795e-01
1.103243e-01
1.103694e-01
1.104189e-01
1.104696e-01
1.105210e-01
1.105729e-01
1.106253e-01
1.106785e-01
1.107310e-01
1.107816e-01
1.108319e-01
1.108822e-01
1.109266e-01
1.109731e-01
1.110179e-01
1.110631e-01
1.111075e-01
1.111563e-01
1.112100e-01
1.112608e-01
1.113113e-01
1.113618e-01
1.114126e-01
1.114639e-01
1.115156e-01
1.115678e-01
1.116207e-01
1.116744e-01
1.117183e-01
1.117636e-01
1.118076e-01
1.118560e-01
1.118998e-01
1.119480e-01
1.119999e-01
1.120522e-01
1.121051e-01
1.121586e-01
1.122125e-01
1.122637e-01
1.123148e-01
1.123657e-01
1.124096e-01
1.124550e-01
1.124992e-01
1.125477e-01
1.125915e-01
1.126398e-01
1.126835e-01
1.127316e-01
1.127832e-01
1.128349e-01
1.128862e-01
1.129376e-01
1.129893e-01
1.130415e-01
1.130858e-01
1.131319e-01
1.131765e-01
1.132255e-01
1.132697e-01
1.133184e-01
1.133614e-01
1.134047e-01
1.134476e-01
1.134910e-01
1.135340e-01
1.135813e-01
1.136334e-01
1.136865e-01
1.137398e-01
1.137916e-01
1.138356e-01
1.138807e-01
1.139248e-01
1.139733e-01
1.140172e-01
1.140655e-01
1.141086e-01
1.141521e-01
1.141952e-01
1.142386e-01
1.142817e-01
1.143292e-01
1.143808e-01
1.144276e-01
1.144754e-01
1.145244e-01
1.145681e-01
1.146163e-01
1.146693e-01
1.147226e-01
1.147759e-01
1.148293e-01
1.148726e-01
1.149161e-01
1.149641e-01
1.150158e-01
1.150678e-01
1.151202e-01
1.151731e-01
1.152264e-01
1.152803e-01
1.153350e-01
1.153896e-01
1.154418e-01
1.154937e-01
1.155454e-01
1.155975e-01
1.156499e-01
1.156935e-01
1.157397e-01
1.157832e-01
1.158291e-01
1.158726e-01
1.159181e-01
1.159616e-01
1.160067e-01
1.160502e-01
1.160942e-01
1.161380e-01
1.161854e-01
1.162351e-01
1.162873e-01
1.163406e-01
1.163943e-01
1.164483e-01
1.165025e-01
1.165571e-01
1.166117e-01
1.166663e-01
1.167191e-01
1.167715e-01
1.168238e-01
1.168764e-01
1.169294e-01
1.169829e-01
1.170367e-01
1.170907e-01
1.171449e-01
1.171994e-01
1.172543e-01
1.173094e-01
1.173625e-01
1.174151e-01
1.174676e-01
1.175206e-01
1.175738e-01
1.176275e-01
1.176814e-01
1.177355e-01
1.177897e-01
1.178443e-01
1.178974e-01
1.179506e-01
1.180039e-01
1.180568e-01
1.181096e-01
1.181628e-01
1.182163e-01
1.182702e-01
1.183241e-01
1.183782e-01
1.184325e-01
1.184871e-01
1.185404e-01
1.185940e-01
1.186475e-01
1.187007e-01
1.187537e-01
1.188071e-01
1.188609e-01
1.189148e-01
1.189688e-01
1.190229e-01
1.190772e-01
1.191318e-01
1.191853e-01
1.192391e-01
1.192929e-01
1.193463e-01
1.193995e-01
1.194532e-01
1.195070e-01
1.195609e-01
1.196148e-01
1.196689e-01
1.197232e-01
1.197777e-01
1.198314e-01
1.198854e-01
1.199393e-01
1.199928e-01
1.200463e-01
1.201001e-01
1.201539e-01
1.202078e-01
1.202618e-01
1.203158e-01
1.203699e-01
1.204242e-01
1.204780e-01
1.205321e-01
1.205862e-01
1.206400e-01
1.206936e-01
1.207475e-01
1.208014e-01
1.208553e-01
1.209093e-01
1.209633e-01
1.210173e-01
1.210713e-01
1.211255e-01
1.211797e-01
1.212340e-01
1.212884e-01
1.213429e-01
1.213969e-01
1.214508e-01
1.215050e-01
1.215596e-01
1.216147e-01
1.216687e-01
1.217228e-01
1.217768e-01
1.218309e-01
1.218850e-01
1.219391e-01
1.219933e-01
1.220475e-01
1.221017e-01
1.221561e-01
1.222103e-01
1.222649e-01
1.223198e-01
1.223751e-01
1.224307e-01
1.224863e-01
1.225424e-01
1.225980e-01
1.226546e-01
1.227104e-01
1.227646e-01
1.228188e-01
1.228730e-01
1.229272e-01
1.229814e-01
1.230356e-01
1.230898e-01
1.231440e-01
1.231982e-01
1.232526e-01
1.233071e-01
1.233617e-01
1.234165e-01
1.234716e-01
1.235268e-01
1.235822e-01
1.236375e-01
1.236930e-01
1.237485e-01
1.238035e-01
1.238582e-01
1.239132e-01
1.239686e-01
1.240244e-01
1.240805e-01
1.241349e-01
1.241893e-01
1.242437e-01
1.242981e-01
1.243525e-01
1.244068e-01
1.244612e-01
1.245155e-01
1.245699e-01
1.246245e-01
1.246791e-01
1.247340e-01
1.247890e-01
1.248442e-01
1.248995e-01
1.249550e-01
1.250107e-01
1.250665e-01
1.251165e-01
1.251683e-01
1.252217e-01
1.252731e-01
1.253237e-01
1.253757e-01
1.254262e-01
1.254781e-01
1.255285e-01
1.255804e-01
1.256338e-01
1.256885e-01
1.257391e-01
1.257910e-01
1.258416e-01
1.258936e-01
1.259441e-01
1.259960e-01
1.260465e-01
1.260983e-01
1.261488e-01
1.262006e-01
1.262459e-01
1.262957e-01
1.263440e-01
1.263897e-01
1.264362e-01
1.264838e-01
1.265318e-01
1.265816e-01
1.266294e-01
1.266777e-01
1.267273e-01
1.267782e-01
1.268278e-01
1.268785e-01
1.269245e-01
1.269712e-01
1.270170e-01
1.270633e-01
1.271090e-01
1.271552e-01
1.272009e-01
1.272470e-01
1.272926e-01
1.273387e-01
1.273843e-01
1.274302e-01
1.274758e-01
1.275217e-01
1.275672e-01
1.276155e-01
1.276610e-01
1.277084e-01
1.277538e-01
1.277987e-01
1.278440e-01
1.278906e-01
1.279359e-01
1.279806e-01
1.280250e-01
1.280701e-01
1.281143e-01
1.281594e-01
1.282036e-01
1.282487e-01
1.282938e-01
1.283398e-01
1.283839e-01
1.284288e-01
1.284739e-01
1.285198e-01
1.285649e-01
1.286108e-01
1.286559e-01
1.287018e-01
1.287475e-01
1.287941e-01
1.288390e-01
1.288849e-01
1.289305e-01
1.289764e-01
1.290219e-01
1.290677e-01
1.291131e-01
1.291584e-01
1.292048e-01
1.292522e-01
1.292973e-01
1.293427e-01
1.293889e-01
1.294360e-01
1.294809e-01
1.295262e-01
1.295711e-01
1.296181e-01
1.296630e-01
1.297094e-01
1.297542e-01
1.298004e-01
1.298475e-01
1.298929e-01
1.299377e-01
1.299834e-01
1.300281e-01
1.300738e-01
1.301208e-01
1.301684e-01
1.302133e-01
1.302595e-01
1.303074e-01
1.303531e-01
1.304004e-01
1.304482e-01
1.304938e-01
1.305414e-01
1.305912e-01
1.306391e-01
1.306857e-01
1.307348e-01
1.307863e-01
1.308356e-01
1.308874e-01
1.309373e-01
1.309897e-01
1.310393e-01
1.310929e-01
1.311499e-01
1.312021e-01
1.312421e-01
1.312830e-01
1.313229e-01
1.313625e-01
1.314025e-01
1.314464e-01
1.314948e-01
1.315479e-01
1.316033e-01
1.316558e-01
1.317094e-01
1.317605e-01
1.318144e-01
1.318640e-01
1.319166e-01
1.319654e-01
1.320171e-01
1.320653e-01
1.321164e-01
1.321641e-01
1.322147e-01
1.322621e-01
1.323115e-01
1.323587e-01
1.324080e-01
1.324550e-01
1.325031e-01
1.325500e-01
1.325980e-01
1.326446e-01
1.326931e-01
1.327394e-01
1.327869e-01
1.328332e-01
1.328806e-01
1.329305e-01
1.329830e-01
1.330379e-01
1.330949e-01
1.331523e-01
1.332098e-01
1.332673e-01
1.333248e-01
1.333823e-01
1.334399e-01
1.334976e-01
1.335553e-01
1.336105e-01
1.336686e-01
1.337272e-01
1.337863e-01
1.338416e-01
1.339017e-01
1.339570e-01
1.340130e-01
1.340539e-01
1.340964e-01
1.341406e-01
1.341830e-01
1.342269e-01
1.342696e-01
1.343117e-01
1.343554e-01
1.343977e-01
1.344416e-01
1.344840e-01
1.345282e-01
1.345684e-01
1.346126e-01
1.346528e-01
1.346971e-01
1.347375e-01
1.347819e-01
1.348277e-01
1.348760e-01
1.349212e-01
1.349687e-01
1.350100e-01
1.350555e-01
1.350997e-01
1.351453e-01
1.351889e-01
1.352330e-01
1.352761e-01
1.353195e-01
1.353604e-01
1.354016e-01
1.354420e-01
1.354863e-01
1.355270e-01
1.355717e-01
1.356127e-01
1.356578e-01
1.356992e-01
1.357445e-01
1.357862e-01
1.358314e-01
1.358735e-01
1.359187e-01
1.359596e-01
1.360021e-01
1.360459e-01
1.360881e-01
1.361317e-01
1.361742e-01
1.362151e-01
1.362584e-01
1.362993e-01
1.363427e-01
1.363841e-01
1.364277e-01
1.364692e-01
1.365124e-01
1.365528e-01
1.365953e-01
1.366366e-01
1.366782e-01
1.367195e-01
1.367612e-01
1.368025e-01
1.368442e-01
1.368856e-01
1.369273e-01
1.369698e-01
1.370166e-01
1.370671e-01
1.371188e-01
1.371668e-01
1.372170e-01
1.372656e-01
1.373157e-01
1.373639e-01
1.374127e-01
1.374575e-01
1.375056e-01
1.375530e-01
1.376019e-01
1.376486e-01
1.376973e-01
1.377439e-01
1.377914e-01
1.378373e-01
1.378836e-01
1.379294e-01
1.379753e-01
1.380209e-01
1.380666e-01
1.381120e-01
1.381576e-01
1.382031e-01
1.382488e-01
1.382945e-01
1.383447e-01
1.384000e-01
1.384582e-01
1.385132e-01
1.385698e-01
1.386246e-01
1.386808e-01
1.387263e-01
1.387721e-01
1.388185e-01
1.388696e-01
1.389226e-01
1.389770e-01
1.390290e-01
1.390823e-01
1.391335e-01
1.391858e-01
1.392365e-01
1.392881e-01
1.393302e-01
1.393737e-01
1.394186e-01
1.394619e-01
1.395064e-01
1.395498e-01
1.395945e-01
1.396381e-01
1.396830e-01
1.397267e-01
1.397718e-01
1.398157e-01
1.398610e-01
1.399051e-01
1.399506e-01
1.399949e-01
1.400409e-01
1.400854e-01
1.401317e-01
1.401766e-01
1.402231e-01
1.402684e-01
1.403157e-01
1.403615e-01
1.404096e-01
1.404560e-01
1.405048e-01
1.405510e-01
1.405999e-01
1.406513e-01
1.407003e-01
1.407518e-01
1.408010e-01
1.408526e-01
1.409019e-01
1.409537e-01
1.410031e-01
1.410551e-01
1.411047e-01
1.411569e-01
1.412067e-01
1.412592e-01
1.413092e-01
1.413621e-01
1.414123e-01
1.414648e-01
1.415155e-01
1.415675e-01
1.416187e-01
1.416710e-01
1.417224e-01
1.417751e-01
1.418268e-01
1.418797e-01
1.419316e-01
1.419846e-01
1.420366e-01
1.420899e-01
1.421421e-01
1.421955e-01
1.422479e-01
1.423015e-01
1.423539e-01
1.424075e-01
1.424490e-01
1.424920e-01
1.425362e-01
1.425789e-01
1.426228e-01
1.426656e-01
1.427097e-01
1.427528e-01
1.427971e-01
1.428403e-01
1.428848e-01
1.429282e-01
1.429730e-01
1.430166e-01
1.430617e-01
1.431056e-01
1.431510e-01
1.431952e-01
1.432411e-01
1.432888e-01
1.433387e-01
1.433909e-01
1.434447e-01
1.434993e-01
1.435539e-01
1.436093e-01
1.436650e-01
1.437216e-01
1.437763e-01
1.438324e-01
1.438847e-01
1.439407e-01
1.439955e-01
1.440515e-01
1.441063e-01
1.441624e-01
1.442171e-01
1.442732e-01
1.443279e-01
1.443839e-01
1.444387e-01
1.444946e-01
1.445494e-01
1.446053e-01
1.446600e-01
1.447160e-01
1.447707e-01
1.448266e-01
1.448677e-01
1.449101e-01
1.449537e-01
1.449958e-01
1.450389e-01
1.450811e-01
1.451245e-01
1.451668e-01
1.452102e-01
1.452527e-01
1.452962e-01
1.453388e-01
1.453825e-01
1.454252e-01
1.454691e-01
1.455119e-01
1.455560e-01
1.455990e-01
1.456434e-01
1.456866e-01
1.457313e-01
1.457748e-01
1.458199e-01
1.458637e-01
1.459092e-01
1.459567e-01
1.460063e-01
1.460581e-01
1.461120e-01
1.461673e-01
1.462238e-01
1.462809e-01
1.463381e-01
1.463934e-01
1.464500e-01
1.465074e-01
1.465651e-01
1.466203e-01
1.466769e-01
1.467349e-01
1.467938e-01
1.468491e-01
1.469057e-01
1.469637e-01
1.470229e-01
1.470820e-01
1.471414e-01
1.472010e-01
1.472570e-01
1.473131e-01
1.473693e-01
1.474255e-01
1.474817e-01
1.475380e-01
1.475943e-01
1.476507e-01
1.477071e-01
1.477636e-01
1.478201e-01
1.478768e-01
1.479335e-01
1.479903e-01
1.480472e-01
1.481042e-01
1.481614e-01
1.482187e-01
1.482761e-01
1.483339e-01
1.483922e-01
1.484495e-01
1.485087e-01
1.485661e-01
1.486255e-01
1.486829e-01
1.487404e-01
1.488000e-01
1.488576e-01
1.489150e-01
1.489723e-01
1.490295e-01
1.490868e-01
1.491440e-01
1.492012e-01
1.492573e-01
1.493135e-01
1.493698e-01
1.494260e-01
1.494823e-01
1.495385e-01
1.495948e-01
1.496511e-01
1.497075e-01
1.497638e-01
1.498202e-01
1.498764e-01
1.499328e-01
1.499890e-01
1.500453e-01
1.501015e-01
1.501578e-01
1.502141e-01
1.502705e-01
1.503269e-01
1.503811e-01
1.504355e-01
1.504900e-01
1.505433e-01
1.505974e-01
1.506516e-01
1.507060e-01
1.507608e-01
1.508157e-01
1.508695e-01
1.509243e-01
1.509794e-01
1.510338e-01
1.510876e-01
1.511425e-01
1.511960e-01
1.512498e-01
1.513032e-01
1.513570e-01
1.514104e-01
1.514642e-01
1.515175e-01
1.515718e-01
1.516274e-01
1.516808e-01
1.517343e-01
1.517878e-01
1.518417e-01
1.518957e-01
1.519501e-01
1.520047e-01
1.520590e-01
1.521132e-01
1.521677e-01
1.522223e-01
1.522773e-01
1.523324e-01
1.523714e-01
1.524143e-01
1.524533e-01
1.524962e-01
1.525435e-01
1.525954e-01
1.526345e-01
1.526775e-01
1.527249e-01
1.527707e-01
1.528211e-01
1.528741e-01
1.529133e-01
1.529528e-01
1.529920e-01
1.530315e-01
1.530707e-01
1.531103e-01
1.531495e-01
1.531892e-01
1.532285e-01
1.532693e-01
1.533121e-01
1.533572e-01
1.534051e-01
1.534558e-01
1.535085e-01
1.535623e-01
1.536150e-01
1.536686e-01
1.537213e-01
1.537750e-01
1.538276e-01
1.538814e-01
1.539366e-01
1.539926e-01
1.540487e-01
1.541042e-01
1.541591e-01
1.542137e-01
1.542686e-01
1.543237e-01
1.543792e-01
1.544350e-01
1.544911e-01
1.545476e-01
1.546040e-01
1.546606e-01
1.547171e-01
1.547736e-01
1.548300e-01
1.548847e-01
1.549397e-01
1.549947e-01
1.550495e-01
1.551041e-01
1.551589e-01
1.552139e-01
1.552694e-01
1.553251e-01
1.553809e-01
1.554362e-01
1.554917e-01
1.555473e-01
1.556031e-01
1.556589e-01
1.557148e-01
1.557705e-01
1.558262e-01
1.558818e-01
1.559374e-01
1.559931e-01
1.560481e-01
1.561029e-01
1.561580e-01
1.562133e-01
1.562687e-01
1.563240e-01
1.563794e-01
1.564348e-01
1.564902e-01
1.565456e-01
1.566008e-01
1.566560e-01
1.567112e-01
1.567662e-01
1.568213e-01
1.568765e-01
1.569315e-01
1.569865e-01
1.570415e-01
1.570964e-01
1.571517e-01
1.572065e-01
1.572613e-01
1.573161e-01
1.573728e-01
1.574276e-01
1.574846e-01
1.575393e-01
1.575964e-01
1.576536e-01
1.577108e-01
1.577654e-01
1.578224e-01
1.578770e-01
1.579331e-01
1.579876e-01
1.580431e-01
1.580983e-01
1.581537e-01
1.582082e-01
1.582633e-01
1.583177e-01
1.583725e-01
1.584272e-01
1.584818e-01
1.585366e-01
1.585913e-01
1.586462e-01
1.587011e-01
1.587554e-01
1.588103e-01
1.588645e-01
1.589190e-01
1.589733e-01
1.590275e-01
1.590815e-01
1.591355e-01
1.591894e-01
1.592433e-01
1.592971e-01
1.593509e-01
1.594048e-01
1.594587e-01
1.594989e-01
1.595400e-01
1.595821e-01
1.596217e-01
1.596622e-01
1.597018e-01
1.597423e-01
1.597819e-01
1.598223e-01
1.598619e-01
1.599023e-01
1.599419e-01
1.599823e-01
1.600218e-01
1.600622e-01
1.601018e-01
1.601421e-01
1.601816e-01
1.602219e-01
1.602614e-01
1.603018e-01
1.603412e-01
1.603813e-01
1.604208e-01
1.604609e-01
1.605004e-01
1.605405e-01
1.605799e-01
1.606202e-01
1.606597e-01
1.607000e-01
1.607395e-01
1.607798e-01
1.608193e-01
1.608596e-01
1.608991e-01
1.609395e-01
1.609790e-01
1.610193e-01
1.610588e-01
1.610992e-01
1.611388e-01
1.611792e-01
1.612188e-01
1.612593e-01
1.612989e-01
1.613394e-01
1.613790e-01
1.614196e-01
1.614593e-01
1.614999e-01
1.615396e-01
1.615803e-01
1.616201e-01
1.616609e-01
1.617007e-01
1.617415e-01
1.617813e-01
1.618223e-01
1.618621e-01
1.619031e-01
1.619429e-01
1.619841e-01
1.620239e-01
1.620653e-01
1.621051e-01
1.621488e-01
1.621886e-01
1.622324e-01
1.622722e-01
1.623160e-01
1.623558e-01
1.623996e-01
1.624394e-01
1.624832e-01
1.625314e-01
1.625844e-01
1.626416e-01
1.626988e-01
1.627560e-01
1.628131e-01
1.628703e-01
1.629274e-01
1.629845e-01
1.630416e-01
1.630987e-01
1.631557e-01
1.632128e-01
1.632699e-01
1.633091e-01
1.633493e-01
1.633906e-01
1.634306e-01
1.634702e-01
1.635107e-01
1.635504e-01
1.635910e-01
1.636307e-01
1.636714e-01
1.637111e-01
1.637519e-01
1.637942e-01
1.638385e-01
1.638851e-01
1.639343e-01
1.639863e-01
1.640410e-01
1.640982e-01
1.641554e-01
1.642127e-01
1.642700e-01
1.643095e-01
1.643497e-01
1.643907e-01
1.644306e-01
1.644712e-01
1.645111e-01
1.645517e-01
1.645916e-01
1.646322e-01
1.646720e-01
1.647127e-01
1.647525e-01
1.647917e-01
1.648316e-01
1.648722e-01
1.649121e-01
1.649516e-01
1.649918e-01
1.650313e-01
1.650712e-01
1.651107e-01
1.651512e-01
1.651933e-01
1.652332e-01
1.652738e-01
1.653154e-01
1.653579e-01
1.654015e-01
1.654464e-01
1.654927e-01
1.655404e-01
1.655898e-01
1.656407e-01
1.656931e-01
1.657455e-01
1.657973e-01
1.658490e-01
1.659004e-01
1.659517e-01
1.660029e-01
1.660541e-01
1.661051e-01
1.661613e-01
1.662124e-01
1.662685e-01
1.663255e-01
1.663824e-01
1.664389e-01
1.664957e-01
1.665518e-01
1.666079e-01
1.666636e-01
1.667192e-01
1.667746e-01
1.668297e-01
1.668842e-01
1.669384e-01
1.669921e-01
1.670455e-01
1.670986e-01
1.671515e-01
1.672042e-01
1.672569e-01
1.673093e-01
1.673618e-01
1.674141e-01
1.674665e-01
1.675188e-01
1.675711e-01
1.676233e-01
1.676803e-01
1.677367e-01
1.677911e-01
1.678471e-01
1.679044e-01
1.679599e-01
1.680164e-01
1.680721e-01
1.681288e-01
1.681846e-01
1.682414e-01
1.682973e-01
1.683538e-01
1.684098e-01
1.684653e-01
1.685202e-01
1.685748e-01
1.686290e-01
1.686829e-01
1.687366e-01
1.687902e-01
1.688436e-01
1.688969e-01
1.689501e-01
1.690033e-01
1.690564e-01
1.691095e-01
1.691625e-01
1.692156e-01
1.692686e-01
1.693268e-01
1.693856e-01
1.694414e-01
1.694817e-01
1.695228e-01
1.695649e-01
1.696047e-01
1.696452e-01
1.696851e-01
1.697256e-01
1.697655e-01
1.698061e-01
1.698459e-01
1.698866e-01
1.699264e-01
1.699671e-01
1.700070e-01
1.700477e-01
1.700876e-01
1.701283e-01
1.701682e-01
1.702089e-01
1.702488e-01
1.702896e-01
1.703296e-01
1.703704e-01
1.704089e-01
1.704497e-01
1.704882e-01
1.705279e-01
1.705680e-01
1.706089e-01
1.706489e-01
1.706899e-01
1.707300e-01
1.707710e-01
1.708112e-01
1.708523e-01
1.708925e-01
1.709337e-01
1.709739e-01
1.710151e-01
1.710555e-01
1.710968e-01
1.711354e-01
1.711767e-01
1.712153e-01
1.712571e-01
1.712957e-01
1.713370e-01
1.713756e-01
1.714166e-01
1.714617e-01
1.715113e-01
1.715659e-01
1.716204e-01
1.716590e-01
1.716985e-01
1.717371e-01
1.717763e-01
1.718149e-01
1.718542e-01
1.718928e-01
1.719320e-01
1.719706e-01
1.720099e-01
1.720485e-01
1.720878e-01
1.721264e-01
1.721657e-01
1.722043e-01
1.722436e-01
1.722822e-01
1.723216e-01
1.723602e-01
1.723995e-01
1.724382e-01
1.724775e-01
1.725162e-01
1.725587e-01
1.726054e-01
1.726569e-01
1.727135e-01
1.727702e-01
1.728272e-01
1.728842e-01
1.729415e-01
1.729990e-01
1.730566e-01
1.731144e-01
1.731723e-01
1.732303e-01
1.732878e-01
1.733451e-01
1.734025e-01
1.734600e-01
1.735178e-01
1.735756e-01
1.736336e-01
1.736916e-01
1.737495e-01
1.738072e-01
1.738460e-01
1.738855e-01
1.739257e-01
1.739669e-01
1.740057e-01
1.740451e-01
1.740839e-01
1.741234e-01
1.741621e-01
1.742013e-01
1.742400e-01
1.742792e-01
1.743179e-01
1.743571e-01
1.743958e-01
1.744385e-01
1.744854e-01
1.745370e-01
1.745922e-01
1.746529e-01
1.747143e-01
1.747706e-01
1.748271e-01
1.748836e-01
1.749223e-01
1.749650e-01
1.750037e-01
1.750428e-01
1.750816e-01
1.751207e-01
1.751595e-01
1.751986e-01
1.752374e-01
1.752765e-01
1.753153e-01
1.753544e-01
1.753932e-01
1.754323e-01
1.754711e-01
1.755102e-01
1.755490e-01
1.755882e-01
1.756270e-01
1.756661e-01
1.757049e-01
1.757441e-01
1.757829e-01
1.758221e-01
1.758609e-01
1.759036e-01
1.759506e-01
1.760023e-01
1.760592e-01
1.761174e-01
1.761572e-01
1.761980e-01
1.762397e-01
1.762826e-01
1.763226e-01
1.763636e-01
1.764056e-01
1.764463e-01
1.764880e-01
1.765309e-01
1.765712e-01
1.766126e-01
1.766525e-01
1.766933e-01
1.767350e-01
1.767755e-01
1.768157e-01
1.768562e-01
1.768963e-01
1.769369e-01
1.769785e-01
1.770193e-01
1.770582e-01
1.770990e-01
1.771380e-01
1.771789e-01
1.772179e-01
1.772589e-01
1.772979e-01
1.773373e-01
1.773763e-01
1.774156e-01
1.774546e-01
1.774940e-01
1.775330e-01
1.775724e-01
1.776114e-01
1.776508e-01
1.776898e-01
1.777292e-01
1.777683e-01
1.778077e-01
1.778467e-01
1.778861e-01
1.779252e-01
1.779646e-01
1.780037e-01
1.780445e-01
1.780836e-01
1.781243e-01
1.781635e-01
1.782042e-01
1.782433e-01
1.782855e-01
1.783318e-01
1.783828e-01
1.784336e-01
1.784859e-01
1.785392e-01
1.785932e-01
1.786478e-01
1.787031e-01
1.787598e-01
1.788166e-01
1.788743e-01
1.789310e-01
1.789884e-01
1.790451e-01
1.791019e-01
1.791588e-01
1.792157e-01
1.792725e-01
1.793294e-01
1.793861e-01
1.794429e-01
1.794996e-01
1.795547e-01
1.796113e-01
1.796665e-01
1.797233e-01
1.797785e-01
1.798352e-01
1.798905e-01
1.799471e-01
1.800037e-01
1.800604e-01
1.801170e-01
1.801735e-01
1.802129e-01
1.802529e-01
1.802923e-01
1.803323e-01
1.803717e-01
1.804114e-01
1.804508e-01
1.804905e-01
1.805299e-01
1.805696e-01
1.806090e-01
1.806488e-01
1.806882e-01
1.807280e-01
1.807674e-01
1.808076e-01
1.808470e-01
1.808872e-01
1.809266e-01
1.809668e-01
1.810063e-01
1.810465e-01
1.810860e-01
1.811262e-01
1.811657e-01
1.812059e-01
1.812454e-01
1.812857e-01
1.813252e-01
1.813655e-01
1.814051e-01
1.814454e-01
1.814849e-01
1.815253e-01
1.815648e-01
1.816052e-01
1.816448e-01
1.816852e-01
1.817248e-01
1.817652e-01
1.818049e-01
1.818453e-01
1.818850e-01
1.819255e-01
1.819652e-01
1.820057e-01
1.820454e-01
1.820860e-01
1.821257e-01
1.821663e-01
1.822061e-01
1.822468e-01
1.822866e-01
1.823273e-01
1.823672e-01
1.824079e-01
1.824479e-01
1.824887e-01
1.825287e-01
1.825696e-01
1.826096e-01
1.826506e-01
1.826906e-01
1.827317e-01
1.827719e-01
1.828130e-01
1.828533e-01
1.828945e-01
1.829348e-01
1.829762e-01
1.830167e-01
1.830582e-01
1.830987e-01
1.831404e-01
1.831811e-01
1.832230e-01
1.832638e-01
1.833059e-01
1.833495e-01
1.833949e-01
1.834424e-01
1.834921e-01
1.835442e-01
1.835985e-01
1.836547e-01
1.837107e-01
1.837668e-01
1.838230e-01
1.838791e-01
1.839357e-01
1.839926e-01
1.840495e-01
1.841065e-01
1.841635e-01
1.842205e-01
1.842753e-01
1.843303e-01
1.843854e-01
1.844408e-01
1.844965e-01
1.845525e-01
1.846087e-01
1.846648e-01
1.847210e-01
1.847775e-01
1.848343e-01
1.848912e-01
1.849483e-01
1.849885e-01
1.850300e-01
1.850728e-01
1.851142e-01
1.851568e-01
1.851983e-01
1.852413e-01
1.852831e-01
1.853264e-01
1.853713e-01
1.854182e-01
1.854674e-01
1.855191e-01
1.855730e-01
1.856130e-01
1.856569e-01
1.856969e-01
1.857408e-01
1.857807e-01
1.858247e-01
1.858646e-01
1.859085e-01
1.859485e-01
1.859924e-01
1.860324e-01
1.860764e-01
1.861164e-01
1.861603e-01
1.862003e-01
1.862444e-01
1.862844e-01
1.863284e-01
1.863684e-01
1.864125e-01
1.864526e-01
1.864966e-01
1.865367e-01
1.865808e-01
1.866210e-01
1.866651e-01
1.867052e-01
1.867494e-01
1.867896e-01
1.868338e-01
1.868740e-01
1.869180e-01
1.869583e-01
1.870020e-01
1.870423e-01
1.870857e-01
1.871261e-01
1.871693e-01
1.872097e-01
1.872528e-01
1.872933e-01
1.873362e-01
1.873767e-01
1.874196e-01
1.874602e-01
1.875030e-01
1.875436e-01
1.875864e-01
1.876316e-01
1.876798e-01
1.877314e-01
1.877870e-01
1.878446e-01
1.879023e-01
1.879606e-01
1.880161e-01
1.880717e-01
1.881273e-01
1.881822e-01
1.882369e-01
1.882919e-01
1.883471e-01
1.884027e-01
1.884587e-01
1.885149e-01
1.885696e-01
1.886245e-01
1.886794e-01
1.887346e-01
1.887899e-01
1.888454e-01
1.889008e-01
1.889564e-01
1.890119e-01
1.890668e-01
1.891214e-01
1.891763e-01
1.892314e-01
1.892869e-01
1.893424e-01
1.893979e-01
1.894534e-01
1.895089e-01
1.895643e-01
1.896198e-01
1.896754e-01
1.897310e-01
1.897866e-01
1.898423e-01
1.898978e-01
1.899533e-01
1.900088e-01
1.900637e-01
1.901182e-01
1.901731e-01
1.902281e-01
1.902685e-01
1.903101e-01
1.903530e-01
1.903943e-01
1.904369e-01
1.904783e-01
1.905209e-01
1.905625e-01
1.906052e-01
1.906469e-01
1.906898e-01
1.907316e-01
1.907746e-01
1.908166e-01
1.908598e-01
1.909020e-01
1.909455e-01
1.909878e-01
1.910316e-01
1.910742e-01
1.911184e-01
1.911643e-01
1.912045e-01
1.912454e-01
1.912856e-01
1.913261e-01
1.913662e-01
1.914071e-01
1.914472e-01
1.914880e-01
1.915329e-01
1.915824e-01
1.916239e-01
1.916669e-01
1.917078e-01
1.917510e-01
1.917959e-01
1.918391e-01
1.918815e-01
1.919253e-01
1.919713e-01
1.920153e-01
1.920611e-01
1.921057e-01
1.921497e-01
1.921950e-01
1.922413e-01
1.922871e-01
1.923327e-01
1.923793e-01
1.924198e-01
1.924643e-01
1.925101e-01
1.925570e-01
1.926029e-01
1.926498e-01
1.926957e-01
1.927426e-01
1.927885e-01
1.928355e-01
1.928763e-01
1.929212e-01
1.929670e-01
1.930138e-01
1.930550e-01
1.931004e-01
1.931463e-01
1.931910e-01
1.932368e-01
1.932837e-01
1.933258e-01
1.933712e-01
1.934172e-01
1.934621e-01
1.935080e-01
1.935550e-01
1.936014e-01
1.936489e-01
1.936957e-01
1.937436e-01
1.937906e-01
1.938388e-01
1.938860e-01
1.939344e-01
1.939817e-01
1.940303e-01
1.940801e-01
1.941312e-01
1.941855e-01
1.942408e-01
1.942966e-01
1.943519e-01
1.944080e-01
1.944643e-01
1.945207e-01
1.945775e-01
1.946345e-01
1.946918e-01
1.947493e-01
1.948073e-01
1.948627e-01
1.949180e-01
1.949727e-01
1.950217e-01
1.950736e-01
1.951277e-01
1.951796e-01
1.952333e-01
1.952866e-01
1.953410e-01
1.953953e-01
1.954506e-01
1.955056e-01
1.955619e-01
1.956170e-01
1.956736e-01
1.957292e-01
1.957862e-01
1.958418e-01
1.958974e-01
1.959539e-01
1.960091e-01
1.960638e-01
1.961181e-01
1.961727e-01
1.962274e-01
1.962825e-01
1.963379e-01
1.963937e-01
1.964497e-01
1.965049e-01
1.965609e-01
1.966172e-01
1.966738e-01
1.967305e-01
1.967876e-01
1.968449e-01
1.969027e-01
1.969606e-01
1.970158e-01
1.970703e-01
1.971245e-01
1.971790e-01
1.972336e-01
1.972886e-01
1.973439e-01
1.973995e-01
1.974553e-01
1.975112e-01
1.975672e-01
1.976234e-01
1.976799e-01
1.977366e-01
1.977938e-01
1.978512e-01
1.979061e-01
1.979611e-01
1.980160e-01
1.980703e-01
1.981243e-01
1.981785e-01
1.982330e-01
1.982879e-01
1.983431e-01
1.983985e-01
1.984541e-01
1.985100e-01
1.985663e-01
1.986228e-01
1.986797e-01
1.987368e-01
1.987915e-01
1.988463e-01
1.989010e-01
1.989551e-01
1.990089e-01
1.990630e-01
1.991173e-01
1.991720e-01
1.992270e-01
1.992824e-01
1.993381e-01
1.993939e-01
1.994498e-01
1.995060e-01
1.995626e-01
1.996195e-01
1.996741e-01
1.997288e-01
1.997834e-01
1.998374e-01
1.998911e-01
1.999451e-01
1.999993e-01
2.000540e-01
2.001090e-01
