#   1 : Date        
# Date        
0.000000e+00
1.807392e-05
2.865299e-05
3.680825e-05
4.331462e-05
4.906367e-05
5.538763e-05
6.204872e-05
6.795979e-05
7.446196e-05
8.161436e-05
8.947053e-05
9.702468e-05
1.053342e-04
1.143002e-04
1.241628e-04
1.337027e-04
1.436480e-04
1.545879e-04
1.657374e-04
1.769297e-04
1.886124e-04
2.010176e-04
2.132284e-04
2.257171e-04
2.388127e-04
2.521957e-04
2.655017e-04
2.797183e-04
2.939297e-04
3.084532e-04
3.235230e-04
3.388720e-04
3.545256e-04
3.707045e-04
3.871136e-04
4.039712e-04
4.213429e-04
4.389057e-04
4.566041e-04
4.748726e-04
4.934284e-04
5.123968e-04
5.317204e-04
5.513472e-04
5.713195e-04
5.916317e-04
6.121877e-04
6.330631e-04
6.541431e-04
6.756129e-04
6.973298e-04
7.193540e-04
7.416524e-04
7.642145e-04
7.870888e-04
8.102207e-04
8.336410e-04
8.572999e-04
8.811975e-04
9.052984e-04
9.296850e-04
9.542344e-04
9.790738e-04
1.004107e-03
1.029433e-03
1.054937e-03
1.080786e-03
1.106828e-03
1.133123e-03
1.159624e-03
1.186464e-03
1.213485e-03
1.240745e-03
1.268213e-03
1.295923e-03
1.323861e-03
1.352053e-03
1.380427e-03
1.409065e-03
1.437917e-03
1.467083e-03
1.496472e-03
1.526126e-03
1.555964e-03
1.586157e-03
1.616605e-03
1.647287e-03
1.678149e-03
1.709331e-03
1.740719e-03
1.772176e-03
1.803794e-03
1.835622e-03
1.867602e-03
1.899875e-03
1.932477e-03
1.965120e-03
1.998093e-03
2.031272e-03
2.064625e-03
2.098278e-03
2.132152e-03
2.166096e-03
2.200218e-03
2.234613e-03
2.269156e-03
2.304035e-03
2.339154e-03
2.374341e-03
2.409910e-03
2.445536e-03
2.481298e-03
2.517257e-03
2.553563e-03
2.589879e-03
2.626441e-03
2.663275e-03
2.700239e-03
2.737218e-03
2.774286e-03
2.811384e-03
2.848464e-03
2.885545e-03
2.922654e-03
2.959773e-03
2.996956e-03
3.034185e-03
3.071426e-03
3.108658e-03
3.145912e-03
3.183198e-03
3.220536e-03
3.257870e-03
3.295200e-03
3.332536e-03
3.369894e-03
3.407260e-03
3.444668e-03
3.482147e-03
3.519673e-03
3.557183e-03
3.594705e-03
3.632233e-03
3.669785e-03
3.707361e-03
3.744979e-03
3.782656e-03
3.820390e-03
3.858179e-03
3.895974e-03
3.933780e-03
3.971613e-03
4.009467e-03
4.047361e-03
4.085306e-03
4.123305e-03
4.161376e-03
4.199514e-03
4.237739e-03
4.276041e-03
4.314375e-03
4.352763e-03
4.391183e-03
4.429648e-03
4.468167e-03
4.506740e-03
4.545383e-03
4.584094e-03
4.622892e-03
4.661770e-03
4.700738e-03
4.739795e-03
4.778951e-03
4.818211e-03
4.857580e-03
4.897008e-03
4.936562e-03
4.976227e-03
5.016040e-03
5.055974e-03
5.096068e-03
5.136308e-03
5.176716e-03
5.217294e-03
5.258054e-03
5.298898e-03
5.339959e-03
5.381206e-03
5.422705e-03
5.464406e-03
5.506366e-03
5.548551e-03
5.590969e-03
5.633478e-03
5.676268e-03
5.719278e-03
5.762600e-03
5.806189e-03
5.850104e-03
5.894337e-03
5.938919e-03
5.983870e-03
6.028940e-03
6.074401e-03
6.120168e-03
6.166087e-03
6.212199e-03
6.258463e-03
6.304919e-03
6.351502e-03
6.398256e-03
6.445149e-03
6.491984e-03
6.538814e-03
6.585634e-03
6.632479e-03
6.679338e-03
6.726244e-03
6.773153e-03
6.820047e-03
6.866960e-03
6.913930e-03
6.960908e-03
7.007964e-03
7.055056e-03
7.102123e-03
7.149236e-03
7.196399e-03
7.243601e-03
7.290889e-03
7.338237e-03
7.385648e-03
7.433130e-03
7.480701e-03
7.528326e-03
7.576025e-03
7.623137e-03
7.669844e-03
7.716377e-03
7.762280e-03
7.808021e-03
7.853451e-03
7.898491e-03
7.943181e-03
7.987737e-03
8.031940e-03
8.075857e-03
8.119650e-03
8.163144e-03
8.206395e-03
8.249546e-03
8.292281e-03
8.334891e-03
8.377372e-03
8.419548e-03
8.461617e-03
8.503582e-03
8.545372e-03
8.587083e-03
8.628679e-03
8.669252e-03
8.706468e-03
8.741308e-03
8.773898e-03
8.805315e-03
8.835546e-03
8.864884e-03
8.893307e-03
8.920886e-03
8.946898e-03
8.971827e-03
8.996430e-03
9.020817e-03
9.045332e-03
9.069907e-03
9.094568e-03
9.119303e-03
9.144121e-03
9.168967e-03
9.193842e-03
9.218700e-03
9.243555e-03
9.268350e-03
9.293118e-03
9.317810e-03
9.342458e-03
9.367021e-03
9.391529e-03
9.415947e-03
9.440305e-03
9.464574e-03
9.488781e-03
9.512901e-03
9.536961e-03
9.560939e-03
9.584860e-03
9.608706e-03
9.632499e-03
9.656225e-03
9.679906e-03
9.703527e-03
9.727110e-03
9.750645e-03
9.774149e-03
9.797614e-03
9.821059e-03
9.844476e-03
9.867882e-03
9.891272e-03
9.914659e-03
9.938038e-03
9.961422e-03
9.984809e-03
1.000821e-02
1.003163e-02
1.005506e-02
1.007853e-02
1.010202e-02
1.012555e-02
1.014912e-02
1.017273e-02
1.019639e-02
1.022009e-02
1.024385e-02
1.026766e-02
1.029153e-02
1.031545e-02
1.033943e-02
1.036348e-02
1.038759e-02
1.041176e-02
1.043599e-02
1.046030e-02
1.048467e-02
1.050911e-02
1.053362e-02
1.055820e-02
1.058286e-02
1.060759e-02
1.063240e-02
1.065729e-02
1.068226e-02
1.070731e-02
1.073245e-02
1.075767e-02
1.078299e-02
1.080840e-02
1.083390e-02
1.085950e-02
1.088519e-02
1.091099e-02
1.093689e-02
1.096290e-02
1.098901e-02
1.101524e-02
1.104158e-02
1.106804e-02
1.109461e-02
1.112130e-02
1.114812e-02
1.117506e-02
1.120212e-02
1.122932e-02
1.125664e-02
1.128409e-02
1.131168e-02
1.133940e-02
1.136725e-02
1.139524e-02
1.142336e-02
1.145162e-02
1.148002e-02
1.150855e-02
1.153722e-02
1.156603e-02
1.159497e-02
1.162404e-02
1.165326e-02
1.168261e-02
1.171209e-02
1.174170e-02
1.177145e-02
1.180133e-02
1.183133e-02
1.186147e-02
1.189174e-02
1.192214e-02
1.195266e-02
1.198331e-02
1.201409e-02
1.204500e-02
1.207603e-02
1.210718e-02
1.213846e-02
1.216986e-02
1.220139e-02
1.223304e-02
1.226480e-02
1.229669e-02
1.232870e-02
1.236082e-02
1.239306e-02
1.242541e-02
1.245788e-02
1.249046e-02
1.252316e-02
1.255596e-02
1.258887e-02
1.262189e-02
1.265502e-02
1.268826e-02
1.272160e-02
1.275504e-02
1.278858e-02
1.282222e-02
1.285596e-02
1.288979e-02
1.292372e-02
1.295774e-02
1.299186e-02
1.302606e-02
1.306034e-02
1.309471e-02
1.312916e-02
1.316369e-02
1.319830e-02
1.323299e-02
1.326774e-02
1.330257e-02
1.333746e-02
1.337241e-02
1.340743e-02
1.344251e-02
1.347765e-02
1.351284e-02
1.354808e-02
1.358337e-02
1.361871e-02
1.365409e-02
1.368952e-02
1.372498e-02
1.376049e-02
1.379603e-02
1.383160e-02
1.386720e-02
1.390283e-02
1.393848e-02
1.397416e-02
1.400986e-02
1.404558e-02
1.408132e-02
1.411708e-02
1.415284e-02
1.418863e-02
1.422442e-02
1.426022e-02
1.429602e-02
1.433183e-02
1.436765e-02
1.440346e-02
1.443928e-02
1.447510e-02
1.451091e-02
1.454671e-02
1.458384e-02
1.462099e-02
1.465813e-02
1.469526e-02
1.473238e-02
1.476948e-02
1.480657e-02
1.484365e-02
1.488071e-02
1.491775e-02
1.495477e-02
1.499177e-02
1.502875e-02
1.506570e-02
1.510264e-02
1.513955e-02
1.517643e-02
1.521329e-02
1.525013e-02
1.528694e-02
1.532372e-02
1.536048e-02
1.539721e-02
1.543392e-02
1.547060e-02
1.550724e-02
1.554386e-02
1.558045e-02
1.561702e-02
1.565355e-02
1.569005e-02
1.572652e-02
1.576297e-02
1.579939e-02
1.583578e-02
1.587213e-02
1.590845e-02
1.594473e-02
1.598098e-02
1.601721e-02
1.605341e-02
1.608958e-02
1.612574e-02
1.616188e-02
1.619800e-02
1.623410e-02
1.627018e-02
1.630624e-02
1.634229e-02
1.637831e-02
1.641432e-02
1.645031e-02
1.648628e-02
1.652223e-02
1.655817e-02
1.659409e-02
1.663000e-02
1.666589e-02
1.670176e-02
1.673763e-02
1.677348e-02
1.680931e-02
1.684514e-02
1.688096e-02
1.691677e-02
1.695257e-02
1.698836e-02
1.702414e-02
1.705992e-02
1.709569e-02
1.713146e-02
1.716722e-02
1.720298e-02
1.723874e-02
1.727450e-02
1.731026e-02
1.734602e-02
1.738179e-02
1.741755e-02
1.745332e-02
1.748909e-02
1.752487e-02
1.756065e-02
1.759644e-02
1.763224e-02
1.766805e-02
1.770386e-02
1.773968e-02
1.777551e-02
1.781136e-02
1.784721e-02
1.788308e-02
1.791895e-02
1.795485e-02
1.799075e-02
1.802667e-02
1.806260e-02
1.809855e-02
1.813451e-02
1.817049e-02
1.820649e-02
1.824250e-02
1.827853e-02
1.831458e-02
1.835064e-02
1.838672e-02
1.842282e-02
1.845894e-02
1.849507e-02
1.853122e-02
1.856738e-02
1.860355e-02
1.863974e-02
1.867595e-02
1.871218e-02
1.874842e-02
1.878469e-02
1.882061e-02
1.885556e-02
1.888936e-02
1.892239e-02
1.895453e-02
1.898579e-02
1.901627e-02
1.904606e-02
1.907480e-02
1.910285e-02
1.913039e-02
1.915762e-02
1.918437e-02
1.921082e-02
1.923703e-02
1.926311e-02
1.928892e-02
1.931456e-02
1.934005e-02
1.936545e-02
1.939068e-02
1.941577e-02
1.944076e-02
1.946566e-02
1.949046e-02
1.951515e-02
1.953974e-02
1.956425e-02
1.958871e-02
1.961308e-02
1.963735e-02
1.966156e-02
1.968571e-02
1.970982e-02
1.973390e-02
1.975796e-02
1.978199e-02
1.980596e-02
1.982989e-02
1.985379e-02
1.987767e-02
1.990155e-02
1.992543e-02
1.994934e-02
1.997321e-02
1.999708e-02
2.002092e-02
2.004477e-02
2.006863e-02
2.009251e-02
2.011643e-02
2.014040e-02
2.016436e-02
2.018834e-02
2.021232e-02
2.023634e-02
2.026039e-02
2.028450e-02
2.030866e-02
2.033290e-02
2.035717e-02
2.038148e-02
2.040582e-02
2.043022e-02
2.045466e-02
2.047919e-02
2.050378e-02
2.052847e-02
2.055325e-02
2.057808e-02
2.060296e-02
2.062790e-02
2.065291e-02
2.067799e-02
2.070316e-02
2.072842e-02
2.075378e-02
2.077925e-02
2.080476e-02
2.083034e-02
2.085597e-02
2.088168e-02
2.090747e-02
2.093335e-02
2.095931e-02
2.098539e-02
2.101155e-02
2.103776e-02
2.106402e-02
2.109035e-02
2.111675e-02
2.114323e-02
2.116979e-02
2.119645e-02
2.122318e-02
2.124996e-02
2.127678e-02
2.130366e-02
2.133060e-02
2.135763e-02
2.138473e-02
2.141193e-02
2.143919e-02
2.146648e-02
2.149380e-02
2.152119e-02
2.154863e-02
2.157614e-02
2.160373e-02
2.163142e-02
2.165917e-02
2.168694e-02
2.171475e-02
2.174261e-02
2.177053e-02
2.179852e-02
2.182659e-02
2.185477e-02
2.188299e-02
2.191125e-02
2.193954e-02
2.196788e-02
2.199629e-02
2.202477e-02
2.205334e-02
2.208202e-02
2.211074e-02
2.213949e-02
2.216828e-02
2.219713e-02
2.222604e-02
2.225504e-02
2.228413e-02
2.231333e-02
2.234257e-02
2.237185e-02
2.240116e-02
2.243054e-02
2.245999e-02
2.248954e-02
2.251917e-02
2.254893e-02
2.257870e-02
2.260851e-02
2.263838e-02
2.266831e-02
2.269831e-02
2.272840e-02
2.275859e-02
2.278885e-02
2.281914e-02
2.284947e-02
2.287986e-02
2.291032e-02
2.294086e-02
2.297151e-02
2.300226e-02
2.303305e-02
2.306389e-02
2.309477e-02
2.312572e-02
2.315675e-02
2.318787e-02
2.321909e-02
2.325041e-02
2.328177e-02
2.331317e-02
2.334461e-02
2.337612e-02
2.340770e-02
2.343936e-02
2.347112e-02
2.350297e-02
2.353485e-02
2.356677e-02
2.359874e-02
2.363078e-02
2.366290e-02
2.369510e-02
2.372741e-02
2.375977e-02
2.379218e-02
2.382462e-02
2.385713e-02
2.388970e-02
2.392233e-02
2.395504e-02
2.398783e-02
2.402071e-02
2.405361e-02
2.408655e-02
2.411953e-02
2.415256e-02
2.418566e-02
2.421883e-02
2.425209e-02
2.428541e-02
2.431876e-02
2.435215e-02
2.438558e-02
2.441906e-02
2.445262e-02
2.448624e-02
2.451996e-02
2.455372e-02
2.458750e-02
2.462132e-02
2.465520e-02
2.468913e-02
2.472312e-02
2.475717e-02
2.479129e-02
2.482548e-02
2.485970e-02
2.489396e-02
2.492826e-02
2.496260e-02
2.499700e-02
2.503145e-02
2.506597e-02
2.510056e-02
2.513519e-02
2.516985e-02
2.520454e-02
2.523925e-02
2.527400e-02
2.530879e-02
2.534364e-02
2.537856e-02
2.541351e-02
2.544848e-02
2.548347e-02
2.551848e-02
2.555353e-02
2.558863e-02
2.562377e-02
2.565898e-02
2.569422e-02
2.572946e-02
2.576473e-02
2.580002e-02
2.583535e-02
2.587072e-02
2.590613e-02
2.594157e-02
2.597705e-02
2.601257e-02
2.604811e-02
2.608367e-02
2.611928e-02
2.615491e-02
2.619058e-02
2.622627e-02
2.626200e-02
2.629779e-02
2.633362e-02
2.636948e-02
2.640537e-02
2.644129e-02
2.647724e-02
2.651322e-02
2.654925e-02
2.658532e-02
2.662144e-02
2.665763e-02
2.669385e-02
2.673009e-02
2.676636e-02
2.680267e-02
2.683901e-02
2.687540e-02
2.691184e-02
2.694834e-02
2.698490e-02
2.702149e-02
2.705811e-02
2.709475e-02
2.713143e-02
2.716814e-02
2.720490e-02
2.724170e-02
2.727856e-02
2.731547e-02
2.735242e-02
2.738938e-02
2.742636e-02
2.746337e-02
2.750042e-02
2.753749e-02
2.757460e-02
2.761176e-02
2.764896e-02
2.768619e-02
2.772344e-02
2.776070e-02
2.779797e-02
2.783526e-02
2.787258e-02
2.790992e-02
2.794730e-02
2.798470e-02
2.802215e-02
2.805962e-02
2.809710e-02
2.813459e-02
2.817210e-02
2.820964e-02
2.824720e-02
2.828479e-02
2.832241e-02
2.836008e-02
2.839780e-02
2.843555e-02
2.847334e-02
2.851116e-02
2.854904e-02
2.858694e-02
2.862489e-02
2.866289e-02
2.870093e-02
2.873900e-02
2.877712e-02
2.881528e-02
2.885349e-02
2.889175e-02
2.893006e-02
2.896843e-02
2.900686e-02
2.904536e-02
2.908392e-02
2.912254e-02
2.916122e-02
2.919995e-02
2.923873e-02
2.927755e-02
2.931643e-02
2.935536e-02
2.939435e-02
2.943339e-02
2.947250e-02
2.951167e-02
2.955090e-02
2.959019e-02
2.962953e-02
2.966893e-02
2.970838e-02
2.974789e-02
2.978746e-02
2.982708e-02
2.986677e-02
2.990651e-02
2.994630e-02
2.998613e-02
3.002600e-02
3.006592e-02
3.010589e-02
3.014590e-02
3.018596e-02
3.022608e-02
3.026625e-02
3.030647e-02
3.034676e-02
3.038710e-02
3.042750e-02
3.046796e-02
3.050849e-02
3.054908e-02
3.058974e-02
3.063044e-02
3.067122e-02
3.071205e-02
3.075295e-02
3.079391e-02
3.083494e-02
3.087603e-02
3.091718e-02
3.095838e-02
3.099965e-02
3.104097e-02
3.108201e-02
3.112185e-02
3.116126e-02
3.120019e-02
3.123905e-02
3.127764e-02
3.131623e-02
3.135471e-02
3.139323e-02
3.143169e-02
3.146991e-02
3.150773e-02
3.154527e-02
3.158252e-02
3.161947e-02
3.165619e-02
3.169276e-02
3.172904e-02
3.176517e-02
3.180116e-02
3.183704e-02
3.187276e-02
3.190835e-02
3.194388e-02
3.197936e-02
3.201476e-02
3.205010e-02
3.208543e-02
3.212073e-02
3.215602e-02
3.219132e-02
3.222665e-02
3.226198e-02
3.229734e-02
3.233273e-02
3.236817e-02
3.240367e-02
3.243922e-02
3.247482e-02
3.251047e-02
3.254615e-02
3.258187e-02
3.261762e-02
3.265338e-02
3.268916e-02
3.272494e-02
3.276072e-02
3.279650e-02
3.283228e-02
3.286805e-02
3.290382e-02
3.293957e-02
3.297532e-02
3.301106e-02
3.304680e-02
3.308254e-02
3.311826e-02
3.315399e-02
3.318971e-02
3.322544e-02
3.326117e-02
3.329691e-02
3.333266e-02
3.336844e-02
3.340423e-02
3.344006e-02
3.347589e-02
3.351175e-02
3.354763e-02
3.358354e-02
3.361948e-02
3.365546e-02
3.369147e-02
3.372754e-02
3.376363e-02
3.379977e-02
3.383595e-02
3.387219e-02
3.390847e-02
3.394481e-02
3.398120e-02
3.401765e-02
3.405415e-02
3.409070e-02
3.412730e-02
3.416396e-02
3.420068e-02
3.423746e-02
3.427430e-02
3.431121e-02
3.434818e-02
3.438522e-02
3.442233e-02
3.445949e-02
3.449671e-02
3.453400e-02
3.457134e-02
3.460873e-02
3.464618e-02
3.468368e-02
3.472123e-02
3.475883e-02
3.479649e-02
3.483421e-02
3.487198e-02
3.490980e-02
3.494769e-02
3.498563e-02
3.502363e-02
3.506169e-02
3.509979e-02
3.513794e-02
3.517615e-02
3.521441e-02
3.525272e-02
3.529110e-02
3.532953e-02
3.536802e-02
3.540657e-02
3.544516e-02
3.548381e-02
3.552252e-02
3.556128e-02
3.560012e-02
3.563901e-02
3.567797e-02
3.571699e-02
3.575607e-02
3.579521e-02
3.583443e-02
3.587371e-02
3.591306e-02
3.595249e-02
3.599199e-02
3.603157e-02
3.607123e-02
3.611096e-02
3.615078e-02
3.619067e-02
3.623063e-02
3.627066e-02
3.631077e-02
3.635095e-02
3.639121e-02
3.643154e-02
3.647194e-02
3.651242e-02
3.655297e-02
3.659358e-02
3.663426e-02
3.667501e-02
3.671583e-02
3.675670e-02
3.679765e-02
3.683866e-02
3.687973e-02
3.692087e-02
3.696207e-02
3.700334e-02
3.704467e-02
3.708606e-02
3.712752e-02
3.716904e-02
3.721063e-02
3.725227e-02
3.729398e-02
3.733574e-02
3.737756e-02
3.741943e-02
3.746137e-02
3.750336e-02
3.754541e-02
3.758752e-02
3.762969e-02
3.767191e-02
3.771420e-02
3.775654e-02
3.779893e-02
3.784139e-02
3.788390e-02
3.792646e-02
3.796907e-02
3.801173e-02
3.805443e-02
3.809719e-02
3.813999e-02
3.818285e-02
3.822575e-02
3.826870e-02
3.831169e-02
3.835472e-02
3.839780e-02
3.844092e-02
3.848407e-02
3.852727e-02
3.857051e-02
3.861378e-02
3.865710e-02
3.870046e-02
3.874386e-02
3.878730e-02
3.883079e-02
3.887431e-02
3.891788e-02
3.896149e-02
3.900515e-02
3.904885e-02
3.909259e-02
3.913637e-02
3.918019e-02
3.922406e-02
3.926797e-02
3.931193e-02
3.935593e-02
3.939998e-02
3.944408e-02
3.948822e-02
3.953242e-02
3.957666e-02
3.962096e-02
3.966530e-02
3.970969e-02
3.975414e-02
3.979863e-02
3.984318e-02
3.988778e-02
3.993244e-02
3.997715e-02
4.002192e-02
4.006674e-02
4.011161e-02
4.015654e-02
4.020152e-02
4.024655e-02
4.029164e-02
4.033679e-02
4.038200e-02
4.042726e-02
4.047258e-02
4.051796e-02
4.056340e-02
4.060889e-02
4.065445e-02
4.070006e-02
4.074573e-02
4.079146e-02
4.083724e-02
4.088307e-02
4.092896e-02
4.097490e-02
4.102089e-02
4.106694e-02
4.111304e-02
4.115919e-02
4.120539e-02
4.125165e-02
4.129796e-02
4.134432e-02
4.139073e-02
4.143720e-02
4.148371e-02
4.153028e-02
4.157690e-02
4.162357e-02
4.167029e-02
4.171706e-02
4.176387e-02
4.181074e-02
4.185765e-02
4.190461e-02
4.195161e-02
4.199867e-02
4.204578e-02
4.209293e-02
4.214014e-02
4.218739e-02
4.223469e-02
4.228205e-02
4.232946e-02
4.237691e-02
4.242443e-02
4.247199e-02
4.251961e-02
4.256729e-02
4.261502e-02
4.266280e-02
4.271065e-02
4.275855e-02
4.280651e-02
4.285453e-02
4.290261e-02
4.295075e-02
4.299896e-02
4.304722e-02
4.309554e-02
4.314393e-02
4.319238e-02
4.324089e-02
4.328946e-02
4.333809e-02
4.338676e-02
4.343549e-02
4.348427e-02
4.353310e-02
4.358186e-02
4.363051e-02
4.367906e-02
4.372752e-02
4.377590e-02
4.382418e-02
4.387237e-02
4.392046e-02
4.396847e-02
4.401642e-02
4.406429e-02
4.411209e-02
4.415981e-02
4.420746e-02
4.425505e-02
4.430257e-02
4.435003e-02
4.439742e-02
4.444476e-02
4.449202e-02
4.453923e-02
4.458637e-02
4.463347e-02
4.468051e-02
4.472751e-02
4.477445e-02
4.482136e-02
4.486822e-02
4.491505e-02
4.496183e-02
4.500858e-02
4.505530e-02
4.510199e-02
4.514866e-02
4.519529e-02
4.524189e-02
4.528845e-02
4.533500e-02
4.538152e-02
4.542802e-02
4.547449e-02
4.552094e-02
4.556738e-02
4.561380e-02
4.566021e-02
4.570660e-02
4.575298e-02
4.579936e-02
4.584573e-02
4.589208e-02
4.593843e-02
4.598479e-02
4.603113e-02
4.607748e-02
4.612382e-02
4.617017e-02
4.621652e-02
4.626287e-02
4.630923e-02
4.635559e-02
4.640197e-02
4.644835e-02
4.649474e-02
4.654114e-02
4.658755e-02
4.663399e-02
4.668043e-02
4.672690e-02
4.677338e-02
4.681988e-02
4.686640e-02
4.691295e-02
4.695951e-02
4.700610e-02
4.705272e-02
4.709935e-02
4.714601e-02
4.719268e-02
4.723937e-02
4.728609e-02
4.733282e-02
4.737958e-02
4.742636e-02
4.747317e-02
4.751999e-02
4.756685e-02
4.761372e-02
4.766062e-02
4.770754e-02
4.775449e-02
4.780146e-02
4.784846e-02
4.789548e-02
4.794253e-02
4.798960e-02
4.803670e-02
4.808383e-02
4.813098e-02
4.817816e-02
4.822536e-02
4.827259e-02
4.831984e-02
4.836713e-02
4.841444e-02
4.846178e-02
4.850915e-02
4.855656e-02
4.860400e-02
4.865147e-02
4.869897e-02
4.874651e-02
4.879408e-02
4.884168e-02
4.888932e-02
4.893699e-02
4.898470e-02
4.903244e-02
4.908022e-02
4.912803e-02
4.917588e-02
4.922377e-02
4.927169e-02
4.931965e-02
4.936764e-02
4.941567e-02
4.946373e-02
4.951183e-02
4.955997e-02
4.960815e-02
4.965636e-02
4.970461e-02
4.975290e-02
4.980124e-02
4.984961e-02
4.989801e-02
4.994646e-02
4.999494e-02
5.004345e-02
5.009200e-02
5.014059e-02
5.018921e-02
5.023787e-02
5.028656e-02
5.033529e-02
5.038406e-02
5.043287e-02
5.048172e-02
5.053060e-02
5.057953e-02
5.062851e-02
5.067753e-02
5.072658e-02
5.077568e-02
5.082482e-02
5.087400e-02
5.092323e-02
5.097249e-02
5.102180e-02
5.107115e-02
5.112055e-02
5.116999e-02
5.121948e-02
5.126901e-02
5.131858e-02
5.136820e-02
5.141787e-02
5.146758e-02
5.151735e-02
5.156715e-02
5.161701e-02
5.166691e-02
5.171685e-02
5.176685e-02
5.181689e-02
5.186698e-02
5.191713e-02
5.196731e-02
5.201755e-02
5.206783e-02
5.211817e-02
5.216854e-02
5.221897e-02
5.226944e-02
5.231997e-02
5.237053e-02
5.242116e-02
5.247182e-02
5.252254e-02
5.257331e-02
5.262412e-02
5.267498e-02
5.272590e-02
5.277685e-02
5.282787e-02
5.287893e-02
5.293004e-02
5.298119e-02
5.303241e-02
5.308365e-02
5.313496e-02
5.318630e-02
5.323770e-02
5.328913e-02
5.334063e-02
5.339216e-02
5.344375e-02
5.349538e-02
5.354708e-02
5.359881e-02
5.365061e-02
5.370245e-02
5.375435e-02
5.380629e-02
5.385828e-02
5.391032e-02
5.396242e-02
5.401456e-02
5.406676e-02
5.411900e-02
5.417130e-02
5.422364e-02
5.427604e-02
5.432847e-02
5.438097e-02
5.443350e-02
5.448609e-02
5.453872e-02
5.459141e-02
5.464414e-02
5.469692e-02
5.474974e-02
5.480263e-02
5.485555e-02
5.490853e-02
5.496155e-02
5.501462e-02
5.506774e-02
5.512091e-02
5.517411e-02
5.522737e-02
5.528067e-02
5.533402e-02
5.538740e-02
5.544084e-02
5.549427e-02
5.554769e-02
5.560113e-02
5.565465e-02
5.570821e-02
5.576189e-02
5.581563e-02
5.586942e-02
5.592323e-02
5.597710e-02
5.603100e-02
5.608495e-02
5.613893e-02
5.619295e-02
5.624701e-02
5.630112e-02
5.635526e-02
5.640945e-02
5.646368e-02
5.651795e-02
5.657225e-02
5.662659e-02
5.668098e-02
5.673538e-02
5.678979e-02
5.684422e-02
5.689864e-02
5.695313e-02
5.700759e-02
5.706206e-02
5.711651e-02
5.717104e-02
5.722553e-02
5.728004e-02
5.733453e-02
5.738903e-02
5.744351e-02
5.749803e-02
5.755253e-02
5.760702e-02
5.766151e-02
5.771605e-02
5.777055e-02
5.782506e-02
5.787956e-02
5.793414e-02
5.798869e-02
5.804324e-02
5.809779e-02
5.815234e-02
5.820687e-02
5.825500e-02
5.830312e-02
5.835142e-02
5.839970e-02
5.844788e-02
5.849604e-02
5.854411e-02
5.859123e-02
5.863831e-02
5.868547e-02
5.873262e-02
5.877985e-02
5.882707e-02
5.887439e-02
5.892179e-02
5.896931e-02
5.901710e-02
5.906501e-02
5.911338e-02
5.916183e-02
5.921053e-02
5.925914e-02
5.930734e-02
5.935477e-02
5.940211e-02
5.944951e-02
5.949680e-02
5.954413e-02
5.959134e-02
5.963857e-02
5.968572e-02
5.973289e-02
5.978007e-02
5.982723e-02
5.987431e-02
5.992138e-02
5.996792e-02
6.001448e-02
6.006095e-02
6.010747e-02
6.015392e-02
6.020044e-02
6.024692e-02
6.029345e-02
6.034008e-02
6.038678e-02
6.043370e-02
6.048066e-02
6.052684e-02
6.057314e-02
6.061943e-02
6.066594e-02
6.071239e-02
6.075910e-02
6.080573e-02
6.085262e-02
6.089943e-02
6.094649e-02
6.099353e-02
6.104123e-02
6.109020e-02
6.113936e-02
6.118730e-02
6.123440e-02
6.128135e-02
6.132844e-02
6.137548e-02
6.142254e-02
6.146964e-02
6.151698e-02
6.156480e-02
6.161287e-02
6.166211e-02
6.171097e-02
6.175798e-02
6.180525e-02
6.185230e-02
6.189931e-02
6.194630e-02
6.199329e-02
6.204026e-02
6.208776e-02
6.213628e-02
6.218499e-02
6.222788e-02
6.227504e-02
6.231789e-02
6.236082e-02
6.240434e-02
6.244780e-02
6.249133e-02
6.253153e-02
6.257183e-02
6.261235e-02
6.265315e-02
6.269436e-02
6.273604e-02
6.277781e-02
6.281957e-02
6.286118e-02
6.290274e-02
6.294422e-02
6.298559e-02
6.302693e-02
6.306812e-02
6.310934e-02
6.315040e-02
6.319157e-02
6.323257e-02
6.327374e-02
6.331474e-02
6.335592e-02
6.339692e-02
6.343814e-02
6.347917e-02
6.352045e-02
6.356157e-02
6.360292e-02
6.364413e-02
6.368470e-02
6.372527e-02
6.376567e-02
6.380616e-02
6.384637e-02
6.388674e-02
6.392674e-02
6.396695e-02
6.400677e-02
6.404729e-02
6.408689e-02
6.412711e-02
6.416651e-02
6.420655e-02
6.424593e-02
6.428588e-02
6.432540e-02
6.436516e-02
6.440447e-02
6.444417e-02
6.448336e-02
6.452309e-02
6.456223e-02
6.460206e-02
6.464120e-02
6.468106e-02
6.472018e-02
6.475994e-02
6.479916e-02
6.483875e-02
6.487797e-02
6.491749e-02
6.495659e-02
6.499610e-02
6.503513e-02
6.507469e-02
6.511367e-02
6.515330e-02
6.519233e-02
6.523195e-02
6.527106e-02
6.531053e-02
6.534969e-02
6.538907e-02
6.542810e-02
6.546743e-02
6.550638e-02
6.554574e-02
6.558466e-02
6.562409e-02
6.566304e-02
6.570256e-02
6.574161e-02
6.578132e-02
6.582062e-02
6.585986e-02
6.589884e-02
6.593808e-02
6.597699e-02
6.601622e-02
6.605508e-02
6.609435e-02
6.613322e-02
6.617256e-02
6.621151e-02
6.625096e-02
6.629018e-02
6.633004e-02
6.636969e-02
6.640952e-02
6.644979e-02
6.648903e-02
6.652799e-02
6.656725e-02
6.660626e-02
6.664560e-02
6.668470e-02
6.672419e-02
6.676352e-02
6.680335e-02
6.684319e-02
6.688332e-02
6.692402e-02
6.696512e-02
6.700710e-02
6.704953e-02
6.709317e-02
6.713738e-02
6.717709e-02
6.721711e-02
6.725717e-02
6.729759e-02
6.733813e-02
6.737916e-02
6.742037e-02
6.746195e-02
6.750444e-02
6.754781e-02
6.759245e-02
6.763273e-02
6.767312e-02
6.771376e-02
6.775458e-02
6.779572e-02
6.783704e-02
6.787873e-02
6.792063e-02
6.796298e-02
6.800562e-02
6.804666e-02
6.808742e-02
6.812812e-02
6.816893e-02
6.820993e-02
6.825120e-02
6.829280e-02
6.833472e-02
6.837705e-02
6.841969e-02
6.846285e-02
6.850632e-02
6.854771e-02
6.858885e-02
6.862993e-02
6.867130e-02
6.871292e-02
6.875485e-02
6.879713e-02
6.883979e-02
6.888294e-02
6.892648e-02
6.896813e-02
6.900993e-02
6.905172e-02
6.909326e-02
6.913479e-02
6.917660e-02
6.921877e-02
6.926139e-02
6.930454e-02
6.934816e-02
6.939006e-02
6.943214e-02
6.947422e-02
6.951609e-02
6.955794e-02
6.960014e-02
6.964269e-02
6.968562e-02
6.972900e-02
6.977283e-02
6.981516e-02
6.985767e-02
6.990017e-02
6.994243e-02
6.998464e-02
7.002718e-02
7.007003e-02
7.011324e-02
7.015686e-02
7.020091e-02
7.024548e-02
7.029047e-02
7.033348e-02
7.037665e-02
7.041981e-02
7.046267e-02
7.050549e-02
7.054862e-02
7.058913e-02
7.063010e-02
7.067078e-02
7.071195e-02
7.075283e-02
7.079422e-02
7.083530e-02
7.087692e-02
7.091824e-02
7.096010e-02
7.100167e-02
7.104381e-02
7.108564e-02
7.112807e-02
7.117018e-02
7.121292e-02
7.125532e-02
7.129840e-02
7.134111e-02
7.138453e-02
7.142647e-02
7.146838e-02
7.151022e-02
7.155206e-02
7.159384e-02
7.163567e-02
7.167746e-02
7.171935e-02
7.176134e-02
7.180302e-02
7.184543e-02
7.188808e-02
7.192979e-02
7.197158e-02
7.201325e-02
7.205508e-02
7.209676e-02
7.213868e-02
7.218042e-02
7.222248e-02
7.226451e-02
7.230662e-02
7.234936e-02
7.239102e-02
7.243256e-02
7.247427e-02
7.251583e-02
7.255765e-02
7.259928e-02
7.264128e-02
7.268302e-02
7.272528e-02
7.276730e-02
7.281002e-02
7.285298e-02
7.289442e-02
7.293576e-02
7.297734e-02
7.301876e-02
7.306055e-02
7.310210e-02
7.314418e-02
7.318592e-02
7.322836e-02
7.327037e-02
7.331325e-02
7.335623e-02
7.339744e-02
7.343858e-02
7.347997e-02
7.352122e-02
7.356285e-02
7.360427e-02
7.364591e-02
7.368793e-02
7.373061e-02
7.377386e-02
7.381796e-02
7.386274e-02
7.390431e-02
7.394601e-02
7.398808e-02
7.403018e-02
7.407277e-02
7.411532e-02
7.415810e-02
7.420124e-02
7.424503e-02
7.428939e-02
7.433456e-02
7.437829e-02
7.442470e-02
7.446861e-02
7.451143e-02
7.455424e-02
7.459749e-02
7.464070e-02
7.468408e-02
7.472776e-02
7.477205e-02
7.481585e-02
7.486134e-02
7.490522e-02
7.495135e-02
7.499530e-02
7.504118e-02
7.508519e-02
7.512865e-02
7.517223e-02
7.521626e-02
7.526060e-02
7.530552e-02
7.535076e-02
7.539664e-02
7.544305e-02
7.549024e-02
7.553796e-02
7.558553e-02
7.563329e-02
7.568121e-02
7.572934e-02
7.577368e-02
7.581820e-02
7.586320e-02
7.590840e-02
7.595411e-02
7.599865e-02
7.604465e-02
7.608900e-02
7.613516e-02
7.617937e-02
7.622572e-02
7.626985e-02
7.631640e-02
7.636048e-02
7.640524e-02
7.644929e-02
7.649466e-02
7.653868e-02
7.658509e-02
7.662909e-02
7.667703e-02
7.672101e-02
7.676938e-02
7.681332e-02
7.685727e-02
7.690118e-02
7.694509e-02
7.698624e-02
7.702722e-02
7.706773e-02
7.710827e-02
7.714854e-02
7.718887e-02
7.722905e-02
7.726934e-02
7.730932e-02
7.734999e-02
7.738933e-02
7.742967e-02
7.746963e-02
7.750982e-02
7.754963e-02
7.758973e-02
7.763000e-02
7.767018e-02
7.770947e-02
7.774872e-02
7.778839e-02
7.782849e-02
7.786808e-02
7.790814e-02
7.794871e-02
7.798857e-02
7.802770e-02
7.806681e-02
7.810615e-02
7.814611e-02
7.818688e-02
7.822600e-02
7.826595e-02
7.830578e-02
7.834468e-02
7.838358e-02
7.842310e-02
7.846337e-02
7.850538e-02
7.854807e-02
7.858829e-02
7.862787e-02
7.866651e-02
7.870510e-02
7.874355e-02
7.878196e-02
7.882025e-02
7.886238e-02
7.890252e-02
7.894202e-02
7.898546e-02
7.902411e-02
7.906662e-02
7.910496e-02
7.914713e-02
7.918515e-02
7.922696e-02
7.927009e-02
7.931365e-02
7.935744e-02
7.940190e-02
7.944591e-02
7.948800e-02
7.952998e-02
7.957197e-02
7.961430e-02
7.965694e-02
7.969998e-02
7.974334e-02
7.978573e-02
7.982822e-02
7.986960e-02
7.991088e-02
7.995113e-02
7.999119e-02
8.003326e-02
8.007568e-02
8.011854e-02
8.016196e-02
8.020593e-02
8.024711e-02
8.028850e-02
8.032991e-02
8.037120e-02
8.041258e-02
8.045433e-02
8.049654e-02
8.053929e-02
8.058279e-02
8.062521e-02
8.066594e-02
8.070661e-02
8.074736e-02
8.078849e-02
8.083004e-02
8.087055e-02
8.091157e-02
8.095151e-02
8.099164e-02
8.103120e-02
8.107104e-02
8.111137e-02
8.115190e-02
8.119280e-02
8.123430e-02
8.127639e-02
8.131621e-02
8.135598e-02
8.139608e-02
8.143585e-02
8.147620e-02
8.151659e-02
8.155802e-02
8.159953e-02
8.164024e-02
8.168322e-02
8.172421e-02
8.176541e-02
8.180680e-02
8.184846e-02
8.189043e-02
8.193278e-02
8.197576e-02
8.201926e-02
8.206400e-02
8.210952e-02
8.215529e-02
8.220160e-02
8.224785e-02
8.229410e-02
8.234027e-02
8.238645e-02
8.242943e-02
8.247205e-02
8.251692e-02
8.256207e-02
8.260803e-02
8.265399e-02
8.269988e-02
8.274593e-02
8.279208e-02
8.283820e-02
8.288427e-02
8.293031e-02
8.297630e-02
8.302223e-02
8.306809e-02
8.311391e-02
8.315966e-02
8.320537e-02
8.325102e-02
8.329664e-02
8.334220e-02
8.338774e-02
8.343322e-02
8.347867e-02
8.352407e-02
8.356945e-02
8.361478e-02
8.366009e-02
8.370535e-02
8.375061e-02
8.379582e-02
8.384103e-02
8.388619e-02
8.393137e-02
8.397650e-02
8.402165e-02
8.406675e-02
8.411188e-02
8.415696e-02
8.420207e-02
8.424715e-02
8.429225e-02
8.433733e-02
8.438244e-02
8.442752e-02
8.447710e-02
8.452794e-02
8.457823e-02
8.462809e-02
8.467753e-02
8.472665e-02
8.477546e-02
8.482403e-02
8.487240e-02
8.492502e-02
8.497271e-02
8.502041e-02
8.506811e-02
8.511582e-02
8.516354e-02
8.521127e-02
8.525900e-02
8.530673e-02
8.535447e-02
8.540222e-02
8.544969e-02
8.549713e-02
8.554453e-02
8.559191e-02
8.563927e-02
8.568661e-02
8.573394e-02
8.578127e-02
8.582862e-02
8.587597e-02
8.592335e-02
8.597075e-02
8.601821e-02
8.606573e-02
8.611337e-02
8.616114e-02
8.620910e-02
8.625712e-02
8.630317e-02
8.634921e-02
8.639533e-02
8.644147e-02
8.648767e-02
8.653388e-02
8.658016e-02
8.662645e-02
8.667280e-02
8.671915e-02
8.676557e-02
8.681200e-02
8.685849e-02
8.690499e-02
8.695086e-02
8.699677e-02
8.704283e-02
8.708917e-02
8.713586e-02
8.718256e-02
8.722932e-02
8.727608e-02
8.732290e-02
8.736973e-02
8.741662e-02
8.746258e-02
8.750889e-02
8.755546e-02
8.760248e-02
8.764951e-02
8.769660e-02
8.774371e-02
8.779086e-02
8.783803e-02
8.788524e-02
8.793247e-02
8.797974e-02
8.802702e-02
8.807434e-02
8.812151e-02
8.816887e-02
8.821625e-02
8.826365e-02
8.831107e-02
8.835851e-02
8.840598e-02
8.845346e-02
8.850096e-02
8.854848e-02
8.859602e-02
8.864343e-02
8.869084e-02
8.873826e-02
8.878569e-02
8.883313e-02
8.888058e-02
8.892775e-02
8.897486e-02
8.902191e-02
8.906892e-02
8.911588e-02
8.916280e-02
8.920969e-02
8.925658e-02
8.930348e-02
8.935040e-02
8.939736e-02
8.944438e-02
8.949148e-02
8.953870e-02
8.958607e-02
8.963360e-02
8.968119e-02
8.972875e-02
8.977498e-02
8.982117e-02
8.986736e-02
8.991355e-02
8.995978e-02
9.000602e-02
9.005238e-02
9.009887e-02
9.014564e-02
9.019279e-02
9.024058e-02
9.028854e-02
9.033634e-02
9.038394e-02
9.043174e-02
9.047935e-02
9.052537e-02
9.057198e-02
9.061847e-02
9.066585e-02
9.071341e-02
9.076105e-02
9.080890e-02
9.085655e-02
9.090437e-02
9.095202e-02
9.099984e-02
9.104749e-02
9.109533e-02
9.114302e-02
9.119090e-02
9.123864e-02
9.128658e-02
9.133439e-02
9.138240e-02
9.143032e-02
9.147848e-02
9.152656e-02
9.157492e-02
9.162322e-02
9.167187e-02
9.172046e-02
9.176781e-02
9.181515e-02
9.186248e-02
9.190983e-02
9.195721e-02
9.200464e-02
9.205211e-02
9.209964e-02
9.214724e-02
9.219486e-02
9.224243e-02
9.228993e-02
9.233738e-02
9.238477e-02
9.243073e-02
9.247681e-02
9.252289e-02
9.256908e-02
9.261524e-02
9.266150e-02
9.270773e-02
9.275405e-02
9.280033e-02
9.284670e-02
9.289304e-02
9.293947e-02
9.298587e-02
9.303238e-02
9.307886e-02
9.312547e-02
9.317207e-02
9.321882e-02
9.326558e-02
9.331250e-02
9.335944e-02
9.340655e-02
9.345371e-02
9.350105e-02
9.354925e-02
9.359833e-02
9.364798e-02
9.369328e-02
9.373844e-02
9.378353e-02
9.382880e-02
9.387417e-02
9.391976e-02
9.396547e-02
9.401115e-02
9.405682e-02
9.410266e-02
9.414861e-02
9.419459e-02
9.424063e-02
9.428674e-02
9.433296e-02
9.437925e-02
9.442567e-02
9.447217e-02
9.451884e-02
9.456559e-02
9.461257e-02
9.465964e-02
9.470698e-02
9.475579e-02
9.479998e-02
9.484377e-02
9.488816e-02
9.493280e-02
9.497760e-02
9.502187e-02
9.506555e-02
9.510930e-02
9.515281e-02
9.519640e-02
9.523972e-02
9.528316e-02
9.532632e-02
9.536964e-02
9.541268e-02
9.545594e-02
9.549892e-02
9.554216e-02
9.558513e-02
9.562838e-02
9.567187e-02
9.571503e-02
9.575793e-02
9.580069e-02
9.584338e-02
9.588610e-02
9.592878e-02
9.597193e-02
9.601471e-02
9.605768e-02
9.610043e-02
9.614354e-02
9.618627e-02
9.622937e-02
9.627253e-02
9.631569e-02
9.635923e-02
9.640206e-02
9.644466e-02
9.648723e-02
9.652970e-02
9.657224e-02
9.661470e-02
9.665721e-02
9.669967e-02
9.674264e-02
9.678523e-02
9.682820e-02
9.687078e-02
9.691375e-02
9.695709e-02
9.700011e-02
9.704240e-02
9.708502e-02
9.712743e-02
9.716998e-02
9.721245e-02
9.725493e-02
9.729735e-02
9.733979e-02
9.738218e-02
9.742461e-02
9.746698e-02
9.750939e-02
9.755239e-02
9.759526e-02
9.763738e-02
9.767980e-02
9.772206e-02
9.776487e-02
9.780726e-02
9.784977e-02
9.789222e-02
9.793477e-02
9.797725e-02
9.801996e-02
9.806248e-02
9.810538e-02
9.814830e-02
9.819130e-02
9.823335e-02
9.827568e-02
9.831785e-02
9.836060e-02
9.840290e-02
9.844575e-02
9.848812e-02
9.853092e-02
9.857335e-02
9.861630e-02
9.865882e-02
9.870172e-02
9.874462e-02
9.878789e-02
9.882992e-02
9.887245e-02
9.891465e-02
9.895752e-02
9.899988e-02
9.904286e-02
9.908536e-02
9.912848e-02
9.917118e-02
9.921451e-02
9.925842e-02
9.930276e-02
9.934489e-02
9.938755e-02
9.942988e-02
9.947293e-02
9.951544e-02
9.955865e-02
9.960135e-02
9.964476e-02
9.968827e-02
9.973250e-02
9.977732e-02
9.982258e-02
9.986491e-02
9.990789e-02
9.995042e-02
9.999374e-02
1.000365e-01
1.000799e-01
1.001234e-01
1.001673e-01
1.002113e-01
1.002555e-01
1.003001e-01
1.003431e-01
1.003858e-01
1.004293e-01
1.004722e-01
1.005161e-01
1.005600e-01
1.006048e-01
1.006495e-01
1.006941e-01
1.007390e-01
1.007844e-01
1.008304e-01
1.008765e-01
1.009224e-01
1.009685e-01
1.010143e-01
1.010603e-01
1.011043e-01
1.011489e-01
1.011933e-01
1.012385e-01
1.012835e-01
1.013295e-01
1.013753e-01
1.014219e-01
1.014688e-01
1.015158e-01
1.015625e-01
1.016080e-01
1.016535e-01
1.016994e-01
1.017457e-01
1.017928e-01
1.018406e-01
1.018890e-01
1.019369e-01
1.019845e-01
1.020317e-01
1.020777e-01
1.021241e-01
1.021713e-01
1.022193e-01
1.022681e-01
1.023175e-01
1.023677e-01
1.024134e-01
1.024598e-01
1.025068e-01
1.025548e-01
1.026038e-01
1.026536e-01
1.026990e-01
1.027449e-01
1.027913e-01
1.028384e-01
1.028866e-01
1.029359e-01
1.029868e-01
1.030385e-01
1.030843e-01
1.031307e-01
1.031780e-01
1.032263e-01
1.032764e-01
1.033280e-01
1.033734e-01
1.034193e-01
1.034660e-01
1.035136e-01
1.035628e-01
1.036144e-01
1.036594e-01
1.037051e-01
1.037513e-01
1.037983e-01
1.038464e-01
1.038957e-01
1.039407e-01
1.039858e-01
1.040312e-01
1.040772e-01
1.041242e-01
1.041721e-01
1.042167e-01
1.042613e-01
1.043062e-01
1.043517e-01
1.043978e-01
1.044447e-01
1.044891e-01
1.045337e-01
1.045785e-01
1.046233e-01
1.046684e-01
1.047141e-01
1.047607e-01
1.048083e-01
1.048526e-01
1.048969e-01
1.049415e-01
1.049867e-01
1.050325e-01
1.050791e-01
1.051230e-01
1.051674e-01
1.052118e-01
1.052562e-01
1.053010e-01
1.053463e-01
1.053924e-01
1.054395e-01
1.054835e-01
1.055274e-01
1.055716e-01
1.056163e-01
1.056617e-01
1.057078e-01
1.057514e-01
1.057954e-01
1.058394e-01
1.058836e-01
1.059279e-01
1.059729e-01
1.060185e-01
1.060649e-01
1.061086e-01
1.061526e-01
1.061966e-01
1.062407e-01
1.062851e-01
1.063300e-01
1.063758e-01
1.064224e-01
1.064659e-01
1.065095e-01
1.065532e-01
1.065975e-01
1.066423e-01
1.066878e-01
1.067310e-01
1.067745e-01
1.068181e-01
1.068617e-01
1.069055e-01
1.069499e-01
1.069950e-01
1.070408e-01
1.070839e-01
1.071274e-01
1.071710e-01
1.072145e-01
1.072584e-01
1.073028e-01
1.073480e-01
1.073941e-01
1.074372e-01
1.074803e-01
1.075236e-01
1.075674e-01
1.076118e-01
1.076570e-01
1.076998e-01
1.077429e-01
1.077861e-01
1.078294e-01
1.078729e-01
1.079170e-01
1.079618e-01
1.080073e-01
1.080501e-01
1.080933e-01
1.081366e-01
1.081798e-01
1.082234e-01
1.082676e-01
1.083126e-01
1.083585e-01
1.084013e-01
1.084441e-01
1.084871e-01
1.085307e-01
1.085749e-01
1.086198e-01
1.086623e-01
1.087052e-01
1.087482e-01
1.087912e-01
1.088344e-01
1.088782e-01
1.089227e-01
1.089679e-01
1.090105e-01
1.090535e-01
1.090965e-01
1.091395e-01
1.091828e-01
1.092266e-01
1.092711e-01
1.093165e-01
1.093591e-01
1.094020e-01
1.094451e-01
1.094881e-01
1.095315e-01
1.095753e-01
1.096200e-01
1.096654e-01
1.097081e-01
1.097510e-01
1.097941e-01
1.098372e-01
1.098805e-01
1.099243e-01
1.099690e-01
1.100144e-01
1.100571e-01
1.101001e-01
1.101432e-01
1.101862e-01
1.102295e-01
1.102733e-01
1.103179e-01
1.103631e-01
1.104059e-01
1.104489e-01
1.104920e-01
1.105351e-01
1.105783e-01
1.106220e-01
1.106664e-01
1.107115e-01
1.107543e-01
1.107973e-01
1.108404e-01
1.108835e-01
1.109266e-01
1.109702e-01
1.110143e-01
1.110591e-01
1.111020e-01
1.111451e-01
1.111883e-01
1.112313e-01
1.112744e-01
1.113179e-01
1.113619e-01
1.114064e-01
1.114514e-01
1.114971e-01
1.115404e-01
1.115840e-01
1.116276e-01
1.116710e-01
1.117144e-01
1.117582e-01
1.118024e-01
1.118472e-01
1.118927e-01
1.119388e-01
1.119825e-01
1.120264e-01
1.120703e-01
1.121140e-01
1.121577e-01
1.122018e-01
1.122463e-01
1.122914e-01
1.123371e-01
1.123833e-01
1.124274e-01
1.124716e-01
1.125158e-01
1.125598e-01
1.126037e-01
1.126480e-01
1.126928e-01
1.127380e-01
1.127839e-01
1.128302e-01
1.128747e-01
1.129193e-01
1.129639e-01
1.130082e-01
1.130524e-01
1.130970e-01
1.131420e-01
1.131875e-01
1.132334e-01
1.132799e-01
1.133248e-01
1.133699e-01
1.134149e-01
1.134596e-01
1.135042e-01
1.135492e-01
1.135945e-01
1.136401e-01
1.136863e-01
1.137329e-01
1.137801e-01
1.138278e-01
1.138734e-01
1.139187e-01
1.139638e-01
1.140092e-01
1.140549e-01
1.141010e-01
1.141475e-01
1.141942e-01
1.142414e-01
1.142890e-01
1.143353e-01
1.143816e-01
1.144279e-01
1.144737e-01
1.145194e-01
1.145654e-01
1.146117e-01
1.146583e-01
1.147054e-01
1.147529e-01
1.148010e-01
1.148495e-01
1.148963e-01
1.149428e-01
1.149890e-01
1.150355e-01
1.150822e-01
1.151293e-01
1.151767e-01
1.152244e-01
1.152723e-01
1.153206e-01
1.153693e-01
1.154183e-01
1.154660e-01
1.155133e-01
1.155602e-01
1.156074e-01
1.156548e-01
1.157025e-01
1.157504e-01
1.157985e-01
1.158469e-01
1.158955e-01
1.159444e-01
1.159936e-01
1.160432e-01
1.160931e-01
1.161415e-01
1.161894e-01
1.162369e-01
1.162847e-01
1.163326e-01
1.163808e-01
1.164293e-01
1.164780e-01
1.165269e-01
1.165761e-01
1.166256e-01
1.166753e-01
1.167254e-01
1.167758e-01
1.168247e-01
1.168730e-01
1.169210e-01
1.169692e-01
1.170176e-01
1.170663e-01
1.171152e-01
1.171644e-01
1.172138e-01
1.172634e-01
1.173134e-01
1.173637e-01
1.174144e-01
1.174653e-01
1.175145e-01
1.175631e-01
1.176115e-01
1.176600e-01
1.177087e-01
1.177579e-01
1.178072e-01
1.178569e-01
1.179068e-01
1.179570e-01
1.180075e-01
1.180584e-01
1.181099e-01
1.181634e-01
1.182121e-01
1.182609e-01
1.183100e-01
1.183593e-01
1.184089e-01
1.184587e-01
1.185087e-01
1.185590e-01
1.186096e-01
1.186605e-01
1.187118e-01
1.187635e-01
1.188130e-01
1.188620e-01
1.189107e-01
1.189597e-01
1.190088e-01
1.190583e-01
1.191081e-01
1.191583e-01
1.192089e-01
1.192598e-01
1.193093e-01
1.193588e-01
1.194082e-01
1.194570e-01
1.195055e-01
1.195544e-01
1.196034e-01
1.196528e-01
1.197025e-01
1.197526e-01
1.198032e-01
1.198542e-01
1.199033e-01
1.199519e-01
1.200003e-01
1.200489e-01
1.200977e-01
1.201469e-01
1.201963e-01
1.202461e-01
1.202962e-01
1.203466e-01
1.203956e-01
1.204447e-01
1.204937e-01
1.205422e-01
1.205906e-01
1.206392e-01
1.206882e-01
1.207375e-01
1.207873e-01
1.208376e-01
1.208884e-01
1.209397e-01
1.209890e-01
1.210378e-01
1.210865e-01
1.211355e-01
1.211848e-01
1.212345e-01
1.212846e-01
1.213351e-01
1.213859e-01
1.214371e-01
1.214889e-01
1.215411e-01
1.215911e-01
1.216406e-01
1.216900e-01
1.217397e-01
1.217897e-01
1.218401e-01
1.218909e-01
1.219421e-01
1.219936e-01
1.220455e-01
1.220979e-01
1.221507e-01
1.222014e-01
1.222517e-01
1.223017e-01
1.223521e-01
1.224026e-01
1.224537e-01
1.225050e-01
1.225566e-01
1.226085e-01
1.226608e-01
1.227135e-01
1.227666e-01
1.228202e-01
1.228741e-01
1.229255e-01
1.229765e-01
1.230272e-01
1.230782e-01
1.231294e-01
1.231811e-01
1.232331e-01
1.232854e-01
1.233380e-01
1.233909e-01
1.234443e-01
1.234980e-01
1.235516e-01
1.236061e-01
1.236582e-01
1.237097e-01
1.237610e-01
1.238126e-01
1.238643e-01
1.239165e-01
1.239690e-01
1.240217e-01
1.240747e-01
1.241281e-01
1.241817e-01
1.242357e-01
1.242888e-01
1.243434e-01
1.243985e-01
1.244539e-01
1.245066e-01
1.245587e-01
1.246106e-01
1.246628e-01
1.247152e-01
1.247680e-01
1.248212e-01
1.248746e-01
1.249282e-01
1.249823e-01
1.250367e-01
1.250913e-01
1.251463e-01
1.252017e-01
1.252575e-01
1.253136e-01
1.253669e-01
1.254196e-01
1.254721e-01
1.255249e-01
1.255779e-01
1.256313e-01
1.256850e-01
1.257390e-01
1.257932e-01
1.258478e-01
1.259027e-01
1.259579e-01
1.260135e-01
1.260693e-01
1.261255e-01
1.261821e-01
1.262360e-01
1.262893e-01
1.263423e-01
1.263956e-01
1.264491e-01
1.265030e-01
1.265572e-01
1.266117e-01
1.266666e-01
1.267215e-01
1.267765e-01
1.268318e-01
1.268875e-01
1.269434e-01
1.269997e-01
1.270563e-01
1.271133e-01
1.271707e-01
1.272251e-01
1.272789e-01
1.273325e-01
1.273863e-01
1.274403e-01
1.274948e-01
1.275495e-01
1.276046e-01
1.276600e-01
1.277154e-01
1.277709e-01
1.278266e-01
1.278827e-01
1.279389e-01
1.279955e-01
1.280522e-01
1.281093e-01
1.281666e-01
1.282242e-01
1.282838e-01
1.283380e-01
1.283925e-01
1.284471e-01
1.285021e-01
1.285574e-01
1.286130e-01
1.286690e-01
1.287248e-01
1.287807e-01
1.288368e-01
1.288931e-01
1.289494e-01
1.290051e-01
1.290604e-01
1.291153e-01
1.291699e-01
1.292243e-01
1.292784e-01
1.293324e-01
1.293862e-01
1.294398e-01
1.294934e-01
1.295471e-01
1.296061e-01
1.296596e-01
1.297186e-01
1.297721e-01
1.298258e-01
1.298797e-01
1.299390e-01
1.299930e-01
1.300523e-01
1.301129e-01
1.301726e-01
1.302312e-01
1.302920e-01
1.303465e-01
1.304065e-01
1.304666e-01
1.305275e-01
1.305883e-01
1.306490e-01
1.307041e-01
1.307647e-01
1.308199e-01
1.308805e-01
1.309402e-01
1.310008e-01
1.310563e-01
1.311169e-01
1.311768e-01
1.312375e-01
1.312984e-01
1.313591e-01
1.314150e-01
1.314758e-01
1.315317e-01
1.315926e-01
1.316528e-01
1.317139e-01
1.317701e-01
1.318263e-01
1.318825e-01
1.319428e-01
1.319990e-01
1.320553e-01
1.321118e-01
1.321682e-01
1.322247e-01
1.322811e-01
1.323376e-01
1.323941e-01
1.324507e-01
1.325073e-01
1.325639e-01
1.326206e-01
1.326772e-01
1.327338e-01
1.327904e-01
1.328470e-01
1.329037e-01
1.329603e-01
1.330168e-01
1.330732e-01
1.331296e-01
1.331859e-01
1.332423e-01
1.332988e-01
1.333553e-01
1.334119e-01
1.334684e-01
1.335250e-01
1.335814e-01
1.336372e-01
1.336930e-01
1.337485e-01
1.338038e-01
1.338590e-01
1.339141e-01
1.339692e-01
1.340245e-01
1.340798e-01
1.341353e-01
1.341908e-01
1.342465e-01
1.343021e-01
1.343579e-01
1.344137e-01
1.344694e-01
1.345252e-01
1.345808e-01
1.346364e-01
1.346919e-01
1.347474e-01
1.348028e-01
1.348582e-01
1.349136e-01
1.349690e-01
1.350244e-01
1.350797e-01
1.351350e-01
1.351904e-01
1.352457e-01
1.353010e-01
1.353563e-01
1.354116e-01
1.354669e-01
1.355222e-01
1.355776e-01
1.356329e-01
1.356883e-01
1.357437e-01
1.357990e-01
1.358544e-01
1.359099e-01
1.359653e-01
1.360208e-01
1.360763e-01
1.361318e-01
1.361873e-01
1.362428e-01
1.362984e-01
1.363540e-01
1.364096e-01
1.364652e-01
1.365208e-01
1.365765e-01
1.366322e-01
1.366879e-01
1.367436e-01
1.367994e-01
1.368551e-01
1.369109e-01
1.369667e-01
1.370225e-01
1.370783e-01
1.371341e-01
1.371901e-01
1.372460e-01
1.373020e-01
1.373579e-01
1.374139e-01
1.374699e-01
1.375258e-01
1.375818e-01
1.376378e-01
1.376938e-01
1.377497e-01
1.378057e-01
1.378616e-01
1.379176e-01
1.379736e-01
1.380295e-01
1.380855e-01
1.381415e-01
1.381974e-01
1.382534e-01
1.383093e-01
1.383653e-01
1.384213e-01
1.384773e-01
1.385332e-01
1.385892e-01
1.386452e-01
1.387011e-01
1.387571e-01
1.388130e-01
1.388689e-01
1.389248e-01
1.389808e-01
1.390366e-01
1.390925e-01
1.391484e-01
1.392043e-01
1.392602e-01
1.393160e-01
1.393719e-01
1.394278e-01
1.394836e-01
1.395395e-01
1.395953e-01
1.396512e-01
1.397070e-01
1.397629e-01
1.398187e-01
1.398745e-01
1.399302e-01
1.399860e-01
1.400418e-01
1.400975e-01
1.401532e-01
1.402091e-01
1.402649e-01
1.403207e-01
1.403764e-01
1.404322e-01
1.404879e-01
1.405436e-01
1.405993e-01
1.406550e-01
1.407106e-01
1.407662e-01
1.408219e-01
1.408775e-01
1.409331e-01
1.409888e-01
1.410444e-01
1.411000e-01
1.411557e-01
1.412114e-01
1.412670e-01
1.413228e-01
1.413785e-01
1.414343e-01
1.414901e-01
1.415460e-01
1.416019e-01
1.416580e-01
1.417141e-01
1.417702e-01
1.418263e-01
1.418825e-01
1.419388e-01
1.419950e-01
1.420513e-01
1.421076e-01
1.421640e-01
1.422205e-01
1.422769e-01
1.423334e-01
1.423900e-01
1.424466e-01
1.425033e-01
1.425600e-01
1.426167e-01
1.426733e-01
1.427299e-01
1.427864e-01
1.428428e-01
1.428992e-01
1.429555e-01
1.430118e-01
1.430680e-01
1.431242e-01
1.431803e-01
1.432363e-01
1.432923e-01
1.433483e-01
1.434042e-01
1.434600e-01
1.435158e-01
1.435716e-01
1.436273e-01
1.436830e-01
1.437387e-01
1.437943e-01
1.438499e-01
1.439054e-01
1.439610e-01
1.440165e-01
1.440720e-01
1.441275e-01
1.441830e-01
1.442384e-01
1.442938e-01
1.443492e-01
1.444045e-01
1.444598e-01
1.445152e-01
1.445705e-01
1.446258e-01
1.446812e-01
1.447366e-01
1.447920e-01
1.448474e-01
1.449028e-01
1.449581e-01
1.450134e-01
1.450687e-01
1.451238e-01
1.451789e-01
1.452339e-01
1.452887e-01
1.453435e-01
1.453981e-01
1.454526e-01
1.455069e-01
1.455611e-01
1.456152e-01
1.456692e-01
1.457231e-01
1.457768e-01
1.458305e-01
1.458841e-01
1.459376e-01
1.459911e-01
1.460445e-01
1.460978e-01
1.461511e-01
1.462044e-01
1.462576e-01
1.463108e-01
1.463640e-01
1.464172e-01
1.464703e-01
1.465235e-01
1.465766e-01
1.466298e-01
1.466829e-01
1.467361e-01
1.467893e-01
1.468426e-01
1.468958e-01
1.469491e-01
1.470025e-01
1.470558e-01
1.471092e-01
1.471626e-01
1.472160e-01
1.472694e-01
1.473229e-01
1.473764e-01
1.474299e-01
1.474834e-01
1.475369e-01
1.475904e-01
1.476440e-01
1.476975e-01
1.477511e-01
1.478046e-01
1.478581e-01
1.479116e-01
1.479651e-01
1.480186e-01
1.480721e-01
1.481256e-01
1.481791e-01
1.482325e-01
1.482859e-01
1.483393e-01
1.483927e-01
1.484461e-01
1.484995e-01
1.485529e-01
1.486062e-01
1.486596e-01
1.487129e-01
1.487663e-01
1.488201e-01
1.488738e-01
1.489276e-01
1.489814e-01
1.490352e-01
1.490889e-01
1.491427e-01
1.491965e-01
1.492502e-01
1.493040e-01
1.493578e-01
1.494116e-01
1.494654e-01
1.495192e-01
1.495730e-01
1.496269e-01
1.496807e-01
1.497346e-01
1.497884e-01
1.498423e-01
1.498962e-01
1.499501e-01
1.500041e-01
1.500580e-01
1.501120e-01
1.501659e-01
1.502199e-01
1.502739e-01
1.503279e-01
1.503819e-01
1.504360e-01
1.504900e-01
1.505441e-01
1.505981e-01
1.506522e-01
1.507063e-01
1.507605e-01
1.508146e-01
1.508688e-01
1.509229e-01
1.509771e-01
1.510313e-01
1.510855e-01
1.511397e-01
1.511939e-01
1.512481e-01
1.513023e-01
1.513566e-01
1.514108e-01
1.514651e-01
1.515194e-01
1.515737e-01
1.516280e-01
1.516823e-01
1.517366e-01
1.517909e-01
1.518452e-01
1.518996e-01
1.519539e-01
1.520083e-01
1.520627e-01
1.521171e-01
1.521715e-01
1.522260e-01
1.522804e-01
1.523349e-01
1.523894e-01
1.524439e-01
1.524984e-01
1.525529e-01
1.526074e-01
1.526619e-01
1.527165e-01
1.527711e-01
1.528256e-01
1.528802e-01
1.529349e-01
1.529895e-01
1.530441e-01
1.530988e-01
1.531535e-01
1.532081e-01
1.532628e-01
1.533176e-01
1.533723e-01
1.534270e-01
1.534818e-01
1.535366e-01
1.535914e-01
1.536462e-01
1.537010e-01
1.537559e-01
1.538108e-01
1.538657e-01
1.539206e-01
1.539755e-01
1.540305e-01
1.540854e-01
1.541404e-01
1.541955e-01
1.542505e-01
1.543056e-01
1.543607e-01
1.544158e-01
1.544709e-01
1.545261e-01
1.545813e-01
1.546365e-01
1.546917e-01
1.547470e-01
1.548023e-01
1.548576e-01
1.549129e-01
1.549682e-01
1.550236e-01
1.550790e-01
1.551344e-01
1.551899e-01
1.552453e-01
1.553008e-01
1.553563e-01
1.554123e-01
1.554683e-01
1.555243e-01
1.555804e-01
1.556364e-01
1.556925e-01
1.557487e-01
1.558045e-01
1.558607e-01
1.559164e-01
1.559727e-01
1.560289e-01
1.560852e-01
1.561407e-01
1.561961e-01
1.562514e-01
1.563064e-01
1.563612e-01
1.564157e-01
1.564699e-01
1.565239e-01
1.565776e-01
1.566309e-01
1.566838e-01
1.567363e-01
1.567886e-01
1.568406e-01
1.568923e-01
1.569437e-01
1.569950e-01
1.570459e-01
1.570968e-01
1.571474e-01
1.571979e-01
1.572482e-01
1.572985e-01
1.573486e-01
1.573987e-01
1.574487e-01
1.574987e-01
1.575497e-01
1.576017e-01
1.576541e-01
1.577071e-01
1.577614e-01
1.578096e-01
1.578581e-01
1.579066e-01
1.579554e-01
1.580044e-01
1.580532e-01
1.581019e-01
1.581509e-01
1.581999e-01
1.582491e-01
1.582984e-01
1.583477e-01
1.583969e-01
1.584462e-01
1.584957e-01
1.585453e-01
1.585949e-01
1.586444e-01
1.586940e-01
1.587435e-01
1.587930e-01
1.588425e-01
1.588920e-01
1.589413e-01
1.589906e-01
1.590398e-01
1.590891e-01
1.591382e-01
1.591873e-01
1.592364e-01
1.592855e-01
1.593345e-01
1.593835e-01
1.594324e-01
1.594814e-01
1.595303e-01
1.595792e-01
1.596330e-01
1.596818e-01
1.597306e-01
1.597795e-01
1.598333e-01
1.598821e-01
1.599359e-01
1.599943e-01
1.600530e-01
1.601115e-01
1.601697e-01
1.602277e-01
1.602854e-01
1.603424e-01
1.603995e-01
1.604485e-01
1.605025e-01
1.605515e-01
1.606054e-01
1.606594e-01
1.607131e-01
1.607665e-01
1.608199e-01
1.608690e-01
1.609221e-01
1.609750e-01
1.610279e-01
1.610806e-01
1.611333e-01
1.611861e-01
1.612389e-01
1.612882e-01
1.613412e-01
1.613926e-01
1.614433e-01
1.614937e-01
1.615442e-01
1.615947e-01
1.616456e-01
1.616950e-01
1.617461e-01
1.617973e-01
1.618488e-01
1.619004e-01
1.619523e-01
1.620044e-01
1.620568e-01
1.621063e-01
1.621590e-01
1.622120e-01
1.622652e-01
1.623186e-01
1.623729e-01
1.624226e-01
1.624772e-01
1.625287e-01
1.625804e-01
1.626325e-01
1.626845e-01
1.627364e-01
1.627887e-01
1.628412e-01
1.628941e-01
1.629472e-01
1.630007e-01
1.630545e-01
1.631079e-01
1.631612e-01
1.632147e-01
1.632684e-01
1.633224e-01
1.633766e-01
1.634309e-01
1.634852e-01
1.635393e-01
1.635934e-01
1.636475e-01
1.637015e-01
1.637553e-01
1.638088e-01
1.638623e-01
1.639156e-01
1.639687e-01
1.640215e-01
1.640741e-01
1.641265e-01
1.641788e-01
1.642308e-01
1.642827e-01
1.643344e-01
1.643913e-01
1.644426e-01
1.644988e-01
1.645501e-01
1.646064e-01
1.646574e-01
1.647136e-01
1.647701e-01
1.648259e-01
1.648808e-01
1.649371e-01
1.649941e-01
1.650512e-01
1.651074e-01
1.651635e-01
1.652187e-01
1.652751e-01
1.653320e-01
1.653884e-01
1.654438e-01
1.654997e-01
1.655548e-01
1.656110e-01
1.656670e-01
1.657226e-01
1.657774e-01
1.658331e-01
1.658878e-01
1.659438e-01
1.659997e-01
1.660552e-01
1.661101e-01
1.661657e-01
1.662205e-01
1.662765e-01
1.663326e-01
1.663885e-01
1.664438e-01
1.664995e-01
1.665542e-01
1.666102e-01
1.666668e-01
1.667233e-01
1.667791e-01
1.668345e-01
1.668893e-01
1.669441e-01
1.669986e-01
1.670529e-01
1.671069e-01
1.671609e-01
1.672146e-01
1.672684e-01
1.673219e-01
1.673755e-01
1.674290e-01
1.674824e-01
1.675358e-01
1.675892e-01
1.676424e-01
1.676958e-01
1.677490e-01
1.678023e-01
1.678555e-01
1.679087e-01
1.679619e-01
1.680152e-01
1.680684e-01
1.681217e-01
1.681749e-01
1.682321e-01
1.682899e-01
1.683478e-01
1.684053e-01
1.684622e-01
1.685181e-01
1.685754e-01
1.686334e-01
1.686913e-01
1.687488e-01
1.688057e-01
1.688615e-01
1.689188e-01
1.689767e-01
1.690346e-01
1.690920e-01
1.691488e-01
1.692046e-01
1.692618e-01
1.693196e-01
1.693774e-01
1.694347e-01
1.694914e-01
1.695470e-01
1.696041e-01
1.696618e-01
1.697195e-01
1.697766e-01
1.698332e-01
1.698887e-01
1.699456e-01
1.700031e-01
1.700605e-01
1.701175e-01
1.701739e-01
1.702292e-01
1.702858e-01
1.703430e-01
1.704002e-01
1.704568e-01
1.705127e-01
1.705676e-01
1.706236e-01
1.706801e-01
1.707363e-01
1.707919e-01
1.708466e-01
1.709000e-01
1.709546e-01
1.710094e-01
1.710640e-01
1.711178e-01
1.711709e-01
1.712228e-01
1.712755e-01
1.713285e-01
1.713812e-01
1.714332e-01
1.714846e-01
1.715352e-01
1.715868e-01
1.716387e-01
1.716905e-01
1.717418e-01
1.717927e-01
1.718431e-01
1.718940e-01
1.719457e-01
1.719975e-01
1.720489e-01
1.721000e-01
1.721506e-01
1.722009e-01
1.722509e-01
1.723007e-01
1.723502e-01
1.723997e-01
1.724489e-01
1.724980e-01
1.725470e-01
1.725961e-01
1.726450e-01
1.726939e-01
1.727427e-01
1.727916e-01
1.728404e-01
1.728892e-01
1.729380e-01
1.729868e-01
1.730356e-01
1.730845e-01
1.731333e-01
1.731823e-01
1.732311e-01
1.732801e-01
1.733290e-01
1.733828e-01
1.734393e-01
1.735002e-01
1.735566e-01
1.736171e-01
1.736736e-01
1.737301e-01
1.737868e-01
1.738466e-01
1.739033e-01
1.739627e-01
1.740194e-01
1.740783e-01
1.741350e-01
1.741918e-01
1.742487e-01
1.743057e-01
1.743626e-01
1.744196e-01
1.744765e-01
1.745334e-01
1.745901e-01
1.746462e-01
1.747012e-01
1.747572e-01
1.748135e-01
1.748698e-01
1.749256e-01
1.749818e-01
1.750382e-01
1.750947e-01
1.751508e-01
1.752071e-01
1.752637e-01
1.753202e-01
1.753762e-01
1.754328e-01
1.754895e-01
1.755460e-01
1.756018e-01
1.756586e-01
1.757157e-01
1.757729e-01
1.758296e-01
1.758870e-01
1.759447e-01
1.760022e-01
1.760593e-01
1.761169e-01
1.761744e-01
1.762321e-01
1.762891e-01
1.763468e-01
1.764045e-01
1.764620e-01
1.765195e-01
1.765771e-01
1.766346e-01
1.766922e-01
1.767499e-01
1.768074e-01
1.768650e-01
1.769226e-01
1.769802e-01
1.770379e-01
1.770946e-01
1.771528e-01
1.772113e-01
1.772700e-01
1.773287e-01
1.773870e-01
1.774442e-01
1.775031e-01
1.775628e-01
1.776227e-01
1.776822e-01
1.777413e-01
1.777994e-01
1.778591e-01
1.779195e-01
1.779801e-01
1.780402e-01
1.780997e-01
1.781562e-01
1.782128e-01
1.782648e-01
1.783218e-01
1.783789e-01
1.784363e-01
1.784939e-01
1.785511e-01
1.786033e-01
1.786604e-01
1.787127e-01
1.787700e-01
1.788223e-01
1.788797e-01
1.789374e-01
1.789951e-01
1.790475e-01
1.791049e-01
1.791573e-01
1.792146e-01
1.792670e-01
1.793245e-01
1.793821e-01
1.794398e-01
1.794924e-01
1.795499e-01
1.796024e-01
1.796599e-01
1.797123e-01
1.797700e-01
1.798224e-01
1.798749e-01
1.799275e-01
1.799852e-01
1.800378e-01
1.800955e-01
1.801480e-01
1.802059e-01
1.802637e-01
1.803215e-01
1.803742e-01
1.804320e-01
1.804847e-01
1.805426e-01
1.805953e-01
1.806531e-01
1.807109e-01
1.807688e-01
1.808216e-01
1.808794e-01
1.809322e-01
1.809900e-01
1.810427e-01
1.811003e-01
1.811529e-01
1.812056e-01
1.812583e-01
1.813158e-01
1.813685e-01
1.814256e-01
1.814783e-01
1.815352e-01
1.815877e-01
1.816404e-01
1.816931e-01
1.817498e-01
1.818025e-01
1.818591e-01
1.819118e-01
1.819684e-01
1.820209e-01
1.820736e-01
1.821264e-01
1.821832e-01
1.822360e-01
1.822927e-01
1.823455e-01
1.824022e-01
1.824548e-01
1.825075e-01
1.825604e-01
1.826178e-01
1.826706e-01
1.827279e-01
1.827806e-01
1.828377e-01
1.828904e-01
1.829431e-01
1.829960e-01
1.830537e-01
1.831065e-01
1.831643e-01
1.832170e-01
1.832746e-01
1.833273e-01
1.833800e-01
1.834329e-01
1.834905e-01
1.835434e-01
1.836013e-01
1.836540e-01
1.837120e-01
1.837646e-01
1.838173e-01
1.838701e-01
1.839277e-01
1.839804e-01
1.840382e-01
1.840909e-01
1.841487e-01
1.842068e-01
1.842649e-01
1.843176e-01
1.843755e-01
1.844281e-01
1.844860e-01
1.845385e-01
1.845963e-01
1.846544e-01
1.847125e-01
1.847652e-01
1.848231e-01
1.848757e-01
1.849336e-01
1.849861e-01
1.850439e-01
1.851021e-01
1.851603e-01
1.852129e-01
1.852708e-01
1.853234e-01
1.853813e-01
1.854338e-01
1.854915e-01
1.855507e-01
1.856102e-01
1.856628e-01
1.857207e-01
1.857733e-01
1.858311e-01
1.858889e-01
1.859463e-01
1.860033e-01
1.860600e-01
1.861125e-01
1.861687e-01
1.862212e-01
1.862771e-01
1.863295e-01
1.863854e-01
1.864412e-01
1.864970e-01
1.865494e-01
1.866053e-01
1.866576e-01
1.867136e-01
1.867696e-01
1.868257e-01
1.868819e-01
1.869383e-01
1.869907e-01
1.870473e-01
1.870996e-01
1.871564e-01
1.872131e-01
1.872700e-01
1.873270e-01
1.873840e-01
1.874362e-01
1.874924e-01
1.875446e-01
1.876006e-01
1.876566e-01
1.877125e-01
1.877683e-01
1.878242e-01
1.878764e-01
1.879321e-01
1.879843e-01
1.880399e-01
1.880955e-01
1.881512e-01
1.882069e-01
1.882628e-01
1.883149e-01
1.883710e-01
1.884231e-01
1.884795e-01
1.885357e-01
1.885919e-01
1.886482e-01
1.887045e-01
1.887566e-01
1.888129e-01
1.888650e-01
1.889216e-01
1.889783e-01
1.890350e-01
1.890920e-01
1.891491e-01
1.892011e-01
1.892582e-01
1.893102e-01
1.893670e-01
1.894189e-01
1.894760e-01
1.895332e-01
1.895907e-01
1.896426e-01
1.896998e-01
1.897517e-01
1.898088e-01
1.898606e-01
1.899176e-01
1.899750e-01
1.900326e-01
1.900844e-01
1.901415e-01
1.901933e-01
1.902504e-01
1.903021e-01
1.903590e-01
1.904169e-01
1.904755e-01
1.905274e-01
1.905844e-01
1.906361e-01
1.906931e-01
1.907448e-01
1.908016e-01
1.908596e-01
1.909186e-01
1.909703e-01
1.910262e-01
1.910779e-01
1.911338e-01
1.911854e-01
1.912417e-01
1.912982e-01
1.913549e-01
1.914066e-01
1.914633e-01
1.915149e-01
1.915716e-01
1.916232e-01
1.916799e-01
1.917370e-01
1.917942e-01
1.918458e-01
1.919027e-01
1.919543e-01
1.920111e-01
1.920681e-01
1.921252e-01
1.921826e-01
1.922397e-01
1.922914e-01
1.923482e-01
1.923997e-01
1.924565e-01
1.925080e-01
1.925646e-01
1.926222e-01
1.926798e-01
1.927314e-01
1.927882e-01
1.928397e-01
1.928965e-01
1.929479e-01
1.930045e-01
1.930622e-01
1.931208e-01
1.931724e-01
1.932292e-01
1.932807e-01
1.933375e-01
1.933889e-01
1.934456e-01
1.935032e-01
1.935632e-01
1.936148e-01
1.936709e-01
1.937225e-01
1.937785e-01
1.938300e-01
1.938863e-01
1.939428e-01
1.939996e-01
1.940513e-01
1.941080e-01
1.941596e-01
1.942162e-01
1.942729e-01
1.943298e-01
1.943868e-01
1.944440e-01
1.944958e-01
1.945526e-01
1.946043e-01
1.946612e-01
1.947181e-01
1.947751e-01
1.948322e-01
1.948895e-01
1.949413e-01
1.949982e-01
1.950500e-01
1.951070e-01
1.951647e-01
1.952222e-01
1.952796e-01
1.953371e-01
1.953890e-01
1.954460e-01
1.954979e-01
1.955549e-01
1.956127e-01
1.956707e-01
1.957283e-01
1.957872e-01
1.958391e-01
1.958962e-01
1.959481e-01
1.960052e-01
1.960570e-01
1.961140e-01
1.961718e-01
1.962320e-01
1.962840e-01
1.963402e-01
1.963921e-01
1.964481e-01
1.965000e-01
1.965560e-01
1.966120e-01
1.966684e-01
1.967203e-01
1.967770e-01
1.968290e-01
1.968859e-01
1.969378e-01
1.969944e-01
1.970507e-01
1.971072e-01
1.971592e-01
1.972159e-01
1.972679e-01
1.973249e-01
1.973768e-01
1.974338e-01
1.974910e-01
1.975480e-01
1.976000e-01
1.976570e-01
1.977090e-01
1.977662e-01
1.978182e-01
1.978753e-01
1.979327e-01
1.979910e-01
1.980431e-01
1.981004e-01
1.981525e-01
1.982098e-01
1.982618e-01
1.983190e-01
1.983748e-01
1.984300e-01
1.984822e-01
1.985373e-01
1.985894e-01
1.986448e-01
1.986970e-01
1.987527e-01
1.988087e-01
1.988648e-01
1.989171e-01
1.989729e-01
1.990252e-01
1.990809e-01
1.991331e-01
1.991891e-01
1.992453e-01
1.993017e-01
1.993541e-01
1.994104e-01
1.994628e-01
1.995192e-01
1.995715e-01
1.996282e-01
1.996850e-01
1.997418e-01
1.997943e-01
1.998519e-01
1.999044e-01
1.999621e-01
2.000146e-01
2.000723e-01
2.001270e-01
