#   1 : Date        
# Date        
0.000000e+00
1.807392e-05
2.358625e-05
2.857230e-05
3.322766e-05
3.834856e-05
4.398155e-05
5.017784e-05
5.699375e-05
6.449126e-05
7.225505e-05
8.079521e-05
8.874369e-05
9.748702e-05
1.071047e-04
1.165138e-04
1.268638e-04
1.380272e-04
1.495999e-04
1.612793e-04
1.741267e-04
1.872639e-04
2.003268e-04
2.146959e-04
2.289642e-04
2.431721e-04
2.578019e-04
2.730801e-04
2.887160e-04
3.050993e-04
3.216804e-04
3.387339e-04
3.561641e-04
3.740938e-04
3.927159e-04
4.115968e-04
4.308532e-04
4.507971e-04
4.709530e-04
4.913547e-04
5.124403e-04
5.338679e-04
5.557611e-04
5.781527e-04
6.008792e-04
6.239794e-04
6.473867e-04
6.712949e-04
6.955289e-04
7.200692e-04
7.450263e-04
7.702522e-04
7.959269e-04
8.219473e-04
8.483547e-04
8.751598e-04
9.023168e-04
9.297394e-04
9.575192e-04
9.855514e-04
1.013887e-03
1.042757e-03
1.071955e-03
1.101419e-03
1.131338e-03
1.161528e-03
1.192213e-03
1.223280e-03
1.254679e-03
1.286354e-03
1.318457e-03
1.350758e-03
1.383336e-03
1.416466e-03
1.449902e-03
1.483532e-03
1.517606e-03
1.551990e-03
1.586634e-03
1.621703e-03
1.657116e-03
1.692706e-03
1.728807e-03
1.765120e-03
1.801694e-03
1.838612e-03
1.876024e-03
1.913546e-03
1.951522e-03
1.989766e-03
2.028231e-03
2.066822e-03
2.105947e-03
2.145240e-03
2.184855e-03
2.224888e-03
2.265156e-03
2.305506e-03
2.346287e-03
2.387420e-03
2.428752e-03
2.470551e-03
2.512560e-03
2.554843e-03
2.597349e-03
2.640396e-03
2.683690e-03
2.727077e-03
2.770747e-03
2.814437e-03
2.858225e-03
2.901980e-03
2.945739e-03
2.989508e-03
3.033330e-03
3.077175e-03
3.121090e-03
3.165041e-03
3.209087e-03
3.253158e-03
3.297324e-03
3.341566e-03
3.385915e-03
3.430366e-03
3.474896e-03
3.519460e-03
3.564103e-03
3.608787e-03
3.653557e-03
3.698406e-03
3.743349e-03
3.788358e-03
3.833468e-03
3.878645e-03
3.923935e-03
3.969327e-03
4.014855e-03
4.060496e-03
4.106279e-03
4.152198e-03
4.198263e-03
4.241268e-03
4.284420e-03
4.326709e-03
4.369341e-03
4.409714e-03
4.450308e-03
4.489701e-03
4.529109e-03
4.568049e-03
4.606667e-03
4.645376e-03
4.683383e-03
4.721397e-03
4.759353e-03
4.796607e-03
4.833506e-03
4.867675e-03
4.903631e-03
4.939186e-03
4.974439e-03
5.008895e-03
5.043536e-03
5.077318e-03
5.111166e-03
5.144764e-03
5.178456e-03
5.211825e-03
5.245834e-03
5.279407e-03
5.313285e-03
5.346972e-03
5.380607e-03
5.415018e-03
5.448688e-03
5.482749e-03
5.516353e-03
5.550698e-03
5.585644e-03
5.620272e-03
5.655578e-03
5.691045e-03
5.726692e-03
5.762232e-03
5.798261e-03
5.834217e-03
5.869574e-03
5.904232e-03
5.938280e-03
5.971777e-03
6.004700e-03
6.036984e-03
6.068735e-03
6.099840e-03
6.130018e-03
6.159471e-03
6.188127e-03
6.215499e-03
6.241371e-03
6.266119e-03
6.289854e-03
6.312523e-03
6.334186e-03
6.354947e-03
6.375003e-03
6.394224e-03
6.412904e-03
6.431012e-03
6.448703e-03
6.465967e-03
6.482965e-03
6.499449e-03
6.515737e-03
6.531918e-03
6.548108e-03
6.564026e-03
6.579890e-03
6.595674e-03
6.611511e-03
6.627365e-03
6.643331e-03
6.659216e-03
6.675082e-03
6.690905e-03
6.706773e-03
6.722658e-03
6.738633e-03
6.754669e-03
6.770713e-03
6.786705e-03
6.802713e-03
6.818716e-03
6.834776e-03
6.850871e-03
6.867056e-03
6.883285e-03
6.899499e-03
6.915683e-03
6.931895e-03
6.948115e-03
6.964397e-03
6.980723e-03
6.997142e-03
7.013627e-03
7.030114e-03
7.046590e-03
7.063107e-03
7.079650e-03
7.096273e-03
7.112956e-03
7.129754e-03
7.146646e-03
7.163624e-03
7.180619e-03
7.197681e-03
7.214798e-03
7.232022e-03
7.249338e-03
7.266799e-03
7.284388e-03
7.302158e-03
7.320023e-03
7.337982e-03
7.356029e-03
7.374210e-03
7.392517e-03
7.410996e-03
7.429637e-03
7.448487e-03
7.467534e-03
7.486739e-03
7.506055e-03
7.525519e-03
7.545133e-03
7.564935e-03
7.584924e-03
7.605138e-03
7.625574e-03
7.646248e-03
7.667044e-03
7.687997e-03
7.709112e-03
7.730424e-03
7.751935e-03
7.773683e-03
7.795665e-03
7.817900e-03
7.840260e-03
7.862781e-03
7.885468e-03
7.908359e-03
7.931454e-03
7.954785e-03
7.978302e-03
8.002028e-03
8.025938e-03
8.050015e-03
8.074261e-03
8.098702e-03
8.123299e-03
8.148076e-03
8.173047e-03
8.198236e-03
8.223635e-03
8.249178e-03
8.274849e-03
8.300671e-03
8.326661e-03
8.352845e-03
8.379209e-03
8.405746e-03
8.432464e-03
8.459306e-03
8.486290e-03
8.513442e-03
8.540722e-03
8.568158e-03
8.595762e-03
8.623561e-03
8.651505e-03
8.679562e-03
8.707730e-03
8.736036e-03
8.764495e-03
8.793110e-03
8.821867e-03
8.850789e-03
8.879813e-03
8.908959e-03
8.938237e-03
8.967629e-03
8.997154e-03
9.026836e-03
9.056675e-03
9.086634e-03
9.116680e-03
9.146831e-03
9.177107e-03
9.207522e-03
9.238055e-03
9.268729e-03
9.299528e-03
9.330425e-03
9.361442e-03
9.392552e-03
9.423778e-03
9.455142e-03
9.486636e-03
9.518258e-03
9.549978e-03
9.581789e-03
9.613714e-03
9.645752e-03
9.677899e-03
9.710175e-03
9.742600e-03
9.775123e-03
9.807751e-03
9.840462e-03
9.873283e-03
9.906233e-03
9.939290e-03
9.972466e-03
1.000578e-02
1.003919e-02
1.007270e-02
1.010632e-02
1.014003e-02
1.017386e-02
1.020784e-02
1.024192e-02
1.027612e-02
1.031042e-02
1.034482e-02
1.037934e-02
1.041397e-02
1.044870e-02
1.048356e-02
1.051856e-02
1.055367e-02
1.058889e-02
1.062420e-02
1.065962e-02
1.069516e-02
1.073082e-02
1.076661e-02
1.080251e-02
1.083854e-02
1.087466e-02
1.091091e-02
1.094727e-02
1.098373e-02
1.102032e-02
1.105705e-02
1.109391e-02
1.113088e-02
1.116795e-02
1.120513e-02
1.124243e-02
1.127986e-02
1.131743e-02
1.135512e-02
1.139163e-02
1.142619e-02
1.145912e-02
1.149112e-02
1.152632e-02
1.156467e-02
1.160312e-02
1.164171e-02
1.168042e-02
1.171925e-02
1.175821e-02
1.179727e-02
1.183644e-02
1.187574e-02
1.191516e-02
1.195473e-02
1.199441e-02
1.203420e-02
1.207408e-02
1.211408e-02
1.215419e-02
1.219442e-02
1.223477e-02
1.227522e-02
1.231578e-02
1.235646e-02
1.239724e-02
1.243814e-02
1.247913e-02
1.252021e-02
1.256139e-02
1.260268e-02
1.264408e-02
1.268560e-02
1.272721e-02
1.276891e-02
1.281070e-02
1.285259e-02
1.289458e-02
1.293667e-02
1.297885e-02
1.302110e-02
1.306346e-02
1.310591e-02
1.314848e-02
1.319115e-02
1.323390e-02
1.327674e-02
1.331965e-02
1.336265e-02
1.340575e-02
1.344897e-02
1.349228e-02
1.353568e-02
1.357917e-02
1.362275e-02
1.366642e-02
1.371020e-02
1.375407e-02
1.379805e-02
1.384211e-02
1.388625e-02
1.393050e-02
1.397485e-02
1.401931e-02
1.406389e-02
1.410855e-02
1.415330e-02
1.419814e-02
1.424298e-02
1.428792e-02
1.433289e-02
1.437802e-02
1.442317e-02
1.446838e-02
1.451357e-02
1.455887e-02
1.460418e-02
1.464964e-02
1.469515e-02
1.474073e-02
1.478632e-02
1.483200e-02
1.487767e-02
1.492351e-02
1.496938e-02
1.501538e-02
1.506139e-02
1.510748e-02
1.515355e-02
1.519978e-02
1.524604e-02
1.529245e-02
1.533887e-02
1.538540e-02
1.543191e-02
1.547856e-02
1.552524e-02
1.557209e-02
1.561893e-02
1.566592e-02
1.571290e-02
1.575999e-02
1.580708e-02
1.585436e-02
1.590164e-02
1.594907e-02
1.599652e-02
1.604406e-02
1.609159e-02
1.613926e-02
1.618697e-02
1.623484e-02
1.628272e-02
1.633072e-02
1.637872e-02
1.642683e-02
1.647494e-02
1.652325e-02
1.657157e-02
1.662005e-02
1.666856e-02
1.671715e-02
1.676573e-02
1.681446e-02
1.686321e-02
1.691214e-02
1.696107e-02
1.701016e-02
1.705926e-02
1.710843e-02
1.715759e-02
1.720690e-02
1.725623e-02
1.730572e-02
1.735523e-02
1.740485e-02
1.745448e-02
1.750417e-02
1.755384e-02
1.760365e-02
1.765348e-02
1.770344e-02
1.775341e-02
1.780344e-02
1.785349e-02
1.790357e-02
1.795363e-02
1.800379e-02
1.805396e-02
1.810426e-02
1.815456e-02
1.820490e-02
1.825524e-02
1.830561e-02
1.835596e-02
1.840638e-02
1.845680e-02
1.850733e-02
1.855785e-02
1.860843e-02
1.865902e-02
1.870962e-02
1.876021e-02
1.881085e-02
1.886148e-02
1.891221e-02
1.896295e-02
1.901378e-02
1.906463e-02
1.911551e-02
1.916640e-02
1.921732e-02
1.926825e-02
1.931926e-02
1.937030e-02
1.942146e-02
1.947265e-02
1.952391e-02
1.957522e-02
1.962658e-02
1.967798e-02
1.972945e-02
1.978095e-02
1.983258e-02
1.988425e-02
1.993608e-02
1.998797e-02
2.003994e-02
2.009198e-02
2.014411e-02
2.019631e-02
2.024861e-02
2.030096e-02
2.035348e-02
2.040606e-02
2.045883e-02
2.051167e-02
2.056464e-02
2.061771e-02
2.067089e-02
2.072416e-02
2.077756e-02
2.083101e-02
2.088464e-02
2.093835e-02
2.099229e-02
2.104629e-02
2.110051e-02
2.115483e-02
2.120929e-02
2.126386e-02
2.131857e-02
2.137337e-02
2.142833e-02
2.148332e-02
2.153855e-02
2.159384e-02
2.164941e-02
2.170505e-02
2.176093e-02
2.181686e-02
2.187301e-02
2.192927e-02
2.198568e-02
2.204219e-02
2.209885e-02
2.215555e-02
2.221247e-02
2.226946e-02
2.232674e-02
2.238406e-02
2.244164e-02
2.249924e-02
2.255714e-02
2.261506e-02
2.267324e-02
2.273149e-02
2.278991e-02
2.284841e-02
2.290706e-02
2.296575e-02
2.302468e-02
2.308367e-02
2.314287e-02
2.320210e-02
2.326139e-02
2.332073e-02
2.338013e-02
2.343956e-02
2.349905e-02
2.355857e-02
2.361816e-02
2.367779e-02
2.373750e-02
2.379727e-02
2.385713e-02
2.391703e-02
2.397701e-02
2.403704e-02
2.409715e-02
2.415733e-02
2.421759e-02
2.427794e-02
2.433836e-02
2.439885e-02
2.445941e-02
2.452003e-02
2.458072e-02
2.464147e-02
2.470230e-02
2.476321e-02
2.482421e-02
2.488531e-02
2.494649e-02
2.500774e-02
2.506907e-02
2.513049e-02
2.519199e-02
2.525358e-02
2.531527e-02
2.537702e-02
2.543886e-02
2.550077e-02
2.556277e-02
2.562484e-02
2.568702e-02
2.574924e-02
2.581156e-02
2.587395e-02
2.593643e-02
2.599899e-02
2.606165e-02
2.612439e-02
2.618724e-02
2.625017e-02
2.631320e-02
2.637631e-02
2.643903e-02
2.650117e-02
2.656243e-02
2.662337e-02
2.668350e-02
2.674305e-02
2.680147e-02
2.685919e-02
2.691653e-02
2.697337e-02
2.702975e-02
2.708598e-02
2.714173e-02
2.719739e-02
2.725282e-02
2.730827e-02
2.736349e-02
2.741876e-02
2.747403e-02
2.752949e-02
2.758521e-02
2.764148e-02
2.769806e-02
2.775509e-02
2.781227e-02
2.786986e-02
2.792776e-02
2.798597e-02
2.804400e-02
2.810175e-02
2.815942e-02
2.821733e-02
2.827571e-02
2.833465e-02
2.839445e-02
2.845510e-02
2.851583e-02
2.857675e-02
2.863766e-02
2.869869e-02
2.875960e-02
2.882061e-02
2.888155e-02
2.894272e-02
2.900385e-02
2.906502e-02
2.912616e-02
2.918734e-02
2.924840e-02
2.930965e-02
2.937102e-02
2.943247e-02
2.949367e-02
2.955482e-02
2.961583e-02
2.967705e-02
2.973848e-02
2.979986e-02
2.986113e-02
2.992240e-02
2.998387e-02
3.004540e-02
3.010707e-02
3.016856e-02
3.022998e-02
3.029142e-02
3.035303e-02
3.041459e-02
3.047610e-02
3.053772e-02
3.059935e-02
3.066094e-02
3.072245e-02
3.078401e-02
3.084556e-02
3.090711e-02
3.096846e-02
3.102981e-02
3.109117e-02
3.115266e-02
3.121275e-02
3.127407e-02
3.133534e-02
3.139672e-02
3.145789e-02
3.151939e-02
3.158004e-02
3.164000e-02
3.169673e-02
3.175345e-02
3.180914e-02
3.186306e-02
3.191740e-02
3.197278e-02
3.202730e-02
3.208119e-02
3.213556e-02
3.219024e-02
3.224408e-02
3.229825e-02
3.235196e-02
3.240509e-02
3.245754e-02
3.251018e-02
3.256255e-02
3.261551e-02
3.266773e-02
3.271998e-02
3.277172e-02
3.282389e-02
3.287623e-02
3.292863e-02
3.298091e-02
3.303329e-02
3.308566e-02
3.313808e-02
3.319008e-02
3.324220e-02
3.329422e-02
3.334663e-02
3.339937e-02
3.345215e-02
3.350482e-02
3.355774e-02
3.361096e-02
3.366264e-02
3.371422e-02
3.376641e-02
3.381982e-02
3.387345e-02
3.392700e-02
3.398029e-02
3.403292e-02
3.408476e-02
3.413590e-02
3.418639e-02
3.423648e-02
3.428604e-02
3.433527e-02
3.438428e-02
3.443305e-02
3.448174e-02
3.453029e-02
3.457881e-02
3.462735e-02
3.467584e-02
3.472435e-02
3.477293e-02
3.482157e-02
3.487033e-02
3.491913e-02
3.496802e-02
3.501697e-02
3.506605e-02
3.511523e-02
3.516455e-02
3.521402e-02
3.526362e-02
3.531336e-02
3.536328e-02
3.541336e-02
3.546367e-02
3.551418e-02
3.556492e-02
3.561587e-02
3.566705e-02
3.571845e-02
3.577012e-02
3.582203e-02
3.587421e-02
3.592664e-02
3.597934e-02
3.603229e-02
3.608546e-02
3.613882e-02
3.619236e-02
3.624608e-02
3.629998e-02
3.635404e-02
3.640821e-02
3.646247e-02
3.651683e-02
3.657127e-02
3.662580e-02
3.668039e-02
3.673502e-02
3.678967e-02
3.684439e-02
3.689912e-02
3.695388e-02
3.700865e-02
3.706348e-02
3.711835e-02
3.717330e-02
3.722833e-02
3.728348e-02
3.733870e-02
3.739340e-02
3.744774e-02
3.750194e-02
3.755600e-02
3.760997e-02
3.766380e-02
3.771759e-02
3.777126e-02
3.782477e-02
3.787823e-02
3.793163e-02
3.798502e-02
3.803806e-02
3.809069e-02
3.814290e-02
3.819497e-02
3.824690e-02
3.829893e-02
3.835092e-02
3.840302e-02
3.845525e-02
3.850772e-02
3.856032e-02
3.861283e-02
3.866562e-02
3.871851e-02
3.877145e-02
3.882452e-02
3.887771e-02
3.893108e-02
3.898459e-02
3.903822e-02
3.909207e-02
3.914604e-02
3.920018e-02
3.925448e-02
3.930882e-02
3.936334e-02
3.941794e-02
3.947270e-02
3.952756e-02
3.958257e-02
3.963767e-02
3.969269e-02
3.974762e-02
3.980244e-02
3.985718e-02
3.991187e-02
3.996647e-02
4.002105e-02
4.007557e-02
4.013008e-02
4.018455e-02
4.023904e-02
4.029351e-02
4.034797e-02
4.040247e-02
4.045698e-02
4.051153e-02
4.056612e-02
4.062075e-02
4.067544e-02
4.073018e-02
4.078495e-02
4.083974e-02
4.089460e-02
4.094958e-02
4.100461e-02
4.105974e-02
4.111489e-02
4.117009e-02
4.122528e-02
4.128051e-02
4.133575e-02
4.139102e-02
4.144629e-02
4.150159e-02
4.155689e-02
4.161219e-02
4.166750e-02
4.172280e-02
4.177811e-02
4.183347e-02
4.188881e-02
4.194416e-02
4.199950e-02
4.205486e-02
4.211023e-02
4.216563e-02
4.222104e-02
4.227649e-02
4.233195e-02
4.238745e-02
4.244299e-02
4.249856e-02
4.255417e-02
4.260982e-02
4.266552e-02
4.272127e-02
4.277707e-02
4.283291e-02
4.288880e-02
4.294472e-02
4.300070e-02
4.305672e-02
4.311277e-02
4.316885e-02
4.322496e-02
4.328110e-02
4.333726e-02
4.339343e-02
4.344961e-02
4.350579e-02
4.356204e-02
4.361831e-02
4.367458e-02
4.373084e-02
4.378712e-02
4.384340e-02
4.389968e-02
4.395594e-02
4.401224e-02
4.406855e-02
4.412483e-02
4.418111e-02
4.423736e-02
4.429359e-02
4.434980e-02
4.440599e-02
4.446220e-02
4.451838e-02
4.457452e-02
4.463057e-02
4.468656e-02
4.474242e-02
4.479821e-02
4.485389e-02
4.490952e-02
4.496506e-02
4.502057e-02
4.507599e-02
4.513178e-02
4.518750e-02
4.524315e-02
4.529863e-02
4.535409e-02
4.540944e-02
4.546474e-02
4.551998e-02
4.557519e-02
4.563032e-02
4.568544e-02
4.574049e-02
4.579569e-02
4.585083e-02
4.590595e-02
4.596100e-02
4.601601e-02
4.607095e-02
4.612590e-02
4.617963e-02
4.623374e-02
4.628557e-02
4.633771e-02
4.638711e-02
4.643660e-02
4.648459e-02
4.653268e-02
4.658006e-02
4.662763e-02
4.667480e-02
4.672221e-02
4.676939e-02
4.681680e-02
4.686418e-02
4.691184e-02
4.695951e-02
4.700745e-02
4.705493e-02
4.710246e-02
4.714929e-02
4.719623e-02
4.724269e-02
4.728927e-02
4.733550e-02
4.738186e-02
4.742796e-02
4.747420e-02
4.752023e-02
4.756641e-02
4.761242e-02
4.765859e-02
4.770464e-02
4.775087e-02
4.779707e-02
4.784342e-02
4.788982e-02
4.793632e-02
4.798286e-02
4.802946e-02
4.807615e-02
4.812286e-02
4.816948e-02
4.821596e-02
4.826236e-02
4.830875e-02
4.835477e-02
4.840133e-02
4.844694e-02
4.849262e-02
4.853833e-02
4.858503e-02
4.863057e-02
4.867747e-02
4.872464e-02
4.877225e-02
4.882026e-02
4.886872e-02
4.891756e-02
4.896685e-02
4.901651e-02
4.906660e-02
4.911704e-02
4.916785e-02
4.921893e-02
4.926990e-02
4.932084e-02
4.937210e-02
4.942359e-02
4.947548e-02
4.952616e-02
4.957693e-02
4.962813e-02
4.967935e-02
4.973066e-02
4.978187e-02
4.983246e-02
4.987707e-02
4.992170e-02
4.996654e-02
5.001138e-02
5.005596e-02
5.010103e-02
5.014648e-02
5.019078e-02
5.023497e-02
5.027823e-02
5.032145e-02
5.036455e-02
5.040764e-02
5.045062e-02
5.049361e-02
5.053652e-02
5.057947e-02
5.062234e-02
5.066527e-02
5.070815e-02
5.075111e-02
5.079402e-02
5.083705e-02
5.088004e-02
5.092314e-02
5.096622e-02
5.100943e-02
5.105261e-02
5.109590e-02
5.113920e-02
5.118261e-02
5.122624e-02
5.126998e-02
5.131377e-02
5.135767e-02
5.140156e-02
5.144556e-02
5.148955e-02
5.153366e-02
5.157775e-02
5.162132e-02
5.166485e-02
5.170849e-02
5.175209e-02
5.179580e-02
5.183947e-02
5.188325e-02
5.192699e-02
5.197083e-02
5.201464e-02
5.205855e-02
5.210242e-02
5.214639e-02
5.219034e-02
5.223438e-02
5.227840e-02
5.232250e-02
5.236659e-02
5.241076e-02
5.245492e-02
5.249915e-02
5.254338e-02
5.258767e-02
5.263197e-02
5.267631e-02
5.272067e-02
5.276507e-02
5.280949e-02
5.285395e-02
5.289843e-02
5.294294e-02
5.298747e-02
5.303203e-02
5.307663e-02
5.312124e-02
5.316589e-02
5.321055e-02
5.325526e-02
5.329998e-02
5.334475e-02
5.338952e-02
5.343434e-02
5.347917e-02
5.352299e-02
5.356788e-02
5.361151e-02
5.365519e-02
5.369895e-02
5.374276e-02
5.378668e-02
5.383066e-02
5.387481e-02
5.391901e-02
5.396349e-02
5.400803e-02
5.405293e-02
5.409787e-02
5.414326e-02
5.418867e-02
5.423415e-02
5.427964e-02
5.432522e-02
5.437081e-02
5.441648e-02
5.446044e-02
5.450453e-02
5.454874e-02
5.459313e-02
5.463763e-02
5.468236e-02
5.472720e-02
5.477233e-02
5.481757e-02
5.486315e-02
5.490888e-02
5.495496e-02
5.500061e-02
5.504634e-02
5.509217e-02
5.513810e-02
5.518403e-02
5.522891e-02
5.527390e-02
5.531903e-02
5.536432e-02
5.540975e-02
5.545495e-02
5.549960e-02
5.554394e-02
5.558775e-02
5.563137e-02
5.567461e-02
5.571780e-02
5.576083e-02
5.580380e-02
5.584638e-02
5.588873e-02
5.593075e-02
5.597266e-02
5.601430e-02
5.605592e-02
5.609732e-02
5.613880e-02
5.618010e-02
5.622154e-02
5.626282e-02
5.630431e-02
5.634564e-02
5.638723e-02
5.642865e-02
5.647037e-02
5.651192e-02
5.655379e-02
5.659547e-02
5.663749e-02
5.667944e-02
5.672174e-02
5.676420e-02
5.680702e-02
5.685020e-02
5.689203e-02
5.693354e-02
5.697460e-02
5.701513e-02
5.705542e-02
5.709727e-02
5.713923e-02
5.718118e-02
5.722289e-02
5.726430e-02
5.730554e-02
5.734657e-02
5.738660e-02
5.742697e-02
5.746638e-02
5.750601e-02
5.754523e-02
5.758453e-02
5.762344e-02
5.766302e-02
5.770283e-02
5.774287e-02
5.778280e-02
5.782246e-02
5.786440e-02
5.790542e-02
5.794606e-02
5.798622e-02
5.802621e-02
5.806606e-02
5.810582e-02
5.814791e-02
5.819016e-02
5.823082e-02
5.827186e-02
5.831243e-02
5.835218e-02
5.839191e-02
5.843156e-02
5.847124e-02
5.851106e-02
5.855101e-02
5.859124e-02
5.863166e-02
5.867169e-02
5.871165e-02
5.875182e-02
5.879126e-02
5.883065e-02
5.886968e-02
5.890898e-02
5.894815e-02
5.898780e-02
5.902763e-02
5.906771e-02
5.910820e-02
5.914889e-02
5.918990e-02
5.923064e-02
5.927124e-02
5.931053e-02
5.934997e-02
5.938947e-02
5.942932e-02
5.946948e-02
5.950994e-02
5.954995e-02
5.958979e-02
5.962966e-02
5.966935e-02
5.970916e-02
5.974879e-02
5.978860e-02
5.982846e-02
5.986809e-02
5.990837e-02
5.994881e-02
5.998827e-02
6.002782e-02
6.006727e-02
6.010688e-02
6.014848e-02
6.019039e-02
6.023144e-02
6.027269e-02
6.031397e-02
6.035564e-02
6.039702e-02
6.043689e-02
6.047671e-02
6.051627e-02
6.055618e-02
6.059630e-02
6.063676e-02
6.067752e-02
6.071856e-02
6.076051e-02
6.080055e-02
6.084069e-02
6.088078e-02
6.092101e-02
6.096117e-02
6.100150e-02
6.104271e-02
6.108419e-02
6.112586e-02
6.116830e-02
6.121096e-02
6.125389e-02
6.129747e-02
6.134044e-02
6.138413e-02
6.142505e-02
6.146624e-02
6.150790e-02
6.154843e-02
6.158910e-02
6.162987e-02
6.167309e-02
6.171375e-02
6.175443e-02
6.179536e-02
6.183652e-02
6.187808e-02
6.192011e-02
6.196265e-02
6.200647e-02
6.204710e-02
6.208773e-02
6.212852e-02
6.216955e-02
6.221090e-02
6.225264e-02
6.229486e-02
6.233757e-02
6.238099e-02
6.242593e-02
6.246674e-02
6.250770e-02
6.254888e-02
6.259038e-02
6.263230e-02
6.267465e-02
6.271755e-02
6.276094e-02
6.280502e-02
6.284964e-02
6.289529e-02
6.294113e-02
6.298249e-02
6.302418e-02
6.306627e-02
6.310881e-02
6.315199e-02
6.319574e-02
6.324036e-02
6.328565e-02
6.333165e-02
6.337773e-02
6.342024e-02
6.346313e-02
6.350651e-02
6.355032e-02
6.359482e-02
6.363983e-02
6.368571e-02
6.373197e-02
6.377788e-02
6.382435e-02
6.386876e-02
6.391339e-02
6.395812e-02
6.400308e-02
6.404707e-02
6.409143e-02
6.413623e-02
6.418122e-02
6.422632e-02
6.427162e-02
6.431704e-02
6.436251e-02
6.440800e-02
6.445320e-02
6.449796e-02
6.454251e-02
6.458638e-02
6.463046e-02
6.467427e-02
6.471802e-02
6.476157e-02
6.480509e-02
6.484846e-02
6.489183e-02
6.493507e-02
6.497834e-02
6.502151e-02
6.506471e-02
6.510783e-02
6.515098e-02
6.519406e-02
6.523890e-02
6.528391e-02
6.532906e-02
6.537437e-02
6.541986e-02
6.546556e-02
6.550887e-02
6.555241e-02
6.559621e-02
6.564032e-02
6.568485e-02
6.572927e-02
6.577323e-02
6.581695e-02
6.586084e-02
6.590484e-02
6.594914e-02
6.599317e-02
6.603668e-02
6.608020e-02
6.612363e-02
6.616690e-02
6.621015e-02
6.625330e-02
6.629872e-02
6.634187e-02
6.638498e-02
6.642796e-02
6.647116e-02
6.651449e-02
6.655815e-02
6.660202e-02
6.664605e-02
6.668984e-02
6.673377e-02
6.677779e-02
6.682209e-02
6.686657e-02
6.691133e-02
6.695619e-02
6.700083e-02
6.704509e-02
6.708891e-02
6.713271e-02
6.717643e-02
6.721993e-02
6.726340e-02
6.730671e-02
6.735004e-02
6.739324e-02
6.743649e-02
6.747965e-02
6.752286e-02
6.756601e-02
6.760923e-02
6.765240e-02
6.769562e-02
6.773994e-02
6.778423e-02
6.782848e-02
6.787301e-02
6.791774e-02
6.796280e-02
6.800808e-02
6.805336e-02
6.809871e-02
6.814423e-02
6.818954e-02
6.823478e-02
6.827907e-02
6.832374e-02
6.836868e-02
6.841364e-02
6.845853e-02
6.850345e-02
6.854759e-02
6.859191e-02
6.863633e-02
6.868101e-02
6.872510e-02
6.876941e-02
6.881389e-02
6.885869e-02
6.890368e-02
6.894901e-02
6.899456e-02
6.904033e-02
6.908626e-02
6.913209e-02
6.917799e-02
6.922402e-02
6.926813e-02
6.931247e-02
6.935700e-02
6.940187e-02
6.944672e-02
6.949110e-02
6.953521e-02
6.957946e-02
6.962380e-02
6.966832e-02
6.971194e-02
6.975587e-02
6.979992e-02
6.984411e-02
6.988821e-02
6.993236e-02
6.997644e-02
7.002057e-02
7.006463e-02
7.010875e-02
7.015282e-02
7.019909e-02
7.024264e-02
7.028649e-02
7.033046e-02
7.037444e-02
7.041811e-02
7.046191e-02
7.050581e-02
7.055004e-02
7.059448e-02
7.063921e-02
7.068414e-02
7.072906e-02
7.077405e-02
7.081925e-02
7.086285e-02
7.090680e-02
7.095094e-02
7.099533e-02
7.103994e-02
7.108489e-02
7.113017e-02
7.117580e-02
7.122000e-02
7.126373e-02
7.130722e-02
7.135089e-02
7.139433e-02
7.143798e-02
7.148176e-02
7.152593e-02
7.157034e-02
7.161503e-02
7.165993e-02
7.170499e-02
7.175025e-02
7.179554e-02
7.184051e-02
7.188545e-02
7.193014e-02
7.197485e-02
7.201855e-02
7.206246e-02
7.210597e-02
7.214968e-02
7.219343e-02
7.223755e-02
7.228182e-02
7.232641e-02
7.237117e-02
7.241587e-02
7.246059e-02
7.250550e-02
7.255004e-02
7.259419e-02
7.263817e-02
7.268239e-02
7.272679e-02
7.277160e-02
7.281670e-02
7.286207e-02
7.290773e-02
7.295375e-02
7.300016e-02
7.304692e-02
7.309415e-02
7.314176e-02
7.318657e-02
7.323098e-02
7.327524e-02
7.331975e-02
7.336448e-02
7.340961e-02
7.345507e-02
7.350078e-02
7.354680e-02
7.359317e-02
7.363994e-02
7.368705e-02
7.373465e-02
7.378262e-02
7.382766e-02
7.387228e-02
7.391675e-02
7.396148e-02
7.400643e-02
7.405179e-02
7.409748e-02
7.414341e-02
7.418963e-02
7.423619e-02
7.428313e-02
7.433038e-02
7.437546e-02
7.442065e-02
7.446583e-02
7.451057e-02
7.455514e-02
7.459995e-02
7.464496e-02
7.469037e-02
7.473608e-02
7.478200e-02
7.482818e-02
7.487466e-02
7.492148e-02
7.496860e-02
7.501611e-02
7.506391e-02
7.510916e-02
7.515397e-02
7.519858e-02
7.524342e-02
7.528843e-02
7.533381e-02
7.537945e-02
7.542528e-02
7.547130e-02
7.551766e-02
7.556431e-02
7.561118e-02
7.565836e-02
7.570580e-02
7.575109e-02
7.579648e-02
7.584184e-02
7.588672e-02
7.593140e-02
7.597631e-02
7.602143e-02
7.606692e-02
7.611271e-02
7.615869e-02
7.620489e-02
7.625138e-02
7.629818e-02
7.634524e-02
7.639265e-02
7.644031e-02
7.648575e-02
7.653128e-02
7.657680e-02
7.662182e-02
7.666662e-02
7.671167e-02
7.675690e-02
7.680252e-02
7.684841e-02
7.689448e-02
7.694075e-02
7.698733e-02
7.703418e-02
7.708121e-02
7.712850e-02
7.717599e-02
7.722380e-02
7.727182e-02
7.731749e-02
7.736266e-02
7.740758e-02
7.745271e-02
7.749797e-02
7.754358e-02
7.758942e-02
7.763555e-02
7.768187e-02
7.772820e-02
7.777461e-02
7.782120e-02
7.786801e-02
7.791502e-02
7.796218e-02
7.800939e-02
7.805657e-02
7.810378e-02
7.814959e-02
7.819491e-02
7.823996e-02
7.828520e-02
7.833055e-02
7.837623e-02
7.842212e-02
7.846829e-02
7.851464e-02
7.856096e-02
7.860734e-02
7.865394e-02
7.870073e-02
7.874758e-02
7.879437e-02
7.884110e-02
7.888761e-02
7.893423e-02
7.898070e-02
7.902721e-02
7.907324e-02
7.911875e-02
7.916399e-02
7.920941e-02
7.925494e-02
7.930081e-02
7.934688e-02
7.939302e-02
7.943912e-02
7.948520e-02
7.953124e-02
7.957740e-02
7.962354e-02
7.966973e-02
7.971585e-02
7.976198e-02
7.980803e-02
7.985414e-02
7.990021e-02
7.994629e-02
7.999232e-02
8.003837e-02
8.008388e-02
8.012952e-02
8.017523e-02
8.022121e-02
8.026719e-02
8.031361e-02
8.036013e-02
8.040658e-02
8.045288e-02
8.049922e-02
8.054549e-02
8.059182e-02
8.063809e-02
8.068436e-02
8.073055e-02
8.077670e-02
8.082276e-02
8.086866e-02
8.091445e-02
8.096027e-02
8.100609e-02
8.105196e-02
8.109785e-02
8.114375e-02
8.118968e-02
8.123568e-02
8.128176e-02
8.132792e-02
8.137414e-02
8.142060e-02
8.146441e-02
8.150829e-02
8.155218e-02
8.159629e-02
8.164052e-02
8.168499e-02
8.172960e-02
8.177403e-02
8.181834e-02
8.186286e-02
8.190749e-02
8.195234e-02
8.199733e-02
8.204247e-02
8.208770e-02
8.213288e-02
8.217807e-02
8.222342e-02
8.226889e-02
8.231446e-02
8.236015e-02
8.240597e-02
8.245194e-02
8.249803e-02
8.254401e-02
8.259001e-02
8.263602e-02
8.268195e-02
8.272614e-02
8.277061e-02
8.281526e-02
8.286015e-02
8.290519e-02
8.294987e-02
8.299439e-02
8.303912e-02
8.308400e-02
8.312917e-02
8.317451e-02
8.322008e-02
8.326578e-02
8.331144e-02
8.335714e-02
8.340302e-02
8.344876e-02
8.349489e-02
8.354065e-02
8.358704e-02
8.363360e-02
8.368031e-02
8.372720e-02
8.377552e-02
8.382012e-02
8.386483e-02
8.390962e-02
8.395470e-02
8.399998e-02
8.404549e-02
8.409117e-02
8.413650e-02
8.418166e-02
8.422703e-02
8.427255e-02
8.431836e-02
8.436435e-02
8.441054e-02
8.445687e-02
8.450316e-02
8.454948e-02
8.459596e-02
8.464259e-02
8.468933e-02
8.473619e-02
8.478318e-02
8.483035e-02
8.487763e-02
8.492511e-02
8.497397e-02
8.502410e-02
8.507550e-02
8.512089e-02
8.516656e-02
8.521239e-02
8.525849e-02
8.530475e-02
8.535071e-02
8.539652e-02
8.544254e-02
8.548869e-02
8.553509e-02
8.558165e-02
8.562840e-02
8.567526e-02
8.572206e-02
8.576887e-02
8.581585e-02
8.586297e-02
8.591017e-02
8.595751e-02
8.600496e-02
8.605258e-02
8.610032e-02
8.614824e-02
8.619757e-02
8.624817e-02
8.630004e-02
8.634582e-02
8.639185e-02
8.643805e-02
8.648450e-02
8.653113e-02
8.657744e-02
8.662359e-02
8.666991e-02
8.671637e-02
8.676308e-02
8.680994e-02
8.685697e-02
8.690410e-02
8.695112e-02
8.699815e-02
8.704533e-02
8.709263e-02
8.713999e-02
8.718743e-02
8.723496e-02
8.728263e-02
8.733040e-02
8.737829e-02
8.742696e-02
8.747649e-02
8.752507e-02
8.757089e-02
8.761948e-02
8.766569e-02
8.771159e-02
8.775732e-02
8.780323e-02
8.784923e-02
8.789559e-02
8.794213e-02
8.798885e-02
8.803566e-02
8.808221e-02
8.812864e-02
8.817518e-02
8.822181e-02
8.826869e-02
8.831575e-02
8.836274e-02
8.840977e-02
8.845681e-02
8.850396e-02
8.855115e-02
8.859846e-02
8.864596e-02
8.869363e-02
8.874133e-02
8.878916e-02
8.883699e-02
8.888494e-02
8.893421e-02
8.898465e-02
8.903530e-02
8.908563e-02
8.913669e-02
8.918817e-02
8.923908e-02
8.929040e-02
8.934116e-02
8.938988e-02
8.943872e-02
8.948759e-02
8.953665e-02
8.958577e-02
8.963501e-02
8.968431e-02
8.973329e-02
8.978207e-02
8.983097e-02
8.987990e-02
8.992898e-02
8.997811e-02
9.002731e-02
9.007652e-02
9.012556e-02
9.017452e-02
9.022357e-02
9.027268e-02
9.032183e-02
9.037100e-02
9.042025e-02
9.046958e-02
9.051890e-02
9.056837e-02
9.061761e-02
9.066710e-02
9.071627e-02
9.076440e-02
9.081277e-02
9.086127e-02
9.090930e-02
9.095710e-02
9.100508e-02
9.105318e-02
9.110157e-02
9.115014e-02
9.119893e-02
9.124785e-02
9.129664e-02
9.134541e-02
9.139430e-02
9.144330e-02
9.149233e-02
9.154143e-02
9.159059e-02
9.163988e-02
9.168925e-02
9.173878e-02
9.178839e-02
9.183820e-02
9.188881e-02
9.193611e-02
9.198347e-02
9.203087e-02
9.207852e-02
9.212632e-02
9.217437e-02
9.222258e-02
9.227068e-02
9.231874e-02
9.236701e-02
9.241543e-02
9.246396e-02
9.251262e-02
9.256143e-02
9.261044e-02
9.265958e-02
9.270894e-02
9.275844e-02
9.280638e-02
9.285434e-02
9.290220e-02
9.294946e-02
9.299640e-02
9.304353e-02
9.309078e-02
9.313838e-02
9.318621e-02
9.323417e-02
9.328230e-02
9.333071e-02
9.337940e-02
9.342824e-02
9.347735e-02
9.352665e-02
9.357412e-02
9.362163e-02
9.366907e-02
9.371597e-02
9.376261e-02
9.380949e-02
9.385654e-02
9.390396e-02
9.395168e-02
9.399956e-02
9.404769e-02
9.409610e-02
9.414487e-02
9.419391e-02
9.424091e-02
9.428800e-02
9.433502e-02
9.438157e-02
9.442790e-02
9.447449e-02
9.452130e-02
9.456850e-02
9.461603e-02
9.466376e-02
9.471180e-02
9.476013e-02
9.480667e-02
9.485330e-02
9.489988e-02
9.494657e-02
9.499321e-02
9.503939e-02
9.508544e-02
9.513178e-02
9.517844e-02
9.522545e-02
9.527289e-02
9.532071e-02
9.536674e-02
9.541290e-02
9.545904e-02
9.550532e-02
9.555159e-02
9.559746e-02
9.564326e-02
9.568933e-02
9.573577e-02
9.578267e-02
9.583014e-02
9.587806e-02
9.592378e-02
9.596966e-02
9.601554e-02
9.606112e-02
9.610664e-02
9.615251e-02
9.619873e-02
9.624533e-02
9.629244e-02
9.633999e-02
9.638548e-02
9.643113e-02
9.647678e-02
9.652216e-02
9.656749e-02
9.661320e-02
9.665928e-02
9.670577e-02
9.675282e-02
9.680034e-02
9.684564e-02
9.689112e-02
9.693662e-02
9.698187e-02
9.702713e-02
9.707281e-02
9.711894e-02
9.716553e-02
9.721054e-02
9.725571e-02
9.730086e-02
9.734622e-02
9.739162e-02
9.743679e-02
9.748206e-02
9.752774e-02
9.757404e-02
9.762096e-02
9.766578e-02
9.771082e-02
9.775590e-02
9.780078e-02
9.784579e-02
9.789121e-02
9.793723e-02
9.798388e-02
9.802856e-02
9.807348e-02
9.811842e-02
9.816320e-02
9.820812e-02
9.825344e-02
9.829938e-02
9.834595e-02
9.839059e-02
9.843546e-02
9.848037e-02
9.852513e-02
9.857003e-02
9.861536e-02
9.866131e-02
9.870791e-02
9.875256e-02
9.879746e-02
9.884240e-02
9.888719e-02
9.893213e-02
9.897751e-02
9.902353e-02
9.907021e-02
9.911494e-02
9.915991e-02
9.920493e-02
9.924980e-02
9.929481e-02
9.934028e-02
9.938636e-02
9.943313e-02
9.947798e-02
9.952308e-02
9.956822e-02
9.961320e-02
9.965830e-02
9.970385e-02
9.975001e-02
9.979684e-02
9.984185e-02
9.988710e-02
9.993239e-02
9.997751e-02
1.000227e-01
1.000684e-01
1.001146e-01
1.001614e-01
1.002066e-01
1.002521e-01
1.002975e-01
1.003428e-01
1.003882e-01
1.004340e-01
1.004803e-01
1.005272e-01
1.005727e-01
1.006183e-01
1.006640e-01
1.007099e-01
1.007559e-01
1.008016e-01
1.008475e-01
1.008937e-01
1.009406e-01
1.009881e-01
1.010339e-01
1.010799e-01
1.011258e-01
1.011716e-01
1.012173e-01
1.012635e-01
1.013102e-01
1.013575e-01
1.014054e-01
1.014540e-01
1.015001e-01
1.015460e-01
1.015919e-01
1.016381e-01
1.016847e-01
1.017318e-01
1.017794e-01
1.018274e-01
1.018760e-01
1.019252e-01
1.019718e-01
1.020181e-01
1.020642e-01
1.021107e-01
1.021575e-01
1.022049e-01
1.022527e-01
1.023008e-01
1.023496e-01
1.023988e-01
1.024456e-01
1.024921e-01
1.025384e-01
1.025851e-01
1.026320e-01
1.026794e-01
1.027272e-01
1.027753e-01
1.028239e-01
1.028730e-01
1.029201e-01
1.029674e-01
1.030147e-01
1.030615e-01
1.031082e-01
1.031552e-01
1.032025e-01
1.032503e-01
1.032984e-01
1.033468e-01
1.033954e-01
1.034443e-01
1.034935e-01
1.035429e-01
1.035925e-01
1.036423e-01
1.036922e-01
1.037443e-01
1.037974e-01
1.038507e-01
1.039044e-01
1.039577e-01
1.040107e-01
1.040636e-01
1.041120e-01
1.041607e-01
1.042094e-01
1.042577e-01
1.043058e-01
1.043540e-01
1.044022e-01
1.044508e-01
1.044994e-01
1.045482e-01
1.045970e-01
1.046459e-01
1.046949e-01
1.047437e-01
1.047924e-01
1.048412e-01
1.048901e-01
1.049391e-01
1.049881e-01
1.050373e-01
1.050865e-01
1.051356e-01
1.051847e-01
1.052339e-01
1.052832e-01
1.053326e-01
1.053821e-01
1.054318e-01
1.054820e-01
1.055326e-01
1.055835e-01
1.056346e-01
1.056857e-01
1.057369e-01
1.057882e-01
1.058404e-01
1.058932e-01
1.059466e-01
1.060002e-01
1.060536e-01
1.061067e-01
1.061597e-01
1.062083e-01
1.062571e-01
1.063059e-01
1.063550e-01
1.064041e-01
1.064535e-01
1.065030e-01
1.065526e-01
1.066022e-01
1.066514e-01
1.067002e-01
1.067491e-01
1.067981e-01
1.068472e-01
1.068963e-01
1.069456e-01
1.069948e-01
1.070441e-01
1.070933e-01
1.071424e-01
1.071914e-01
1.072404e-01
1.072896e-01
1.073388e-01
1.073881e-01
1.074375e-01
1.074870e-01
1.075366e-01
1.075864e-01
1.076364e-01
1.076865e-01
1.077369e-01
1.077874e-01
1.078399e-01
1.078940e-01
1.079493e-01
1.079979e-01
1.080468e-01
1.080959e-01
1.081454e-01
1.081951e-01
1.082447e-01
1.082941e-01
1.083437e-01
1.083935e-01
1.084437e-01
1.084940e-01
1.085445e-01
1.085951e-01
1.086459e-01
1.086968e-01
1.087476e-01
1.087983e-01
1.088491e-01
1.089001e-01
1.089513e-01
1.090025e-01
1.090539e-01
1.091054e-01
1.091568e-01
1.092081e-01
1.092596e-01
1.093112e-01
1.093630e-01
1.094148e-01
1.094667e-01
1.095186e-01
1.095706e-01
1.096226e-01
1.096747e-01
1.097269e-01
1.097792e-01
1.098315e-01
1.098839e-01
1.099364e-01
1.099889e-01
1.100415e-01
1.100952e-01
1.101499e-01
1.102055e-01
1.102615e-01
1.103177e-01
1.103740e-01
1.104302e-01
1.104864e-01
1.105443e-01
1.105958e-01
1.106475e-01
1.106992e-01
1.107513e-01
1.108035e-01
1.108560e-01
1.109085e-01
1.109612e-01
1.110141e-01
1.110663e-01
1.111183e-01
1.111705e-01
1.112227e-01
1.112752e-01
1.113277e-01
1.113804e-01
1.114332e-01
1.114861e-01
1.115390e-01
1.115918e-01
1.116444e-01
1.116972e-01
1.117500e-01
1.118030e-01
1.118559e-01
1.119090e-01
1.119621e-01
1.120151e-01
1.120681e-01
1.121212e-01
1.121744e-01
1.122255e-01
1.122788e-01
1.123322e-01
1.123856e-01
1.124390e-01
1.124925e-01
1.125453e-01
1.125989e-01
1.126526e-01
1.127064e-01
1.127602e-01
1.128140e-01
1.128677e-01
1.129214e-01
1.129750e-01
1.130286e-01
1.130819e-01
1.131352e-01
1.131884e-01
1.132415e-01
1.132945e-01
1.133474e-01
1.134003e-01
1.134530e-01
1.135057e-01
1.135584e-01
1.136110e-01
1.136635e-01
1.137161e-01
1.137686e-01
1.138211e-01
1.138736e-01
1.139261e-01
1.139786e-01
1.140311e-01
1.140836e-01
1.141360e-01
1.141886e-01
1.142412e-01
1.142938e-01
1.143465e-01
1.143992e-01
1.144520e-01
1.145048e-01
1.145576e-01
1.146105e-01
1.146635e-01
1.147164e-01
1.147721e-01
1.148252e-01
1.148784e-01
1.149317e-01
1.149852e-01
1.150388e-01
1.150924e-01
1.151461e-01
1.151999e-01
1.152538e-01
1.153126e-01
1.153713e-01
1.154300e-01
1.154887e-01
1.155474e-01
1.156063e-01
1.156655e-01
1.157250e-01
1.157842e-01
1.158427e-01
1.159011e-01
1.159594e-01
1.160178e-01
1.160761e-01
1.161342e-01
1.161927e-01
1.162515e-01
1.163106e-01
1.163680e-01
1.164258e-01
1.164823e-01
1.165396e-01
1.165969e-01
1.166539e-01
1.167098e-01
1.167667e-01
1.168220e-01
1.168782e-01
1.169340e-01
1.169893e-01
1.170442e-01
1.170989e-01
1.171533e-01
1.172079e-01
1.172622e-01
1.173159e-01
1.173692e-01
1.174222e-01
1.174751e-01
1.175281e-01
1.175810e-01
1.176334e-01
1.176855e-01
1.177373e-01
1.177892e-01
1.178412e-01
1.178935e-01
1.179451e-01
1.179965e-01
1.180477e-01
1.180990e-01
1.181505e-01
1.182024e-01
1.182536e-01
1.183046e-01
1.183556e-01
1.184066e-01
1.184579e-01
1.185096e-01
1.185606e-01
1.186115e-01
1.186624e-01
1.187135e-01
1.187647e-01
1.188162e-01
1.188683e-01
1.189193e-01
1.189704e-01
1.190215e-01
1.190728e-01
1.191244e-01
1.191763e-01
1.192287e-01
1.192799e-01
1.193312e-01
1.193826e-01
1.194342e-01
1.194861e-01
1.195383e-01
1.195912e-01
1.196427e-01
1.196942e-01
1.197460e-01
1.197979e-01
1.198501e-01
1.199027e-01
1.199559e-01
1.200077e-01
1.200595e-01
1.201116e-01
1.201638e-01
1.202163e-01
1.202692e-01
1.203226e-01
1.203747e-01
1.204269e-01
1.204793e-01
1.205318e-01
1.205846e-01
1.206377e-01
1.206912e-01
1.207436e-01
1.207961e-01
1.208487e-01
1.209014e-01
1.209544e-01
1.210076e-01
1.210613e-01
1.211155e-01
1.211682e-01
1.212210e-01
1.212740e-01
1.213271e-01
1.213805e-01
1.214342e-01
1.214885e-01
1.215414e-01
1.215945e-01
1.216477e-01
1.217010e-01
1.217545e-01
1.218083e-01
1.218625e-01
1.219172e-01
1.219705e-01
1.220238e-01
1.220773e-01
1.221310e-01
1.221848e-01
1.222390e-01
1.222935e-01
1.223485e-01
1.224021e-01
1.224558e-01
1.225096e-01
1.225635e-01
1.226176e-01
1.226721e-01
1.227269e-01
1.227823e-01
1.228361e-01
1.228901e-01
1.229441e-01
1.229983e-01
1.230527e-01
1.231074e-01
1.231625e-01
1.232181e-01
1.232722e-01
1.233265e-01
1.233808e-01
1.234353e-01
1.234899e-01
1.235448e-01
1.236001e-01
1.236558e-01
1.237120e-01
1.237666e-01
1.238212e-01
1.238759e-01
1.239308e-01
1.239860e-01
1.240413e-01
1.240970e-01
1.241532e-01
1.242080e-01
1.242629e-01
1.243179e-01
1.243730e-01
1.244282e-01
1.244837e-01
1.245394e-01
1.245937e-01
1.246502e-01
1.247072e-01
1.247624e-01
1.248177e-01
1.248731e-01
1.249287e-01
1.249844e-01
1.250404e-01
1.250967e-01
1.251534e-01
1.252107e-01
1.252662e-01
1.253218e-01
1.253775e-01
1.254333e-01
1.254893e-01
1.255455e-01
1.256020e-01
1.256588e-01
1.257161e-01
1.257739e-01
1.258298e-01
1.258858e-01
1.259419e-01
1.259981e-01
1.260545e-01
1.261111e-01
1.261679e-01
1.262251e-01
1.262827e-01
1.263408e-01
1.263971e-01
1.264534e-01
1.265098e-01
1.265664e-01
1.266230e-01
1.266799e-01
1.267369e-01
1.267943e-01
1.268514e-01
1.269097e-01
1.269666e-01
1.270233e-01
1.270800e-01
1.271368e-01
1.271935e-01
1.272506e-01
1.273072e-01
1.273646e-01
1.274211e-01
1.274791e-01
1.275353e-01
1.275935e-01
1.276494e-01
1.277065e-01
1.277624e-01
1.278196e-01
1.278754e-01
1.279329e-01
1.279885e-01
1.280461e-01
1.281017e-01
1.281594e-01
1.282184e-01
1.282778e-01
1.283352e-01
1.283926e-01
1.284501e-01
1.285076e-01
1.285653e-01
1.286230e-01
1.286810e-01
1.287391e-01
1.287975e-01
1.288562e-01
1.289155e-01
1.289752e-01
1.290328e-01
1.290905e-01
1.291482e-01
1.292060e-01
1.292639e-01
1.293219e-01
1.293800e-01
1.294383e-01
1.294968e-01
1.295556e-01
1.296139e-01
1.296736e-01
1.297318e-01
1.297897e-01
1.298477e-01
1.299057e-01
1.299637e-01
1.300219e-01
1.300801e-01
1.301384e-01
1.301965e-01
1.302552e-01
1.303142e-01
1.303737e-01
1.304319e-01
1.304899e-01
1.305478e-01
1.306058e-01
1.306638e-01
1.307216e-01
1.307788e-01
1.308355e-01
1.308920e-01
1.309490e-01
1.310067e-01
1.310656e-01
1.311235e-01
1.311835e-01
1.312413e-01
1.312991e-01
1.313569e-01
1.314148e-01
1.314726e-01
1.315306e-01
1.315883e-01
1.316466e-01
1.317042e-01
1.317632e-01
1.318227e-01
1.318802e-01
1.319292e-01
1.319791e-01
1.320300e-01
1.320822e-01
1.321312e-01
1.321811e-01
1.322302e-01
1.322797e-01
1.323287e-01
1.323782e-01
1.324273e-01
1.324768e-01
1.325259e-01
1.325754e-01
1.326245e-01
1.326741e-01
1.327232e-01
1.327728e-01
1.328219e-01
1.328715e-01
1.329206e-01
1.329702e-01
1.330194e-01
1.330690e-01
1.331182e-01
1.331679e-01
1.332171e-01
1.332668e-01
1.333160e-01
1.333657e-01
1.334150e-01
1.334647e-01
1.335140e-01
1.335638e-01
1.336131e-01
1.336634e-01
1.337128e-01
1.337632e-01
1.338152e-01
1.338691e-01
1.339255e-01
1.339828e-01
1.340407e-01
1.340969e-01
1.341531e-01
1.342093e-01
1.342655e-01
1.343219e-01
1.343766e-01
1.344323e-01
1.344856e-01
1.345400e-01
1.345924e-01
1.346459e-01
1.346977e-01
1.347515e-01
1.348027e-01
1.348561e-01
1.349071e-01
1.349603e-01
1.350113e-01
1.350644e-01
1.351153e-01
1.351675e-01
1.352186e-01
1.352709e-01
1.353219e-01
1.353742e-01
1.354253e-01
1.354777e-01
1.355288e-01
1.355813e-01
1.356325e-01
1.356851e-01
1.357363e-01
1.357888e-01
1.358400e-01
1.358926e-01
1.359438e-01
1.359964e-01
1.360476e-01
1.361002e-01
1.361514e-01
1.362041e-01
1.362554e-01
1.363081e-01
1.363595e-01
1.364123e-01
1.364635e-01
1.365162e-01
1.365673e-01
1.366199e-01
1.366710e-01
1.367236e-01
1.367747e-01
1.368271e-01
1.368780e-01
1.369304e-01
1.369813e-01
1.370337e-01
1.370845e-01
1.371367e-01
1.371874e-01
1.372395e-01
1.372901e-01
1.373422e-01
1.373927e-01
1.374446e-01
1.374951e-01
1.375470e-01
1.375973e-01
1.376490e-01
1.376993e-01
1.377510e-01
1.378013e-01
1.378529e-01
1.379031e-01
1.379546e-01
1.380046e-01
1.380560e-01
1.381058e-01
1.381571e-01
1.382068e-01
1.382580e-01
1.383076e-01
1.383586e-01
1.384082e-01
1.384591e-01
1.385085e-01
1.385592e-01
1.386085e-01
1.386590e-01
1.387081e-01
1.387584e-01
1.388074e-01
1.388575e-01
1.389062e-01
1.389561e-01
1.390048e-01
1.390547e-01
1.391034e-01
1.391531e-01
1.392016e-01
1.392512e-01
1.392996e-01
1.393491e-01
1.393974e-01
1.394469e-01
1.394951e-01
1.395444e-01
1.395925e-01
1.396416e-01
1.396896e-01
1.397386e-01
1.397864e-01
1.398353e-01
1.398829e-01
1.399316e-01
1.399791e-01
1.400276e-01
1.400750e-01
1.401234e-01
1.401708e-01
1.402194e-01
1.402670e-01
1.403170e-01
1.403664e-01
1.404198e-01
1.404729e-01
1.405310e-01
1.405897e-01
1.406491e-01
1.407085e-01
1.407680e-01
1.408274e-01
1.408864e-01
1.409448e-01
1.410026e-01
1.410596e-01
1.411159e-01
1.411714e-01
1.412264e-01
1.412809e-01
1.413350e-01
1.413888e-01
1.414425e-01
1.414959e-01
1.415493e-01
1.416025e-01
1.416559e-01
1.417093e-01
1.417630e-01
1.418168e-01
1.418713e-01
1.419257e-01
1.419809e-01
1.420357e-01
1.420909e-01
1.421459e-01
1.422013e-01
1.422567e-01
1.423124e-01
1.423681e-01
1.424242e-01
1.424803e-01
1.425368e-01
1.425920e-01
1.426489e-01
1.427060e-01
1.427587e-01
1.428120e-01
1.428621e-01
1.429172e-01
1.429767e-01
1.430364e-01
1.430963e-01
1.431553e-01
1.432152e-01
1.432719e-01
1.433298e-01
1.433847e-01
1.434404e-01
1.434935e-01
1.435496e-01
1.436087e-01
1.436687e-01
1.437125e-01
1.437570e-01
1.438006e-01
1.438449e-01
1.438884e-01
1.439326e-01
1.439760e-01
1.440202e-01
1.440636e-01
1.441078e-01
1.441513e-01
1.441955e-01
1.442391e-01
1.442834e-01
1.443271e-01
1.443716e-01
1.444154e-01
1.444600e-01
1.445039e-01
1.445488e-01
1.445928e-01
1.446379e-01
1.446821e-01
1.447274e-01
1.447717e-01
1.448172e-01
1.448618e-01
1.449075e-01
1.449522e-01
1.449982e-01
1.450431e-01
1.450894e-01
1.451346e-01
1.451812e-01
1.452265e-01
1.452735e-01
1.453190e-01
1.453664e-01
1.454122e-01
1.454599e-01
1.455061e-01
1.455542e-01
1.456007e-01
1.456485e-01
1.456953e-01
1.457436e-01
1.457907e-01
1.458391e-01
1.458863e-01
1.459349e-01
1.459821e-01
1.460306e-01
1.460778e-01
1.461263e-01
1.461735e-01
1.462220e-01
1.462690e-01
1.463174e-01
1.463644e-01
1.464126e-01
1.464594e-01
1.465075e-01
1.465542e-01
1.466022e-01
1.466488e-01
1.466967e-01
1.467433e-01
1.467912e-01
1.468377e-01
1.468855e-01
1.469319e-01
1.469796e-01
1.470260e-01
1.470735e-01
1.471197e-01
1.471671e-01
1.472132e-01
1.472604e-01
1.473063e-01
1.473540e-01
1.473997e-01
1.474471e-01
1.474926e-01
1.475399e-01
1.475853e-01
1.476325e-01
1.476778e-01
1.477247e-01
1.477699e-01
1.478166e-01
1.478616e-01
1.479081e-01
1.479530e-01
1.479992e-01
1.480439e-01
1.480899e-01
1.481344e-01
1.481801e-01
1.482244e-01
1.482699e-01
1.483140e-01
1.483591e-01
1.484030e-01
1.484479e-01
1.484916e-01
1.485362e-01
1.485796e-01
1.486239e-01
1.486672e-01
1.487113e-01
1.487543e-01
1.487982e-01
1.488411e-01
1.488847e-01
1.489274e-01
1.489708e-01
1.490134e-01
1.490566e-01
1.490991e-01
1.491421e-01
1.491845e-01
1.492275e-01
1.492698e-01
1.493126e-01
1.493549e-01
1.493978e-01
1.494400e-01
1.494828e-01
1.495251e-01
1.495679e-01
1.496102e-01
1.496530e-01
1.496953e-01
1.497382e-01
1.497805e-01
1.498234e-01
1.498657e-01
1.499086e-01
1.499510e-01
1.499939e-01
1.500363e-01
1.500830e-01
1.501255e-01
1.501722e-01
1.502237e-01
1.502802e-01
1.503412e-01
1.504022e-01
1.504633e-01
1.505244e-01
1.505854e-01
1.506466e-01
1.507077e-01
1.507689e-01
1.508301e-01
1.508913e-01
1.509526e-01
1.510139e-01
1.510752e-01
1.511365e-01
1.511979e-01
1.512593e-01
1.513207e-01
1.513821e-01
1.514436e-01
1.515051e-01
1.515666e-01
1.516282e-01
1.516898e-01
1.517514e-01
1.518130e-01
1.518747e-01
1.519364e-01
1.519981e-01
1.520598e-01
1.521216e-01
1.521834e-01
1.522452e-01
1.523069e-01
1.523688e-01
1.524307e-01
1.524926e-01
1.525546e-01
1.526166e-01
1.526784e-01
1.527400e-01
1.527982e-01
1.528600e-01
1.529219e-01
1.529841e-01
1.530443e-01
1.531064e-01
1.531648e-01
1.532262e-01
1.532830e-01
1.533427e-01
1.533980e-01
1.534560e-01
1.535101e-01
1.535664e-01
1.536193e-01
1.536742e-01
1.537260e-01
1.537795e-01
1.538302e-01
1.538826e-01
1.539325e-01
1.539840e-01
1.540332e-01
1.540837e-01
1.541322e-01
1.541819e-01
1.542298e-01
1.542788e-01
1.543262e-01
1.543747e-01
1.544217e-01
1.544698e-01
1.545165e-01
1.545644e-01
1.546109e-01
1.546585e-01
1.547049e-01
1.547523e-01
1.547985e-01
1.548458e-01
1.548919e-01
1.549390e-01
1.549849e-01
1.550319e-01
1.550777e-01
1.551246e-01
1.551703e-01
1.552170e-01
1.552626e-01
1.553092e-01
1.553547e-01
1.554020e-01
1.554474e-01
1.554938e-01
1.555392e-01
1.555856e-01
1.556310e-01
1.556781e-01
1.557233e-01
1.557696e-01
1.558149e-01
1.558612e-01
1.559064e-01
1.559534e-01
1.559985e-01
1.560446e-01
1.560897e-01
1.561366e-01
1.561816e-01
1.562276e-01
1.562726e-01
1.563193e-01
1.563642e-01
1.564100e-01
1.564549e-01
1.565015e-01
1.565462e-01
1.565927e-01
1.566373e-01
1.566837e-01
1.567283e-01
1.567747e-01
1.568193e-01
1.568656e-01
1.569101e-01
1.569564e-01
1.570009e-01
1.570471e-01
1.570915e-01
1.571377e-01
1.571820e-01
1.572281e-01
1.572724e-01
1.573183e-01
1.573626e-01
1.574084e-01
1.574526e-01
1.574983e-01
1.575423e-01
1.575879e-01
1.576318e-01
1.576772e-01
1.577211e-01
1.577663e-01
1.578100e-01
1.578550e-01
1.578985e-01
1.579434e-01
1.579867e-01
1.580313e-01
1.580745e-01
1.581188e-01
1.581618e-01
1.582059e-01
1.582487e-01
1.582925e-01
1.583351e-01
1.583786e-01
1.584209e-01
1.584641e-01
1.585063e-01
1.585492e-01
1.585911e-01
1.586337e-01
1.586753e-01
1.587176e-01
1.587590e-01
1.588011e-01
1.588423e-01
1.588840e-01
1.589250e-01
1.589665e-01
1.590072e-01
1.590485e-01
1.590891e-01
1.591301e-01
1.591705e-01
1.592114e-01
1.592516e-01
1.592923e-01
1.593325e-01
1.593731e-01
1.594132e-01
1.594537e-01
1.594937e-01
1.595342e-01
1.595742e-01
1.596146e-01
1.596545e-01
1.596949e-01
1.597348e-01
1.597752e-01
1.598151e-01
1.598554e-01
1.598953e-01
1.599356e-01
1.599755e-01
1.600158e-01
1.600556e-01
1.600959e-01
1.601357e-01
1.601760e-01
1.602159e-01
1.602562e-01
1.602960e-01
1.603363e-01
1.603761e-01
1.604164e-01
1.604563e-01
1.604966e-01
1.605365e-01
1.605768e-01
1.606167e-01
1.606570e-01
1.606969e-01
1.607373e-01
1.607772e-01
1.608177e-01
1.608576e-01
1.608981e-01
1.609380e-01
1.609785e-01
1.610185e-01
1.610591e-01
1.610991e-01
1.611397e-01
1.611798e-01
1.612205e-01
1.612606e-01
1.613013e-01
1.613415e-01
1.613823e-01
1.614225e-01
1.614633e-01
1.615036e-01
1.615445e-01
1.615849e-01
1.616259e-01
1.616663e-01
1.617074e-01
1.617479e-01
1.617891e-01
1.618297e-01
1.618709e-01
1.619116e-01
1.619529e-01
1.619937e-01
1.620352e-01
1.620761e-01
1.621177e-01
1.621587e-01
1.622004e-01
1.622415e-01
1.622834e-01
1.623247e-01
1.623667e-01
1.624082e-01
1.624504e-01
1.624920e-01
1.625345e-01
1.625763e-01
1.626191e-01
1.626611e-01
1.627041e-01
1.627464e-01
1.627899e-01
1.628325e-01
1.628763e-01
1.629193e-01
1.629637e-01
1.630071e-01
1.630522e-01
1.630962e-01
1.631412e-01
1.631859e-01
1.632317e-01
1.632771e-01
1.633233e-01
1.633691e-01
1.634157e-01
1.634618e-01
1.635087e-01
1.635550e-01
1.636020e-01
1.636484e-01
1.636956e-01
1.637421e-01
1.637895e-01
1.638362e-01
1.638837e-01
1.639306e-01
1.639783e-01
1.640253e-01
1.640733e-01
1.641205e-01
1.641686e-01
1.642160e-01
1.642644e-01
1.643121e-01
1.643607e-01
1.644087e-01
1.644576e-01
1.645058e-01
1.645550e-01
1.646036e-01
1.646531e-01
1.647020e-01
1.647520e-01
1.648012e-01
1.648516e-01
1.649013e-01
1.649521e-01
1.650023e-01
1.650535e-01
1.651042e-01
1.651560e-01
1.652072e-01
1.652595e-01
1.653112e-01
1.653641e-01
1.654165e-01
1.654702e-01
1.655225e-01
1.655734e-01
1.656252e-01
1.656774e-01
1.657299e-01
1.657830e-01
1.658368e-01
1.658912e-01
1.659434e-01
1.659820e-01
1.660218e-01
1.660627e-01
1.661022e-01
1.661412e-01
1.661813e-01
1.662204e-01
1.662601e-01
1.662994e-01
1.663392e-01
1.663787e-01
1.664187e-01
1.664583e-01
1.664986e-01
1.665384e-01
1.665789e-01
1.666189e-01
1.666599e-01
1.667002e-01
1.667416e-01
1.667823e-01
1.668242e-01
1.668655e-01
1.669081e-01
1.669500e-01
1.669944e-01
1.670368e-01
1.670806e-01
1.671241e-01
1.671683e-01
1.672124e-01
1.672572e-01
1.673016e-01
1.673468e-01
1.673915e-01
1.674370e-01
1.674836e-01
1.675314e-01
1.675802e-01
1.676300e-01
1.676818e-01
1.677361e-01
1.677909e-01
1.678452e-01
1.678999e-01
1.679542e-01
1.680088e-01
1.680630e-01
1.681175e-01
1.681716e-01
1.682261e-01
1.682755e-01
1.683290e-01
1.683830e-01
1.684360e-01
1.684831e-01
1.685316e-01
1.685782e-01
1.686265e-01
1.686736e-01
1.687213e-01
1.687705e-01
1.688183e-01
1.688676e-01
1.689159e-01
1.689643e-01
1.690129e-01
1.690598e-01
1.691101e-01
1.691582e-01
1.692086e-01
1.692615e-01
1.693119e-01
1.693637e-01
1.694154e-01
1.694666e-01
1.695198e-01
1.695730e-01
1.696268e-01
1.696803e-01
1.697341e-01
1.697875e-01
1.698413e-01
1.698947e-01
1.699484e-01
1.700017e-01
1.700554e-01
1.701086e-01
1.701623e-01
1.702155e-01
1.702691e-01
1.703224e-01
1.703759e-01
1.704291e-01
1.704826e-01
1.705358e-01
1.705893e-01
1.706383e-01
1.706907e-01
1.707438e-01
1.707965e-01
1.708496e-01
1.709030e-01
1.709561e-01
1.710095e-01
1.710626e-01
1.711159e-01
1.711689e-01
1.712221e-01
1.712750e-01
1.713281e-01
1.713809e-01
1.714339e-01
1.714866e-01
1.715394e-01
1.715920e-01
1.716448e-01
1.716972e-01
1.717497e-01
1.718019e-01
1.718542e-01
1.719061e-01
1.719578e-01
1.720091e-01
1.720604e-01
1.721115e-01
1.721630e-01
1.722138e-01
1.722640e-01
1.723140e-01
1.723641e-01
1.724141e-01
1.724647e-01
1.725151e-01
1.725647e-01
1.726142e-01
1.726636e-01
1.727130e-01
1.727630e-01
1.728130e-01
1.728634e-01
1.729134e-01
1.729630e-01
1.730128e-01
1.730628e-01
1.731130e-01
1.731638e-01
1.732150e-01
1.732663e-01
1.733175e-01
1.733685e-01
1.734197e-01
1.734712e-01
1.735230e-01
1.735754e-01
1.736282e-01
1.736818e-01
1.737356e-01
1.737893e-01
1.738432e-01
1.738968e-01
1.739507e-01
1.740046e-01
1.740589e-01
1.741136e-01
1.741686e-01
1.742240e-01
1.742797e-01
1.743355e-01
1.743911e-01
1.744460e-01
1.745010e-01
1.745558e-01
1.746105e-01
1.746654e-01
1.747202e-01
1.747753e-01
1.748306e-01
1.748853e-01
1.749397e-01
1.749937e-01
1.750474e-01
1.751013e-01
1.751550e-01
1.752091e-01
1.752633e-01
1.753179e-01
1.753722e-01
1.754259e-01
1.754794e-01
1.755328e-01
1.755863e-01
1.756402e-01
1.756941e-01
1.757486e-01
1.758031e-01
1.758571e-01
1.759111e-01
1.759650e-01
1.760191e-01
1.760735e-01
1.761282e-01
1.761834e-01
1.762385e-01
1.762932e-01
1.763481e-01
1.764031e-01
1.764584e-01
1.765141e-01
1.765702e-01
1.766261e-01
1.766818e-01
1.767378e-01
1.767932e-01
1.768489e-01
1.769040e-01
1.769595e-01
1.770144e-01
1.770697e-01
1.771244e-01
1.771795e-01
1.772341e-01
1.772890e-01
1.773435e-01
1.773983e-01
1.774526e-01
1.775074e-01
1.775616e-01
1.776163e-01
1.776705e-01
1.777251e-01
1.777793e-01
1.778339e-01
1.778881e-01
1.779427e-01
1.779969e-01
1.780516e-01
1.781058e-01
1.781604e-01
1.782147e-01
1.782694e-01
1.783237e-01
1.783784e-01
1.784328e-01
1.784876e-01
1.785419e-01
1.785967e-01
1.786512e-01
1.787060e-01
1.787604e-01
1.788152e-01
1.788697e-01
1.789245e-01
1.789790e-01
1.790338e-01
1.790883e-01
1.791431e-01
1.791976e-01
1.792524e-01
1.793068e-01
1.793617e-01
1.794161e-01
1.794709e-01
1.795253e-01
1.795801e-01
1.796344e-01
1.796892e-01
1.797435e-01
1.797982e-01
1.798526e-01
1.799072e-01
1.799615e-01
1.800161e-01
1.800703e-01
1.801249e-01
1.801790e-01
1.802335e-01
1.802876e-01
1.803420e-01
1.803960e-01
1.804504e-01
1.805044e-01
1.805587e-01
1.806126e-01
1.806668e-01
1.807207e-01
1.807748e-01
1.808286e-01
1.808827e-01
1.809364e-01
1.809905e-01
1.810441e-01
1.810982e-01
1.811518e-01
1.812058e-01
1.812594e-01
1.813134e-01
1.813670e-01
1.814210e-01
1.814746e-01
1.815285e-01
1.815821e-01
1.816362e-01
1.816898e-01
1.817438e-01
1.817975e-01
1.818516e-01
1.819053e-01
1.819594e-01
1.820132e-01
1.820674e-01
1.821212e-01
1.821755e-01
1.822294e-01
1.822837e-01
1.823377e-01
1.823921e-01
1.824462e-01
1.825007e-01
1.825550e-01
1.826095e-01
1.826638e-01
1.827185e-01
1.827729e-01
1.828277e-01
1.828822e-01
1.829370e-01
1.829916e-01
1.830466e-01
1.831012e-01
1.831563e-01
1.832110e-01
1.832662e-01
1.833210e-01
1.833762e-01
1.834311e-01
1.834864e-01
1.835414e-01
1.835967e-01
1.836518e-01
1.837072e-01
1.837624e-01
1.838179e-01
1.838731e-01
1.839287e-01
1.839839e-01
1.840395e-01
1.840949e-01
1.841505e-01
1.842059e-01
1.842616e-01
1.843171e-01
1.843729e-01
1.844284e-01
1.844843e-01
1.845398e-01
1.845958e-01
1.846514e-01
1.847074e-01
1.847631e-01
1.848192e-01
1.848750e-01
1.849312e-01
1.849870e-01
1.850433e-01
1.850993e-01
1.851557e-01
1.852118e-01
1.852682e-01
1.853245e-01
1.853810e-01
1.854374e-01
1.854941e-01
1.855505e-01
1.856074e-01
1.856640e-01
1.857210e-01
1.857777e-01
1.858348e-01
1.858917e-01
1.859489e-01
1.860059e-01
1.860633e-01
1.861205e-01
1.861780e-01
1.862353e-01
1.862930e-01
1.863505e-01
1.864083e-01
1.864660e-01
1.865239e-01
1.865809e-01
1.866388e-01
1.866941e-01
1.867515e-01
1.868067e-01
1.868650e-01
1.869214e-01
1.869800e-01
1.870382e-01
1.870965e-01
1.871548e-01
1.872132e-01
1.872716e-01
1.873301e-01
1.873887e-01
1.874474e-01
1.875062e-01
1.875653e-01
1.876246e-01
1.876843e-01
1.877327e-01
1.877848e-01
1.878402e-01
1.878926e-01
1.879481e-01
1.880004e-01
1.880559e-01
1.881090e-01
1.881645e-01
1.882181e-01
1.882742e-01
1.883336e-01
1.883932e-01
1.884530e-01
1.885126e-01
1.885725e-01
1.886321e-01
1.886912e-01
1.887503e-01
1.888095e-01
1.888687e-01
1.889280e-01
1.889873e-01
1.890467e-01
1.891062e-01
1.891659e-01
1.892254e-01
1.892853e-01
1.893449e-01
1.894048e-01
1.894644e-01
1.895242e-01
1.895839e-01
1.896438e-01
1.897035e-01
1.897634e-01
1.898231e-01
1.898831e-01
1.899429e-01
1.900029e-01
1.900628e-01
1.901229e-01
1.901828e-01
1.902431e-01
1.903030e-01
1.903634e-01
1.904235e-01
1.904839e-01
1.905442e-01
1.906048e-01
1.906651e-01
1.907258e-01
1.907862e-01
1.908470e-01
1.909073e-01
1.909683e-01
1.910284e-01
1.910896e-01
1.911496e-01
1.912105e-01
1.912703e-01
1.913313e-01
1.913911e-01
1.914522e-01
1.915120e-01
1.915730e-01
1.916328e-01
1.916937e-01
1.917536e-01
1.918141e-01
1.918740e-01
1.919346e-01
1.919945e-01
1.920551e-01
1.921151e-01
1.921754e-01
1.922355e-01
1.922958e-01
1.923559e-01
1.924163e-01
1.924763e-01
1.925365e-01
1.925964e-01
1.926567e-01
1.927167e-01
1.927768e-01
1.928367e-01
1.928967e-01
1.929566e-01
1.930168e-01
1.930766e-01
1.931366e-01
1.931964e-01
1.932563e-01
1.933160e-01
1.933761e-01
1.934358e-01
1.934959e-01
1.935556e-01
1.936153e-01
1.936749e-01
1.937348e-01
1.937943e-01
1.938543e-01
1.939139e-01
1.939735e-01
1.940330e-01
1.940925e-01
1.941519e-01
1.942117e-01
1.942711e-01
1.943307e-01
1.943900e-01
1.944493e-01
1.945084e-01
1.945678e-01
1.946271e-01
1.946867e-01
1.947459e-01
1.948049e-01
1.948638e-01
1.949229e-01
1.949818e-01
1.950411e-01
1.951002e-01
1.951590e-01
1.952176e-01
1.952764e-01
1.953350e-01
1.953939e-01
1.954527e-01
1.955114e-01
1.955697e-01
1.956282e-01
1.956865e-01
1.957451e-01
1.958036e-01
1.958619e-01
1.959200e-01
1.959782e-01
1.960362e-01
1.960946e-01
1.961527e-01
1.962108e-01
1.962686e-01
1.963265e-01
1.963842e-01
1.964423e-01
1.965002e-01
1.965579e-01
1.966154e-01
1.966731e-01
1.967305e-01
1.967883e-01
1.968459e-01
1.969034e-01
1.969606e-01
1.970179e-01
1.970751e-01
1.971327e-01
1.971899e-01
1.972470e-01
1.973039e-01
1.973611e-01
1.974180e-01
1.974752e-01
1.975321e-01
1.975890e-01
1.976456e-01
1.977026e-01
1.977593e-01
1.978160e-01
1.978726e-01
1.979292e-01
1.979856e-01
1.980424e-01
1.980987e-01
1.981551e-01
1.982114e-01
1.982678e-01
1.983238e-01
1.983802e-01
1.984361e-01
1.984924e-01
1.985482e-01
1.986043e-01
1.986600e-01
1.987160e-01
1.987716e-01
1.988276e-01
1.988830e-01
1.989388e-01
1.989941e-01
1.990498e-01
1.991050e-01
1.991606e-01
1.992158e-01
1.992712e-01
1.993262e-01
1.993815e-01
1.994364e-01
1.994917e-01
1.995465e-01
1.996016e-01
1.996563e-01
1.997114e-01
1.997660e-01
1.998210e-01
1.998755e-01
1.999304e-01
1.999848e-01
2.000396e-01
2.000940e-01
2.001488e-01
