#   1 : Date        
# Date        
0.000000e+00
1.807392e-05
2.865299e-05
3.680825e-05
4.331462e-05
4.906367e-05
5.538763e-05
6.204872e-05
6.795979e-05
7.446196e-05
8.161436e-05
8.947053e-05
9.702468e-05
1.053342e-04
1.143002e-04
1.241628e-04
1.337027e-04
1.436480e-04
1.545879e-04
1.657374e-04
1.769297e-04
1.886124e-04
2.010176e-04
2.132284e-04
2.257171e-04
2.388127e-04
2.521957e-04
2.655017e-04
2.797183e-04
2.939297e-04
3.084532e-04
3.235230e-04
3.388720e-04
3.545256e-04
3.707045e-04
3.871136e-04
4.039712e-04
4.213429e-04
4.389057e-04
4.566041e-04
4.748726e-04
4.934284e-04
5.123968e-04
5.317204e-04
5.513472e-04
5.713195e-04
5.916317e-04
6.121877e-04
6.330631e-04
6.541431e-04
6.756129e-04
6.973298e-04
7.193540e-04
7.416524e-04
7.642145e-04
7.870888e-04
8.102207e-04
8.336410e-04
8.572999e-04
8.811975e-04
9.052984e-04
9.296850e-04
9.542344e-04
9.790738e-04
1.004107e-03
1.029433e-03
1.054937e-03
1.080786e-03
1.106828e-03
1.133123e-03
1.159624e-03
1.186464e-03
1.213485e-03
1.240745e-03
1.268213e-03
1.295923e-03
1.323861e-03
1.352053e-03
1.380427e-03
1.409065e-03
1.437917e-03
1.467083e-03
1.496472e-03
1.526126e-03
1.555964e-03
1.586157e-03
1.616605e-03
1.647287e-03
1.678149e-03
1.709331e-03
1.740719e-03
1.772176e-03
1.803794e-03
1.835622e-03
1.867602e-03
1.899875e-03
1.932477e-03
1.965120e-03
1.998093e-03
2.031272e-03
2.064625e-03
2.098278e-03
2.132152e-03
2.166096e-03
2.200218e-03
2.234613e-03
2.269156e-03
2.304035e-03
2.339154e-03
2.374341e-03
2.409910e-03
2.445536e-03
2.481298e-03
2.517257e-03
2.553563e-03
2.589879e-03
2.626441e-03
2.663275e-03
2.700239e-03
2.737218e-03
2.774286e-03
2.811384e-03
2.848464e-03
2.885545e-03
2.922654e-03
2.959773e-03
2.996956e-03
3.034185e-03
3.071426e-03
3.108658e-03
3.145912e-03
3.183198e-03
3.220536e-03
3.257870e-03
3.295200e-03
3.332536e-03
3.369894e-03
3.407260e-03
3.444668e-03
3.482147e-03
3.519673e-03
3.557183e-03
3.594705e-03
3.632233e-03
3.669785e-03
3.707361e-03
3.744979e-03
3.782656e-03
3.820390e-03
3.858179e-03
3.895974e-03
3.933780e-03
3.971613e-03
4.009467e-03
4.047361e-03
4.085306e-03
4.123305e-03
4.161376e-03
4.199514e-03
4.237739e-03
4.276041e-03
4.314375e-03
4.352763e-03
4.391183e-03
4.429648e-03
4.468167e-03
4.506740e-03
4.545383e-03
4.584094e-03
4.622892e-03
4.661770e-03
4.700738e-03
4.739795e-03
4.778625e-03
4.817357e-03
4.855658e-03
4.894058e-03
4.932148e-03
4.970418e-03
5.008327e-03
5.046459e-03
5.084267e-03
5.122301e-03
5.160129e-03
5.198067e-03
5.236031e-03
5.273945e-03
5.312118e-03
5.350238e-03
5.372638e-03
5.395258e-03
5.417931e-03
5.440504e-03
5.463040e-03
5.485439e-03
5.507817e-03
5.530057e-03
5.552285e-03
5.574387e-03
5.596467e-03
5.618483e-03
5.640463e-03
5.662457e-03
5.684402e-03
5.706444e-03
5.728059e-03
5.750219e-03
5.772242e-03
5.794884e-03
5.817759e-03
5.839449e-03
5.861302e-03
5.883113e-03
5.905134e-03
5.927246e-03
5.949710e-03
5.972334e-03
5.995308e-03
6.018502e-03
6.042009e-03
6.064286e-03
6.086916e-03
6.109411e-03
6.132305e-03
6.155072e-03
6.178169e-03
6.201185e-03
6.224489e-03
6.247820e-03
6.271408e-03
6.294228e-03
6.317306e-03
6.340211e-03
6.363456e-03
6.386527e-03
6.410059e-03
6.433299e-03
6.456948e-03
6.480396e-03
6.504243e-03
6.527632e-03
6.551232e-03
6.574703e-03
6.598475e-03
6.622081e-03
6.646074e-03
6.669889e-03
6.694206e-03
6.718224e-03
6.742668e-03
6.766889e-03
6.791532e-03
6.816114e-03
6.841070e-03
6.865419e-03
6.890057e-03
6.914579e-03
6.939465e-03
6.964188e-03
6.989309e-03
7.014257e-03
7.039645e-03
7.064862e-03
7.090490e-03
7.116098e-03
7.142054e-03
7.168149e-03
7.194507e-03
7.221130e-03
7.247469e-03
7.273255e-03
7.299394e-03
7.325399e-03
7.351819e-03
7.378197e-03
7.404970e-03
7.431831e-03
7.459008e-03
7.486427e-03
7.513714e-03
7.541761e-03
7.569721e-03
7.596701e-03
7.625842e-03
7.653098e-03
7.683080e-03
7.710885e-03
7.739075e-03
7.767548e-03
7.796081e-03
7.825357e-03
7.854739e-03
7.885239e-03
7.916099e-03
7.948661e-03
7.982250e-03
8.017402e-03
8.046933e-03
8.076856e-03
8.107128e-03
8.138335e-03
8.170088e-03
8.203343e-03
8.237641e-03
8.271964e-03
8.302267e-03
8.332955e-03
8.364175e-03
8.396172e-03
8.428913e-03
8.462983e-03
8.498237e-03
8.534852e-03
8.566047e-03
8.597630e-03
8.629728e-03
8.662406e-03
8.695855e-03
8.730475e-03
8.761801e-03
8.793331e-03
8.824315e-03
8.854095e-03
8.883079e-03
8.910825e-03
8.937208e-03
8.962346e-03
8.987003e-03
9.011621e-03
9.036205e-03
9.060858e-03
9.085540e-03
9.110279e-03
9.135021e-03
9.159791e-03
9.184523e-03
9.209256e-03
9.233932e-03
9.258586e-03
9.283171e-03
9.307722e-03
9.332197e-03
9.356628e-03
9.380982e-03
9.405287e-03
9.429513e-03
9.453689e-03
9.477789e-03
9.501838e-03
9.525813e-03
9.549740e-03
9.573598e-03
9.597411e-03
9.621161e-03
9.644869e-03
9.668522e-03
9.692139e-03
9.715708e-03
9.739247e-03
9.762747e-03
9.786226e-03
9.809674e-03
9.833108e-03
9.856522e-03
9.879932e-03
9.903331e-03
9.926735e-03
9.950138e-03
9.973555e-03
9.996982e-03
1.002043e-02
1.004390e-02
1.006739e-02
1.009092e-02
1.011447e-02
1.013807e-02
1.016169e-02
1.018537e-02
1.020909e-02
1.023286e-02
1.025667e-02
1.028054e-02
1.030447e-02
1.032845e-02
1.035249e-02
1.037659e-02
1.040075e-02
1.042498e-02
1.044926e-02
1.047361e-02
1.049802e-02
1.052251e-02
1.054706e-02
1.057168e-02
1.059637e-02
1.062114e-02
1.064597e-02
1.067089e-02
1.069588e-02
1.072095e-02
1.074611e-02
1.077135e-02
1.079667e-02
1.082209e-02
1.084759e-02
1.087320e-02
1.089889e-02
1.092469e-02
1.095058e-02
1.097658e-02
1.100267e-02
1.102888e-02
1.105520e-02
1.108163e-02
1.110816e-02
1.113482e-02
1.116159e-02
1.118848e-02
1.121549e-02
1.124262e-02
1.126987e-02
1.129724e-02
1.132473e-02
1.135235e-02
1.138008e-02
1.140793e-02
1.143589e-02
1.146398e-02
1.149217e-02
1.152048e-02
1.154888e-02
1.157740e-02
1.160601e-02
1.163472e-02
1.166351e-02
1.169239e-02
1.172134e-02
1.175038e-02
1.177948e-02
1.180866e-02
1.183789e-02
1.186718e-02
1.189652e-02
1.192591e-02
1.195535e-02
1.198484e-02
1.201436e-02
1.204393e-02
1.207353e-02
1.210318e-02
1.213286e-02
1.216259e-02
1.219236e-02
1.222218e-02
1.225203e-02
1.228195e-02
1.231190e-02
1.234186e-02
1.237186e-02
1.240188e-02
1.243193e-02
1.246202e-02
1.249214e-02
1.252230e-02
1.255251e-02
1.258276e-02
1.261306e-02
1.264341e-02
1.267382e-02
1.270429e-02
1.273483e-02
1.276542e-02
1.279609e-02
1.282683e-02
1.285764e-02
1.288853e-02
1.291950e-02
1.295055e-02
1.298169e-02
1.301291e-02
1.304422e-02
1.307561e-02
1.310708e-02
1.313860e-02
1.317019e-02
1.320184e-02
1.323355e-02
1.326532e-02
1.329717e-02
1.332908e-02
1.336102e-02
1.339299e-02
1.342500e-02
1.345703e-02
1.348910e-02
1.352120e-02
1.355334e-02
1.358551e-02
1.361772e-02
1.364997e-02
1.368226e-02
1.371458e-02
1.374695e-02
1.377936e-02
1.381181e-02
1.384430e-02
1.387684e-02
1.390942e-02
1.394204e-02
1.397471e-02
1.400743e-02
1.404018e-02
1.407296e-02
1.410576e-02
1.413858e-02
1.417143e-02
1.420429e-02
1.423718e-02
1.427010e-02
1.430301e-02
1.433590e-02
1.436880e-02
1.440168e-02
1.443456e-02
1.446743e-02
1.450031e-02
1.453318e-02
1.456606e-02
1.459893e-02
1.463182e-02
1.466471e-02
1.469761e-02
1.473051e-02
1.476344e-02
1.479637e-02
1.482933e-02
1.486230e-02
1.489529e-02
1.492830e-02
1.496135e-02
1.499441e-02
1.502750e-02
1.506060e-02
1.509370e-02
1.512682e-02
1.515995e-02
1.519309e-02
1.522622e-02
1.525934e-02
1.529245e-02
1.532556e-02
1.535867e-02
1.539178e-02
1.542489e-02
1.545802e-02
1.549116e-02
1.552431e-02
1.555748e-02
1.559067e-02
1.562389e-02
1.565714e-02
1.569041e-02
1.572372e-02
1.575707e-02
1.579045e-02
1.582388e-02
1.585735e-02
1.589087e-02
1.592442e-02
1.595800e-02
1.599160e-02
1.602524e-02
1.605891e-02
1.609262e-02
1.612635e-02
1.616009e-02
1.619386e-02
1.622765e-02
1.626147e-02
1.629532e-02
1.632920e-02
1.636313e-02
1.639709e-02
1.643109e-02
1.646514e-02
1.649924e-02
1.653338e-02
1.656758e-02
1.660184e-02
1.663615e-02
1.667052e-02
1.670496e-02
1.673945e-02
1.677402e-02
1.680863e-02
1.684329e-02
1.687799e-02
1.691275e-02
1.694755e-02
1.698242e-02
1.701733e-02
1.705229e-02
1.708729e-02
1.712232e-02
1.715740e-02
1.719252e-02
1.722768e-02
1.726289e-02
1.729814e-02
1.733345e-02
1.736880e-02
1.740421e-02
1.743968e-02
1.747519e-02
1.751077e-02
1.754640e-02
1.758210e-02
1.761785e-02
1.765367e-02
1.768955e-02
1.772549e-02
1.776150e-02
1.779756e-02
1.783367e-02
1.786983e-02
1.790604e-02
1.794230e-02
1.797861e-02
1.801497e-02
1.805138e-02
1.808783e-02
1.812432e-02
1.816085e-02
1.819741e-02
1.823401e-02
1.827065e-02
1.830733e-02
1.834405e-02
1.838081e-02
1.841761e-02
1.845445e-02
1.849133e-02
1.852825e-02
1.856520e-02
1.860216e-02
1.863833e-02
1.867348e-02
1.870758e-02
1.874079e-02
1.877318e-02
1.880483e-02
1.883582e-02
1.886629e-02
1.889620e-02
1.892567e-02
1.895483e-02
1.898361e-02
1.901209e-02
1.904035e-02
1.906845e-02
1.909636e-02
1.912410e-02
1.915171e-02
1.917923e-02
1.920667e-02
1.923408e-02
1.926140e-02
1.928867e-02
1.931588e-02
1.934307e-02
1.937023e-02
1.939739e-02
1.942454e-02
1.945169e-02
1.947882e-02
1.950594e-02
1.953305e-02
1.956016e-02
1.958727e-02
1.961440e-02
1.964155e-02
1.966873e-02
1.969593e-02
1.972313e-02
1.975034e-02
1.977756e-02
1.980479e-02
1.983205e-02
1.985934e-02
1.988666e-02
1.991403e-02
1.994145e-02
1.996892e-02
1.999641e-02
2.002392e-02
2.005147e-02
2.007904e-02
2.010668e-02
2.013436e-02
2.016211e-02
2.018992e-02
2.021781e-02
2.024579e-02
2.027382e-02
2.030190e-02
2.033004e-02
2.035824e-02
2.038652e-02
2.041488e-02
2.044332e-02
2.047186e-02
2.050050e-02
2.052924e-02
2.055804e-02
2.058692e-02
2.061587e-02
2.064491e-02
2.067405e-02
2.070328e-02
2.073262e-02
2.076205e-02
2.079159e-02
2.082118e-02
2.085085e-02
2.088059e-02
2.091041e-02
2.094031e-02
2.097030e-02
2.100038e-02
2.103056e-02
2.106085e-02
2.109119e-02
2.112159e-02
2.115204e-02
2.118256e-02
2.121315e-02
2.124381e-02
2.127456e-02
2.130539e-02
2.133631e-02
2.136729e-02
2.139831e-02
2.142938e-02
2.146051e-02
2.149169e-02
2.152293e-02
2.155424e-02
2.158563e-02
2.161710e-02
2.164861e-02
2.168015e-02
2.171175e-02
2.174340e-02
2.177511e-02
2.180687e-02
2.183870e-02
2.187061e-02
2.190259e-02
2.193460e-02
2.196665e-02
2.199874e-02
2.203090e-02
2.206311e-02
2.209539e-02
2.212773e-02
2.216016e-02
2.219264e-02
2.222515e-02
2.225770e-02
2.229030e-02
2.232294e-02
2.235565e-02
2.238842e-02
2.242127e-02
2.245419e-02
2.248717e-02
2.252017e-02
2.255321e-02
2.258630e-02
2.261943e-02
2.265262e-02
2.268588e-02
2.271922e-02
2.275263e-02
2.278607e-02
2.281955e-02
2.285308e-02
2.288666e-02
2.292029e-02
2.295398e-02
2.298774e-02
2.302157e-02
2.305545e-02
2.308936e-02
2.312332e-02
2.315732e-02
2.319139e-02
2.322552e-02
2.325972e-02
2.329399e-02
2.332832e-02
2.336268e-02
2.339707e-02
2.343151e-02
2.346600e-02
2.350055e-02
2.353516e-02
2.356985e-02
2.360461e-02
2.363942e-02
2.367426e-02
2.370914e-02
2.374407e-02
2.377904e-02
2.381407e-02
2.384917e-02
2.388433e-02
2.391956e-02
2.395483e-02
2.399013e-02
2.402549e-02
2.406090e-02
2.409636e-02
2.413188e-02
2.416746e-02
2.420312e-02
2.423803e-02
2.427145e-02
2.430392e-02
2.433562e-02
2.437049e-02
2.440135e-02
2.443531e-02
2.446589e-02
2.449952e-02
2.453297e-02
2.456669e-02
2.459956e-02
2.463260e-02
2.466506e-02
2.469759e-02
2.472979e-02
2.476194e-02
2.479381e-02
2.482557e-02
2.485715e-02
2.488871e-02
2.492019e-02
2.495483e-02
2.498639e-02
2.502111e-02
2.505528e-02
2.508977e-02
2.512344e-02
2.515744e-02
2.519088e-02
2.522455e-02
2.525778e-02
2.529122e-02
2.532437e-02
2.535766e-02
2.539082e-02
2.542393e-02
2.545695e-02
2.548992e-02
2.552278e-02
2.555563e-02
2.558841e-02
2.562124e-02
2.565403e-02
2.568691e-02
2.572276e-02
2.575907e-02
2.579456e-02
2.583045e-02
2.586563e-02
2.590120e-02
2.593628e-02
2.597165e-02
2.600662e-02
2.604183e-02
2.607679e-02
2.611196e-02
2.614714e-02
2.618221e-02
2.621702e-02
2.625169e-02
2.628612e-02
2.632048e-02
2.635466e-02
2.638882e-02
2.642288e-02
2.645696e-02
2.649098e-02
2.652505e-02
2.655909e-02
2.659654e-02
2.663065e-02
2.666816e-02
2.670236e-02
2.673955e-02
2.677385e-02
2.681032e-02
2.684622e-02
2.688186e-02
2.691718e-02
2.695235e-02
2.698726e-02
2.702210e-02
2.705677e-02
2.709143e-02
2.712598e-02
2.716400e-02
2.719853e-02
2.723651e-02
2.727108e-02
2.730910e-02
2.734373e-02
2.738085e-02
2.741730e-02
2.745342e-02
2.748917e-02
2.752476e-02
2.756007e-02
2.759530e-02
2.763038e-02
2.766896e-02
2.770394e-02
2.774241e-02
2.777738e-02
2.781585e-02
2.785087e-02
2.788939e-02
2.792738e-02
2.796486e-02
2.800169e-02
2.803821e-02
2.807436e-02
2.811035e-02
2.814610e-02
2.818178e-02
2.821732e-02
2.825642e-02
2.829189e-02
2.833090e-02
2.837069e-02
2.841045e-02
2.844960e-02
2.848853e-02
2.852697e-02
2.856493e-02
2.860230e-02
2.863937e-02
2.867611e-02
2.871269e-02
2.874905e-02
2.878535e-02
2.882152e-02
2.886131e-02
2.889743e-02
2.893715e-02
2.897695e-02
2.901710e-02
2.905760e-02
2.909864e-02
2.913921e-02
2.917604e-02
2.921265e-02
2.924909e-02
2.928558e-02
2.932280e-02
2.936086e-02
2.939600e-02
2.943094e-02
2.946574e-02
2.950068e-02
2.953582e-02
2.957133e-02
2.960791e-02
2.964553e-02
2.967967e-02
2.971388e-02
2.974818e-02
2.978281e-02
2.981797e-02
2.985398e-02
2.989150e-02
2.992933e-02
2.996322e-02
2.999741e-02
3.003193e-02
3.006697e-02
3.010322e-02
3.014088e-02
3.017469e-02
3.020870e-02
3.024292e-02
3.027754e-02
3.031278e-02
3.034891e-02
3.038661e-02
3.042634e-02
3.046041e-02
3.049484e-02
3.052964e-02
3.056497e-02
3.060156e-02
3.063952e-02
3.067958e-02
3.072043e-02
3.075512e-02
3.079028e-02
3.082608e-02
3.086280e-02
3.090109e-02
3.094013e-02
3.097471e-02
3.100963e-02
3.104491e-02
3.108072e-02
3.111775e-02
3.115443e-02
3.119056e-02
3.122636e-02
3.126141e-02
3.129659e-02
3.133154e-02
3.136636e-02
3.140087e-02
3.143478e-02
3.146188e-02
3.149170e-02
3.151977e-02
3.154975e-02
3.157858e-02
3.160904e-02
3.163828e-02
3.166902e-02
3.169853e-02
3.172946e-02
3.175917e-02
3.179023e-02
3.182011e-02
3.185131e-02
3.188136e-02
3.191270e-02
3.194294e-02
3.197444e-02
3.200486e-02
3.203654e-02
3.206714e-02
3.209900e-02
3.212980e-02
3.216185e-02
3.219283e-02
3.222509e-02
3.225628e-02
3.228876e-02
3.232017e-02
3.235289e-02
3.238452e-02
3.241751e-02
3.244938e-02
3.248265e-02
3.251476e-02
3.254833e-02
3.258070e-02
3.261458e-02
3.264722e-02
3.268142e-02
3.271434e-02
3.274886e-02
3.278205e-02
3.281691e-02
3.285037e-02
3.288558e-02
3.291932e-02
3.295489e-02
3.298891e-02
3.302486e-02
3.305917e-02
3.309549e-02
3.313007e-02
3.316673e-02
3.320160e-02
3.323848e-02
3.327364e-02
3.331059e-02
3.334608e-02
3.338328e-02
3.341905e-02
3.345637e-02
3.349237e-02
3.352981e-02
3.356605e-02
3.360359e-02
3.364005e-02
3.367770e-02
3.371429e-02
3.375195e-02
3.378865e-02
3.382632e-02
3.386314e-02
3.390083e-02
3.393777e-02
3.397537e-02
3.401243e-02
3.405014e-02
3.408734e-02
3.412502e-02
3.416237e-02
3.420004e-02
3.423752e-02
3.427521e-02
3.431241e-02
3.434993e-02
3.438764e-02
3.442536e-02
3.446307e-02
3.450080e-02
3.452441e-02
3.455039e-02
3.457409e-02
3.459827e-02
3.462200e-02
3.464795e-02
3.467169e-02
3.469780e-02
3.472156e-02
3.474770e-02
3.477645e-02
3.480808e-02
3.484287e-02
3.488088e-02
3.491893e-02
3.495704e-02
3.499354e-02
3.503036e-02
3.506746e-02
3.510496e-02
3.514327e-02
3.518164e-02
3.522006e-02
3.525854e-02
3.529708e-02
3.533344e-02
3.537001e-02
3.540693e-02
3.544437e-02
3.548273e-02
3.552159e-02
3.556047e-02
3.559940e-02
3.563833e-02
3.567460e-02
3.571117e-02
3.574804e-02
3.578533e-02
3.582363e-02
3.586276e-02
3.590195e-02
3.594118e-02
3.597714e-02
3.601338e-02
3.604984e-02
3.608670e-02
3.612408e-02
3.616242e-02
3.620198e-02
3.624160e-02
3.628129e-02
3.632102e-02
3.635730e-02
3.639391e-02
3.643084e-02
3.646819e-02
3.650657e-02
3.654598e-02
3.658610e-02
3.662628e-02
3.666234e-02
3.669867e-02
3.673525e-02
3.677223e-02
3.680974e-02
3.684820e-02
3.688819e-02
3.692873e-02
3.696931e-02
3.700992e-02
3.704638e-02
3.708317e-02
3.712029e-02
3.715783e-02
3.719639e-02
3.723597e-02
3.727682e-02
3.731770e-02
3.735397e-02
3.739052e-02
3.742733e-02
3.746453e-02
3.750227e-02
3.754094e-02
3.758110e-02
3.762222e-02
3.766336e-02
3.770452e-02
3.774125e-02
3.777832e-02
3.781569e-02
3.785350e-02
3.789231e-02
3.793213e-02
3.797348e-02
3.801486e-02
3.805622e-02
3.809766e-02
3.813491e-02
3.817257e-02
3.821078e-02
3.824993e-02
3.829059e-02
3.833217e-02
3.837355e-02
3.841519e-02
3.845233e-02
3.848982e-02
3.852762e-02
3.856584e-02
3.860509e-02
3.864537e-02
3.868693e-02
3.872883e-02
3.877034e-02
3.881232e-02
3.884998e-02
3.888807e-02
3.892673e-02
3.896636e-02
3.900756e-02
3.904976e-02
3.909145e-02
3.913371e-02
3.917122e-02
3.920908e-02
3.924726e-02
3.928589e-02
3.932559e-02
3.936632e-02
3.940839e-02
3.945100e-02
3.949313e-02
3.953584e-02
3.957379e-02
3.961218e-02
3.965118e-02
3.969118e-02
3.973277e-02
3.977573e-02
3.981807e-02
3.986114e-02
3.989880e-02
3.993683e-02
3.997541e-02
4.001499e-02
4.005618e-02
4.009878e-02
4.014124e-02
4.018465e-02
4.022216e-02
4.026006e-02
4.029853e-02
4.033805e-02
4.037923e-02
4.042187e-02
4.046434e-02
4.050810e-02
4.054556e-02
4.058342e-02
4.062189e-02
4.066142e-02
4.070267e-02
4.074544e-02
4.078786e-02
4.083181e-02
4.086925e-02
4.090710e-02
4.094556e-02
4.098509e-02
4.102634e-02
4.106921e-02
4.110639e-02
4.114379e-02
4.118139e-02
4.121942e-02
4.125826e-02
4.129820e-02
4.134021e-02
4.138398e-02
4.142147e-02
4.145931e-02
4.149735e-02
4.153593e-02
4.157530e-02
4.161463e-02
4.165373e-02
4.169291e-02
4.173224e-02
4.176973e-02
4.180970e-02
4.184786e-02
4.188773e-02
4.192648e-02
4.196524e-02
4.200405e-02
4.204298e-02
4.208207e-02
4.212137e-02
4.216095e-02
4.220088e-02
4.224121e-02
4.228205e-02
4.232340e-02
4.236542e-02
4.240810e-02
4.245078e-02
4.249520e-02
4.253790e-02
4.257750e-02
4.261720e-02
4.265700e-02
4.269691e-02
4.273694e-02
4.277714e-02
4.281753e-02
4.285813e-02
4.289897e-02
4.294010e-02
4.298152e-02
4.302330e-02
4.306547e-02
4.310810e-02
4.315121e-02
4.319417e-02
4.323418e-02
4.327421e-02
4.331425e-02
4.335434e-02
4.339447e-02
4.343469e-02
4.347498e-02
4.351539e-02
4.355595e-02
4.359668e-02
4.363762e-02
4.367881e-02
4.372029e-02
4.376215e-02
4.380403e-02
4.384679e-02
4.388874e-02
4.392910e-02
4.396949e-02
4.400988e-02
4.405034e-02
4.409092e-02
4.413163e-02
4.417250e-02
4.421354e-02
4.425476e-02
4.429617e-02
4.433777e-02
4.437957e-02
4.442161e-02
4.446390e-02
4.450647e-02
4.454937e-02
4.459265e-02
4.463358e-02
4.467448e-02
4.471538e-02
4.475626e-02
4.479718e-02
4.483820e-02
4.487936e-02
4.492069e-02
4.496220e-02
4.500392e-02
4.504585e-02
4.508804e-02
4.513048e-02
4.517323e-02
4.521574e-02
4.525868e-02
4.530009e-02
4.534152e-02
4.538300e-02
4.542450e-02
4.546607e-02
4.550768e-02
4.554940e-02
4.559127e-02
4.563333e-02
4.567561e-02
4.571811e-02
4.576083e-02
4.580377e-02
4.584694e-02
4.589033e-02
4.593396e-02
4.597782e-02
4.602194e-02
4.606633e-02
4.610903e-02
4.615176e-02
4.619448e-02
4.623722e-02
4.627995e-02
4.632270e-02
4.636545e-02
4.640825e-02
4.645113e-02
4.649414e-02
4.653731e-02
4.658065e-02
4.662416e-02
4.666786e-02
4.671173e-02
4.675580e-02
4.680005e-02
4.684451e-02
4.688917e-02
4.693405e-02
4.697917e-02
4.702454e-02
4.707021e-02
4.711620e-02
4.716060e-02
4.720502e-02
4.724941e-02
4.729383e-02
4.733823e-02
4.738266e-02
4.742712e-02
4.747169e-02
4.751638e-02
4.756123e-02
4.760624e-02
4.765140e-02
4.769671e-02
4.774218e-02
4.778779e-02
4.783355e-02
4.787944e-02
4.792549e-02
4.797167e-02
4.801800e-02
4.806448e-02
4.811112e-02
4.815793e-02
4.820487e-02
4.825203e-02
4.829935e-02
4.834694e-02
4.839473e-02
4.844288e-02
4.849032e-02
4.853774e-02
4.858515e-02
4.863253e-02
4.867992e-02
4.872728e-02
4.877470e-02
4.882221e-02
4.886985e-02
4.891761e-02
4.896549e-02
4.901349e-02
4.906153e-02
4.910963e-02
4.915775e-02
4.920589e-02
4.925405e-02
4.930224e-02
4.935045e-02
4.939870e-02
4.944697e-02
4.949529e-02
4.954365e-02
4.959205e-02
4.964050e-02
4.968900e-02
4.973754e-02
4.978614e-02
4.983479e-02
4.988350e-02
4.993227e-02
4.998111e-02
5.003002e-02
5.007900e-02
5.012805e-02
5.017720e-02
5.022643e-02
5.027576e-02
5.032519e-02
5.037474e-02
5.042441e-02
5.047422e-02
5.052416e-02
5.057418e-02
5.062421e-02
5.067426e-02
5.072432e-02
5.077439e-02
5.082448e-02
5.087459e-02
5.092472e-02
5.097487e-02
5.102506e-02
5.107527e-02
5.112550e-02
5.117573e-02
5.122599e-02
5.127624e-02
5.132652e-02
5.137679e-02
5.142709e-02
5.147740e-02
5.152772e-02
5.157806e-02
5.162841e-02
5.167875e-02
5.172909e-02
5.177942e-02
5.182977e-02
5.188010e-02
5.193044e-02
5.198077e-02
5.203112e-02
5.208147e-02
5.213182e-02
5.218215e-02
5.223248e-02
5.228278e-02
5.233308e-02
5.238335e-02
5.243361e-02
5.248384e-02
5.253406e-02
5.258424e-02
5.263441e-02
5.268454e-02
5.273466e-02
5.278474e-02
5.283480e-02
5.288482e-02
5.293483e-02
5.298482e-02
5.303480e-02
5.308478e-02
5.313476e-02
5.318474e-02
5.323473e-02
5.328474e-02
5.333476e-02
5.338479e-02
5.343485e-02
5.348492e-02
5.353501e-02
5.358513e-02
5.363527e-02
5.368544e-02
5.373564e-02
5.378587e-02
5.383613e-02
5.388641e-02
5.393673e-02
5.398707e-02
5.403744e-02
5.408783e-02
5.413826e-02
5.418872e-02
5.423921e-02
5.428973e-02
5.434029e-02
5.439088e-02
5.444151e-02
5.446960e-02
5.449822e-02
5.452741e-02
5.455580e-02
5.458395e-02
5.461258e-02
5.464073e-02
5.466936e-02
5.469751e-02
5.472615e-02
5.475429e-02
5.478292e-02
5.481107e-02
5.483970e-02
5.486786e-02
5.489649e-02
5.492465e-02
5.495329e-02
5.498146e-02
5.501010e-02
5.503828e-02
5.506693e-02
5.509513e-02
5.512380e-02
5.515209e-02
5.518098e-02
5.521051e-02
5.523921e-02
5.526763e-02
5.529663e-02
5.532509e-02
5.535411e-02
5.538259e-02
5.541163e-02
5.544014e-02
5.546918e-02
5.549771e-02
5.552678e-02
5.555532e-02
5.558440e-02
5.561296e-02
5.564205e-02
5.567062e-02
5.569973e-02
5.572832e-02
5.575744e-02
5.578605e-02
5.581518e-02
5.584381e-02
5.587297e-02
5.590162e-02
5.593079e-02
5.595947e-02
5.598866e-02
5.601736e-02
5.604658e-02
5.607532e-02
5.610456e-02
5.613333e-02
5.616260e-02
5.619140e-02
5.622070e-02
5.624954e-02
5.627888e-02
5.630775e-02
5.633713e-02
5.636605e-02
5.639547e-02
5.642443e-02
5.645390e-02
5.648291e-02
5.651242e-02
5.654134e-02
5.657066e-02
5.660052e-02
5.662998e-02
5.666013e-02
5.668972e-02
5.671901e-02
5.674899e-02
5.677837e-02
5.680845e-02
5.683790e-02
5.686806e-02
5.689759e-02
5.692783e-02
5.695743e-02
5.698774e-02
5.701742e-02
5.704779e-02
5.707754e-02
5.710799e-02
5.713781e-02
5.716833e-02
5.719821e-02
5.722880e-02
5.725875e-02
5.728941e-02
5.731942e-02
5.735014e-02
5.738022e-02
5.741101e-02
5.744115e-02
5.747201e-02
5.750221e-02
5.753314e-02
5.756340e-02
5.759440e-02
5.762473e-02
5.765579e-02
5.768620e-02
5.771733e-02
5.774780e-02
5.777900e-02
5.780955e-02
5.784083e-02
5.787144e-02
5.790279e-02
5.793348e-02
5.796491e-02
5.799568e-02
5.802719e-02
5.805803e-02
5.808962e-02
5.812054e-02
5.815221e-02
5.818321e-02
5.821497e-02
5.824605e-02
5.827790e-02
5.830907e-02
5.834100e-02
5.837225e-02
5.840428e-02
5.843562e-02
5.846774e-02
5.849916e-02
5.853137e-02
5.856289e-02
5.859520e-02
5.862680e-02
5.865921e-02
5.869091e-02
5.872341e-02
5.875520e-02
5.878781e-02
5.881970e-02
5.885241e-02
5.888656e-02
5.892236e-02
5.896035e-02
5.900059e-02
5.904336e-02
5.908853e-02
5.913608e-02
5.918557e-02
5.923677e-02
5.928917e-02
5.934232e-02
5.939550e-02
5.944874e-02
5.950200e-02
5.955533e-02
5.960872e-02
5.966214e-02
5.971560e-02
5.976910e-02
5.982263e-02
5.987621e-02
5.992981e-02
5.998345e-02
6.003713e-02
6.009086e-02
6.014462e-02
6.019842e-02
6.025225e-02
6.030613e-02
6.036004e-02
6.041400e-02
6.046799e-02
6.052203e-02
6.057610e-02
6.063023e-02
6.068439e-02
6.073861e-02
6.079285e-02
6.082646e-02
6.086343e-02
6.090409e-02
6.094882e-02
6.099802e-02
6.105215e-02
6.110668e-02
6.116124e-02
6.121580e-02
6.127037e-02
6.132493e-02
6.137950e-02
6.143407e-02
6.148864e-02
6.154321e-02
6.159775e-02
6.165229e-02
6.170682e-02
6.176135e-02
6.181587e-02
6.187039e-02
6.192490e-02
6.197941e-02
6.203390e-02
6.206831e-02
6.210615e-02
6.214779e-02
6.219358e-02
6.224396e-02
6.229840e-02
6.235284e-02
6.240728e-02
6.246171e-02
6.251615e-02
6.257057e-02
6.262499e-02
6.267941e-02
6.273384e-02
6.276856e-02
6.280676e-02
6.284877e-02
6.289499e-02
6.294582e-02
6.300033e-02
6.305488e-02
6.310945e-02
6.316405e-02
6.321866e-02
6.325354e-02
6.329191e-02
6.332681e-02
6.336520e-02
6.340742e-02
6.345387e-02
6.350496e-02
6.355934e-02
6.361395e-02
6.366866e-02
6.372302e-02
6.377719e-02
6.381222e-02
6.385076e-02
6.389315e-02
6.393978e-02
6.397488e-02
6.401349e-02
6.405597e-02
6.410269e-02
6.415408e-02
6.420919e-02
6.426434e-02
6.431950e-02
6.435432e-02
6.439045e-02
6.442527e-02
6.446038e-02
6.449520e-02
6.453031e-02
6.456512e-02
6.460023e-02
6.463503e-02
6.467013e-02
6.470492e-02
6.474002e-02
6.477480e-02
6.480989e-02
6.484414e-02
6.487869e-02
6.491294e-02
6.494801e-02
6.498228e-02
6.501734e-02
6.505209e-02
6.508714e-02
6.512155e-02
6.515659e-02
6.519130e-02
6.522631e-02
6.526100e-02
6.529599e-02
6.533065e-02
6.536560e-02
6.540022e-02
6.543515e-02
6.546974e-02
6.550462e-02
6.553915e-02
6.557394e-02
6.560829e-02
6.564308e-02
6.567787e-02
6.571333e-02
6.574811e-02
6.578258e-02
6.581728e-02
6.585158e-02
6.588560e-02
6.591973e-02
6.595361e-02
6.598758e-02
6.602136e-02
6.605546e-02
6.608950e-02
6.612415e-02
6.615820e-02
6.619289e-02
6.622727e-02
6.626204e-02
6.629656e-02
6.633147e-02
6.636676e-02
6.640303e-02
6.643833e-02
6.647464e-02
6.650994e-02
6.654626e-02
6.658156e-02
6.661791e-02
6.665323e-02
6.668961e-02
6.672495e-02
6.676138e-02
6.679653e-02
6.683276e-02
6.686752e-02
6.690314e-02
6.693863e-02
6.697459e-02
6.700958e-02
6.704556e-02
6.708105e-02
6.711702e-02
6.715167e-02
6.718707e-02
6.722187e-02
6.725728e-02
6.729207e-02
6.732707e-02
6.736179e-02
6.739729e-02
6.743224e-02
6.746743e-02
6.750236e-02
6.753746e-02
6.757232e-02
6.760778e-02
6.764304e-02
6.767908e-02
6.771483e-02
6.775201e-02
6.778829e-02
6.782607e-02
6.786280e-02
6.790104e-02
6.793683e-02
6.797460e-02
6.800999e-02
6.804685e-02
6.808214e-02
6.811864e-02
6.815412e-02
6.819057e-02
6.822860e-02
6.826543e-02
6.830391e-02
6.834445e-02
6.838758e-02
6.843360e-02
6.848259e-02
6.853326e-02
6.858393e-02
6.863459e-02
6.868526e-02
6.873593e-02
6.878661e-02
6.883728e-02
6.888797e-02
6.893865e-02
6.898937e-02
6.904010e-02
6.909088e-02
6.914165e-02
6.919246e-02
6.924326e-02
6.929413e-02
6.934498e-02
6.939590e-02
6.944681e-02
6.949779e-02
6.954878e-02
6.959984e-02
6.965090e-02
6.970204e-02
6.975319e-02
6.980442e-02
6.985565e-02
6.990695e-02
6.995827e-02
7.000965e-02
7.006102e-02
7.011248e-02
7.016363e-02
7.021517e-02
7.026609e-02
7.031771e-02
7.036840e-02
7.042010e-02
7.047054e-02
7.052230e-02
7.057251e-02
7.062354e-02
7.067351e-02
7.072487e-02
7.077458e-02
7.082579e-02
7.087525e-02
7.092657e-02
7.097575e-02
7.102740e-02
7.107631e-02
7.111112e-02
7.114675e-02
7.118311e-02
7.122016e-02
7.125489e-02
7.129015e-02
7.132482e-02
7.135972e-02
7.139431e-02
7.142911e-02
7.146363e-02
7.149834e-02
7.153352e-02
7.156922e-02
7.160548e-02
7.164238e-02
7.167996e-02
7.171831e-02
7.176048e-02
7.180666e-02
7.185321e-02
7.189960e-02
7.194650e-02
7.199247e-02
7.204027e-02
7.208591e-02
7.213336e-02
7.217870e-02
7.222582e-02
7.227089e-02
7.231773e-02
7.236257e-02
7.240917e-02
7.245382e-02
7.250020e-02
7.254469e-02
7.259090e-02
7.263525e-02
7.268131e-02
7.272553e-02
7.277147e-02
7.281557e-02
7.286139e-02
7.290538e-02
7.295109e-02
7.299498e-02
7.304056e-02
7.308432e-02
7.312976e-02
7.317339e-02
7.321868e-02
7.326217e-02
7.330732e-02
7.335065e-02
7.339558e-02
7.343874e-02
7.348352e-02
7.352657e-02
7.357119e-02
7.361412e-02
7.365859e-02
7.370143e-02
7.374580e-02
7.378858e-02
7.383290e-02
7.387568e-02
7.391999e-02
7.396280e-02
7.400714e-02
7.405001e-02
7.409439e-02
7.413733e-02
7.418177e-02
7.422478e-02
7.426929e-02
7.430502e-02
7.434177e-02
7.437959e-02
7.441495e-02
7.445124e-02
7.448627e-02
7.452222e-02
7.455919e-02
7.459483e-02
7.463141e-02
7.466706e-02
7.470363e-02
7.473930e-02
7.477588e-02
7.481350e-02
7.484868e-02
7.488473e-02
7.492174e-02
7.495745e-02
7.499408e-02
7.503172e-02
7.506698e-02
7.510312e-02
7.514022e-02
7.517604e-02
7.521278e-02
7.525056e-02
7.528195e-02
7.531648e-02
7.534783e-02
7.538125e-02
7.541255e-02
7.544532e-02
7.547657e-02
7.550897e-02
7.554015e-02
7.557229e-02
7.560340e-02
7.563530e-02
7.566633e-02
7.569802e-02
7.572896e-02
7.576045e-02
7.579128e-02
7.582258e-02
7.585331e-02
7.588448e-02
7.591509e-02
7.594615e-02
7.597663e-02
7.600756e-02
7.603791e-02
7.606870e-02
7.609892e-02
7.612957e-02
7.615966e-02
7.619017e-02
7.622013e-02
7.625049e-02
7.628130e-02
7.631259e-02
7.634441e-02
7.637683e-02
7.640988e-02
7.644362e-02
7.647808e-02
7.651330e-02
7.654925e-02
7.658591e-02
7.662320e-02
7.665954e-02
7.669685e-02
7.673288e-02
7.676988e-02
7.680567e-02
7.684246e-02
7.687810e-02
7.691469e-02
7.695015e-02
7.698660e-02
7.702197e-02
7.705834e-02
7.709364e-02
7.712996e-02
7.716520e-02
7.720142e-02
7.723656e-02
7.727272e-02
7.730783e-02
7.734398e-02
7.737906e-02
7.741513e-02
7.745013e-02
7.748615e-02
7.752113e-02
7.755712e-02
7.759205e-02
7.762566e-02
7.766007e-02
7.769527e-02
7.772934e-02
7.776417e-02
7.779824e-02
7.782784e-02
7.785846e-02
7.789215e-02
7.792620e-02
7.795518e-02
7.798426e-02
7.801388e-02
7.804367e-02
7.807437e-02
7.810815e-02
7.813712e-02
7.816899e-02
7.819830e-02
7.822992e-02
7.825997e-02
7.829302e-02
7.832547e-02
7.835845e-02
7.838949e-02
7.842363e-02
7.845372e-02
7.848681e-02
7.851644e-02
7.854905e-02
7.858251e-02
7.861710e-02
7.864895e-02
7.868334e-02
7.871390e-02
7.874751e-02
7.877736e-02
7.881018e-02
7.884629e-02
7.888543e-02
7.892451e-02
7.896347e-02
7.900242e-02
7.904119e-02
7.907969e-02
7.911816e-02
7.915655e-02
7.919435e-02
7.923164e-02
7.926816e-02
7.930452e-02
7.934028e-02
7.936913e-02
7.939871e-02
7.942904e-02
7.946016e-02
7.949221e-02
7.952538e-02
7.955961e-02
7.959241e-02
7.962572e-02
7.965802e-02
7.969107e-02
7.972335e-02
7.975671e-02
7.978949e-02
7.982332e-02
7.985708e-02
7.989109e-02
7.992585e-02
7.996097e-02
7.999733e-02
8.003420e-02
8.007197e-02
8.010433e-02
8.013991e-02
8.017225e-02
8.020730e-02
8.023961e-02
8.027378e-02
8.031136e-02
8.034910e-02
8.038692e-02
8.042495e-02
8.046310e-02
8.050101e-02
8.053866e-02
8.057628e-02
8.061393e-02
8.065174e-02
8.068674e-02
8.072439e-02
8.076200e-02
8.079596e-02
8.082721e-02
8.085948e-02
8.089235e-02
8.092580e-02
8.095881e-02
8.099332e-02
8.102856e-02
8.106447e-02
8.110191e-02
8.113991e-02
8.117834e-02
8.121694e-02
8.125542e-02
8.129370e-02
8.133209e-02
8.137011e-02
8.140749e-02
8.144413e-02
8.148065e-02
8.151668e-02
8.155289e-02
8.158869e-02
8.162483e-02
8.165934e-02
8.169418e-02
8.172780e-02
8.176187e-02
8.179498e-02
8.182868e-02
8.186165e-02
8.189533e-02
8.192837e-02
8.196219e-02
8.199539e-02
8.202945e-02
8.206289e-02
8.209730e-02
8.213106e-02
8.216589e-02
8.220001e-02
8.223524e-02
8.226967e-02
8.230525e-02
8.233997e-02
8.237587e-02
8.241090e-02
8.244712e-02
8.248261e-02
8.251947e-02
8.255570e-02
8.259357e-02
8.263095e-02
8.266982e-02
8.270947e-02
8.274966e-02
8.279033e-02
8.283161e-02
8.287355e-02
8.291642e-02
8.296024e-02
8.300338e-02
8.304764e-02
8.309101e-02
8.313501e-02
8.317873e-02
8.322263e-02
8.326646e-02
8.331035e-02
8.335403e-02
8.339578e-02
8.343914e-02
8.347991e-02
8.352242e-02
8.356295e-02
8.360546e-02
8.364630e-02
8.368928e-02
8.373041e-02
8.377347e-02
8.381428e-02
8.385707e-02
8.389738e-02
8.393951e-02
8.397916e-02
8.402046e-02
8.405936e-02
8.409978e-02
8.413793e-02
8.417748e-02
8.421491e-02
8.425365e-02
8.429043e-02
8.432843e-02
8.436463e-02
8.440197e-02
8.443766e-02
8.447442e-02
8.450966e-02
8.454593e-02
8.458078e-02
8.461662e-02
8.465113e-02
8.468661e-02
8.472084e-02
8.475600e-02
8.478999e-02
8.482487e-02
8.485865e-02
8.489336e-02
8.492702e-02
8.496160e-02
8.499518e-02
8.502967e-02
8.506320e-02
8.509580e-02
8.512935e-02
8.516385e-02
8.519700e-02
8.523101e-02
8.526479e-02
8.529771e-02
8.533147e-02
8.536448e-02
8.539803e-02
8.543026e-02
8.546314e-02
8.549633e-02
8.552898e-02
8.556231e-02
8.559502e-02
8.562773e-02
8.566053e-02
8.569384e-02
8.572609e-02
8.575866e-02
8.579044e-02
8.582298e-02
8.585446e-02
8.588670e-02
8.591805e-02
8.595022e-02
8.598160e-02
8.601394e-02
8.604554e-02
8.607828e-02
8.611029e-02
8.614316e-02
8.617576e-02
8.620924e-02
8.624235e-02
8.627606e-02
8.630956e-02
8.634266e-02
8.637651e-02
8.641125e-02
8.644509e-02
8.648001e-02
8.651440e-02
8.654779e-02
8.658238e-02
8.661786e-02
8.665216e-02
8.668772e-02
8.672280e-02
8.675650e-02
8.679159e-02
8.682784e-02
8.686261e-02
8.689877e-02
8.693484e-02
8.696884e-02
8.700328e-02
8.704013e-02
8.707733e-02
8.710945e-02
8.714313e-02
8.717537e-02
8.720825e-02
8.724184e-02
8.727444e-02
8.730768e-02
8.734158e-02
8.737490e-02
8.741006e-02
8.744381e-02
8.747892e-02
8.750787e-02
8.753972e-02
8.756804e-02
8.759918e-02
8.762761e-02
8.765889e-02
8.768747e-02
8.771891e-02
8.774767e-02
8.777931e-02
8.780830e-02
8.783794e-02
8.786625e-02
8.789662e-02
8.792471e-02
8.795324e-02
8.798303e-02
8.801349e-02
8.804320e-02
8.807354e-02
8.810315e-02
8.813338e-02
8.816290e-02
8.819300e-02
8.822244e-02
8.825243e-02
8.828178e-02
8.831168e-02
8.834095e-02
8.837075e-02
8.839996e-02
8.842967e-02
8.845881e-02
8.848845e-02
8.851753e-02
8.854685e-02
8.857588e-02
8.860515e-02
8.863459e-02
8.866383e-02
8.869357e-02
8.872367e-02
8.875341e-02
8.878391e-02
8.881365e-02
8.884414e-02
8.887384e-02
8.890428e-02
8.893395e-02
8.896298e-02
8.899248e-02
8.902252e-02
8.905132e-02
8.908085e-02
8.910966e-02
8.913869e-02
8.916750e-02
8.919664e-02
8.922546e-02
8.925462e-02
8.928344e-02
8.931248e-02
8.934130e-02
8.937034e-02
8.939916e-02
8.942820e-02
8.945703e-02
8.948654e-02
8.951536e-02
8.954441e-02
8.957323e-02
8.960228e-02
8.963110e-02
8.966014e-02
8.968897e-02
8.971801e-02
8.974684e-02
8.977588e-02
8.980470e-02
8.983374e-02
8.986257e-02
8.989161e-02
8.992044e-02
8.994948e-02
8.997831e-02
9.000736e-02
9.003619e-02
9.006524e-02
9.009407e-02
9.012313e-02
9.015197e-02
9.018103e-02
9.021300e-02
9.024816e-02
9.028684e-02
9.032939e-02
9.037619e-02
9.042507e-02
9.047455e-02
9.052169e-02
9.056869e-02
9.061579e-02
9.066336e-02
9.071147e-02
9.074046e-02
9.077235e-02
9.080170e-02
9.083399e-02
9.086337e-02
9.089321e-02
9.092262e-02
9.095363e-02
9.098280e-02
9.101245e-02
9.104177e-02
9.107140e-02
9.110068e-02
9.113203e-02
9.116550e-02
9.120112e-02
9.123915e-02
9.127969e-02
9.130926e-02
9.133972e-02
9.136932e-02
9.139955e-02
9.142915e-02
9.145898e-02
9.148857e-02
9.151839e-02
9.154797e-02
9.157777e-02
9.160733e-02
9.163710e-02
9.166664e-02
9.169639e-02
9.172591e-02
9.175564e-02
9.178514e-02
9.181485e-02
9.184433e-02
9.187402e-02
9.190349e-02
9.193590e-02
9.196949e-02
9.200400e-02
9.203351e-02
9.206354e-02
9.209308e-02
9.212287e-02
9.215242e-02
9.218221e-02
9.221176e-02
9.224153e-02
9.227106e-02
9.230081e-02
9.233032e-02
9.236005e-02
9.238954e-02
9.241924e-02
9.244871e-02
9.247839e-02
9.250785e-02
9.253751e-02
9.256695e-02
9.259660e-02
9.262921e-02
9.266508e-02
9.270048e-02
9.273724e-02
9.277310e-02
9.281058e-02
9.284702e-02
9.288534e-02
9.291475e-02
9.294465e-02
9.297409e-02
9.300375e-02
9.303320e-02
9.306287e-02
9.309231e-02
9.312197e-02
9.315141e-02
9.318105e-02
9.321049e-02
9.324013e-02
9.326957e-02
9.329920e-02
9.332865e-02
9.336103e-02
9.339526e-02
9.342915e-02
9.346294e-02
9.349765e-02
9.352705e-02
9.355693e-02
9.358637e-02
9.361603e-02
9.364548e-02
9.367514e-02
9.370460e-02
9.373426e-02
9.376372e-02
9.379339e-02
9.382287e-02
9.385255e-02
9.388206e-02
9.391176e-02
9.394444e-02
9.397993e-02
9.400938e-02
9.403933e-02
9.406883e-02
9.409856e-02
9.412808e-02
9.415782e-02
9.418735e-02
9.421709e-02
9.424665e-02
9.427640e-02
9.430597e-02
9.433574e-02
9.436536e-02
9.439517e-02
9.442470e-02
9.445477e-02
9.448438e-02
9.451424e-02
9.454389e-02
9.457376e-02
9.460342e-02
9.463330e-02
9.466298e-02
9.469286e-02
9.472256e-02
9.475246e-02
9.478219e-02
9.481212e-02
9.484191e-02
9.487189e-02
9.490488e-02
9.494046e-02
9.497015e-02
9.500036e-02
9.503015e-02
9.506017e-02
9.509000e-02
9.512005e-02
9.514993e-02
9.518001e-02
9.520994e-02
9.524006e-02
9.527005e-02
9.530023e-02
9.533029e-02
9.536335e-02
9.539972e-02
9.543885e-02
9.546879e-02
9.549924e-02
9.552928e-02
9.555956e-02
9.558967e-02
9.562001e-02
9.565019e-02
9.568058e-02
9.571083e-02
9.574128e-02
9.577161e-02
9.580214e-02
9.583256e-02
9.586603e-02
9.589995e-02
9.593547e-02
9.596952e-02
9.600490e-02
9.603524e-02
9.606606e-02
9.609652e-02
9.612720e-02
9.615775e-02
9.618851e-02
9.621915e-02
9.625000e-02
9.628073e-02
9.631166e-02
9.634250e-02
9.637642e-02
9.641373e-02
9.645301e-02
9.648881e-02
9.652669e-02
9.656555e-02
9.660360e-02
9.663447e-02
9.666580e-02
9.669680e-02
9.672801e-02
9.675913e-02
9.679046e-02
9.682169e-02
9.685313e-02
9.688449e-02
9.691604e-02
9.694753e-02
9.697921e-02
9.701082e-02
9.704264e-02
9.707440e-02
9.710635e-02
9.713774e-02
9.716961e-02
9.720117e-02
9.723295e-02
9.726464e-02
9.729657e-02
9.732839e-02
9.736044e-02
9.739240e-02
9.742459e-02
9.745668e-02
9.748901e-02
9.752123e-02
9.755394e-02
9.758576e-02
9.761809e-02
9.765010e-02
9.768237e-02
9.771454e-02
9.774702e-02
9.777933e-02
9.781201e-02
9.784448e-02
9.787763e-02
9.791024e-02
9.794340e-02
9.797715e-02
9.801026e-02
9.804407e-02
9.807739e-02
9.811046e-02
9.814426e-02
9.817746e-02
9.821139e-02
9.824468e-02
9.827868e-02
9.831205e-02
9.834606e-02
9.837949e-02
9.841351e-02
9.844698e-02
9.848102e-02
9.851452e-02
9.854858e-02
9.858212e-02
9.861620e-02
9.864979e-02
9.868391e-02
9.871727e-02
9.875145e-02
9.878504e-02
9.881932e-02
9.885299e-02
9.888699e-02
9.892070e-02
9.895471e-02
9.898844e-02
9.902245e-02
9.905596e-02
9.909001e-02
9.912378e-02
9.915828e-02
9.919211e-02
9.922627e-02
9.926009e-02
9.929420e-02
9.932801e-02
9.936207e-02
9.939586e-02
9.942991e-02
9.946349e-02
9.949756e-02
9.953131e-02
9.956538e-02
9.959916e-02
9.963320e-02
9.966696e-02
9.970096e-02
9.973466e-02
9.976860e-02
9.980230e-02
9.983615e-02
9.986947e-02
9.990335e-02
9.993672e-02
9.997073e-02
1.000041e-01
1.000383e-01
1.000718e-01
1.001064e-01
1.001394e-01
1.001730e-01
1.002062e-01
1.002405e-01
1.002769e-01
1.003148e-01
1.003545e-01
1.003956e-01
1.004382e-01
1.004818e-01
1.005220e-01
1.005662e-01
1.006051e-01
1.006478e-01
1.006859e-01
1.007277e-01
1.007705e-01
1.008142e-01
1.008547e-01
1.008993e-01
1.009381e-01
1.009809e-01
1.010188e-01
1.010605e-01
1.011005e-01
1.011427e-01
1.011825e-01
1.012262e-01
1.012647e-01
1.013070e-01
1.013447e-01
1.013861e-01
1.014233e-01
1.014641e-01
1.015017e-01
1.015430e-01
1.015802e-01
1.016211e-01
1.016580e-01
1.016986e-01
1.017433e-01
1.017802e-01
1.018169e-01
1.018574e-01
1.018940e-01
1.019343e-01
1.019707e-01
1.020108e-01
1.020471e-01
1.020831e-01
1.021195e-01
1.021596e-01
1.021959e-01
1.022359e-01
1.022798e-01
1.023272e-01
1.023745e-01
1.024219e-01
1.024692e-01
1.025166e-01
1.025639e-01
1.026112e-01
1.026586e-01
1.027057e-01
1.027531e-01
1.027994e-01
1.028465e-01
1.028925e-01
1.029393e-01
1.029851e-01
1.030319e-01
1.030779e-01
1.031248e-01
1.031710e-01
1.032182e-01
1.032645e-01
1.032994e-01
1.033351e-01
1.033701e-01
1.034065e-01
1.034415e-01
1.034784e-01
1.035133e-01
1.035485e-01
1.035835e-01
1.036187e-01
1.036536e-01
1.036888e-01
1.037275e-01
1.037700e-01
1.038165e-01
1.038632e-01
1.039106e-01
1.039572e-01
1.040048e-01
1.040513e-01
1.040988e-01
1.041451e-01
1.041924e-01
1.042386e-01
1.042859e-01
1.043319e-01
1.043790e-01
1.044250e-01
1.044719e-01
1.045178e-01
1.045529e-01
1.045885e-01
1.046237e-01
1.046593e-01
1.046946e-01
1.047303e-01
1.047655e-01
1.048013e-01
1.048366e-01
1.048723e-01
1.049077e-01
1.049435e-01
1.049788e-01
1.050147e-01
1.050510e-01
1.050879e-01
1.051233e-01
1.051592e-01
1.051956e-01
1.052326e-01
1.052701e-01
1.053083e-01
1.053472e-01
1.053868e-01
1.054272e-01
1.054684e-01
1.055103e-01
1.055529e-01
1.055987e-01
1.056435e-01
1.056892e-01
1.057339e-01
1.057796e-01
1.058241e-01
1.058698e-01
1.059143e-01
1.059599e-01
1.060044e-01
1.060500e-01
1.060945e-01
1.061402e-01
1.061847e-01
1.062303e-01
1.062749e-01
1.063205e-01
1.063651e-01
1.064108e-01
1.064555e-01
1.065012e-01
1.065459e-01
1.065917e-01
1.066364e-01
1.066823e-01
1.067270e-01
1.067701e-01
1.068150e-01
1.068580e-01
1.069026e-01
1.069456e-01
1.069906e-01
1.070367e-01
1.070818e-01
1.071280e-01
1.071732e-01
1.072195e-01
1.072647e-01
1.073111e-01
1.073564e-01
1.074029e-01
1.074484e-01
1.074950e-01
1.075406e-01
1.075764e-01
1.076159e-01
1.076517e-01
1.076902e-01
1.077260e-01
1.077642e-01
1.078058e-01
1.078497e-01
1.078961e-01
1.079421e-01
1.079891e-01
1.080333e-01
1.080784e-01
1.081246e-01
1.081683e-01
1.082130e-01
1.082567e-01
1.083013e-01
1.083451e-01
1.083897e-01
1.084251e-01
1.084640e-01
1.084994e-01
1.085384e-01
1.085737e-01
1.086127e-01
1.086480e-01
1.086870e-01
1.087223e-01
1.087613e-01
1.087966e-01
1.088356e-01
1.088709e-01
1.089098e-01
1.089452e-01
1.089841e-01
1.090194e-01
1.090582e-01
1.091009e-01
1.091455e-01
1.091892e-01
1.092339e-01
1.092799e-01
1.093271e-01
1.093710e-01
1.094160e-01
1.094621e-01
1.095067e-01
1.095508e-01
1.095958e-01
1.096399e-01
1.096850e-01
1.097312e-01
1.097760e-01
1.098223e-01
1.098676e-01
1.099145e-01
1.099603e-01
1.100038e-01
1.100482e-01
1.100911e-01
1.101344e-01
1.101772e-01
1.102203e-01
1.102634e-01
1.103068e-01
1.103422e-01
1.103784e-01
1.104139e-01
1.104509e-01
1.104864e-01
1.105239e-01
1.105593e-01
1.105971e-01
1.106325e-01
1.106705e-01
1.107059e-01
1.107441e-01
1.107795e-01
1.108179e-01
1.108533e-01
1.108918e-01
1.109272e-01
1.109659e-01
1.110013e-01
1.110401e-01
1.110755e-01
1.111145e-01
1.111499e-01
1.111889e-01
1.112243e-01
1.112600e-01
1.112955e-01
1.113311e-01
1.113666e-01
1.114055e-01
1.114484e-01
1.114956e-01
1.115446e-01
1.115928e-01
1.116420e-01
1.116900e-01
1.117392e-01
1.117871e-01
1.118360e-01
1.118838e-01
1.119327e-01
1.119803e-01
1.120291e-01
1.120766e-01
1.121252e-01
1.121726e-01
1.122211e-01
1.122684e-01
1.123168e-01
1.123640e-01
1.124122e-01
1.124593e-01
1.125074e-01
1.125543e-01
1.126023e-01
1.126491e-01
1.126970e-01
1.127436e-01
1.127914e-01
1.128379e-01
1.128855e-01
1.129320e-01
1.129795e-01
1.130258e-01
1.130732e-01
1.131194e-01
1.131666e-01
1.132127e-01
1.132479e-01
1.132837e-01
1.133190e-01
1.133555e-01
1.133907e-01
1.134276e-01
1.134628e-01
1.134983e-01
1.135336e-01
1.135691e-01
1.136043e-01
1.136398e-01
1.136750e-01
1.137105e-01
1.137494e-01
1.137923e-01
1.138391e-01
1.138849e-01
1.139317e-01
1.139774e-01
1.140242e-01
1.140698e-01
1.141166e-01
1.141622e-01
1.142089e-01
1.142545e-01
1.143012e-01
1.143468e-01
1.143936e-01
1.144392e-01
1.144860e-01
1.145318e-01
1.145786e-01
1.146244e-01
1.146713e-01
1.147173e-01
1.147643e-01
1.148105e-01
1.148576e-01
1.149040e-01
1.149513e-01
1.149978e-01
1.150453e-01
1.150921e-01
1.151398e-01
1.151869e-01
1.152348e-01
1.152823e-01
1.153305e-01
1.153783e-01
1.154142e-01
1.154536e-01
1.154895e-01
1.155291e-01
1.155650e-01
1.156043e-01
1.156476e-01
1.156938e-01
1.157422e-01
1.157907e-01
1.158395e-01
1.158882e-01
1.159368e-01
1.159854e-01
1.160339e-01
1.160832e-01
1.161317e-01
1.161801e-01
1.162269e-01
1.162745e-01
1.163213e-01
1.163685e-01
1.164153e-01
1.164626e-01
1.164993e-01
1.165381e-01
1.165752e-01
1.166161e-01
1.166534e-01
1.166932e-01
1.167306e-01
1.167715e-01
1.168097e-01
1.168505e-01
1.168937e-01
1.169339e-01
1.169767e-01
1.170177e-01
1.170613e-01
1.171029e-01
1.171465e-01
1.171927e-01
1.172409e-01
1.172890e-01
1.173371e-01
1.173853e-01
1.174334e-01
1.174815e-01
1.175296e-01
1.175777e-01
1.176259e-01
1.176740e-01
1.177221e-01
1.177702e-01
1.178184e-01
1.178670e-01
1.179161e-01
1.179647e-01
1.180043e-01
1.180466e-01
1.180863e-01
1.181279e-01
1.181724e-01
1.182191e-01
1.182685e-01
1.183167e-01
1.183664e-01
1.184159e-01
1.184651e-01
1.185133e-01
1.185540e-01
1.185987e-01
1.186395e-01
1.186843e-01
1.187331e-01
1.187817e-01
1.188235e-01
1.188695e-01
1.189105e-01
1.189522e-01
1.189935e-01
1.190359e-01
1.190767e-01
1.191191e-01
1.191632e-01
1.192087e-01
1.192523e-01
1.192989e-01
1.193433e-01
1.193908e-01
1.194361e-01
1.194840e-01
1.195248e-01
1.195697e-01
1.196106e-01
1.196542e-01
1.196954e-01
1.197391e-01
1.197862e-01
1.198342e-01
1.198823e-01
1.199227e-01
1.199647e-01
1.200082e-01
1.200534e-01
1.201004e-01
1.201409e-01
1.201828e-01
1.202262e-01
1.202681e-01
1.203113e-01
1.203558e-01
1.203970e-01
1.204394e-01
1.204807e-01
1.205231e-01
1.205644e-01
1.206060e-01
1.206472e-01
1.206887e-01
1.207298e-01
1.207712e-01
1.208122e-01
1.208572e-01
1.209045e-01
1.209519e-01
1.209992e-01
1.210464e-01
1.210937e-01
1.211409e-01
1.211882e-01
1.212354e-01
1.212826e-01
1.213298e-01
1.213770e-01
1.214241e-01
1.214713e-01
1.215184e-01
1.215655e-01
1.216126e-01
1.216598e-01
1.217069e-01
1.217540e-01
1.218011e-01
1.218482e-01
1.218953e-01
1.219425e-01
1.219896e-01
1.220367e-01
1.220838e-01
1.221309e-01
1.221780e-01
1.222251e-01
1.222722e-01
1.223194e-01
1.223665e-01
1.224136e-01
1.224608e-01
1.225080e-01
1.225553e-01
1.226025e-01
1.226498e-01
1.226972e-01
1.227445e-01
1.227920e-01
1.228394e-01
1.228869e-01
1.229345e-01
1.229822e-01
1.230299e-01
1.230777e-01
1.231256e-01
1.231735e-01
1.232214e-01
1.232691e-01
1.233169e-01
1.233647e-01
1.234120e-01
1.234593e-01
1.235069e-01
1.235548e-01
1.236028e-01
1.236506e-01
1.236985e-01
1.237462e-01
1.237873e-01
1.238285e-01
1.238695e-01
1.239106e-01
1.239517e-01
1.239929e-01
1.240341e-01
1.240753e-01
1.241165e-01
1.241578e-01
1.241992e-01
1.242405e-01
1.242820e-01
1.243234e-01
1.243650e-01
1.244065e-01
1.244482e-01
1.244898e-01
1.245316e-01
1.245733e-01
1.246152e-01
1.246569e-01
1.246989e-01
1.247409e-01
1.247830e-01
1.248251e-01
1.248674e-01
1.249097e-01
1.249522e-01
1.249947e-01
1.250375e-01
1.250803e-01
1.251234e-01
1.251665e-01
1.252099e-01
1.252534e-01
1.252972e-01
1.253411e-01
1.253853e-01
1.254297e-01
1.254744e-01
1.255193e-01
1.255644e-01
1.256099e-01
1.256556e-01
1.257016e-01
1.257480e-01
1.257897e-01
1.258315e-01
1.258733e-01
1.259151e-01
1.259569e-01
1.259988e-01
1.260406e-01
1.260825e-01
1.261244e-01
1.261663e-01
1.262082e-01
1.262502e-01
1.262921e-01
1.263341e-01
1.263760e-01
1.264181e-01
1.264601e-01
1.265021e-01
1.265442e-01
1.265863e-01
1.266283e-01
1.266705e-01
1.267126e-01
1.267547e-01
1.267969e-01
1.268391e-01
1.268812e-01
1.269235e-01
1.269657e-01
1.270080e-01
1.270502e-01
1.270926e-01
1.271349e-01
1.271773e-01
1.272196e-01
1.272621e-01
1.273045e-01
1.273470e-01
1.273895e-01
1.274321e-01
1.274746e-01
1.275173e-01
1.275599e-01
1.276026e-01
1.276453e-01
1.276881e-01
1.277309e-01
1.277738e-01
1.278166e-01
1.278595e-01
1.279025e-01
1.279455e-01
1.279886e-01
1.280316e-01
1.280752e-01
1.281189e-01
1.281630e-01
1.282075e-01
1.282524e-01
1.282977e-01
1.283433e-01
1.283894e-01
1.284355e-01
1.284822e-01
1.285243e-01
1.285661e-01
1.286084e-01
1.286503e-01
1.286928e-01
1.287348e-01
1.287775e-01
1.288197e-01
1.288626e-01
1.289049e-01
1.289480e-01
1.289906e-01
1.290340e-01
1.290770e-01
1.291207e-01
1.291641e-01
1.292082e-01
1.292519e-01
1.292965e-01
1.293380e-01
1.293801e-01
1.294218e-01
1.294641e-01
1.295059e-01
1.295484e-01
1.295903e-01
1.296330e-01
1.296751e-01
1.297180e-01
1.297601e-01
1.298029e-01
1.298451e-01
1.298880e-01
1.299304e-01
1.299735e-01
1.300162e-01
1.300596e-01
1.301027e-01
1.301464e-01
1.301898e-01
1.302332e-01
1.302768e-01
1.303204e-01
1.303644e-01
1.304083e-01
1.304526e-01
1.304950e-01
1.305370e-01
1.305795e-01
1.306215e-01
1.306641e-01
1.307061e-01
1.307487e-01
1.307908e-01
1.308335e-01
1.308757e-01
1.309185e-01
1.309608e-01
1.310037e-01
1.310462e-01
1.310894e-01
1.311322e-01
1.311751e-01
1.312182e-01
1.312615e-01
1.313049e-01
1.313484e-01
1.313923e-01
1.314362e-01
1.314805e-01
1.315249e-01
1.315699e-01
1.316149e-01
1.316607e-01
1.317064e-01
1.317532e-01
1.317999e-01
1.318481e-01
1.318963e-01
1.319447e-01
1.319931e-01
1.320355e-01
1.320782e-01
1.321209e-01
1.321640e-01
1.322071e-01
1.322505e-01
1.322938e-01
1.323376e-01
1.323811e-01
1.324247e-01
1.324687e-01
1.325131e-01
1.325580e-01
1.326032e-01
1.326488e-01
1.326950e-01
1.327418e-01
1.327892e-01
1.328374e-01
1.328866e-01
1.329289e-01
1.329714e-01
1.330140e-01
1.330567e-01
1.330994e-01
1.331423e-01
1.331851e-01
1.332281e-01
1.332711e-01
1.333142e-01
1.333573e-01
1.334004e-01
1.334436e-01
1.334870e-01
1.335303e-01
1.335737e-01
1.336172e-01
1.336608e-01
1.337045e-01
1.337483e-01
1.337921e-01
1.338361e-01
1.338810e-01
1.339267e-01
1.339731e-01
1.340153e-01
1.340574e-01
1.340993e-01
1.341414e-01
1.341836e-01
1.342261e-01
1.342687e-01
1.343115e-01
1.343544e-01
1.343972e-01
1.344399e-01
1.344828e-01
1.345257e-01
1.345688e-01
1.346121e-01
1.346552e-01
1.346984e-01
1.347416e-01
1.347850e-01
1.348284e-01
1.348720e-01
1.349156e-01
1.349593e-01
1.350031e-01
1.350470e-01
1.350915e-01
1.351368e-01
1.351828e-01
1.352294e-01
1.352762e-01
1.353186e-01
1.353607e-01
1.354028e-01
1.354450e-01
1.354873e-01
1.355298e-01
1.355725e-01
1.356154e-01
1.356584e-01
1.357013e-01
1.357441e-01
1.357870e-01
1.358301e-01
1.358733e-01
1.359165e-01
1.359598e-01
1.360030e-01
1.360464e-01
1.360899e-01
1.361334e-01
1.361769e-01
1.362206e-01
1.362643e-01
1.363086e-01
1.363536e-01
1.363993e-01
1.364455e-01
1.364920e-01
1.365343e-01
1.365764e-01
1.366184e-01
1.366605e-01
1.367027e-01
1.367452e-01
1.367878e-01
1.368306e-01
1.368734e-01
1.369161e-01
1.369586e-01
1.370012e-01
1.370440e-01
1.370869e-01
1.371300e-01
1.371731e-01
1.372162e-01
1.372595e-01
1.373029e-01
1.373463e-01
1.373897e-01
1.374333e-01
1.374769e-01
1.375206e-01
1.375645e-01
1.376093e-01
1.376551e-01
1.377016e-01
1.377436e-01
1.377858e-01
1.378282e-01
1.378703e-01
1.379122e-01
1.379543e-01
1.379965e-01
1.380390e-01
1.380811e-01
1.381239e-01
1.381669e-01
1.382098e-01
1.382527e-01
1.382957e-01
1.383388e-01
1.383820e-01
1.384246e-01
1.384679e-01
1.385101e-01
1.385536e-01
1.385954e-01
1.386391e-01
1.386806e-01
1.387243e-01
1.387655e-01
1.388092e-01
1.388503e-01
1.388924e-01
1.389334e-01
1.389754e-01
1.390164e-01
1.390585e-01
1.390993e-01
1.391419e-01
1.391827e-01
1.392256e-01
1.392663e-01
1.393093e-01
1.393522e-01
1.393953e-01
1.394385e-01
1.394817e-01
1.395250e-01
1.395684e-01
1.396119e-01
1.396556e-01
1.396993e-01
1.397432e-01
1.397872e-01
1.398319e-01
1.398775e-01
1.399241e-01
1.399664e-01
1.400090e-01
1.400517e-01
1.400942e-01
1.401366e-01
1.401792e-01
1.402220e-01
1.402650e-01
1.403082e-01
1.403516e-01
1.403951e-01
1.404386e-01
1.404820e-01
1.405255e-01
1.405692e-01
1.406130e-01
1.406568e-01
1.407007e-01
1.407447e-01
1.407889e-01
1.408331e-01
1.408775e-01
1.409220e-01
1.409676e-01
1.410108e-01
1.410541e-01
1.410975e-01
1.411411e-01
1.411849e-01
1.412283e-01
1.412716e-01
1.413151e-01
1.413588e-01
1.414027e-01
1.414468e-01
1.414911e-01
1.415355e-01
1.415798e-01
1.416241e-01
1.416685e-01
1.417131e-01
1.417577e-01
1.418024e-01
1.418472e-01
1.418921e-01
1.419371e-01
1.419822e-01
1.420274e-01
1.420728e-01
1.421194e-01
1.421638e-01
1.422084e-01
1.422531e-01
1.422979e-01
1.423430e-01
1.423877e-01
1.424323e-01
1.424771e-01
1.425220e-01
1.425672e-01
1.426126e-01
1.426582e-01
1.427039e-01
1.427494e-01
1.427950e-01
1.428406e-01
1.428864e-01
1.429322e-01
1.429781e-01
1.430241e-01
1.430702e-01
1.431164e-01
1.431628e-01
1.432091e-01
1.432557e-01
1.433033e-01
1.433516e-01
1.433999e-01
1.434462e-01
1.434928e-01
1.435395e-01
1.435858e-01
1.436320e-01
1.436784e-01
1.437248e-01
1.437716e-01
1.438185e-01
1.438657e-01
1.439129e-01
1.439600e-01
1.440069e-01
1.440540e-01
1.441012e-01
1.441484e-01
1.441957e-01
1.442431e-01
1.442907e-01
1.443383e-01
1.443861e-01
1.444338e-01
1.444817e-01
1.445303e-01
1.445790e-01
1.446277e-01
1.446725e-01
1.447211e-01
1.447659e-01
1.448139e-01
1.448586e-01
1.449066e-01
1.449548e-01
1.450032e-01
1.450481e-01
1.450968e-01
1.451417e-01
1.451904e-01
1.452352e-01
1.452840e-01
1.453288e-01
1.453736e-01
1.454186e-01
1.454636e-01
1.455085e-01
1.455575e-01
1.456025e-01
1.456515e-01
1.456964e-01
1.457414e-01
1.457865e-01
1.458315e-01
1.458766e-01
1.459216e-01
1.459667e-01
1.460117e-01
1.460568e-01
1.461019e-01
1.461471e-01
1.461922e-01
1.462374e-01
1.462826e-01
1.463277e-01
1.463730e-01
1.464182e-01
1.464635e-01
1.465088e-01
1.465541e-01
1.465994e-01
1.466448e-01
1.466901e-01
1.467355e-01
1.467809e-01
1.468263e-01
1.468717e-01
1.469172e-01
1.469626e-01
1.470081e-01
1.470536e-01
1.470991e-01
1.471446e-01
1.471900e-01
1.472355e-01
1.472810e-01
1.473265e-01
1.473721e-01
1.474169e-01
1.474624e-01
1.475072e-01
1.475527e-01
1.475976e-01
1.476432e-01
1.476881e-01
1.477336e-01
1.477786e-01
1.478241e-01
1.478697e-01
1.479152e-01
1.479608e-01
1.480064e-01
1.480520e-01
1.480975e-01
1.481431e-01
1.481887e-01
1.482344e-01
1.482801e-01
1.483260e-01
1.483720e-01
1.484170e-01
1.484632e-01
1.485082e-01
1.485544e-01
1.485995e-01
1.486457e-01
1.486908e-01
1.487369e-01
1.487820e-01
1.488280e-01
1.488732e-01
1.489192e-01
1.489644e-01
1.490108e-01
1.490561e-01
1.491025e-01
1.491478e-01
1.491942e-01
1.492396e-01
1.492858e-01
1.493332e-01
1.493826e-01
1.494333e-01
1.494842e-01
1.495351e-01
1.495859e-01
1.496318e-01
1.496778e-01
1.497236e-01
1.497708e-01
1.498162e-01
1.498618e-01
1.499074e-01
1.499531e-01
1.499985e-01
1.500445e-01
1.500903e-01
1.501361e-01
1.501815e-01
1.502272e-01
1.502726e-01
1.503186e-01
1.503641e-01
1.504102e-01
1.504557e-01
1.505017e-01
1.505472e-01
1.505932e-01
1.506388e-01
1.506849e-01
1.507305e-01
1.507766e-01
1.508223e-01
1.508684e-01
1.509142e-01
1.509604e-01
1.510062e-01
1.510523e-01
1.510977e-01
1.511438e-01
1.511892e-01
1.512355e-01
1.512809e-01
1.513272e-01
1.513727e-01
1.514189e-01
1.514645e-01
1.515108e-01
1.515564e-01
1.516027e-01
1.516490e-01
1.516954e-01
1.517417e-01
1.517883e-01
1.518332e-01
1.518803e-01
1.519253e-01
1.519726e-01
1.520176e-01
1.520653e-01
1.521133e-01
1.521614e-01
1.522098e-01
1.522582e-01
1.523065e-01
1.523551e-01
1.524043e-01
1.524538e-01
1.525035e-01
1.525534e-01
1.526032e-01
1.526532e-01
1.527034e-01
1.527542e-01
1.528052e-01
1.528566e-01
1.529025e-01
1.529485e-01
1.529946e-01
1.530408e-01
1.530872e-01
1.531334e-01
1.531794e-01
1.532256e-01
1.532706e-01
1.533165e-01
1.533616e-01
1.534071e-01
1.534522e-01
1.534978e-01
1.535429e-01
1.535886e-01
1.536337e-01
1.536796e-01
1.537247e-01
1.537707e-01
1.538158e-01
1.538619e-01
1.539071e-01
1.539535e-01
1.539998e-01
1.540462e-01
1.540925e-01
1.541388e-01
1.541836e-01
1.542300e-01
1.542748e-01
1.543211e-01
1.543659e-01
1.544122e-01
1.544570e-01
1.545033e-01
1.545476e-01
1.545938e-01
1.546381e-01
1.546842e-01
1.547286e-01
1.547746e-01
1.548190e-01
1.548649e-01
1.549093e-01
1.549541e-01
1.549984e-01
1.550433e-01
1.550876e-01
1.551325e-01
1.551768e-01
1.552222e-01
1.552665e-01
1.553131e-01
1.553574e-01
1.554046e-01
1.554490e-01
1.554968e-01
1.555411e-01
1.555878e-01
1.556343e-01
1.556799e-01
1.557238e-01
1.557689e-01
1.558132e-01
1.558586e-01
1.559026e-01
1.559477e-01
1.559922e-01
1.560373e-01
1.560818e-01
1.561269e-01
1.561714e-01
1.562164e-01
1.562609e-01
1.563060e-01
1.563502e-01
1.563938e-01
1.564366e-01
1.564791e-01
1.565211e-01
1.565628e-01
1.566043e-01
1.566456e-01
1.566866e-01
1.567276e-01
1.567684e-01
1.568092e-01
1.568499e-01
1.568905e-01
1.569311e-01
1.569717e-01
1.570122e-01
1.570567e-01
1.570972e-01
1.571417e-01
1.571822e-01
1.572264e-01
1.572697e-01
1.573131e-01
1.573565e-01
1.573997e-01
1.574423e-01
1.574846e-01
1.575266e-01
1.575683e-01
1.576096e-01
1.576508e-01
1.576918e-01
1.577327e-01
1.577735e-01
1.578142e-01
1.578549e-01
1.578956e-01
1.579362e-01
1.579809e-01
1.580215e-01
1.580662e-01
1.581117e-01
1.581576e-01
1.582026e-01
1.582478e-01
1.582923e-01
1.583369e-01
1.583811e-01
1.584252e-01
1.584688e-01
1.585122e-01
1.585552e-01
1.585980e-01
1.586403e-01
1.586824e-01
1.587243e-01
1.587660e-01
1.588076e-01
1.588491e-01
1.588905e-01
1.589319e-01
1.589733e-01
1.590147e-01
1.590560e-01
1.591015e-01
1.591482e-01
1.591953e-01
1.592416e-01
1.592881e-01
1.593339e-01
1.593798e-01
1.594253e-01
1.594706e-01
1.595154e-01
1.595598e-01
1.596039e-01
1.596476e-01
1.596908e-01
1.597339e-01
1.597767e-01
1.598193e-01
1.598618e-01
1.599042e-01
1.599464e-01
1.599887e-01
1.600308e-01
1.600730e-01
1.601151e-01
1.601573e-01
1.601994e-01
1.602456e-01
1.602920e-01
1.603389e-01
1.603862e-01
1.604338e-01
1.604809e-01
1.605281e-01
1.605740e-01
1.606200e-01
1.606660e-01
1.607120e-01
1.607575e-01
1.608028e-01
1.608474e-01
1.608917e-01
1.609358e-01
1.609796e-01
1.610231e-01
1.610665e-01
1.611096e-01
1.611526e-01
1.611955e-01
1.612384e-01
1.612811e-01
1.613238e-01
1.613665e-01
1.614092e-01
1.614518e-01
1.614982e-01
1.615449e-01
1.615920e-01
1.616395e-01
1.616874e-01
1.617328e-01
1.617784e-01
1.618239e-01
1.618697e-01
1.619154e-01
1.619608e-01
1.620061e-01
1.620518e-01
1.620978e-01
1.621438e-01
1.621891e-01
1.622345e-01
1.622798e-01
1.623251e-01
1.623701e-01
1.624150e-01
1.624594e-01
1.625036e-01
1.625475e-01
1.625912e-01
1.626347e-01
1.626781e-01
1.627214e-01
1.627646e-01
1.628077e-01
1.628508e-01
1.628939e-01
1.629369e-01
1.629799e-01
1.630254e-01
1.630684e-01
1.631135e-01
1.631585e-01
1.632038e-01
1.632494e-01
1.632954e-01
1.633418e-01
1.633885e-01
1.634355e-01
1.634829e-01
1.635308e-01
1.635790e-01
1.636244e-01
1.636699e-01
1.637155e-01
1.637606e-01
1.638056e-01
1.638509e-01
1.638965e-01
1.639425e-01
1.639886e-01
1.640344e-01
1.640796e-01
1.641247e-01
1.641696e-01
1.642143e-01
1.642588e-01
1.643033e-01
1.643475e-01
1.643917e-01
1.644358e-01
1.644799e-01
1.645239e-01
1.645679e-01
1.646118e-01
1.646557e-01
1.646996e-01
1.647435e-01
1.647874e-01
1.648314e-01
1.648753e-01
1.649233e-01
1.649689e-01
1.650145e-01
1.650602e-01
1.651055e-01
1.651505e-01
1.651958e-01
1.652412e-01
1.652871e-01
1.653332e-01
1.653797e-01
1.654264e-01
1.654732e-01
1.655201e-01
1.655672e-01
1.656146e-01
1.656623e-01
1.657103e-01
1.657585e-01
1.658041e-01
1.658497e-01
1.658953e-01
1.659405e-01
1.659854e-01
1.660305e-01
1.660759e-01
1.661216e-01
1.661676e-01
1.662139e-01
1.662605e-01
1.663071e-01
1.663538e-01
1.664008e-01
1.664480e-01
1.664954e-01
1.665431e-01
1.665909e-01
1.666390e-01
1.666874e-01
1.667330e-01
1.667781e-01
1.668229e-01
1.668679e-01
1.669130e-01
1.669585e-01
1.670043e-01
1.670503e-01
1.670965e-01
1.671428e-01
1.671893e-01
1.672356e-01
1.672819e-01
1.673284e-01
1.673750e-01
1.674218e-01
1.674688e-01
1.675160e-01
1.675635e-01
1.676111e-01
1.676588e-01
1.677066e-01
1.677546e-01
1.678040e-01
1.678546e-01
1.679061e-01
1.679578e-01
1.680055e-01
1.680561e-01
1.681082e-01
1.681532e-01
1.682000e-01
1.682485e-01
1.682978e-01
1.683435e-01
1.683912e-01
1.684377e-01
1.684861e-01
1.685330e-01
1.685820e-01
1.686296e-01
1.686796e-01
1.687306e-01
1.687818e-01
1.688331e-01
1.688844e-01
1.689358e-01
1.689871e-01
1.690385e-01
1.690899e-01
1.691414e-01
1.691929e-01
1.692446e-01
1.692962e-01
1.693480e-01
1.693997e-01
1.694515e-01
1.695034e-01
1.695554e-01
1.696073e-01
1.696593e-01
1.697110e-01
1.697626e-01
1.698146e-01
1.698668e-01
1.699189e-01
1.699712e-01
1.700234e-01
1.700758e-01
1.701281e-01
1.701803e-01
1.702327e-01
1.702851e-01
1.703372e-01
1.703892e-01
1.704415e-01
1.704940e-01
1.705467e-01
1.705996e-01
1.706524e-01
1.707054e-01
1.707584e-01
1.708114e-01
1.708645e-01
1.709174e-01
1.709705e-01
1.710236e-01
1.710768e-01
1.711301e-01
1.711828e-01
1.712354e-01
1.712883e-01
1.713416e-01
1.713953e-01
1.714495e-01
1.715036e-01
1.715580e-01
1.716123e-01
1.716669e-01
1.717214e-01
1.717750e-01
1.718286e-01
1.718823e-01
1.719354e-01
1.719882e-01
1.720412e-01
1.720944e-01
1.721482e-01
1.722023e-01
1.722568e-01
1.723117e-01
1.723667e-01
1.724219e-01
1.724774e-01
1.725332e-01
1.725894e-01
1.726457e-01
1.727015e-01
1.727558e-01
1.728103e-01
1.728647e-01
1.729187e-01
1.729724e-01
1.730264e-01
1.730806e-01
1.731341e-01
1.731885e-01
1.732414e-01
1.732954e-01
1.733481e-01
1.734018e-01
1.734542e-01
1.735076e-01
1.735598e-01
1.736130e-01
1.736649e-01
1.737179e-01
1.737696e-01
1.738224e-01
1.738742e-01
1.739270e-01
1.739786e-01
1.740313e-01
1.740829e-01
1.741356e-01
1.741872e-01
1.742397e-01
1.742912e-01
1.743437e-01
1.743951e-01
1.744475e-01
1.744989e-01
1.745512e-01
1.746026e-01
1.746549e-01
1.747062e-01
1.747586e-01
1.748099e-01
1.748623e-01
1.749137e-01
1.749661e-01
1.750175e-01
1.750700e-01
1.751214e-01
1.751740e-01
1.752255e-01
1.752782e-01
1.753297e-01
1.753825e-01
1.754341e-01
1.754869e-01
1.755386e-01
1.755916e-01
1.756433e-01
1.756963e-01
1.757479e-01
1.758009e-01
1.758525e-01
1.759055e-01
1.759570e-01
1.760098e-01
1.760613e-01
1.761140e-01
1.761653e-01
1.762180e-01
1.762694e-01
1.763221e-01
1.763734e-01
1.764260e-01
1.764773e-01
1.765297e-01
1.765809e-01
1.766333e-01
1.766843e-01
1.767366e-01
1.767876e-01
1.768399e-01
1.768908e-01
1.769430e-01
1.769939e-01
1.770461e-01
1.770971e-01
1.771494e-01
1.772004e-01
1.772527e-01
1.773036e-01
1.773558e-01
1.774067e-01
1.774589e-01
1.775097e-01
1.775619e-01
1.776127e-01
1.776648e-01
1.777156e-01
1.777676e-01
1.778184e-01
1.778704e-01
1.779212e-01
1.779732e-01
1.780239e-01
1.780759e-01
1.781266e-01
1.781786e-01
1.782293e-01
1.782813e-01
1.783320e-01
1.783837e-01
1.784345e-01
1.784862e-01
1.785369e-01
1.785886e-01
1.786394e-01
1.786911e-01
1.787419e-01
1.787936e-01
1.788444e-01
1.788962e-01
1.789470e-01
1.789989e-01
1.790497e-01
1.791016e-01
1.791525e-01
1.792045e-01
1.792554e-01
1.793075e-01
1.793584e-01
1.794106e-01
1.794616e-01
1.795139e-01
1.795649e-01
1.796172e-01
1.796683e-01
1.797208e-01
1.797719e-01
1.798245e-01
1.798756e-01
1.799283e-01
1.799795e-01
1.800323e-01
1.800836e-01
1.801364e-01
1.801878e-01
1.802407e-01
1.802921e-01
1.803451e-01
1.803965e-01
1.804496e-01
1.805012e-01
1.805543e-01
1.806059e-01
1.806592e-01
1.807108e-01
1.807642e-01
1.808159e-01
1.808693e-01
1.809210e-01
1.809745e-01
1.810263e-01
1.810798e-01
1.811317e-01
1.811852e-01
1.812371e-01
1.812907e-01
1.813425e-01
1.813961e-01
1.814480e-01
1.815016e-01
1.815535e-01
1.816071e-01
1.816589e-01
1.817125e-01
1.817643e-01
1.818179e-01
1.818696e-01
1.819231e-01
1.819748e-01
1.820283e-01
1.820800e-01
1.821334e-01
1.821850e-01
1.822384e-01
1.822900e-01
1.823433e-01
1.823948e-01
1.824481e-01
1.824996e-01
1.825529e-01
1.826043e-01
1.826576e-01
1.827090e-01
1.827623e-01
1.828137e-01
1.828669e-01
1.829184e-01
1.829717e-01
1.830231e-01
1.830764e-01
1.831279e-01
1.831813e-01
1.832329e-01
1.832863e-01
1.833379e-01
1.833914e-01
1.834431e-01
1.834968e-01
1.835485e-01
1.836023e-01
1.836541e-01
1.837080e-01
1.837600e-01
1.838139e-01
1.838660e-01
1.839202e-01
1.839723e-01
1.840266e-01
1.840789e-01
1.841334e-01
1.841858e-01
1.842404e-01
1.842929e-01
1.843477e-01
1.844004e-01
1.844553e-01
1.845081e-01
1.845632e-01
1.846162e-01
1.846714e-01
1.847245e-01
1.847799e-01
1.848332e-01
1.848888e-01
1.849422e-01
1.849979e-01
1.850514e-01
1.851073e-01
1.851610e-01
1.852171e-01
1.852708e-01
1.853271e-01
1.853810e-01
1.854374e-01
1.854914e-01
1.855483e-01
1.856024e-01
1.856594e-01
1.857138e-01
1.857710e-01
1.858256e-01
1.858830e-01
1.859378e-01
1.859954e-01
1.860535e-01
1.861116e-01
1.861696e-01
1.862276e-01
1.862800e-01
1.863370e-01
1.863949e-01
1.864529e-01
1.865108e-01
1.865688e-01
1.866218e-01
1.866792e-01
1.867371e-01
1.867951e-01
1.868494e-01
1.869073e-01
1.869632e-01
1.870211e-01
1.870769e-01
1.871348e-01
1.871905e-01
1.872483e-01
1.873040e-01
1.873616e-01
1.874172e-01
1.874747e-01
1.875301e-01
1.875874e-01
1.876426e-01
1.876999e-01
1.877549e-01
1.878120e-01
1.878668e-01
1.879238e-01
1.879784e-01
1.880353e-01
1.880897e-01
1.881463e-01
1.882006e-01
1.882570e-01
1.883110e-01
1.883672e-01
1.884211e-01
1.884771e-01
1.885308e-01
1.885866e-01
1.886402e-01
1.886958e-01
1.887493e-01
1.888047e-01
1.888581e-01
1.889134e-01
1.889667e-01
1.890219e-01
1.890752e-01
1.891303e-01
1.891836e-01
1.892387e-01
1.892920e-01
1.893471e-01
1.894004e-01
1.894556e-01
1.895090e-01
1.895643e-01
1.896179e-01
1.896734e-01
1.897271e-01
1.897828e-01
1.898368e-01
1.898928e-01
1.899471e-01
1.900035e-01
1.900581e-01
1.901148e-01
1.901699e-01
1.902264e-01
1.902820e-01
1.903385e-01
1.903953e-01
1.904518e-01
1.905085e-01
1.905648e-01
1.906214e-01
1.906776e-01
1.907342e-01
1.907903e-01
1.908469e-01
1.909031e-01
1.909597e-01
1.910158e-01
1.910723e-01
1.911284e-01
1.911849e-01
1.912411e-01
1.912977e-01
1.913424e-01
1.913898e-01
1.914354e-01
1.914833e-01
1.915242e-01
1.915683e-01
1.916094e-01
1.916522e-01
1.916937e-01
1.917363e-01
1.917788e-01
1.918255e-01
1.918677e-01
1.919141e-01
1.919652e-01
1.920213e-01
1.920631e-01
1.921091e-01
1.921511e-01
1.921960e-01
1.922454e-01
1.922997e-01
1.923563e-01
1.924133e-01
1.924698e-01
1.925266e-01
1.925829e-01
1.926397e-01
1.926960e-01
1.927528e-01
1.928092e-01
1.928661e-01
1.929224e-01
1.929792e-01
1.930354e-01
1.930917e-01
1.931479e-01
1.932020e-01
1.932568e-01
1.933095e-01
1.933630e-01
1.934150e-01
1.934679e-01
1.935196e-01
1.935727e-01
1.936247e-01
1.936784e-01
1.937311e-01
1.937869e-01
1.938435e-01
1.938996e-01
1.939561e-01
1.940121e-01
1.940686e-01
1.941247e-01
1.941812e-01
1.942374e-01
1.942940e-01
1.943499e-01
1.944063e-01
1.944623e-01
1.945186e-01
1.945746e-01
1.946311e-01
1.946872e-01
1.947436e-01
1.947995e-01
1.948558e-01
1.949117e-01
1.949680e-01
1.950240e-01
1.950805e-01
1.951365e-01
1.951928e-01
1.952487e-01
1.953050e-01
1.953609e-01
1.954173e-01
1.954733e-01
1.955298e-01
1.955858e-01
1.956422e-01
1.956981e-01
1.957544e-01
1.958104e-01
1.958669e-01
1.959230e-01
1.959796e-01
1.960357e-01
1.960921e-01
1.961481e-01
1.962046e-01
1.962607e-01
1.963173e-01
1.963736e-01
1.964303e-01
1.964865e-01
1.965431e-01
1.965993e-01
1.966559e-01
1.967122e-01
1.967690e-01
1.968253e-01
1.968821e-01
1.969385e-01
1.969952e-01
1.970516e-01
1.971085e-01
1.971648e-01
1.972218e-01
1.972781e-01
1.973351e-01
1.973917e-01
1.974487e-01
1.975053e-01
1.975624e-01
1.976187e-01
1.976760e-01
1.977323e-01
1.977896e-01
1.978464e-01
1.979037e-01
1.979605e-01
1.980179e-01
1.980742e-01
1.981318e-01
1.981881e-01
1.982457e-01
1.983029e-01
1.983605e-01
1.984177e-01
1.984755e-01
1.985318e-01
1.985898e-01
1.986461e-01
1.987041e-01
1.987617e-01
1.988198e-01
1.988775e-01
1.989358e-01
1.989920e-01
1.990490e-01
1.991053e-01
1.991623e-01
1.992195e-01
1.992767e-01
1.993339e-01
1.993913e-01
1.994475e-01
1.995050e-01
1.995612e-01
1.996188e-01
1.996764e-01
1.997341e-01
1.997919e-01
1.998497e-01
1.999060e-01
1.999639e-01
2.000201e-01
2.000783e-01
2.001364e-01
