#   1 : Date        
# Date        
0.000000e+00
1.807392e-05
2.865299e-05
3.680825e-05
4.331462e-05
4.906367e-05
5.538763e-05
6.204872e-05
6.795979e-05
7.446196e-05
8.161436e-05
8.947053e-05
9.702468e-05
1.053342e-04
1.143002e-04
1.241628e-04
1.337027e-04
1.436480e-04
1.545879e-04
1.657374e-04
1.769297e-04
1.886124e-04
2.010176e-04
2.132284e-04
2.257171e-04
2.388127e-04
2.521957e-04
2.655017e-04
2.797183e-04
2.939297e-04
3.084532e-04
3.235230e-04
3.388720e-04
3.545256e-04
3.707045e-04
3.871136e-04
4.039712e-04
4.213429e-04
4.389057e-04
4.566041e-04
4.748726e-04
4.934284e-04
5.123968e-04
5.317204e-04
5.513472e-04
5.713195e-04
5.916317e-04
6.121877e-04
6.330631e-04
6.541431e-04
6.756129e-04
6.973298e-04
7.193540e-04
7.416524e-04
7.642145e-04
7.870888e-04
8.102207e-04
8.336410e-04
8.572999e-04
8.811975e-04
9.052984e-04
9.296850e-04
9.542344e-04
9.790738e-04
1.004107e-03
1.029433e-03
1.054937e-03
1.080786e-03
1.106828e-03
1.133123e-03
1.159624e-03
1.186464e-03
1.213485e-03
1.240660e-03
1.267814e-03
1.295174e-03
1.322930e-03
1.351116e-03
1.379486e-03
1.407056e-03
1.433920e-03
1.459873e-03
1.485136e-03
1.509913e-03
1.534239e-03
1.558421e-03
1.582302e-03
1.606134e-03
1.629782e-03
1.653435e-03
1.677003e-03
1.700570e-03
1.724071e-03
1.747587e-03
1.770892e-03
1.794256e-03
1.817468e-03
1.840790e-03
1.864056e-03
1.887413e-03
1.910636e-03
1.933875e-03
1.956887e-03
1.980049e-03
2.003007e-03
2.026206e-03
2.049416e-03
2.072626e-03
2.095711e-03
2.118934e-03
2.142197e-03
2.165502e-03
2.188927e-03
2.212490e-03
2.236044e-03
2.259853e-03
2.283757e-03
2.307677e-03
2.331423e-03
2.355171e-03
2.378803e-03
2.402415e-03
2.425970e-03
2.449482e-03
2.472991e-03
2.496435e-03
2.519927e-03
2.543338e-03
2.566831e-03
2.590234e-03
2.613703e-03
2.637124e-03
2.660593e-03
2.684051e-03
2.707543e-03
2.731055e-03
2.754588e-03
2.778170e-03
2.801762e-03
2.825427e-03
2.849091e-03
2.872853e-03
2.896603e-03
2.920445e-03
2.944293e-03
2.968225e-03
2.992179e-03
3.016210e-03
3.040285e-03
3.064423e-03
3.088626e-03
3.112881e-03
3.137222e-03
3.161602e-03
3.186092e-03
3.210606e-03
3.235234e-03
3.259888e-03
3.284647e-03
3.309447e-03
3.334340e-03
3.359293e-03
3.384325e-03
3.409440e-03
3.434618e-03
3.459902e-03
3.485232e-03
3.510684e-03
3.536174e-03
3.561771e-03
3.587429e-03
3.613179e-03
3.639015e-03
3.664924e-03
3.690949e-03
3.717024e-03
3.743232e-03
3.769481e-03
3.795848e-03
3.822283e-03
3.848815e-03
3.875446e-03
3.902154e-03
3.928993e-03
3.955885e-03
3.982898e-03
4.009985e-03
4.037172e-03
4.064466e-03
4.091837e-03
4.119351e-03
4.146915e-03
4.174608e-03
4.202375e-03
4.230249e-03
4.258228e-03
4.286291e-03
4.314492e-03
4.342751e-03
4.371128e-03
4.399594e-03
4.428151e-03
4.456837e-03
4.485586e-03
4.514468e-03
4.543422e-03
4.572486e-03
4.601653e-03
4.630906e-03
4.660293e-03
4.689743e-03
4.719307e-03
4.748931e-03
4.778646e-03
4.808440e-03
4.838252e-03
4.868249e-03
4.898348e-03
4.928696e-03
4.959179e-03
4.989940e-03
5.020843e-03
5.052034e-03
5.083298e-03
5.114657e-03
5.146076e-03
5.177549e-03
5.209062e-03
5.240622e-03
5.272254e-03
5.303958e-03
5.335757e-03
5.367646e-03
5.399644e-03
5.431678e-03
5.463804e-03
5.495994e-03
5.528233e-03
5.560479e-03
5.592780e-03
5.625119e-03
5.657540e-03
5.690026e-03
5.722619e-03
5.755215e-03
5.787847e-03
5.820514e-03
5.853252e-03
5.886061e-03
5.918975e-03
5.951928e-03
5.984912e-03
6.017939e-03
6.051044e-03
6.084235e-03
6.117545e-03
6.150885e-03
6.184273e-03
6.217723e-03
6.251271e-03
6.284928e-03
6.318674e-03
6.352453e-03
6.386305e-03
6.420245e-03
6.454310e-03
6.488471e-03
6.522677e-03
6.556950e-03
6.591336e-03
6.625857e-03
6.660472e-03
6.695150e-03
6.729949e-03
6.764908e-03
6.800041e-03
6.835260e-03
6.870642e-03
6.906234e-03
6.941903e-03
6.977639e-03
7.013452e-03
7.049345e-03
7.085327e-03
7.121399e-03
7.157537e-03
7.193744e-03
7.230029e-03
7.266393e-03
7.302846e-03
7.339379e-03
7.375976e-03
7.412641e-03
7.449383e-03
7.486203e-03
7.523112e-03
7.560091e-03
7.597136e-03
7.634252e-03
7.671449e-03
7.708734e-03
7.746118e-03
7.783571e-03
7.821107e-03
7.858736e-03
7.896476e-03
7.934306e-03
7.972230e-03
8.010261e-03
8.048420e-03
8.086688e-03
8.125063e-03
8.163561e-03
8.202204e-03
8.240963e-03
8.279844e-03
8.318862e-03
8.358045e-03
8.397340e-03
8.436772e-03
8.476358e-03
8.516104e-03
8.555936e-03
8.595871e-03
8.635862e-03
8.675949e-03
8.716133e-03
8.756408e-03
8.796789e-03
8.837222e-03
8.877640e-03
8.918216e-03
8.958744e-03
8.999375e-03
9.040115e-03
9.080890e-03
9.121651e-03
9.162494e-03
9.203284e-03
9.244119e-03
9.284982e-03
9.325836e-03
9.366657e-03
9.407578e-03
9.448484e-03
9.489413e-03
9.530323e-03
9.571269e-03
9.612231e-03
9.653190e-03
9.694123e-03
9.735172e-03
9.776229e-03
9.817325e-03
9.858427e-03
9.899585e-03
9.940789e-03
9.982021e-03
1.002325e-02
1.006462e-02
1.010605e-02
1.014749e-02
1.018897e-02
1.023054e-02
1.027220e-02
1.031391e-02
1.035566e-02
1.039760e-02
1.043955e-02
1.048155e-02
1.052360e-02
1.056580e-02
1.060807e-02
1.065046e-02
1.069297e-02
1.073555e-02
1.077818e-02
1.082087e-02
1.086364e-02
1.090659e-02
1.094961e-02
1.099273e-02
1.103597e-02
1.107925e-02
1.112263e-02
1.116610e-02
1.120970e-02
1.125343e-02
1.129723e-02
1.134114e-02
1.138515e-02
1.142931e-02
1.147356e-02
1.151790e-02
1.156241e-02
1.160698e-02
1.165165e-02
1.169638e-02
1.174123e-02
1.178623e-02
1.183133e-02
1.187655e-02
1.192190e-02
1.196734e-02
1.201293e-02
1.205867e-02
1.210451e-02
1.215037e-02
1.219648e-02
1.224266e-02
1.228898e-02
1.233539e-02
1.238194e-02
1.242862e-02
1.247545e-02
1.252241e-02
1.256953e-02
1.261679e-02
1.266420e-02
1.271176e-02
1.275951e-02
1.280736e-02
1.285536e-02
1.290338e-02
1.293121e-02
1.296028e-02
1.299034e-02
1.301810e-02
1.304656e-02
1.307611e-02
1.310364e-02
1.313145e-02
1.315978e-02
1.318864e-02
1.321725e-02
1.324618e-02
1.327552e-02
1.330549e-02
1.333453e-02
1.336384e-02
1.339349e-02
1.342380e-02
1.345347e-02
1.348358e-02
1.351386e-02
1.354442e-02
1.357534e-02
1.360478e-02
1.363408e-02
1.366353e-02
1.369336e-02
1.372211e-02
1.375100e-02
1.378027e-02
1.381011e-02
1.383836e-02
1.386680e-02
1.389562e-02
1.392489e-02
1.395374e-02
1.398149e-02
1.400948e-02
1.403777e-02
1.406647e-02
1.409566e-02
1.412294e-02
1.415039e-02
1.417813e-02
1.420619e-02
1.423466e-02
1.426355e-02
1.429291e-02
1.432275e-02
1.435011e-02
1.437766e-02
1.440550e-02
1.443360e-02
1.446207e-02
1.449087e-02
1.452009e-02
1.454965e-02
1.457947e-02
1.460724e-02
1.463534e-02
1.466338e-02
1.469144e-02
1.471952e-02
1.474765e-02
1.477582e-02
1.480411e-02
1.483256e-02
1.486122e-02
1.489011e-02
1.491929e-02
1.494880e-02
1.497628e-02
1.500378e-02
1.503135e-02
1.505897e-02
1.508670e-02
1.511455e-02
1.514259e-02
1.517086e-02
1.519940e-02
1.522825e-02
1.525536e-02
1.528253e-02
1.530977e-02
1.533708e-02
1.536448e-02
1.539197e-02
1.541959e-02
1.544739e-02
1.547539e-02
1.550364e-02
1.553217e-02
1.555907e-02
1.558603e-02
1.561305e-02
1.564014e-02
1.566729e-02
1.569454e-02
1.572188e-02
1.574935e-02
1.577699e-02
1.580483e-02
1.583290e-02
1.586123e-02
1.588796e-02
1.591473e-02
1.594155e-02
1.596842e-02
1.599533e-02
1.602232e-02
1.604938e-02
1.607654e-02
1.610386e-02
1.613137e-02
1.615909e-02
1.618705e-02
1.621528e-02
1.624186e-02
1.626848e-02
1.629515e-02
1.632186e-02
1.634863e-02
1.637547e-02
1.640239e-02
1.642941e-02
1.645658e-02
1.648393e-02
1.651148e-02
1.653924e-02
1.656724e-02
1.659548e-02
1.662399e-02
1.665073e-02
1.667751e-02
1.670433e-02
1.673120e-02
1.675811e-02
1.678509e-02
1.681213e-02
1.683927e-02
1.686655e-02
1.689397e-02
1.692156e-02
1.694930e-02
1.697722e-02
1.700531e-02
1.703357e-02
1.706201e-02
1.709064e-02
1.711915e-02
1.714818e-02
1.717674e-02
1.720430e-02
1.723188e-02
1.725949e-02
1.728712e-02
1.731477e-02
1.734245e-02
1.737014e-02
1.739789e-02
1.742572e-02
1.745365e-02
1.748166e-02
1.750977e-02
1.753795e-02
1.756596e-02
1.759406e-02
1.762231e-02
1.765014e-02
1.767802e-02
1.770600e-02
1.773398e-02
1.776172e-02
1.778950e-02
1.781740e-02
1.784542e-02
1.787307e-02
1.790078e-02
1.792862e-02
1.795667e-02
1.798424e-02
1.801187e-02
1.803967e-02
1.806713e-02
1.809461e-02
1.812216e-02
1.814988e-02
1.817726e-02
1.820464e-02
1.823210e-02
1.825973e-02
1.828704e-02
1.831434e-02
1.834172e-02
1.836927e-02
1.839654e-02
1.842381e-02
1.845114e-02
1.847862e-02
1.850637e-02
1.853364e-02
1.856095e-02
1.858837e-02
1.861602e-02
1.864333e-02
1.867064e-02
1.869803e-02
1.872559e-02
1.875348e-02
1.878087e-02
1.880575e-02
1.883312e-02
1.885794e-02
1.888525e-02
1.890999e-02
1.893721e-02
1.896186e-02
1.898670e-02
1.901125e-02
1.903597e-02
1.906294e-02
1.909072e-02
1.911796e-02
1.914627e-02
1.917355e-02
1.920145e-02
1.922906e-02
1.925719e-02
1.928463e-02
1.931346e-02
1.933780e-02
1.936458e-02
1.938885e-02
1.941332e-02
1.943751e-02
1.946187e-02
1.948866e-02
1.951698e-02
1.954532e-02
1.957374e-02
1.960150e-02
1.963030e-02
1.965456e-02
1.968125e-02
1.970547e-02
1.973212e-02
1.975625e-02
1.978057e-02
1.980464e-02
1.983112e-02
1.985991e-02
1.988915e-02
1.991867e-02
1.994742e-02
1.997616e-02
2.000492e-02
2.002915e-02
2.005580e-02
2.008003e-02
2.010668e-02
2.013086e-02
2.015524e-02
2.017938e-02
2.020369e-02
2.023045e-02
2.025948e-02
2.028853e-02
2.031759e-02
2.034670e-02
2.037585e-02
2.040508e-02
2.043445e-02
2.046396e-02
2.049364e-02
2.052351e-02
2.055358e-02
2.057802e-02
2.060430e-02
2.062882e-02
2.065578e-02
2.068029e-02
2.070505e-02
2.072954e-02
2.075424e-02
2.077869e-02
2.080332e-02
2.083043e-02
2.086004e-02
2.088978e-02
2.091968e-02
2.094973e-02
2.097999e-02
2.101045e-02
2.104121e-02
2.107059e-02
2.109995e-02
2.112929e-02
2.115863e-02
2.118800e-02
2.121745e-02
2.124217e-02
2.126861e-02
2.129340e-02
2.131845e-02
2.134324e-02
2.136826e-02
2.139303e-02
2.141800e-02
2.144273e-02
2.146994e-02
2.149916e-02
2.152837e-02
2.155763e-02
2.158700e-02
2.161650e-02
2.164619e-02
2.167607e-02
2.170623e-02
2.173667e-02
2.176582e-02
2.179495e-02
2.182407e-02
2.185321e-02
2.188243e-02
2.190754e-02
2.193434e-02
2.195952e-02
2.198723e-02
2.201242e-02
2.204014e-02
2.206532e-02
2.209075e-02
2.211592e-02
2.214131e-02
2.216645e-02
2.219180e-02
2.221968e-02
2.224927e-02
2.227914e-02
2.230935e-02
2.233838e-02
2.236741e-02
2.239646e-02
2.242554e-02
2.245471e-02
2.248402e-02
2.251352e-02
2.254325e-02
2.257327e-02
2.260229e-02
2.263132e-02
2.266036e-02
2.268582e-02
2.271330e-02
2.273882e-02
2.276689e-02
2.279242e-02
2.282050e-02
2.284603e-02
2.287411e-02
2.289963e-02
2.292539e-02
2.295090e-02
2.297664e-02
2.300213e-02
2.302784e-02
2.305612e-02
2.308561e-02
2.311531e-02
2.314523e-02
2.317489e-02
2.320534e-02
2.323453e-02
2.326374e-02
2.329296e-02
2.332221e-02
2.335149e-02
2.338081e-02
2.341019e-02
2.343965e-02
2.346923e-02
2.349896e-02
2.352885e-02
2.355893e-02
2.358919e-02
2.361964e-02
2.365030e-02
2.368117e-02
2.371227e-02
2.374175e-02
2.377125e-02
2.380078e-02
2.382615e-02
2.385362e-02
2.387897e-02
2.390686e-02
2.393213e-02
2.395764e-02
2.398284e-02
2.400825e-02
2.403335e-02
2.405864e-02
2.408363e-02
2.410880e-02
2.413650e-02
2.416697e-02
2.419829e-02
2.422794e-02
2.425762e-02
2.428732e-02
2.431705e-02
2.434680e-02
2.437658e-02
2.440640e-02
2.443631e-02
2.446633e-02
2.449649e-02
2.452680e-02
2.455728e-02
2.458795e-02
2.461871e-02
2.464978e-02
2.468062e-02
2.471039e-02
2.474018e-02
2.476998e-02
2.479979e-02
2.482962e-02
2.485947e-02
2.488934e-02
2.491926e-02
2.494926e-02
2.497938e-02
2.500963e-02
2.504001e-02
2.507054e-02
2.510036e-02
2.513119e-02
2.516097e-02
2.519061e-02
2.522023e-02
2.524979e-02
2.527931e-02
2.530878e-02
2.533822e-02
2.536768e-02
2.539718e-02
2.542677e-02
2.545645e-02
2.548625e-02
2.551546e-02
2.554558e-02
2.557459e-02
2.560352e-02
2.563238e-02
2.566116e-02
2.568991e-02
2.571865e-02
2.574745e-02
2.577635e-02
2.580540e-02
2.583464e-02
2.586411e-02
2.589254e-02
2.592092e-02
2.594928e-02
2.597763e-02
2.600600e-02
2.603443e-02
2.606296e-02
2.609164e-02
2.612054e-02
2.614966e-02
2.617908e-02
2.620734e-02
2.623563e-02
2.626395e-02
2.629232e-02
2.632076e-02
2.634929e-02
2.637795e-02
2.640679e-02
2.643585e-02
2.646518e-02
2.649480e-02
2.652331e-02
2.655187e-02
2.658049e-02
2.660919e-02
2.663796e-02
2.666682e-02
2.669579e-02
2.672489e-02
2.675417e-02
2.678366e-02
2.681340e-02
2.684341e-02
2.687372e-02
2.690422e-02
2.693337e-02
2.696259e-02
2.699189e-02
2.702126e-02
2.705071e-02
2.708025e-02
2.710988e-02
2.713962e-02
2.716953e-02
2.719962e-02
2.722991e-02
2.726042e-02
2.729115e-02
2.732211e-02
2.735333e-02
2.738480e-02
2.741470e-02
2.744466e-02
2.747467e-02
2.750473e-02
2.753484e-02
2.756501e-02
2.759522e-02
2.762551e-02
2.765587e-02
2.768635e-02
2.771696e-02
2.774771e-02
2.777861e-02
2.780964e-02
2.784081e-02
2.787210e-02
2.790352e-02
2.793507e-02
2.796674e-02
2.799331e-02
2.802112e-02
2.804772e-02
2.807662e-02
2.810320e-02
2.813244e-02
2.815898e-02
2.818817e-02
2.821466e-02
2.824138e-02
2.826783e-02
2.829450e-02
2.832088e-02
2.834748e-02
2.837381e-02
2.840034e-02
2.842661e-02
2.845308e-02
2.848220e-02
2.851423e-02
2.854851e-02
2.858294e-02
2.861742e-02
2.865195e-02
2.868647e-02
2.872101e-02
2.875555e-02
2.879010e-02
2.882466e-02
2.885924e-02
2.889384e-02
2.892848e-02
2.896315e-02
2.899788e-02
2.903264e-02
2.906747e-02
2.910235e-02
2.913730e-02
2.917230e-02
2.920738e-02
2.924252e-02
2.927772e-02
2.931298e-02
2.934830e-02
2.938365e-02
2.941904e-02
2.944578e-02
2.947359e-02
2.950047e-02
2.952920e-02
2.955615e-02
2.958524e-02
2.961226e-02
2.964148e-02
2.966855e-02
2.969786e-02
2.972497e-02
2.975436e-02
2.978151e-02
2.981097e-02
2.983815e-02
2.986768e-02
2.989491e-02
2.992451e-02
2.995177e-02
2.998143e-02
3.000873e-02
3.003845e-02
3.006578e-02
3.009556e-02
3.012293e-02
3.015274e-02
3.018141e-02
3.021268e-02
3.024510e-02
3.027753e-02
3.030997e-02
3.034246e-02
3.037496e-02
3.040753e-02
3.044014e-02
3.047281e-02
3.050553e-02
3.053833e-02
3.057118e-02
3.060411e-02
3.063709e-02
3.067016e-02
3.070328e-02
3.073648e-02
3.076974e-02
3.080309e-02
3.083648e-02
3.086996e-02
3.090349e-02
3.093711e-02
3.097077e-02
3.100451e-02
3.103831e-02
3.107218e-02
3.110610e-02
3.114010e-02
3.117416e-02
3.120829e-02
3.124247e-02
3.127674e-02
3.131105e-02
3.134545e-02
3.137990e-02
3.141444e-02
3.144903e-02
3.148371e-02
3.151844e-02
3.155326e-02
3.158814e-02
3.162311e-02
3.165814e-02
3.169326e-02
3.172844e-02
3.176372e-02
3.179906e-02
3.183450e-02
3.187000e-02
3.190561e-02
3.194127e-02
3.197705e-02
3.200704e-02
3.204003e-02
3.207602e-02
3.211213e-02
3.214831e-02
3.218460e-02
3.222097e-02
3.225746e-02
3.229402e-02
3.233070e-02
3.236747e-02
3.240435e-02
3.244132e-02
3.247842e-02
3.251560e-02
3.255291e-02
3.259031e-02
3.262784e-02
3.266547e-02
3.270323e-02
3.274109e-02
3.277908e-02
3.281718e-02
3.285541e-02
3.289375e-02
3.293222e-02
3.297080e-02
3.300952e-02
3.304835e-02
3.308732e-02
3.312639e-02
3.316561e-02
3.320494e-02
3.324441e-02
3.328399e-02
3.332371e-02
3.336355e-02
3.340352e-02
3.344353e-02
3.348356e-02
3.352362e-02
3.356370e-02
3.360381e-02
3.364396e-02
3.368484e-02
3.372582e-02
3.376682e-02
3.380789e-02
3.384900e-02
3.389009e-02
3.393118e-02
3.397224e-02
3.401327e-02
3.405423e-02
3.409500e-02
3.413567e-02
3.417616e-02
3.421656e-02
3.425680e-02
3.429695e-02
3.433695e-02
3.437687e-02
3.441666e-02
3.445638e-02
3.449621e-02
3.453592e-02
3.457546e-02
3.461488e-02
3.465415e-02
3.469330e-02
3.473233e-02
3.477127e-02
3.481011e-02
3.484968e-02
3.488912e-02
3.492846e-02
3.495704e-02
3.498616e-02
3.501480e-02
3.504371e-02
3.507237e-02
3.510128e-02
3.512995e-02
3.515885e-02
3.518751e-02
3.521640e-02
3.524504e-02
3.527391e-02
3.530254e-02
3.533139e-02
3.536001e-02
3.538885e-02
3.541746e-02
3.544629e-02
3.547489e-02
3.550635e-02
3.553813e-02
3.556994e-02
3.560175e-02
3.563361e-02
3.566548e-02
3.569741e-02
3.572938e-02
3.576142e-02
3.579352e-02
3.582571e-02
3.585739e-02
3.588979e-02
3.592146e-02
3.595412e-02
3.598694e-02
3.601999e-02
3.605324e-02
3.608681e-02
3.611846e-02
3.615061e-02
3.618248e-02
3.621362e-02
3.624474e-02
3.627588e-02
3.630703e-02
3.633822e-02
3.636945e-02
3.640072e-02
3.643204e-02
3.646341e-02
3.649485e-02
3.652635e-02
3.655793e-02
3.658960e-02
3.662136e-02
3.665324e-02
3.668526e-02
3.671743e-02
3.674978e-02
3.678236e-02
3.681519e-02
3.684786e-02
3.687881e-02
3.690970e-02
3.694056e-02
3.697142e-02
3.700230e-02
3.703325e-02
3.706425e-02
3.709534e-02
3.712650e-02
3.715776e-02
3.718911e-02
3.722058e-02
3.725217e-02
3.728390e-02
3.731579e-02
3.734787e-02
3.738017e-02
3.741272e-02
3.744346e-02
3.747414e-02
3.750480e-02
3.753542e-02
3.756605e-02
3.759673e-02
3.762748e-02
3.765835e-02
3.768933e-02
3.772043e-02
3.775168e-02
3.778307e-02
3.781462e-02
3.784636e-02
3.787821e-02
3.791039e-02
3.794097e-02
3.797154e-02
3.800210e-02
3.803265e-02
3.806323e-02
3.809383e-02
3.812450e-02
3.815529e-02
3.818621e-02
3.821729e-02
3.824852e-02
3.827992e-02
3.831151e-02
3.834329e-02
3.837528e-02
3.840750e-02
3.843821e-02
3.846892e-02
3.849965e-02
3.853039e-02
3.856115e-02
3.859192e-02
3.862274e-02
3.865363e-02
3.868463e-02
3.871576e-02
3.874702e-02
3.877843e-02
3.880999e-02
3.884169e-02
3.887355e-02
3.890559e-02
3.893780e-02
3.896864e-02
3.899947e-02
3.903028e-02
3.906107e-02
3.909183e-02
3.912259e-02
3.915333e-02
3.918409e-02
3.921493e-02
3.924587e-02
3.927694e-02
3.930815e-02
3.933953e-02
3.937107e-02
3.940281e-02
3.943476e-02
3.946539e-02
3.949602e-02
3.952663e-02
3.955725e-02
3.958787e-02
3.961852e-02
3.964918e-02
3.967989e-02
3.971068e-02
3.974160e-02
3.977266e-02
3.980387e-02
3.983526e-02
3.986672e-02
3.989848e-02
3.992995e-02
3.996215e-02
3.999282e-02
4.002351e-02
4.005420e-02
4.008491e-02
4.011564e-02
4.014638e-02
4.017717e-02
4.020802e-02
4.023897e-02
4.027006e-02
4.030129e-02
4.033270e-02
4.036427e-02
4.039601e-02
4.042794e-02
4.046006e-02
4.049236e-02
4.052488e-02
4.055760e-02
4.058868e-02
4.061979e-02
4.065092e-02
4.068208e-02
4.071326e-02
4.074447e-02
4.077570e-02
4.080698e-02
4.083831e-02
4.086972e-02
4.090125e-02
4.093290e-02
4.096468e-02
4.099659e-02
4.102862e-02
4.106073e-02
4.109301e-02
4.112520e-02
4.115774e-02
4.119001e-02
4.122270e-02
4.125504e-02
4.128776e-02
4.132016e-02
4.135178e-02
4.138340e-02
4.141503e-02
4.144666e-02
4.147830e-02
4.150994e-02
4.154158e-02
4.157324e-02
4.160493e-02
4.163668e-02
4.166852e-02
4.170044e-02
4.173245e-02
4.176455e-02
4.179672e-02
4.182897e-02
4.186129e-02
4.189367e-02
4.192610e-02
4.195857e-02
4.199107e-02
4.202359e-02
4.205615e-02
4.208873e-02
4.212137e-02
4.215404e-02
4.218677e-02
4.221956e-02
4.225243e-02
4.228536e-02
4.231840e-02
4.235151e-02
4.238477e-02
4.241694e-02
4.245046e-02
4.248262e-02
4.251647e-02
4.254839e-02
4.258027e-02
4.261213e-02
4.264396e-02
4.267578e-02
4.270756e-02
4.273935e-02
4.277116e-02
4.280302e-02
4.283494e-02
4.286695e-02
4.289902e-02
4.293112e-02
4.296333e-02
4.299545e-02
4.302777e-02
4.306016e-02
4.309260e-02
4.312508e-02
4.315762e-02
4.319021e-02
4.322285e-02
4.325554e-02
4.328829e-02
4.332111e-02
4.335400e-02
4.338696e-02
4.342002e-02
4.345319e-02
4.348648e-02
4.351991e-02
4.355352e-02
4.358730e-02
4.362132e-02
4.365318e-02
4.368501e-02
4.371682e-02
4.374860e-02
4.378038e-02
4.381214e-02
4.384392e-02
4.387578e-02
4.390771e-02
4.393972e-02
4.397181e-02
4.400398e-02
4.403623e-02
4.406856e-02
4.410097e-02
4.413345e-02
4.416601e-02
4.419865e-02
4.423139e-02
4.426422e-02
4.429716e-02
4.433022e-02
4.436343e-02
4.439681e-02
4.442928e-02
4.446101e-02
4.449271e-02
4.452437e-02
4.455601e-02
4.458762e-02
4.461923e-02
4.465084e-02
4.468250e-02
4.471425e-02
4.474610e-02
4.477804e-02
4.481010e-02
4.484228e-02
4.487457e-02
4.490699e-02
4.493954e-02
4.497223e-02
4.500508e-02
4.503811e-02
4.507132e-02
4.510289e-02
4.513443e-02
4.516596e-02
4.519747e-02
4.522896e-02
4.526046e-02
4.529196e-02
4.532351e-02
4.535515e-02
4.538690e-02
4.541878e-02
4.545079e-02
4.548294e-02
4.551524e-02
4.554771e-02
4.558019e-02
4.561301e-02
4.564549e-02
4.567695e-02
4.570842e-02
4.573986e-02
4.577131e-02
4.580275e-02
4.583421e-02
4.586567e-02
4.589717e-02
4.592877e-02
4.596048e-02
4.599233e-02
4.602432e-02
4.605648e-02
4.608880e-02
4.612130e-02
4.615380e-02
4.618669e-02
4.621918e-02
4.625061e-02
4.627600e-02
4.630183e-02
4.632723e-02
4.635285e-02
4.637825e-02
4.640387e-02
4.642927e-02
4.645488e-02
4.648028e-02
4.650589e-02
4.653128e-02
4.655688e-02
4.658227e-02
4.660786e-02
4.663324e-02
4.665883e-02
4.668421e-02
4.670980e-02
4.673517e-02
4.676075e-02
4.678612e-02
4.681170e-02
4.683707e-02
4.686264e-02
4.688801e-02
4.691359e-02
4.694172e-02
4.697266e-02
4.700422e-02
4.703591e-02
4.706775e-02
4.709978e-02
4.713198e-02
4.716438e-02
4.719679e-02
4.722963e-02
4.726090e-02
4.729216e-02
4.732342e-02
4.735468e-02
4.738596e-02
4.741725e-02
4.744858e-02
4.747998e-02
4.751149e-02
4.754313e-02
4.757493e-02
4.760690e-02
4.763905e-02
4.767138e-02
4.770380e-02
4.773497e-02
4.776614e-02
4.779731e-02
4.782848e-02
4.785966e-02
4.789086e-02
4.792207e-02
4.795335e-02
4.798471e-02
4.801620e-02
4.804785e-02
4.807968e-02
4.811170e-02
4.814394e-02
4.817640e-02
4.820749e-02
4.823857e-02
4.826967e-02
4.830078e-02
4.833191e-02
4.836306e-02
4.839426e-02
4.842551e-02
4.845685e-02
4.848834e-02
4.852000e-02
4.855185e-02
4.858390e-02
4.861617e-02
4.864850e-02
4.867957e-02
4.871066e-02
4.874176e-02
4.877289e-02
4.880402e-02
4.883520e-02
4.886640e-02
4.889767e-02
4.892904e-02
4.896054e-02
4.899222e-02
4.902408e-02
4.905614e-02
4.908841e-02
4.912092e-02
4.915201e-02
4.918310e-02
4.921420e-02
4.924531e-02
4.927644e-02
4.930759e-02
4.933877e-02
4.937000e-02
4.939586e-02
4.942220e-02
4.944810e-02
4.947424e-02
4.950017e-02
4.952633e-02
4.955228e-02
4.957846e-02
4.960442e-02
4.963062e-02
4.965660e-02
4.968281e-02
4.970880e-02
4.973502e-02
4.976103e-02
4.978726e-02
4.981328e-02
4.983952e-02
4.986555e-02
4.989180e-02
4.991784e-02
4.994410e-02
4.997015e-02
4.999642e-02
5.002248e-02
5.004876e-02
5.007483e-02
5.010112e-02
5.012719e-02
5.015349e-02
5.017958e-02
5.020588e-02
5.023198e-02
5.025829e-02
5.028440e-02
5.031072e-02
5.033683e-02
5.036316e-02
5.038929e-02
5.041563e-02
5.044176e-02
5.047050e-02
5.050212e-02
5.053446e-02
5.056654e-02
5.059749e-02
5.062845e-02
5.065943e-02
5.069042e-02
5.072144e-02
5.075250e-02
5.078362e-02
5.081484e-02
5.084620e-02
5.087772e-02
5.090942e-02
5.094130e-02
5.097338e-02
5.100551e-02
5.103794e-02
5.106896e-02
5.109998e-02
5.113102e-02
5.116206e-02
5.119312e-02
5.122420e-02
5.125533e-02
5.128655e-02
5.131788e-02
5.134937e-02
5.138102e-02
5.141285e-02
5.144487e-02
5.147711e-02
5.150957e-02
5.154062e-02
5.157169e-02
5.160277e-02
5.163386e-02
5.166496e-02
5.169610e-02
5.172727e-02
5.175851e-02
5.178987e-02
5.182137e-02
5.185305e-02
5.188491e-02
5.191698e-02
5.194925e-02
5.198176e-02
5.201291e-02
5.204406e-02
5.207524e-02
5.210642e-02
5.213764e-02
5.216888e-02
5.220016e-02
5.223149e-02
5.226291e-02
5.229448e-02
5.232621e-02
5.235812e-02
5.239023e-02
5.242255e-02
5.245482e-02
5.248761e-02
5.251889e-02
5.255018e-02
5.258149e-02
5.261282e-02
5.264418e-02
5.267556e-02
5.270699e-02
5.273850e-02
5.277012e-02
5.280189e-02
5.283382e-02
5.286594e-02
5.289826e-02
5.293078e-02
5.296315e-02
5.299614e-02
5.302758e-02
5.305903e-02
5.309050e-02
5.312198e-02
5.315350e-02
5.318503e-02
5.321662e-02
5.324826e-02
5.328002e-02
5.331191e-02
5.333809e-02
5.336690e-02
5.339308e-02
5.342188e-02
5.344807e-02
5.347687e-02
5.350305e-02
5.353186e-02
5.355804e-02
5.358684e-02
5.361846e-02
5.365009e-02
5.368173e-02
5.371338e-02
5.374506e-02
5.377676e-02
5.380853e-02
5.384041e-02
5.387242e-02
5.390458e-02
5.393682e-02
5.396927e-02
5.400149e-02
5.403426e-02
5.406648e-02
5.409960e-02
5.413292e-02
5.416463e-02
5.419634e-02
5.422804e-02
5.425974e-02
5.429144e-02
5.432315e-02
5.435487e-02
5.438662e-02
5.441846e-02
5.445042e-02
5.448250e-02
5.451473e-02
5.454710e-02
5.457962e-02
5.461230e-02
5.464490e-02
5.467791e-02
5.471055e-02
5.474393e-02
5.477753e-02
5.480932e-02
5.484113e-02
5.487294e-02
5.490475e-02
5.493657e-02
5.496840e-02
5.500025e-02
5.503214e-02
5.506412e-02
5.509621e-02
5.512842e-02
5.516076e-02
5.519323e-02
5.522583e-02
5.525855e-02
5.529123e-02
5.532422e-02
5.535691e-02
5.539018e-02
5.541621e-02
5.544271e-02
5.546875e-02
5.549501e-02
5.552105e-02
5.554731e-02
5.557333e-02
5.559958e-02
5.562560e-02
5.565184e-02
5.567785e-02
5.570408e-02
5.573007e-02
5.575628e-02
5.578227e-02
5.580846e-02
5.583443e-02
5.586062e-02
5.588657e-02
5.591274e-02
5.593868e-02
5.596483e-02
5.599076e-02
5.601690e-02
5.604281e-02
5.606894e-02
5.609483e-02
5.612095e-02
5.614683e-02
5.617293e-02
5.619880e-02
5.622489e-02
5.625074e-02
5.627682e-02
5.630267e-02
5.632873e-02
5.635456e-02
5.638061e-02
5.640644e-02
5.643248e-02
5.645830e-02
5.648433e-02
5.651014e-02
5.653616e-02
5.656196e-02
5.658797e-02
5.661376e-02
5.663977e-02
5.666555e-02
5.669155e-02
5.671733e-02
5.674332e-02
5.676909e-02
5.679508e-02
5.682152e-02
5.684751e-02
5.687395e-02
5.689993e-02
5.692851e-02
5.695994e-02
5.699243e-02
5.702497e-02
5.705081e-02
5.707714e-02
5.710301e-02
5.712934e-02
5.715522e-02
5.718133e-02
5.720721e-02
5.723333e-02
5.725921e-02
5.728533e-02
5.731121e-02
5.733733e-02
5.736321e-02
5.738981e-02
5.741570e-02
5.744219e-02
5.746984e-02
5.749885e-02
5.752956e-02
5.756215e-02
5.759390e-02
5.762561e-02
5.765731e-02
5.768897e-02
5.772063e-02
5.775229e-02
5.778398e-02
5.781574e-02
5.784756e-02
5.787944e-02
5.791140e-02
5.794341e-02
5.797548e-02
5.800759e-02
5.803976e-02
5.807196e-02
5.810418e-02
5.813643e-02
5.816868e-02
5.820095e-02
5.823323e-02
5.826554e-02
5.829786e-02
5.833021e-02
5.836259e-02
5.839501e-02
5.842745e-02
5.845994e-02
5.849247e-02
5.852506e-02
5.855769e-02
5.859039e-02
5.862315e-02
5.865599e-02
5.868890e-02
5.872192e-02
5.875504e-02
5.878828e-02
5.882164e-02
5.885516e-02
5.888884e-02
5.892272e-02
5.895680e-02
5.898854e-02
5.902025e-02
5.905197e-02
5.908367e-02
5.911538e-02
5.914707e-02
5.917874e-02
5.921036e-02
5.924193e-02
5.927343e-02
5.930487e-02
5.933622e-02
5.936749e-02
5.939866e-02
5.942973e-02
5.946069e-02
5.949152e-02
5.952223e-02
5.955281e-02
5.958325e-02
5.961674e-02
5.965165e-02
5.968624e-02
5.971207e-02
5.973837e-02
5.976423e-02
5.979031e-02
5.981617e-02
5.984226e-02
5.986813e-02
5.989422e-02
5.992009e-02
5.994619e-02
5.997206e-02
5.999816e-02
6.002403e-02
6.005012e-02
6.007600e-02
6.010209e-02
6.012796e-02
6.015405e-02
6.017992e-02
6.020601e-02
6.023187e-02
6.025796e-02
6.028382e-02
6.030990e-02
6.033576e-02
6.036184e-02
6.038769e-02
6.041377e-02
6.043962e-02
6.046569e-02
6.049155e-02
6.051762e-02
6.054347e-02
6.056954e-02
6.059539e-02
6.062146e-02
6.064731e-02
6.067338e-02
6.069924e-02
6.072530e-02
6.075398e-02
6.078413e-02
6.081340e-02
6.084349e-02
6.087269e-02
6.090268e-02
6.093181e-02
6.096169e-02
6.099230e-02
6.102181e-02
6.105215e-02
6.108324e-02
6.111333e-02
6.114504e-02
6.117567e-02
6.120725e-02
6.123824e-02
6.127008e-02
6.130112e-02
6.133297e-02
6.136395e-02
6.139571e-02
6.142657e-02
6.145817e-02
6.148889e-02
6.152077e-02
6.155126e-02
6.158337e-02
6.161368e-02
6.164560e-02
6.167820e-02
6.170931e-02
6.174182e-02
6.177449e-02
6.180717e-02
6.183990e-02
6.187262e-02
6.190542e-02
6.193823e-02
6.197110e-02
6.200394e-02
6.203687e-02
6.206980e-02
6.210278e-02
6.213574e-02
6.216877e-02
6.220181e-02
6.223486e-02
6.226787e-02
6.230077e-02
6.233362e-02
6.236635e-02
6.239903e-02
6.243160e-02
6.246416e-02
6.249661e-02
6.252902e-02
6.256135e-02
6.259367e-02
6.262592e-02
6.265815e-02
6.269033e-02
6.272251e-02
6.275465e-02
6.278679e-02
6.281889e-02
6.284498e-02
6.287151e-02
6.289761e-02
6.292394e-02
6.295005e-02
6.297638e-02
6.300250e-02
6.302884e-02
6.305496e-02
6.308131e-02
6.310744e-02
6.313379e-02
6.315993e-02
6.318629e-02
6.321243e-02
6.323879e-02
6.326493e-02
6.329130e-02
6.331745e-02
6.334381e-02
6.336997e-02
6.339634e-02
6.342249e-02
6.344887e-02
6.347503e-02
6.350140e-02
6.352756e-02
6.355394e-02
6.358010e-02
6.360648e-02
6.363265e-02
6.365903e-02
6.368520e-02
6.371158e-02
6.373775e-02
6.376413e-02
6.379316e-02
6.382508e-02
6.385743e-02
6.388979e-02
6.392217e-02
6.395456e-02
6.398697e-02
6.401939e-02
6.405182e-02
6.408426e-02
6.411671e-02
6.414917e-02
6.418164e-02
6.421412e-02
6.424661e-02
6.427910e-02
6.431161e-02
6.434411e-02
6.437662e-02
6.440913e-02
6.444164e-02
6.447416e-02
6.450668e-02
6.453919e-02
6.457171e-02
6.460422e-02
6.463673e-02
6.466924e-02
6.470176e-02
6.473426e-02
6.476676e-02
6.479925e-02
6.483174e-02
6.486422e-02
6.489670e-02
6.492916e-02
6.496163e-02
6.499408e-02
6.502653e-02
6.505896e-02
6.508484e-02
6.511330e-02
6.514461e-02
6.517702e-02
6.520307e-02
6.523174e-02
6.525797e-02
6.528684e-02
6.531307e-02
6.534165e-02
6.537059e-02
6.540079e-02
6.542728e-02
6.545573e-02
6.548639e-02
6.551844e-02
6.554521e-02
6.557370e-02
6.559969e-02
6.562827e-02
6.565423e-02
6.568279e-02
6.570873e-02
6.573704e-02
6.576632e-02
6.579650e-02
6.582422e-02
6.585347e-02
6.588281e-02
6.591188e-02
6.593748e-02
6.596565e-02
6.599124e-02
6.601847e-02
6.604671e-02
6.607584e-02
6.610258e-02
6.613038e-02
6.615943e-02
6.618730e-02
6.621260e-02
6.624043e-02
6.626621e-02
6.629298e-02
6.632087e-02
6.634754e-02
6.637530e-02
6.640228e-02
6.643040e-02
6.645783e-02
6.648618e-02
6.651419e-02
6.654312e-02
6.657183e-02
6.659682e-02
6.662370e-02
6.665177e-02
6.667846e-02
6.670622e-02
6.673513e-02
6.676025e-02
6.678761e-02
6.681608e-02
6.684357e-02
6.687196e-02
6.689987e-02
6.692873e-02
6.695740e-02
6.698284e-02
6.701082e-02
6.704160e-02
6.707145e-02
6.710032e-02
6.713060e-02
6.715626e-02
6.718359e-02
6.721202e-02
6.724160e-02
6.726855e-02
6.729667e-02
6.732579e-02
6.735401e-02
6.738002e-02
6.740863e-02
6.743699e-02
6.746417e-02
6.749262e-02
6.752196e-02
6.754807e-02
6.757514e-02
6.760326e-02
6.763024e-02
6.765823e-02
6.768731e-02
6.771419e-02
6.774213e-02
6.777121e-02
6.779909e-02
6.782523e-02
6.785399e-02
6.788196e-02
6.791146e-02
6.793761e-02
6.796637e-02
6.799226e-02
6.802075e-02
6.804641e-02
6.807353e-02
6.810174e-02
6.813107e-02
6.815762e-02
6.818516e-02
6.821207e-02
6.824000e-02
6.826729e-02
6.829569e-02
6.832339e-02
6.835230e-02
6.838047e-02
6.840987e-02
6.843858e-02
6.846802e-02
6.849697e-02
6.852644e-02
6.855520e-02
6.858451e-02
6.861309e-02
6.864201e-02
6.867004e-02
6.869844e-02
6.872594e-02
6.875392e-02
6.878105e-02
6.880868e-02
6.883554e-02
6.886295e-02
6.888967e-02
6.891695e-02
6.894360e-02
6.897081e-02
6.899745e-02
6.902512e-02
6.905177e-02
6.907952e-02
6.910629e-02
6.913373e-02
6.916071e-02
6.918877e-02
6.921399e-02
6.924174e-02
6.926746e-02
6.929543e-02
6.932050e-02
6.934807e-02
6.937322e-02
6.940088e-02
6.942671e-02
6.945512e-02
6.948018e-02
6.950775e-02
6.953289e-02
6.956053e-02
6.958572e-02
6.961343e-02
6.963866e-02
6.966640e-02
6.969167e-02
6.971947e-02
6.974479e-02
6.977264e-02
6.979802e-02
6.982593e-02
6.985135e-02
6.987931e-02
6.990479e-02
6.993205e-02
6.995757e-02
6.998494e-02
7.001051e-02
7.003805e-02
7.006368e-02
7.009187e-02
7.011756e-02
7.014582e-02
7.017157e-02
7.019990e-02
7.022572e-02
7.025411e-02
7.028434e-02
7.031555e-02
7.034579e-02
7.037700e-02
7.040407e-02
7.043167e-02
7.045985e-02
7.048873e-02
7.051837e-02
7.054888e-02
7.057921e-02
7.061055e-02
7.064089e-02
7.067226e-02
7.069884e-02
7.072592e-02
7.075237e-02
7.077932e-02
7.080582e-02
7.083281e-02
7.085935e-02
7.088638e-02
7.091295e-02
7.094002e-02
7.096662e-02
7.099373e-02
7.102037e-02
7.104751e-02
7.107418e-02
7.110136e-02
7.112806e-02
7.115528e-02
7.118201e-02
7.120927e-02
7.123604e-02
7.126334e-02
7.129015e-02
7.131749e-02
7.134433e-02
7.137171e-02
7.139860e-02
7.142601e-02
7.145294e-02
7.148039e-02
7.150735e-02
7.153485e-02
7.156184e-02
7.158938e-02
7.161641e-02
7.164399e-02
7.167105e-02
7.169867e-02
7.172578e-02
7.175344e-02
7.178058e-02
7.180828e-02
7.183546e-02
7.186320e-02
7.189042e-02
7.191821e-02
7.194546e-02
7.197329e-02
7.200059e-02
7.202847e-02
7.205580e-02
7.208374e-02
7.211112e-02
7.213911e-02
7.216653e-02
7.219458e-02
7.222205e-02
7.225016e-02
7.227769e-02
7.230587e-02
7.233345e-02
7.236172e-02
7.239087e-02
7.242106e-02
7.245269e-02
7.248581e-02
7.252065e-02
7.255712e-02
7.259516e-02
7.263320e-02
7.267126e-02
7.270933e-02
7.274741e-02
7.278550e-02
7.282360e-02
7.286170e-02
7.289982e-02
7.293795e-02
7.297609e-02
7.301425e-02
7.305240e-02
7.309056e-02
7.312873e-02
7.316691e-02
7.320510e-02
7.324330e-02
7.328151e-02
7.331973e-02
7.335811e-02
7.339651e-02
7.343493e-02
7.347336e-02
7.351181e-02
7.355028e-02
7.358876e-02
7.362726e-02
7.366577e-02
7.370428e-02
7.374282e-02
7.378137e-02
7.381993e-02
7.385851e-02
7.389711e-02
7.393572e-02
7.397436e-02
7.401300e-02
7.405166e-02
7.409032e-02
7.412898e-02
7.416765e-02
7.420633e-02
7.424501e-02
7.428369e-02
7.432238e-02
7.436107e-02
7.439977e-02
7.443847e-02
7.447717e-02
7.451588e-02
7.455460e-02
7.459332e-02
7.463204e-02
7.467077e-02
7.470950e-02
7.474824e-02
7.478698e-02
7.481586e-02
7.484763e-02
7.487655e-02
7.490573e-02
7.493340e-02
7.496158e-02
7.499035e-02
7.501959e-02
7.504726e-02
7.507544e-02
7.510422e-02
7.513352e-02
7.516119e-02
7.518938e-02
7.521816e-02
7.524753e-02
7.527665e-02
7.530605e-02
7.533521e-02
7.536663e-02
7.539808e-02
7.542960e-02
7.546116e-02
7.549282e-02
7.552456e-02
7.555644e-02
7.558843e-02
7.561767e-02
7.564690e-02
7.567615e-02
7.570529e-02
7.573443e-02
7.576359e-02
7.579275e-02
7.582194e-02
7.585114e-02
7.588036e-02
7.590960e-02
7.593887e-02
7.596816e-02
7.599747e-02
7.602682e-02
7.605618e-02
7.608556e-02
7.611498e-02
7.614442e-02
7.617388e-02
7.620336e-02
7.623286e-02
7.626239e-02
7.628998e-02
7.631816e-02
7.634698e-02
7.637493e-02
7.640349e-02
7.643148e-02
7.646007e-02
7.648809e-02
7.651673e-02
7.654479e-02
7.657347e-02
7.660157e-02
7.663030e-02
7.665843e-02
7.668722e-02
7.671540e-02
7.674425e-02
7.677249e-02
7.680141e-02
7.682971e-02
7.685871e-02
7.688708e-02
7.691618e-02
7.694464e-02
7.697385e-02
7.700240e-02
7.703176e-02
7.706043e-02
7.708995e-02
7.711876e-02
7.714833e-02
7.717731e-02
7.720684e-02
7.723603e-02
7.726552e-02
7.729495e-02
7.732439e-02
7.735380e-02
7.738318e-02
7.741252e-02
7.744183e-02
7.747109e-02
7.750032e-02
7.752949e-02
7.755863e-02
7.758778e-02
7.761696e-02
7.764620e-02
7.767549e-02
7.770475e-02
7.773399e-02
7.776320e-02
7.779241e-02
7.782160e-02
7.785081e-02
7.788002e-02
7.790927e-02
7.793856e-02
7.796791e-02
7.799732e-02
7.802683e-02
7.805639e-02
7.808593e-02
7.811547e-02
7.814505e-02
7.817464e-02
7.820426e-02
7.823388e-02
7.826354e-02
7.829321e-02
7.832293e-02
7.835155e-02
7.838020e-02
7.840888e-02
7.843763e-02
7.846645e-02
7.849538e-02
7.852442e-02
7.855360e-02
7.858293e-02
7.861243e-02
7.864210e-02
7.867197e-02
7.870178e-02
7.873161e-02
7.876148e-02
7.879156e-02
7.882181e-02
7.885203e-02
7.888221e-02
7.891236e-02
7.894250e-02
7.897262e-02
7.900276e-02
7.903290e-02
7.906309e-02
7.909333e-02
7.912367e-02
7.915411e-02
7.918470e-02
7.921539e-02
7.924623e-02
7.927720e-02
7.930838e-02
7.933938e-02
7.937101e-02
7.940195e-02
7.943347e-02
7.946566e-02
7.949760e-02
7.952804e-02
7.955853e-02
7.958917e-02
7.962004e-02
7.965049e-02
7.968095e-02
7.971143e-02
7.974191e-02
7.977242e-02
7.980296e-02
7.983354e-02
7.986417e-02
7.989485e-02
7.992560e-02
7.995641e-02
7.998729e-02
8.001824e-02
8.004926e-02
8.008035e-02
8.011151e-02
8.014274e-02
8.017404e-02
8.020540e-02
8.023682e-02
8.026829e-02
8.029982e-02
8.033139e-02
8.036302e-02
8.039469e-02
8.042642e-02
8.045818e-02
8.049000e-02
8.052186e-02
8.055376e-02
8.058500e-02
8.061625e-02
8.064749e-02
8.067875e-02
8.070990e-02
8.074099e-02
8.077204e-02
8.080303e-02
8.083399e-02
8.086490e-02
8.089578e-02
8.092663e-02
8.095746e-02
8.098824e-02
8.101902e-02
8.104975e-02
8.108047e-02
8.111200e-02
8.114328e-02
8.117483e-02
8.120611e-02
8.123767e-02
8.126896e-02
8.130048e-02
8.133178e-02
8.136335e-02
8.139470e-02
8.142634e-02
8.145780e-02
8.148957e-02
8.152115e-02
8.155304e-02
8.158474e-02
8.161675e-02
8.164813e-02
8.167955e-02
8.171101e-02
8.174251e-02
8.177405e-02
8.180563e-02
8.183637e-02
8.186749e-02
8.189864e-02
8.192979e-02
8.196100e-02
8.199219e-02
8.202308e-02
8.205439e-02
8.208529e-02
8.211666e-02
8.214756e-02
8.217899e-02
8.220990e-02
8.224138e-02
8.227229e-02
8.230385e-02
8.233476e-02
8.236633e-02
8.239725e-02
8.242882e-02
8.245975e-02
8.249133e-02
8.252227e-02
8.255386e-02
8.258480e-02
8.261640e-02
8.264734e-02
8.267895e-02
8.270990e-02
8.274152e-02
8.277248e-02
8.280410e-02
8.283506e-02
8.286670e-02
8.289766e-02
8.292931e-02
8.296028e-02
8.299193e-02
8.302292e-02
8.305458e-02
8.308558e-02
8.311726e-02
8.314826e-02
8.317995e-02
8.321097e-02
8.324268e-02
8.327372e-02
8.330545e-02
8.333650e-02
8.336826e-02
8.339933e-02
8.343112e-02
8.346222e-02
8.349404e-02
8.352500e-02
8.355637e-02
8.358746e-02
8.361883e-02
8.364992e-02
8.368129e-02
8.371237e-02
8.374374e-02
8.377482e-02
8.380619e-02
8.383727e-02
8.386864e-02
8.389973e-02
8.393110e-02
8.396219e-02
8.399356e-02
8.402555e-02
8.405693e-02
8.408829e-02
8.411967e-02
8.415168e-02
8.418307e-02
8.421508e-02
8.424780e-02
8.427930e-02
8.431180e-02
8.434529e-02
8.437748e-02
8.441071e-02
8.444502e-02
8.447670e-02
8.450953e-02
8.454346e-02
8.457598e-02
8.460968e-02
8.464459e-02
8.467654e-02
8.470983e-02
8.474439e-02
8.477740e-02
8.481180e-02
8.484759e-02
8.487992e-02
8.491391e-02
8.494941e-02
8.498316e-02
8.501862e-02
8.505288e-02
8.508898e-02
8.512314e-02
8.515928e-02
8.519402e-02
8.522351e-02
8.525595e-02
8.528546e-02
8.531792e-02
8.534746e-02
8.537995e-02
8.540951e-02
8.544203e-02
8.547311e-02
8.550478e-02
8.553711e-02
8.556850e-02
8.560052e-02
8.563192e-02
8.566394e-02
8.569535e-02
8.572738e-02
8.575880e-02
8.579083e-02
8.582226e-02
8.585430e-02
8.588706e-02
8.592060e-02
8.595506e-02
8.599053e-02
8.602712e-02
8.606495e-02
8.610406e-02
8.614448e-02
8.618613e-02
8.622803e-02
8.627009e-02
8.631230e-02
8.635473e-02
8.639736e-02
8.643999e-02
8.648261e-02
8.652523e-02
8.656785e-02
8.661047e-02
8.665308e-02
8.668467e-02
8.671690e-02
8.674841e-02
8.677963e-02
8.681113e-02
8.684236e-02
8.687386e-02
8.690230e-02
8.693148e-02
8.696145e-02
8.699041e-02
8.702012e-02
8.704915e-02
8.707782e-02
8.710724e-02
8.713596e-02
8.716527e-02
8.719518e-02
8.722420e-02
8.725371e-02
8.728420e-02
8.731411e-02
8.734460e-02
8.737577e-02
8.740770e-02
8.743668e-02
8.746658e-02
8.749751e-02
8.752720e-02
8.755792e-02
8.758817e-02
8.761825e-02
8.764970e-02
8.768041e-02
8.771282e-02
8.774441e-02
8.777814e-02
8.781096e-02
8.784498e-02
8.787927e-02
8.791447e-02
8.795050e-02
8.798849e-02
8.801969e-02
8.805147e-02
8.808268e-02
8.811417e-02
8.814539e-02
8.817689e-02
8.820811e-02
8.823961e-02
8.827083e-02
8.830234e-02
8.833357e-02
8.836625e-02
8.840078e-02
8.843713e-02
8.847546e-02
8.851555e-02
8.855721e-02
8.859993e-02
8.864266e-02
8.868539e-02
8.872813e-02
8.877087e-02
8.881361e-02
8.885636e-02
8.889911e-02
8.894187e-02
8.897181e-02
8.900400e-02
8.903395e-02
8.906577e-02
8.909572e-02
8.912695e-02
8.915689e-02
8.918794e-02
8.921790e-02
8.924637e-02
8.927542e-02
8.930511e-02
8.933335e-02
8.936211e-02
8.939036e-02
8.941915e-02
8.944741e-02
8.947621e-02
8.950450e-02
8.953332e-02
8.956162e-02
8.959046e-02
8.962061e-02
8.965257e-02
8.968685e-02
8.972391e-02
8.976391e-02
8.980679e-02
8.984966e-02
8.989254e-02
8.993543e-02
8.997832e-02
9.000973e-02
9.004172e-02
9.007438e-02
9.010610e-02
9.013844e-02
9.017149e-02
9.020534e-02
9.024010e-02
9.027587e-02
9.031276e-02
9.035086e-02
9.039026e-02
9.043094e-02
9.047284e-02
9.051580e-02
9.055878e-02
9.058872e-02
9.062166e-02
9.065161e-02
9.068455e-02
9.071451e-02
9.074746e-02
9.077742e-02
9.081037e-02
9.084034e-02
9.087274e-02
9.090838e-02
9.094758e-02
9.099071e-02
9.103392e-02
9.107714e-02
9.112037e-02
9.116361e-02
9.120685e-02
9.125011e-02
9.129337e-02
9.133664e-02
9.137993e-02
9.142322e-02
9.145507e-02
9.148757e-02
9.152081e-02
9.155229e-02
9.158437e-02
9.161586e-02
9.164795e-02
9.167946e-02
9.171157e-02
9.174308e-02
9.177520e-02
9.180673e-02
9.183886e-02
9.186895e-02
9.189984e-02
9.193139e-02
9.196355e-02
9.199366e-02
9.202453e-02
9.205464e-02
9.208551e-02
9.211563e-02
9.214649e-02
9.217662e-02
9.220748e-02
9.223762e-02
9.226847e-02
9.229862e-02
9.232947e-02
9.235963e-02
9.239039e-02
9.242056e-02
9.245136e-02
9.248154e-02
9.251241e-02
9.254260e-02
9.257348e-02
9.260369e-02
9.263458e-02
9.266481e-02
9.269572e-02
9.272596e-02
9.275689e-02
9.278716e-02
9.281812e-02
9.284994e-02
9.288246e-02
9.291431e-02
9.294687e-02
9.297876e-02
9.301136e-02
9.304328e-02
9.307593e-02
9.310788e-02
9.314059e-02
9.317025e-02
9.320287e-02
9.323152e-02
9.326073e-02
9.329058e-02
9.332111e-02
9.335243e-02
9.338460e-02
9.341681e-02
9.344986e-02
9.348384e-02
9.351288e-02
9.354253e-02
9.357286e-02
9.360164e-02
9.363099e-02
9.366098e-02
9.369010e-02
9.371982e-02
9.374896e-02
9.377870e-02
9.380786e-02
9.383762e-02
9.386681e-02
9.389659e-02
9.392705e-02
9.395596e-02
9.398546e-02
9.401559e-02
9.404483e-02
9.407469e-02
9.410525e-02
9.413422e-02
9.416379e-02
9.419403e-02
9.422336e-02
9.425333e-02
9.428402e-02
9.431307e-02
9.434276e-02
9.437186e-02
9.440160e-02
9.443074e-02
9.446054e-02
9.448972e-02
9.451959e-02
9.454883e-02
9.457876e-02
9.460806e-02
9.463808e-02
9.466744e-02
9.469755e-02
9.472698e-02
9.475719e-02
9.478671e-02
9.481704e-02
9.484665e-02
9.487711e-02
9.490683e-02
9.493745e-02
9.496730e-02
9.499810e-02
9.502810e-02
9.505912e-02
9.508928e-02
9.512055e-02
9.515352e-02
9.518861e-02
9.522644e-02
9.526715e-02
9.529730e-02
9.532820e-02
9.535994e-02
9.539055e-02
9.542193e-02
9.545254e-02
9.548390e-02
9.551452e-02
9.554587e-02
9.557650e-02
9.560786e-02
9.563844e-02
9.566970e-02
9.570036e-02
9.573176e-02
9.576245e-02
9.579388e-02
9.582461e-02
9.585609e-02
9.588687e-02
9.591841e-02
9.594925e-02
9.598083e-02
9.601174e-02
9.604346e-02
9.607445e-02
9.610628e-02
9.613739e-02
9.616917e-02
9.620041e-02
9.623215e-02
9.626355e-02
9.629526e-02
9.632685e-02
9.635855e-02
9.639097e-02
9.642115e-02
9.645211e-02
9.648242e-02
9.651352e-02
9.654393e-02
9.657514e-02
9.660518e-02
9.663646e-02
9.666652e-02
9.669783e-02
9.672792e-02
9.675934e-02
9.678944e-02
9.682093e-02
9.685098e-02
9.688249e-02
9.691254e-02
9.694381e-02
9.697386e-02
9.700484e-02
9.703490e-02
9.706577e-02
9.709584e-02
9.712665e-02
9.715672e-02
9.718751e-02
9.721771e-02
9.724876e-02
9.727883e-02
9.730999e-02
9.734022e-02
9.737151e-02
9.740136e-02
9.743277e-02
9.746264e-02
9.749418e-02
9.752493e-02
9.755660e-02
9.758743e-02
9.761919e-02
9.765010e-02
9.768196e-02
9.771296e-02
9.774494e-02
9.777524e-02
9.780611e-02
9.783643e-02
9.786782e-02
9.789813e-02
9.792900e-02
9.795930e-02
9.799017e-02
9.802046e-02
9.805104e-02
9.808134e-02
9.811190e-02
9.814218e-02
9.817273e-02
9.820301e-02
9.823356e-02
9.826385e-02
9.829443e-02
9.832475e-02
9.835536e-02
9.838571e-02
9.841664e-02
9.844702e-02
9.847798e-02
9.850836e-02
9.853932e-02
9.857057e-02
9.860288e-02
9.863321e-02
9.866418e-02
9.869579e-02
9.872811e-02
9.875846e-02
9.878987e-02
9.882020e-02
9.885112e-02
9.888157e-02
9.891217e-02
9.894250e-02
9.897316e-02
9.900351e-02
9.903414e-02
9.906453e-02
9.909521e-02
9.912558e-02
9.915656e-02
9.918699e-02
9.921805e-02
9.924852e-02
9.927944e-02
9.930995e-02
9.934089e-02
9.937143e-02
9.940236e-02
9.943290e-02
9.946409e-02
9.949467e-02
9.952590e-02
9.955649e-02
9.958771e-02
9.961816e-02
9.964933e-02
9.967998e-02
9.971091e-02
9.974165e-02
9.977231e-02
9.980267e-02
9.983382e-02
9.986411e-02
9.989474e-02
9.992592e-02
9.995644e-02
9.998758e-02
1.000193e-01
1.000519e-01
1.000854e-01
1.001173e-01
1.001509e-01
1.001832e-01
1.002161e-01
1.002462e-01
1.002771e-01
1.003099e-01
1.003426e-01
1.003749e-01
1.004079e-01
1.004403e-01
1.004733e-01
1.005057e-01
1.005387e-01
1.005712e-01
1.006043e-01
1.006367e-01
1.006698e-01
1.007023e-01
1.007355e-01
1.007680e-01
1.008012e-01
1.008338e-01
1.008671e-01
1.009012e-01
1.009364e-01
1.009714e-01
1.010076e-01
1.010433e-01
1.010762e-01
1.011101e-01
1.011451e-01
1.011812e-01
1.012144e-01
1.012486e-01
1.012839e-01
1.013167e-01
1.013505e-01
1.013834e-01
1.014173e-01
1.014503e-01
1.014842e-01
1.015172e-01
1.015513e-01
1.015843e-01
1.016184e-01
1.016515e-01
1.016856e-01
1.017187e-01
1.017530e-01
1.017854e-01
1.018187e-01
1.018519e-01
1.018849e-01
1.019182e-01
1.019513e-01
1.019840e-01
1.020175e-01
1.020502e-01
1.020838e-01
1.021166e-01
1.021502e-01
1.021831e-01
1.022168e-01
1.022498e-01
1.022835e-01
1.023165e-01
1.023504e-01
1.023835e-01
1.024175e-01
1.024507e-01
1.024848e-01
1.025180e-01
1.025523e-01
1.025876e-01
1.026215e-01
1.026565e-01
1.026926e-01
1.027261e-01
1.027607e-01
1.027943e-01
1.028291e-01
1.028628e-01
1.028978e-01
1.029316e-01
1.029668e-01
1.030008e-01
1.030361e-01
1.030702e-01
1.031056e-01
1.031399e-01
1.031755e-01
1.032099e-01
1.032459e-01
1.032804e-01
1.033167e-01
1.033515e-01
1.033882e-01
1.034233e-01
1.034604e-01
1.034958e-01
1.035329e-01
1.035720e-01
1.036130e-01
1.036433e-01
1.036743e-01
1.037059e-01
1.037382e-01
1.037686e-01
1.037996e-01
1.038300e-01
1.038610e-01
1.038914e-01
1.039224e-01
1.039528e-01
1.039839e-01
1.040143e-01
1.040453e-01
1.040758e-01
1.041068e-01
1.041373e-01
1.041684e-01
1.041989e-01
1.042300e-01
1.042605e-01
1.042916e-01
1.043221e-01
1.043532e-01
1.043838e-01
1.044149e-01
1.044455e-01
1.044767e-01
1.045073e-01
1.045385e-01
1.045692e-01
1.046005e-01
1.046311e-01
1.046625e-01
1.046932e-01
1.047246e-01
1.047553e-01
1.047868e-01
1.048194e-01
1.048535e-01
1.048897e-01
1.049281e-01
1.049690e-01
1.050125e-01
1.050578e-01
1.051026e-01
1.051480e-01
1.051806e-01
1.052139e-01
1.052480e-01
1.052829e-01
1.053154e-01
1.053486e-01
1.053812e-01
1.054144e-01
1.054470e-01
1.054793e-01
1.055119e-01
1.055442e-01
1.055768e-01
1.056091e-01
1.056417e-01
1.056740e-01
1.057066e-01
1.057389e-01
1.057715e-01
1.058039e-01
1.058365e-01
1.058688e-01
1.059014e-01
1.059338e-01
1.059664e-01
1.059988e-01
1.060314e-01
1.060638e-01
1.060964e-01
1.061288e-01
1.061615e-01
1.061938e-01
1.062265e-01
1.062589e-01
1.062915e-01
1.063239e-01
1.063566e-01
1.063890e-01
1.064217e-01
1.064541e-01
1.064867e-01
1.065191e-01
1.065518e-01
1.065842e-01
1.066193e-01
1.066572e-01
1.066938e-01
1.067314e-01
1.067696e-01
1.068062e-01
1.068440e-01
1.068825e-01
1.069217e-01
1.069621e-01
1.070045e-01
1.070484e-01
1.070935e-01
1.071388e-01
1.071839e-01
1.072293e-01
1.072745e-01
1.073069e-01
1.073425e-01
1.073749e-01
1.074093e-01
1.074417e-01
1.074757e-01
1.075081e-01
1.075419e-01
1.075779e-01
1.076161e-01
1.076567e-01
1.076995e-01
1.077444e-01
1.077897e-01
1.078349e-01
1.078802e-01
1.079254e-01
1.079707e-01
1.080159e-01
1.080611e-01
1.080934e-01
1.081289e-01
1.081612e-01
1.081954e-01
1.082277e-01
1.082616e-01
1.082939e-01
1.083276e-01
1.083583e-01
1.083895e-01
1.084202e-01
1.084515e-01
1.084821e-01
1.085131e-01
1.085438e-01
1.085748e-01
1.086054e-01
1.086364e-01
1.086671e-01
1.086981e-01
1.087287e-01
1.087597e-01
1.087903e-01
1.088213e-01
1.088519e-01
1.088829e-01
1.089135e-01
1.089445e-01
1.089751e-01
1.090061e-01
1.090368e-01
1.090677e-01
1.090984e-01
1.091294e-01
1.091600e-01
1.091910e-01
1.092226e-01
1.092536e-01
1.092852e-01
1.093162e-01
1.093478e-01
1.093787e-01
1.094094e-01
1.094403e-01
1.094718e-01
1.095027e-01
1.095342e-01
1.095650e-01
1.095965e-01
1.096274e-01
1.096589e-01
1.096897e-01
1.097203e-01
1.097512e-01
1.097818e-01
1.098126e-01
1.098432e-01
1.098742e-01
1.099048e-01
1.099360e-01
1.099666e-01
1.099982e-01
1.100289e-01
1.100599e-01
1.100906e-01
1.101216e-01
1.101523e-01
1.101834e-01
1.102141e-01
1.102451e-01
1.102758e-01
1.103069e-01
1.103376e-01
1.103686e-01
1.103993e-01
1.104304e-01
1.104611e-01
1.104921e-01
1.105228e-01
1.105539e-01
1.105846e-01
1.106157e-01
1.106464e-01
1.106775e-01
1.107082e-01
1.107393e-01
1.107701e-01
1.108016e-01
1.108345e-01
1.108692e-01
1.109064e-01
1.109463e-01
1.109895e-01
1.110347e-01
1.110798e-01
1.111249e-01
1.111700e-01
1.112150e-01
1.112460e-01
1.112777e-01
1.113088e-01
1.113407e-01
1.113735e-01
1.114048e-01
1.114368e-01
1.114691e-01
1.115000e-01
1.115317e-01
1.115642e-01
1.115956e-01
1.116278e-01
1.116611e-01
1.116959e-01
1.117327e-01
1.117635e-01
1.117953e-01
1.118279e-01
1.118616e-01
1.118927e-01
1.119246e-01
1.119582e-01
1.119942e-01
1.120337e-01
1.120772e-01
1.121221e-01
1.121669e-01
1.122117e-01
1.122564e-01
1.123010e-01
1.123456e-01
1.123901e-01
1.124346e-01
1.124791e-01
1.125236e-01
1.125681e-01
1.126126e-01
1.126571e-01
1.127017e-01
1.127463e-01
1.127908e-01
1.128354e-01
1.128801e-01
1.129247e-01
1.129694e-01
1.130141e-01
1.130588e-01
1.131036e-01
1.131484e-01
1.131932e-01
1.132379e-01
1.132825e-01
1.133272e-01
1.133718e-01
1.134163e-01
1.134608e-01
1.135053e-01
1.135498e-01
1.135942e-01
1.136386e-01
1.136829e-01
1.137273e-01
1.137716e-01
1.138158e-01
1.138601e-01
1.139043e-01
1.139485e-01
1.139926e-01
1.140367e-01
1.140808e-01
1.141249e-01
1.141690e-01
1.142130e-01
1.142570e-01
1.143009e-01
1.143449e-01
1.143888e-01
1.144327e-01
1.144765e-01
1.145204e-01
1.145642e-01
1.146080e-01
1.146517e-01
1.146955e-01
1.147392e-01
1.147829e-01
1.148265e-01
1.148702e-01
1.149138e-01
1.149456e-01
1.149780e-01
1.150111e-01
1.150449e-01
1.150767e-01
1.151091e-01
1.151410e-01
1.151734e-01
1.152052e-01
1.152376e-01
1.152695e-01
1.153019e-01
1.153337e-01
1.153661e-01
1.153979e-01
1.154303e-01
1.154622e-01
1.154946e-01
1.155264e-01
1.155588e-01
1.155907e-01
1.156231e-01
1.156549e-01
1.156873e-01
1.157191e-01
1.157516e-01
1.157834e-01
1.158158e-01
1.158476e-01
1.158800e-01
1.159119e-01
1.159443e-01
1.159761e-01
1.160085e-01
1.160404e-01
1.160728e-01
1.161046e-01
1.161370e-01
1.161689e-01
1.162013e-01
1.162331e-01
1.162655e-01
1.162974e-01
1.163298e-01
1.163616e-01
1.163941e-01
1.164259e-01
1.164583e-01
1.164902e-01
1.165226e-01
1.165544e-01
1.165869e-01
1.166187e-01
1.166511e-01
1.166830e-01
1.167154e-01
1.167487e-01
1.167829e-01
1.168182e-01
1.168548e-01
1.168928e-01
1.169322e-01
1.169730e-01
1.170152e-01
1.170583e-01
1.171015e-01
1.171447e-01
1.171878e-01
1.172310e-01
1.172742e-01
1.173173e-01
1.173605e-01
1.174037e-01
1.174469e-01
1.174900e-01
1.175332e-01
1.175764e-01
1.176195e-01
1.176627e-01
1.177059e-01
1.177490e-01
1.177922e-01
1.178354e-01
1.178786e-01
1.179217e-01
1.179649e-01
1.180081e-01
1.180512e-01
1.180830e-01
1.181180e-01
1.181498e-01
1.181836e-01
1.182207e-01
1.182600e-01
1.183017e-01
1.183449e-01
1.183880e-01
1.184312e-01
1.184744e-01
1.185176e-01
1.185608e-01
1.186039e-01
1.186471e-01
1.186903e-01
1.187335e-01
1.187767e-01
1.188199e-01
1.188631e-01
1.189063e-01
1.189494e-01
1.189926e-01
1.190358e-01
1.190676e-01
1.191024e-01
1.191341e-01
1.191678e-01
1.192044e-01
1.192431e-01
1.192841e-01
1.193266e-01
1.193698e-01
1.194130e-01
1.194562e-01
1.194994e-01
1.195426e-01
1.195858e-01
1.196175e-01
1.196521e-01
1.196901e-01
1.197302e-01
1.197723e-01
1.198155e-01
1.198586e-01
1.199018e-01
1.199336e-01
1.199680e-01
1.199998e-01
1.200331e-01
1.200692e-01
1.201072e-01
1.201475e-01
1.201892e-01
1.202322e-01
1.202753e-01
1.203071e-01
1.203414e-01
1.203791e-01
1.204188e-01
1.204605e-01
1.205033e-01
1.205350e-01
1.205695e-01
1.206012e-01
1.206343e-01
1.206704e-01
1.207082e-01
1.207483e-01
1.207898e-01
1.208325e-01
1.208756e-01
1.209073e-01
1.209414e-01
1.209789e-01
1.210184e-01
1.210601e-01
1.211027e-01
1.211457e-01
1.211887e-01
1.212317e-01
1.212748e-01
1.213178e-01
1.213608e-01
1.214038e-01
1.214468e-01
1.214898e-01
1.215327e-01
1.215757e-01
1.216187e-01
1.216504e-01
1.216826e-01
1.217154e-01
1.217490e-01
1.217833e-01
1.218186e-01
1.218549e-01
1.218948e-01
1.219378e-01
1.219808e-01
1.220237e-01
1.220667e-01
1.221097e-01
1.221526e-01
1.221956e-01
1.222385e-01
1.222815e-01
1.223244e-01
1.223674e-01
1.224103e-01
1.224533e-01
1.224962e-01
1.225391e-01
1.225821e-01
1.226250e-01
1.226679e-01
1.227109e-01
1.227538e-01
1.227967e-01
1.228396e-01
1.228825e-01
1.229255e-01
1.229684e-01
1.230113e-01
1.230542e-01
1.230971e-01
1.231400e-01
1.231829e-01
1.232258e-01
1.232687e-01
1.233116e-01
1.233545e-01
1.233975e-01
1.234404e-01
1.234833e-01
1.235262e-01
1.235691e-01
1.236119e-01
1.236549e-01
1.236976e-01
1.237405e-01
1.237831e-01
1.238260e-01
1.238685e-01
1.239114e-01
1.239538e-01
1.239965e-01
1.240389e-01
1.240815e-01
1.241238e-01
1.241663e-01
1.242093e-01
1.242518e-01
1.242947e-01
1.243376e-01
1.243803e-01
1.244232e-01
1.244662e-01
1.245091e-01
1.245520e-01
1.245950e-01
1.246379e-01
1.246808e-01
1.247234e-01
1.247663e-01
1.248092e-01
1.248522e-01
1.248951e-01
1.249380e-01
1.249804e-01
1.250233e-01
1.250657e-01
1.251086e-01
1.251509e-01
1.251938e-01
1.252360e-01
1.252785e-01
1.253205e-01
1.253629e-01
1.254048e-01
1.254470e-01
1.254887e-01
1.255308e-01
1.255737e-01
1.256167e-01
1.256596e-01
1.257025e-01
1.257454e-01
1.257883e-01
1.258304e-01
1.258733e-01
1.259153e-01
1.259582e-01
1.260002e-01
1.260425e-01
1.260844e-01
1.261266e-01
1.261683e-01
1.262104e-01
1.262533e-01
1.262961e-01
1.263390e-01
1.263819e-01
1.264247e-01
1.264676e-01
1.265104e-01
1.265533e-01
1.265951e-01
1.266377e-01
1.266796e-01
1.267218e-01
1.267636e-01
1.268057e-01
1.268474e-01
1.268894e-01
1.269310e-01
1.269738e-01
1.270166e-01
1.270595e-01
1.271023e-01
1.271450e-01
1.271878e-01
1.272306e-01
1.272734e-01
1.273161e-01
1.273471e-01
1.273792e-01
1.274123e-01
1.274430e-01
1.274732e-01
1.275040e-01
1.275357e-01
1.275658e-01
1.275960e-01
1.276268e-01
1.276585e-01
1.276882e-01
1.277188e-01
1.277486e-01
1.277794e-01
1.278096e-01
1.278410e-01
1.278716e-01
1.279024e-01
1.279332e-01
1.279639e-01
1.279939e-01
1.280249e-01
1.280550e-01
1.280859e-01
1.281160e-01
1.281470e-01
1.281772e-01
1.282082e-01
1.282382e-01
1.282691e-01
1.282991e-01
1.283298e-01
1.283599e-01
1.283905e-01
1.284205e-01
1.284511e-01
1.284812e-01
1.285118e-01
1.285418e-01
1.285728e-01
1.286029e-01
1.286341e-01
1.286643e-01
1.286955e-01
1.287257e-01
1.287573e-01
1.287897e-01
1.288209e-01
1.288534e-01
1.288845e-01
1.289148e-01
1.289462e-01
1.289765e-01
1.290079e-01
1.290382e-01
1.290695e-01
1.290998e-01
1.291312e-01
1.291615e-01
1.291928e-01
1.292231e-01
1.292544e-01
1.292848e-01
1.293161e-01
1.293464e-01
1.293778e-01
1.294081e-01
1.294395e-01
1.294699e-01
1.295013e-01
1.295318e-01
1.295632e-01
1.295937e-01
1.296252e-01
1.296558e-01
1.296874e-01
1.297181e-01
1.297497e-01
1.297805e-01
1.298122e-01
1.298431e-01
1.298750e-01
1.299060e-01
1.299380e-01
1.299691e-01
1.300014e-01
1.300326e-01
1.300651e-01
1.300966e-01
1.301293e-01
1.301610e-01
1.301941e-01
1.302260e-01
1.302596e-01
1.302918e-01
1.303259e-01
1.303585e-01
1.303932e-01
1.304264e-01
1.304606e-01
1.304945e-01
1.305294e-01
1.305638e-01
1.305990e-01
1.306337e-01
1.306693e-01
1.307056e-01
1.307428e-01
1.307824e-01
1.308234e-01
1.308647e-01
1.309076e-01
1.309505e-01
1.309934e-01
1.310364e-01
1.310794e-01
1.311223e-01
1.311653e-01
1.312084e-01
1.312514e-01
1.312944e-01
1.313375e-01
1.313805e-01
1.314236e-01
1.314666e-01
1.315097e-01
1.315528e-01
1.315959e-01
1.316389e-01
1.316819e-01
1.317250e-01
1.317680e-01
1.318110e-01
1.318540e-01
1.318970e-01
1.319400e-01
1.319830e-01
1.320260e-01
1.320689e-01
1.321119e-01
1.321549e-01
1.321979e-01
1.322408e-01
1.322838e-01
1.323267e-01
1.323697e-01
1.324127e-01
1.324535e-01
1.324964e-01
1.325394e-01
1.325823e-01
1.326252e-01
1.326681e-01
1.327111e-01
1.327540e-01
1.327969e-01
1.328397e-01
1.328826e-01
1.329255e-01
1.329684e-01
1.330112e-01
1.330541e-01
1.330969e-01
1.331397e-01
1.331825e-01
1.332253e-01
1.332681e-01
1.333090e-01
1.333505e-01
1.333913e-01
1.334325e-01
1.334734e-01
1.335146e-01
1.335554e-01
1.335966e-01
1.336375e-01
1.336787e-01
1.337195e-01
1.337607e-01
1.338016e-01
1.338427e-01
1.338836e-01
1.339248e-01
1.339674e-01
1.340100e-01
1.340526e-01
1.340951e-01
1.341377e-01
1.341803e-01
1.342228e-01
1.342654e-01
1.343079e-01
1.343504e-01
1.343913e-01
1.344226e-01
1.344545e-01
1.344871e-01
1.345187e-01
1.345510e-01
1.345826e-01
1.346140e-01
1.346460e-01
1.346773e-01
1.347093e-01
1.347406e-01
1.347726e-01
1.348039e-01
1.348359e-01
1.348672e-01
1.348992e-01
1.349305e-01
1.349625e-01
1.349938e-01
1.350258e-01
1.350571e-01
1.350890e-01
1.351204e-01
1.351523e-01
1.351836e-01
1.352156e-01
1.352469e-01
1.352788e-01
1.353102e-01
1.353421e-01
1.353734e-01
1.354054e-01
1.354367e-01
1.354686e-01
1.354999e-01
1.355319e-01
1.355632e-01
1.355951e-01
1.356264e-01
1.356583e-01
1.356910e-01
1.357246e-01
1.357591e-01
1.357948e-01
1.358317e-01
1.358698e-01
1.359093e-01
1.359499e-01
1.359916e-01
1.360339e-01
1.360762e-01
1.361185e-01
1.361608e-01
1.362031e-01
1.362453e-01
1.362876e-01
1.363299e-01
1.363722e-01
1.364145e-01
1.364560e-01
1.364983e-01
1.365406e-01
1.365829e-01
1.366252e-01
1.366675e-01
1.367092e-01
1.367515e-01
1.367938e-01
1.368361e-01
1.368784e-01
1.369207e-01
1.369631e-01
1.370054e-01
1.370477e-01
1.370900e-01
1.371324e-01
1.371747e-01
1.372170e-01
1.372594e-01
1.373017e-01
1.373441e-01
1.373864e-01
1.374288e-01
1.374711e-01
1.375135e-01
1.375559e-01
1.375982e-01
1.376406e-01
1.376830e-01
1.377254e-01
1.377678e-01
1.378102e-01
1.378526e-01
1.378950e-01
1.379374e-01
1.379798e-01
1.380222e-01
1.380646e-01
1.381071e-01
1.381495e-01
1.381919e-01
1.382344e-01
1.382768e-01
1.383192e-01
1.383617e-01
1.384041e-01
1.384466e-01
1.384885e-01
1.385310e-01
1.385730e-01
1.386154e-01
1.386574e-01
1.386999e-01
1.387418e-01
1.387843e-01
1.388263e-01
1.388688e-01
1.389108e-01
1.389416e-01
1.389729e-01
1.390037e-01
1.390350e-01
1.390658e-01
1.390971e-01
1.391279e-01
1.391592e-01
1.391900e-01
1.392213e-01
1.392520e-01
1.392833e-01
1.393141e-01
1.393454e-01
1.393761e-01
1.394074e-01
1.394381e-01
1.394694e-01
1.395012e-01
1.395338e-01
1.395671e-01
1.396013e-01
1.396364e-01
1.396725e-01
1.397098e-01
1.397483e-01
1.397879e-01
1.398286e-01
1.398593e-01
1.398906e-01
1.399224e-01
1.399534e-01
1.399850e-01
1.400172e-01
1.400479e-01
1.400791e-01
1.401098e-01
1.401411e-01
1.401717e-01
1.402030e-01
1.402337e-01
1.402649e-01
1.402956e-01
1.403268e-01
1.403575e-01
1.403887e-01
1.404193e-01
1.404505e-01
1.404823e-01
1.405148e-01
1.405481e-01
1.405822e-01
1.406173e-01
1.406534e-01
1.406906e-01
1.407290e-01
1.407686e-01
1.408092e-01
1.408507e-01
1.408928e-01
1.409234e-01
1.409547e-01
1.409866e-01
1.410175e-01
1.410491e-01
1.410814e-01
1.411120e-01
1.411433e-01
1.411751e-01
1.412061e-01
1.412376e-01
1.412698e-01
1.413004e-01
1.413317e-01
1.413635e-01
1.413944e-01
1.414260e-01
1.414581e-01
1.414888e-01
1.415200e-01
1.415518e-01
1.415843e-01
1.416176e-01
1.416518e-01
1.416869e-01
1.417231e-01
1.417605e-01
1.417990e-01
1.418386e-01
1.418793e-01
1.419209e-01
1.419629e-01
1.420050e-01
1.420470e-01
1.420890e-01
1.421310e-01
1.421731e-01
1.422151e-01
1.422571e-01
1.422991e-01
1.423412e-01
1.423832e-01
1.424252e-01
1.424673e-01
1.425093e-01
1.425513e-01
1.425934e-01
1.426354e-01
1.426774e-01
1.427195e-01
1.427615e-01
1.428036e-01
1.428456e-01
1.428877e-01
1.429298e-01
1.429718e-01
1.430139e-01
1.430560e-01
1.430980e-01
1.431401e-01
1.431822e-01
1.432242e-01
1.432663e-01
1.433084e-01
1.433505e-01
1.433926e-01
1.434347e-01
1.434657e-01
1.434963e-01
1.435276e-01
1.435572e-01
1.435876e-01
1.436187e-01
1.436488e-01
1.436798e-01
1.437108e-01
1.437405e-01
1.437711e-01
1.438019e-01
1.438326e-01
1.438643e-01
1.438953e-01
1.439260e-01
1.439571e-01
1.439883e-01
1.440193e-01
1.440510e-01
1.440820e-01
1.441137e-01
1.441448e-01
1.441764e-01
1.442075e-01
1.442392e-01
1.442703e-01
1.443020e-01
1.443331e-01
1.443648e-01
1.443959e-01
1.444277e-01
1.444588e-01
1.444906e-01
1.445217e-01
1.445535e-01
1.445847e-01
1.446165e-01
1.446476e-01
1.446791e-01
1.447103e-01
1.447417e-01
1.447730e-01
1.448048e-01
1.448361e-01
1.448675e-01
1.448988e-01
1.449308e-01
1.449620e-01
1.449938e-01
1.450251e-01
1.450571e-01
1.450885e-01
1.451206e-01
1.451520e-01
1.451841e-01
1.452156e-01
1.452477e-01
1.452792e-01
1.453115e-01
1.453430e-01
1.453753e-01
1.454069e-01
1.454393e-01
1.454709e-01
1.455034e-01
1.455351e-01
1.455677e-01
1.455995e-01
1.456322e-01
1.456641e-01
1.456969e-01
1.457288e-01
1.457618e-01
1.457938e-01
1.458269e-01
1.458591e-01
1.458924e-01
1.459247e-01
1.459581e-01
1.459906e-01
1.460243e-01
1.460570e-01
1.460909e-01
1.461238e-01
1.461580e-01
1.461911e-01
1.462256e-01
1.462590e-01
1.462940e-01
1.463277e-01
1.463631e-01
1.463972e-01
1.464330e-01
1.464706e-01
1.465096e-01
1.465501e-01
1.465915e-01
1.466336e-01
1.466756e-01
1.467176e-01
1.467597e-01
1.468017e-01
1.468437e-01
1.468857e-01
1.469278e-01
1.469698e-01
1.470119e-01
1.470539e-01
1.470960e-01
1.471381e-01
1.471802e-01
1.472223e-01
1.472645e-01
1.473066e-01
1.473487e-01
1.473909e-01
1.474216e-01
1.474533e-01
1.474858e-01
1.475173e-01
1.475496e-01
1.475811e-01
1.476134e-01
1.476450e-01
1.476774e-01
1.477091e-01
1.477415e-01
1.477732e-01
1.478058e-01
1.478375e-01
1.478701e-01
1.479019e-01
1.479345e-01
1.479664e-01
1.479991e-01
1.480311e-01
1.480639e-01
1.480959e-01
1.481289e-01
1.481610e-01
1.481941e-01
1.482263e-01
1.482595e-01
1.482918e-01
1.483252e-01
1.483577e-01
1.483913e-01
1.484239e-01
1.484578e-01
1.484906e-01
1.485247e-01
1.485577e-01
1.485921e-01
1.486254e-01
1.486602e-01
1.486937e-01
1.487289e-01
1.487628e-01
1.487985e-01
1.488358e-01
1.488745e-01
1.489147e-01
1.489560e-01
1.489977e-01
1.490394e-01
1.490810e-01
1.491227e-01
1.491643e-01
1.492059e-01
1.492475e-01
1.492890e-01
1.493306e-01
1.493721e-01
1.494136e-01
1.494551e-01
1.494966e-01
1.495381e-01
1.495795e-01
1.496210e-01
1.496624e-01
1.497038e-01
1.497452e-01
1.497866e-01
1.498280e-01
1.498693e-01
1.499107e-01
1.499520e-01
1.499934e-01
1.500347e-01
1.500760e-01
1.501173e-01
1.501586e-01
1.501999e-01
1.502412e-01
1.502825e-01
1.503238e-01
1.503650e-01
1.504063e-01
1.504476e-01
1.504888e-01
1.505301e-01
1.505714e-01
1.506126e-01
1.506539e-01
1.506951e-01
1.507364e-01
1.507776e-01
1.508189e-01
1.508494e-01
1.508807e-01
1.509128e-01
1.509438e-01
1.509756e-01
1.510067e-01
1.510385e-01
1.510697e-01
1.511015e-01
1.511327e-01
1.511645e-01
1.511957e-01
1.512275e-01
1.512587e-01
1.512906e-01
1.513218e-01
1.513537e-01
1.513849e-01
1.514168e-01
1.514480e-01
1.514800e-01
1.515112e-01
1.515433e-01
1.515745e-01
1.516066e-01
1.516379e-01
1.516700e-01
1.517013e-01
1.517334e-01
1.517648e-01
1.517970e-01
1.518285e-01
1.518607e-01
1.518922e-01
1.519246e-01
1.519561e-01
1.519886e-01
1.520202e-01
1.520527e-01
1.520844e-01
1.521171e-01
1.521489e-01
1.521817e-01
1.522136e-01
1.522466e-01
1.522786e-01
1.523117e-01
1.523439e-01
1.523772e-01
1.524095e-01
1.524431e-01
1.524756e-01
1.525094e-01
1.525421e-01
1.525762e-01
1.526092e-01
1.526436e-01
1.526769e-01
1.527117e-01
1.527453e-01
1.527805e-01
1.528174e-01
1.528557e-01
1.528953e-01
1.529360e-01
1.529769e-01
1.530177e-01
1.530586e-01
1.530994e-01
1.531401e-01
1.531700e-01
1.532006e-01
1.532320e-01
1.532643e-01
1.532943e-01
1.533251e-01
1.533551e-01
1.533860e-01
1.534161e-01
1.534470e-01
1.534772e-01
1.535082e-01
1.535385e-01
1.535696e-01
1.535998e-01
1.536310e-01
1.536604e-01
1.536913e-01
1.537206e-01
1.537510e-01
1.537803e-01
1.538105e-01
1.538398e-01
1.538698e-01
1.538991e-01
1.539294e-01
1.539587e-01
1.539889e-01
1.540182e-01
1.540484e-01
1.540779e-01
1.541082e-01
1.541379e-01
1.541684e-01
1.541982e-01
1.542289e-01
1.542588e-01
1.542896e-01
1.543196e-01
1.543505e-01
1.543805e-01
1.544116e-01
1.544417e-01
1.544729e-01
1.545032e-01
1.545346e-01
1.545639e-01
1.545949e-01
1.546241e-01
1.546547e-01
1.546839e-01
1.547143e-01
1.547434e-01
1.547737e-01
1.548029e-01
1.548332e-01
1.548626e-01
1.548929e-01
1.549225e-01
1.549530e-01
1.549827e-01
1.550134e-01
1.550433e-01
1.550741e-01
1.551040e-01
1.551349e-01
1.551649e-01
1.551960e-01
1.552261e-01
1.552574e-01
1.552877e-01
1.553190e-01
1.553483e-01
1.553794e-01
1.554086e-01
1.554390e-01
1.554683e-01
1.554985e-01
1.555277e-01
1.555581e-01
1.555874e-01
1.556178e-01
1.556473e-01
1.556778e-01
1.557075e-01
1.557382e-01
1.557682e-01
1.557991e-01
1.558291e-01
1.558602e-01
1.558903e-01
1.559215e-01
1.559518e-01
1.559832e-01
1.560137e-01
1.560453e-01
1.560747e-01
1.561061e-01
1.561354e-01
1.561660e-01
1.561953e-01
1.562259e-01
1.562552e-01
1.562857e-01
1.563152e-01
1.563458e-01
1.563755e-01
1.564047e-01
1.564342e-01
1.564644e-01
1.564936e-01
1.565234e-01
1.565527e-01
1.565826e-01
1.566123e-01
1.566429e-01
1.566727e-01
1.567033e-01
1.567329e-01
1.567632e-01
1.567926e-01
1.568230e-01
1.568528e-01
1.568830e-01
1.569124e-01
1.569426e-01
1.569726e-01
1.570029e-01
1.570323e-01
1.570629e-01
1.570925e-01
1.571232e-01
1.571529e-01
1.571837e-01
1.572136e-01
1.572444e-01
1.572744e-01
1.573053e-01
1.573361e-01
1.573667e-01
1.573976e-01
1.574298e-01
1.574600e-01
1.574913e-01
1.575206e-01
1.575515e-01
1.575833e-01
1.576153e-01
1.576446e-01
1.576741e-01
1.577043e-01
1.577345e-01
1.577638e-01
1.577937e-01
1.578230e-01
1.578529e-01
1.578823e-01
1.579122e-01
1.579416e-01
1.579716e-01
1.580010e-01
1.580310e-01
1.580618e-01
1.580935e-01
1.581235e-01
1.581545e-01
1.581858e-01
1.582165e-01
1.582481e-01
1.582810e-01
1.583103e-01
1.583408e-01
1.583701e-01
1.584004e-01
1.584317e-01
1.584642e-01
1.584936e-01
1.585241e-01
1.585536e-01
1.585842e-01
1.586139e-01
1.586445e-01
1.586743e-01
1.587051e-01
1.587349e-01
1.587657e-01
1.587956e-01
1.588265e-01
1.588565e-01
1.588875e-01
1.589176e-01
1.589487e-01
1.589790e-01
1.590102e-01
1.590396e-01
1.590700e-01
1.590994e-01
1.591296e-01
1.591589e-01
1.591890e-01
1.592184e-01
1.592487e-01
1.592782e-01
1.593086e-01
1.593382e-01
1.593688e-01
1.593985e-01
1.594293e-01
1.594593e-01
1.594902e-01
1.595203e-01
1.595513e-01
1.595815e-01
1.596127e-01
1.596430e-01
1.596743e-01
1.597048e-01
1.597362e-01
1.597657e-01
1.597966e-01
1.598261e-01
1.598566e-01
1.598861e-01
1.599164e-01
1.599459e-01
1.599765e-01
1.600061e-01
1.600368e-01
1.600665e-01
1.600973e-01
1.601273e-01
1.601582e-01
1.601882e-01
1.602192e-01
1.602493e-01
1.602803e-01
1.603105e-01
1.603417e-01
1.603720e-01
1.604032e-01
1.604337e-01
1.604651e-01
1.604947e-01
1.605260e-01
1.605556e-01
1.605862e-01
1.606157e-01
1.606461e-01
1.606756e-01
1.607061e-01
1.607357e-01
1.607663e-01
1.607960e-01
1.608267e-01
1.608566e-01
1.608874e-01
1.609175e-01
1.609485e-01
1.609787e-01
1.610098e-01
1.610400e-01
1.610713e-01
1.611016e-01
1.611330e-01
1.611635e-01
1.611950e-01
1.612256e-01
1.612573e-01
1.612869e-01
1.613179e-01
1.613475e-01
1.613781e-01
1.614077e-01
1.614382e-01
1.614678e-01
1.614985e-01
1.615282e-01
1.615587e-01
1.615886e-01
1.616194e-01
1.616495e-01
1.616804e-01
1.617106e-01
1.617416e-01
1.617718e-01
1.618030e-01
1.618332e-01
1.618644e-01
1.618948e-01
1.619260e-01
1.619565e-01
1.619879e-01
1.620185e-01
1.620500e-01
1.620808e-01
1.621126e-01
1.621422e-01
1.621731e-01
1.622028e-01
1.622334e-01
1.622630e-01
1.622935e-01
1.623232e-01
1.623538e-01
1.623837e-01
1.624141e-01
1.624440e-01
1.624749e-01
1.625050e-01
1.625359e-01
1.625661e-01
1.625971e-01
1.626273e-01
1.626584e-01
1.626905e-01
1.627213e-01
1.627530e-01
1.627858e-01
1.628162e-01
1.628474e-01
1.628797e-01
1.629108e-01
1.629428e-01
1.629760e-01
1.630057e-01
1.630371e-01
1.630668e-01
1.630974e-01
1.631292e-01
1.631613e-01
1.631945e-01
1.632290e-01
1.632587e-01
1.632894e-01
1.633193e-01
1.633497e-01
1.633797e-01
1.634106e-01
1.634407e-01
1.634717e-01
1.635018e-01
1.635329e-01
1.635631e-01
1.635941e-01
1.636244e-01
1.636555e-01
1.636858e-01
1.637170e-01
1.637474e-01
1.637787e-01
1.638092e-01
1.638407e-01
1.638714e-01
1.639030e-01
1.639327e-01
1.639636e-01
1.639932e-01
1.640238e-01
1.640535e-01
1.640839e-01
1.641136e-01
1.641443e-01
1.641739e-01
1.642046e-01
1.642344e-01
1.642651e-01
1.642951e-01
1.643259e-01
1.643561e-01
1.643870e-01
1.644172e-01
1.644483e-01
1.644786e-01
1.645097e-01
1.645400e-01
1.645712e-01
1.646016e-01
1.646329e-01
1.646633e-01
1.646947e-01
1.647253e-01
1.647569e-01
1.647876e-01
1.648194e-01
1.648490e-01
1.648800e-01
1.649096e-01
1.649403e-01
1.649699e-01
1.650004e-01
1.650300e-01
1.650607e-01
1.650903e-01
1.651209e-01
1.651508e-01
1.651815e-01
1.652115e-01
1.652423e-01
1.652724e-01
1.653034e-01
1.653337e-01
1.653648e-01
1.653951e-01
1.654262e-01
1.654566e-01
1.654879e-01
1.655183e-01
1.655497e-01
1.655803e-01
1.656118e-01
1.656425e-01
1.656743e-01
1.657039e-01
1.657355e-01
1.657651e-01
1.657959e-01
1.658255e-01
1.658560e-01
1.658856e-01
1.659163e-01
1.659459e-01
1.659765e-01
1.660063e-01
1.660370e-01
1.660670e-01
1.660978e-01
1.661279e-01
1.661588e-01
1.661890e-01
1.662200e-01
1.662521e-01
1.662829e-01
1.663146e-01
1.663474e-01
1.663774e-01
1.664081e-01
1.664382e-01
1.664689e-01
1.664993e-01
1.665303e-01
1.665610e-01
1.665923e-01
1.666218e-01
1.666526e-01
1.666837e-01
1.667158e-01
1.667454e-01
1.667759e-01
1.668076e-01
1.668380e-01
1.668677e-01
1.668983e-01
1.669282e-01
1.669589e-01
1.669890e-01
1.670198e-01
1.670499e-01
1.670809e-01
1.671105e-01
1.671406e-01
1.671714e-01
1.672012e-01
1.672317e-01
1.672616e-01
1.672919e-01
1.673231e-01
1.673550e-01
1.673860e-01
1.674182e-01
1.674514e-01
1.674810e-01
1.675114e-01
1.675409e-01
1.675715e-01
1.676027e-01
1.676349e-01
1.676645e-01
1.676951e-01
1.677249e-01
1.677556e-01
1.677854e-01
1.678162e-01
1.678461e-01
1.678770e-01
1.679069e-01
1.679378e-01
1.679678e-01
1.679987e-01
1.680306e-01
1.680611e-01
1.680923e-01
1.681246e-01
1.681542e-01
1.681847e-01
1.682160e-01
1.682467e-01
1.682784e-01
1.683112e-01
1.683408e-01
1.683715e-01
1.684011e-01
1.684318e-01
1.684615e-01
1.684923e-01
1.685220e-01
1.685527e-01
1.685825e-01
1.686131e-01
1.686429e-01
1.686736e-01
1.687053e-01
1.687375e-01
1.687674e-01
1.687980e-01
1.688295e-01
1.688598e-01
1.688910e-01
1.689231e-01
1.689530e-01
1.689837e-01
1.690153e-01
1.690458e-01
1.690771e-01
1.691093e-01
1.691394e-01
1.691704e-01
1.692020e-01
1.692327e-01
1.692644e-01
1.692965e-01
1.693261e-01
1.693565e-01
1.693877e-01
1.694199e-01
1.694497e-01
1.694802e-01
1.695116e-01
1.695426e-01
1.695724e-01
1.696030e-01
1.696337e-01
1.696650e-01
1.696949e-01
1.697256e-01
1.697563e-01
1.697868e-01
1.698175e-01
1.698488e-01
1.698789e-01
1.699098e-01
1.699406e-01
1.699713e-01
1.700020e-01
1.700333e-01
1.700637e-01
1.700950e-01
1.701258e-01
1.701571e-01
1.701878e-01
1.702191e-01
1.702487e-01
1.702797e-01
1.703092e-01
1.703398e-01
1.703706e-01
1.704019e-01
1.704327e-01
1.704640e-01
1.704948e-01
1.705262e-01
1.705569e-01
1.705883e-01
1.706179e-01
1.706485e-01
1.706793e-01
1.707097e-01
1.707405e-01
1.707713e-01
1.708018e-01
1.708332e-01
1.708640e-01
1.708954e-01
1.709263e-01
1.709577e-01
1.709886e-01
1.710200e-01
1.710509e-01
1.710823e-01
1.711130e-01
1.711455e-01
1.711752e-01
1.712076e-01
1.712371e-01
1.712684e-01
1.712978e-01
1.713286e-01
1.713607e-01
1.713909e-01
1.714222e-01
1.714547e-01
1.714843e-01
1.715148e-01
1.715465e-01
1.715770e-01
1.716084e-01
1.716408e-01
1.716713e-01
1.717028e-01
1.717346e-01
1.717659e-01
1.717984e-01
1.718321e-01
1.718632e-01
1.718956e-01
1.719294e-01
1.719617e-01
1.719939e-01
1.720272e-01
1.720568e-01
1.720882e-01
1.721177e-01
1.721486e-01
1.721782e-01
1.722088e-01
1.722384e-01
1.722689e-01
1.722987e-01
1.723293e-01
1.723595e-01
1.723904e-01
1.724207e-01
1.724518e-01
1.724822e-01
1.725133e-01
1.725445e-01
1.725762e-01
1.726066e-01
1.726378e-01
1.726690e-01
1.727008e-01
1.727313e-01
1.727626e-01
1.727939e-01
1.728250e-01
1.728562e-01
1.728880e-01
1.729188e-01
1.729506e-01
1.729819e-01
1.730137e-01
1.730450e-01
1.730768e-01
1.731065e-01
1.731381e-01
1.731694e-01
1.732013e-01
1.732326e-01
1.732645e-01
1.732958e-01
1.733276e-01
1.733590e-01
1.733908e-01
1.734205e-01
1.734509e-01
1.734823e-01
1.735126e-01
1.735437e-01
1.735743e-01
1.736047e-01
1.736359e-01
1.736665e-01
1.736979e-01
1.737285e-01
1.737600e-01
1.737907e-01
1.738223e-01
1.738531e-01
1.738848e-01
1.739157e-01
1.739476e-01
1.739787e-01
1.740109e-01
1.740421e-01
1.740747e-01
1.741044e-01
1.741363e-01
1.741660e-01
1.741974e-01
1.742270e-01
1.742581e-01
1.742899e-01
1.743225e-01
1.743560e-01
1.743905e-01
1.744223e-01
1.744554e-01
1.744851e-01
1.745157e-01
1.745472e-01
1.745796e-01
1.746097e-01
1.746405e-01
1.746723e-01
1.747050e-01
1.747354e-01
1.747666e-01
1.747984e-01
1.748313e-01
1.748618e-01
1.748931e-01
1.749249e-01
1.749576e-01
1.749881e-01
1.750197e-01
1.750515e-01
1.750828e-01
1.751146e-01
1.751473e-01
1.751782e-01
1.752104e-01
1.752422e-01
1.752742e-01
1.753073e-01
1.753420e-01
1.753718e-01
1.754037e-01
1.754355e-01
1.754681e-01
1.754999e-01
1.755325e-01
1.755640e-01
1.755966e-01
1.756263e-01
1.756571e-01
1.756889e-01
1.757214e-01
1.757512e-01
1.757819e-01
1.758135e-01
1.758441e-01
1.758756e-01
1.759081e-01
1.759386e-01
1.759701e-01
1.760008e-01
1.760324e-01
1.760632e-01
1.760949e-01
1.761258e-01
1.761577e-01
1.761888e-01
1.762209e-01
1.762521e-01
1.762844e-01
1.763158e-01
1.763482e-01
1.763798e-01
1.764118e-01
1.764416e-01
1.764734e-01
1.765052e-01
1.765383e-01
1.765702e-01
1.766046e-01
1.766364e-01
1.766696e-01
1.767015e-01
1.767344e-01
1.767662e-01
1.767985e-01
1.768303e-01
1.768627e-01
1.768944e-01
1.769271e-01
1.769588e-01
1.769934e-01
1.770251e-01
1.770574e-01
1.770891e-01
1.771213e-01
1.771530e-01
1.771850e-01
1.772167e-01
1.772490e-01
1.772808e-01
1.773137e-01
1.773455e-01
1.773783e-01
1.774102e-01
1.774429e-01
1.774748e-01
1.775075e-01
1.775393e-01
1.775720e-01
1.776038e-01
1.776365e-01
1.776682e-01
1.777006e-01
1.777340e-01
1.777686e-01
1.778003e-01
1.778323e-01
1.778641e-01
1.778961e-01
1.779280e-01
1.779610e-01
1.779952e-01
1.780308e-01
1.780630e-01
1.780963e-01
1.781309e-01
1.781668e-01
1.781984e-01
1.782306e-01
1.782623e-01
1.782953e-01
1.783270e-01
1.783592e-01
1.783908e-01
1.784230e-01
1.784547e-01
1.784869e-01
1.785185e-01
1.785507e-01
1.785824e-01
1.786146e-01
1.786462e-01
1.786784e-01
1.787101e-01
1.787423e-01
1.787739e-01
1.788061e-01
1.788378e-01
1.788700e-01
1.789016e-01
1.789338e-01
1.789655e-01
1.789977e-01
1.790293e-01
1.790616e-01
1.790932e-01
1.791254e-01
1.791585e-01
1.791926e-01
1.792243e-01
1.792571e-01
1.792910e-01
1.793235e-01
1.793552e-01
1.793871e-01
1.794188e-01
1.794507e-01
1.794820e-01
1.795149e-01
1.795474e-01
1.795804e-01
1.796151e-01
1.796484e-01
1.796828e-01
1.797186e-01
1.797503e-01
1.797831e-01
1.798148e-01
1.798472e-01
1.798808e-01
1.799158e-01
1.799476e-01
1.799778e-01
1.800087e-01
1.800389e-01
1.800689e-01
1.800992e-01
1.801292e-01
1.801595e-01
1.801895e-01
1.802198e-01
1.802507e-01
1.802823e-01
1.803140e-01
1.803462e-01
1.803778e-01
1.804100e-01
1.804416e-01
1.804738e-01
1.805054e-01
1.805376e-01
1.805692e-01
1.806014e-01
1.806331e-01
1.806652e-01
1.806969e-01
1.807290e-01
1.807607e-01
1.807915e-01
1.808231e-01
1.808553e-01
1.808854e-01
1.809159e-01
1.809461e-01
1.809765e-01
1.810067e-01
1.810372e-01
1.810674e-01
1.810979e-01
1.811281e-01
1.811586e-01
1.811889e-01
1.812194e-01
1.812497e-01
1.812802e-01
1.813105e-01
1.813410e-01
1.813712e-01
1.814017e-01
1.814319e-01
1.814627e-01
1.814929e-01
1.815237e-01
1.815551e-01
1.815873e-01
1.816189e-01
1.816510e-01
1.816826e-01
1.817147e-01
1.817463e-01
1.817785e-01
1.818100e-01
1.818428e-01
1.818769e-01
1.819126e-01
1.819443e-01
1.819771e-01
1.820110e-01
1.820434e-01
1.820771e-01
1.821123e-01
1.821447e-01
1.821784e-01
1.822135e-01
1.822501e-01
1.822831e-01
1.823176e-01
1.823493e-01
1.823831e-01
1.824182e-01
1.824550e-01
1.824868e-01
1.825200e-01
1.825517e-01
1.825845e-01
1.826185e-01
1.826539e-01
1.826858e-01
1.827187e-01
1.827529e-01
1.827857e-01
1.828198e-01
1.828553e-01
1.828868e-01
1.829188e-01
1.829515e-01
1.829849e-01
1.830191e-01
1.830542e-01
1.830861e-01
1.831202e-01
1.831497e-01
1.831801e-01
1.832113e-01
1.832415e-01
1.832725e-01
1.833027e-01
1.833338e-01
1.833641e-01
1.833953e-01
1.834257e-01
1.834570e-01
1.834875e-01
1.835189e-01
1.835495e-01
1.835811e-01
1.836118e-01
1.836435e-01
1.836744e-01
1.837064e-01
1.837375e-01
1.837697e-01
1.838010e-01
1.838328e-01
1.838644e-01
1.838963e-01
1.839282e-01
1.839615e-01
1.839939e-01
1.840259e-01
1.840587e-01
1.840932e-01
1.841260e-01
1.841596e-01
1.841949e-01
1.842275e-01
1.842613e-01
1.842960e-01
1.843298e-01
1.843649e-01
1.844015e-01
1.844335e-01
1.844685e-01
1.845005e-01
1.845341e-01
1.845691e-01
1.846058e-01
1.846379e-01
1.846714e-01
1.847034e-01
1.847366e-01
1.847711e-01
1.848069e-01
1.848391e-01
1.848723e-01
1.849068e-01
1.849399e-01
1.849742e-01
1.850098e-01
1.850427e-01
1.850769e-01
1.851125e-01
1.851466e-01
1.851820e-01
1.852191e-01
1.852511e-01
1.852848e-01
1.853168e-01
1.853500e-01
1.853846e-01
1.854208e-01
1.854530e-01
1.854862e-01
1.855207e-01
1.855535e-01
1.855874e-01
1.856204e-01
1.856545e-01
1.856897e-01
1.857222e-01
1.857559e-01
1.857908e-01
1.858243e-01
1.858592e-01
1.858953e-01
1.859287e-01
1.859634e-01
1.859953e-01
1.860293e-01
1.860646e-01
1.861015e-01
1.861335e-01
1.861669e-01
1.861989e-01
1.862320e-01
1.862663e-01
1.863019e-01
1.863340e-01
1.863671e-01
1.864014e-01
1.864368e-01
1.864735e-01
1.865115e-01
1.865438e-01
1.865774e-01
1.866122e-01
1.866456e-01
1.866803e-01
1.867164e-01
1.867497e-01
1.867844e-01
1.868162e-01
1.868501e-01
1.868853e-01
1.869222e-01
1.869541e-01
1.869874e-01
1.870193e-01
1.870523e-01
1.870864e-01
1.871220e-01
1.871539e-01
1.871869e-01
1.872209e-01
1.872535e-01
1.872872e-01
1.873221e-01
1.873544e-01
1.873878e-01
1.874223e-01
1.874555e-01
1.874899e-01
1.875254e-01
1.875584e-01
1.875926e-01
1.876282e-01
1.876623e-01
1.876975e-01
1.877342e-01
1.877660e-01
1.877992e-01
1.878309e-01
1.878637e-01
1.878929e-01
1.879228e-01
1.879536e-01
1.879834e-01
1.880139e-01
1.880437e-01
1.880743e-01
1.881042e-01
1.881348e-01
1.881648e-01
1.881956e-01
1.882256e-01
1.882565e-01
1.882866e-01
1.883176e-01
1.883478e-01
1.883789e-01
1.884092e-01
1.884405e-01
1.884710e-01
1.885025e-01
1.885331e-01
1.885647e-01
1.885955e-01
1.886271e-01
1.886581e-01
1.886898e-01
1.887211e-01
1.887527e-01
1.887844e-01
1.888160e-01
1.888478e-01
1.888803e-01
1.889123e-01
1.889438e-01
1.889755e-01
1.890070e-01
1.890387e-01
1.890702e-01
1.891020e-01
1.891341e-01
1.891670e-01
1.891992e-01
1.892323e-01
1.892639e-01
1.892962e-01
1.893287e-01
1.893621e-01
1.893938e-01
1.894262e-01
1.894580e-01
1.894904e-01
1.895232e-01
1.895571e-01
1.895889e-01
1.896215e-01
1.896534e-01
1.896860e-01
1.897179e-01
1.897505e-01
1.897824e-01
1.898150e-01
1.898470e-01
1.898796e-01
1.899116e-01
1.899442e-01
1.899761e-01
1.900088e-01
1.900422e-01
1.900746e-01
1.901077e-01
1.901418e-01
1.901769e-01
1.902132e-01
1.902453e-01
1.902781e-01
1.903118e-01
1.903465e-01
1.903788e-01
1.904119e-01
1.904459e-01
1.904809e-01
1.905098e-01
1.905396e-01
1.905702e-01
1.905998e-01
1.906301e-01
1.906598e-01
1.906903e-01
1.907200e-01
1.907505e-01
1.907803e-01
1.908110e-01
1.908409e-01
1.908716e-01
1.909015e-01
1.909324e-01
1.909624e-01
1.909934e-01
1.910236e-01
1.910547e-01
1.910850e-01
1.911163e-01
1.911468e-01
1.911783e-01
1.912089e-01
1.912407e-01
1.912716e-01
1.913037e-01
1.913348e-01
1.913673e-01
1.913987e-01
1.914317e-01
1.914635e-01
1.914955e-01
1.915271e-01
1.915605e-01
1.915951e-01
1.916273e-01
1.916603e-01
1.916942e-01
1.917289e-01
1.917613e-01
1.917944e-01
1.918283e-01
1.918631e-01
1.918955e-01
1.919287e-01
1.919627e-01
1.919956e-01
1.920293e-01
1.920639e-01
1.920964e-01
1.921298e-01
1.921642e-01
1.921973e-01
1.922313e-01
1.922664e-01
1.922991e-01
1.923329e-01
1.923676e-01
1.924011e-01
1.924357e-01
1.924714e-01
1.925045e-01
1.925388e-01
1.925744e-01
1.926085e-01
1.926440e-01
1.926809e-01
1.927145e-01
1.927499e-01
1.927868e-01
1.928219e-01
1.928583e-01
1.928941e-01
1.929313e-01
1.929671e-01
1.930038e-01
1.930425e-01
1.930747e-01
1.931079e-01
1.931401e-01
1.931731e-01
1.932069e-01
1.932417e-01
1.932739e-01
1.933069e-01
1.933392e-01
1.933721e-01
1.934045e-01
1.934374e-01
1.934697e-01
1.935027e-01
1.935350e-01
1.935680e-01
1.936018e-01
1.936364e-01
1.936687e-01
1.937017e-01
1.937356e-01
1.937702e-01
1.938026e-01
1.938357e-01
1.938696e-01
1.939044e-01
1.939368e-01
1.939700e-01
1.940040e-01
1.940390e-01
1.940715e-01
1.941048e-01
1.941390e-01
1.941741e-01
1.942067e-01
1.942402e-01
1.942746e-01
1.943078e-01
1.943420e-01
1.943772e-01
1.944100e-01
1.944439e-01
1.944789e-01
1.945125e-01
1.945473e-01
1.945833e-01
1.946166e-01
1.946512e-01
1.946871e-01
1.947215e-01
1.947575e-01
1.947949e-01
1.948288e-01
1.948647e-01
1.948967e-01
1.949318e-01
1.949688e-01
1.950069e-01
1.950390e-01
1.950736e-01
1.951097e-01
1.951470e-01
1.951791e-01
1.952123e-01
1.952465e-01
1.952819e-01
1.953185e-01
1.953563e-01
1.953941e-01
1.954327e-01
1.954706e-01
1.955095e-01
1.955477e-01
1.955868e-01
1.956147e-01
1.956432e-01
1.956724e-01
1.957006e-01
1.957286e-01
1.957568e-01
1.957848e-01
1.958130e-01
1.958409e-01
1.958691e-01
1.958970e-01
1.959251e-01
1.959529e-01
1.959809e-01
1.960118e-01
1.960457e-01
1.960831e-01
1.961241e-01
1.961648e-01
1.962058e-01
1.962468e-01
1.962878e-01
1.963288e-01
1.963698e-01
1.964108e-01
1.964518e-01
1.964796e-01
1.965078e-01
1.965355e-01
1.965660e-01
1.965937e-01
1.966242e-01
1.966578e-01
1.966947e-01
1.967354e-01
1.967764e-01
1.968041e-01
1.968323e-01
1.968600e-01
1.968880e-01
1.969157e-01
1.969437e-01
1.969714e-01
1.969994e-01
1.970271e-01
1.970551e-01
1.970828e-01
1.971108e-01
1.971385e-01
1.971665e-01
1.971942e-01
1.972222e-01
1.972500e-01
1.972779e-01
1.973057e-01
1.973336e-01
1.973614e-01
1.973894e-01
1.974171e-01
1.974451e-01
1.974728e-01
1.975008e-01
1.975286e-01
1.975566e-01
1.975843e-01
1.976123e-01
1.976400e-01
1.976680e-01
1.976958e-01
1.977238e-01
1.977515e-01
1.977795e-01
1.978073e-01
1.978378e-01
1.978714e-01
1.979084e-01
1.979490e-01
1.979899e-01
1.980308e-01
1.980717e-01
1.981126e-01
1.981535e-01
1.981944e-01
1.982353e-01
1.982762e-01
1.983170e-01
1.983579e-01
1.983988e-01
1.984396e-01
1.984805e-01
1.985213e-01
1.985622e-01
1.985900e-01
1.986183e-01
1.986461e-01
1.986744e-01
1.987022e-01
1.987306e-01
1.987584e-01
1.987867e-01
1.988145e-01
1.988429e-01
1.988707e-01
1.988990e-01
1.989268e-01
1.989552e-01
1.989830e-01
1.990113e-01
1.990392e-01
1.990675e-01
1.990954e-01
1.991238e-01
1.991516e-01
1.991800e-01
1.992079e-01
1.992363e-01
1.992653e-01
1.992935e-01
1.993213e-01
1.993497e-01
1.993775e-01
1.994060e-01
1.994339e-01
1.994623e-01
1.994903e-01
1.995187e-01
1.995466e-01
1.995751e-01
1.996030e-01
1.996315e-01
1.996594e-01
1.996877e-01
1.997155e-01
1.997438e-01
1.997719e-01
1.998001e-01
1.998281e-01
1.998567e-01
1.998847e-01
1.999134e-01
1.999415e-01
1.999703e-01
1.999984e-01
2.000272e-01
2.000554e-01
2.000842e-01
2.001123e-01
