#   1 : Date        
# Date        
0.000000e+00
1.807392e-05
3.063775e-05
3.994389e-05
4.696398e-05
5.307616e-05
5.893874e-05
6.538756e-05
7.195757e-05
7.918458e-05
8.713429e-05
9.567609e-05
1.042664e-04
1.137158e-04
1.241101e-04
1.345130e-04
1.447307e-04
1.559701e-04
1.679893e-04
1.796878e-04
1.924202e-04
2.055404e-04
2.185077e-04
2.318901e-04
2.458264e-04
2.596755e-04
2.743191e-04
2.891449e-04
3.043828e-04
3.196963e-04
3.356446e-04
3.517861e-04
3.684829e-04
3.855114e-04
4.029838e-04
4.207710e-04
4.389514e-04
4.575347e-04
4.763626e-04
4.956113e-04
5.152335e-04
5.351047e-04
5.554263e-04
5.760533e-04
5.970174e-04
6.182838e-04
6.399234e-04
6.618733e-04
6.840594e-04
7.066476e-04
7.294829e-04
7.525381e-04
7.759571e-04
7.995716e-04
8.234199e-04
8.476062e-04
8.720560e-04
8.968823e-04
9.219946e-04
9.473617e-04
9.730840e-04
9.990399e-04
1.025278e-03
1.051910e-03
1.078819e-03
1.105929e-03
1.133356e-03
1.161061e-03
1.189065e-03
1.217411e-03
1.246020e-03
1.274873e-03
1.303956e-03
1.333253e-03
1.362890e-03
1.392701e-03
1.422730e-03
1.453159e-03
1.483799e-03
1.514588e-03
1.545737e-03
1.577015e-03
1.608496e-03
1.640312e-03
1.672452e-03
1.704707e-03
1.737346e-03
1.770205e-03
1.803266e-03
1.836667e-03
1.870249e-03
1.903988e-03
1.938058e-03
1.972210e-03
2.006531e-03
2.041220e-03
2.076145e-03
2.111169e-03
2.146567e-03
2.182165e-03
2.217924e-03
2.254048e-03
2.290352e-03
2.326712e-03
2.363336e-03
2.400272e-03
2.437371e-03
2.474842e-03
2.512608e-03
2.550422e-03
2.588393e-03
2.626701e-03
2.665159e-03
2.703857e-03
2.742799e-03
2.781765e-03
2.820761e-03
2.859784e-03
2.898879e-03
2.937959e-03
2.977042e-03
3.016125e-03
3.055242e-03
3.094389e-03
3.133595e-03
3.172852e-03
3.212114e-03
3.251389e-03
3.290692e-03
3.329995e-03
3.369334e-03
3.408709e-03
3.448149e-03
3.487616e-03
3.523745e-03
3.559450e-03
3.596932e-03
3.633139e-03
3.669345e-03
3.704569e-03
3.739988e-03
3.774860e-03
3.808983e-03
3.842747e-03
3.875977e-03
3.904388e-03
3.934716e-03
3.960947e-03
3.989801e-03
4.016883e-03
4.046428e-03
4.076890e-03
4.108605e-03
4.141177e-03
4.174377e-03
4.207714e-03
4.240853e-03
4.274032e-03
4.307214e-03
4.340552e-03
4.373923e-03
4.407069e-03
4.439951e-03
4.472839e-03
4.505756e-03
4.538765e-03
4.571747e-03
4.604895e-03
4.638159e-03
4.671472e-03
4.704794e-03
4.738337e-03
4.771883e-03
4.804709e-03
4.836758e-03
4.867674e-03
4.897661e-03
4.926980e-03
4.955486e-03
4.983452e-03
5.011042e-03
5.038094e-03
5.064862e-03
5.091172e-03
5.117360e-03
5.143059e-03
5.168604e-03
5.193879e-03
5.218979e-03
5.243861e-03
5.268522e-03
5.293103e-03
5.317490e-03
5.341741e-03
5.365733e-03
5.389609e-03
5.413305e-03
5.436861e-03
5.460379e-03
5.483745e-03
5.507044e-03
5.530239e-03
5.553351e-03
5.576335e-03
5.599229e-03
5.622085e-03
5.644845e-03
5.667524e-03
5.690110e-03
5.712583e-03
5.734974e-03
5.757276e-03
5.779502e-03
5.801589e-03
5.823606e-03
5.845498e-03
5.867332e-03
5.889071e-03
5.910761e-03
5.932328e-03
5.953801e-03
5.975172e-03
5.996467e-03
6.017673e-03
6.038858e-03
6.059954e-03
6.081027e-03
6.102049e-03
6.123046e-03
6.144036e-03
6.164993e-03
6.185957e-03
6.206878e-03
6.227784e-03
6.248688e-03
6.269563e-03
6.290451e-03
6.311327e-03
6.332201e-03
6.353089e-03
6.373979e-03
6.394777e-03
6.415418e-03
6.435940e-03
6.456291e-03
6.476503e-03
6.496599e-03
6.516541e-03
6.536369e-03
6.556083e-03
6.575677e-03
6.595200e-03
6.614605e-03
6.633932e-03
6.653190e-03
6.672361e-03
6.691473e-03
6.710538e-03
6.729540e-03
6.748501e-03
6.767445e-03
6.786386e-03
6.805300e-03
6.824191e-03
6.843080e-03
6.861968e-03
6.880871e-03
6.899788e-03
6.918712e-03
6.937616e-03
6.956516e-03
6.975400e-03
6.994277e-03
7.013138e-03
7.031985e-03
7.050768e-03
7.069490e-03
7.088140e-03
7.106740e-03
7.125281e-03
7.143796e-03
7.162275e-03
7.180755e-03
7.199216e-03
7.217677e-03
7.236124e-03
7.254596e-03
7.273074e-03
7.291597e-03
7.310141e-03
7.328740e-03
7.347371e-03
7.366065e-03
7.384798e-03
7.403598e-03
7.422442e-03
7.441356e-03
7.460319e-03
7.479330e-03
7.498367e-03
7.517446e-03
7.536557e-03
7.555713e-03
7.574907e-03
7.594151e-03
7.613441e-03
7.632788e-03
7.652190e-03
7.671643e-03
7.691122e-03
7.710636e-03
7.730187e-03
7.749787e-03
7.769437e-03
7.789148e-03
7.808924e-03
7.828766e-03
7.848640e-03
7.868559e-03
7.888527e-03
7.908555e-03
7.928650e-03
7.948821e-03
7.969075e-03
7.989375e-03
8.009725e-03
8.030137e-03
8.050619e-03
8.071183e-03
8.091835e-03
8.112576e-03
8.133372e-03
8.154235e-03
8.175174e-03
8.196202e-03
8.217314e-03
8.238523e-03
8.259834e-03
8.281222e-03
8.302688e-03
8.324240e-03
8.345885e-03
8.367639e-03
8.389509e-03
8.411488e-03
8.433547e-03
8.455703e-03
8.477964e-03
8.500346e-03
8.522854e-03
8.545493e-03
8.568220e-03
8.591052e-03
8.613996e-03
8.637066e-03
8.660267e-03
8.683587e-03
8.707032e-03
8.730585e-03
8.754251e-03
8.778043e-03
8.801948e-03
8.825969e-03
8.850110e-03
8.874383e-03
8.898786e-03
8.923304e-03
8.947920e-03
8.972646e-03
8.997485e-03
9.022448e-03
9.047540e-03
9.072771e-03
9.098095e-03
9.123521e-03
9.149053e-03
9.174701e-03
9.200470e-03
9.226372e-03
9.252402e-03
9.278528e-03
9.304749e-03
9.331082e-03
9.357528e-03
9.384100e-03
9.410800e-03
9.437631e-03
9.464550e-03
9.491575e-03
9.518706e-03
9.545959e-03
9.573333e-03
9.600844e-03
9.628480e-03
9.656216e-03
9.684051e-03
9.712002e-03
9.740068e-03
9.768266e-03
9.796595e-03
9.825055e-03
9.853619e-03
9.882292e-03
9.911073e-03
9.939978e-03
9.969004e-03
9.998169e-03
1.002744e-02
1.005683e-02
1.008633e-02
1.011596e-02
1.014570e-02
1.017556e-02
1.020554e-02
1.023563e-02
1.026581e-02
1.029611e-02
1.032651e-02
1.035704e-02
1.038769e-02
1.041846e-02
1.044933e-02
1.048028e-02
1.051133e-02
1.054248e-02
1.057374e-02
1.060511e-02
1.063659e-02
1.066819e-02
1.069987e-02
1.073162e-02
1.076347e-02
1.079540e-02
1.082743e-02
1.085956e-02
1.089179e-02
1.092413e-02
1.095654e-02
1.098901e-02
1.102157e-02
1.105419e-02
1.108690e-02
1.111970e-02
1.115258e-02
1.118554e-02
1.121857e-02
1.125167e-02
1.128483e-02
1.131805e-02
1.135135e-02
1.138472e-02
1.141816e-02
1.145165e-02
1.148519e-02
1.151880e-02
1.155246e-02
1.158618e-02
1.161995e-02
1.165378e-02
1.168766e-02
1.172161e-02
1.175560e-02
1.178965e-02
1.182374e-02
1.185787e-02
1.189204e-02
1.192627e-02
1.196054e-02
1.199487e-02
1.202926e-02
1.206368e-02
1.209815e-02
1.213265e-02
1.216718e-02
1.220176e-02
1.223637e-02
1.227104e-02
1.230576e-02
1.234054e-02
1.237537e-02
1.241021e-02
1.244510e-02
1.248001e-02
1.251497e-02
1.254998e-02
1.258504e-02
1.262016e-02
1.265535e-02
1.269057e-02
1.272582e-02
1.276111e-02
1.279645e-02
1.283183e-02
1.286727e-02
1.290278e-02
1.293835e-02
1.297399e-02
1.300967e-02
1.304539e-02
1.308116e-02
1.311699e-02
1.315288e-02
1.318885e-02
1.322489e-02
1.326100e-02
1.329717e-02
1.333340e-02
1.336970e-02
1.340606e-02
1.344250e-02
1.347901e-02
1.351561e-02
1.355228e-02
1.358902e-02
1.362583e-02
1.366271e-02
1.369969e-02
1.373674e-02
1.377388e-02
1.381111e-02
1.384843e-02
1.388583e-02
1.392331e-02
1.396086e-02
1.399849e-02
1.403621e-02
1.407403e-02
1.411194e-02
1.414994e-02
1.418804e-02
1.422624e-02
1.426452e-02
1.430287e-02
1.434131e-02
1.437983e-02
1.441844e-02
1.445714e-02
1.449594e-02
1.453484e-02
1.457383e-02
1.461292e-02
1.465211e-02
1.469136e-02
1.473069e-02
1.477010e-02
1.480959e-02
1.484917e-02
1.488884e-02
1.492860e-02
1.496846e-02
1.500841e-02
1.504845e-02
1.508859e-02
1.512879e-02
1.516906e-02
1.520940e-02
1.524983e-02
1.529033e-02
1.533091e-02
1.537159e-02
1.541235e-02
1.545320e-02
1.549415e-02
1.553518e-02
1.557629e-02
1.561747e-02
1.565871e-02
1.570003e-02
1.574142e-02
1.578289e-02
1.582444e-02
1.586608e-02
1.590780e-02
1.594962e-02
1.599153e-02
1.603351e-02
1.607557e-02
1.611770e-02
1.615991e-02
1.620218e-02
1.624453e-02
1.628696e-02
1.632946e-02
1.637205e-02
1.641473e-02
1.645749e-02
1.650035e-02
1.654327e-02
1.658627e-02
1.662934e-02
1.667248e-02
1.671571e-02
1.675901e-02
1.680238e-02
1.684584e-02
1.688937e-02
1.693299e-02
1.697670e-02
1.702050e-02
1.706437e-02
1.710830e-02
1.715231e-02
1.719638e-02
1.724053e-02
1.728475e-02
1.732905e-02
1.737343e-02
1.741789e-02
1.746244e-02
1.750706e-02
1.755171e-02
1.759640e-02
1.764111e-02
1.768586e-02
1.773064e-02
1.777547e-02
1.782032e-02
1.786520e-02
1.791012e-02
1.795509e-02
1.800009e-02
1.804512e-02
1.809019e-02
1.813530e-02
1.818045e-02
1.822564e-02
1.827086e-02
1.831613e-02
1.836143e-02
1.840678e-02
1.845216e-02
1.849757e-02
1.854302e-02
1.858851e-02
1.863404e-02
1.867961e-02
1.872521e-02
1.877086e-02
1.881655e-02
1.886229e-02
1.890805e-02
1.895385e-02
1.899970e-02
1.904559e-02
1.909152e-02
1.913749e-02
1.918348e-02
1.922952e-02
1.927559e-02
1.932171e-02
1.936785e-02
1.941401e-02
1.946019e-02
1.950640e-02
1.955262e-02
1.959889e-02
1.964516e-02
1.969144e-02
1.973772e-02
1.978401e-02
1.983031e-02
1.987663e-02
1.992298e-02
1.996934e-02
2.001569e-02
2.006207e-02
2.010846e-02
2.015489e-02
2.020137e-02
2.024790e-02
2.029445e-02
2.034105e-02
2.038768e-02
2.043438e-02
2.048115e-02
2.052800e-02
2.057493e-02
2.062193e-02
2.066898e-02
2.071612e-02
2.076333e-02
2.081065e-02
2.085805e-02
2.090553e-02
2.095308e-02
2.100072e-02
2.104844e-02
2.109626e-02
2.114418e-02
2.119221e-02
2.124033e-02
2.128853e-02
2.133681e-02
2.138518e-02
2.143363e-02
2.148218e-02
2.153083e-02
2.157959e-02
2.162842e-02
2.167732e-02
2.172629e-02
2.177534e-02
2.182447e-02
2.187368e-02
2.192297e-02
2.197235e-02
2.202177e-02
2.207125e-02
2.212053e-02
2.216998e-02
2.221937e-02
2.226880e-02
2.231822e-02
2.236780e-02
2.241757e-02
2.246757e-02
2.251761e-02
2.256771e-02
2.261784e-02
2.266804e-02
2.271829e-02
2.276860e-02
2.281896e-02
2.286937e-02
2.291980e-02
2.297029e-02
2.302081e-02
2.307139e-02
2.312202e-02
2.317272e-02
2.322348e-02
2.327430e-02
2.332514e-02
2.337604e-02
2.342698e-02
2.347797e-02
2.352902e-02
2.358013e-02
2.363130e-02
2.368254e-02
2.373384e-02
2.378518e-02
2.383655e-02
2.388798e-02
2.393945e-02
2.399098e-02
2.404256e-02
2.409421e-02
2.414589e-02
2.419765e-02
2.424943e-02
2.430125e-02
2.435309e-02
2.440497e-02
2.445689e-02
2.450885e-02
2.456085e-02
2.461221e-02
2.466430e-02
2.471646e-02
2.476863e-02
2.482083e-02
2.487305e-02
2.492532e-02
2.497724e-02
2.502958e-02
2.508014e-02
2.513257e-02
2.518275e-02
2.523472e-02
2.528726e-02
2.533931e-02
2.539086e-02
2.544326e-02
2.549297e-02
2.554073e-02
2.559237e-02
2.564367e-02
2.569459e-02
2.574522e-02
2.579545e-02
2.584570e-02
2.589583e-02
2.594578e-02
2.599557e-02
2.604554e-02
2.609498e-02
2.614463e-02
2.619415e-02
2.624416e-02
2.629384e-02
2.634396e-02
2.639438e-02
2.644554e-02
2.649701e-02
2.654889e-02
2.660091e-02
2.665311e-02
2.670541e-02
2.675796e-02
2.681066e-02
2.686359e-02
2.691677e-02
2.697021e-02
2.702390e-02
2.707783e-02
2.713189e-02
2.718601e-02
2.724017e-02
2.729441e-02
2.734870e-02
2.740306e-02
2.745749e-02
2.751199e-02
2.756656e-02
2.762120e-02
2.767589e-02
2.773063e-02
2.778540e-02
2.784024e-02
2.789511e-02
2.795003e-02
2.800501e-02
2.806004e-02
2.811512e-02
2.817027e-02
2.822547e-02
2.828074e-02
2.833607e-02
2.839147e-02
2.844692e-02
2.850242e-02
2.855797e-02
2.861357e-02
2.866923e-02
2.872495e-02
2.878073e-02
2.883658e-02
2.889248e-02
2.894754e-02
2.900163e-02
2.905497e-02
2.910769e-02
2.916004e-02
2.921205e-02
2.926379e-02
2.931537e-02
2.936688e-02
2.941832e-02
2.946968e-02
2.952097e-02
2.957223e-02
2.962346e-02
2.967469e-02
2.972590e-02
2.977713e-02
2.982836e-02
2.987960e-02
2.993083e-02
2.998205e-02
3.003326e-02
3.008449e-02
3.013572e-02
3.018698e-02
3.023824e-02
3.028954e-02
3.034086e-02
3.039223e-02
3.044363e-02
3.049505e-02
3.054647e-02
3.059793e-02
3.064939e-02
3.070088e-02
3.075239e-02
3.080393e-02
3.085550e-02
3.090710e-02
3.095872e-02
3.101038e-02
3.106202e-02
3.111365e-02
3.116526e-02
3.121687e-02
3.126845e-02
3.132003e-02
3.137159e-02
3.142315e-02
3.147468e-02
3.152620e-02
3.157770e-02
3.162920e-02
3.168072e-02
3.173227e-02
3.178386e-02
3.183551e-02
3.188723e-02
3.193904e-02
3.199093e-02
3.204290e-02
3.209492e-02
3.214704e-02
3.219923e-02
3.225151e-02
3.230386e-02
3.235631e-02
3.240882e-02
3.246140e-02
3.251404e-02
3.256675e-02
3.261952e-02
3.267236e-02
3.272525e-02
3.277822e-02
3.283125e-02
3.288436e-02
3.293751e-02
3.299070e-02
3.304391e-02
3.309716e-02
3.315044e-02
3.320378e-02
3.325716e-02
3.331060e-02
3.336410e-02
3.341768e-02
3.347131e-02
3.352501e-02
3.357875e-02
3.363256e-02
3.368642e-02
3.374036e-02
3.379436e-02
3.384844e-02
3.390256e-02
3.395674e-02
3.401097e-02
3.406528e-02
3.411965e-02
3.417411e-02
3.422863e-02
3.428325e-02
3.433794e-02
3.439274e-02
3.444761e-02
3.450255e-02
3.455751e-02
3.461218e-02
3.466648e-02
3.472047e-02
3.477416e-02
3.482764e-02
3.488086e-02
3.493388e-02
3.498672e-02
3.503921e-02
3.509192e-02
3.514462e-02
3.519729e-02
3.524991e-02
3.530252e-02
3.535515e-02
3.540778e-02
3.546044e-02
3.551311e-02
3.556580e-02
3.561851e-02
3.567124e-02
3.572400e-02
3.577680e-02
3.582960e-02
3.588244e-02
3.593528e-02
3.598815e-02
3.604105e-02
3.609396e-02
3.614663e-02
3.619914e-02
3.625156e-02
3.630399e-02
3.635639e-02
3.640862e-02
3.646068e-02
3.651256e-02
3.656426e-02
3.661581e-02
3.666723e-02
3.671855e-02
3.676974e-02
3.682076e-02
3.687165e-02
3.692241e-02
3.697306e-02
3.702361e-02
3.707406e-02
3.712445e-02
3.717469e-02
3.722481e-02
3.727483e-02
3.732477e-02
3.737466e-02
3.742444e-02
3.747413e-02
3.752378e-02
3.757340e-02
3.762296e-02
3.767248e-02
3.772201e-02
3.777155e-02
3.782110e-02
3.787070e-02
3.792040e-02
3.797017e-02
3.801995e-02
3.806955e-02
3.811908e-02
3.816837e-02
3.821755e-02
3.826660e-02
3.831545e-02
3.836416e-02
3.841284e-02
3.846130e-02
3.850968e-02
3.855799e-02
3.860629e-02
3.865443e-02
3.870256e-02
3.875067e-02
3.879877e-02
3.884680e-02
3.889491e-02
3.894295e-02
3.899098e-02
3.903911e-02
3.908713e-02
3.913517e-02
3.918331e-02
3.923146e-02
3.927950e-02
3.932750e-02
3.937557e-02
3.942356e-02
3.947142e-02
3.951923e-02
3.956715e-02
3.961483e-02
3.966247e-02
3.971016e-02
3.975778e-02
3.980527e-02
3.985285e-02
3.990043e-02
3.994786e-02
3.999525e-02
4.004282e-02
4.009021e-02
4.013754e-02
4.018495e-02
4.023233e-02
4.027963e-02
4.032692e-02
4.037417e-02
4.042138e-02
4.046859e-02
4.051575e-02
4.056289e-02
4.061002e-02
4.065714e-02
4.070423e-02
4.075131e-02
4.079844e-02
4.084559e-02
4.089272e-02
4.093988e-02
4.098710e-02
4.103437e-02
4.108165e-02
4.112900e-02
4.117643e-02
4.122397e-02
4.127156e-02
4.131924e-02
4.136706e-02
4.141499e-02
4.146302e-02
4.151120e-02
4.155952e-02
4.160795e-02
4.165653e-02
4.170533e-02
4.175425e-02
4.180322e-02
4.185235e-02
4.190161e-02
4.195090e-02
4.200024e-02
4.204974e-02
4.209932e-02
4.214909e-02
4.219885e-02
4.224870e-02
4.229865e-02
4.234881e-02
4.239907e-02
4.244942e-02
4.249988e-02
4.255051e-02
4.260130e-02
4.265217e-02
4.270313e-02
4.275425e-02
4.280554e-02
4.285708e-02
4.290868e-02
4.296039e-02
4.301226e-02
4.306432e-02
4.311652e-02
4.316893e-02
4.322128e-02
4.327377e-02
4.332630e-02
4.337904e-02
4.343183e-02
4.348477e-02
4.353764e-02
4.359068e-02
4.364379e-02
4.369713e-02
4.375055e-02
4.380419e-02
4.385778e-02
4.391162e-02
4.396555e-02
4.401977e-02
4.407403e-02
4.412858e-02
4.418311e-02
4.423795e-02
4.429289e-02
4.434815e-02
4.440352e-02
4.445916e-02
4.451477e-02
4.457034e-02
4.462587e-02
4.468136e-02
4.473681e-02
4.479221e-02
4.484758e-02
4.490292e-02
4.495823e-02
4.501352e-02
4.506877e-02
4.512399e-02
4.517919e-02
4.523438e-02
4.528956e-02
4.534477e-02
4.539995e-02
4.545515e-02
4.551035e-02
4.556558e-02
4.562085e-02
4.567616e-02
4.573151e-02
4.578691e-02
4.584235e-02
4.589786e-02
4.595346e-02
4.600914e-02
4.606491e-02
4.612077e-02
4.617671e-02
4.623274e-02
4.628887e-02
4.634510e-02
4.640143e-02
4.645788e-02
4.651443e-02
4.657109e-02
4.662786e-02
4.668474e-02
4.674171e-02
4.679877e-02
4.685593e-02
4.691317e-02
4.697050e-02
4.702791e-02
4.708540e-02
4.714296e-02
4.720058e-02
4.725826e-02
4.731599e-02
4.737376e-02
4.743155e-02
4.748936e-02
4.754718e-02
4.760499e-02
4.766279e-02
4.772056e-02
4.777830e-02
4.783599e-02
4.789362e-02
4.795120e-02
4.800870e-02
4.806613e-02
4.812339e-02
4.818049e-02
4.823747e-02
4.829432e-02
4.835108e-02
4.840776e-02
4.846442e-02
4.852103e-02
4.857763e-02
4.863424e-02
4.869086e-02
4.874750e-02
4.880415e-02
4.886084e-02
4.891751e-02
4.897416e-02
4.903076e-02
4.908734e-02
4.914388e-02
4.920038e-02
4.925685e-02
4.931328e-02
4.936966e-02
4.942601e-02
4.948233e-02
4.953862e-02
4.959489e-02
4.965113e-02
4.970737e-02
4.976359e-02
4.981981e-02
4.987602e-02
4.993222e-02
4.998842e-02
5.004460e-02
5.010077e-02
5.015692e-02
5.021307e-02
5.026919e-02
5.032531e-02
5.038141e-02
5.043750e-02
5.049357e-02
5.054964e-02
5.060568e-02
5.066170e-02
5.071771e-02
5.077369e-02
5.082965e-02
5.088560e-02
5.094153e-02
5.099745e-02
5.105336e-02
5.110927e-02
5.116517e-02
5.122107e-02
5.127696e-02
5.133286e-02
5.138876e-02
5.144467e-02
5.150059e-02
5.155652e-02
5.161245e-02
5.166840e-02
5.172436e-02
5.178034e-02
5.183635e-02
5.189238e-02
5.194843e-02
5.200450e-02
5.206059e-02
5.211670e-02
5.217283e-02
5.222899e-02
5.228516e-02
5.234136e-02
5.239758e-02
5.245383e-02
5.251009e-02
5.256639e-02
5.262271e-02
5.267906e-02
5.273543e-02
5.279184e-02
5.284827e-02
5.290473e-02
5.296122e-02
5.301774e-02
5.305109e-02
5.308381e-02
5.311705e-02
5.315046e-02
5.318445e-02
5.321918e-02
5.325439e-02
5.329087e-02
5.332764e-02
5.336626e-02
5.340486e-02
5.344588e-02
5.347937e-02
5.351267e-02
5.354662e-02
5.358121e-02
5.361643e-02
5.365293e-02
5.368991e-02
5.372889e-02
5.376807e-02
5.381014e-02
5.384377e-02
5.387680e-02
5.391057e-02
5.394468e-02
5.397964e-02
5.401577e-02
5.405269e-02
5.409172e-02
5.413130e-02
5.417421e-02
5.420798e-02
5.424093e-02
5.427472e-02
5.430833e-02
5.434297e-02
5.437854e-02
5.441518e-02
5.445395e-02
5.449358e-02
5.453505e-02
5.457536e-02
5.461971e-02
5.465410e-02
5.468753e-02
5.472212e-02
5.475738e-02
5.479390e-02
5.483266e-02
5.487242e-02
5.491550e-02
5.495711e-02
5.499031e-02
5.502452e-02
5.505784e-02
5.509230e-02
5.512607e-02
5.516146e-02
5.519807e-02
5.523636e-02
5.527823e-02
5.531210e-02
5.534634e-02
5.538109e-02
5.541628e-02
5.545220e-02
5.548874e-02
5.552674e-02
5.556630e-02
5.560845e-02
5.565336e-02
5.570011e-02
5.573592e-02
5.577228e-02
5.580925e-02
5.584776e-02
5.588813e-02
5.592988e-02
5.596483e-02
5.600022e-02
5.603608e-02
5.607256e-02
5.610979e-02
5.614868e-02
5.618945e-02
5.623229e-02
5.626750e-02
5.630303e-02
5.633888e-02
5.637519e-02
5.641211e-02
5.645059e-02
5.648507e-02
5.651971e-02
5.655458e-02
5.658985e-02
5.662564e-02
5.666203e-02
5.669911e-02
5.673610e-02
5.677063e-02
5.680544e-02
5.684065e-02
5.687637e-02
5.691246e-02
5.694852e-02
5.698317e-02
5.701774e-02
5.705240e-02
5.708732e-02
5.712265e-02
5.715849e-02
5.719286e-02
5.722743e-02
5.726204e-02
5.729662e-02
5.733137e-02
5.736649e-02
5.740216e-02
5.743823e-02
5.747269e-02
5.750739e-02
5.754217e-02
5.757689e-02
5.761178e-02
5.764700e-02
5.768275e-02
5.771904e-02
5.775350e-02
5.778817e-02
5.782292e-02
5.785764e-02
5.789260e-02
5.792798e-02
5.796234e-02
5.799687e-02
5.803144e-02
5.806627e-02
5.810122e-02
5.813614e-02
5.817127e-02
5.820680e-02
5.824136e-02
5.827606e-02
5.831079e-02
5.834575e-02
5.838080e-02
5.841581e-02
5.845104e-02
5.848668e-02
5.852142e-02
5.855631e-02
5.859124e-02
5.862639e-02
5.866165e-02
5.869683e-02
5.873217e-02
5.876790e-02
5.880416e-02
5.884019e-02
5.887529e-02
5.891059e-02
5.894596e-02
5.898121e-02
5.901659e-02
5.905230e-02
5.908851e-02
5.912497e-02
5.916011e-02
5.919545e-02
5.923083e-02
5.926611e-02
5.930153e-02
5.933728e-02
5.937356e-02
5.941003e-02
5.944520e-02
5.948057e-02
5.951601e-02
5.955138e-02
5.958696e-02
5.962292e-02
5.965801e-02
5.969323e-02
5.972845e-02
5.976364e-02
5.979896e-02
5.983466e-02
5.987089e-02
5.990749e-02
5.994267e-02
5.997809e-02
6.001359e-02
6.004912e-02
6.008491e-02
6.012117e-02
6.015634e-02
6.019169e-02
6.022707e-02
6.026273e-02
6.029853e-02
6.033441e-02
6.037070e-02
6.040741e-02
6.044271e-02
6.047824e-02
6.051386e-02
6.054955e-02
6.058560e-02
6.062218e-02
6.065746e-02
6.069297e-02
6.072856e-02
6.076422e-02
6.080022e-02
6.083675e-02
6.087208e-02
6.090764e-02
6.094327e-02
6.097898e-02
6.101502e-02
6.105156e-02
6.108699e-02
6.112263e-02
6.115836e-02
6.119418e-02
6.123031e-02
6.126687e-02
6.130243e-02
6.133820e-02
6.137403e-02
6.140996e-02
6.144618e-02
6.148267e-02
6.151834e-02
6.155420e-02
6.159012e-02
6.162613e-02
6.166241e-02
6.169885e-02
6.173459e-02
6.177052e-02
6.180651e-02
6.184258e-02
6.187892e-02
6.191526e-02
6.195106e-02
6.198704e-02
6.202307e-02
6.205919e-02
6.209557e-02
6.213184e-02
6.216766e-02
6.220368e-02
6.223975e-02
6.227591e-02
6.231230e-02
6.234851e-02
6.238436e-02
6.242041e-02
6.245652e-02
6.249271e-02
6.252911e-02
6.256530e-02
6.260120e-02
6.263730e-02
6.267280e-02
6.270899e-02
6.274450e-02
6.278069e-02
6.281621e-02
6.285238e-02
6.288861e-02
6.292482e-02
6.296124e-02
6.299747e-02
6.303354e-02
6.306978e-02
6.310610e-02
6.314235e-02
6.317878e-02
6.321505e-02
6.325121e-02
6.328749e-02
6.332385e-02
6.336014e-02
6.339658e-02
6.343287e-02
6.346910e-02
6.350539e-02
6.354180e-02
6.357809e-02
6.361456e-02
6.365085e-02
6.368734e-02
6.372361e-02
6.376007e-02
6.379634e-02
6.383288e-02
6.386914e-02
6.390570e-02
6.394195e-02
6.397841e-02
6.401466e-02
6.405129e-02
6.408753e-02
6.412420e-02
6.416044e-02
6.419690e-02
6.423314e-02
6.426983e-02
6.430609e-02
6.434291e-02
6.437919e-02
6.441567e-02
6.445198e-02
6.448869e-02
6.452504e-02
6.456202e-02
6.459842e-02
6.463494e-02
6.467140e-02
6.470814e-02
6.474468e-02
6.478171e-02
6.481835e-02
6.485488e-02
6.489160e-02
6.492835e-02
6.496512e-02
6.500218e-02
6.503914e-02
6.507568e-02
6.511241e-02
6.514917e-02
6.518596e-02
6.522303e-02
6.526032e-02
6.529687e-02
6.533361e-02
6.537039e-02
6.540719e-02
6.544428e-02
6.548183e-02
6.551840e-02
6.555517e-02
6.559198e-02
6.562882e-02
6.566592e-02
6.570350e-02
6.574013e-02
6.577695e-02
6.581382e-02
6.585071e-02
6.588786e-02
6.592546e-02
6.596219e-02
6.599911e-02
6.603608e-02
6.607309e-02
6.611032e-02
6.614800e-02
6.618606e-02
6.622412e-02
6.626126e-02
6.629869e-02
6.633624e-02
6.637384e-02
6.641175e-02
6.644985e-02
6.648714e-02
6.652463e-02
6.656218e-02
6.659972e-02
6.663743e-02
6.667561e-02
6.671359e-02
6.675179e-02
6.678944e-02
6.682733e-02
6.686531e-02
6.690322e-02
6.694128e-02
6.697952e-02
6.701765e-02
6.705590e-02
6.709378e-02
6.713190e-02
6.717011e-02
6.720821e-02
6.724644e-02
6.728471e-02
6.732294e-02
6.736123e-02
6.739929e-02
6.743757e-02
6.747580e-02
6.751394e-02
6.755193e-02
6.759010e-02
6.762742e-02
6.766581e-02
6.770355e-02
6.774200e-02
6.778052e-02
6.781913e-02
6.785795e-02
6.789662e-02
6.793537e-02
6.797444e-02
6.801392e-02
6.805361e-02
6.809155e-02
6.812968e-02
6.816795e-02
6.820654e-02
6.824537e-02
6.828438e-02
6.832346e-02
6.836286e-02
6.840267e-02
6.844285e-02
6.848303e-02
6.852316e-02
6.856232e-02
6.860170e-02
6.863968e-02
6.867785e-02
6.871617e-02
6.875482e-02
6.879372e-02
6.883284e-02
6.887188e-02
6.891105e-02
6.895004e-02
6.898891e-02
6.902786e-02
6.906649e-02
6.910443e-02
6.914253e-02
6.918071e-02
6.921906e-02
6.925765e-02
6.929593e-02
6.933478e-02
6.937302e-02
6.941185e-02
6.945006e-02
6.948887e-02
6.952708e-02
6.956586e-02
6.960406e-02
6.964185e-02
6.967977e-02
6.971778e-02
6.975595e-02
6.979431e-02
6.983256e-02
6.987130e-02
6.990958e-02
6.994829e-02
6.998662e-02
7.002529e-02
7.006362e-02
7.010229e-02
7.014055e-02
7.017848e-02
7.021661e-02
7.025487e-02
7.029318e-02
7.033167e-02
7.037009e-02
7.040865e-02
7.044722e-02
7.048580e-02
7.052449e-02
7.056309e-02
7.060182e-02
7.064047e-02
7.067921e-02
7.071783e-02
7.075654e-02
7.079501e-02
7.083357e-02
7.087221e-02
7.091097e-02
7.094967e-02
7.098844e-02
7.102721e-02
7.106600e-02
7.110485e-02
7.114366e-02
7.118248e-02
7.122126e-02
7.126000e-02
7.129875e-02
7.133748e-02
7.137619e-02
7.141496e-02
7.145368e-02
7.149259e-02
7.153138e-02
7.157043e-02
7.160934e-02
7.164849e-02
7.168727e-02
7.172506e-02
7.176383e-02
7.180190e-02
7.184135e-02
7.188011e-02
7.192017e-02
7.195981e-02
7.200060e-02
7.204136e-02
7.208270e-02
7.212426e-02
7.216594e-02
7.220781e-02
7.224970e-02
7.229222e-02
7.233441e-02
7.237643e-02
7.241908e-02
7.246252e-02
7.250653e-02
7.255121e-02
7.259604e-02
7.264097e-02
7.268584e-02
7.273046e-02
7.277522e-02
7.282006e-02
7.286498e-02
7.291010e-02
7.295502e-02
7.300016e-02
7.304509e-02
7.309027e-02
7.313520e-02
7.318041e-02
7.322527e-02
7.327051e-02
7.331552e-02
7.336078e-02
7.340583e-02
7.345111e-02
7.349616e-02
7.354147e-02
7.358655e-02
7.363189e-02
7.367701e-02
7.372242e-02
7.376760e-02
7.381302e-02
7.385820e-02
7.390364e-02
7.394884e-02
7.399432e-02
7.403956e-02
7.408509e-02
7.413037e-02
7.417590e-02
7.422117e-02
7.426672e-02
7.431201e-02
7.435760e-02
7.440295e-02
7.444856e-02
7.449393e-02
7.453955e-02
7.458494e-02
7.463061e-02
7.467606e-02
7.472180e-02
7.476732e-02
7.481308e-02
7.485863e-02
7.490445e-02
7.495008e-02
7.499598e-02
7.504171e-02
7.508770e-02
7.513350e-02
7.517956e-02
7.522544e-02
7.527159e-02
7.531758e-02
7.536385e-02
7.540996e-02
7.545633e-02
7.550255e-02
7.554900e-02
7.559531e-02
7.564187e-02
7.568829e-02
7.573496e-02
7.578150e-02
7.582829e-02
7.587496e-02
7.592184e-02
7.596859e-02
7.601556e-02
7.606240e-02
7.610948e-02
7.615643e-02
7.620362e-02
7.625070e-02
7.629798e-02
7.634515e-02
7.639250e-02
7.643975e-02
7.648721e-02
7.653457e-02
7.658216e-02
7.662967e-02
7.667737e-02
7.672499e-02
7.677277e-02
7.682050e-02
7.686842e-02
7.691630e-02
7.696441e-02
7.701250e-02
7.706075e-02
7.710897e-02
7.715735e-02
7.720573e-02
7.725429e-02
7.730287e-02
7.735166e-02
7.740049e-02
7.744943e-02
7.749839e-02
7.754750e-02
7.759665e-02
7.764597e-02
7.769536e-02
7.774493e-02
7.779447e-02
7.784391e-02
7.789341e-02
7.794309e-02
7.799289e-02
7.804309e-02
7.809335e-02
7.814359e-02
7.819364e-02
7.824336e-02
7.829308e-02
7.834270e-02
7.839242e-02
7.844235e-02
7.849241e-02
7.854295e-02
7.859360e-02
7.864380e-02
7.869386e-02
7.874351e-02
7.879321e-02
7.884289e-02
7.889273e-02
7.894286e-02
7.899316e-02
7.904397e-02
7.909443e-02
7.914433e-02
7.919417e-02
7.924371e-02
7.929337e-02
7.934316e-02
7.939312e-02
7.944355e-02
7.949410e-02
7.954434e-02
7.959437e-02
7.964389e-02
7.969345e-02
7.974300e-02
7.979271e-02
7.984277e-02
7.989294e-02
7.994365e-02
7.999397e-02
8.004357e-02
8.009311e-02
8.014241e-02
8.019181e-02
8.024144e-02
8.029118e-02
8.034138e-02
8.039154e-02
8.044160e-02
8.049138e-02
8.054048e-02
8.058956e-02
8.063852e-02
8.068759e-02
8.073695e-02
8.078636e-02
8.083629e-02
8.088613e-02
8.093558e-02
8.098482e-02
8.103344e-02
8.108211e-02
8.113080e-02
8.117964e-02
8.122888e-02
8.127824e-02
8.132811e-02
8.137764e-02
8.142637e-02
8.147512e-02
8.152365e-02
8.157240e-02
8.162149e-02
8.167085e-02
8.172086e-02
8.177073e-02
8.181978e-02
8.186891e-02
8.191772e-02
8.196685e-02
8.201632e-02
8.206620e-02
8.211682e-02
8.216727e-02
8.221690e-02
8.226674e-02
8.231630e-02
8.236632e-02
8.241673e-02
8.246772e-02
8.251915e-02
8.257049e-02
8.262105e-02
8.267199e-02
8.272271e-02
8.277409e-02
8.282592e-02
8.287849e-02
8.293103e-02
8.298367e-02
8.303556e-02
8.308790e-02
8.313999e-02
8.319260e-02
8.324574e-02
8.329924e-02
8.335266e-02
8.340584e-02
8.345812e-02
8.351053e-02
8.356272e-02
8.361527e-02
8.366822e-02
8.372159e-02
8.377513e-02
8.382840e-02
8.388069e-02
8.393313e-02
8.398530e-02
8.403786e-02
8.409080e-02
8.414420e-02
8.419771e-02
8.425099e-02
8.430326e-02
8.435573e-02
8.440797e-02
8.446067e-02
8.451384e-02
8.456752e-02
8.462088e-02
8.467412e-02
8.472642e-02
8.477903e-02
8.483153e-02
8.488457e-02
8.493827e-02
8.499253e-02
8.504574e-02
8.509902e-02
8.515150e-02
8.520444e-02
8.525747e-02
8.531113e-02
8.536568e-02
8.542009e-02
8.547331e-02
8.552680e-02
8.557973e-02
8.563325e-02
8.568715e-02
8.574172e-02
8.579638e-02
8.585101e-02
8.590457e-02
8.595859e-02
8.601231e-02
8.606674e-02
8.612181e-02
8.617759e-02
8.623255e-02
8.628774e-02
8.634206e-02
8.639701e-02
8.645189e-02
8.650754e-02
8.656404e-02
8.662065e-02
8.667635e-02
8.673250e-02
8.678801e-02
8.684427e-02
8.690069e-02
8.695773e-02
8.701520e-02
8.707263e-02
8.712951e-02
8.718688e-02
8.724406e-02
8.730163e-02
8.735882e-02
8.741583e-02
8.747258e-02
8.752925e-02
8.758575e-02
8.764225e-02
8.769853e-02
8.775464e-02
8.781086e-02
8.786672e-02
8.792269e-02
8.797855e-02
8.803426e-02
8.808981e-02
8.814523e-02
8.820051e-02
8.825570e-02
8.831075e-02
8.836576e-02
8.842065e-02
8.847554e-02
8.853034e-02
8.858516e-02
8.863990e-02
8.869466e-02
8.875369e-02
8.881273e-02
8.887179e-02
8.893087e-02
8.899000e-02
8.904914e-02
8.910830e-02
8.916751e-02
8.922675e-02
8.928598e-02
8.934523e-02
8.940448e-02
8.946346e-02
8.952274e-02
8.958124e-02
8.963996e-02
8.969797e-02
8.975614e-02
8.981404e-02
8.987143e-02
8.992828e-02
8.998475e-02
9.004064e-02
9.009628e-02
9.015151e-02
9.020661e-02
9.026143e-02
9.031620e-02
9.037078e-02
9.042536e-02
9.047982e-02
9.053939e-02
9.059899e-02
9.065857e-02
9.071812e-02
9.077772e-02
9.083656e-02
9.089519e-02
9.095309e-02
9.101047e-02
9.106728e-02
9.112366e-02
9.117946e-02
9.123504e-02
9.129028e-02
9.134537e-02
9.140017e-02
9.145495e-02
9.150963e-02
9.156942e-02
9.162390e-02
9.168322e-02
9.174184e-02
9.179924e-02
9.185622e-02
9.191246e-02
9.196849e-02
9.202403e-02
9.207951e-02
9.213464e-02
9.218980e-02
9.224470e-02
9.229971e-02
9.235451e-02
9.240948e-02
9.246428e-02
9.252428e-02
9.258427e-02
9.264427e-02
9.270429e-02
9.276433e-02
9.282436e-02
9.288440e-02
9.294444e-02
9.300450e-02
9.306412e-02
9.312307e-02
9.318111e-02
9.324119e-02
9.330126e-02
9.336135e-02
9.342142e-02
9.348149e-02
9.354158e-02
9.360167e-02
9.366175e-02
9.372184e-02
9.378194e-02
9.384205e-02
9.390214e-02
9.396225e-02
9.402234e-02
9.408248e-02
9.414261e-02
9.420275e-02
9.426289e-02
9.432306e-02
9.438324e-02
9.444342e-02
9.450352e-02
9.456365e-02
9.462367e-02
9.468374e-02
9.473870e-02
9.479376e-02
9.484896e-02
9.490426e-02
9.495969e-02
9.501513e-02
9.507060e-02
9.512626e-02
9.518208e-02
9.523812e-02
9.529431e-02
9.535059e-02
9.540699e-02
9.546344e-02
9.551997e-02
9.557651e-02
9.563309e-02
9.568966e-02
9.574613e-02
9.580252e-02
9.585869e-02
9.591471e-02
9.597039e-02
9.602588e-02
9.608092e-02
9.613571e-02
9.619000e-02
9.624400e-02
9.629736e-02
9.635042e-02
9.640275e-02
9.645478e-02
9.650602e-02
9.655698e-02
9.660710e-02
9.665696e-02
9.670601e-02
9.675484e-02
9.680296e-02
9.685089e-02
9.690361e-02
9.696161e-02
9.702119e-02
9.708077e-02
9.714031e-02
9.719983e-02
9.725931e-02
9.731877e-02
9.737820e-02
9.743762e-02
9.749703e-02
9.755642e-02
9.761580e-02
9.767515e-02
9.773448e-02
9.779380e-02
9.785311e-02
9.791236e-02
9.797219e-02
9.803205e-02
9.809189e-02
9.815174e-02
9.821158e-02
9.827143e-02
9.833127e-02
9.839109e-02
9.845090e-02
9.851069e-02
9.857048e-02
9.863026e-02
9.869005e-02
9.874979e-02
9.880956e-02
9.886929e-02
9.892905e-02
9.898877e-02
9.904852e-02
9.910823e-02
9.916842e-02
9.922865e-02
9.928888e-02
9.934912e-02
9.940938e-02
9.946922e-02
9.952795e-02
9.958818e-02
9.964840e-02
9.970859e-02
9.976803e-02
9.982645e-02
9.988401e-02
9.994063e-02
9.999630e-02
1.000541e-01
1.001131e-01
1.001717e-01
1.002299e-01
1.002871e-01
1.003436e-01
1.003993e-01
1.004540e-01
1.005082e-01
1.005616e-01
1.006171e-01
1.006741e-01
1.007309e-01
1.007875e-01
1.008432e-01
1.008981e-01
1.009521e-01
1.010054e-01
1.010602e-01
1.011161e-01
1.011722e-01
1.012281e-01
1.012834e-01
1.013380e-01
1.013920e-01
1.014452e-01
1.014999e-01
1.015556e-01
1.016115e-01
1.016671e-01
1.017222e-01
1.017766e-01
1.018305e-01
1.018836e-01
1.019385e-01
1.019945e-01
1.020507e-01
1.021068e-01
1.021624e-01
1.022172e-01
1.022716e-01
1.023252e-01
1.023805e-01
1.024368e-01
1.024932e-01
1.025493e-01
1.026048e-01
1.026593e-01
1.027132e-01
1.027661e-01
1.028205e-01
1.028756e-01
1.029303e-01
1.029845e-01
1.030376e-01
1.030895e-01
1.031406e-01
1.031905e-01
1.032398e-01
1.032879e-01
1.033367e-01
1.033856e-01
1.034342e-01
1.034822e-01
1.035295e-01
1.035761e-01
1.036220e-01
1.036672e-01
1.037119e-01
1.037561e-01
1.038047e-01
1.038582e-01
1.039170e-01
1.039743e-01
1.040344e-01
1.040945e-01
1.041545e-01
1.042128e-01
1.042724e-01
1.043297e-01
1.043882e-01
1.044446e-01
1.045020e-01
1.045573e-01
1.046136e-01
1.046678e-01
1.047230e-01
1.047761e-01
1.048301e-01
1.048820e-01
1.049346e-01
1.049854e-01
1.050367e-01
1.050865e-01
1.051367e-01
1.051854e-01
1.052353e-01
1.052832e-01
1.053324e-01
1.053796e-01
1.054280e-01
1.054746e-01
1.055222e-01
1.055682e-01
1.056098e-01
1.056513e-01
1.056928e-01
1.057342e-01
1.057756e-01
1.058170e-01
1.058583e-01
1.058996e-01
1.059408e-01
1.059820e-01
1.060233e-01
1.060644e-01
1.061056e-01
1.061467e-01
1.061878e-01
1.062288e-01
1.062699e-01
1.063108e-01
1.063518e-01
1.063928e-01
1.064337e-01
1.064746e-01
1.065155e-01
1.065563e-01
1.065971e-01
1.066379e-01
1.066787e-01
1.067195e-01
1.067603e-01
1.068010e-01
1.068417e-01
1.068824e-01
1.069232e-01
1.069638e-01
1.070046e-01
1.070452e-01
1.070859e-01
1.071266e-01
1.071673e-01
1.072079e-01
1.072486e-01
1.072893e-01
1.073300e-01
1.073707e-01
1.074114e-01
1.074520e-01
1.074928e-01
1.075335e-01
1.075742e-01
1.076149e-01
1.076557e-01
1.076964e-01
1.077372e-01
1.077780e-01
1.078188e-01
1.078596e-01
1.079005e-01
1.079413e-01
1.079822e-01
1.080230e-01
1.080639e-01
1.081048e-01
1.081458e-01
1.081867e-01
1.082277e-01
1.082686e-01
1.083096e-01
1.083506e-01
1.083917e-01
1.084327e-01
1.084738e-01
1.085148e-01
1.085560e-01
1.085971e-01
1.086382e-01
1.086794e-01
1.087205e-01
1.087617e-01
1.088029e-01
1.088442e-01
1.088854e-01
1.089267e-01
1.089680e-01
1.090092e-01
1.090506e-01
1.090919e-01
1.091333e-01
1.091746e-01
1.092160e-01
1.092574e-01
1.092989e-01
1.093403e-01
1.093818e-01
1.094232e-01
1.094647e-01
1.095062e-01
1.095478e-01
1.095893e-01
1.096309e-01
1.096724e-01
1.097140e-01
1.097556e-01
1.097972e-01
1.098388e-01
1.098804e-01
1.099220e-01
1.099636e-01
1.100053e-01
1.100469e-01
1.100886e-01
1.101302e-01
1.101719e-01
1.102135e-01
1.102553e-01
1.102969e-01
1.103386e-01
1.103802e-01
1.104219e-01
1.104635e-01
1.105053e-01
1.105469e-01
1.105886e-01
1.106302e-01
1.106720e-01
1.107136e-01
1.107553e-01
1.107969e-01
1.108384e-01
1.108801e-01
1.109216e-01
1.109632e-01
1.110047e-01
1.110464e-01
1.110880e-01
1.111297e-01
1.111713e-01
1.112130e-01
1.112547e-01
1.112965e-01
1.113382e-01
1.113801e-01
1.114220e-01
1.114640e-01
1.115060e-01
1.115481e-01
1.115902e-01
1.116325e-01
1.116748e-01
1.117173e-01
1.117598e-01
1.118026e-01
1.118454e-01
1.118884e-01
1.119315e-01
1.119749e-01
1.120185e-01
1.120623e-01
1.121064e-01
1.121508e-01
1.121955e-01
1.122405e-01
1.122859e-01
1.123318e-01
1.123783e-01
1.124249e-01
1.124714e-01
1.125188e-01
1.125601e-01
1.126015e-01
1.126429e-01
1.126846e-01
1.127263e-01
1.127681e-01
1.128101e-01
1.128517e-01
1.128932e-01
1.129348e-01
1.129765e-01
1.130183e-01
1.130603e-01
1.131023e-01
1.131444e-01
1.131862e-01
1.132280e-01
1.132698e-01
1.133117e-01
1.133538e-01
1.133959e-01
1.134380e-01
1.134800e-01
1.135221e-01
1.135643e-01
1.136065e-01
1.136489e-01
1.136911e-01
1.137334e-01
1.137757e-01
1.138181e-01
1.138605e-01
1.139029e-01
1.139453e-01
1.139879e-01
1.140306e-01
1.140736e-01
1.141169e-01
1.141603e-01
1.142038e-01
1.142475e-01
1.142915e-01
1.143359e-01
1.143805e-01
1.144251e-01
1.144698e-01
1.145145e-01
1.145598e-01
1.146057e-01
1.146519e-01
1.146942e-01
1.147361e-01
1.147780e-01
1.148199e-01
1.148620e-01
1.149042e-01
1.149465e-01
1.149890e-01
1.150316e-01
1.150739e-01
1.151159e-01
1.151581e-01
1.152003e-01
1.152427e-01
1.152851e-01
1.153277e-01
1.153703e-01
1.154130e-01
1.154557e-01
1.154981e-01
1.155404e-01
1.155827e-01
1.156251e-01
1.156676e-01
1.157103e-01
1.157530e-01
1.157957e-01
1.158385e-01
1.158812e-01
1.159238e-01
1.159663e-01
1.160088e-01
1.160514e-01
1.160942e-01
1.161369e-01
1.161797e-01
1.162226e-01
1.162658e-01
1.163093e-01
1.163533e-01
1.163975e-01
1.164419e-01
1.164863e-01
1.165306e-01
1.165748e-01
1.166202e-01
1.166665e-01
1.167137e-01
1.167555e-01
1.167974e-01
1.168395e-01
1.168814e-01
1.169231e-01
1.169649e-01
1.170068e-01
1.170489e-01
1.170910e-01
1.171333e-01
1.171757e-01
1.172179e-01
1.172600e-01
1.173023e-01
1.173446e-01
1.173869e-01
1.174293e-01
1.174718e-01
1.175143e-01
1.175569e-01
1.175995e-01
1.176422e-01
1.176850e-01
1.177278e-01
1.177708e-01
1.178143e-01
1.178586e-01
1.179036e-01
1.179490e-01
1.179947e-01
1.180368e-01
1.180786e-01
1.181201e-01
1.181618e-01
1.182036e-01
1.182457e-01
1.182879e-01
1.183303e-01
1.183729e-01
1.184152e-01
1.184574e-01
1.184998e-01
1.185424e-01
1.185850e-01
1.186279e-01
1.186707e-01
1.187135e-01
1.187564e-01
1.187995e-01
1.188426e-01
1.188857e-01
1.189289e-01
1.189722e-01
1.190155e-01
1.190590e-01
1.191033e-01
1.191483e-01
1.191938e-01
1.192398e-01
1.192859e-01
1.193287e-01
1.193711e-01
1.194133e-01
1.194557e-01
1.194981e-01
1.195408e-01
1.195837e-01
1.196267e-01
1.196700e-01
1.197134e-01
1.197569e-01
1.198000e-01
1.198429e-01
1.198860e-01
1.199292e-01
1.199726e-01
1.200161e-01
1.200598e-01
1.201035e-01
1.201471e-01
1.201906e-01
1.202343e-01
1.202781e-01
1.203220e-01
1.203659e-01
1.204099e-01
1.204538e-01
1.204978e-01
1.205419e-01
1.205860e-01
1.206301e-01
1.206751e-01
1.207206e-01
1.207665e-01
1.208127e-01
1.208591e-01
1.209055e-01
1.209527e-01
1.209958e-01
1.210390e-01
1.210823e-01
1.211258e-01
1.211695e-01
1.212130e-01
1.212565e-01
1.213000e-01
1.213437e-01
1.213876e-01
1.214316e-01
1.214758e-01
1.215200e-01
1.215639e-01
1.216076e-01
1.216514e-01
1.216954e-01
1.217395e-01
1.217837e-01
1.218280e-01
1.218724e-01
1.219166e-01
1.219607e-01
1.220050e-01
1.220494e-01
1.220938e-01
1.221383e-01
1.221828e-01
1.222272e-01
1.222718e-01
1.223164e-01
1.223610e-01
1.224057e-01
1.224504e-01
1.224952e-01
1.225407e-01
1.225866e-01
1.226329e-01
1.226794e-01
1.227261e-01
1.227729e-01
1.228204e-01
1.228687e-01
1.229176e-01
1.229616e-01
1.230059e-01
1.230503e-01
1.230944e-01
1.231384e-01
1.231826e-01
1.232268e-01
1.232713e-01
1.233158e-01
1.233605e-01
1.234053e-01
1.234498e-01
1.234941e-01
1.235385e-01
1.235829e-01
1.236276e-01
1.236723e-01
1.237172e-01
1.237621e-01
1.238068e-01
1.238513e-01
1.238960e-01
1.239408e-01
1.239857e-01
1.240307e-01
1.240756e-01
1.241205e-01
1.241655e-01
1.242106e-01
1.242557e-01
1.243009e-01
1.243461e-01
1.243914e-01
1.244367e-01
1.244820e-01
1.245280e-01
1.245745e-01
1.246215e-01
1.246687e-01
1.247161e-01
1.247636e-01
1.248118e-01
1.248608e-01
1.249107e-01
1.249551e-01
1.249998e-01
1.250447e-01
1.250894e-01
1.251339e-01
1.251786e-01
1.252234e-01
1.252684e-01
1.253135e-01
1.253587e-01
1.254040e-01
1.254490e-01
1.254938e-01
1.255386e-01
1.255836e-01
1.256287e-01
1.256740e-01
1.257193e-01
1.257647e-01
1.258100e-01
1.258552e-01
1.259005e-01
1.259459e-01
1.259913e-01
1.260369e-01
1.260823e-01
1.261277e-01
1.261733e-01
1.262189e-01
1.262644e-01
1.263101e-01
1.263558e-01
1.264015e-01
1.264479e-01
1.264948e-01
1.265421e-01
1.265897e-01
1.266374e-01
1.266853e-01
1.267338e-01
1.267831e-01
1.268331e-01
1.268781e-01
1.269232e-01
1.269685e-01
1.270136e-01
1.270585e-01
1.271036e-01
1.271488e-01
1.271942e-01
1.272397e-01
1.272854e-01
1.273311e-01
1.273765e-01
1.274217e-01
1.274671e-01
1.275125e-01
1.275581e-01
1.276038e-01
1.276497e-01
1.276956e-01
1.277414e-01
1.277871e-01
1.278329e-01
1.278788e-01
1.279248e-01
1.279708e-01
1.280168e-01
1.280628e-01
1.281088e-01
1.281550e-01
1.282011e-01
1.282473e-01
1.282935e-01
1.283399e-01
1.283868e-01
1.284343e-01
1.284822e-01
1.285304e-01
1.285788e-01
1.286272e-01
1.286766e-01
1.287268e-01
1.287775e-01
1.288232e-01
1.288690e-01
1.289151e-01
1.289607e-01
1.290062e-01
1.290518e-01
1.290975e-01
1.291434e-01
1.291894e-01
1.292356e-01
1.292819e-01
1.293283e-01
1.293747e-01
1.294208e-01
1.294666e-01
1.295125e-01
1.295585e-01
1.296048e-01
1.296510e-01
1.296972e-01
1.297433e-01
1.297893e-01
1.298352e-01
1.298811e-01
1.299271e-01
1.299730e-01
1.300189e-01
1.300647e-01
1.301104e-01
1.301560e-01
1.302016e-01
1.302472e-01
1.302928e-01
1.303383e-01
1.303838e-01
1.304293e-01
1.304747e-01
1.305201e-01
1.305655e-01
1.306109e-01
1.306564e-01
1.307018e-01
1.307473e-01
1.307927e-01
1.308381e-01
1.308834e-01
1.309288e-01
1.309742e-01
1.310198e-01
1.310653e-01
1.311108e-01
1.311563e-01
1.312017e-01
1.312472e-01
1.312926e-01
1.313381e-01
1.313837e-01
1.314293e-01
1.314749e-01
1.315204e-01
1.315659e-01
1.316114e-01
1.316569e-01
1.317024e-01
1.317480e-01
1.317936e-01
1.318392e-01
1.318847e-01
1.319301e-01
1.319755e-01
1.320209e-01
1.320663e-01
1.321118e-01
1.321572e-01
1.322025e-01
1.322524e-01
1.322976e-01
1.323474e-01
1.323925e-01
1.324376e-01
1.324827e-01
1.325324e-01
1.325774e-01
1.326269e-01
1.326718e-01
1.327212e-01
1.327755e-01
1.328306e-01
1.328755e-01
1.329249e-01
1.329697e-01
1.330190e-01
1.330732e-01
1.331265e-01
1.331785e-01
1.332336e-01
1.332785e-01
1.333279e-01
1.333727e-01
1.334220e-01
1.334668e-01
1.335161e-01
1.335678e-01
1.336188e-01
1.336691e-01
1.337212e-01
1.337664e-01
1.338115e-01
1.338567e-01
1.339064e-01
1.339514e-01
1.340010e-01
1.340460e-01
1.340955e-01
1.341456e-01
1.341907e-01
1.342359e-01
1.342855e-01
1.343307e-01
1.343804e-01
1.344255e-01
1.344750e-01
1.345200e-01
1.345651e-01
1.346103e-01
1.346600e-01
1.347051e-01
1.347547e-01
1.347998e-01
1.348494e-01
1.349005e-01
1.349538e-01
1.349990e-01
1.350487e-01
1.350938e-01
1.351434e-01
1.351885e-01
1.352380e-01
1.352889e-01
1.353410e-01
1.353862e-01
1.354359e-01
1.354811e-01
1.355308e-01
1.355760e-01
1.356256e-01
1.356768e-01
1.357295e-01
1.357749e-01
1.358247e-01
1.358700e-01
1.359198e-01
1.359651e-01
1.360148e-01
1.360665e-01
1.361181e-01
1.361635e-01
1.362135e-01
1.362589e-01
1.363088e-01
1.363542e-01
1.364041e-01
1.364562e-01
1.365074e-01
1.365529e-01
1.366031e-01
1.366486e-01
1.366987e-01
1.367442e-01
1.367943e-01
1.368398e-01
1.368854e-01
1.369310e-01
1.369813e-01
1.370270e-01
1.370772e-01
1.371229e-01
1.371731e-01
1.372187e-01
1.372644e-01
1.373102e-01
1.373606e-01
1.374064e-01
1.374568e-01
1.375026e-01
1.375529e-01
1.375987e-01
1.376445e-01
1.376905e-01
1.377364e-01
1.377823e-01
1.378329e-01
1.378788e-01
1.379293e-01
1.379751e-01
1.380211e-01
1.380672e-01
1.381133e-01
1.381593e-01
1.382054e-01
1.382514e-01
1.382974e-01
1.383434e-01
1.383895e-01
1.384357e-01
1.384819e-01
1.385281e-01
1.385743e-01
1.386204e-01
1.386665e-01
1.387127e-01
1.387589e-01
1.388052e-01
1.388515e-01
1.388978e-01
1.389440e-01
1.389903e-01
1.390365e-01
1.390827e-01
1.391291e-01
1.391755e-01
1.392218e-01
1.392682e-01
1.393146e-01
1.393609e-01
1.394072e-01
1.394536e-01
1.395000e-01
1.395464e-01
1.395929e-01
1.396393e-01
1.396857e-01
1.397321e-01
1.397785e-01
1.398249e-01
1.398714e-01
1.399178e-01
1.399643e-01
1.400108e-01
1.400572e-01
1.401037e-01
1.401501e-01
1.401965e-01
1.402429e-01
1.402893e-01
1.403358e-01
1.403822e-01
1.404286e-01
1.404745e-01
1.405208e-01
1.405671e-01
1.406135e-01
1.406595e-01
1.407044e-01
1.407500e-01
1.407952e-01
1.408419e-01
1.408887e-01
1.409354e-01
1.409821e-01
1.410288e-01
1.410757e-01
1.411229e-01
1.411701e-01
1.412174e-01
1.412648e-01
1.413122e-01
1.413598e-01
1.414078e-01
1.414561e-01
1.415045e-01
1.415529e-01
1.416013e-01
1.416505e-01
1.417003e-01
1.417504e-01
1.418007e-01
1.418519e-01
1.418974e-01
1.419431e-01
1.419888e-01
1.420347e-01
1.420808e-01
1.421270e-01
1.421734e-01
1.422195e-01
1.422654e-01
1.423114e-01
1.423575e-01
1.424034e-01
1.424497e-01
1.424961e-01
1.425425e-01
1.425887e-01
1.426347e-01
1.426808e-01
1.427270e-01
1.427733e-01
1.428196e-01
1.428659e-01
1.429122e-01
1.429585e-01
1.430050e-01
1.430514e-01
1.430978e-01
1.431443e-01
1.431908e-01
1.432373e-01
1.432839e-01
1.433310e-01
1.433786e-01
1.434265e-01
1.434747e-01
1.435230e-01
1.435714e-01
1.436204e-01
1.436701e-01
1.437204e-01
1.437661e-01
1.438119e-01
1.438580e-01
1.439036e-01
1.439491e-01
1.439947e-01
1.440404e-01
1.440863e-01
1.441324e-01
1.441786e-01
1.442249e-01
1.442714e-01
1.443179e-01
1.443640e-01
1.444098e-01
1.444558e-01
1.445019e-01
1.445482e-01
1.445945e-01
1.446410e-01
1.446876e-01
1.447343e-01
1.447809e-01
1.448274e-01
1.448737e-01
1.449202e-01
1.449668e-01
1.450135e-01
1.450603e-01
1.451077e-01
1.451555e-01
1.452039e-01
1.452525e-01
1.453014e-01
1.453503e-01
1.453997e-01
1.454500e-01
1.454997e-01
1.455454e-01
1.455912e-01
1.456372e-01
1.456830e-01
1.457286e-01
1.457744e-01
1.458203e-01
1.458663e-01
1.459125e-01
1.459588e-01
1.460052e-01
1.460513e-01
1.460972e-01
1.461432e-01
1.461893e-01
1.462355e-01
1.462819e-01
1.463284e-01
1.463749e-01
1.464213e-01
1.464675e-01
1.465138e-01
1.465602e-01
1.466068e-01
1.466534e-01
1.467000e-01
1.467466e-01
1.467932e-01
1.468400e-01
1.468867e-01
1.469335e-01
1.469803e-01
1.470273e-01
1.470746e-01
1.471223e-01
1.471705e-01
1.472190e-01
1.472676e-01
1.473164e-01
1.473660e-01
1.474161e-01
1.474667e-01
1.475127e-01
1.475584e-01
1.476039e-01
1.476496e-01
1.476953e-01
1.477413e-01
1.477873e-01
1.478332e-01
1.478790e-01
1.479250e-01
1.479710e-01
1.480172e-01
1.480635e-01
1.481100e-01
1.481564e-01
1.482027e-01
1.482488e-01
1.482950e-01
1.483412e-01
1.483876e-01
1.484341e-01
1.484804e-01
1.485266e-01
1.485728e-01
1.486192e-01
1.486656e-01
1.487121e-01
1.487585e-01
1.488048e-01
1.488512e-01
1.488977e-01
1.489441e-01
1.489904e-01
1.490368e-01
1.490833e-01
1.491297e-01
1.491761e-01
1.492226e-01
1.492691e-01
1.493156e-01
1.493621e-01
1.494086e-01
1.494540e-01
1.494999e-01
1.495465e-01
1.495919e-01
1.496367e-01
1.496809e-01
1.497269e-01
1.497726e-01
1.498201e-01
1.498678e-01
1.499153e-01
1.499629e-01
1.500093e-01
1.500552e-01
1.501008e-01
1.501465e-01
1.501923e-01
1.502362e-01
1.502803e-01
1.503236e-01
1.503687e-01
1.504130e-01
1.504590e-01
1.505045e-01
1.505499e-01
1.505953e-01
1.506408e-01
1.506865e-01
1.507322e-01
1.507782e-01
1.508242e-01
1.508703e-01
1.509164e-01
1.509620e-01
1.510071e-01
1.510524e-01
1.510978e-01
1.511433e-01
1.511890e-01
1.512348e-01
1.512806e-01
1.513265e-01
1.513724e-01
1.514181e-01
1.514637e-01
1.515094e-01
1.515551e-01
1.516010e-01
1.516468e-01
1.516927e-01
1.517385e-01
1.517850e-01
1.518320e-01
1.518798e-01
1.519279e-01
1.519764e-01
1.520210e-01
1.520653e-01
1.521093e-01
1.521534e-01
1.521975e-01
1.522419e-01
1.522864e-01
1.523311e-01
1.523759e-01
1.524209e-01
1.524659e-01
1.525105e-01
1.525550e-01
1.525996e-01
1.526443e-01
1.526892e-01
1.527342e-01
1.527792e-01
1.528242e-01
1.528693e-01
1.529145e-01
1.529599e-01
1.530053e-01
1.530509e-01
1.530966e-01
1.531437e-01
1.531870e-01
1.532304e-01
1.532739e-01
1.533175e-01
1.533614e-01
1.534054e-01
1.534496e-01
1.534936e-01
1.535374e-01
1.535814e-01
1.536256e-01
1.536700e-01
1.537145e-01
1.537591e-01
1.538038e-01
1.538486e-01
1.538936e-01
1.539388e-01
1.539841e-01
1.540296e-01
1.540753e-01
1.541220e-01
1.541648e-01
1.542077e-01
1.542507e-01
1.542940e-01
1.543374e-01
1.543811e-01
1.544250e-01
1.544689e-01
1.545128e-01
1.545569e-01
1.546012e-01
1.546455e-01
1.546901e-01
1.547347e-01
1.547796e-01
1.548246e-01
1.548698e-01
1.549153e-01
1.549589e-01
1.550018e-01
1.550445e-01
1.550873e-01
1.551302e-01
1.551734e-01
1.552167e-01
1.552604e-01
1.553042e-01
1.553481e-01
1.553920e-01
1.554361e-01
1.554804e-01
1.555249e-01
1.555696e-01
1.556145e-01
1.556597e-01
1.557050e-01
1.557485e-01
1.557920e-01
1.558356e-01
1.558786e-01
1.559214e-01
1.559644e-01
1.560076e-01
1.560510e-01
1.560948e-01
1.561388e-01
1.561830e-01
1.562273e-01
1.562716e-01
1.563162e-01
1.563610e-01
1.564060e-01
1.564514e-01
1.564969e-01
1.565405e-01
1.565841e-01
1.566277e-01
1.566708e-01
1.567137e-01
1.567569e-01
1.568002e-01
1.568438e-01
1.568878e-01
1.569321e-01
1.569765e-01
1.570211e-01
1.570658e-01
1.571107e-01
1.571558e-01
1.572013e-01
1.572470e-01
1.572930e-01
1.573367e-01
1.573799e-01
1.574227e-01
1.574658e-01
1.575090e-01
1.575526e-01
1.575964e-01
1.576406e-01
1.576850e-01
1.577294e-01
1.577740e-01
1.578188e-01
1.578639e-01
1.579091e-01
1.579547e-01
1.580005e-01
1.580443e-01
1.580883e-01
1.581322e-01
1.581756e-01
1.582188e-01
1.582623e-01
1.583059e-01
1.583498e-01
1.583940e-01
1.584385e-01
1.584832e-01
1.585279e-01
1.585727e-01
1.586178e-01
1.586631e-01
1.587085e-01
1.587543e-01
1.588003e-01
1.588443e-01
1.588884e-01
1.589325e-01
1.589761e-01
1.590195e-01
1.590631e-01
1.591068e-01
1.591509e-01
1.591952e-01
1.592398e-01
1.592847e-01
1.593295e-01
1.593745e-01
1.594196e-01
1.594650e-01
1.595106e-01
1.595564e-01
1.596025e-01
1.596466e-01
1.596909e-01
1.597351e-01
1.597788e-01
1.598223e-01
1.598660e-01
1.599099e-01
1.599540e-01
1.599985e-01
1.600432e-01
1.600880e-01
1.601329e-01
1.601779e-01
1.602231e-01
1.602685e-01
1.603141e-01
1.603599e-01
1.604060e-01
1.604524e-01
1.604990e-01
1.605432e-01
1.605870e-01
1.606306e-01
1.606744e-01
1.607183e-01
1.607625e-01
1.608070e-01
1.608517e-01
1.608967e-01
1.609416e-01
1.609867e-01
1.610319e-01
1.610774e-01
1.611231e-01
1.611690e-01
1.612152e-01
1.612595e-01
1.613038e-01
1.613481e-01
1.613919e-01
1.614355e-01
1.614794e-01
1.615233e-01
1.615677e-01
1.616122e-01
1.616570e-01
1.617021e-01
1.617471e-01
1.617923e-01
1.618377e-01
1.618833e-01
1.619291e-01
1.619752e-01
1.620215e-01
1.620658e-01
1.621102e-01
1.621546e-01
1.621984e-01
1.622421e-01
1.622860e-01
1.623300e-01
1.623744e-01
1.624190e-01
1.624639e-01
1.625091e-01
1.625543e-01
1.625996e-01
1.626451e-01
1.626908e-01
1.627368e-01
1.627831e-01
1.628296e-01
1.628740e-01
1.629184e-01
1.629628e-01
1.630068e-01
1.630505e-01
1.630944e-01
1.631385e-01
1.631830e-01
1.632277e-01
1.632727e-01
1.633180e-01
1.633633e-01
1.634087e-01
1.634542e-01
1.635001e-01
1.635461e-01
1.635925e-01
1.636390e-01
1.636834e-01
1.637280e-01
1.637725e-01
1.638165e-01
1.638603e-01
1.639042e-01
1.639484e-01
1.639929e-01
1.640376e-01
1.640827e-01
1.641279e-01
1.641732e-01
1.642186e-01
1.642641e-01
1.643099e-01
1.643559e-01
1.644021e-01
1.644485e-01
1.644953e-01
1.645422e-01
1.645868e-01
1.646309e-01
1.646748e-01
1.647188e-01
1.647630e-01
1.648076e-01
1.648523e-01
1.648973e-01
1.649426e-01
1.649878e-01
1.650331e-01
1.650786e-01
1.651243e-01
1.651702e-01
1.652162e-01
1.652624e-01
1.653089e-01
1.653555e-01
1.654002e-01
1.654443e-01
1.654882e-01
1.655321e-01
1.655761e-01
1.656205e-01
1.656650e-01
1.657098e-01
1.657549e-01
1.657999e-01
1.658449e-01
1.658901e-01
1.659356e-01
1.659811e-01
1.660268e-01
1.660726e-01
1.661186e-01
1.661647e-01
1.662110e-01
1.662574e-01
1.663039e-01
1.663506e-01
1.663975e-01
1.664457e-01
1.664899e-01
1.665342e-01
1.665786e-01
1.666233e-01
1.666682e-01
1.667130e-01
1.667577e-01
1.668027e-01
1.668479e-01
1.668933e-01
1.669389e-01
1.669845e-01
1.670302e-01
1.670760e-01
1.671219e-01
1.671680e-01
1.672142e-01
1.672606e-01
1.673071e-01
1.673537e-01
1.674005e-01
1.674482e-01
1.674923e-01
1.675366e-01
1.675809e-01
1.676255e-01
1.676703e-01
1.677150e-01
1.677597e-01
1.678046e-01
1.678498e-01
1.678952e-01
1.679409e-01
1.679865e-01
1.680323e-01
1.680782e-01
1.681243e-01
1.681704e-01
1.682168e-01
1.682633e-01
1.683100e-01
1.683568e-01
1.684038e-01
1.684517e-01
1.684959e-01
1.685401e-01
1.685845e-01
1.686291e-01
1.686740e-01
1.687188e-01
1.687637e-01
1.688089e-01
1.688543e-01
1.688999e-01
1.689457e-01
1.689915e-01
1.690374e-01
1.690834e-01
1.691296e-01
1.691759e-01
1.692224e-01
1.692691e-01
1.693159e-01
1.693629e-01
1.694102e-01
1.694590e-01
1.695034e-01
1.695479e-01
1.695926e-01
1.696375e-01
1.696827e-01
1.697278e-01
1.697730e-01
1.698185e-01
1.698642e-01
1.699099e-01
1.699559e-01
1.700020e-01
1.700483e-01
1.700947e-01
1.701413e-01
1.701880e-01
1.702350e-01
1.702821e-01
1.703273e-01
1.703719e-01
1.704162e-01
1.704605e-01
1.705050e-01
1.705497e-01
1.705946e-01
1.706399e-01
1.706853e-01
1.707307e-01
1.707761e-01
1.708217e-01
1.708676e-01
1.709136e-01
1.709598e-01
1.710061e-01
1.710526e-01
1.710993e-01
1.711462e-01
1.711933e-01
1.712384e-01
1.712831e-01
1.713275e-01
1.713720e-01
1.714167e-01
1.714616e-01
1.715067e-01
1.715520e-01
1.715976e-01
1.716430e-01
1.716885e-01
1.717341e-01
1.717800e-01
1.718260e-01
1.718723e-01
1.719186e-01
1.719653e-01
1.720121e-01
1.720592e-01
1.721064e-01
1.721515e-01
1.721961e-01
1.722405e-01
1.722850e-01
1.723297e-01
1.723747e-01
1.724198e-01
1.724653e-01
1.725109e-01
1.725565e-01
1.726021e-01
1.726479e-01
1.726939e-01
1.727401e-01
1.727865e-01
1.728332e-01
1.728801e-01
1.729272e-01
1.729722e-01
1.730174e-01
1.730625e-01
1.731071e-01
1.731515e-01
1.731961e-01
1.732408e-01
1.732859e-01
1.733312e-01
1.733768e-01
1.734226e-01
1.734684e-01
1.735143e-01
1.735604e-01
1.736067e-01
1.736532e-01
1.737000e-01
1.737470e-01
1.737943e-01
1.738418e-01
1.738869e-01
1.739316e-01
1.739760e-01
1.740207e-01
1.740655e-01
1.741106e-01
1.741559e-01
1.742015e-01
1.742474e-01
1.742932e-01
1.743391e-01
1.743852e-01
1.744316e-01
1.744781e-01
1.745249e-01
1.745719e-01
1.746193e-01
1.746668e-01
1.747120e-01
1.747567e-01
1.748012e-01
1.748459e-01
1.748907e-01
1.749359e-01
1.749813e-01
1.750269e-01
1.750728e-01
1.751187e-01
1.751647e-01
1.752109e-01
1.752573e-01
1.753039e-01
1.753508e-01
1.753979e-01
1.754430e-01
1.754882e-01
1.755334e-01
1.755782e-01
1.756227e-01
1.756675e-01
1.757124e-01
1.757576e-01
1.758031e-01
1.758488e-01
1.758948e-01
1.759408e-01
1.759869e-01
1.760331e-01
1.760797e-01
1.761264e-01
1.761735e-01
1.762208e-01
1.762659e-01
1.763112e-01
1.763564e-01
1.764012e-01
1.764457e-01
1.764905e-01
1.765355e-01
1.765808e-01
1.766264e-01
1.766721e-01
1.767180e-01
1.767643e-01
1.768108e-01
1.768575e-01
1.769044e-01
1.769516e-01
1.769968e-01
1.770420e-01
1.770873e-01
1.771322e-01
1.771768e-01
1.772216e-01
1.772666e-01
1.773120e-01
1.773576e-01
1.774034e-01
1.774494e-01
1.774956e-01
1.775422e-01
1.775889e-01
1.776359e-01
1.776832e-01
1.777308e-01
1.777761e-01
1.778244e-01
1.778693e-01
1.779141e-01
1.779591e-01
1.780043e-01
1.780498e-01
1.780957e-01
1.781416e-01
1.781878e-01
1.782343e-01
1.782811e-01
1.783281e-01
1.783755e-01
1.784231e-01
1.784693e-01
1.785157e-01
1.785621e-01
1.786079e-01
1.786537e-01
1.786998e-01
1.787461e-01
1.787930e-01
1.788401e-01
1.788878e-01
1.789357e-01
1.789837e-01
1.790320e-01
1.790807e-01
1.791299e-01
1.791794e-01
1.792294e-01
1.792798e-01
1.793310e-01
1.793827e-01
1.794324e-01
1.794851e-01
1.795322e-01
1.795794e-01
1.796267e-01
1.796738e-01
1.797210e-01
1.797678e-01
1.798149e-01
1.798622e-01
1.799097e-01
1.799566e-01
1.800037e-01
1.800511e-01
1.800988e-01
1.801466e-01
1.801947e-01
1.802431e-01
1.802916e-01
1.803405e-01
1.803894e-01
1.804385e-01
1.804879e-01
1.805378e-01
1.805880e-01
1.806383e-01
1.806885e-01
1.807389e-01
1.807894e-01
1.808402e-01
1.808913e-01
1.809427e-01
1.809944e-01
1.810464e-01
1.810989e-01
1.811517e-01
1.812014e-01
1.812510e-01
1.813007e-01
1.813505e-01
1.814003e-01
1.814502e-01
1.815001e-01
1.815501e-01
1.816003e-01
1.816507e-01
1.817012e-01
1.817520e-01
1.818030e-01
1.818525e-01
1.819040e-01
1.819535e-01
1.820051e-01
1.820547e-01
1.821042e-01
1.821537e-01
1.822032e-01
1.822527e-01
1.823022e-01
1.823518e-01
1.824015e-01
1.824512e-01
1.825013e-01
1.825513e-01
1.826017e-01
1.826521e-01
1.827030e-01
1.827538e-01
1.828052e-01
1.828569e-01
1.829089e-01
1.829586e-01
1.830081e-01
1.830576e-01
1.831071e-01
1.831566e-01
1.832060e-01
1.832555e-01
1.833051e-01
1.833549e-01
1.834048e-01
1.834545e-01
1.835049e-01
1.835545e-01
1.836052e-01
1.836549e-01
1.837055e-01
1.837551e-01
1.838056e-01
1.838573e-01
1.839093e-01
1.839616e-01
1.840114e-01
1.840612e-01
1.841110e-01
1.841607e-01
1.842104e-01
1.842600e-01
1.843097e-01
1.843595e-01
1.844094e-01
1.844594e-01
1.845096e-01
1.845600e-01
1.846105e-01
1.846611e-01
1.847120e-01
1.847630e-01
1.848142e-01
1.848656e-01
1.849172e-01
1.849690e-01
1.850212e-01
1.850737e-01
1.851238e-01
1.851739e-01
1.852239e-01
1.852739e-01
1.853239e-01
1.853739e-01
1.854239e-01
1.854740e-01
1.855242e-01
1.855746e-01
1.856252e-01
1.856760e-01
1.857270e-01
1.857781e-01
1.858295e-01
1.858810e-01
1.859328e-01
1.859848e-01
1.860367e-01
1.860885e-01
1.861401e-01
1.861921e-01
1.862427e-01
1.862932e-01
1.863437e-01
1.863942e-01
1.864447e-01
1.864952e-01
1.865458e-01
1.865965e-01
1.866473e-01
1.866984e-01
1.867496e-01
1.868010e-01
1.868525e-01
1.869043e-01
1.869562e-01
1.870084e-01
1.870607e-01
1.871133e-01
1.871661e-01
1.872192e-01
1.872722e-01
1.873254e-01
1.873765e-01
1.874275e-01
1.874785e-01
1.875295e-01
1.875805e-01
1.876315e-01
1.876825e-01
1.877336e-01
1.877848e-01
1.878362e-01
1.878878e-01
1.879396e-01
1.879915e-01
1.880436e-01
1.880959e-01
1.881483e-01
1.882010e-01
1.882538e-01
1.883069e-01
1.883602e-01
1.884138e-01
1.884676e-01
1.885190e-01
1.885704e-01
1.886217e-01
1.886730e-01
1.887243e-01
1.887756e-01
1.888268e-01
1.888781e-01
1.889295e-01
1.889810e-01
1.890327e-01
1.890845e-01
1.891365e-01
1.891887e-01
1.892410e-01
1.892935e-01
1.893462e-01
1.893990e-01
1.894521e-01
1.895053e-01
1.895588e-01
1.896125e-01
1.896665e-01
1.897209e-01
1.897724e-01
1.898239e-01
1.898754e-01
1.899269e-01
1.899783e-01
1.900298e-01
1.900812e-01
1.901327e-01
1.901844e-01
1.902362e-01
1.902882e-01
1.903403e-01
1.903926e-01
1.904451e-01
1.904978e-01
1.905506e-01
1.906037e-01
1.906569e-01
1.907104e-01
1.907639e-01
1.908175e-01
1.908710e-01
1.909227e-01
1.909744e-01
1.910261e-01
1.910778e-01
1.911294e-01
1.911810e-01
1.912326e-01
1.912843e-01
1.913360e-01
1.913878e-01
1.914398e-01
1.914920e-01
1.915443e-01
1.915968e-01
1.916495e-01
1.917024e-01
1.917556e-01
1.918089e-01
1.918624e-01
1.919161e-01
1.919702e-01
1.920245e-01
1.920763e-01
1.921281e-01
1.921799e-01
1.922317e-01
1.922834e-01
1.923351e-01
1.923868e-01
1.924386e-01
1.924904e-01
1.925423e-01
1.925945e-01
1.926468e-01
1.926993e-01
1.927519e-01
1.928048e-01
1.928579e-01
1.929113e-01
1.929648e-01
1.930186e-01
1.930727e-01
1.931269e-01
1.931810e-01
1.932327e-01
1.932845e-01
1.933363e-01
1.933880e-01
1.934397e-01
1.934915e-01
1.935432e-01
1.935950e-01
1.936470e-01
1.936991e-01
1.937515e-01
1.938040e-01
1.938567e-01
1.939097e-01
1.939628e-01
1.940162e-01
1.940698e-01
1.941236e-01
1.941778e-01
1.942322e-01
1.942839e-01
1.943356e-01
1.943873e-01
1.944390e-01
1.944906e-01
1.945423e-01
1.945939e-01
1.946456e-01
1.946974e-01
1.947493e-01
1.948014e-01
1.948536e-01
1.949061e-01
1.949588e-01
1.950117e-01
1.950648e-01
1.951181e-01
1.951716e-01
1.952255e-01
1.952796e-01
1.953340e-01
1.953856e-01
1.954371e-01
1.954887e-01
1.955402e-01
1.955917e-01
1.956432e-01
1.956948e-01
1.957464e-01
1.957981e-01
1.958500e-01
1.959021e-01
1.959543e-01
1.960069e-01
1.960596e-01
1.961125e-01
1.961658e-01
1.962192e-01
1.962729e-01
1.963264e-01
1.963778e-01
1.964293e-01
1.964807e-01
1.965322e-01
1.965836e-01
1.966350e-01
1.966865e-01
1.967380e-01
1.967895e-01
1.968412e-01
1.968932e-01
1.969453e-01
1.969976e-01
1.970501e-01
1.971029e-01
1.971559e-01
1.972091e-01
1.972626e-01
1.973164e-01
1.973700e-01
1.974214e-01
1.974729e-01
1.975243e-01
1.975758e-01
1.976272e-01
1.976787e-01
1.977301e-01
1.977817e-01
1.978333e-01
1.978850e-01
1.979370e-01
1.979891e-01
1.980415e-01
1.980941e-01
1.981469e-01
1.982000e-01
1.982532e-01
1.983068e-01
1.983606e-01
1.984147e-01
1.984662e-01
1.985178e-01
1.985693e-01
1.986208e-01
1.986723e-01
1.987239e-01
1.987754e-01
1.988270e-01
1.988786e-01
1.989303e-01
1.989823e-01
1.990344e-01
1.990867e-01
1.991392e-01
1.991920e-01
1.992450e-01
1.992982e-01
1.993516e-01
1.994053e-01
1.994591e-01
1.995134e-01
1.995650e-01
1.996166e-01
1.996681e-01
1.997197e-01
1.997713e-01
1.998228e-01
1.998744e-01
1.999260e-01
1.999776e-01
2.000295e-01
2.000815e-01
2.001337e-01
