# 1  : Date
# 2  : Temps elapsed min (mus)
# 3  : Rang temps elapsed min
# 4  : Noeud temps elapsed min
# 5  : Temps elapsed max (mus)
# 6  : Rang temps elapsed max
# 7  : Noeud temps elapsed max
# 8  : Grind time (mus/maille/cycle)
# 9  : Grind time équivalent séquentiel (#8 X nb_de_coeurs)
#     1     2     3     4      5      6      7       8      9
#   ATTENTION  les temps cpu schémas sont données dans l'ordre alphabétique des schémas WARNING
#  10: TELAPS Hydro (mus)
9.219946e-04   4.448e+04 0 inti1216   4.463e+04 3 inti1216   3.142e-01 5.027e+00  3.536e+04
2.820761e-03   5.062e+04 0 inti1216   5.080e+04 3 inti1216   3.380e-01 5.408e+00  4.062e+04
4.836758e-03   5.152e+04 0 inti1216   5.168e+04 1 inti1216   3.261e-01 5.217e+00  4.129e+04
6.206878e-03   5.300e+04 0 inti1216   5.316e+04 2 inti1216   3.209e-01 5.135e+00  4.239e+04
7.328740e-03   5.545e+04 0 inti1216   5.551e+04 2 inti1216   3.247e-01 5.195e+00  4.399e+04
8.500346e-03   5.309e+04 0 inti1216   5.317e+04 3 inti1216   3.016e-01 4.826e+00  4.252e+04
9.998169e-03   5.496e+04 0 inti1216   5.501e+04 3 inti1216   3.002e-01 4.804e+00  4.387e+04
1.185787e-02   5.621e+04 0 inti1216   5.628e+04 2 inti1216   2.944e-01 4.711e+00  4.524e+04
1.392331e-02   5.968e+04 0 inti1216   5.987e+04 3 inti1216   2.983e-01 4.773e+00  4.820e+04
1.624453e-02   6.009e+04 0 inti1216   6.025e+04 3 inti1216   2.864e-01 4.582e+00  4.849e+04
1.881655e-02   6.277e+04 0 inti1216   6.283e+04 1 inti1216   2.834e-01 4.534e+00  5.089e+04
2.153083e-02   6.492e+04 0 inti1216   6.502e+04 3 inti1216   2.800e-01 4.480e+00  5.282e+04
2.445689e-02   6.965e+04 0 inti1216   6.972e+04 1 inti1216   2.852e-01 4.563e+00  5.671e+04
2.745749e-02   6.777e+04 0 inti1216   6.784e+04 1 inti1216   2.638e-01 4.221e+00  5.524e+04
3.054647e-02   7.068e+04 0 inti1216   7.076e+04 1 inti1216   2.601e-01 4.161e+00  5.798e+04
3.357875e-02   7.222e+04 0 inti1216   7.230e+04 1 inti1216   2.525e-01 4.040e+00  5.910e+04
3.666723e-02   7.432e+04 0 inti1216   7.440e+04 1 inti1216   2.460e-01 3.935e+00  6.094e+04
3.951923e-02   7.730e+04 0 inti1216   7.740e+04 1 inti1216   2.445e-01 3.912e+00  6.369e+04
4.229865e-02   8.077e+04 0 inti1216   8.084e+04 1 inti1216   2.432e-01 3.890e+00  6.689e+04
4.539995e-02   8.208e+04 2 inti1216   8.220e+04 1 inti1216   2.351e-01 3.762e+00  6.802e+04
4.869086e-02   8.551e+04 2 inti1216   8.563e+04 1 inti1216   2.319e-01 3.710e+00  7.096e+04
5.194843e-02   8.793e+04 2 inti1216   8.806e+04 1 inti1216   2.271e-01 3.634e+00  7.319e+04
5.441518e-02   9.121e+04 2 inti1216   9.135e+04 1 inti1216   2.268e-01 3.628e+00  7.624e+04
5.658985e-02   9.372e+04 2 inti1216   9.384e+04 1 inti1216   2.259e-01 3.615e+00  7.848e+04
5.862639e-02   9.676e+04 2 inti1216   9.687e+04 1 inti1216   2.265e-01 3.623e+00  8.132e+04
6.069297e-02   9.811e+04 2 inti1216   9.821e+04 1 inti1216   2.232e-01 3.571e+00  8.251e+04
6.278069e-02   1.079e+05 0 inti1216   1.081e+05 1 inti1216   2.383e-01 3.813e+00  8.945e+04
6.489160e-02   1.035e+05 0 inti1216   1.037e+05 1 inti1216   2.225e-01 3.560e+00  8.693e+04
6.705590e-02   1.065e+05 0 inti1216   1.066e+05 1 inti1216   2.219e-01 3.551e+00  8.958e+04
6.929593e-02   1.087e+05 0 inti1216   1.088e+05 1 inti1216   2.201e-01 3.521e+00  9.151e+04
7.153138e-02   1.113e+05 0 inti1216   1.114e+05 1 inti1216   2.186e-01 3.498e+00  9.383e+04
7.403956e-02   1.154e+05 0 inti1216   1.155e+05 1 inti1216   2.195e-01 3.513e+00  9.734e+04
7.672499e-02   1.186e+05 0 inti1216   1.187e+05 1 inti1216   2.180e-01 3.487e+00  1.002e+05
7.959437e-02   1.213e+05 0 inti1216   1.215e+05 1 inti1216   2.158e-01 3.453e+00  1.028e+05
8.246772e-02   1.263e+05 0 inti1216   1.264e+05 1 inti1216   2.167e-01 3.467e+00  1.073e+05
8.552680e-02   1.292e+05 0 inti1216   1.293e+05 1 inti1216   2.142e-01 3.428e+00  1.100e+05
8.875369e-02   1.471e+05 0 inti1216   1.472e+05 1 inti1216   2.348e-01 3.758e+00  1.275e+05
9.207951e-02   1.383e+05 0 inti1216   1.383e+05 1 inti1216   2.125e-01 3.400e+00  1.182e+05
9.546344e-02   1.436e+05 0 inti1216   1.437e+05 1 inti1216   2.127e-01 3.404e+00  1.229e+05
9.874979e-02   1.492e+05 0 inti1216   1.493e+05 1 inti1216   2.142e-01 3.427e+00  1.278e+05
1.020507e-01   1.531e+05 0 inti1216   1.532e+05 1 inti1216   2.126e-01 3.401e+00  1.315e+05
1.051367e-01   1.579e+05 0 inti1216   1.580e+05 1 inti1216   2.128e-01 3.404e+00  1.358e+05
1.075742e-01   1.720e+05 0 inti1216   1.722e+05 1 inti1216   2.261e-01 3.617e+00  1.483e+05
1.099636e-01   1.657e+05 0 inti1216   1.658e+05 1 inti1216   2.125e-01 3.401e+00  1.436e+05
1.124249e-01   1.697e+05 0 inti1216   1.698e+05 1 inti1216   2.120e-01 3.393e+00  1.471e+05
1.149042e-01   1.740e+05 0 inti1216   1.742e+05 1 inti1216   2.122e-01 3.395e+00  1.512e+05
1.173869e-01   1.788e+05 0 inti1216   1.789e+05 1 inti1216   2.125e-01 3.400e+00  1.555e+05
1.198860e-01   1.834e+05 0 inti1216   1.835e+05 1 inti1216   2.131e-01 3.410e+00  1.598e+05
1.224504e-01   1.877e+05 0 inti1216   1.878e+05 1 inti1216   2.131e-01 3.409e+00  1.637e+05
1.250894e-01   1.921e+05 0 inti1216   1.921e+05 1 inti1216   2.134e-01 3.415e+00  1.675e+05
1.277414e-01   1.947e+05 0 inti1216   1.948e+05 1 inti1216   2.119e-01 3.390e+00  1.701e+05
1.304293e-01   2.005e+05 0 inti1216   2.006e+05 1 inti1216   2.143e-01 3.429e+00  1.754e+05
1.331265e-01   2.025e+05 0 inti1216   2.027e+05 1 inti1216   2.130e-01 3.408e+00  1.771e+05
1.359198e-01   2.047e+05 0 inti1216   2.047e+05 1 inti1216   2.120e-01 3.392e+00  1.792e+05
1.386665e-01   2.066e+05 0 inti1216   2.068e+05 1 inti1216   2.112e-01 3.380e+00  1.808e+05
1.413598e-01   2.097e+05 0 inti1216   2.099e+05 1 inti1216   2.122e-01 3.395e+00  1.835e+05
1.440863e-01   2.161e+05 2 inti1216   2.162e+05 1 inti1216   2.165e-01 3.464e+00  1.894e+05
1.467932e-01   2.212e+05 2 inti1216   2.213e+05 1 inti1216   2.196e-01 3.513e+00  1.933e+05
1.494999e-01   2.223e+05 0 inti1216   2.225e+05 1 inti1216   2.190e-01 3.505e+00  1.947e+05
1.521534e-01   2.237e+05 0 inti1216   2.239e+05 1 inti1216   2.192e-01 3.507e+00  1.962e+05
1.547347e-01   2.261e+05 0 inti1216   2.264e+05 1 inti1216   2.205e-01 3.527e+00  1.983e+05
1.572930e-01   2.254e+05 2 inti1216   2.256e+05 1 inti1216   2.188e-01 3.501e+00  1.979e+05
1.598660e-01   2.289e+05 2 inti1216   2.291e+05 1 inti1216   2.214e-01 3.543e+00  2.001e+05
1.624639e-01   2.274e+05 2 inti1216   2.275e+05 1 inti1216   2.192e-01 3.507e+00  1.994e+05
1.650786e-01   2.268e+05 2 inti1216   2.269e+05 1 inti1216   2.179e-01 3.487e+00  1.988e+05
1.677150e-01   2.256e+05 0 inti1216   2.258e+05 1 inti1216   2.163e-01 3.461e+00  1.971e+05
1.703719e-01   2.289e+05 2 inti1216   2.291e+05 1 inti1216   2.189e-01 3.503e+00  2.011e+05
1.730174e-01   2.259e+05 2 inti1216   2.260e+05 1 inti1216   2.156e-01 3.450e+00  1.980e+05
1.756675e-01   2.268e+05 2 inti1216   2.270e+05 1 inti1216   2.162e-01 3.459e+00  1.988e+05
1.783281e-01   2.274e+05 2 inti1216   2.276e+05 1 inti1216   2.165e-01 3.463e+00  1.994e+05
1.811517e-01   2.259e+05 2 inti1216   2.261e+05 1 inti1216   2.149e-01 3.438e+00  1.983e+05
1.840612e-01   2.269e+05 0 inti1216   2.271e+05 1 inti1216   2.158e-01 3.453e+00  1.990e+05
1.870084e-01   2.282e+05 2 inti1216   2.284e+05 1 inti1216   2.170e-01 3.471e+00  1.999e+05
1.900298e-01   2.282e+05 2 inti1216   2.284e+05 1 inti1216   2.169e-01 3.470e+00  1.997e+05
1.930727e-01   2.274e+05 2 inti1216   2.277e+05 1 inti1216   2.162e-01 3.459e+00  1.995e+05
1.961125e-01   2.292e+05 2 inti1216   2.294e+05 1 inti1216   2.178e-01 3.484e+00  2.013e+05
1.991392e-01   2.284e+05 2 inti1216   2.286e+05 1 inti1216   2.170e-01 3.472e+00  2.004e+05
