#   1 : Date        
# Date        
0.000000e+00
1.807392e-05
2.865299e-05
3.680825e-05
4.331462e-05
4.906367e-05
5.538763e-05
6.204872e-05
6.795979e-05
7.446196e-05
8.161436e-05
8.947053e-05
9.702468e-05
1.053342e-04
1.143002e-04
1.241628e-04
1.337027e-04
1.436480e-04
1.545879e-04
1.657374e-04
1.769297e-04
1.886124e-04
2.010176e-04
2.132284e-04
2.257171e-04
2.388127e-04
2.521957e-04
2.655017e-04
2.797183e-04
2.939297e-04
3.084532e-04
3.235230e-04
3.388720e-04
3.545256e-04
3.707045e-04
3.871136e-04
4.039712e-04
4.213429e-04
4.389057e-04
4.566041e-04
4.748726e-04
4.934284e-04
5.123968e-04
5.317204e-04
5.513472e-04
5.713195e-04
5.916317e-04
6.121877e-04
6.330631e-04
6.541431e-04
6.756129e-04
6.973298e-04
7.193540e-04
7.416524e-04
7.642145e-04
7.870888e-04
8.102207e-04
8.336410e-04
8.572999e-04
8.811975e-04
9.052984e-04
9.296850e-04
9.542344e-04
9.790738e-04
1.004107e-03
1.029433e-03
1.054937e-03
1.080786e-03
1.106828e-03
1.133123e-03
1.159624e-03
1.186464e-03
1.213485e-03
1.240745e-03
1.268213e-03
1.295923e-03
1.323861e-03
1.352053e-03
1.380427e-03
1.409065e-03
1.437917e-03
1.467083e-03
1.496472e-03
1.526126e-03
1.555964e-03
1.586157e-03
1.616605e-03
1.647287e-03
1.678149e-03
1.709331e-03
1.740719e-03
1.772176e-03
1.803794e-03
1.835622e-03
1.867602e-03
1.899875e-03
1.932477e-03
1.965120e-03
1.998093e-03
2.031272e-03
2.064625e-03
2.098278e-03
2.132152e-03
2.166096e-03
2.200218e-03
2.234613e-03
2.269156e-03
2.304035e-03
2.339154e-03
2.374341e-03
2.409909e-03
2.445536e-03
2.481298e-03
2.517239e-03
2.553531e-03
2.589848e-03
2.626409e-03
2.663243e-03
2.699194e-03
2.735382e-03
2.754450e-03
2.772269e-03
2.790096e-03
2.808169e-03
2.826738e-03
2.846012e-03
2.866373e-03
2.888010e-03
2.907395e-03
2.925918e-03
2.944633e-03
2.963540e-03
2.982814e-03
3.002560e-03
3.020872e-03
3.039293e-03
3.057848e-03
3.076630e-03
3.095677e-03
3.114833e-03
3.134070e-03
3.153426e-03
3.172898e-03
3.192521e-03
3.212288e-03
3.232230e-03
3.251979e-03
3.272155e-03
3.292679e-03
3.313434e-03
3.334406e-03
3.354341e-03
3.374398e-03
3.394579e-03
3.414882e-03
3.435307e-03
3.455850e-03
3.476511e-03
3.497288e-03
3.518187e-03
3.539205e-03
3.560348e-03
3.581612e-03
3.603002e-03
3.624543e-03
3.646234e-03
3.668084e-03
3.690018e-03
3.712179e-03
3.734484e-03
3.756937e-03
3.778848e-03
3.801285e-03
3.824159e-03
3.847169e-03
3.870310e-03
3.893580e-03
3.916409e-03
3.939744e-03
3.963386e-03
3.987150e-03
4.011036e-03
4.035041e-03
4.059166e-03
4.083223e-03
4.107582e-03
4.132057e-03
4.156651e-03
4.181359e-03
4.206182e-03
4.230813e-03
4.255850e-03
4.280989e-03
4.306230e-03
4.331568e-03
4.357002e-03
4.382086e-03
4.407677e-03
4.433346e-03
4.459072e-03
4.484846e-03
4.510658e-03
4.536089e-03
4.561979e-03
4.587911e-03
4.613879e-03
4.642444e-03
4.673354e-03
4.699080e-03
4.725237e-03
4.751872e-03
4.779109e-03
4.807520e-03
4.837321e-03
4.863313e-03
4.889605e-03
4.916208e-03
4.943270e-03
4.970963e-03
4.999521e-03
5.029478e-03
5.061262e-03
5.087900e-03
5.114913e-03
5.142325e-03
5.170264e-03
5.199281e-03
5.229491e-03
5.256230e-03
5.283212e-03
5.310436e-03
5.338050e-03
5.366074e-03
5.394621e-03
5.424219e-03
5.454948e-03
5.485950e-03
5.516716e-03
5.544479e-03
5.572620e-03
5.601152e-03
5.630181e-03
5.660013e-03
5.689683e-03
5.719226e-03
5.751724e-03
5.779853e-03
5.808333e-03
5.837166e-03
5.866463e-03
5.896734e-03
5.928033e-03
5.960855e-03
5.995590e-03
6.024085e-03
6.052924e-03
6.082096e-03
6.111709e-03
6.141881e-03
6.172939e-03
6.205364e-03
6.239097e-03
6.274683e-03
6.310479e-03
6.339944e-03
6.369780e-03
6.399979e-03
6.430620e-03
6.462166e-03
6.494644e-03
6.528550e-03
6.564238e-03
6.600720e-03
6.637258e-03
6.667590e-03
6.698328e-03
6.729577e-03
6.761651e-03
6.794964e-03
6.829374e-03
6.865377e-03
6.901973e-03
6.938622e-03
6.975321e-03
7.006527e-03
7.038123e-03
7.070203e-03
7.103054e-03
7.137048e-03
7.171999e-03
7.208367e-03
7.245119e-03
7.281909e-03
7.318723e-03
7.350491e-03
7.382611e-03
7.415041e-03
7.447836e-03
7.481071e-03
7.514986e-03
7.549908e-03
7.584447e-03
7.618364e-03
7.651768e-03
7.684720e-03
7.717291e-03
7.749560e-03
7.781616e-03
7.813507e-03
7.845299e-03
7.877004e-03
7.908691e-03
7.940247e-03
7.971643e-03
8.002918e-03
8.034122e-03
8.065246e-03
8.096342e-03
8.127423e-03
8.158401e-03
8.189258e-03
8.220014e-03
8.250671e-03
8.281157e-03
8.311380e-03
8.341358e-03
8.371081e-03
8.400540e-03
8.429663e-03
8.458449e-03
8.487021e-03
8.515395e-03
8.543661e-03
8.571715e-03
8.599621e-03
8.627294e-03
8.654729e-03
8.681917e-03
8.708910e-03
8.735747e-03
8.762443e-03
8.789026e-03
8.815495e-03
8.841889e-03
8.868200e-03
8.894456e-03
8.920648e-03
8.946795e-03
8.972890e-03
8.998947e-03
9.024959e-03
9.050938e-03
9.076878e-03
9.102790e-03
9.128669e-03
9.154526e-03
9.180358e-03
9.206171e-03
9.231949e-03
9.257708e-03
9.283446e-03
9.309180e-03
9.334908e-03
9.360649e-03
9.386402e-03
9.412187e-03
9.438004e-03
9.463871e-03
9.489788e-03
9.515773e-03
9.541824e-03
9.567952e-03
9.594141e-03
9.620405e-03
9.646743e-03
9.673166e-03
9.699672e-03
9.726272e-03
9.752961e-03
9.779751e-03
9.806636e-03
9.833625e-03
9.860711e-03
9.887904e-03
9.915195e-03
9.942594e-03
9.970073e-03
9.997633e-03
1.002527e-02
1.005299e-02
1.008079e-02
1.010867e-02
1.013663e-02
1.016467e-02
1.019278e-02
1.022098e-02
1.024926e-02
1.027761e-02
1.030605e-02
1.033457e-02
1.036317e-02
1.039186e-02
1.042063e-02
1.044944e-02
1.047829e-02
1.050721e-02
1.053617e-02
1.056521e-02
1.059430e-02
1.062347e-02
1.065271e-02
1.068204e-02
1.071145e-02
1.074094e-02
1.077047e-02
1.080007e-02
1.082974e-02
1.085950e-02
1.088934e-02
1.091928e-02
1.094932e-02
1.097947e-02
1.100969e-02
1.104002e-02
1.107045e-02
1.110099e-02
1.113165e-02
1.116242e-02
1.119330e-02
1.122429e-02
1.125541e-02
1.128665e-02
1.131803e-02
1.134952e-02
1.138115e-02
1.141290e-02
1.144479e-02
1.147683e-02
1.150902e-02
1.154135e-02
1.157380e-02
1.160638e-02
1.163909e-02
1.167195e-02
1.170495e-02
1.173810e-02
1.177141e-02
1.180486e-02
1.183843e-02
1.187213e-02
1.190597e-02
1.193994e-02
1.197406e-02
1.200833e-02
1.204276e-02
1.207734e-02
1.211208e-02
1.214693e-02
1.218191e-02
1.221702e-02
1.225226e-02
1.228763e-02
1.232315e-02
1.235881e-02
1.239462e-02
1.243056e-02
1.246662e-02
1.250280e-02
1.253910e-02
1.257552e-02
1.261208e-02
1.264877e-02
1.268559e-02
1.272255e-02
1.275962e-02
1.279680e-02
1.283408e-02
1.287147e-02
1.290897e-02
1.294658e-02
1.298431e-02
1.302216e-02
1.306014e-02
1.309824e-02
1.313643e-02
1.317473e-02
1.321312e-02
1.325161e-02
1.329021e-02
1.332892e-02
1.336774e-02
1.340666e-02
1.344569e-02
1.348483e-02
1.352405e-02
1.356335e-02
1.360274e-02
1.364222e-02
1.368178e-02
1.372144e-02
1.376119e-02
1.380101e-02
1.384089e-02
1.388084e-02
1.392085e-02
1.396093e-02
1.400109e-02
1.404131e-02
1.408161e-02
1.412197e-02
1.416238e-02
1.420280e-02
1.422839e-02
1.425517e-02
1.428059e-02
1.430690e-02
1.433184e-02
1.435722e-02
1.438166e-02
1.440647e-02
1.443040e-02
1.445464e-02
1.447810e-02
1.450183e-02
1.452487e-02
1.454815e-02
1.457084e-02
1.459375e-02
1.461613e-02
1.463874e-02
1.466089e-02
1.468325e-02
1.470786e-02
1.473245e-02
1.475732e-02
1.478157e-02
1.480605e-02
1.482994e-02
1.485403e-02
1.487758e-02
1.490130e-02
1.492453e-02
1.494792e-02
1.497086e-02
1.499396e-02
1.501667e-02
1.504164e-02
1.506424e-02
1.508727e-02
1.510981e-02
1.513211e-02
1.515460e-02
1.517687e-02
1.519935e-02
1.522162e-02
1.524412e-02
1.526887e-02
1.529609e-02
1.532193e-02
1.534867e-02
1.537422e-02
1.540057e-02
1.542582e-02
1.545150e-02
1.547650e-02
1.550245e-02
1.552815e-02
1.555362e-02
1.557887e-02
1.560392e-02
1.562879e-02
1.565349e-02
1.567804e-02
1.570244e-02
1.572672e-02
1.575088e-02
1.577494e-02
1.579890e-02
1.582280e-02
1.584662e-02
1.587283e-02
1.590165e-02
1.593336e-02
1.596824e-02
1.600341e-02
1.603775e-02
1.606063e-02
1.608378e-02
1.610679e-02
1.613004e-02
1.615313e-02
1.617644e-02
1.619958e-02
1.622292e-02
1.624609e-02
1.627157e-02
1.629961e-02
1.633045e-02
1.636142e-02
1.639209e-02
1.641755e-02
1.644376e-02
1.647074e-02
1.649561e-02
1.652112e-02
1.654592e-02
1.657134e-02
1.659605e-02
1.662108e-02
1.664571e-02
1.667064e-02
1.669516e-02
1.672025e-02
1.674465e-02
1.676961e-02
1.679390e-02
1.681874e-02
1.684292e-02
1.686765e-02
1.689173e-02
1.691636e-02
1.694036e-02
1.696491e-02
1.698884e-02
1.701332e-02
1.703720e-02
1.706163e-02
1.708546e-02
1.710986e-02
1.713366e-02
1.715803e-02
1.718180e-02
1.720615e-02
1.722991e-02
1.725425e-02
1.727800e-02
1.730233e-02
1.732606e-02
1.735040e-02
1.737412e-02
1.739787e-02
1.742159e-02
1.744540e-02
1.746913e-02
1.749299e-02
1.751672e-02
1.754061e-02
1.756437e-02
1.758828e-02
1.761206e-02
1.763600e-02
1.766012e-02
1.768665e-02
1.771524e-02
1.774382e-02
1.777237e-02
1.780088e-02
1.782936e-02
1.785778e-02
1.788623e-02
1.791464e-02
1.794311e-02
1.797155e-02
1.800003e-02
1.802850e-02
1.805702e-02
1.808552e-02
1.811408e-02
1.814261e-02
1.817121e-02
1.819978e-02
1.822842e-02
1.825705e-02
1.828574e-02
1.831442e-02
1.834317e-02
1.837191e-02
1.840073e-02
1.842954e-02
1.845843e-02
1.848732e-02
1.851630e-02
1.854527e-02
1.857427e-02
1.860324e-02
1.863229e-02
1.866134e-02
1.869048e-02
1.871964e-02
1.874881e-02
1.877802e-02
1.880728e-02
1.883655e-02
1.886590e-02
1.889528e-02
1.892466e-02
1.895414e-02
1.898362e-02
1.901313e-02
1.904267e-02
1.907229e-02
1.910189e-02
1.913161e-02
1.916133e-02
1.919107e-02
1.922083e-02
1.925060e-02
1.928037e-02
1.931018e-02
1.934000e-02
1.936979e-02
1.939961e-02
1.942945e-02
1.945929e-02
1.948917e-02
1.951908e-02
1.954903e-02
1.957350e-02
1.959843e-02
1.962385e-02
1.964810e-02
1.967275e-02
1.969701e-02
1.972147e-02
1.974574e-02
1.977021e-02
1.979450e-02
1.981898e-02
1.984328e-02
1.986778e-02
1.989211e-02
1.991662e-02
1.994097e-02
1.996552e-02
1.998990e-02
2.001447e-02
2.003888e-02
2.006573e-02
2.009527e-02
2.012591e-02
2.015675e-02
2.018747e-02
2.021840e-02
2.024920e-02
2.028024e-02
2.031116e-02
2.034232e-02
2.037338e-02
2.040468e-02
2.043589e-02
2.046735e-02
2.049871e-02
2.053034e-02
2.056188e-02
2.059368e-02
2.062540e-02
2.065739e-02
2.068929e-02
2.072147e-02
2.075357e-02
2.078595e-02
2.081824e-02
2.085082e-02
2.088333e-02
2.090850e-02
2.093410e-02
2.095938e-02
2.098487e-02
2.101024e-02
2.103583e-02
2.106129e-02
2.108697e-02
2.111253e-02
2.113831e-02
2.116397e-02
2.118985e-02
2.121561e-02
2.124158e-02
2.126745e-02
2.129353e-02
2.131950e-02
2.134569e-02
2.137354e-02
2.140111e-02
2.142899e-02
2.145658e-02
2.148445e-02
2.151205e-02
2.153991e-02
2.156750e-02
2.159536e-02
2.162295e-02
2.165079e-02
2.167839e-02
2.170622e-02
2.173383e-02
2.176165e-02
2.178927e-02
2.181711e-02
2.184474e-02
2.187260e-02
2.190220e-02
2.193184e-02
2.196154e-02
2.199128e-02
2.202106e-02
2.205090e-02
2.208078e-02
2.211072e-02
2.214070e-02
2.216772e-02
2.219521e-02
2.222237e-02
2.224977e-02
2.227706e-02
2.230460e-02
2.233203e-02
2.235969e-02
2.238725e-02
2.241505e-02
2.244273e-02
2.247066e-02
2.249848e-02
2.252653e-02
2.255449e-02
2.258267e-02
2.261076e-02
2.263909e-02
2.266998e-02
2.270092e-02
2.273192e-02
2.276297e-02
2.279409e-02
2.282526e-02
2.285649e-02
2.288777e-02
2.291912e-02
2.295052e-02
2.298200e-02
2.301353e-02
2.304513e-02
2.307679e-02
2.310853e-02
2.314032e-02
2.316868e-02
2.319754e-02
2.322604e-02
2.325501e-02
2.328363e-02
2.331250e-02
2.334124e-02
2.337023e-02
2.339909e-02
2.342820e-02
2.345718e-02
2.348640e-02
2.351550e-02
2.354507e-02
2.357429e-02
2.360398e-02
2.363332e-02
2.366313e-02
2.369347e-02
2.372683e-02
2.376035e-02
2.379396e-02
2.382772e-02
2.386159e-02
2.389561e-02
2.392975e-02
2.395888e-02
2.398853e-02
2.401780e-02
2.404757e-02
2.407695e-02
2.410659e-02
2.413609e-02
2.416584e-02
2.419545e-02
2.422531e-02
2.425503e-02
2.428500e-02
2.431483e-02
2.434491e-02
2.437484e-02
2.440526e-02
2.443531e-02
2.446585e-02
2.449601e-02
2.452666e-02
2.455694e-02
2.458770e-02
2.461901e-02
2.465345e-02
2.469133e-02
2.472926e-02
2.476723e-02
2.480512e-02
2.483509e-02
2.486562e-02
2.489572e-02
2.492636e-02
2.495658e-02
2.498732e-02
2.501764e-02
2.504848e-02
2.507890e-02
2.510983e-02
2.514035e-02
2.517138e-02
2.520199e-02
2.523312e-02
2.526384e-02
2.529506e-02
2.532587e-02
2.535720e-02
2.538811e-02
2.541953e-02
2.545055e-02
2.548207e-02
2.551319e-02
2.554482e-02
2.557703e-02
2.560988e-02
2.564346e-02
2.567708e-02
2.571097e-02
2.574465e-02
2.577859e-02
2.581230e-02
2.584317e-02
2.587464e-02
2.590675e-02
2.593806e-02
2.596996e-02
2.600137e-02
2.603258e-02
2.606436e-02
2.609566e-02
2.612752e-02
2.615891e-02
2.619085e-02
2.622232e-02
2.625435e-02
2.628591e-02
2.631802e-02
2.634966e-02
2.638186e-02
2.641358e-02
2.644586e-02
2.647875e-02
2.651232e-02
2.654659e-02
2.658059e-02
2.661488e-02
2.664890e-02
2.668320e-02
2.671723e-02
2.675154e-02
2.678559e-02
2.681990e-02
2.685395e-02
2.688827e-02
2.692231e-02
2.695662e-02
2.699067e-02
2.702239e-02
2.705475e-02
2.708661e-02
2.711907e-02
2.715102e-02
2.718356e-02
2.721559e-02
2.724820e-02
2.728029e-02
2.731296e-02
2.734511e-02
2.737755e-02
2.740976e-02
2.744226e-02
2.747453e-02
2.750751e-02
2.753984e-02
2.757286e-02
2.760717e-02
2.764121e-02
2.767553e-02
2.770957e-02
2.774389e-02
2.777793e-02
2.781225e-02
2.784628e-02
2.788059e-02
2.791462e-02
2.794894e-02
2.798297e-02
2.801729e-02
2.805131e-02
2.808563e-02
2.811966e-02
2.815399e-02
2.818802e-02
2.822234e-02
2.825638e-02
2.829072e-02
2.832476e-02
2.835910e-02
2.839315e-02
2.842750e-02
2.846156e-02
2.849592e-02
2.852998e-02
2.856435e-02
2.859842e-02
2.863280e-02
2.866687e-02
2.870105e-02
2.873513e-02
2.876939e-02
2.880347e-02
2.883787e-02
2.887196e-02
2.890636e-02
2.894045e-02
2.897486e-02
2.900895e-02
2.904337e-02
2.907747e-02
2.911189e-02
2.914600e-02
2.918044e-02
2.921456e-02
2.924901e-02
2.928315e-02
2.931762e-02
2.935177e-02
2.938627e-02
2.942044e-02
2.945496e-02
2.948916e-02
2.952371e-02
2.955793e-02
2.959251e-02
2.962675e-02
2.966136e-02
2.969563e-02
2.973027e-02
2.976457e-02
2.979924e-02
2.983357e-02
2.986828e-02
2.990264e-02
2.993738e-02
2.997177e-02
3.000655e-02
3.004098e-02
3.007579e-02
3.011025e-02
3.014510e-02
3.017959e-02
3.021447e-02
3.024900e-02
3.028392e-02
3.031847e-02
3.035343e-02
3.038801e-02
3.042300e-02
3.045761e-02
3.049263e-02
3.052727e-02
3.056232e-02
3.059316e-02
3.062457e-02
3.065659e-02
3.068781e-02
3.071961e-02
3.075089e-02
3.078197e-02
3.081359e-02
3.084473e-02
3.087641e-02
3.090760e-02
3.093933e-02
3.097059e-02
3.100237e-02
3.103474e-02
3.106778e-02
3.110155e-02
3.113614e-02
3.117092e-02
3.120611e-02
3.124088e-02
3.127607e-02
3.130709e-02
3.133879e-02
3.137118e-02
3.140268e-02
3.143483e-02
3.146639e-02
3.149770e-02
3.152961e-02
3.156098e-02
3.159294e-02
3.162437e-02
3.165638e-02
3.168786e-02
3.171992e-02
3.175146e-02
3.178357e-02
3.181516e-02
3.184732e-02
3.187896e-02
3.191116e-02
3.194284e-02
3.197509e-02
3.200682e-02
3.203912e-02
3.207089e-02
3.210323e-02
3.213505e-02
3.216743e-02
3.219930e-02
3.223172e-02
3.226363e-02
3.229609e-02
3.232805e-02
3.236055e-02
3.239255e-02
3.242509e-02
3.245713e-02
3.248972e-02
3.252180e-02
3.255443e-02
3.258655e-02
3.261921e-02
3.265095e-02
3.268342e-02
3.271662e-02
3.274889e-02
3.278188e-02
3.281424e-02
3.284731e-02
3.287974e-02
3.291288e-02
3.294538e-02
3.297857e-02
3.301112e-02
3.304437e-02
3.307697e-02
3.311026e-02
3.314291e-02
3.317624e-02
3.320893e-02
3.324231e-02
3.327506e-02
3.330849e-02
3.334128e-02
3.337476e-02
3.340760e-02
3.344113e-02
3.347401e-02
3.350759e-02
3.354052e-02
3.357415e-02
3.360713e-02
3.364082e-02
3.367385e-02
3.370761e-02
3.374068e-02
3.377451e-02
3.380763e-02
3.384152e-02
3.387471e-02
3.390867e-02
3.394190e-02
3.397594e-02
3.400924e-02
3.404335e-02
3.407670e-02
3.411090e-02
3.414432e-02
3.417860e-02
3.421208e-02
3.424634e-02
3.427989e-02
3.431406e-02
3.434768e-02
3.438176e-02
3.441546e-02
3.444946e-02
3.448323e-02
3.451714e-02
3.455135e-02
3.458458e-02
3.461868e-02
3.465242e-02
3.468638e-02
3.472005e-02
3.475398e-02
3.478757e-02
3.482143e-02
3.485496e-02
3.488875e-02
3.492222e-02
3.495748e-02
3.499269e-02
3.502793e-02
3.506313e-02
3.509834e-02
3.513353e-02
3.516872e-02
3.520388e-02
3.523906e-02
3.527420e-02
3.530935e-02
3.534446e-02
3.537959e-02
3.541468e-02
3.544978e-02
3.548484e-02
3.551991e-02
3.555494e-02
3.558997e-02
3.562497e-02
3.565998e-02
3.569494e-02
3.572991e-02
3.576483e-02
3.579976e-02
3.583305e-02
3.586699e-02
3.590159e-02
3.593645e-02
3.596973e-02
3.600360e-02
3.603686e-02
3.607070e-02
3.610392e-02
3.613771e-02
3.617089e-02
3.620465e-02
3.623779e-02
3.627150e-02
3.630460e-02
3.633826e-02
3.637133e-02
3.640495e-02
3.643920e-02
3.647376e-02
3.650828e-02
3.654280e-02
3.657728e-02
3.661177e-02
3.664621e-02
3.668066e-02
3.671507e-02
3.674948e-02
3.678386e-02
3.681823e-02
3.685257e-02
3.688692e-02
3.692123e-02
3.695554e-02
3.698981e-02
3.702409e-02
3.705834e-02
3.709259e-02
3.712681e-02
3.716103e-02
3.719522e-02
3.722941e-02
3.726357e-02
3.729774e-02
3.733187e-02
3.736601e-02
3.740012e-02
3.743423e-02
3.746831e-02
3.750240e-02
3.753646e-02
3.757052e-02
3.760455e-02
3.763859e-02
3.767260e-02
3.770661e-02
3.774060e-02
3.777459e-02
3.780856e-02
3.784254e-02
3.787648e-02
3.791044e-02
3.794437e-02
3.797830e-02
3.801222e-02
3.804614e-02
3.808003e-02
3.811394e-02
3.814782e-02
3.818172e-02
3.821559e-02
3.824947e-02
3.828333e-02
3.831720e-02
3.835106e-02
3.838492e-02
3.841877e-02
3.845263e-02
3.848647e-02
3.852032e-02
3.855416e-02
3.858802e-02
3.862186e-02
3.865571e-02
3.868955e-02
3.872341e-02
3.875725e-02
3.879112e-02
3.882496e-02
3.885884e-02
3.889269e-02
3.892657e-02
3.896044e-02
3.899433e-02
3.902821e-02
3.906212e-02
3.909602e-02
3.912994e-02
3.916385e-02
3.919779e-02
3.923172e-02
3.926569e-02
3.929964e-02
3.933363e-02
3.936761e-02
3.940162e-02
3.943563e-02
3.946967e-02
3.950117e-02
3.953321e-02
3.956475e-02
3.959680e-02
3.962834e-02
3.966013e-02
3.969167e-02
3.972345e-02
3.975499e-02
3.978677e-02
3.981830e-02
3.985006e-02
3.988159e-02
3.991360e-02
3.994615e-02
3.997931e-02
4.001314e-02
4.004747e-02
4.008192e-02
4.011623e-02
4.014769e-02
4.017969e-02
4.021228e-02
4.024404e-02
4.027554e-02
4.030755e-02
4.033905e-02
4.037106e-02
4.040256e-02
4.043455e-02
4.046604e-02
4.049802e-02
4.052951e-02
4.056149e-02
4.059401e-02
4.062713e-02
4.065858e-02
4.069064e-02
4.072334e-02
4.075515e-02
4.078669e-02
4.081875e-02
4.085028e-02
4.088234e-02
4.091387e-02
4.094591e-02
4.097743e-02
4.100945e-02
4.104097e-02
4.107298e-02
4.110448e-02
4.113648e-02
4.116798e-02
4.119997e-02
4.123147e-02
4.126345e-02
4.129494e-02
4.132692e-02
4.135839e-02
4.139049e-02
4.142235e-02
4.145421e-02
4.148579e-02
4.151789e-02
4.154948e-02
4.158157e-02
4.161315e-02
4.164523e-02
4.167680e-02
4.170887e-02
4.174043e-02
4.177224e-02
4.180379e-02
4.183559e-02
4.186713e-02
4.189892e-02
4.193045e-02
4.196222e-02
4.199374e-02
4.202550e-02
4.205702e-02
4.208877e-02
4.212027e-02
4.215201e-02
4.218351e-02
4.221524e-02
4.224700e-02
4.227890e-02
4.231052e-02
4.234257e-02
4.237419e-02
4.240624e-02
4.243785e-02
4.246990e-02
4.250150e-02
4.253356e-02
4.256514e-02
4.259698e-02
4.262854e-02
4.266036e-02
4.269191e-02
4.272371e-02
4.275524e-02
4.278702e-02
4.281854e-02
4.285029e-02
4.288179e-02
4.291353e-02
4.294501e-02
4.297673e-02
4.300820e-02
4.303990e-02
4.307135e-02
4.310304e-02
4.313449e-02
4.316616e-02
4.319760e-02
4.322927e-02
4.326111e-02
4.329326e-02
4.332470e-02
4.335670e-02
4.338819e-02
4.342020e-02
4.345169e-02
4.348343e-02
4.351492e-02
4.354665e-02
4.357812e-02
4.360984e-02
4.364131e-02
4.367301e-02
4.370446e-02
4.373615e-02
4.376758e-02
4.379925e-02
4.383068e-02
4.386234e-02
4.389375e-02
4.392540e-02
4.395680e-02
4.398843e-02
4.401983e-02
4.405146e-02
4.408285e-02
4.411509e-02
4.414649e-02
4.417845e-02
4.420989e-02
4.424184e-02
4.427329e-02
4.430498e-02
4.433642e-02
4.436810e-02
4.439954e-02
4.443121e-02
4.446263e-02
4.449429e-02
4.452570e-02
4.455734e-02
4.458875e-02
4.462038e-02
4.465177e-02
4.468340e-02
4.471478e-02
4.474640e-02
4.477777e-02
4.480938e-02
4.484079e-02
4.487276e-02
4.490484e-02
4.493656e-02
4.496801e-02
4.499999e-02
4.503144e-02
4.506341e-02
4.509485e-02
4.512655e-02
4.515799e-02
4.518967e-02
4.522111e-02
4.525278e-02
4.528421e-02
4.531587e-02
4.534729e-02
4.537895e-02
4.541036e-02
4.544201e-02
4.547341e-02
4.550505e-02
4.553645e-02
4.556809e-02
4.559953e-02
4.563154e-02
4.566388e-02
4.569565e-02
4.572715e-02
4.575917e-02
4.579067e-02
4.582268e-02
4.585417e-02
4.588591e-02
4.591739e-02
4.594913e-02
4.598060e-02
4.601232e-02
4.604379e-02
4.607550e-02
4.610696e-02
4.613866e-02
4.617010e-02
4.620179e-02
4.623323e-02
4.626491e-02
4.629634e-02
4.632800e-02
4.635942e-02
4.639108e-02
4.642249e-02
4.645414e-02
4.648561e-02
4.651725e-02
4.654986e-02
4.658164e-02
4.661316e-02
4.664519e-02
4.667670e-02
4.670846e-02
4.673996e-02
4.677171e-02
4.680320e-02
4.683494e-02
4.686642e-02
4.689814e-02
4.692961e-02
4.696132e-02
4.699277e-02
4.702446e-02
4.705590e-02
4.708757e-02
4.711900e-02
4.715066e-02
4.718207e-02
4.721371e-02
4.724511e-02
4.727674e-02
4.730812e-02
4.733974e-02
4.737111e-02
4.740562e-02
4.744162e-02
4.747831e-02
4.750975e-02
4.754171e-02
4.757316e-02
4.760512e-02
4.763657e-02
4.766826e-02
4.769971e-02
4.773139e-02
4.776282e-02
4.779449e-02
4.782591e-02
4.785756e-02
4.788897e-02
4.792060e-02
4.795199e-02
4.798362e-02
4.801499e-02
4.804660e-02
4.807795e-02
4.810955e-02
4.814089e-02
4.817247e-02
4.820380e-02
4.823826e-02
4.827491e-02
4.831180e-02
4.834321e-02
4.837514e-02
4.840656e-02
4.843849e-02
4.846990e-02
4.850157e-02
4.853298e-02
4.856463e-02
4.859603e-02
4.862767e-02
4.865905e-02
4.869067e-02
4.872204e-02
4.875365e-02
4.878500e-02
4.881659e-02
4.884793e-02
4.887950e-02
4.891081e-02
4.894236e-02
4.897366e-02
4.900519e-02
4.903647e-02
4.907087e-02
4.910629e-02
4.914188e-02
4.917764e-02
4.921357e-02
4.924967e-02
4.928596e-02
4.932196e-02
4.935607e-02
4.939207e-02
4.942617e-02
4.946214e-02
4.949625e-02
4.952751e-02
4.955927e-02
4.959052e-02
4.962201e-02
4.965324e-02
4.968471e-02
4.971591e-02
4.974735e-02
4.977853e-02
4.980993e-02
4.984108e-02
4.987245e-02
4.990356e-02
4.993490e-02
4.996598e-02
4.999729e-02
5.002833e-02
5.006248e-02
5.009861e-02
5.013506e-02
5.017106e-02
5.020507e-02
5.024097e-02
5.027719e-02
5.031306e-02
5.034830e-02
5.037935e-02
5.041090e-02
5.044194e-02
5.047321e-02
5.050422e-02
5.053547e-02
5.056646e-02
5.059768e-02
5.062865e-02
5.065985e-02
5.069079e-02
5.072197e-02
5.075288e-02
5.078404e-02
5.081493e-02
5.084632e-02
5.087719e-02
5.090855e-02
5.094047e-02
5.097157e-02
5.100320e-02
5.103429e-02
5.106590e-02
5.109698e-02
5.112858e-02
5.115964e-02
5.119125e-02
5.122230e-02
5.125390e-02
5.128610e-02
5.131697e-02
5.134800e-02
5.137898e-02
5.141047e-02
5.144136e-02
5.147261e-02
5.150361e-02
5.153463e-02
5.156562e-02
5.159713e-02
5.162802e-02
5.165908e-02
5.169008e-02
5.172127e-02
5.175225e-02
5.178337e-02
5.181435e-02
5.184588e-02
5.187684e-02
5.190801e-02
5.193902e-02
5.197039e-02
5.200139e-02
5.203262e-02
5.206368e-02
5.209500e-02
5.212605e-02
5.215733e-02
5.218836e-02
5.222001e-02
5.225118e-02
5.228250e-02
5.231455e-02
5.234735e-02
5.237827e-02
5.240986e-02
5.244217e-02
5.247343e-02
5.250537e-02
5.253804e-02
5.256885e-02
5.260031e-02
5.263244e-02
5.266356e-02
5.269533e-02
5.272779e-02
5.275849e-02
5.278980e-02
5.282175e-02
5.285275e-02
5.288437e-02
5.291666e-02
5.294727e-02
5.297847e-02
5.301030e-02
5.304121e-02
5.307273e-02
5.310493e-02
5.313547e-02
5.316661e-02
5.319723e-02
5.322809e-02
5.325961e-02
5.329087e-02
5.332294e-02
5.335384e-02
5.338542e-02
5.341769e-02
5.344823e-02
5.347941e-02
5.351126e-02
5.354216e-02
5.357373e-02
5.360598e-02
5.363650e-02
5.366763e-02
5.369943e-02
5.373028e-02
5.376177e-02
5.379393e-02
5.382437e-02
5.385539e-02
5.388702e-02
5.391770e-02
5.394895e-02
5.398081e-02
5.401109e-02
5.404189e-02
5.407212e-02
5.410287e-02
5.413420e-02
5.416614e-02
5.419696e-02
5.422870e-02
5.426131e-02
5.429269e-02
5.432491e-02
5.435801e-02
5.438873e-02
5.442023e-02
5.445092e-02
5.448231e-02
5.451292e-02
5.454419e-02
5.457472e-02
5.460586e-02
5.463629e-02
5.466731e-02
5.469765e-02
5.472855e-02
5.475882e-02
5.478962e-02
5.481981e-02
5.485052e-02
5.488066e-02
5.491129e-02
5.494249e-02
5.497430e-02
5.500680e-02
5.504007e-02
5.507025e-02
5.510117e-02
5.513280e-02
5.516344e-02
5.519469e-02
5.522529e-02
5.525650e-02
5.528706e-02
5.531823e-02
5.535005e-02
5.538260e-02
5.541311e-02
5.544426e-02
5.547611e-02
5.550873e-02
5.554174e-02
5.557182e-02
5.560259e-02
5.563402e-02
5.566456e-02
5.569573e-02
5.572760e-02
5.576024e-02
5.579084e-02
5.582215e-02
5.585424e-02
5.588432e-02
5.591508e-02
5.594649e-02
5.597703e-02
5.600818e-02
5.603876e-02
5.606999e-02
5.610096e-02
5.613112e-02
5.616211e-02
5.619226e-02
5.622304e-02
5.625323e-02
5.628368e-02
5.631384e-02
5.634413e-02
5.637412e-02
5.640473e-02
5.643487e-02
5.646536e-02
5.649593e-02
5.652724e-02
5.655768e-02
5.658838e-02
5.661872e-02
5.664943e-02
5.667990e-02
5.671078e-02
5.674116e-02
5.677170e-02
5.680185e-02
5.683418e-02
5.686574e-02
5.689801e-02
5.692961e-02
5.696177e-02
5.699378e-02
5.702589e-02
5.705594e-02
5.708669e-02
5.711679e-02
5.714710e-02
5.717710e-02
5.720926e-02
5.724128e-02
5.727340e-02
5.730468e-02
5.733669e-02
5.736809e-02
5.739996e-02
5.743100e-02
5.746230e-02
5.749295e-02
5.752384e-02
5.755431e-02
5.758526e-02
5.761551e-02
5.764597e-02
5.767773e-02
5.770968e-02
5.774145e-02
5.777336e-02
5.780479e-02
5.783659e-02
5.786812e-02
5.789989e-02
5.793104e-02
5.796248e-02
5.799221e-02
5.802217e-02
5.805189e-02
5.808183e-02
5.811154e-02
5.814148e-02
5.817144e-02
5.820330e-02
5.823493e-02
5.826669e-02
5.829822e-02
5.832988e-02
5.836141e-02
5.839303e-02
5.842446e-02
5.845610e-02
5.848752e-02
5.851912e-02
5.855030e-02
5.858179e-02
5.861256e-02
5.864352e-02
5.867392e-02
5.870453e-02
5.873565e-02
5.876729e-02
5.879871e-02
5.883038e-02
5.886022e-02
5.889029e-02
5.892012e-02
5.895018e-02
5.898159e-02
5.901331e-02
5.904474e-02
5.907642e-02
5.910771e-02
5.913931e-02
5.917019e-02
5.920129e-02
5.923109e-02
5.926111e-02
5.929145e-02
5.932224e-02
5.935239e-02
5.938401e-02
5.941382e-02
5.944388e-02
5.947370e-02
5.950377e-02
5.953507e-02
5.956676e-02
5.959808e-02
5.962974e-02
5.966099e-02
5.969256e-02
5.972367e-02
5.975506e-02
5.978489e-02
5.981495e-02
5.984546e-02
5.987618e-02
5.990646e-02
5.993694e-02
5.996708e-02
5.999868e-02
6.002997e-02
6.006153e-02
6.009274e-02
6.012430e-02
6.015551e-02
6.018711e-02
6.021648e-02
6.024603e-02
6.027534e-02
6.030658e-02
6.033705e-02
6.036776e-02
6.039792e-02
6.042833e-02
6.045821e-02
6.048823e-02
6.051868e-02
6.054963e-02
6.057926e-02
6.060921e-02
6.063982e-02
6.067155e-02
6.070290e-02
6.073459e-02
6.076572e-02
6.079731e-02
6.082816e-02
6.085937e-02
6.089000e-02
6.092095e-02
6.095144e-02
6.098226e-02
6.101360e-02
6.104538e-02
6.107665e-02
6.110842e-02
6.113968e-02
6.117141e-02
6.120270e-02
6.123443e-02
6.126573e-02
6.129749e-02
6.132881e-02
6.136057e-02
6.139179e-02
6.142351e-02
6.145473e-02
6.148647e-02
6.151771e-02
6.154946e-02
6.158073e-02
6.161252e-02
6.164381e-02
6.167561e-02
6.170691e-02
6.173873e-02
6.177005e-02
6.180190e-02
6.183324e-02
6.186511e-02
6.189647e-02
6.192837e-02
6.195976e-02
6.199165e-02
6.202160e-02
6.205353e-02
6.208351e-02
6.211539e-02
6.214677e-02
6.217864e-02
6.221003e-02
6.224192e-02
6.227332e-02
6.230523e-02
6.233664e-02
6.236856e-02
6.239999e-02
6.243194e-02
6.246339e-02
6.249536e-02
6.252684e-02
6.255884e-02
6.259034e-02
6.262237e-02
6.265390e-02
6.268590e-02
6.271746e-02
6.274945e-02
6.278103e-02
6.281299e-02
6.284460e-02
6.287653e-02
6.290818e-02
6.294007e-02
6.297175e-02
6.300361e-02
6.303532e-02
6.306715e-02
6.309889e-02
6.313068e-02
6.316246e-02
6.319422e-02
6.322492e-02
6.325664e-02
6.328849e-02
6.332017e-02
6.335206e-02
6.338371e-02
6.341563e-02
6.344724e-02
6.347918e-02
6.351075e-02
6.354272e-02
6.357424e-02
6.360624e-02
6.363773e-02
6.366976e-02
6.370120e-02
6.373319e-02
6.376458e-02
6.379653e-02
6.382787e-02
6.385977e-02
6.389106e-02
6.392291e-02
6.395416e-02
6.398595e-02
6.401715e-02
6.404889e-02
6.408003e-02
6.411172e-02
6.414281e-02
6.417445e-02
6.420548e-02
6.423707e-02
6.426805e-02
6.429958e-02
6.433050e-02
6.436198e-02
6.439285e-02
6.442426e-02
6.445508e-02
6.448644e-02
6.451721e-02
6.454851e-02
6.457921e-02
6.461046e-02
6.464111e-02
6.467229e-02
6.470289e-02
6.473402e-02
6.476456e-02
6.479563e-02
6.482611e-02
6.485713e-02
6.488756e-02
6.491851e-02
6.494888e-02
6.497978e-02
6.501126e-02
6.504185e-02
6.507298e-02
6.510351e-02
6.513458e-02
6.516505e-02
6.519607e-02
6.522648e-02
6.525744e-02
6.528902e-02
6.532129e-02
6.535435e-02
6.538815e-02
6.542145e-02
6.545529e-02
6.548864e-02
6.551921e-02
6.555038e-02
6.558220e-02
6.561306e-02
6.564452e-02
6.567534e-02
6.570583e-02
6.573688e-02
6.576733e-02
6.579834e-02
6.582874e-02
6.585970e-02
6.589006e-02
6.592098e-02
6.595129e-02
6.598216e-02
6.601244e-02
6.604326e-02
6.607349e-02
6.610427e-02
6.613446e-02
6.616520e-02
6.619534e-02
6.622603e-02
6.625613e-02
6.628678e-02
6.631684e-02
6.634744e-02
6.637746e-02
6.640802e-02
6.643800e-02
6.646851e-02
6.649844e-02
6.652892e-02
6.655880e-02
6.658923e-02
6.661908e-02
6.664946e-02
6.667926e-02
6.670960e-02
6.673936e-02
6.676966e-02
6.679938e-02
6.682963e-02
6.685930e-02
6.688950e-02
6.691913e-02
6.694928e-02
6.697887e-02
6.700898e-02
6.703851e-02
6.706858e-02
6.709807e-02
6.712808e-02
6.715753e-02
6.718750e-02
6.721691e-02
6.724683e-02
6.727619e-02
6.730607e-02
6.733539e-02
6.736523e-02
6.739451e-02
6.742431e-02
6.745355e-02
6.748330e-02
6.751250e-02
6.754222e-02
6.757139e-02
6.760106e-02
6.763020e-02
6.765984e-02
6.768893e-02
6.771854e-02
6.774761e-02
6.777718e-02
6.780621e-02
6.783575e-02
6.786476e-02
6.789427e-02
6.792325e-02
6.795273e-02
6.798168e-02
6.801114e-02
6.804006e-02
6.806949e-02
6.809840e-02
6.812780e-02
6.815668e-02
6.818606e-02
6.821493e-02
6.824403e-02
6.827288e-02
6.830196e-02
6.833079e-02
6.835986e-02
6.838867e-02
6.841772e-02
6.844652e-02
6.847555e-02
6.850433e-02
6.853336e-02
6.856213e-02
6.859114e-02
6.861989e-02
6.864889e-02
6.867764e-02
6.870662e-02
6.873536e-02
6.876434e-02
6.879307e-02
6.882204e-02
6.885076e-02
6.887972e-02
6.890844e-02
6.893739e-02
6.896610e-02
6.899505e-02
6.902689e-02
6.905936e-02
6.909508e-02
6.913243e-02
6.916379e-02
6.919486e-02
6.922724e-02
6.925846e-02
6.929042e-02
6.932196e-02
6.935471e-02
6.938627e-02
6.942032e-02
6.945697e-02
6.949423e-02
6.953024e-02
6.956795e-02
6.960331e-02
6.964037e-02
6.967533e-02
6.971174e-02
6.974631e-02
6.978210e-02
6.981628e-02
6.985164e-02
6.988546e-02
6.992057e-02
6.995406e-02
6.998792e-02
7.002113e-02
7.005466e-02
7.008759e-02
7.012078e-02
7.015343e-02
7.018630e-02
7.021869e-02
7.025131e-02
7.028718e-02
7.032592e-02
7.036386e-02
7.040267e-02
7.044060e-02
7.047937e-02
7.051728e-02
7.055601e-02
7.059375e-02
7.063148e-02
7.066923e-02
7.070702e-02
7.074416e-02
7.078208e-02
7.081867e-02
7.085596e-02
7.089201e-02
7.092999e-02
7.096549e-02
7.100297e-02
7.103819e-02
7.107523e-02
7.111020e-02
7.114685e-02
7.118157e-02
7.121785e-02
7.125232e-02
7.128823e-02
7.132244e-02
7.135797e-02
7.139193e-02
7.142100e-02
7.145298e-02
7.148208e-02
7.151333e-02
7.154247e-02
7.157321e-02
7.160238e-02
7.163292e-02
7.166212e-02
7.169255e-02
7.172178e-02
7.175214e-02
7.178435e-02
7.181699e-02
7.185037e-02
7.188284e-02
7.191608e-02
7.194840e-02
7.198224e-02
7.201445e-02
7.204861e-02
7.208075e-02
7.211493e-02
7.214700e-02
7.218086e-02
7.221288e-02
7.224607e-02
7.227802e-02
7.231082e-02
7.234271e-02
7.237563e-02
7.240938e-02
7.244389e-02
7.247580e-02
7.250802e-02
7.253991e-02
7.257242e-02
7.260561e-02
7.263782e-02
7.267068e-02
7.270430e-02
7.273875e-02
7.277096e-02
7.280386e-02
7.283757e-02
7.286942e-02
7.290199e-02
7.293533e-02
7.296758e-02
7.300055e-02
7.303281e-02
7.306467e-02
7.309724e-02
7.312909e-02
7.316163e-02
7.319346e-02
7.322599e-02
7.325780e-02
7.329030e-02
7.332209e-02
7.335457e-02
7.338632e-02
7.341879e-02
7.345051e-02
7.348038e-02
7.351079e-02
7.354178e-02
7.357343e-02
7.360335e-02
7.363380e-02
7.366375e-02
7.369422e-02
7.372419e-02
7.375468e-02
7.378467e-02
7.381518e-02
7.384519e-02
7.387573e-02
7.390576e-02
7.393631e-02
7.396636e-02
7.399693e-02
7.402700e-02
7.405760e-02
7.408769e-02
7.411830e-02
7.414841e-02
7.417904e-02
7.420917e-02
7.423982e-02
7.426997e-02
7.430064e-02
7.433081e-02
7.436149e-02
7.439168e-02
7.442212e-02
7.445232e-02
7.448278e-02
7.451301e-02
7.454348e-02
7.457372e-02
7.460422e-02
7.463448e-02
7.466715e-02
7.470040e-02
7.473297e-02
7.476613e-02
7.479858e-02
7.483161e-02
7.486392e-02
7.489655e-02
7.492981e-02
7.496378e-02
7.499657e-02
7.502997e-02
7.506260e-02
7.509582e-02
7.512968e-02
7.516429e-02
7.519690e-02
7.523010e-02
7.526270e-02
7.529557e-02
7.532804e-02
7.536091e-02
7.539337e-02
7.542377e-02
7.545708e-02
7.548752e-02
7.551986e-02
7.555033e-02
7.558218e-02
7.561267e-02
7.564437e-02
7.567489e-02
7.570566e-02
7.573620e-02
7.576700e-02
7.579756e-02
7.582839e-02
7.585897e-02
7.588982e-02
7.592042e-02
7.595129e-02
7.598192e-02
7.601280e-02
7.604345e-02
7.607594e-02
7.610661e-02
7.613882e-02
7.616951e-02
7.620158e-02
7.623228e-02
7.626428e-02
7.629857e-02
7.633110e-02
7.636451e-02
7.639896e-02
7.643227e-02
7.646678e-02
7.650266e-02
7.653557e-02
7.656830e-02
7.660258e-02
7.663829e-02
7.667084e-02
7.670480e-02
7.673711e-02
7.677046e-02
7.680347e-02
7.683786e-02
7.687020e-02
7.690354e-02
7.693495e-02
7.696666e-02
7.699806e-02
7.702977e-02
7.706117e-02
7.709288e-02
7.712429e-02
7.715600e-02
7.718741e-02
7.721913e-02
7.725055e-02
7.728175e-02
7.731318e-02
7.734441e-02
7.737585e-02
7.740831e-02
7.744036e-02
7.747258e-02
7.750463e-02
7.753676e-02
7.756872e-02
7.760080e-02
7.763238e-02
7.766421e-02
7.769614e-02
7.772837e-02
7.776000e-02
7.779211e-02
7.782360e-02
7.785538e-02
7.788684e-02
7.791876e-02
7.795023e-02
7.798205e-02
7.801351e-02
7.804529e-02
7.807675e-02
7.810853e-02
7.814000e-02
7.817179e-02
7.820326e-02
7.823519e-02
7.826671e-02
7.829870e-02
7.833026e-02
7.836239e-02
7.839398e-02
7.842616e-02
7.845780e-02
7.848994e-02
7.852160e-02
7.855375e-02
7.858543e-02
7.861784e-02
7.864951e-02
7.868196e-02
7.871362e-02
7.874510e-02
7.877678e-02
7.880828e-02
7.883998e-02
7.887149e-02
7.890325e-02
7.893478e-02
7.896644e-02
7.899797e-02
7.902976e-02
7.906130e-02
7.909315e-02
7.912470e-02
7.915651e-02
7.918807e-02
7.921989e-02
7.925146e-02
7.928328e-02
7.931486e-02
7.934669e-02
7.937827e-02
7.941012e-02
7.944170e-02
7.947355e-02
7.950515e-02
7.953701e-02
7.956861e-02
7.960047e-02
7.963208e-02
7.966395e-02
7.969557e-02
7.972772e-02
7.975934e-02
7.979150e-02
7.982314e-02
7.985530e-02
7.988694e-02
7.991912e-02
7.995077e-02
7.998295e-02
8.001574e-02
8.004920e-02
8.008342e-02
8.012107e-02
8.016126e-02
8.020148e-02
8.023295e-02
8.026500e-02
8.029769e-02
8.032949e-02
8.036188e-02
8.039494e-02
8.042648e-02
8.045858e-02
8.049014e-02
8.052224e-02
8.055381e-02
8.058592e-02
8.061750e-02
8.064962e-02
8.068121e-02
8.071334e-02
8.074493e-02
8.077707e-02
8.080982e-02
8.084325e-02
8.087746e-02
8.091253e-02
8.094855e-02
8.098562e-02
8.102381e-02
8.106315e-02
8.110314e-02
8.114317e-02
8.117462e-02
8.120673e-02
8.123953e-02
8.127138e-02
8.130387e-02
8.133706e-02
8.136864e-02
8.140080e-02
8.143240e-02
8.146459e-02
8.149620e-02
8.152840e-02
8.156003e-02
8.159223e-02
8.162387e-02
8.165609e-02
8.168774e-02
8.171996e-02
8.175163e-02
8.178386e-02
8.181553e-02
8.184777e-02
8.187946e-02
8.191171e-02
8.194458e-02
8.197816e-02
8.200986e-02
8.204213e-02
8.207502e-02
8.210860e-02
8.214297e-02
8.217821e-02
8.221442e-02
8.225168e-02
8.229006e-02
8.232961e-02
8.236118e-02
8.239350e-02
8.242659e-02
8.245867e-02
8.249147e-02
8.252505e-02
8.255682e-02
8.258924e-02
8.262237e-02
8.265452e-02
8.268732e-02
8.272086e-02
8.275271e-02
8.278520e-02
8.281838e-02
8.285059e-02
8.288346e-02
8.291707e-02
8.294898e-02
8.298154e-02
8.301477e-02
8.304705e-02
8.307998e-02
8.311364e-02
8.314562e-02
8.317823e-02
8.321152e-02
8.324385e-02
8.327684e-02
8.331055e-02
8.334259e-02
8.337526e-02
8.340860e-02
8.344099e-02
8.347403e-02
8.350778e-02
8.353989e-02
8.357262e-02
8.360601e-02
8.364015e-02
8.367230e-02
8.370506e-02
8.373847e-02
8.377263e-02
8.380482e-02
8.383761e-02
8.387106e-02
8.390523e-02
8.394022e-02
8.397612e-02
8.401303e-02
8.405102e-02
8.408307e-02
8.411600e-02
8.414981e-02
8.418252e-02
8.421608e-02
8.425054e-02
8.428290e-02
8.431608e-02
8.435010e-02
8.438299e-02
8.441670e-02
8.445130e-02
8.448382e-02
8.451713e-02
8.455127e-02
8.458428e-02
8.461810e-02
8.465278e-02
8.468543e-02
8.471889e-02
8.475161e-02
8.478512e-02
8.481790e-02
8.485146e-02
8.488427e-02
8.491787e-02
8.495073e-02
8.498437e-02
8.501726e-02
8.505094e-02
8.508386e-02
8.511758e-02
8.515053e-02
8.518429e-02
8.521728e-02
8.525107e-02
8.528410e-02
8.531793e-02
8.535099e-02
8.538486e-02
8.541795e-02
8.545186e-02
8.548499e-02
8.551894e-02
8.555210e-02
8.558609e-02
8.561929e-02
8.565331e-02
8.568655e-02
8.572062e-02
8.575389e-02
8.578800e-02
8.582132e-02
8.585547e-02
8.588882e-02
8.592302e-02
8.595640e-02
8.599064e-02
8.602407e-02
8.605836e-02
8.609183e-02
8.612616e-02
8.615967e-02
8.619405e-02
8.622760e-02
8.626203e-02
8.629562e-02
8.633010e-02
8.636373e-02
8.639826e-02
8.643194e-02
8.646652e-02
8.650024e-02
8.653487e-02
8.657047e-02
8.660715e-02
8.664502e-02
8.668324e-02
8.672142e-02
8.675961e-02
8.679777e-02
8.683593e-02
8.687405e-02
8.691218e-02
8.695028e-02
8.698838e-02
8.702646e-02
8.706453e-02
8.710258e-02
8.714064e-02
8.717867e-02
8.721672e-02
8.725473e-02
8.729276e-02
8.732617e-02
8.736040e-02
8.739544e-02
8.742941e-02
8.746413e-02
8.749817e-02
8.753294e-02
8.756702e-02
8.760077e-02
8.763524e-02
8.766901e-02
8.770349e-02
8.773729e-02
8.777179e-02
8.780713e-02
8.784341e-02
8.788077e-02
8.791882e-02
8.795685e-02
8.799490e-02
8.803294e-02
8.807099e-02
8.810903e-02
8.814709e-02
8.818513e-02
8.822319e-02
8.825765e-02
8.829530e-02
8.833289e-02
8.837076e-02
8.840882e-02
8.844703e-02
8.848510e-02
8.852157e-02
8.855953e-02
8.859604e-02
8.863386e-02
8.867041e-02
8.870808e-02
8.874466e-02
8.877844e-02
8.881286e-02
8.884797e-02
8.888385e-02
8.891770e-02
8.895216e-02
8.898604e-02
8.902052e-02
8.905442e-02
8.908892e-02
8.912283e-02
8.915736e-02
8.919128e-02
8.922583e-02
8.925976e-02
8.929429e-02
8.932824e-02
8.936278e-02
8.939673e-02
8.943129e-02
8.946526e-02
8.949347e-02
8.952261e-02
8.955262e-02
8.958154e-02
8.961128e-02
8.964029e-02
8.966892e-02
8.969834e-02
8.972699e-02
8.975643e-02
8.978510e-02
8.981456e-02
8.984324e-02
8.987271e-02
8.990140e-02
8.992964e-02
8.995835e-02
8.998784e-02
9.001655e-02
9.004606e-02
9.007478e-02
9.010431e-02
9.013474e-02
9.016617e-02
9.019870e-02
9.023241e-02
9.026732e-02
9.030179e-02
9.033720e-02
9.037156e-02
9.040684e-02
9.044109e-02
9.047622e-02
9.051035e-02
9.054534e-02
9.057934e-02
9.061417e-02
9.064805e-02
9.068275e-02
9.071652e-02
9.074453e-02
9.077328e-02
9.080275e-02
9.083127e-02
9.085950e-02
9.088836e-02
9.091660e-02
9.094547e-02
9.097371e-02
9.100257e-02
9.103081e-02
9.105967e-02
9.108790e-02
9.111675e-02
9.114497e-02
9.117381e-02
9.120202e-02
9.123085e-02
9.125906e-02
9.128788e-02
9.131609e-02
9.134491e-02
9.137311e-02
9.140193e-02
9.143014e-02
9.145896e-02
9.148717e-02
9.151599e-02
9.154421e-02
9.157304e-02
9.160126e-02
9.163011e-02
9.165835e-02
9.168721e-02
9.171546e-02
9.174435e-02
9.177261e-02
9.180152e-02
9.183122e-02
9.186178e-02
9.189336e-02
9.192580e-02
9.195883e-02
9.199118e-02
9.202410e-02
9.205637e-02
9.208921e-02
9.212141e-02
9.215424e-02
9.218647e-02
9.221927e-02
9.225143e-02
9.228422e-02
9.231641e-02
9.234915e-02
9.238127e-02
9.241401e-02
9.244615e-02
9.247892e-02
9.251111e-02
9.254384e-02
9.257596e-02
9.260868e-02
9.264082e-02
9.267350e-02
9.270557e-02
9.273825e-02
9.277035e-02
9.280306e-02
9.283520e-02
9.286788e-02
9.289995e-02
9.293261e-02
9.296470e-02
9.299741e-02
9.302952e-02
9.306218e-02
9.309422e-02
9.312685e-02
9.315891e-02
9.319157e-02
9.322366e-02
9.325634e-02
9.328845e-02
9.332108e-02
9.335310e-02
9.338570e-02
9.341773e-02
9.345034e-02
9.348238e-02
9.351501e-02
9.354708e-02
9.357973e-02
9.361181e-02
9.364447e-02
9.367656e-02
9.370923e-02
9.374133e-02
9.377401e-02
9.380612e-02
9.383881e-02
9.387092e-02
9.390361e-02
9.393573e-02
9.396842e-02
9.400054e-02
9.403323e-02
9.406178e-02
9.408995e-02
9.411864e-02
9.414684e-02
9.417561e-02
9.420384e-02
9.423264e-02
9.426088e-02
9.428968e-02
9.431795e-02
9.434674e-02
9.437502e-02
9.440384e-02
9.443214e-02
9.446099e-02
9.448933e-02
9.451821e-02
9.454657e-02
9.457549e-02
9.460363e-02
9.463259e-02
9.466074e-02
9.468975e-02
9.471791e-02
9.474698e-02
9.477515e-02
9.480428e-02
9.483242e-02
9.486127e-02
9.488946e-02
9.491809e-02
9.494630e-02
9.497472e-02
9.500293e-02
9.503136e-02
9.505958e-02
9.508921e-02
9.511740e-02
9.514727e-02
9.517544e-02
9.520504e-02
9.523318e-02
9.526155e-02
9.529102e-02
9.532156e-02
9.535324e-02
9.538375e-02
9.541569e-02
9.544660e-02
9.547481e-02
9.550548e-02
9.553364e-02
9.556418e-02
9.559605e-02
9.562523e-02
9.565498e-02
9.568416e-02
9.571310e-02
9.574229e-02
9.577206e-02
9.580247e-02
9.583358e-02
9.586606e-02
9.589725e-02
9.592993e-02
9.595881e-02
9.598795e-02
9.601684e-02
9.604600e-02
9.607491e-02
9.610409e-02
9.613301e-02
9.616221e-02
9.619115e-02
9.622034e-02
9.624928e-02
9.627848e-02
9.630744e-02
9.633930e-02
9.637108e-02
9.640432e-02
9.643612e-02
9.646940e-02
9.649965e-02
9.653145e-02
9.656333e-02
9.659665e-02
9.662783e-02
9.665965e-02
9.669085e-02
9.672268e-02
9.675389e-02
9.678571e-02
9.681694e-02
9.684877e-02
9.688001e-02
9.690988e-02
9.693947e-02
9.697130e-02
9.700256e-02
9.703388e-02
9.706358e-02
9.709481e-02
9.712585e-02
9.715748e-02
9.718726e-02
9.721765e-02
9.724870e-02
9.728034e-02
9.731010e-02
9.734013e-02
9.736987e-02
9.739988e-02
9.742961e-02
9.745965e-02
9.748944e-02
9.752108e-02
9.755088e-02
9.758100e-02
9.761088e-02
9.764254e-02
9.767343e-02
9.770463e-02
9.773552e-02
9.776672e-02
9.779762e-02
9.782882e-02
9.785878e-02
9.788932e-02
9.791897e-02
9.794891e-02
9.797860e-02
9.800858e-02
9.803830e-02
9.806900e-02
9.809869e-02
9.812868e-02
9.815854e-02
9.818860e-02
9.821849e-02
9.824860e-02
9.827929e-02
9.831068e-02
9.834159e-02
9.837309e-02
9.840310e-02
9.843430e-02
9.846433e-02
9.849582e-02
9.852592e-02
9.855698e-02
9.858715e-02
9.861820e-02
9.864897e-02
9.868002e-02
9.871067e-02
9.874159e-02
9.877194e-02
9.880342e-02
9.883373e-02
9.886466e-02
9.889537e-02
9.892598e-02
9.895627e-02
9.898682e-02
9.901709e-02
9.904754e-02
9.907852e-02
9.911017e-02
9.914033e-02
9.917071e-02
9.920079e-02
9.923118e-02
9.926131e-02
9.929149e-02
9.932215e-02
9.935587e-02
9.938660e-02
9.941749e-02
9.944910e-02
9.948002e-02
9.951064e-02
9.954153e-02
9.957213e-02
9.960317e-02
9.963316e-02
9.966432e-02
9.969428e-02
9.972507e-02
9.975502e-02
9.978529e-02
9.981527e-02
9.984619e-02
9.987617e-02
9.990637e-02
9.993630e-02
9.996646e-02
9.999634e-02
1.000264e-01
1.000564e-01
1.000866e-01
1.001172e-01
1.001474e-01
1.001773e-01
1.002074e-01
1.002373e-01
1.002674e-01
1.002980e-01
1.003283e-01
1.003592e-01
1.003895e-01
1.004204e-01
1.004510e-01
1.004823e-01
1.005144e-01
1.005447e-01
1.005751e-01
1.006061e-01
1.006369e-01
1.006685e-01
1.007010e-01
1.007312e-01
1.007620e-01
1.007934e-01
1.008239e-01
1.008550e-01
1.008869e-01
1.009173e-01
1.009484e-01
1.009810e-01
1.010124e-01
1.010448e-01
1.010783e-01
1.011094e-01
1.011414e-01
1.011747e-01
1.012067e-01
1.012384e-01
1.012711e-01
1.013027e-01
1.013358e-01
1.013680e-01
1.014014e-01
1.014364e-01
1.014735e-01
1.015063e-01
1.015406e-01
1.015764e-01
1.016140e-01
1.016473e-01
1.016826e-01
1.017129e-01
1.017438e-01
1.017752e-01
1.018074e-01
1.018381e-01
1.018695e-01
1.019022e-01
1.019373e-01
1.019683e-01
1.020001e-01
1.020336e-01
1.020697e-01
1.021007e-01
1.021328e-01
1.021664e-01
1.021980e-01
1.022297e-01
1.022623e-01
1.022937e-01
1.023262e-01
1.023598e-01
1.023945e-01
1.024269e-01
1.024604e-01
1.024954e-01
1.025288e-01
1.025638e-01
1.026003e-01
1.026335e-01
1.026686e-01
1.027055e-01
1.027399e-01
1.027766e-01
1.028154e-01
1.028460e-01
1.028768e-01
1.029073e-01
1.029409e-01
1.029716e-01
1.030036e-01
1.030346e-01
1.030662e-01
1.030985e-01
1.031320e-01
1.031636e-01
1.031967e-01
1.032279e-01
1.032600e-01
1.032930e-01
1.033276e-01
1.033593e-01
1.033918e-01
1.034257e-01
1.034598e-01
1.034959e-01
1.035303e-01
1.035655e-01
1.036021e-01
1.036343e-01
1.036676e-01
1.037022e-01
1.037380e-01
1.037736e-01
1.038070e-01
1.038418e-01
1.038776e-01
1.039109e-01
1.039460e-01
1.039817e-01
1.040167e-01
1.040522e-01
1.040886e-01
1.041235e-01
1.041598e-01
1.041909e-01
1.042221e-01
1.042544e-01
1.042881e-01
1.043192e-01
1.043516e-01
1.043853e-01
1.044206e-01
1.044561e-01
1.044930e-01
1.045310e-01
1.045700e-01
1.046090e-01
1.046480e-01
1.046855e-01
1.047240e-01
1.047631e-01
1.048017e-01
1.048381e-01
1.048770e-01
1.049160e-01
1.049550e-01
1.049940e-01
1.050329e-01
1.050719e-01
1.051108e-01
1.051498e-01
1.051886e-01
1.052276e-01
1.052665e-01
1.053054e-01
1.053443e-01
1.053832e-01
1.054221e-01
1.054610e-01
1.054998e-01
1.055388e-01
1.055776e-01
1.056165e-01
1.056553e-01
1.056942e-01
1.057330e-01
1.057718e-01
1.058106e-01
1.058495e-01
1.058883e-01
1.059272e-01
1.059660e-01
1.060048e-01
1.060436e-01
1.060749e-01
1.061079e-01
1.061389e-01
1.061714e-01
1.062055e-01
1.062412e-01
1.062787e-01
1.063175e-01
1.063563e-01
1.063951e-01
1.064339e-01
1.064727e-01
1.065043e-01
1.065378e-01
1.065732e-01
1.066058e-01
1.066397e-01
1.066757e-01
1.067067e-01
1.067396e-01
1.067744e-01
1.068095e-01
1.068418e-01
1.068755e-01
1.069104e-01
1.069462e-01
1.069829e-01
1.070212e-01
1.070599e-01
1.070987e-01
1.071374e-01
1.071762e-01
1.072148e-01
1.072536e-01
1.072923e-01
1.073311e-01
1.073697e-01
1.074085e-01
1.074472e-01
1.074859e-01
1.075246e-01
1.075634e-01
1.076020e-01
1.076407e-01
1.076793e-01
1.077180e-01
1.077566e-01
1.077953e-01
1.078338e-01
1.078725e-01
1.079110e-01
1.079496e-01
1.079881e-01
1.080266e-01
1.080651e-01
1.081036e-01
1.081420e-01
1.081805e-01
1.082189e-01
1.082574e-01
1.082957e-01
1.083341e-01
1.083724e-01
1.084108e-01
1.084490e-01
1.084874e-01
1.085256e-01
1.085640e-01
1.086022e-01
1.086404e-01
1.086785e-01
1.087164e-01
1.087543e-01
1.087923e-01
1.088304e-01
1.088686e-01
1.089064e-01
1.089439e-01
1.089815e-01
1.090191e-01
1.090569e-01
1.090948e-01
1.091330e-01
1.091713e-01
1.092099e-01
1.092484e-01
1.092869e-01
1.093253e-01
1.093637e-01
1.094020e-01
1.094403e-01
1.094787e-01
1.095170e-01
1.095554e-01
1.095938e-01
1.096323e-01
1.096708e-01
1.097093e-01
1.097478e-01
1.097863e-01
1.098247e-01
1.098632e-01
1.099017e-01
1.099402e-01
1.099786e-01
1.100173e-01
1.100558e-01
1.100944e-01
1.101339e-01
1.101742e-01
1.102149e-01
1.102561e-01
1.102977e-01
1.103394e-01
1.103821e-01
1.104236e-01
1.104659e-01
1.105075e-01
1.105502e-01
1.105919e-01
1.106346e-01
1.106765e-01
1.107192e-01
1.107619e-01
1.108046e-01
1.108473e-01
1.108900e-01
1.109327e-01
1.109740e-01
1.110167e-01
1.110593e-01
1.111020e-01
1.111446e-01
1.111873e-01
1.112299e-01
1.112726e-01
1.113152e-01
1.113578e-01
1.114004e-01
1.114431e-01
1.114857e-01
1.115283e-01
1.115709e-01
1.116135e-01
1.116561e-01
1.116988e-01
1.117414e-01
1.117840e-01
1.118266e-01
1.118692e-01
1.119118e-01
1.119544e-01
1.119970e-01
1.120396e-01
1.120823e-01
1.121249e-01
1.121675e-01
1.122101e-01
1.122528e-01
1.122954e-01
1.123381e-01
1.123807e-01
1.124234e-01
1.124657e-01
1.125076e-01
1.125491e-01
1.125902e-01
1.126308e-01
1.126711e-01
1.127109e-01
1.127506e-01
1.127901e-01
1.128293e-01
1.128685e-01
1.128991e-01
1.129321e-01
1.129672e-01
1.130000e-01
1.130317e-01
1.130651e-01
1.130966e-01
1.131300e-01
1.131651e-01
1.131971e-01
1.132285e-01
1.132618e-01
1.132928e-01
1.133253e-01
1.133562e-01
1.133886e-01
1.134194e-01
1.134522e-01
1.134829e-01
1.135151e-01
1.135458e-01
1.135782e-01
1.136090e-01
1.136414e-01
1.136723e-01
1.137043e-01
1.137354e-01
1.137676e-01
1.137988e-01
1.138307e-01
1.138631e-01
1.138945e-01
1.139265e-01
1.139573e-01
1.139885e-01
1.140188e-01
1.140494e-01
1.140793e-01
1.141094e-01
1.141388e-01
1.141685e-01
1.141977e-01
1.142271e-01
1.142560e-01
1.142852e-01
1.143139e-01
1.143456e-01
1.143793e-01
1.144117e-01
1.144453e-01
1.144777e-01
1.145111e-01
1.145436e-01
1.145770e-01
1.146095e-01
1.146429e-01
1.146755e-01
1.147089e-01
1.147424e-01
1.147758e-01
1.148084e-01
1.148418e-01
1.148753e-01
1.149087e-01
1.149422e-01
1.149755e-01
1.150090e-01
1.150424e-01
1.150759e-01
1.151089e-01
1.151424e-01
1.151752e-01
1.152087e-01
1.152413e-01
1.152745e-01
1.153069e-01
1.153399e-01
1.153721e-01
1.154049e-01
1.154369e-01
1.154696e-01
1.155015e-01
1.155341e-01
1.155661e-01
1.155987e-01
1.156307e-01
1.156633e-01
1.156952e-01
1.157279e-01
1.157599e-01
1.157925e-01
1.158244e-01
1.158571e-01
1.158890e-01
1.159217e-01
1.159536e-01
1.159862e-01
1.160182e-01
1.160509e-01
1.160829e-01
1.161155e-01
1.161474e-01
1.161801e-01
1.162122e-01
1.162449e-01
1.162770e-01
1.163098e-01
1.163419e-01
1.163747e-01
1.164068e-01
1.164396e-01
1.164717e-01
1.165045e-01
1.165367e-01
1.165695e-01
1.166017e-01
1.166346e-01
1.166668e-01
1.166997e-01
1.167320e-01
1.167649e-01
1.167972e-01
1.168302e-01
1.168625e-01
1.168955e-01
1.169279e-01
1.169610e-01
1.169934e-01
1.170265e-01
1.170590e-01
1.170922e-01
1.171248e-01
1.171580e-01
1.171907e-01
1.172240e-01
1.172568e-01
1.172902e-01
1.173231e-01
1.173567e-01
1.173857e-01
1.174175e-01
1.174468e-01
1.174790e-01
1.175088e-01
1.175415e-01
1.175718e-01
1.176048e-01
1.176361e-01
1.176698e-01
1.177024e-01
1.177369e-01
1.177712e-01
1.178078e-01
1.178441e-01
1.178828e-01
1.179214e-01
1.179605e-01
1.179997e-01
1.180390e-01
1.180783e-01
1.181176e-01
1.181571e-01
1.181964e-01
1.182357e-01
1.182749e-01
1.183140e-01
1.183530e-01
1.183920e-01
1.184309e-01
1.184697e-01
1.185085e-01
1.185472e-01
1.185859e-01
1.186244e-01
1.186630e-01
1.187015e-01
1.187400e-01
1.187784e-01
1.188168e-01
1.188552e-01
1.188935e-01
1.189318e-01
1.189701e-01
1.190083e-01
1.190466e-01
1.190847e-01
1.191229e-01
1.191610e-01
1.191991e-01
1.192372e-01
1.192753e-01
1.193133e-01
1.193513e-01
1.193893e-01
1.194273e-01
1.194652e-01
1.195032e-01
1.195411e-01
1.195790e-01
1.196169e-01
1.196548e-01
1.196926e-01
1.197305e-01
1.197683e-01
1.198061e-01
1.198439e-01
1.198817e-01
1.199194e-01
1.199571e-01
1.199948e-01
1.200325e-01
1.200701e-01
1.200985e-01
1.201298e-01
1.201583e-01
1.201897e-01
1.202183e-01
1.202497e-01
1.202784e-01
1.203099e-01
1.203386e-01
1.203702e-01
1.203989e-01
1.204306e-01
1.204594e-01
1.204911e-01
1.205199e-01
1.205517e-01
1.205805e-01
1.206123e-01
1.206412e-01
1.206730e-01
1.207019e-01
1.207337e-01
1.207626e-01
1.207915e-01
1.208198e-01
1.208485e-01
1.208768e-01
1.209080e-01
1.209363e-01
1.209648e-01
1.209931e-01
1.210217e-01
1.210500e-01
1.210785e-01
1.211068e-01
1.211380e-01
1.211663e-01
1.211974e-01
1.212257e-01
1.212569e-01
1.212852e-01
1.213163e-01
1.213506e-01
1.213883e-01
1.214260e-01
1.214637e-01
1.215015e-01
1.215393e-01
1.215677e-01
1.215989e-01
1.216273e-01
1.216562e-01
1.216847e-01
1.217136e-01
1.217421e-01
1.217711e-01
1.218005e-01
1.218305e-01
1.218596e-01
1.218889e-01
1.219179e-01
1.219473e-01
1.219763e-01
1.220055e-01
1.220365e-01
1.220665e-01
1.220951e-01
1.221252e-01
1.221562e-01
1.221855e-01
1.222142e-01
1.222437e-01
1.222725e-01
1.223016e-01
1.223304e-01
1.223596e-01
1.223883e-01
1.224175e-01
1.224462e-01
1.224754e-01
1.225041e-01
1.225333e-01
1.225622e-01
1.225914e-01
1.226204e-01
1.226496e-01
1.226787e-01
1.227079e-01
1.227373e-01
1.227665e-01
1.227959e-01
1.228252e-01
1.228544e-01
1.228836e-01
1.229125e-01
1.229419e-01
1.229707e-01
1.230001e-01
1.230289e-01
1.230582e-01
1.230870e-01
1.231163e-01
1.231450e-01
1.231742e-01
1.232029e-01
1.232321e-01
1.232608e-01
1.232902e-01
1.233190e-01
1.233484e-01
1.233772e-01
1.234066e-01
1.234353e-01
1.234646e-01
1.234933e-01
1.235227e-01
1.235516e-01
1.235812e-01
1.236101e-01
1.236400e-01
1.236692e-01
1.236996e-01
1.237293e-01
1.237605e-01
1.237909e-01
1.238230e-01
1.238564e-01
1.238908e-01
1.239258e-01
1.239621e-01
1.239996e-01
1.240379e-01
1.240764e-01
1.241148e-01
1.241532e-01
1.241916e-01
1.242300e-01
1.242684e-01
1.243068e-01
1.243451e-01
1.243834e-01
1.244218e-01
1.244601e-01
1.244983e-01
1.245366e-01
1.245749e-01
1.246131e-01
1.246513e-01
1.246896e-01
1.247278e-01
1.247660e-01
1.248042e-01
1.248423e-01
1.248805e-01
1.249187e-01
1.249568e-01
1.249949e-01
1.250331e-01
1.250711e-01
1.251092e-01
1.251473e-01
1.251854e-01
1.252234e-01
1.252615e-01
1.252995e-01
1.253375e-01
1.253756e-01
1.254136e-01
1.254517e-01
1.254897e-01
1.255278e-01
1.255659e-01
1.256040e-01
1.256420e-01
1.256801e-01
1.257182e-01
1.257563e-01
1.257943e-01
1.258324e-01
1.258704e-01
1.259085e-01
1.259466e-01
1.259847e-01
1.260228e-01
1.260608e-01
1.260990e-01
1.261371e-01
1.261752e-01
1.262133e-01
1.262515e-01
1.262897e-01
1.263278e-01
1.263660e-01
1.264041e-01
1.264423e-01
1.264805e-01
1.265186e-01
1.265568e-01
1.265950e-01
1.266332e-01
1.266714e-01
1.267096e-01
1.267478e-01
1.267860e-01
1.268243e-01
1.268625e-01
1.269008e-01
1.269390e-01
1.269773e-01
1.270156e-01
1.270538e-01
1.270921e-01
1.271303e-01
1.271686e-01
1.272068e-01
1.272451e-01
1.272834e-01
1.273216e-01
1.273599e-01
1.273982e-01
1.274365e-01
1.274748e-01
1.275130e-01
1.275513e-01
1.275896e-01
1.276278e-01
1.276661e-01
1.277043e-01
1.277426e-01
1.277808e-01
1.278191e-01
1.278574e-01
1.278956e-01
1.279339e-01
1.279722e-01
1.280104e-01
1.280487e-01
1.280870e-01
1.281253e-01
1.281635e-01
1.282018e-01
1.282401e-01
1.282784e-01
1.283166e-01
1.283549e-01
1.283932e-01
1.284315e-01
1.284699e-01
1.285082e-01
1.285465e-01
1.285848e-01
1.286232e-01
1.286615e-01
1.286998e-01
1.287381e-01
1.287765e-01
1.288148e-01
1.288532e-01
1.288915e-01
1.289299e-01
1.289683e-01
1.290066e-01
1.290450e-01
1.290833e-01
1.291217e-01
1.291600e-01
1.291984e-01
1.292367e-01
1.292751e-01
1.293134e-01
1.293518e-01
1.293901e-01
1.294284e-01
1.294667e-01
1.295050e-01
1.295433e-01
1.295816e-01
1.296199e-01
1.296583e-01
1.296966e-01
1.297349e-01
1.297732e-01
1.298114e-01
1.298497e-01
1.298880e-01
1.299263e-01
1.299646e-01
1.300028e-01
1.300411e-01
1.300794e-01
1.301177e-01
1.301560e-01
1.301943e-01
1.302326e-01
1.302709e-01
1.303092e-01
1.303475e-01
1.303859e-01
1.304242e-01
1.304626e-01
1.305010e-01
1.305394e-01
1.305778e-01
1.306162e-01
1.306546e-01
1.306931e-01
1.307316e-01
1.307701e-01
1.308086e-01
1.308472e-01
1.308858e-01
1.309244e-01
1.309630e-01
1.310017e-01
1.310404e-01
1.310791e-01
1.311179e-01
1.311567e-01
1.311955e-01
1.312343e-01
1.312731e-01
1.313121e-01
1.313509e-01
1.313900e-01
1.314288e-01
1.314679e-01
1.315069e-01
1.315461e-01
1.315850e-01
1.316243e-01
1.316634e-01
1.317027e-01
1.317418e-01
1.317812e-01
1.318204e-01
1.318599e-01
1.318991e-01
1.319387e-01
1.319780e-01
1.320177e-01
1.320570e-01
1.320968e-01
1.321362e-01
1.321761e-01
1.322156e-01
1.322555e-01
1.322951e-01
1.323350e-01
1.323748e-01
1.324147e-01
1.324546e-01
1.324946e-01
1.325345e-01
1.325745e-01
1.326146e-01
1.326547e-01
1.326948e-01
1.327349e-01
1.327750e-01
1.328152e-01
1.328554e-01
1.328956e-01
1.329359e-01
1.329761e-01
1.330164e-01
1.330568e-01
1.330971e-01
1.331375e-01
1.331779e-01
1.332183e-01
1.332587e-01
1.332992e-01
1.333397e-01
1.333802e-01
1.334207e-01
1.334613e-01
1.335019e-01
1.335425e-01
1.335832e-01
1.336239e-01
1.336646e-01
1.337053e-01
1.337460e-01
1.337868e-01
1.338276e-01
1.338685e-01
1.339093e-01
1.339502e-01
1.339911e-01
1.340320e-01
1.340730e-01
1.341140e-01
1.341550e-01
1.341960e-01
1.342371e-01
1.342782e-01
1.343193e-01
1.343604e-01
1.344016e-01
1.344428e-01
1.344840e-01
1.345252e-01
1.345664e-01
1.346077e-01
1.346490e-01
1.346903e-01
1.347317e-01
1.347730e-01
1.348144e-01
1.348559e-01
1.348973e-01
1.349387e-01
1.349802e-01
1.350217e-01
1.350632e-01
1.351048e-01
1.351463e-01
1.351879e-01
1.352295e-01
1.352711e-01
1.353128e-01
1.353545e-01
1.353961e-01
1.354378e-01
1.354796e-01
1.355213e-01
1.355631e-01
1.356049e-01
1.356467e-01
1.356885e-01
1.357303e-01
1.357722e-01
1.358141e-01
1.358560e-01
1.358979e-01
1.359397e-01
1.359816e-01
1.360235e-01
1.360654e-01
1.361073e-01
1.361492e-01
1.361912e-01
1.362331e-01
1.362750e-01
1.363169e-01
1.363588e-01
1.364008e-01
1.364427e-01
1.364846e-01
1.365266e-01
1.365685e-01
1.366105e-01
1.366524e-01
1.366944e-01
1.367363e-01
1.367783e-01
1.368202e-01
1.368622e-01
1.369042e-01
1.369462e-01
1.369881e-01
1.370301e-01
1.370721e-01
1.371141e-01
1.371561e-01
1.371981e-01
1.372401e-01
1.372821e-01
1.373241e-01
1.373661e-01
1.374081e-01
1.374501e-01
1.374921e-01
1.375341e-01
1.375762e-01
1.376182e-01
1.376602e-01
1.377022e-01
1.377443e-01
1.377863e-01
1.378284e-01
1.378704e-01
1.379124e-01
1.379544e-01
1.379964e-01
1.380384e-01
1.380804e-01
1.381224e-01
1.381644e-01
1.382064e-01
1.382484e-01
1.382903e-01
1.383323e-01
1.383742e-01
1.384161e-01
1.384580e-01
1.384999e-01
1.385418e-01
1.385837e-01
1.386256e-01
1.386674e-01
1.387093e-01
1.387511e-01
1.387930e-01
1.388348e-01
1.388766e-01
1.389183e-01
1.389601e-01
1.390019e-01
1.390436e-01
1.390853e-01
1.391270e-01
1.391687e-01
1.392104e-01
1.392520e-01
1.392937e-01
1.393353e-01
1.393770e-01
1.394186e-01
1.394602e-01
1.395017e-01
1.395433e-01
1.395849e-01
1.396264e-01
1.396679e-01
1.397094e-01
1.397510e-01
1.397925e-01
1.398340e-01
1.398754e-01
1.399169e-01
1.399584e-01
1.399998e-01
1.400412e-01
1.400827e-01
1.401241e-01
1.401655e-01
1.402069e-01
1.402483e-01
1.402898e-01
1.403312e-01
1.403726e-01
1.404140e-01
1.404554e-01
1.404967e-01
1.405381e-01
1.405795e-01
1.406209e-01
1.406623e-01
1.407037e-01
1.407450e-01
1.407864e-01
1.408278e-01
1.408692e-01
1.409106e-01
1.409520e-01
1.409934e-01
1.410348e-01
1.410762e-01
1.411177e-01
1.411591e-01
1.412005e-01
1.412419e-01
1.412834e-01
1.413249e-01
1.413663e-01
1.414078e-01
1.414493e-01
1.414907e-01
1.415322e-01
1.415737e-01
1.416152e-01
1.416567e-01
1.416982e-01
1.417398e-01
1.417813e-01
1.418228e-01
1.418644e-01
1.419059e-01
1.419475e-01
1.419891e-01
1.420306e-01
1.420722e-01
1.421138e-01
1.421554e-01
1.421969e-01
1.422385e-01
1.422801e-01
1.423217e-01
1.423633e-01
1.424049e-01
1.424465e-01
1.424881e-01
1.425297e-01
1.425713e-01
1.426129e-01
1.426542e-01
1.426957e-01
1.427366e-01
1.427781e-01
1.428185e-01
1.428593e-01
1.428993e-01
1.429395e-01
1.429791e-01
1.430206e-01
1.430599e-01
1.431015e-01
1.431406e-01
1.431821e-01
1.432213e-01
1.432627e-01
1.433018e-01
1.433432e-01
1.433823e-01
1.434237e-01
1.434627e-01
1.435041e-01
1.435431e-01
1.435845e-01
1.436234e-01
1.436628e-01
1.437017e-01
1.437411e-01
1.437800e-01
1.438194e-01
1.438583e-01
1.438976e-01
1.439365e-01
1.439759e-01
1.440148e-01
1.440541e-01
1.440930e-01
1.441323e-01
1.441712e-01
1.442105e-01
1.442494e-01
1.442887e-01
1.443276e-01
1.443669e-01
1.444057e-01
1.444450e-01
1.444839e-01
1.445231e-01
1.445620e-01
1.446031e-01
1.446442e-01
1.446853e-01
1.447264e-01
1.447675e-01
1.448086e-01
1.448497e-01
1.448908e-01
1.449318e-01
1.449729e-01
1.450140e-01
1.450551e-01
1.450962e-01
1.451373e-01
1.451784e-01
1.452195e-01
1.452606e-01
1.453017e-01
1.453429e-01
1.453840e-01
1.454251e-01
1.454663e-01
1.455074e-01
1.455486e-01
1.455898e-01
1.456310e-01
1.456722e-01
1.457134e-01
1.457546e-01
1.457958e-01
1.458371e-01
1.458783e-01
1.459196e-01
1.459609e-01
1.460022e-01
1.460435e-01
1.460848e-01
1.461261e-01
1.461675e-01
1.462088e-01
1.462502e-01
1.462807e-01
1.463138e-01
1.463489e-01
1.463859e-01
1.464247e-01
1.464658e-01
1.465073e-01
1.465485e-01
1.465900e-01
1.466311e-01
1.466624e-01
1.466965e-01
1.467307e-01
1.467670e-01
1.468015e-01
1.468381e-01
1.468726e-01
1.469092e-01
1.469438e-01
1.469804e-01
1.470150e-01
1.470516e-01
1.470861e-01
1.471227e-01
1.471572e-01
1.471937e-01
1.472282e-01
1.472646e-01
1.472990e-01
1.473355e-01
1.473698e-01
1.474062e-01
1.474405e-01
1.474768e-01
1.475110e-01
1.475472e-01
1.475814e-01
1.476171e-01
1.476513e-01
1.476870e-01
1.477211e-01
1.477566e-01
1.477906e-01
1.478260e-01
1.478598e-01
1.478949e-01
1.479285e-01
1.479633e-01
1.479968e-01
1.480313e-01
1.480644e-01
1.480987e-01
1.481317e-01
1.481656e-01
1.481984e-01
1.482320e-01
1.482645e-01
1.482978e-01
1.483300e-01
1.483628e-01
1.483948e-01
1.484273e-01
1.484590e-01
1.484918e-01
1.485232e-01
1.485555e-01
1.485867e-01
1.486186e-01
1.486495e-01
1.486810e-01
1.487116e-01
1.487426e-01
1.487729e-01
1.488035e-01
1.488334e-01
1.488635e-01
1.488932e-01
1.489230e-01
1.489524e-01
1.489820e-01
1.490113e-01
1.490408e-01
1.490701e-01
1.490995e-01
1.491287e-01
1.491582e-01
1.491874e-01
1.492168e-01
1.492460e-01
1.492755e-01
1.493047e-01
1.493342e-01
1.493634e-01
1.493930e-01
1.494223e-01
1.494520e-01
1.494814e-01
1.495112e-01
1.495407e-01
1.495708e-01
1.496005e-01
1.496308e-01
1.496607e-01
1.496913e-01
1.497214e-01
1.497524e-01
1.497828e-01
1.498141e-01
1.498448e-01
1.498766e-01
1.499077e-01
1.499400e-01
1.499714e-01
1.500036e-01
1.500355e-01
1.500683e-01
1.501005e-01
1.501335e-01
1.501659e-01
1.501990e-01
1.502315e-01
1.502647e-01
1.502972e-01
1.503306e-01
1.503631e-01
1.503965e-01
1.504291e-01
1.504625e-01
1.504950e-01
1.505284e-01
1.505609e-01
1.505942e-01
1.506267e-01
1.506599e-01
1.506922e-01
1.507254e-01
1.507577e-01
1.507908e-01
1.508230e-01
1.508560e-01
1.508882e-01
1.509211e-01
1.509531e-01
1.509859e-01
1.510178e-01
1.510505e-01
1.510825e-01
1.511152e-01
1.511471e-01
1.511799e-01
1.512118e-01
1.512445e-01
1.512765e-01
1.513092e-01
1.513411e-01
1.513738e-01
1.514057e-01
1.514384e-01
1.514704e-01
1.515030e-01
1.515350e-01
1.515676e-01
1.515995e-01
1.516322e-01
1.516640e-01
1.516967e-01
1.517286e-01
1.517612e-01
1.517931e-01
1.518257e-01
1.518575e-01
1.518901e-01
1.519219e-01
1.519544e-01
1.519861e-01
1.520184e-01
1.520500e-01
1.520826e-01
1.521140e-01
1.521464e-01
1.521776e-01
1.522097e-01
1.522408e-01
1.522727e-01
1.523035e-01
1.523352e-01
1.523658e-01
1.523972e-01
1.524276e-01
1.524587e-01
1.524889e-01
1.525197e-01
1.525498e-01
1.525804e-01
1.526103e-01
1.526408e-01
1.526706e-01
1.527009e-01
1.527307e-01
1.527609e-01
1.527906e-01
1.528208e-01
1.528504e-01
1.528805e-01
1.529101e-01
1.529400e-01
1.529696e-01
1.529995e-01
1.530290e-01
1.530588e-01
1.530883e-01
1.531180e-01
1.531474e-01
1.531771e-01
1.532065e-01
1.532361e-01
1.532654e-01
1.532951e-01
1.533243e-01
1.533539e-01
1.533831e-01
1.534127e-01
1.534419e-01
1.534740e-01
1.535032e-01
1.535353e-01
1.535645e-01
1.535966e-01
1.536257e-01
1.536578e-01
1.536870e-01
1.537190e-01
1.537482e-01
1.537803e-01
1.538094e-01
1.538415e-01
1.538707e-01
1.539028e-01
1.539320e-01
1.539615e-01
1.539907e-01
1.540206e-01
1.540498e-01
1.540801e-01
1.541093e-01
1.541398e-01
1.541691e-01
1.541996e-01
1.542289e-01
1.542594e-01
1.542888e-01
1.543193e-01
1.543487e-01
1.543791e-01
1.544086e-01
1.544390e-01
1.544686e-01
1.544990e-01
1.545286e-01
1.545590e-01
1.545887e-01
1.546191e-01
1.546489e-01
1.546794e-01
1.547091e-01
1.547397e-01
1.547696e-01
1.548002e-01
1.548301e-01
1.548608e-01
1.548907e-01
1.549215e-01
1.549515e-01
1.549824e-01
1.550125e-01
1.550434e-01
1.550735e-01
1.551045e-01
1.551347e-01
1.551658e-01
1.551961e-01
1.552272e-01
1.552575e-01
1.552887e-01
1.553191e-01
1.553503e-01
1.553807e-01
1.554119e-01
1.554424e-01
1.554736e-01
1.555041e-01
1.555353e-01
1.555657e-01
1.555969e-01
1.556273e-01
1.556584e-01
1.556888e-01
1.557197e-01
1.557500e-01
1.557808e-01
1.558110e-01
1.558416e-01
1.558717e-01
1.559023e-01
1.559324e-01
1.559654e-01
1.559954e-01
1.560258e-01
1.560558e-01
1.560862e-01
1.561161e-01
1.561465e-01
1.561764e-01
1.562067e-01
1.562366e-01
1.562669e-01
1.562968e-01
1.563270e-01
1.563569e-01
1.563871e-01
1.564169e-01
1.564471e-01
1.564769e-01
1.565071e-01
1.565369e-01
1.565670e-01
1.565967e-01
1.566268e-01
1.566565e-01
1.566866e-01
1.567163e-01
1.567463e-01
1.567792e-01
1.568155e-01
1.568474e-01
1.568817e-01
1.569159e-01
1.569511e-01
1.569855e-01
1.570208e-01
1.570550e-01
1.570900e-01
1.571240e-01
1.571587e-01
1.571924e-01
1.572266e-01
1.572600e-01
1.572939e-01
1.573271e-01
1.573607e-01
1.573937e-01
1.574277e-01
1.574604e-01
1.574942e-01
1.575269e-01
1.575605e-01
1.575930e-01
1.576265e-01
1.576589e-01
1.576921e-01
1.577243e-01
1.577573e-01
1.577893e-01
1.578220e-01
1.578538e-01
1.578862e-01
1.579178e-01
1.579499e-01
1.579812e-01
1.580129e-01
1.580441e-01
1.580755e-01
1.581065e-01
1.581377e-01
1.581685e-01
1.581996e-01
1.582302e-01
1.582612e-01
1.582917e-01
1.583226e-01
1.583531e-01
1.583867e-01
1.584167e-01
1.584497e-01
1.584799e-01
1.585124e-01
1.585427e-01
1.585746e-01
1.586052e-01
1.586372e-01
1.586683e-01
1.587008e-01
1.587326e-01
1.587661e-01
1.587990e-01
1.588333e-01
1.588677e-01
1.589036e-01
1.589392e-01
1.589766e-01
1.590130e-01
1.590512e-01
1.590880e-01
1.591262e-01
1.591630e-01
1.592011e-01
1.592378e-01
1.592758e-01
1.593123e-01
1.593501e-01
1.593866e-01
1.594243e-01
1.594606e-01
1.594982e-01
1.595343e-01
1.595717e-01
1.596077e-01
1.596449e-01
1.596805e-01
1.597175e-01
1.597531e-01
1.597899e-01
1.598254e-01
1.598623e-01
1.598978e-01
1.599347e-01
1.599702e-01
1.600077e-01
1.600431e-01
1.600806e-01
1.601160e-01
1.601537e-01
1.601891e-01
1.602269e-01
1.602624e-01
1.603003e-01
1.603359e-01
1.603740e-01
1.604097e-01
1.604480e-01
1.604838e-01
1.605224e-01
1.605583e-01
1.605971e-01
1.606331e-01
1.606721e-01
1.607082e-01
1.607473e-01
1.607834e-01
1.608225e-01
1.608586e-01
1.608975e-01
1.609335e-01
1.609721e-01
1.610077e-01
1.610457e-01
1.610809e-01
1.611173e-01
1.611517e-01
1.611865e-01
1.612203e-01
1.612544e-01
1.612877e-01
1.613213e-01
1.613543e-01
1.613876e-01
1.614203e-01
1.614535e-01
1.614861e-01
1.615191e-01
1.615515e-01
1.615845e-01
1.616169e-01
1.616499e-01
1.616823e-01
1.617153e-01
1.617477e-01
1.617809e-01
1.618134e-01
1.618467e-01
1.618793e-01
1.619128e-01
1.619456e-01
1.619794e-01
1.620124e-01
1.620466e-01
1.620800e-01
1.621147e-01
1.621484e-01
1.621830e-01
1.622172e-01
1.622522e-01
1.622867e-01
1.623221e-01
1.623568e-01
1.623924e-01
1.624274e-01
1.624633e-01
1.624984e-01
1.625344e-01
1.625697e-01
1.626058e-01
1.626411e-01
1.626774e-01
1.627127e-01
1.627491e-01
1.627845e-01
1.628209e-01
1.628564e-01
1.628929e-01
1.629283e-01
1.629648e-01
1.630003e-01
1.630368e-01
1.630723e-01
1.631087e-01
1.631441e-01
1.631805e-01
1.632158e-01
1.632521e-01
1.632874e-01
1.633236e-01
1.633588e-01
1.633950e-01
1.634302e-01
1.634663e-01
1.635013e-01
1.635372e-01
1.635722e-01
1.636079e-01
1.636426e-01
1.636780e-01
1.637125e-01
1.637477e-01
1.637819e-01
1.638167e-01
1.638507e-01
1.638852e-01
1.639191e-01
1.639540e-01
1.639876e-01
1.640223e-01
1.640557e-01
1.640901e-01
1.641234e-01
1.641576e-01
1.641906e-01
1.642244e-01
1.642572e-01
1.642906e-01
1.643231e-01
1.643562e-01
1.643885e-01
1.644213e-01
1.644533e-01
1.644858e-01
1.645176e-01
1.645499e-01
1.645815e-01
1.646136e-01
1.646451e-01
1.646770e-01
1.647085e-01
1.647403e-01
1.647717e-01
1.648036e-01
1.648350e-01
1.648669e-01
1.648984e-01
1.649304e-01
1.649620e-01
1.649942e-01
1.650260e-01
1.650585e-01
1.650904e-01
1.651232e-01
1.651555e-01
1.651887e-01
1.652213e-01
1.652551e-01
1.652881e-01
1.653220e-01
1.653556e-01
1.653901e-01
1.654242e-01
1.654592e-01
1.654937e-01
1.655292e-01
1.655640e-01
1.655999e-01
1.656351e-01
1.656720e-01
1.657073e-01
1.657445e-01
1.657832e-01
1.658232e-01
1.658655e-01
1.659095e-01
1.659542e-01
1.659989e-01
1.660437e-01
1.660885e-01
1.661332e-01
1.661780e-01
1.662227e-01
1.662672e-01
1.663120e-01
1.663562e-01
1.664011e-01
1.664451e-01
1.664897e-01
1.665335e-01
1.665779e-01
1.666141e-01
1.666511e-01
1.666899e-01
1.667276e-01
1.667666e-01
1.668046e-01
1.668439e-01
1.668821e-01
1.669219e-01
1.669603e-01
1.670004e-01
1.670389e-01
1.670792e-01
1.671176e-01
1.671578e-01
1.671959e-01
1.672358e-01
1.672736e-01
1.673131e-01
1.673507e-01
1.673898e-01
1.674270e-01
1.674656e-01
1.675024e-01
1.675402e-01
1.675764e-01
1.676134e-01
1.676489e-01
1.676851e-01
1.677200e-01
1.677553e-01
1.677895e-01
1.678245e-01
1.678579e-01
1.678921e-01
1.679250e-01
1.679583e-01
1.679907e-01
1.680234e-01
1.680552e-01
1.680874e-01
1.681188e-01
1.681505e-01
1.681817e-01
1.682160e-01
1.682511e-01
1.682863e-01
1.683215e-01
1.683568e-01
1.683920e-01
1.684275e-01
1.684629e-01
1.684985e-01
1.685340e-01
1.685697e-01
1.686053e-01
1.686411e-01
1.686768e-01
1.687127e-01
1.687484e-01
1.687845e-01
1.688203e-01
1.688564e-01
1.688924e-01
1.689285e-01
1.689644e-01
1.690006e-01
1.690366e-01
1.690727e-01
1.691087e-01
1.691449e-01
1.691809e-01
1.692170e-01
1.692528e-01
1.692889e-01
1.693245e-01
1.693607e-01
1.693960e-01
1.694321e-01
1.694673e-01
1.695031e-01
1.695381e-01
1.695739e-01
1.696088e-01
1.696445e-01
1.696794e-01
1.697150e-01
1.697499e-01
1.697855e-01
1.698203e-01
1.698559e-01
1.698908e-01
1.699264e-01
1.699612e-01
1.699968e-01
1.700316e-01
1.700672e-01
1.701020e-01
1.701376e-01
1.701725e-01
1.702081e-01
1.702430e-01
1.702786e-01
1.703135e-01
1.703492e-01
1.703840e-01
1.704196e-01
1.704544e-01
1.704900e-01
1.705249e-01
1.705605e-01
1.705955e-01
1.706311e-01
1.706660e-01
1.707016e-01
1.707364e-01
1.707721e-01
1.708071e-01
1.708427e-01
1.708776e-01
1.709133e-01
1.709482e-01
1.709839e-01
1.710187e-01
1.710544e-01
1.710893e-01
1.711250e-01
1.711600e-01
1.711958e-01
1.712307e-01
1.712665e-01
1.713015e-01
1.713373e-01
1.713724e-01
1.714081e-01
1.714431e-01
1.714788e-01
1.715139e-01
1.715497e-01
1.715847e-01
1.716206e-01
1.716557e-01
1.716916e-01
1.717268e-01
1.717626e-01
1.717977e-01
1.718336e-01
1.718687e-01
1.719045e-01
1.719397e-01
1.719757e-01
1.720109e-01
1.720468e-01
1.720820e-01
1.721179e-01
1.721530e-01
1.721890e-01
1.722243e-01
1.722603e-01
1.722956e-01
1.723316e-01
1.723669e-01
1.724030e-01
1.724383e-01
1.724743e-01
1.725096e-01
1.725457e-01
1.725810e-01
1.726171e-01
1.726524e-01
1.726885e-01
1.727239e-01
1.727601e-01
1.727956e-01
1.728319e-01
1.728674e-01
1.729037e-01
1.729393e-01
1.729756e-01
1.730111e-01
1.730475e-01
1.730831e-01
1.731195e-01
1.731551e-01
1.731915e-01
1.732272e-01
1.732637e-01
1.732995e-01
1.733360e-01
1.733718e-01
1.734083e-01
1.734442e-01
1.734808e-01
1.735167e-01
1.735534e-01
1.735894e-01
1.736262e-01
1.736622e-01
1.736991e-01
1.737352e-01
1.737721e-01
1.738083e-01
1.738454e-01
1.738817e-01
1.739187e-01
1.739551e-01
1.739922e-01
1.740287e-01
1.740658e-01
1.741022e-01
1.741394e-01
1.741759e-01
1.742131e-01
1.742496e-01
1.742868e-01
1.743233e-01
1.743605e-01
1.743971e-01
1.744343e-01
1.744709e-01
1.745082e-01
1.745448e-01
1.745821e-01
1.746187e-01
1.746560e-01
1.746927e-01
1.747301e-01
1.747668e-01
1.748043e-01
1.748410e-01
1.748784e-01
1.749152e-01
1.749527e-01
1.749894e-01
1.750270e-01
1.750637e-01
1.751012e-01
1.751380e-01
1.751756e-01
1.752124e-01
1.752500e-01
1.752868e-01
1.753244e-01
1.753613e-01
1.753989e-01
1.754358e-01
1.754735e-01
1.755105e-01
1.755483e-01
1.755853e-01
1.756231e-01
1.756601e-01
1.756980e-01
1.757352e-01
1.757731e-01
1.758103e-01
1.758484e-01
1.758856e-01
1.759237e-01
1.759611e-01
1.759992e-01
1.760366e-01
1.760748e-01
1.761122e-01
1.761441e-01
1.761791e-01
1.762110e-01
1.762460e-01
1.762779e-01
1.763095e-01
1.763414e-01
1.763730e-01
1.764049e-01
1.764365e-01
1.764683e-01
1.764999e-01
1.765317e-01
1.765667e-01
1.765985e-01
1.766335e-01
1.766653e-01
1.767003e-01
1.767382e-01
1.767732e-01
1.768077e-01
1.768389e-01
1.768703e-01
1.769016e-01
1.769332e-01
1.769646e-01
1.769963e-01
1.770278e-01
1.770597e-01
1.770912e-01
1.771231e-01
1.771547e-01
1.771866e-01
1.772182e-01
1.772500e-01
1.772816e-01
1.773134e-01
1.773449e-01
1.773768e-01
1.774117e-01
1.774436e-01
1.774786e-01
1.775104e-01
1.775454e-01
1.775831e-01
1.776187e-01
1.776546e-01
1.776859e-01
1.777174e-01
1.777487e-01
1.777804e-01
1.778118e-01
1.778436e-01
1.778751e-01
1.779069e-01
1.779385e-01
1.779704e-01
1.780020e-01
1.780339e-01
1.780655e-01
1.780973e-01
1.781324e-01
1.781642e-01
1.781993e-01
1.782369e-01
1.782743e-01
1.783118e-01
1.783478e-01
1.783851e-01
1.784163e-01
1.784479e-01
1.784792e-01
1.785109e-01
1.785423e-01
1.785741e-01
1.786056e-01
1.786374e-01
1.786690e-01
1.787009e-01
1.787359e-01
1.787678e-01
1.788029e-01
1.788405e-01
1.788778e-01
1.789152e-01
1.789517e-01
1.789888e-01
1.790201e-01
1.790516e-01
1.790830e-01
1.791146e-01
1.791460e-01
1.791778e-01
1.792093e-01
1.792411e-01
1.792727e-01
1.793045e-01
1.793395e-01
1.793770e-01
1.794143e-01
1.794516e-01
1.794884e-01
1.795251e-01
1.795563e-01
1.795879e-01
1.796192e-01
1.796508e-01
1.796823e-01
1.797140e-01
1.797455e-01
1.797773e-01
1.798122e-01
1.798497e-01
1.798869e-01
1.799242e-01
1.799613e-01
1.799953e-01
1.800266e-01
1.800581e-01
1.800927e-01
1.801244e-01
1.801557e-01
1.801874e-01
1.802223e-01
1.802540e-01
1.802855e-01
1.803172e-01
1.803487e-01
1.803804e-01
1.804153e-01
1.804470e-01
1.804819e-01
1.805191e-01
1.805561e-01
1.805933e-01
1.806297e-01
1.806665e-01
1.806977e-01
1.807291e-01
1.807636e-01
1.807951e-01
1.808264e-01
1.808580e-01
1.808894e-01
1.809210e-01
1.809559e-01
1.809876e-01
1.810225e-01
1.810542e-01
1.810890e-01
1.811262e-01
1.811631e-01
1.812001e-01
1.812366e-01
1.812733e-01
1.813044e-01
1.813357e-01
1.813668e-01
1.813983e-01
1.814295e-01
1.814610e-01
1.814923e-01
1.815239e-01
1.815552e-01
1.815868e-01
1.816216e-01
1.816587e-01
1.816956e-01
1.817325e-01
1.817693e-01
1.818062e-01
1.818427e-01
1.818793e-01
1.819102e-01
1.819415e-01
1.819726e-01
1.820039e-01
1.820350e-01
1.820665e-01
1.820977e-01
1.821292e-01
1.821639e-01
1.821955e-01
1.822267e-01
1.822583e-01
1.822929e-01
1.823244e-01
1.823591e-01
1.823960e-01
1.824328e-01
1.824697e-01
1.825063e-01
1.825432e-01
1.825793e-01
1.826159e-01
1.826468e-01
1.826780e-01
1.827090e-01
1.827403e-01
1.827713e-01
1.828027e-01
1.828339e-01
1.828653e-01
1.828965e-01
1.829280e-01
1.829592e-01
1.829907e-01
1.830253e-01
1.830568e-01
1.830914e-01
1.831229e-01
1.831575e-01
1.831944e-01
1.832311e-01
1.832679e-01
1.833007e-01
1.833352e-01
1.833714e-01
1.834045e-01
1.834374e-01
1.834721e-01
1.835051e-01
1.835394e-01
1.835703e-01
1.836014e-01
1.836324e-01
1.836636e-01
1.836946e-01
1.837260e-01
1.837571e-01
1.837886e-01
1.838197e-01
1.838512e-01
1.838824e-01
1.839139e-01
1.839451e-01
1.839765e-01
1.840077e-01
1.840391e-01
1.840703e-01
1.841017e-01
1.841329e-01
1.841643e-01
1.841954e-01
1.842268e-01
1.842580e-01
1.842894e-01
1.843205e-01
1.843519e-01
1.843830e-01
1.844144e-01
1.844490e-01
1.844804e-01
1.845150e-01
1.845464e-01
1.845809e-01
1.846124e-01
1.846469e-01
1.846784e-01
1.847129e-01
1.847444e-01
1.847789e-01
1.848104e-01
1.848449e-01
1.848764e-01
1.849109e-01
1.849424e-01
1.849769e-01
1.850084e-01
1.850429e-01
1.850744e-01
1.851089e-01
1.851404e-01
1.851750e-01
1.852064e-01
1.852410e-01
1.852724e-01
1.853035e-01
1.853349e-01
1.853661e-01
1.853975e-01
1.854286e-01
1.854600e-01
1.854912e-01
1.855226e-01
1.855537e-01
1.855852e-01
1.856163e-01
1.856477e-01
1.856789e-01
1.857103e-01
1.857414e-01
1.857728e-01
1.858040e-01
1.858354e-01
1.858666e-01
1.858980e-01
1.859292e-01
1.859606e-01
1.859918e-01
1.860232e-01
1.860544e-01
1.860858e-01
1.861170e-01
1.861484e-01
1.861796e-01
1.862111e-01
1.862423e-01
1.862737e-01
1.863049e-01
1.863364e-01
1.863676e-01
1.863991e-01
1.864303e-01
1.864619e-01
1.864931e-01
1.865246e-01
1.865559e-01
1.865875e-01
1.866188e-01
1.866504e-01
1.866817e-01
1.867133e-01
1.867447e-01
1.867765e-01
1.868079e-01
1.868397e-01
1.868713e-01
1.869032e-01
1.869349e-01
1.869670e-01
1.869988e-01
1.870311e-01
1.870630e-01
1.870956e-01
1.871278e-01
1.871606e-01
1.871931e-01
1.872263e-01
1.872592e-01
1.872930e-01
1.873264e-01
1.873610e-01
1.873951e-01
1.874300e-01
1.874651e-01
1.875010e-01
1.875368e-01
1.875733e-01
1.876097e-01
1.876465e-01
1.876830e-01
1.877197e-01
1.877560e-01
1.877925e-01
1.878287e-01
1.878651e-01
1.879013e-01
1.879376e-01
1.879737e-01
1.880100e-01
1.880461e-01
1.880824e-01
1.881185e-01
1.881547e-01
1.881908e-01
1.882272e-01
1.882633e-01
1.882996e-01
1.883357e-01
1.883720e-01
1.884081e-01
1.884445e-01
1.884808e-01
1.885172e-01
1.885535e-01
1.885902e-01
1.886268e-01
1.886637e-01
1.887007e-01
1.887382e-01
1.887759e-01
1.888142e-01
1.888527e-01
1.888917e-01
1.889310e-01
1.889708e-01
1.890108e-01
1.890515e-01
1.890925e-01
1.891341e-01
1.891752e-01
1.892178e-01
1.892580e-01
1.892996e-01
1.893368e-01
1.893774e-01
1.894168e-01
1.894576e-01
1.894945e-01
1.895348e-01
1.895741e-01
1.896146e-01
1.896543e-01
1.896953e-01
1.897356e-01
1.897772e-01
1.898181e-01
1.898605e-01
1.899022e-01
1.899454e-01
1.899878e-01
1.900319e-01
1.900752e-01
1.901199e-01
1.901643e-01
1.902089e-01
1.902530e-01
1.902975e-01
1.903415e-01
1.903859e-01
1.904298e-01
1.904740e-01
1.905179e-01
1.905621e-01
1.906059e-01
1.906501e-01
1.906939e-01
1.907381e-01
1.907820e-01
1.908262e-01
1.908702e-01
1.909145e-01
1.909585e-01
1.910030e-01
1.910472e-01
1.910919e-01
1.911363e-01
1.911811e-01
1.912257e-01
1.912708e-01
1.913156e-01
1.913608e-01
1.914058e-01
1.914513e-01
1.914965e-01
1.915421e-01
1.915875e-01
1.916334e-01
1.916789e-01
1.917249e-01
1.917706e-01
1.918166e-01
1.918618e-01
1.919063e-01
1.919499e-01
1.919931e-01
1.920355e-01
1.920775e-01
1.921188e-01
1.921598e-01
1.922002e-01
1.922405e-01
1.922803e-01
1.923201e-01
1.923597e-01
1.923994e-01
1.924389e-01
1.924785e-01
1.925181e-01
1.925579e-01
1.925975e-01
1.926373e-01
1.926771e-01
1.927170e-01
1.927568e-01
1.927967e-01
1.928365e-01
1.928765e-01
1.929163e-01
1.929563e-01
1.929961e-01
1.930360e-01
1.930757e-01
1.931155e-01
1.931551e-01
1.931948e-01
1.932343e-01
1.932738e-01
1.933131e-01
1.933526e-01
1.933918e-01
1.934310e-01
1.934700e-01
1.935090e-01
1.935478e-01
1.935867e-01
1.936253e-01
1.936640e-01
1.937024e-01
1.937410e-01
1.937794e-01
1.938180e-01
1.938563e-01
1.938948e-01
1.939331e-01
1.939714e-01
1.940096e-01
1.940479e-01
1.940860e-01
1.941243e-01
1.941624e-01
1.942006e-01
1.942387e-01
1.942768e-01
1.943148e-01
1.943530e-01
1.943911e-01
1.944293e-01
1.944673e-01
1.945055e-01
1.945436e-01
1.945818e-01
1.946198e-01
1.946580e-01
1.946961e-01
1.947344e-01
1.947725e-01
1.948109e-01
1.948491e-01
1.948874e-01
1.949256e-01
1.949639e-01
1.950021e-01
1.950405e-01
1.950786e-01
1.951171e-01
1.951553e-01
1.951937e-01
1.952319e-01
1.952703e-01
1.953085e-01
1.953469e-01
1.953851e-01
1.954236e-01
1.954618e-01
1.955003e-01
1.955385e-01
1.955770e-01
1.956153e-01
1.956539e-01
1.956922e-01
1.957307e-01
1.957691e-01
1.958076e-01
1.958459e-01
1.958845e-01
1.959230e-01
1.959617e-01
1.960002e-01
1.960389e-01
1.960774e-01
1.961161e-01
1.961546e-01
1.961933e-01
1.962318e-01
1.962705e-01
1.963091e-01
1.963478e-01
1.963864e-01
1.964252e-01
1.964637e-01
1.965025e-01
1.965411e-01
1.965800e-01
1.966186e-01
1.966574e-01
1.966961e-01
1.967350e-01
1.967737e-01
1.968126e-01
1.968513e-01
1.968902e-01
1.969289e-01
1.969679e-01
1.970067e-01
1.970456e-01
1.970845e-01
1.971235e-01
1.971623e-01
1.972013e-01
1.972402e-01
1.972793e-01
1.973182e-01
1.973573e-01
1.973963e-01
1.974354e-01
1.974744e-01
1.975136e-01
1.975526e-01
1.975919e-01
1.976309e-01
1.976702e-01
1.977093e-01
1.977487e-01
1.977878e-01
1.978272e-01
1.978664e-01
1.979058e-01
1.979451e-01
1.979761e-01
1.980075e-01
1.980386e-01
1.980699e-01
1.981010e-01
1.981324e-01
1.981635e-01
1.981948e-01
1.982260e-01
1.982574e-01
1.982885e-01
1.983199e-01
1.983511e-01
1.983854e-01
1.984165e-01
1.984503e-01
1.984815e-01
1.985148e-01
1.985461e-01
1.985790e-01
1.986103e-01
1.986430e-01
1.986743e-01
1.987068e-01
1.987381e-01
1.987704e-01
1.988042e-01
1.988361e-01
1.988701e-01
1.989076e-01
1.989392e-01
1.989740e-01
1.990122e-01
1.990511e-01
1.990829e-01
1.991153e-01
1.991486e-01
1.991826e-01
1.992144e-01
1.992469e-01
1.992801e-01
1.993140e-01
1.993458e-01
1.993779e-01
1.994097e-01
1.994429e-01
1.994747e-01
1.995096e-01
1.995475e-01
1.995829e-01
1.996196e-01
1.996561e-01
1.996921e-01
1.997284e-01
1.997653e-01
1.998013e-01
1.998378e-01
1.998736e-01
1.999053e-01
1.999402e-01
1.999762e-01
2.000117e-01
2.000476e-01
2.000829e-01
2.001187e-01
