#   1 : Date        
# Date        
0.000000e+00
1.807392e-05
2.865299e-05
3.680825e-05
4.331462e-05
4.906367e-05
5.538763e-05
6.204872e-05
6.795979e-05
7.446196e-05
8.161436e-05
8.947053e-05
9.702468e-05
1.053342e-04
1.143002e-04
1.241628e-04
1.337027e-04
1.436480e-04
1.545879e-04
1.657374e-04
1.769297e-04
1.886124e-04
2.010176e-04
2.132284e-04
2.257171e-04
2.388127e-04
2.521957e-04
2.655017e-04
2.797183e-04
2.939297e-04
3.084532e-04
3.235230e-04
3.388720e-04
3.545256e-04
3.707045e-04
3.871136e-04
4.039712e-04
4.213429e-04
4.389057e-04
4.566041e-04
4.748726e-04
4.934284e-04
5.123968e-04
5.317204e-04
5.513472e-04
5.713195e-04
5.916317e-04
6.121877e-04
6.330631e-04
6.541431e-04
6.756129e-04
6.973298e-04
7.193540e-04
7.416524e-04
7.642145e-04
7.870888e-04
8.102207e-04
8.336410e-04
8.572999e-04
8.811975e-04
9.052984e-04
9.296850e-04
9.542344e-04
9.790738e-04
1.004107e-03
1.029433e-03
1.054937e-03
1.080786e-03
1.106828e-03
1.133123e-03
1.159624e-03
1.186464e-03
1.213485e-03
1.240745e-03
1.268213e-03
1.295923e-03
1.323861e-03
1.352039e-03
1.380384e-03
1.408750e-03
1.437601e-03
1.466766e-03
1.495891e-03
1.510720e-03
1.525584e-03
1.540730e-03
1.556062e-03
1.571145e-03
1.586021e-03
1.600835e-03
1.615081e-03
1.629076e-03
1.642990e-03
1.657216e-03
1.671455e-03
1.685749e-03
1.700159e-03
1.714150e-03
1.728174e-03
1.742228e-03
1.756353e-03
1.770579e-03
1.784931e-03
1.799428e-03
1.814086e-03
1.828913e-03
1.843208e-03
1.857610e-03
1.872131e-03
1.886778e-03
1.901562e-03
1.916488e-03
1.931567e-03
1.946801e-03
1.962199e-03
1.977761e-03
1.993492e-03
2.009393e-03
2.025468e-03
2.041562e-03
2.057981e-03
2.074572e-03
2.091339e-03
2.107752e-03
2.124789e-03
2.142110e-03
2.159633e-03
2.176405e-03
2.193816e-03
2.210180e-03
2.226843e-03
2.243882e-03
2.261537e-03
2.278189e-03
2.295121e-03
2.312411e-03
2.330292e-03
2.347211e-03
2.364394e-03
2.381915e-03
2.399998e-03
2.417168e-03
2.434584e-03
2.452316e-03
2.470578e-03
2.487981e-03
2.505684e-03
2.523522e-03
2.541809e-03
2.560795e-03
2.580587e-03
2.598615e-03
2.617036e-03
2.636063e-03
2.655835e-03
2.674034e-03
2.692575e-03
2.711646e-03
2.731411e-03
2.749769e-03
2.768426e-03
2.787548e-03
2.807314e-03
2.825822e-03
2.844589e-03
2.863767e-03
2.883529e-03
2.902186e-03
2.921090e-03
2.940339e-03
2.960109e-03
2.978913e-03
2.998009e-03
3.017280e-03
3.036933e-03
3.057215e-03
3.078217e-03
3.097561e-03
3.117205e-03
3.137366e-03
3.158176e-03
3.177588e-03
3.197249e-03
3.217340e-03
3.238006e-03
3.257497e-03
3.277220e-03
3.297295e-03
3.317873e-03
3.337461e-03
3.357329e-03
3.377383e-03
3.397770e-03
3.417470e-03
3.437383e-03
3.457416e-03
3.477710e-03
3.498425e-03
3.519696e-03
3.539771e-03
3.560153e-03
3.580751e-03
3.601706e-03
3.621856e-03
3.642237e-03
3.662748e-03
3.683510e-03
3.704744e-03
3.726558e-03
3.747064e-03
3.767789e-03
3.788877e-03
3.810464e-03
3.831011e-03
3.851832e-03
3.872841e-03
3.894145e-03
3.914777e-03
3.935605e-03
3.956543e-03
3.977703e-03
3.999238e-03
4.021275e-03
4.042225e-03
4.063450e-03
4.084865e-03
4.106563e-03
4.127585e-03
4.148797e-03
4.170116e-03
4.191642e-03
4.213527e-03
4.235899e-03
4.257215e-03
4.278795e-03
4.300557e-03
4.322578e-03
4.343965e-03
4.365529e-03
4.387189e-03
4.409035e-03
4.431207e-03
4.453834e-03
4.475489e-03
4.497391e-03
4.519458e-03
4.541752e-03
4.564485e-03
4.587735e-03
4.609733e-03
4.631895e-03
4.654350e-03
4.677224e-03
4.699225e-03
4.721450e-03
4.743822e-03
4.766410e-03
4.789368e-03
4.812802e-03
4.835129e-03
4.857711e-03
4.880468e-03
4.903439e-03
4.926841e-03
4.950747e-03
4.973384e-03
4.996296e-03
5.019401e-03
5.042734e-03
5.065395e-03
5.088224e-03
5.111138e-03
5.134200e-03
5.157548e-03
5.181317e-03
5.204194e-03
5.227289e-03
5.250523e-03
5.273948e-03
5.297709e-03
5.321922e-03
5.345093e-03
5.368501e-03
5.392062e-03
5.415814e-03
5.439920e-03
5.464487e-03
5.487938e-03
5.511631e-03
5.535479e-03
5.559517e-03
5.583912e-03
5.608773e-03
5.632487e-03
5.656444e-03
5.680555e-03
5.704850e-03
5.729499e-03
5.754613e-03
5.778577e-03
5.802781e-03
5.827136e-03
5.851666e-03
5.876538e-03
5.901867e-03
5.926073e-03
5.950513e-03
5.975098e-03
5.999845e-03
6.024914e-03
6.050431e-03
6.074876e-03
6.099548e-03
6.124352e-03
6.149303e-03
6.174548e-03
6.200219e-03
6.224897e-03
6.249787e-03
6.274798e-03
6.300101e-03
6.325606e-03
6.351272e-03
6.377346e-03
6.403895e-03
6.429071e-03
6.454494e-03
6.480066e-03
6.505759e-03
6.531788e-03
6.558255e-03
6.583583e-03
6.609132e-03
6.634809e-03
6.660605e-03
6.686674e-03
6.713159e-03
6.738680e-03
6.764402e-03
6.790232e-03
6.816336e-03
6.842616e-03
6.869008e-03
6.895730e-03
6.922875e-03
6.948839e-03
6.975017e-03
7.001315e-03
7.027705e-03
7.054336e-03
7.081361e-03
7.107486e-03
7.133798e-03
7.160207e-03
7.186874e-03
7.213696e-03
7.240618e-03
7.267804e-03
7.295397e-03
7.321953e-03
7.348704e-03
7.375555e-03
7.402667e-03
7.429936e-03
7.457271e-03
7.484877e-03
7.512870e-03
7.539807e-03
7.566934e-03
7.594159e-03
7.621640e-03
7.649281e-03
7.676975e-03
7.704931e-03
7.733270e-03
7.760565e-03
7.788046e-03
7.815618e-03
7.843441e-03
7.871415e-03
7.899422e-03
7.927666e-03
7.956274e-03
7.983911e-03
8.011722e-03
8.039617e-03
8.067749e-03
8.096014e-03
8.124292e-03
8.152771e-03
8.181593e-03
8.210905e-03
8.240696e-03
8.268917e-03
8.297363e-03
8.325937e-03
8.354526e-03
8.383272e-03
8.412384e-03
8.441908e-03
8.471816e-03
8.500392e-03
8.529165e-03
8.558036e-03
8.587136e-03
8.616363e-03
8.645571e-03
8.674927e-03
8.704651e-03
8.734798e-03
8.765339e-03
8.794446e-03
8.823748e-03
8.853146e-03
8.882766e-03
8.912506e-03
8.942200e-03
8.972020e-03
9.002203e-03
9.032794e-03
9.063772e-03
9.093351e-03
9.123118e-03
9.152976e-03
9.183046e-03
9.213227e-03
9.243339e-03
9.273544e-03
9.304089e-03
9.334999e-03
9.366272e-03
9.398002e-03
9.430127e-03
9.460437e-03
9.490945e-03
9.521556e-03
9.552370e-03
9.583298e-03
9.614097e-03
9.644977e-03
9.676182e-03
9.707755e-03
9.739676e-03
9.772052e-03
9.804808e-03
9.835735e-03
9.866853e-03
9.898071e-03
9.929481e-03
9.961001e-03
9.992362e-03
1.002377e-02
1.005549e-02
1.008754e-02
1.011992e-02
1.015269e-02
1.018582e-02
1.021733e-02
1.024903e-02
1.028081e-02
1.031277e-02
1.034483e-02
1.037672e-02
1.040860e-02
1.044076e-02
1.047317e-02
1.050595e-02
1.053903e-02
1.057233e-02
1.060589e-02
1.063972e-02
1.067389e-02
1.070830e-02
1.074088e-02
1.077361e-02
1.080641e-02
1.083891e-02
1.087128e-02
1.090387e-02
1.093663e-02
1.096972e-02
1.100308e-02
1.103676e-02
1.107070e-02
1.110474e-02
1.113895e-02
1.117336e-02
1.120802e-02
1.124287e-02
1.127799e-02
1.131328e-02
1.134689e-02
1.138061e-02
1.141439e-02
1.144792e-02
1.148133e-02
1.151491e-02
1.154863e-02
1.158264e-02
1.161686e-02
1.165135e-02
1.168607e-02
1.172077e-02
1.175554e-02
1.179054e-02
1.182574e-02
1.186116e-02
1.189677e-02
1.193242e-02
1.196819e-02
1.200409e-02
1.204017e-02
1.207638e-02
1.211277e-02
1.214885e-02
1.218338e-02
1.221807e-02
1.225289e-02
1.228793e-02
1.232315e-02
1.235823e-02
1.239326e-02
1.242814e-02
1.246354e-02
1.249820e-02
1.253349e-02
1.256801e-02
1.260316e-02
1.263769e-02
1.267278e-02
1.270733e-02
1.274233e-02
1.277703e-02
1.281242e-02
1.284349e-02
1.287464e-02
1.290587e-02
1.293723e-02
1.296834e-02
1.299917e-02
1.302976e-02
1.306013e-02
1.309037e-02
1.312048e-02
1.315057e-02
1.318066e-02
1.321103e-02
1.324174e-02
1.327299e-02
1.330477e-02
1.333725e-02
1.336456e-02
1.339168e-02
1.341865e-02
1.344553e-02
1.347237e-02
1.349924e-02
1.352619e-02
1.355328e-02
1.358056e-02
1.360810e-02
1.363594e-02
1.366415e-02
1.368963e-02
1.371515e-02
1.374076e-02
1.376653e-02
1.379232e-02
1.381835e-02
1.384476e-02
1.387176e-02
1.389864e-02
1.392566e-02
1.395282e-02
1.398009e-02
1.400746e-02
1.403482e-02
1.406216e-02
1.408943e-02
1.411665e-02
1.414381e-02
1.417268e-02
1.420169e-02
1.423086e-02
1.426020e-02
1.428974e-02
1.431950e-02
1.434952e-02
1.437982e-02
1.441045e-02
1.444141e-02
1.447279e-02
1.450239e-02
1.453209e-02
1.456196e-02
1.459206e-02
1.462243e-02
1.465215e-02
1.468125e-02
1.470981e-02
1.473794e-02
1.476572e-02
1.479325e-02
1.482059e-02
1.484782e-02
1.487497e-02
1.490213e-02
1.492933e-02
1.495664e-02
1.498404e-02
1.501123e-02
1.503725e-02
1.506330e-02
1.508942e-02
1.511565e-02
1.514204e-02
1.516831e-02
1.519448e-02
1.522053e-02
1.524649e-02
1.527237e-02
1.529818e-02
1.532393e-02
1.534963e-02
1.537530e-02
1.540096e-02
1.542660e-02
1.545482e-02
1.548219e-02
1.550981e-02
1.553770e-02
1.556589e-02
1.559442e-02
1.562329e-02
1.565247e-02
1.568196e-02
1.571172e-02
1.574133e-02
1.577075e-02
1.580009e-02
1.582932e-02
1.585851e-02
1.588763e-02
1.591673e-02
1.594578e-02
1.597483e-02
1.600383e-02
1.603285e-02
1.606183e-02
1.609084e-02
1.611982e-02
1.614883e-02
1.617783e-02
1.620686e-02
1.623589e-02
1.626495e-02
1.629401e-02
1.632310e-02
1.635220e-02
1.638133e-02
1.641047e-02
1.643965e-02
1.646884e-02
1.649807e-02
1.652731e-02
1.655659e-02
1.658589e-02
1.661524e-02
1.664460e-02
1.667400e-02
1.670343e-02
1.673291e-02
1.676243e-02
1.679200e-02
1.682161e-02
1.685129e-02
1.688103e-02
1.691085e-02
1.694074e-02
1.697073e-02
1.700081e-02
1.703102e-02
1.706134e-02
1.709182e-02
1.712243e-02
1.715325e-02
1.718425e-02
1.721549e-02
1.724695e-02
1.727873e-02
1.731079e-02
1.734321e-02
1.737584e-02
1.740875e-02
1.744183e-02
1.747509e-02
1.750848e-02
1.754200e-02
1.757564e-02
1.760941e-02
1.764329e-02
1.767731e-02
1.771145e-02
1.774573e-02
1.778013e-02
1.781336e-02
1.784664e-02
1.787994e-02
1.791330e-02
1.794672e-02
1.798023e-02
1.801388e-02
1.804772e-02
1.808177e-02
1.811604e-02
1.815057e-02
1.818532e-02
1.821750e-02
1.824767e-02
1.827992e-02
1.831006e-02
1.834238e-02
1.837250e-02
1.840428e-02
1.843439e-02
1.846562e-02
1.849574e-02
1.852669e-02
1.855683e-02
1.858765e-02
1.861782e-02
1.864857e-02
1.867880e-02
1.870955e-02
1.873986e-02
1.877064e-02
1.880104e-02
1.883191e-02
1.886243e-02
1.889348e-02
1.892416e-02
1.895543e-02
1.898631e-02
1.901788e-02
1.904903e-02
1.908098e-02
1.911246e-02
1.914264e-02
1.917281e-02
1.920297e-02
1.923312e-02
1.926326e-02
1.929341e-02
1.932357e-02
1.935379e-02
1.938411e-02
1.941455e-02
1.944513e-02
1.947587e-02
1.950678e-02
1.953787e-02
1.956919e-02
1.960075e-02
1.962988e-02
1.965902e-02
1.968815e-02
1.971672e-02
1.974555e-02
1.977411e-02
1.980291e-02
1.983145e-02
1.986023e-02
1.988875e-02
1.991753e-02
1.994608e-02
1.997489e-02
2.000347e-02
2.003231e-02
2.006091e-02
2.008977e-02
2.011838e-02
2.014725e-02
2.017586e-02
2.020472e-02
2.023333e-02
2.026480e-02
2.029692e-02
2.032948e-02
2.036247e-02
2.039589e-02
2.042967e-02
2.046380e-02
2.049400e-02
2.052723e-02
2.055749e-02
2.058998e-02
2.062030e-02
2.065208e-02
2.068705e-02
2.072352e-02
2.076030e-02
2.079747e-02
2.082704e-02
2.085957e-02
2.088918e-02
2.092145e-02
2.095109e-02
2.098239e-02
2.101209e-02
2.104299e-02
2.107274e-02
2.110345e-02
2.113326e-02
2.116389e-02
2.119378e-02
2.122541e-02
2.125905e-02
2.129481e-02
2.133275e-02
2.136974e-02
2.141012e-02
2.145150e-02
2.148538e-02
2.151942e-02
2.155366e-02
2.158812e-02
2.161744e-02
2.164777e-02
2.167717e-02
2.170738e-02
2.173686e-02
2.176704e-02
2.179660e-02
2.182681e-02
2.185648e-02
2.188674e-02
2.191653e-02
2.194672e-02
2.197560e-02
2.200600e-02
2.203491e-02
2.206505e-02
2.209399e-02
2.212459e-02
2.215360e-02
2.218426e-02
2.221336e-02
2.224389e-02
2.227306e-02
2.230343e-02
2.233267e-02
2.236292e-02
2.239221e-02
2.242238e-02
2.245173e-02
2.248185e-02
2.251126e-02
2.254204e-02
2.257466e-02
2.260923e-02
2.264592e-02
2.268332e-02
2.271755e-02
2.275200e-02
2.278669e-02
2.282165e-02
2.285689e-02
2.289246e-02
2.292838e-02
2.296469e-02
2.300150e-02
2.303913e-02
2.307752e-02
2.311686e-02
2.315729e-02
2.319898e-02
2.324138e-02
2.328356e-02
2.331807e-02
2.335281e-02
2.338779e-02
2.342305e-02
2.345861e-02
2.349451e-02
2.353068e-02
2.356771e-02
2.360535e-02
2.364382e-02
2.368333e-02
2.372135e-02
2.376317e-02
2.380123e-02
2.383258e-02
2.386413e-02
2.389596e-02
2.392717e-02
2.395847e-02
2.398985e-02
2.402138e-02
2.405302e-02
2.408492e-02
2.411711e-02
2.414958e-02
2.418282e-02
2.421354e-02
2.424436e-02
2.427549e-02
2.430715e-02
2.433994e-02
2.437435e-02
2.440870e-02
2.443977e-02
2.447153e-02
2.450441e-02
2.453922e-02
2.457508e-02
2.460641e-02
2.463847e-02
2.467208e-02
2.470766e-02
2.473885e-02
2.477064e-02
2.480337e-02
2.483757e-02
2.487321e-02
2.490497e-02
2.493737e-02
2.497067e-02
2.500579e-02
2.503751e-02
2.506965e-02
2.510240e-02
2.513610e-02
2.517110e-02
2.520310e-02
2.523542e-02
2.526824e-02
2.530179e-02
2.533650e-02
2.536860e-02
2.540088e-02
2.543353e-02
2.546676e-02
2.550086e-02
2.553623e-02
2.556846e-02
2.560092e-02
2.563375e-02
2.566711e-02
2.570129e-02
2.573658e-02
2.576889e-02
2.580140e-02
2.583422e-02
2.586748e-02
2.590138e-02
2.593615e-02
2.596846e-02
2.600093e-02
2.603365e-02
2.606670e-02
2.610020e-02
2.613427e-02
2.616912e-02
2.620155e-02
2.623411e-02
2.626686e-02
2.629990e-02
2.633330e-02
2.636717e-02
2.640159e-02
2.643674e-02
2.646930e-02
2.650196e-02
2.653480e-02
2.656790e-02
2.660132e-02
2.663517e-02
2.666952e-02
2.670453e-02
2.673709e-02
2.676973e-02
2.680250e-02
2.683548e-02
2.686874e-02
2.690234e-02
2.693636e-02
2.697090e-02
2.700604e-02
2.703862e-02
2.707128e-02
2.710408e-02
2.713706e-02
2.717029e-02
2.720381e-02
2.723771e-02
2.727202e-02
2.730687e-02
2.733943e-02
2.737205e-02
2.740474e-02
2.743756e-02
2.747056e-02
2.750378e-02
2.753728e-02
2.757111e-02
2.760532e-02
2.763995e-02
2.767499e-02
2.770756e-02
2.774018e-02
2.777287e-02
2.780569e-02
2.783869e-02
2.787192e-02
2.790543e-02
2.793925e-02
2.797343e-02
2.800767e-02
2.804005e-02
2.807247e-02
2.810495e-02
2.813750e-02
2.817016e-02
2.820297e-02
2.823597e-02
2.826918e-02
2.830263e-02
2.833633e-02
2.837031e-02
2.840457e-02
2.843691e-02
2.846928e-02
2.850168e-02
2.853410e-02
2.856656e-02
2.859909e-02
2.863172e-02
2.866449e-02
2.869742e-02
2.873055e-02
2.876389e-02
2.879744e-02
2.883125e-02
2.886531e-02
2.889968e-02
2.893435e-02
2.896668e-02
2.899903e-02
2.903139e-02
2.906379e-02
2.909624e-02
2.912877e-02
2.916144e-02
2.919426e-02
2.922724e-02
2.926040e-02
2.929374e-02
2.932727e-02
2.936099e-02
2.939492e-02
2.942907e-02
2.946345e-02
2.949810e-02
2.953305e-02
2.956553e-02
2.959804e-02
2.963056e-02
2.966311e-02
2.969569e-02
2.972831e-02
2.976099e-02
2.979378e-02
2.982668e-02
2.985969e-02
2.989283e-02
2.992608e-02
2.995944e-02
2.999291e-02
3.002650e-02
3.006018e-02
3.009397e-02
3.012787e-02
3.016188e-02
3.019600e-02
3.023026e-02
3.026465e-02
3.029923e-02
3.033392e-02
3.036888e-02
3.040308e-02
3.043741e-02
3.047184e-02
3.050449e-02
3.053716e-02
3.056983e-02
3.060251e-02
3.063520e-02
3.066791e-02
3.070066e-02
3.073340e-02
3.076610e-02
3.079878e-02
3.083142e-02
3.086404e-02
3.089663e-02
3.092921e-02
3.096176e-02
3.099429e-02
3.102682e-02
3.105932e-02
3.109181e-02
3.112428e-02
3.115674e-02
3.118917e-02
3.122159e-02
3.125398e-02
3.128635e-02
3.131869e-02
3.135101e-02
3.138330e-02
3.141556e-02
3.144781e-02
3.148003e-02
3.151223e-02
3.154441e-02
3.157658e-02
3.160874e-02
3.164089e-02
3.167304e-02
3.170518e-02
3.173732e-02
3.177261e-02
3.180871e-02
3.184416e-02
3.188050e-02
3.191615e-02
3.195282e-02
3.198631e-02
3.201991e-02
3.205359e-02
3.208738e-02
3.212125e-02
3.215523e-02
3.218930e-02
3.222348e-02
3.225775e-02
3.229213e-02
3.232661e-02
3.236119e-02
3.239602e-02
3.243119e-02
3.246677e-02
3.250270e-02
3.253909e-02
3.257609e-02
3.261317e-02
3.265089e-02
3.268758e-02
3.272488e-02
3.276121e-02
3.279812e-02
3.283411e-02
3.287066e-02
3.290413e-02
3.293767e-02
3.297129e-02
3.300499e-02
3.303876e-02
3.307260e-02
3.310651e-02
3.314051e-02
3.317457e-02
3.320873e-02
3.324295e-02
3.327727e-02
3.331166e-02
3.334614e-02
3.338065e-02
3.341543e-02
3.344976e-02
3.348456e-02
3.351875e-02
3.355338e-02
3.358737e-02
3.362188e-02
3.365581e-02
3.369029e-02
3.372425e-02
3.375867e-02
3.379246e-02
3.382678e-02
3.386055e-02
3.389486e-02
3.392864e-02
3.396287e-02
3.399638e-02
3.402996e-02
3.406353e-02
3.409723e-02
3.413078e-02
3.416459e-02
3.419813e-02
3.423205e-02
3.426540e-02
3.429923e-02
3.433246e-02
3.436618e-02
3.439932e-02
3.443285e-02
3.446572e-02
3.449902e-02
3.453168e-02
3.456477e-02
3.459722e-02
3.463008e-02
3.466226e-02
3.469482e-02
3.472672e-02
3.476028e-02
3.479160e-02
3.482368e-02
3.485497e-02
3.488740e-02
3.491831e-02
3.495098e-02
3.498154e-02
3.501341e-02
3.504389e-02
3.507558e-02
3.510586e-02
3.513786e-02
3.516785e-02
3.519911e-02
3.522905e-02
3.526071e-02
3.529042e-02
3.532139e-02
3.535108e-02
3.538247e-02
3.541196e-02
3.544321e-02
3.547261e-02
3.550327e-02
3.553269e-02
3.556378e-02
3.559302e-02
3.562400e-02
3.565315e-02
3.568355e-02
3.571272e-02
3.574355e-02
3.577253e-02
3.580321e-02
3.583209e-02
3.586268e-02
3.589146e-02
3.592194e-02
3.595063e-02
3.598099e-02
3.600959e-02
3.603985e-02
3.606836e-02
3.609849e-02
3.612687e-02
3.615685e-02
3.618512e-02
3.621495e-02
3.624309e-02
3.627274e-02
3.630075e-02
3.633022e-02
3.635810e-02
3.638739e-02
3.641513e-02
3.644423e-02
3.647183e-02
3.650023e-02
3.652783e-02
3.655613e-02
3.658364e-02
3.661180e-02
3.663919e-02
3.666718e-02
3.669444e-02
3.672224e-02
3.674935e-02
3.677695e-02
3.680392e-02
3.683132e-02
3.685813e-02
3.688532e-02
3.691197e-02
3.693895e-02
3.696543e-02
3.699221e-02
3.701853e-02
3.704511e-02
3.707128e-02
3.709768e-02
3.712371e-02
3.714996e-02
3.717587e-02
3.720199e-02
3.722783e-02
3.725624e-02
3.728750e-02
3.732060e-02
3.735344e-02
3.738618e-02
3.741868e-02
3.745116e-02
3.748344e-02
3.751573e-02
3.754784e-02
3.757995e-02
3.760701e-02
3.763571e-02
3.766448e-02
3.769414e-02
3.772328e-02
3.775301e-02
3.778227e-02
3.781204e-02
3.784128e-02
3.787098e-02
3.790013e-02
3.792977e-02
3.795890e-02
3.798870e-02
3.801777e-02
3.804753e-02
3.807660e-02
3.810635e-02
3.813541e-02
3.816516e-02
3.819422e-02
3.822398e-02
3.825306e-02
3.828282e-02
3.831191e-02
3.834169e-02
3.837079e-02
3.840059e-02
3.842970e-02
3.845953e-02
3.848866e-02
3.851851e-02
3.854767e-02
3.857755e-02
3.860673e-02
3.863665e-02
3.866589e-02
3.869582e-02
3.872498e-02
3.875487e-02
3.878405e-02
3.881396e-02
3.884318e-02
3.887315e-02
3.890243e-02
3.893242e-02
3.896164e-02
3.899159e-02
3.902084e-02
3.905084e-02
3.908017e-02
3.911019e-02
3.913945e-02
3.916945e-02
3.919874e-02
3.922877e-02
3.925813e-02
3.928819e-02
3.931749e-02
3.934753e-02
3.937689e-02
3.940676e-02
3.943613e-02
3.946597e-02
3.949526e-02
3.952524e-02
3.955448e-02
3.958444e-02
3.961370e-02
3.964369e-02
3.967298e-02
3.970300e-02
3.973234e-02
3.976241e-02
3.979178e-02
3.982189e-02
3.985132e-02
3.988144e-02
3.991079e-02
3.994087e-02
3.997025e-02
4.000036e-02
4.002977e-02
4.005992e-02
4.008937e-02
4.011956e-02
4.014905e-02
4.017912e-02
4.020873e-02
4.023883e-02
4.026841e-02
4.029845e-02
4.032794e-02
4.035794e-02
4.038744e-02
4.041746e-02
4.044699e-02
4.047704e-02
4.050660e-02
4.053668e-02
4.056628e-02
4.059640e-02
4.062603e-02
4.065619e-02
4.068586e-02
4.071606e-02
4.074577e-02
4.077601e-02
4.080578e-02
4.083601e-02
4.086571e-02
4.089592e-02
4.092562e-02
4.095584e-02
4.098557e-02
4.101580e-02
4.104555e-02
4.107582e-02
4.110560e-02
4.113590e-02
4.116571e-02
4.119604e-02
4.122588e-02
4.125623e-02
4.128609e-02
4.131646e-02
4.134636e-02
4.137676e-02
4.140668e-02
4.143708e-02
4.146701e-02
4.149745e-02
4.152741e-02
4.155786e-02
4.158783e-02
4.161831e-02
4.164830e-02
4.167879e-02
4.170881e-02
4.173928e-02
4.176931e-02
4.179982e-02
4.182986e-02
4.186038e-02
4.189043e-02
4.192100e-02
4.195113e-02
4.198171e-02
4.201189e-02
4.204243e-02
4.207263e-02
4.210324e-02
4.213344e-02
4.216403e-02
4.219424e-02
4.222491e-02
4.225520e-02
4.228584e-02
4.231617e-02
4.234690e-02
4.237725e-02
4.240797e-02
4.243833e-02
4.246902e-02
4.249940e-02
4.253016e-02
4.256062e-02
4.259137e-02
4.262186e-02
4.265271e-02
4.268322e-02
4.271408e-02
4.274461e-02
4.277545e-02
4.280599e-02
4.283692e-02
4.286747e-02
4.289842e-02
4.292898e-02
4.295992e-02
4.299049e-02
4.302154e-02
4.305212e-02
4.308320e-02
4.311388e-02
4.314498e-02
4.317571e-02
4.320683e-02
4.323759e-02
4.326871e-02
4.329950e-02
4.333076e-02
4.336157e-02
4.339290e-02
4.342375e-02
4.345513e-02
4.348602e-02
4.351745e-02
4.354838e-02
4.357986e-02
4.361083e-02
4.364235e-02
4.367338e-02
4.370491e-02
4.373603e-02
4.376762e-02
4.379868e-02
4.383028e-02
4.386137e-02
4.389303e-02
4.392421e-02
4.395589e-02
4.398703e-02
4.401872e-02
4.404993e-02
4.408163e-02
4.411277e-02
4.414448e-02
4.417571e-02
4.420743e-02
4.423860e-02
4.427034e-02
4.430161e-02
4.433338e-02
4.436464e-02
4.439638e-02
4.442757e-02
4.445933e-02
4.449061e-02
4.452240e-02
4.455368e-02
4.458545e-02
4.461670e-02
4.464844e-02
4.467965e-02
4.471141e-02
4.474273e-02
4.477455e-02
4.480588e-02
4.483772e-02
4.486907e-02
4.490091e-02
4.493225e-02
4.496409e-02
4.499543e-02
4.502728e-02
4.505865e-02
4.509051e-02
4.512188e-02
4.515376e-02
4.518516e-02
4.521708e-02
4.524852e-02
4.528046e-02
4.531193e-02
4.534391e-02
4.537542e-02
4.540746e-02
4.543903e-02
4.547114e-02
4.550277e-02
4.553494e-02
4.556662e-02
4.559878e-02
4.563041e-02
4.566259e-02
4.569429e-02
4.572646e-02
4.575811e-02
4.579030e-02
4.582201e-02
4.585420e-02
4.588586e-02
4.591807e-02
4.594980e-02
4.598200e-02
4.601367e-02
4.604580e-02
4.607742e-02
4.610958e-02
4.614126e-02
4.617341e-02
4.620505e-02
4.623715e-02
4.626874e-02
4.630087e-02
4.633252e-02
4.636465e-02
4.639627e-02
4.642834e-02
4.645990e-02
4.649199e-02
4.652360e-02
4.655568e-02
4.658724e-02
4.661935e-02
4.665097e-02
4.668307e-02
4.671466e-02
4.674678e-02
4.677843e-02
4.681055e-02
4.684215e-02
4.687422e-02
4.690577e-02
4.693785e-02
4.696946e-02
4.700153e-02
4.703310e-02
4.706520e-02
4.709684e-02
4.712903e-02
4.716076e-02
4.719298e-02
4.722469e-02
4.725695e-02
4.728875e-02
4.732104e-02
4.735283e-02
4.738516e-02
4.741705e-02
4.744941e-02
4.748130e-02
4.751364e-02
4.754551e-02
4.757791e-02
4.760988e-02
4.764233e-02
4.767430e-02
4.770683e-02
4.773892e-02
4.777150e-02
4.780362e-02
4.783621e-02
4.786833e-02
4.790092e-02
4.793306e-02
4.796573e-02
4.799799e-02
4.803073e-02
4.806303e-02
4.809580e-02
4.812812e-02
4.816090e-02
4.819324e-02
4.822604e-02
4.825841e-02
4.829123e-02
4.832361e-02
4.835654e-02
4.838907e-02
4.842209e-02
4.845468e-02
4.848775e-02
4.852038e-02
4.855350e-02
4.858617e-02
4.861932e-02
4.865203e-02
4.868522e-02
4.871798e-02
4.875121e-02
4.878400e-02
4.881728e-02
4.885012e-02
4.888344e-02
4.891632e-02
4.894969e-02
4.898262e-02
4.901604e-02
4.904903e-02
4.908250e-02
4.911554e-02
4.914907e-02
4.918216e-02
4.921575e-02
4.924890e-02
4.928256e-02
4.931577e-02
4.934948e-02
4.938276e-02
4.941678e-02
4.945149e-02
4.948756e-02
4.952559e-02
4.956371e-02
4.960203e-02
4.964041e-02
4.967862e-02
4.971684e-02
4.975543e-02
4.979437e-02
4.983370e-02
4.987352e-02
4.991380e-02
4.995205e-02
4.999050e-02
5.002899e-02
5.006730e-02
5.010558e-02
5.014420e-02
5.018313e-02
5.022242e-02
5.026212e-02
5.030222e-02
5.034062e-02
5.037919e-02
5.041779e-02
5.045657e-02
5.049540e-02
5.053396e-02
5.057248e-02
5.061132e-02
5.065047e-02
5.068996e-02
5.072986e-02
5.077015e-02
5.080872e-02
5.084745e-02
5.088621e-02
5.092513e-02
5.096409e-02
5.100275e-02
5.104136e-02
5.108025e-02
5.111945e-02
5.115896e-02
5.118948e-02
5.121964e-02
5.125012e-02
5.128032e-02
5.131085e-02
5.134111e-02
5.137169e-02
5.140199e-02
5.143262e-02
5.146297e-02
5.149365e-02
5.152405e-02
5.155478e-02
5.158523e-02
5.161601e-02
5.164651e-02
5.167734e-02
5.170789e-02
5.173878e-02
5.176938e-02
5.180031e-02
5.183097e-02
5.186196e-02
5.189266e-02
5.192371e-02
5.195446e-02
5.198557e-02
5.201637e-02
5.204753e-02
5.207840e-02
5.210961e-02
5.214053e-02
5.217180e-02
5.220277e-02
5.223411e-02
5.226514e-02
5.229653e-02
5.232761e-02
5.235907e-02
5.239021e-02
5.242172e-02
5.245293e-02
5.248450e-02
5.251576e-02
5.254740e-02
5.257872e-02
5.261043e-02
5.264181e-02
5.267358e-02
5.270502e-02
5.273686e-02
5.276836e-02
5.280026e-02
5.283183e-02
5.286380e-02
5.289543e-02
5.292747e-02
5.295916e-02
5.299126e-02
5.302302e-02
5.305519e-02
5.308701e-02
5.311926e-02
5.315114e-02
5.318346e-02
5.321540e-02
5.324779e-02
5.327980e-02
5.331226e-02
5.334433e-02
5.337686e-02
5.340900e-02
5.344159e-02
5.347380e-02
5.350646e-02
5.353873e-02
5.357146e-02
5.360380e-02
5.363660e-02
5.366899e-02
5.370186e-02
5.373432e-02
5.376726e-02
5.379978e-02
5.383278e-02
5.386536e-02
5.389842e-02
5.393106e-02
5.396419e-02
5.399688e-02
5.403007e-02
5.406282e-02
5.409607e-02
5.412887e-02
5.416218e-02
5.419503e-02
5.422839e-02
5.426129e-02
5.429470e-02
5.432765e-02
5.436111e-02
5.439411e-02
5.442761e-02
5.446064e-02
5.449418e-02
5.452726e-02
5.456084e-02
5.459395e-02
5.462756e-02
5.466071e-02
5.469434e-02
5.472752e-02
5.476118e-02
5.479437e-02
5.482805e-02
5.486127e-02
5.489497e-02
5.492820e-02
5.496191e-02
5.499516e-02
5.502887e-02
5.506213e-02
5.509584e-02
5.512911e-02
5.516282e-02
5.519609e-02
5.522979e-02
5.526307e-02
5.529676e-02
5.533003e-02
5.536372e-02
5.539699e-02
5.543066e-02
5.546393e-02
5.549759e-02
5.553085e-02
5.556450e-02
5.559777e-02
5.563141e-02
5.566467e-02
5.569831e-02
5.573158e-02
5.576523e-02
5.579851e-02
5.583216e-02
5.586546e-02
5.589913e-02
5.593246e-02
5.596616e-02
5.600323e-02
5.604282e-02
5.608273e-02
5.612290e-02
5.616316e-02
5.620359e-02
5.624422e-02
5.628511e-02
5.632618e-02
5.636755e-02
5.640909e-02
5.644888e-02
5.648875e-02
5.652863e-02
5.656814e-02
5.660748e-02
5.664702e-02
5.668671e-02
5.672672e-02
5.676696e-02
5.680748e-02
5.684819e-02
5.688890e-02
5.692970e-02
5.697067e-02
5.701186e-02
5.705322e-02
5.709484e-02
5.713663e-02
5.717679e-02
5.721702e-02
5.725725e-02
5.729710e-02
5.733674e-02
5.737657e-02
5.741652e-02
5.745679e-02
5.749726e-02
5.753800e-02
5.757893e-02
5.761983e-02
5.766080e-02
5.770193e-02
5.774324e-02
5.778473e-02
5.782644e-02
5.786829e-02
5.791037e-02
5.795259e-02
5.799507e-02
5.803767e-02
5.807831e-02
5.811853e-02
5.815852e-02
5.819343e-02
5.822875e-02
5.826372e-02
5.829909e-02
5.833411e-02
5.836954e-02
5.840462e-02
5.844010e-02
5.847524e-02
5.851077e-02
5.854596e-02
5.858155e-02
5.861679e-02
5.865243e-02
5.868772e-02
5.872342e-02
5.875876e-02
5.879451e-02
5.882991e-02
5.886571e-02
5.890116e-02
5.893702e-02
5.897252e-02
5.900844e-02
5.904400e-02
5.907997e-02
5.911558e-02
5.915160e-02
5.918727e-02
5.922335e-02
5.925907e-02
5.929521e-02
5.933099e-02
5.936718e-02
5.940301e-02
5.943927e-02
5.947516e-02
5.951147e-02
5.954741e-02
5.958379e-02
5.961979e-02
5.965622e-02
5.969228e-02
5.972878e-02
5.976490e-02
5.980146e-02
5.983763e-02
5.987426e-02
5.991050e-02
5.994719e-02
5.998349e-02
6.002024e-02
6.005661e-02
6.009343e-02
6.012986e-02
6.016676e-02
6.020325e-02
6.024022e-02
6.027678e-02
6.031382e-02
6.035046e-02
6.038757e-02
6.042428e-02
6.046148e-02
6.049826e-02
6.053554e-02
6.057240e-02
6.060976e-02
6.064670e-02
6.068415e-02
6.072118e-02
6.075872e-02
6.079583e-02
6.083348e-02
6.087068e-02
6.090843e-02
6.094573e-02
6.098360e-02
6.102100e-02
6.105898e-02
6.109650e-02
6.113461e-02
6.117224e-02
6.121049e-02
6.124825e-02
6.128666e-02
6.132456e-02
6.136313e-02
6.140118e-02
6.143993e-02
6.147815e-02
6.151711e-02
6.155552e-02
6.159471e-02
6.163333e-02
6.167278e-02
6.171163e-02
6.175139e-02
6.179051e-02
6.183061e-02
6.187004e-02
6.191055e-02
6.195034e-02
6.199133e-02
6.203153e-02
6.207300e-02
6.211371e-02
6.215563e-02
6.219693e-02
6.223911e-02
6.228106e-02
6.232147e-02
6.236199e-02
6.240267e-02
6.244345e-02
6.248439e-02
6.252545e-02
6.256666e-02
6.260799e-02
6.264947e-02
6.269131e-02
6.273364e-02
6.277625e-02
6.281950e-02
6.286194e-02
6.290501e-02
6.294729e-02
6.298902e-02
6.303095e-02
6.307302e-02
6.311483e-02
6.315651e-02
6.319839e-02
6.324038e-02
6.328080e-02
6.332136e-02
6.336203e-02
6.340285e-02
6.344378e-02
6.348486e-02
6.352606e-02
6.356740e-02
6.360886e-02
6.365047e-02
6.369243e-02
6.373488e-02
6.377704e-02
6.381986e-02
6.386202e-02
6.390485e-02
6.394704e-02
6.398989e-02
6.403212e-02
6.407501e-02
6.411729e-02
6.415953e-02
6.420145e-02
6.424184e-02
6.428232e-02
6.432294e-02
6.436366e-02
6.440452e-02
6.444549e-02
6.448660e-02
6.452782e-02
6.456919e-02
6.461067e-02
6.465231e-02
6.469428e-02
6.473674e-02
6.477979e-02
6.482303e-02
6.486614e-02
6.490923e-02
6.495245e-02
6.499579e-02
6.503916e-02
6.508260e-02
6.512612e-02
6.516975e-02
6.521004e-02
6.525046e-02
6.529097e-02
6.533160e-02
6.537232e-02
6.541317e-02
6.545411e-02
6.549519e-02
6.553637e-02
6.557769e-02
6.561912e-02
6.566069e-02
6.570243e-02
6.574448e-02
6.578696e-02
6.583002e-02
6.587335e-02
6.591678e-02
6.595985e-02
6.600273e-02
6.604576e-02
6.608888e-02
6.613221e-02
6.617566e-02
6.621924e-02
6.626291e-02
6.630331e-02
6.634382e-02
6.638441e-02
6.642511e-02
6.646589e-02
6.650678e-02
6.654776e-02
6.658885e-02
6.663003e-02
6.667133e-02
6.671273e-02
6.675425e-02
6.679587e-02
6.683762e-02
6.687952e-02
6.692169e-02
6.696423e-02
6.700694e-02
6.704986e-02
6.709295e-02
6.713627e-02
6.717976e-02
6.722298e-02
6.726605e-02
6.730927e-02
6.735257e-02
6.739607e-02
6.743968e-02
6.748014e-02
6.752070e-02
6.756132e-02
6.760203e-02
6.764280e-02
6.768365e-02
6.772456e-02
6.776556e-02
6.780661e-02
6.784774e-02
6.788894e-02
6.793023e-02
6.797158e-02
6.801303e-02
6.805456e-02
6.809617e-02
6.813787e-02
6.817966e-02
6.822153e-02
6.826350e-02
6.830556e-02
6.834773e-02
6.839010e-02
6.843276e-02
6.847574e-02
6.851885e-02
6.856219e-02
6.860572e-02
6.864907e-02
6.869235e-02
6.873579e-02
6.877933e-02
6.882306e-02
6.886689e-02
6.891085e-02
6.895487e-02
6.899564e-02
6.903647e-02
6.907736e-02
6.911830e-02
6.915930e-02
6.920034e-02
6.924143e-02
6.928257e-02
6.932374e-02
6.936496e-02
6.940622e-02
6.944753e-02
6.948887e-02
6.953027e-02
6.957170e-02
6.961319e-02
6.965471e-02
6.969629e-02
6.973791e-02
6.977959e-02
6.982131e-02
6.986310e-02
6.990493e-02
6.994682e-02
6.998876e-02
7.003077e-02
7.007284e-02
7.011497e-02
7.015718e-02
7.019946e-02
7.024182e-02
7.028426e-02
7.032686e-02
7.036967e-02
7.041274e-02
7.045613e-02
7.049983e-02
7.054374e-02
7.058785e-02
7.063205e-02
7.067637e-02
7.072075e-02
7.076520e-02
7.080970e-02
7.085384e-02
7.089781e-02
7.094191e-02
7.098609e-02
7.103045e-02
7.107491e-02
7.111612e-02
7.115736e-02
7.119862e-02
7.123991e-02
7.128121e-02
7.132254e-02
7.136388e-02
7.140524e-02
7.144662e-02
7.148803e-02
7.152945e-02
7.157090e-02
7.161238e-02
7.165388e-02
7.169541e-02
7.173697e-02
7.177856e-02
7.182018e-02
7.186183e-02
7.190351e-02
7.194523e-02
7.198699e-02
7.202878e-02
7.207061e-02
7.211247e-02
7.215438e-02
7.219632e-02
7.223831e-02
7.228034e-02
7.232244e-02
7.236464e-02
7.240699e-02
7.244950e-02
7.249220e-02
7.253507e-02
7.257816e-02
7.262144e-02
7.266498e-02
7.270875e-02
7.275283e-02
7.279720e-02
7.284194e-02
7.288674e-02
7.293146e-02
7.297631e-02
7.302125e-02
7.306631e-02
7.311145e-02
7.315674e-02
7.320203e-02
7.324730e-02
7.329256e-02
7.333782e-02
7.338306e-02
7.342440e-02
7.346575e-02
7.350713e-02
7.354851e-02
7.358991e-02
7.363131e-02
7.367273e-02
7.371415e-02
7.375558e-02
7.379702e-02
7.383847e-02
7.387993e-02
7.392140e-02
7.396289e-02
7.400440e-02
7.404591e-02
7.408745e-02
7.412900e-02
7.417056e-02
7.421214e-02
7.425374e-02
7.429536e-02
7.433699e-02
7.437865e-02
7.442032e-02
7.446200e-02
7.450371e-02
7.454544e-02
7.458718e-02
7.462894e-02
7.467073e-02
7.471256e-02
7.475447e-02
7.479646e-02
7.483855e-02
7.488075e-02
7.492305e-02
7.496546e-02
7.500798e-02
7.505061e-02
7.509336e-02
7.513624e-02
7.517924e-02
7.522241e-02
7.526571e-02
7.530921e-02
7.535289e-02
7.539680e-02
7.544092e-02
7.548534e-02
7.553001e-02
7.557480e-02
7.561980e-02
7.566480e-02
7.570979e-02
7.575478e-02
7.579976e-02
7.584474e-02
7.588972e-02
7.593470e-02
7.597967e-02
7.602464e-02
7.606960e-02
7.611456e-02
7.615952e-02
7.620447e-02
7.624942e-02
7.629436e-02
7.633931e-02
7.638424e-02
7.642918e-02
7.647411e-02
7.651903e-02
7.656395e-02
7.660887e-02
7.665378e-02
7.669869e-02
7.674360e-02
7.678850e-02
7.683340e-02
7.687829e-02
7.692318e-02
7.696807e-02
7.701295e-02
7.705783e-02
7.710270e-02
7.714758e-02
7.719244e-02
7.723731e-02
7.728216e-02
7.732702e-02
7.737187e-02
7.741672e-02
7.746156e-02
7.750641e-02
7.755124e-02
7.759608e-02
7.764091e-02
7.768574e-02
7.773057e-02
7.777539e-02
7.782021e-02
7.786502e-02
7.790984e-02
7.795465e-02
7.799945e-02
7.804426e-02
7.808906e-02
7.813386e-02
7.817530e-02
7.821677e-02
7.825827e-02
7.829981e-02
7.834136e-02
7.838293e-02
7.842451e-02
7.846610e-02
7.850768e-02
7.854926e-02
7.859084e-02
7.863242e-02
7.867398e-02
7.871554e-02
7.875709e-02
7.879863e-02
7.884016e-02
7.888168e-02
7.892320e-02
7.896470e-02
7.900619e-02
7.904768e-02
7.908915e-02
7.913062e-02
7.917207e-02
7.921352e-02
7.925495e-02
7.929638e-02
7.933779e-02
7.937920e-02
7.942059e-02
7.946198e-02
7.950335e-02
7.954472e-02
7.958608e-02
7.962743e-02
7.966878e-02
7.971011e-02
7.975144e-02
7.979277e-02
7.983408e-02
7.987540e-02
7.991671e-02
7.995801e-02
7.999931e-02
8.004061e-02
8.008544e-02
8.012673e-02
8.017139e-02
8.021268e-02
8.025752e-02
8.029860e-02
8.033989e-02
8.038097e-02
8.042225e-02
8.046334e-02
8.050462e-02
8.054570e-02
8.058698e-02
8.062807e-02
8.066934e-02
8.071043e-02
8.075171e-02
8.079280e-02
8.083407e-02
8.087516e-02
8.091644e-02
8.095753e-02
8.099862e-02
8.103971e-02
8.108080e-02
8.112190e-02
8.116299e-02
8.120409e-02
8.124519e-02
8.128628e-02
8.132738e-02
8.136848e-02
8.140958e-02
8.145068e-02
8.149179e-02
8.153289e-02
8.157399e-02
8.161509e-02
8.165619e-02
8.169729e-02
8.173838e-02
8.177948e-02
8.182057e-02
8.186165e-02
8.190273e-02
8.194381e-02
8.198487e-02
8.202593e-02
8.206697e-02
8.210800e-02
8.214902e-02
8.219002e-02
8.223100e-02
8.227196e-02
8.231291e-02
8.235382e-02
8.239472e-02
8.243558e-02
8.247642e-02
8.251723e-02
8.255801e-02
8.259876e-02
8.263950e-02
8.268019e-02
8.272087e-02
8.276151e-02
8.280214e-02
8.284274e-02
8.288333e-02
8.292389e-02
8.296445e-02
8.300498e-02
8.304552e-02
8.308604e-02
8.312657e-02
8.316709e-02
8.320763e-02
8.324816e-02
8.328872e-02
8.332927e-02
8.336981e-02
8.341033e-02
8.345085e-02
8.349135e-02
8.353184e-02
8.357232e-02
8.361280e-02
8.365327e-02
8.369374e-02
8.373419e-02
8.377464e-02
8.381508e-02
8.385552e-02
8.389595e-02
8.393638e-02
8.397680e-02
8.401722e-02
8.405763e-02
8.409803e-02
8.413844e-02
8.417883e-02
8.421923e-02
8.425961e-02
8.429999e-02
8.434036e-02
8.438074e-02
8.442109e-02
8.446146e-02
8.450180e-02
8.454215e-02
8.458248e-02
8.462283e-02
8.466315e-02
8.470350e-02
8.474383e-02
8.478418e-02
8.482453e-02
8.486491e-02
8.490528e-02
8.494570e-02
8.498615e-02
8.502669e-02
8.506731e-02
8.510802e-02
8.514880e-02
8.518965e-02
8.523052e-02
8.527144e-02
8.531240e-02
8.535341e-02
8.539444e-02
8.543550e-02
8.547661e-02
8.551776e-02
8.555892e-02
8.560013e-02
8.564135e-02
8.568261e-02
8.572392e-02
8.576529e-02
8.580668e-02
8.584812e-02
8.588961e-02
8.593116e-02
8.597273e-02
8.601435e-02
8.605601e-02
8.609771e-02
8.613948e-02
8.618133e-02
8.622320e-02
8.626514e-02
8.630714e-02
8.634922e-02
8.639133e-02
8.643350e-02
8.647575e-02
8.651806e-02
8.656042e-02
8.660285e-02
8.664534e-02
8.668792e-02
8.673057e-02
8.677330e-02
8.681610e-02
8.685897e-02
8.690192e-02
8.694493e-02
8.698803e-02
8.703119e-02
8.707442e-02
8.711772e-02
8.716110e-02
8.720455e-02
8.724807e-02
8.729167e-02
8.733534e-02
8.737909e-02
8.742292e-02
8.746682e-02
8.751082e-02
8.755489e-02
8.759907e-02
8.764332e-02
8.768755e-02
8.773179e-02
8.777601e-02
8.782023e-02
8.786445e-02
8.790866e-02
8.795286e-02
8.799706e-02
8.804125e-02
8.808556e-02
8.812986e-02
8.817416e-02
8.821845e-02
8.826273e-02
8.830701e-02
8.835128e-02
8.839555e-02
8.843981e-02
8.848406e-02
8.852831e-02
8.857255e-02
8.861679e-02
8.866103e-02
8.870526e-02
8.874948e-02
8.879370e-02
8.883792e-02
8.888213e-02
8.892634e-02
8.897054e-02
8.901474e-02
8.905894e-02
8.910313e-02
8.914732e-02
8.919150e-02
8.923568e-02
8.927986e-02
8.932403e-02
8.936821e-02
8.941237e-02
8.945654e-02
8.950070e-02
8.954486e-02
8.958635e-02
8.962785e-02
8.966935e-02
8.971086e-02
8.975238e-02
8.979391e-02
8.983544e-02
8.987699e-02
8.991855e-02
8.996012e-02
9.000169e-02
9.004328e-02
9.008488e-02
9.012650e-02
9.016812e-02
9.020976e-02
9.025141e-02
9.029307e-02
9.033475e-02
9.037644e-02
9.041814e-02
9.045986e-02
9.050158e-02
9.054333e-02
9.058508e-02
9.062685e-02
9.066864e-02
9.071044e-02
9.075225e-02
9.079408e-02
9.083592e-02
9.087426e-02
9.091493e-02
9.095683e-02
9.099874e-02
9.103855e-02
9.108049e-02
9.112245e-02
9.116441e-02
9.120559e-02
9.124758e-02
9.128959e-02
9.133162e-02
9.137367e-02
9.141573e-02
9.145782e-02
9.149993e-02
9.154206e-02
9.158421e-02
9.162640e-02
9.166861e-02
9.171085e-02
9.175312e-02
9.179543e-02
9.183777e-02
9.188016e-02
9.192258e-02
9.196506e-02
9.200758e-02
9.205016e-02
9.209279e-02
9.213548e-02
9.217824e-02
9.222107e-02
9.226397e-02
9.230696e-02
9.235003e-02
9.239321e-02
9.243649e-02
9.247989e-02
9.252327e-02
9.256692e-02
9.261077e-02
9.265486e-02
9.269910e-02
9.274333e-02
9.278757e-02
9.283180e-02
9.287602e-02
9.292025e-02
9.296447e-02
9.300869e-02
9.305290e-02
9.309712e-02
9.314133e-02
9.318553e-02
9.322974e-02
9.327394e-02
9.331814e-02
9.336233e-02
9.340674e-02
9.345115e-02
9.349555e-02
9.353994e-02
9.358433e-02
9.362872e-02
9.367310e-02
9.371748e-02
9.376185e-02
9.380622e-02
9.385059e-02
9.389495e-02
9.393931e-02
9.398367e-02
9.402803e-02
9.407238e-02
9.411673e-02
9.416108e-02
9.420542e-02
9.424977e-02
9.429411e-02
9.433845e-02
9.438279e-02
9.442713e-02
9.447147e-02
9.451581e-02
9.456014e-02
9.460448e-02
9.464882e-02
9.469315e-02
9.473748e-02
9.478182e-02
9.482615e-02
9.487048e-02
9.491482e-02
9.495915e-02
9.500348e-02
9.504782e-02
9.509215e-02
9.513649e-02
9.518082e-02
9.522516e-02
9.526950e-02
9.531384e-02
9.535817e-02
9.540251e-02
9.544685e-02
9.549119e-02
9.553554e-02
9.557988e-02
9.562422e-02
9.566857e-02
9.571291e-02
9.575726e-02
9.580160e-02
9.584595e-02
9.589030e-02
9.593465e-02
9.597900e-02
9.602362e-02
9.606825e-02
9.611287e-02
9.615750e-02
9.620212e-02
9.624674e-02
9.629136e-02
9.633599e-02
9.638061e-02
9.642523e-02
9.646985e-02
9.651446e-02
9.655908e-02
9.660370e-02
9.664831e-02
9.669292e-02
9.673753e-02
9.678214e-02
9.682674e-02
9.687134e-02
9.691594e-02
9.696053e-02
9.700512e-02
9.704971e-02
9.709429e-02
9.713886e-02
9.718343e-02
9.722799e-02
9.727254e-02
9.731709e-02
9.736163e-02
9.740616e-02
9.745069e-02
9.749520e-02
9.753971e-02
9.758422e-02
9.762872e-02
9.767321e-02
9.771770e-02
9.776218e-02
9.780666e-02
9.785113e-02
9.789560e-02
9.794006e-02
9.798452e-02
9.802898e-02
9.807342e-02
9.811786e-02
9.816229e-02
9.820669e-02
9.825108e-02
9.829543e-02
9.833974e-02
9.838400e-02
9.842821e-02
9.847236e-02
9.851645e-02
9.856048e-02
9.860445e-02
9.864834e-02
9.869217e-02
9.873592e-02
9.878036e-02
9.882476e-02
9.886913e-02
9.891343e-02
9.895768e-02
9.900186e-02
9.904598e-02
9.909002e-02
9.913401e-02
9.917791e-02
9.922174e-02
9.926547e-02
9.930913e-02
9.935269e-02
9.939615e-02
9.943950e-02
9.948274e-02
9.952585e-02
9.956883e-02
9.961166e-02
9.965434e-02
9.969685e-02
9.973919e-02
9.978135e-02
9.982333e-02
9.986512e-02
9.990675e-02
9.994818e-02
9.998946e-02
1.000305e-01
1.000715e-01
1.001122e-01
1.001528e-01
1.001932e-01
1.002336e-01
1.002738e-01
1.003139e-01
1.003539e-01
1.003938e-01
1.004336e-01
1.004734e-01
1.005131e-01
1.005527e-01
1.005923e-01
1.006320e-01
1.006715e-01
1.007111e-01
1.007506e-01
1.007902e-01
1.008297e-01
1.008692e-01
1.009088e-01
1.009483e-01
1.009878e-01
1.010274e-01
1.010669e-01
1.011065e-01
1.011460e-01
1.011856e-01
1.012251e-01
1.012647e-01
1.013043e-01
1.013438e-01
1.013834e-01
1.014230e-01
1.014625e-01
1.015021e-01
1.015417e-01
1.015813e-01
1.016209e-01
1.016605e-01
1.017001e-01
1.017397e-01
1.017793e-01
1.018188e-01
1.018584e-01
1.018980e-01
1.019376e-01
1.019773e-01
1.020169e-01
1.020565e-01
1.020962e-01
1.021359e-01
1.021756e-01
1.022152e-01
1.022549e-01
1.022946e-01
1.023343e-01
1.023740e-01
1.024137e-01
1.024534e-01
1.024931e-01
1.025331e-01
1.025730e-01
1.026129e-01
1.026528e-01
1.026927e-01
1.027327e-01
1.027726e-01
1.028125e-01
1.028524e-01
1.028924e-01
1.029323e-01
1.029726e-01
1.030129e-01
1.030532e-01
1.030934e-01
1.031337e-01
1.031740e-01
1.032142e-01
1.032545e-01
1.032948e-01
1.033351e-01
1.033753e-01
1.034160e-01
1.034567e-01
1.034974e-01
1.035381e-01
1.035788e-01
1.036195e-01
1.036602e-01
1.037008e-01
1.037415e-01
1.037822e-01
1.038229e-01
1.038640e-01
1.039051e-01
1.039462e-01
1.039873e-01
1.040284e-01
1.040695e-01
1.041106e-01
1.041516e-01
1.041927e-01
1.042337e-01
1.042748e-01
1.043164e-01
1.043581e-01
1.043997e-01
1.044413e-01
1.044828e-01
1.045244e-01
1.045660e-01
1.046076e-01
1.046492e-01
1.046908e-01
1.047323e-01
1.047739e-01
1.048164e-01
1.048588e-01
1.049013e-01
1.049438e-01
1.049863e-01
1.050288e-01
1.050712e-01
1.051138e-01
1.051563e-01
1.051993e-01
1.052423e-01
1.052854e-01
1.053284e-01
1.053715e-01
1.054146e-01
1.054577e-01
1.055008e-01
1.055439e-01
1.055871e-01
1.056302e-01
1.056733e-01
1.057165e-01
1.057596e-01
1.058027e-01
1.058459e-01
1.058898e-01
1.059337e-01
1.059776e-01
1.060216e-01
1.060656e-01
1.061096e-01
1.061536e-01
1.061971e-01
1.062412e-01
1.062834e-01
1.063273e-01
1.063691e-01
1.063974e-01
1.064264e-01
1.064559e-01
1.064847e-01
1.065131e-01
1.065421e-01
1.065705e-01
1.065995e-01
1.066279e-01
1.066569e-01
1.066853e-01
1.067142e-01
1.067426e-01
1.067715e-01
1.067999e-01
1.068288e-01
1.068571e-01
1.068860e-01
1.069144e-01
1.069432e-01
1.069715e-01
1.070004e-01
1.070287e-01
1.070575e-01
1.070858e-01
1.071146e-01
1.071428e-01
1.071716e-01
1.071999e-01
1.072286e-01
1.072569e-01
1.072856e-01
1.073149e-01
1.073447e-01
1.073752e-01
1.074065e-01
1.074385e-01
1.074715e-01
1.075054e-01
1.075427e-01
1.075828e-01
1.076215e-01
1.076614e-01
1.077001e-01
1.077399e-01
1.077784e-01
1.078182e-01
1.078567e-01
1.078963e-01
1.079347e-01
1.079743e-01
1.080126e-01
1.080521e-01
1.080904e-01
1.081298e-01
1.081680e-01
1.082073e-01
1.082454e-01
1.082847e-01
1.083227e-01
1.083619e-01
1.083998e-01
1.084389e-01
1.084767e-01
1.085157e-01
1.085535e-01
1.085924e-01
1.086301e-01
1.086689e-01
1.087065e-01
1.087453e-01
1.087828e-01
1.088215e-01
1.088590e-01
1.088975e-01
1.089350e-01
1.089735e-01
1.090109e-01
1.090493e-01
1.090867e-01
1.091251e-01
1.091624e-01
1.092007e-01
1.092380e-01
1.092763e-01
1.093135e-01
1.093518e-01
1.093889e-01
1.094272e-01
1.094643e-01
1.095025e-01
1.095397e-01
1.095778e-01
1.096149e-01
1.096531e-01
1.096902e-01
1.097283e-01
1.097654e-01
1.098035e-01
1.098406e-01
1.098787e-01
1.099157e-01
1.099538e-01
1.099908e-01
1.100289e-01
1.100660e-01
1.101040e-01
1.101410e-01
1.101791e-01
1.102161e-01
1.102542e-01
1.102912e-01
1.103293e-01
1.103663e-01
1.104044e-01
1.104414e-01
1.104795e-01
1.105165e-01
1.105546e-01
1.105917e-01
1.106297e-01
1.106668e-01
1.107049e-01
1.107420e-01
1.107801e-01
1.108173e-01
1.108554e-01
1.108925e-01
1.109307e-01
1.109679e-01
1.110061e-01
1.110433e-01
1.110815e-01
1.111187e-01
1.111570e-01
1.111943e-01
1.112325e-01
1.112698e-01
1.113082e-01
1.113455e-01
1.113839e-01
1.114213e-01
1.114597e-01
1.114971e-01
1.115355e-01
1.115730e-01
1.116115e-01
1.116490e-01
1.116875e-01
1.117251e-01
1.117637e-01
1.118013e-01
1.118399e-01
1.118776e-01
1.119163e-01
1.119540e-01
1.119928e-01
1.120305e-01
1.120694e-01
1.121072e-01
1.121461e-01
1.121840e-01
1.122230e-01
1.122610e-01
1.123001e-01
1.123381e-01
1.123773e-01
1.124154e-01
1.124547e-01
1.124929e-01
1.125322e-01
1.125706e-01
1.126100e-01
1.126484e-01
1.126879e-01
1.127264e-01
1.127660e-01
1.128047e-01
1.128444e-01
1.128831e-01
1.129229e-01
1.129618e-01
1.130017e-01
1.130407e-01
1.130807e-01
1.131198e-01
1.131600e-01
1.131992e-01
1.132395e-01
1.132788e-01
1.133193e-01
1.133587e-01
1.133993e-01
1.134389e-01
1.134796e-01
1.135194e-01
1.135602e-01
1.136001e-01
1.136411e-01
1.136811e-01
1.137222e-01
1.137624e-01
1.138037e-01
1.138440e-01
1.138854e-01
1.139259e-01
1.139674e-01
1.140080e-01
1.140497e-01
1.140905e-01
1.141323e-01
1.141732e-01
1.142152e-01
1.142562e-01
1.142844e-01
1.143128e-01
1.143410e-01
1.143697e-01
1.143979e-01
1.144266e-01
1.144548e-01
1.144833e-01
1.145115e-01
1.145399e-01
1.145681e-01
1.145968e-01
1.146250e-01
1.146537e-01
1.146820e-01
1.147107e-01
1.147389e-01
1.147676e-01
1.147958e-01
1.148245e-01
1.148527e-01
1.148814e-01
1.149096e-01
1.149383e-01
1.149666e-01
1.149953e-01
1.150235e-01
1.150522e-01
1.150804e-01
1.151091e-01
1.151374e-01
1.151661e-01
1.151959e-01
1.152263e-01
1.152582e-01
1.152909e-01
1.153247e-01
1.153604e-01
1.153973e-01
1.154362e-01
1.154762e-01
1.155182e-01
1.155608e-01
1.156035e-01
1.156471e-01
1.156898e-01
1.157335e-01
1.157762e-01
1.158199e-01
1.158627e-01
1.159064e-01
1.159493e-01
1.159931e-01
1.160359e-01
1.160798e-01
1.161227e-01
1.161666e-01
1.162096e-01
1.162535e-01
1.162966e-01
1.163406e-01
1.163837e-01
1.164277e-01
1.164709e-01
1.165150e-01
1.165582e-01
1.166024e-01
1.166457e-01
1.166899e-01
1.167333e-01
1.167776e-01
1.168210e-01
1.168653e-01
1.169088e-01
1.169532e-01
1.169968e-01
1.170249e-01
1.170558e-01
1.170839e-01
1.171123e-01
1.171404e-01
1.171688e-01
1.171969e-01
1.172252e-01
1.172534e-01
1.172843e-01
1.173124e-01
1.173433e-01
1.173715e-01
1.174024e-01
1.174365e-01
1.174739e-01
1.175151e-01
1.175593e-01
1.176043e-01
1.176486e-01
1.176936e-01
1.177379e-01
1.177830e-01
1.178274e-01
1.178725e-01
1.179170e-01
1.179622e-01
1.180067e-01
1.180520e-01
1.180965e-01
1.181419e-01
1.181865e-01
1.182319e-01
1.182766e-01
1.183221e-01
1.183669e-01
1.184009e-01
1.184378e-01
1.184772e-01
1.185139e-01
1.185517e-01
1.185894e-01
1.186268e-01
1.186652e-01
1.187026e-01
1.187409e-01
1.187801e-01
1.188202e-01
1.188628e-01
1.189079e-01
1.189539e-01
1.189994e-01
1.190455e-01
1.190910e-01
1.191372e-01
1.191828e-01
1.192111e-01
1.192399e-01
1.192694e-01
1.192981e-01
1.193273e-01
1.193560e-01
1.193853e-01
1.194140e-01
1.194434e-01
1.194721e-01
1.195015e-01
1.195303e-01
1.195588e-01
1.195889e-01
1.196174e-01
1.196462e-01
1.196756e-01
1.197044e-01
1.197335e-01
1.197624e-01
1.197920e-01
1.198209e-01
1.198504e-01
1.198795e-01
1.199083e-01
1.199375e-01
1.199663e-01
1.199956e-01
1.200244e-01
1.200538e-01
1.200828e-01
1.201124e-01
1.201416e-01
1.201713e-01
1.202020e-01
1.202318e-01
1.202628e-01
1.202929e-01
1.203243e-01
1.203547e-01
1.203867e-01
1.204177e-01
1.204503e-01
1.204813e-01
1.205137e-01
1.205454e-01
1.205779e-01
1.206074e-01
1.206386e-01
1.206710e-01
1.207010e-01
1.207332e-01
1.207643e-01
1.207967e-01
1.208292e-01
1.208627e-01
1.208971e-01
1.209325e-01
1.209687e-01
1.210056e-01
1.210432e-01
1.210822e-01
1.211114e-01
1.211423e-01
1.211745e-01
1.212084e-01
1.212388e-01
1.212710e-01
1.213051e-01
1.213368e-01
1.213705e-01
1.214030e-01
1.214364e-01
1.214705e-01
1.215034e-01
1.215372e-01
1.215706e-01
1.216048e-01
1.216386e-01
1.216733e-01
1.217074e-01
1.217426e-01
1.217771e-01
1.218126e-01
1.218490e-01
1.218846e-01
1.219212e-01
1.219574e-01
1.219944e-01
1.220311e-01
1.220686e-01
1.221056e-01
1.221424e-01
1.221803e-01
1.222173e-01
1.222556e-01
1.222931e-01
1.223318e-01
1.223697e-01
1.224088e-01
1.224471e-01
1.224866e-01
1.225253e-01
1.225652e-01
1.226043e-01
1.226445e-01
1.226854e-01
1.227265e-01
1.227679e-01
1.228096e-01
1.228515e-01
1.228936e-01
1.229364e-01
1.229795e-01
1.230228e-01
1.230662e-01
1.231097e-01
1.231533e-01
1.231969e-01
1.232406e-01
1.232843e-01
1.233281e-01
1.233720e-01
1.234159e-01
1.234599e-01
1.235040e-01
1.235481e-01
1.235923e-01
1.236366e-01
1.236809e-01
1.237253e-01
1.237698e-01
1.238144e-01
1.238590e-01
1.239037e-01
1.239485e-01
1.239933e-01
1.240382e-01
1.240832e-01
1.241283e-01
1.241734e-01
1.242187e-01
1.242639e-01
1.243093e-01
1.243548e-01
1.244003e-01
1.244459e-01
1.244915e-01
1.245373e-01
1.245831e-01
1.246290e-01
1.246749e-01
1.247210e-01
1.247671e-01
1.248133e-01
1.248596e-01
1.249059e-01
1.249524e-01
1.249988e-01
1.250454e-01
1.250920e-01
1.251386e-01
1.251853e-01
1.252320e-01
1.252787e-01
1.253255e-01
1.253723e-01
1.254192e-01
1.254660e-01
1.255129e-01
1.255599e-01
1.256068e-01
1.256538e-01
1.257008e-01
1.257478e-01
1.257949e-01
1.258419e-01
1.258890e-01
1.259192e-01
1.259499e-01
1.259814e-01
1.260135e-01
1.260437e-01
1.260745e-01
1.261047e-01
1.261354e-01
1.261656e-01
1.261964e-01
1.262266e-01
1.262574e-01
1.262877e-01
1.263185e-01
1.263487e-01
1.263795e-01
1.264098e-01
1.264406e-01
1.264709e-01
1.265017e-01
1.265320e-01
1.265629e-01
1.265931e-01
1.266240e-01
1.266543e-01
1.266852e-01
1.267155e-01
1.267465e-01
1.267768e-01
1.268078e-01
1.268381e-01
1.268691e-01
1.268995e-01
1.269306e-01
1.269610e-01
1.269921e-01
1.270225e-01
1.270536e-01
1.270841e-01
1.271153e-01
1.271458e-01
1.271771e-01
1.272077e-01
1.272390e-01
1.272696e-01
1.273010e-01
1.273318e-01
1.273633e-01
1.273941e-01
1.274257e-01
1.274586e-01
1.274931e-01
1.275298e-01
1.275688e-01
1.276102e-01
1.276542e-01
1.277004e-01
1.277484e-01
1.277969e-01
1.278455e-01
1.278941e-01
1.279428e-01
1.279915e-01
1.280402e-01
1.280890e-01
1.281378e-01
1.281866e-01
1.282355e-01
1.282845e-01
1.283334e-01
1.283825e-01
1.284315e-01
1.284806e-01
1.285298e-01
1.285790e-01
1.286282e-01
1.286775e-01
1.287268e-01
1.287762e-01
1.288256e-01
1.288750e-01
1.289245e-01
1.289740e-01
1.290235e-01
1.290731e-01
1.291226e-01
1.291721e-01
1.292217e-01
1.292712e-01
1.293207e-01
1.293703e-01
1.294198e-01
1.294694e-01
1.295059e-01
1.295453e-01
1.295865e-01
1.296167e-01
1.296498e-01
1.296801e-01
1.297134e-01
1.297440e-01
1.297776e-01
1.298086e-01
1.298426e-01
1.298793e-01
1.299186e-01
1.299549e-01
1.299928e-01
1.300295e-01
1.300679e-01
1.301050e-01
1.301384e-01
1.301738e-01
1.302074e-01
1.302397e-01
1.302739e-01
1.303064e-01
1.303408e-01
1.303735e-01
1.304079e-01
1.304409e-01
1.304756e-01
1.305088e-01
1.305394e-01
1.305729e-01
1.306082e-01
1.306420e-01
1.306776e-01
1.307118e-01
1.307478e-01
1.307867e-01
1.308289e-01
1.308592e-01
1.308924e-01
1.309227e-01
1.309560e-01
1.309863e-01
1.310197e-01
1.310502e-01
1.310838e-01
1.311143e-01
1.311479e-01
1.311784e-01
1.312120e-01
1.312426e-01
1.312762e-01
1.313131e-01
1.313537e-01
1.313948e-01
1.314254e-01
1.314565e-01
1.314883e-01
1.315209e-01
1.315514e-01
1.315824e-01
1.316141e-01
1.316466e-01
1.316773e-01
1.317086e-01
1.317406e-01
1.317734e-01
1.318075e-01
1.318427e-01
1.318792e-01
1.319171e-01
1.319564e-01
1.319865e-01
1.320186e-01
1.320487e-01
1.320818e-01
1.321120e-01
1.321447e-01
1.321748e-01
1.322056e-01
1.322358e-01
1.322664e-01
1.322965e-01
1.323273e-01
1.323577e-01
1.323903e-01
1.324249e-01
1.324627e-01
1.325031e-01
1.325469e-01
1.325931e-01
1.326406e-01
1.326868e-01
1.327343e-01
1.327806e-01
1.328281e-01
1.328743e-01
1.329219e-01
1.329682e-01
1.330157e-01
1.330621e-01
1.331097e-01
1.331398e-01
1.331729e-01
1.332093e-01
1.332476e-01
1.332850e-01
1.333160e-01
1.333467e-01
1.333778e-01
1.334086e-01
1.334399e-01
1.334708e-01
1.335016e-01
1.335324e-01
1.335637e-01
1.335942e-01
1.336254e-01
1.336560e-01
1.336872e-01
1.337178e-01
1.337490e-01
1.337797e-01
1.338109e-01
1.338416e-01
1.338729e-01
1.339038e-01
1.339353e-01
1.339663e-01
1.339980e-01
1.340291e-01
1.340609e-01
1.340920e-01
1.341239e-01
1.341550e-01
1.341868e-01
1.342179e-01
1.342500e-01
1.342812e-01
1.343133e-01
1.343444e-01
1.343764e-01
1.344076e-01
1.344396e-01
1.344708e-01
1.345027e-01
1.345339e-01
1.345659e-01
1.345971e-01
1.346291e-01
1.346603e-01
1.346923e-01
1.347235e-01
1.347555e-01
1.347867e-01
1.348187e-01
1.348500e-01
1.348821e-01
1.349133e-01
1.349454e-01
1.349767e-01
1.350088e-01
1.350402e-01
1.350723e-01
1.351037e-01
1.351359e-01
1.351673e-01
1.351995e-01
1.352309e-01
1.352632e-01
1.352947e-01
1.353271e-01
1.353586e-01
1.353911e-01
1.354227e-01
1.354553e-01
1.354851e-01
1.355177e-01
1.355475e-01
1.355803e-01
1.356101e-01
1.356428e-01
1.356726e-01
1.357051e-01
1.357349e-01
1.357670e-01
1.357968e-01
1.358286e-01
1.358584e-01
1.358899e-01
1.359197e-01
1.359510e-01
1.359808e-01
1.360120e-01
1.360418e-01
1.360728e-01
1.361026e-01
1.361338e-01
1.361659e-01
1.361989e-01
1.362300e-01
1.362618e-01
1.362916e-01
1.363233e-01
1.363546e-01
1.363869e-01
1.364167e-01
1.364481e-01
1.364779e-01
1.365092e-01
1.365390e-01
1.365701e-01
1.365999e-01
1.366309e-01
1.366608e-01
1.366917e-01
1.367215e-01
1.367523e-01
1.367822e-01
1.368129e-01
1.368428e-01
1.368735e-01
1.369041e-01
1.369344e-01
1.369643e-01
1.369949e-01
1.370264e-01
1.370566e-01
1.370873e-01
1.371176e-01
1.371484e-01
1.371787e-01
1.372096e-01
1.372412e-01
1.372712e-01
1.373017e-01
1.373328e-01
1.373646e-01
1.373946e-01
1.374249e-01
1.374559e-01
1.374877e-01
1.375176e-01
1.375480e-01
1.375791e-01
1.376092e-01
1.376391e-01
1.376696e-01
1.376994e-01
1.377299e-01
1.377597e-01
1.377902e-01
1.378200e-01
1.378505e-01
1.378804e-01
1.379109e-01
1.379408e-01
1.379713e-01
1.380012e-01
1.380317e-01
1.380615e-01
1.380919e-01
1.381219e-01
1.381521e-01
1.381825e-01
1.382127e-01
1.382432e-01
1.382734e-01
1.383043e-01
1.383346e-01
1.383646e-01
1.383952e-01
1.384252e-01
1.384555e-01
1.384857e-01
1.385159e-01
1.385461e-01
1.385763e-01
1.386065e-01
1.386369e-01
1.386670e-01
1.386975e-01
1.387275e-01
1.387585e-01
1.387886e-01
1.388189e-01
1.388490e-01
1.388803e-01
1.389104e-01
1.389407e-01
1.389706e-01
1.390020e-01
1.390318e-01
1.390625e-01
1.390923e-01
1.391224e-01
1.391522e-01
1.391823e-01
1.392122e-01
1.392423e-01
1.392722e-01
1.393023e-01
1.393322e-01
1.393623e-01
1.393922e-01
1.394223e-01
1.394520e-01
1.394820e-01
1.395117e-01
1.395418e-01
1.395717e-01
1.396018e-01
1.396332e-01
1.396638e-01
1.396939e-01
1.397250e-01
1.397552e-01
1.397865e-01
1.398170e-01
1.398486e-01
1.398788e-01
1.399108e-01
1.399410e-01
1.399728e-01
1.400044e-01
1.400354e-01
1.400656e-01
1.400967e-01
1.401270e-01
1.401578e-01
1.401880e-01
1.402188e-01
1.402490e-01
1.402798e-01
1.403101e-01
1.403408e-01
1.403714e-01
1.404023e-01
1.404328e-01
1.404636e-01
1.404942e-01
1.405250e-01
1.405555e-01
1.405864e-01
1.406170e-01
1.406479e-01
1.406791e-01
1.407102e-01
1.407406e-01
1.407717e-01
1.408027e-01
1.408334e-01
1.408647e-01
1.408961e-01
1.409264e-01
1.409575e-01
1.409892e-01
1.410200e-01
1.410517e-01
1.410825e-01
1.411129e-01
1.411442e-01
1.411746e-01
1.412060e-01
1.412365e-01
1.412679e-01
1.412984e-01
1.413302e-01
1.413601e-01
1.413913e-01
1.414211e-01
1.414520e-01
1.414819e-01
1.415128e-01
1.415433e-01
1.415744e-01
1.416041e-01
1.416353e-01
1.416652e-01
1.416965e-01
1.417264e-01
1.417578e-01
1.417886e-01
1.418202e-01
1.418510e-01
1.418827e-01
1.419123e-01
1.419440e-01
1.419737e-01
1.420050e-01
1.420361e-01
1.420669e-01
1.420981e-01
1.421302e-01
1.421600e-01
1.421908e-01
1.422208e-01
1.422518e-01
1.422821e-01
1.423128e-01
1.423432e-01
1.423746e-01
1.424053e-01
1.424360e-01
1.424665e-01
1.424972e-01
1.425277e-01
1.425584e-01
1.425896e-01
1.426199e-01
1.426504e-01
1.426807e-01
1.427106e-01
1.427409e-01
1.427708e-01
1.428017e-01
1.428315e-01
1.428625e-01
1.428923e-01
1.429234e-01
1.429531e-01
1.429840e-01
1.430138e-01
1.430448e-01
1.430750e-01
1.431060e-01
1.431356e-01
1.431664e-01
1.431961e-01
1.432270e-01
1.432567e-01
1.432880e-01
1.433177e-01
1.433490e-01
1.433797e-01
1.434111e-01
1.434418e-01
1.434733e-01
1.435028e-01
1.435343e-01
1.435639e-01
1.435954e-01
1.436250e-01
1.436567e-01
1.436876e-01
1.437194e-01
1.437504e-01
1.437823e-01
1.438134e-01
1.438454e-01
1.438766e-01
1.439088e-01
1.439402e-01
1.439726e-01
1.440041e-01
1.440367e-01
1.440684e-01
1.441013e-01
1.441332e-01
1.441665e-01
1.441987e-01
1.442325e-01
1.442651e-01
1.442994e-01
1.443308e-01
1.443636e-01
1.443973e-01
1.444302e-01
1.444647e-01
1.444984e-01
1.445284e-01
1.445586e-01
1.445886e-01
1.446189e-01
1.446489e-01
1.446792e-01
1.447092e-01
1.447395e-01
1.447695e-01
1.447994e-01
1.448294e-01
1.448594e-01
1.448893e-01
1.449190e-01
1.449490e-01
1.449788e-01
1.450083e-01
1.450382e-01
1.450678e-01
1.450976e-01
1.451273e-01
1.451572e-01
1.451869e-01
1.452168e-01
1.452465e-01
1.452764e-01
1.453067e-01
1.453366e-01
1.453669e-01
1.453968e-01
1.454272e-01
1.454571e-01
1.454875e-01
1.455174e-01
1.455470e-01
1.455768e-01
1.456065e-01
1.456364e-01
1.456661e-01
1.456961e-01
1.457258e-01
1.457571e-01
1.457869e-01
1.458180e-01
1.458478e-01
1.458787e-01
1.459086e-01
1.459397e-01
1.459696e-01
1.460006e-01
1.460328e-01
1.460634e-01
1.460951e-01
1.461259e-01
1.461576e-01
1.461886e-01
1.462206e-01
1.462518e-01
1.462841e-01
1.463156e-01
1.463483e-01
1.463822e-01
1.464136e-01
1.464463e-01
1.464758e-01
1.465073e-01
1.465401e-01
1.465746e-01
1.466042e-01
1.466354e-01
1.466681e-01
1.467018e-01
1.467314e-01
1.467621e-01
1.467919e-01
1.468228e-01
1.468529e-01
1.468839e-01
1.469142e-01
1.469456e-01
1.469761e-01
1.470078e-01
1.470388e-01
1.470710e-01
1.471024e-01
1.471352e-01
1.471647e-01
1.471971e-01
1.472266e-01
1.472581e-01
1.472877e-01
1.473189e-01
1.473485e-01
1.473794e-01
1.474115e-01
1.474449e-01
1.474745e-01
1.475052e-01
1.475371e-01
1.475676e-01
1.475991e-01
1.476317e-01
1.476617e-01
1.476928e-01
1.477254e-01
1.477567e-01
1.477892e-01
1.478211e-01
1.478500e-01
1.478804e-01
1.479094e-01
1.479398e-01
1.479716e-01
1.480017e-01
1.480330e-01
1.480656e-01
1.480953e-01
1.481259e-01
1.481558e-01
1.481867e-01
1.482169e-01
1.482481e-01
1.482785e-01
1.483100e-01
1.483406e-01
1.483724e-01
1.484015e-01
1.484329e-01
1.484620e-01
1.484925e-01
1.485216e-01
1.485521e-01
1.485812e-01
1.486115e-01
1.486407e-01
1.486710e-01
1.487005e-01
1.487310e-01
1.487607e-01
1.487916e-01
1.488217e-01
1.488529e-01
1.488833e-01
1.489150e-01
1.489459e-01
1.489780e-01
1.490072e-01
1.490384e-01
1.490677e-01
1.490983e-01
1.491276e-01
1.491583e-01
1.491877e-01
1.492182e-01
1.492498e-01
1.492800e-01
1.493111e-01
1.493414e-01
1.493727e-01
1.494031e-01
1.494346e-01
1.494653e-01
1.494971e-01
1.495301e-01
1.495606e-01
1.495924e-01
1.496216e-01
1.496533e-01
1.496860e-01
1.497201e-01
1.497494e-01
1.497799e-01
1.498119e-01
1.498420e-01
1.498734e-01
1.499034e-01
1.499345e-01
1.499646e-01
1.499943e-01
1.500249e-01
1.500549e-01
1.500858e-01
1.501160e-01
1.501472e-01
1.501777e-01
1.502094e-01
1.502402e-01
1.502699e-01
1.502992e-01
1.503303e-01
1.503597e-01
1.503898e-01
1.504192e-01
1.504494e-01
1.504789e-01
1.505091e-01
1.505385e-01
1.505688e-01
1.505984e-01
1.506285e-01
1.506582e-01
1.506884e-01
1.507180e-01
1.507482e-01
1.507778e-01
1.508081e-01
1.508377e-01
1.508679e-01
1.508975e-01
1.509278e-01
1.509571e-01
1.509874e-01
1.510166e-01
1.510470e-01
1.510763e-01
1.511067e-01
1.511362e-01
1.511666e-01
1.511961e-01
1.512266e-01
1.512561e-01
1.512866e-01
1.513163e-01
1.513469e-01
1.513768e-01
1.514075e-01
1.514376e-01
1.514684e-01
1.514986e-01
1.515296e-01
1.515600e-01
1.515913e-01
1.516211e-01
1.516523e-01
1.516832e-01
1.517144e-01
1.517456e-01
1.517774e-01
1.518088e-01
1.518418e-01
1.518737e-01
1.519074e-01
1.519399e-01
1.519731e-01
1.520062e-01
1.520402e-01
1.520742e-01
1.521091e-01
1.521439e-01
1.521794e-01
1.522160e-01
1.522537e-01
1.522924e-01
1.523320e-01
1.523724e-01
1.524147e-01
1.524593e-01
1.525051e-01
1.525515e-01
1.525979e-01
1.526443e-01
1.526907e-01
1.527370e-01
1.527833e-01
1.528294e-01
1.528756e-01
1.529217e-01
1.529677e-01
1.530138e-01
1.530598e-01
1.531058e-01
1.531517e-01
1.531977e-01
1.532437e-01
1.532896e-01
1.533355e-01
1.533814e-01
1.534273e-01
1.534732e-01
1.535191e-01
1.535650e-01
1.536108e-01
1.536567e-01
1.537025e-01
1.537484e-01
1.537942e-01
1.538400e-01
1.538858e-01
1.539316e-01
1.539774e-01
1.540231e-01
1.540689e-01
1.541147e-01
1.541604e-01
1.542062e-01
1.542519e-01
1.542977e-01
1.543434e-01
1.543891e-01
1.544348e-01
1.544805e-01
1.545262e-01
1.545719e-01
1.546175e-01
1.546632e-01
1.547089e-01
1.547545e-01
1.548002e-01
1.548458e-01
1.548914e-01
1.549371e-01
1.549827e-01
1.550283e-01
1.550739e-01
1.551195e-01
1.551651e-01
1.552106e-01
1.552562e-01
1.553018e-01
1.553473e-01
1.553928e-01
1.554384e-01
1.554839e-01
1.555294e-01
1.555748e-01
1.556203e-01
1.556658e-01
1.557112e-01
1.557566e-01
1.558020e-01
1.558474e-01
1.558928e-01
1.559382e-01
1.559836e-01
1.560290e-01
1.560744e-01
1.561197e-01
1.561651e-01
1.562104e-01
1.562558e-01
1.563012e-01
1.563465e-01
1.563919e-01
1.564372e-01
1.564825e-01
1.565278e-01
1.565732e-01
1.566185e-01
1.566638e-01
1.567091e-01
1.567544e-01
1.567997e-01
1.568449e-01
1.568902e-01
1.569355e-01
1.569808e-01
1.570261e-01
1.570715e-01
1.571168e-01
1.571621e-01
1.572074e-01
1.572528e-01
1.572981e-01
1.573434e-01
1.573888e-01
1.574341e-01
1.574795e-01
1.575249e-01
1.575702e-01
1.576156e-01
1.576610e-01
1.577064e-01
1.577518e-01
1.577972e-01
1.578426e-01
1.578880e-01
1.579334e-01
1.579788e-01
1.580243e-01
1.580697e-01
1.581152e-01
1.581607e-01
1.582062e-01
1.582517e-01
1.582972e-01
1.583427e-01
1.583882e-01
1.584337e-01
1.584793e-01
1.585248e-01
1.585704e-01
1.586159e-01
1.586615e-01
1.587071e-01
1.587526e-01
1.587982e-01
1.588438e-01
1.588894e-01
1.589350e-01
1.589806e-01
1.590262e-01
1.590719e-01
1.591175e-01
1.591631e-01
1.592088e-01
1.592544e-01
1.593001e-01
1.593458e-01
1.593915e-01
1.594372e-01
1.594828e-01
1.595285e-01
1.595742e-01
1.596200e-01
1.596657e-01
1.597114e-01
1.597571e-01
1.598029e-01
1.598486e-01
1.598943e-01
1.599401e-01
1.599858e-01
1.600315e-01
1.600773e-01
1.601230e-01
1.601687e-01
1.602144e-01
1.602601e-01
1.603058e-01
1.603515e-01
1.603972e-01
1.604429e-01
1.604886e-01
1.605343e-01
1.605799e-01
1.606256e-01
1.606712e-01
1.607169e-01
1.607625e-01
1.608081e-01
1.608538e-01
1.608994e-01
1.609450e-01
1.609906e-01
1.610362e-01
1.610818e-01
1.611274e-01
1.611730e-01
1.612185e-01
1.612641e-01
1.613097e-01
1.613552e-01
1.614008e-01
1.614463e-01
1.614919e-01
1.615374e-01
1.615829e-01
1.616284e-01
1.616739e-01
1.617194e-01
1.617649e-01
1.618104e-01
1.618558e-01
1.619013e-01
1.619467e-01
1.619921e-01
1.620375e-01
1.620828e-01
1.621282e-01
1.621735e-01
1.622187e-01
1.622640e-01
1.623092e-01
1.623544e-01
1.623995e-01
1.624446e-01
1.624897e-01
1.625347e-01
1.625796e-01
1.626246e-01
1.626694e-01
1.627142e-01
1.627590e-01
1.628037e-01
1.628484e-01
1.628930e-01
1.629376e-01
1.629821e-01
1.630266e-01
1.630709e-01
1.631153e-01
1.631596e-01
1.632038e-01
1.632480e-01
1.632922e-01
1.633363e-01
1.633804e-01
1.634245e-01
1.634685e-01
1.635125e-01
1.635565e-01
1.636004e-01
1.636444e-01
1.636882e-01
1.637321e-01
1.637759e-01
1.638198e-01
1.638636e-01
1.639074e-01
1.639512e-01
1.639950e-01
1.640388e-01
1.640826e-01
1.641264e-01
1.641702e-01
1.642140e-01
1.642577e-01
1.643015e-01
1.643453e-01
1.643892e-01
1.644330e-01
1.644768e-01
1.645207e-01
1.645646e-01
1.646085e-01
1.646524e-01
1.646964e-01
1.647403e-01
1.647843e-01
1.648284e-01
1.648724e-01
1.649165e-01
1.649606e-01
1.650047e-01
1.650488e-01
1.650930e-01
1.651372e-01
1.651815e-01
1.652258e-01
1.652701e-01
1.653145e-01
1.653589e-01
1.654034e-01
1.654479e-01
1.654924e-01
1.655370e-01
1.655817e-01
1.656264e-01
1.656711e-01
1.657159e-01
1.657608e-01
1.658057e-01
1.658507e-01
1.658957e-01
1.659408e-01
1.659859e-01
1.660311e-01
1.660763e-01
1.661216e-01
1.661670e-01
1.662124e-01
1.662578e-01
1.663033e-01
1.663489e-01
1.663945e-01
1.664401e-01
1.664858e-01
1.665315e-01
1.665773e-01
1.666231e-01
1.666689e-01
1.667148e-01
1.667607e-01
1.668066e-01
1.668526e-01
1.668986e-01
1.669446e-01
1.669907e-01
1.670368e-01
1.670829e-01
1.671291e-01
1.671752e-01
1.672214e-01
1.672677e-01
1.673139e-01
1.673602e-01
1.674065e-01
1.674528e-01
1.674991e-01
1.675455e-01
1.675919e-01
1.676383e-01
1.676847e-01
1.677312e-01
1.677776e-01
1.678241e-01
1.678706e-01
1.679172e-01
1.679637e-01
1.680103e-01
1.680569e-01
1.681034e-01
1.681501e-01
1.681967e-01
1.682433e-01
1.682900e-01
1.683366e-01
1.683833e-01
1.684300e-01
1.684767e-01
1.685235e-01
1.685702e-01
1.686170e-01
1.686638e-01
1.687106e-01
1.687574e-01
1.688042e-01
1.688511e-01
1.688980e-01
1.689449e-01
1.689918e-01
1.690387e-01
1.690857e-01
1.691326e-01
1.691796e-01
1.692266e-01
1.692737e-01
1.693207e-01
1.693678e-01
1.694149e-01
1.694620e-01
1.695091e-01
1.695563e-01
1.696034e-01
1.696506e-01
1.696978e-01
1.697451e-01
1.697923e-01
1.698396e-01
1.698869e-01
1.699342e-01
1.699816e-01
1.700289e-01
1.700763e-01
1.701237e-01
1.701711e-01
1.702185e-01
1.702660e-01
1.703134e-01
1.703609e-01
1.704084e-01
1.704559e-01
1.705035e-01
1.705510e-01
1.705986e-01
1.706461e-01
1.706937e-01
1.707413e-01
1.707889e-01
1.708365e-01
1.708842e-01
1.709318e-01
1.709794e-01
1.710271e-01
1.710748e-01
1.711224e-01
1.711701e-01
1.712178e-01
1.712655e-01
1.713132e-01
1.713609e-01
1.714086e-01
1.714563e-01
1.715041e-01
1.715518e-01
1.715995e-01
1.716473e-01
1.716950e-01
1.717428e-01
1.717905e-01
1.718383e-01
1.718860e-01
1.719338e-01
1.719815e-01
1.720293e-01
1.720770e-01
1.721248e-01
1.721726e-01
1.722203e-01
1.722681e-01
1.723159e-01
1.723636e-01
1.724114e-01
1.724592e-01
1.725069e-01
1.725547e-01
1.726025e-01
1.726502e-01
1.726980e-01
1.727457e-01
1.727935e-01
1.728412e-01
1.728890e-01
1.729367e-01
1.729844e-01
1.730322e-01
1.730799e-01
1.731276e-01
1.731754e-01
1.732231e-01
1.732708e-01
1.733185e-01
1.733662e-01
1.734139e-01
1.734616e-01
1.735094e-01
1.735571e-01
1.736048e-01
1.736525e-01
1.737002e-01
1.737479e-01
1.737956e-01
1.738433e-01
1.738910e-01
1.739387e-01
1.739864e-01
1.740341e-01
1.740819e-01
1.741296e-01
1.741773e-01
1.742250e-01
1.742728e-01
1.743205e-01
1.743682e-01
1.744160e-01
1.744637e-01
1.745115e-01
1.745592e-01
1.746070e-01
1.746548e-01
1.747025e-01
1.747503e-01
1.747980e-01
1.748458e-01
1.748936e-01
1.749414e-01
1.749892e-01
1.750370e-01
1.750847e-01
1.751325e-01
1.751803e-01
1.752282e-01
1.752760e-01
1.753238e-01
1.753716e-01
1.754194e-01
1.754673e-01
1.755151e-01
1.755630e-01
1.756108e-01
1.756587e-01
1.757065e-01
1.757544e-01
1.758023e-01
1.758502e-01
1.758981e-01
1.759460e-01
1.759939e-01
1.760419e-01
1.760898e-01
1.761377e-01
1.761857e-01
1.762337e-01
1.762816e-01
1.763296e-01
1.763776e-01
1.764256e-01
1.764736e-01
1.765216e-01
1.765696e-01
1.766177e-01
1.766657e-01
1.767137e-01
1.767618e-01
1.768098e-01
1.768579e-01
1.769060e-01
1.769540e-01
1.770021e-01
1.770502e-01
1.770983e-01
1.771464e-01
1.771945e-01
1.772426e-01
1.772907e-01
1.773388e-01
1.773869e-01
1.774351e-01
1.774832e-01
1.775313e-01
1.775795e-01
1.776276e-01
1.776758e-01
1.777240e-01
1.777721e-01
1.778203e-01
1.778685e-01
1.779167e-01
1.779649e-01
1.780131e-01
1.780613e-01
1.781095e-01
1.781577e-01
1.782060e-01
1.782542e-01
1.783024e-01
1.783507e-01
1.783989e-01
1.784472e-01
1.784955e-01
1.785438e-01
1.785920e-01
1.786403e-01
1.786886e-01
1.787369e-01
1.787852e-01
1.788335e-01
1.788819e-01
1.789302e-01
1.789785e-01
1.790268e-01
1.790752e-01
1.791235e-01
1.791719e-01
1.792202e-01
1.792686e-01
1.793170e-01
1.793654e-01
1.794138e-01
1.794621e-01
1.795105e-01
1.795590e-01
1.796074e-01
1.796558e-01
1.797042e-01
1.797526e-01
1.798011e-01
1.798495e-01
1.798980e-01
1.799464e-01
1.799949e-01
1.800434e-01
1.800919e-01
1.801404e-01
1.801889e-01
1.802374e-01
1.802859e-01
1.803344e-01
1.803829e-01
1.804315e-01
1.804800e-01
1.805286e-01
1.805772e-01
1.806258e-01
1.806743e-01
1.807229e-01
1.807716e-01
1.808202e-01
1.808688e-01
1.809175e-01
1.809662e-01
1.810148e-01
1.810636e-01
1.811123e-01
1.811610e-01
1.812098e-01
1.812585e-01
1.813073e-01
1.813562e-01
1.814050e-01
1.814539e-01
1.815027e-01
1.815516e-01
1.816006e-01
1.816495e-01
1.816985e-01
1.817474e-01
1.817964e-01
1.818454e-01
1.818945e-01
1.819435e-01
1.819926e-01
1.820416e-01
1.820907e-01
1.821398e-01
1.821889e-01
1.822380e-01
1.822870e-01
1.823361e-01
1.823852e-01
1.824343e-01
1.824833e-01
1.825323e-01
1.825814e-01
1.826304e-01
1.826793e-01
1.827283e-01
1.827772e-01
1.828261e-01
1.828749e-01
1.829237e-01
1.829724e-01
1.830211e-01
1.830697e-01
1.831183e-01
1.831667e-01
1.832151e-01
1.832634e-01
1.833116e-01
1.833596e-01
1.834076e-01
1.834554e-01
1.835032e-01
1.835508e-01
1.835983e-01
1.836456e-01
1.836929e-01
1.837400e-01
1.837870e-01
1.838339e-01
1.838807e-01
1.839274e-01
1.839739e-01
1.840203e-01
1.840666e-01
1.841128e-01
1.841589e-01
1.842049e-01
1.842507e-01
1.842965e-01
1.843422e-01
1.843878e-01
1.844333e-01
1.844787e-01
1.845240e-01
1.845693e-01
1.846145e-01
1.846596e-01
1.847046e-01
1.847496e-01
1.847945e-01
1.848394e-01
1.848842e-01
1.849290e-01
1.849737e-01
1.850184e-01
1.850630e-01
1.851076e-01
1.851522e-01
1.851968e-01
1.852413e-01
1.852857e-01
1.853302e-01
1.853747e-01
1.854191e-01
1.854635e-01
1.855079e-01
1.855523e-01
1.855967e-01
1.856411e-01
1.856854e-01
1.857298e-01
1.857594e-01
1.857901e-01
1.858218e-01
1.858547e-01
1.858849e-01
1.859161e-01
1.859473e-01
1.859785e-01
1.860100e-01
1.860416e-01
1.860734e-01
1.861056e-01
1.861379e-01
1.861707e-01
1.862036e-01
1.862366e-01
1.862699e-01
1.863042e-01
1.863379e-01
1.863726e-01
1.864071e-01
1.864423e-01
1.864776e-01
1.865136e-01
1.865497e-01
1.865866e-01
1.866247e-01
1.866638e-01
1.867040e-01
1.867452e-01
1.867870e-01
1.868304e-01
1.868748e-01
1.869191e-01
1.869634e-01
1.870077e-01
1.870521e-01
1.870964e-01
1.871408e-01
1.871851e-01
1.872295e-01
1.872739e-01
1.873182e-01
1.873626e-01
1.874070e-01
1.874514e-01
1.874958e-01
1.875402e-01
1.875846e-01
1.876291e-01
1.876735e-01
1.877179e-01
1.877623e-01
1.878067e-01
1.878511e-01
1.878956e-01
1.879400e-01
1.879844e-01
1.880288e-01
1.880731e-01
1.881175e-01
1.881619e-01
1.882063e-01
1.882506e-01
1.882950e-01
1.883393e-01
1.883836e-01
1.884279e-01
1.884723e-01
1.885165e-01
1.885608e-01
1.886051e-01
1.886493e-01
1.886936e-01
1.887378e-01
1.887820e-01
1.888262e-01
1.888704e-01
1.889145e-01
1.889587e-01
1.890028e-01
1.890469e-01
1.890910e-01
1.891351e-01
1.891792e-01
1.892231e-01
1.892671e-01
1.893108e-01
1.893548e-01
1.893982e-01
1.894422e-01
1.894856e-01
1.895296e-01
1.895729e-01
1.896169e-01
1.896604e-01
1.897043e-01
1.897480e-01
1.897807e-01
1.898160e-01
1.898530e-01
1.898915e-01
1.899235e-01
1.899582e-01
1.899918e-01
1.900283e-01
1.900668e-01
1.901067e-01
1.901432e-01
1.901819e-01
1.902217e-01
1.902614e-01
1.903028e-01
1.903459e-01
1.903897e-01
1.904334e-01
1.904772e-01
1.905210e-01
1.905648e-01
1.906086e-01
1.906523e-01
1.906961e-01
1.907399e-01
1.907836e-01
1.908274e-01
1.908712e-01
1.909149e-01
1.909587e-01
1.910024e-01
1.910462e-01
1.910900e-01
1.911338e-01
1.911775e-01
1.912213e-01
1.912651e-01
1.913089e-01
1.913527e-01
1.913965e-01
1.914403e-01
1.914841e-01
1.915279e-01
1.915717e-01
1.916155e-01
1.916593e-01
1.917031e-01
1.917470e-01
1.917908e-01
1.918346e-01
1.918785e-01
1.919224e-01
1.919662e-01
1.920101e-01
1.920539e-01
1.920978e-01
1.921417e-01
1.921856e-01
1.922294e-01
1.922733e-01
1.923172e-01
1.923611e-01
1.924050e-01
1.924489e-01
1.924928e-01
1.925367e-01
1.925806e-01
1.926245e-01
1.926685e-01
1.927124e-01
1.927563e-01
1.928002e-01
1.928441e-01
1.928880e-01
1.929320e-01
1.929759e-01
1.930198e-01
1.930638e-01
1.931077e-01
1.931516e-01
1.931956e-01
1.932395e-01
1.932835e-01
1.933274e-01
1.933714e-01
1.934154e-01
1.934593e-01
1.935033e-01
1.935473e-01
1.935913e-01
1.936353e-01
1.936793e-01
1.937233e-01
1.937674e-01
1.938114e-01
1.938555e-01
1.938995e-01
1.939436e-01
1.939877e-01
1.940317e-01
1.940758e-01
1.941183e-01
1.941617e-01
1.942032e-01
1.942459e-01
1.942870e-01
1.943305e-01
1.943720e-01
1.944161e-01
1.944603e-01
1.945045e-01
1.945487e-01
1.945929e-01
1.946372e-01
1.946814e-01
1.947256e-01
1.947699e-01
1.948141e-01
1.948584e-01
1.949026e-01
1.949469e-01
1.949912e-01
1.950355e-01
1.950798e-01
1.951241e-01
1.951684e-01
1.952128e-01
1.952571e-01
1.953014e-01
1.953458e-01
1.953901e-01
1.954345e-01
1.954789e-01
1.955232e-01
1.955676e-01
1.956120e-01
1.956564e-01
1.957008e-01
1.957452e-01
1.957896e-01
1.958340e-01
1.958784e-01
1.959228e-01
1.959672e-01
1.960117e-01
1.960561e-01
1.961005e-01
1.961450e-01
1.961894e-01
1.962338e-01
1.962783e-01
1.963227e-01
1.963671e-01
1.964116e-01
1.964560e-01
1.965005e-01
1.965449e-01
1.965894e-01
1.966338e-01
1.966783e-01
1.967227e-01
1.967671e-01
1.968116e-01
1.968560e-01
1.969005e-01
1.969449e-01
1.969893e-01
1.970338e-01
1.970782e-01
1.971227e-01
1.971671e-01
1.972115e-01
1.972560e-01
1.973004e-01
1.973449e-01
1.973893e-01
1.974337e-01
1.974782e-01
1.975226e-01
1.975671e-01
1.976115e-01
1.976560e-01
1.977004e-01
1.977449e-01
1.977893e-01
1.978338e-01
1.978782e-01
1.979227e-01
1.979671e-01
1.980116e-01
1.980561e-01
1.981005e-01
1.981450e-01
1.981895e-01
1.982340e-01
1.982784e-01
1.983229e-01
1.983674e-01
1.984119e-01
1.984564e-01
1.985009e-01
1.985454e-01
1.985899e-01
1.986344e-01
1.986790e-01
1.987235e-01
1.987680e-01
1.988125e-01
1.988571e-01
1.989016e-01
1.989461e-01
1.989907e-01
1.990353e-01
1.990798e-01
1.991244e-01
1.991689e-01
1.992135e-01
1.992581e-01
1.993027e-01
1.993473e-01
1.993918e-01
1.994361e-01
1.994806e-01
1.995233e-01
1.995664e-01
1.996077e-01
1.996495e-01
1.996897e-01
1.997305e-01
1.997700e-01
1.998101e-01
1.998490e-01
1.998886e-01
1.999272e-01
1.999665e-01
2.000050e-01
2.000442e-01
2.000826e-01
2.001217e-01
