#   1 : Date        
# Date        
0.000000e+00
1.807392e-05
2.865299e-05
3.680825e-05
4.331462e-05
4.906367e-05
5.538763e-05
6.204872e-05
6.795979e-05
7.446196e-05
8.161436e-05
8.947053e-05
9.702468e-05
1.053342e-04
1.143002e-04
1.241628e-04
1.337027e-04
1.436480e-04
1.545879e-04
1.657374e-04
1.769297e-04
1.886124e-04
2.010176e-04
2.132284e-04
2.257171e-04
2.388127e-04
2.521957e-04
2.655017e-04
2.797183e-04
2.939297e-04
3.084532e-04
3.235230e-04
3.388720e-04
3.545256e-04
3.707045e-04
3.871136e-04
4.039712e-04
4.213429e-04
4.389057e-04
4.566041e-04
4.748726e-04
4.934284e-04
5.123968e-04
5.317204e-04
5.513472e-04
5.713195e-04
5.916317e-04
6.121877e-04
6.330631e-04
6.541431e-04
6.756129e-04
6.973298e-04
7.193540e-04
7.416524e-04
7.642145e-04
7.870888e-04
8.102207e-04
8.336410e-04
8.572999e-04
8.811975e-04
9.052984e-04
9.296850e-04
9.542344e-04
9.790738e-04
1.004107e-03
1.029433e-03
1.054937e-03
1.080517e-03
1.105879e-03
1.131368e-03
1.157044e-03
1.183263e-03
1.210054e-03
1.237152e-03
1.250634e-03
1.264420e-03
1.278380e-03
1.292088e-03
1.305676e-03
1.318952e-03
1.332330e-03
1.345873e-03
1.359667e-03
1.372685e-03
1.385703e-03
1.398805e-03
1.412013e-03
1.424971e-03
1.437952e-03
1.450836e-03
1.463803e-03
1.476929e-03
1.490244e-03
1.503076e-03
1.515960e-03
1.528955e-03
1.542100e-03
1.554951e-03
1.567839e-03
1.580802e-03
1.593873e-03
1.607110e-03
1.620546e-03
1.633549e-03
1.646631e-03
1.659839e-03
1.673205e-03
1.686287e-03
1.699438e-03
1.712683e-03
1.726050e-03
1.739589e-03
1.753330e-03
1.766665e-03
1.780098e-03
1.793665e-03
1.807397e-03
1.821349e-03
1.835501e-03
1.849163e-03
1.862958e-03
1.876931e-03
1.891114e-03
1.904908e-03
1.918814e-03
1.932859e-03
1.947077e-03
1.961517e-03
1.976149e-03
1.991028e-03
2.006238e-03
2.020757e-03
2.035416e-03
2.050278e-03
2.065448e-03
2.080044e-03
2.094759e-03
2.109655e-03
2.124848e-03
2.140477e-03
2.156882e-03
2.171906e-03
2.187247e-03
2.203056e-03
2.219674e-03
2.234873e-03
2.250401e-03
2.266411e-03
2.283253e-03
2.298647e-03
2.314376e-03
2.330600e-03
2.347674e-03
2.363271e-03
2.379208e-03
2.395653e-03
2.412955e-03
2.428751e-03
2.444891e-03
2.461473e-03
2.478686e-03
2.494719e-03
2.511031e-03
2.527691e-03
2.544839e-03
2.561025e-03
2.577456e-03
2.594193e-03
2.611381e-03
2.629261e-03
2.648133e-03
2.665045e-03
2.682344e-03
2.700223e-03
2.718996e-03
2.736000e-03
2.753354e-03
2.771163e-03
2.789628e-03
2.809263e-03
2.826739e-03
2.844579e-03
2.862939e-03
2.882357e-03
2.903103e-03
2.921025e-03
2.939431e-03
2.958595e-03
2.978744e-03
2.996698e-03
3.015019e-03
3.033821e-03
3.053301e-03
3.073992e-03
3.094988e-03
3.113733e-03
3.133016e-03
3.153392e-03
3.174037e-03
3.192709e-03
3.211828e-03
3.231650e-03
3.252400e-03
3.271020e-03
3.289965e-03
3.309327e-03
3.329296e-03
3.350409e-03
3.372972e-03
3.392226e-03
3.411951e-03
3.432408e-03
3.453814e-03
3.472951e-03
3.492408e-03
3.512270e-03
3.532720e-03
3.554328e-03
3.577389e-03
3.597067e-03
3.617188e-03
3.638001e-03
3.659732e-03
3.679253e-03
3.699070e-03
3.719254e-03
3.739977e-03
3.761804e-03
3.785000e-03
3.804961e-03
3.825322e-03
3.846310e-03
3.868186e-03
3.887974e-03
3.908035e-03
3.928426e-03
3.949318e-03
3.971271e-03
3.994498e-03
4.014663e-03
4.035193e-03
4.056200e-03
4.077858e-03
4.100701e-03
4.124970e-03
4.145607e-03
4.166640e-03
4.188281e-03
4.210769e-03
4.231161e-03
4.251798e-03
4.272722e-03
4.294091e-03
4.316150e-03
4.339107e-03
4.359779e-03
4.380708e-03
4.401934e-03
4.423616e-03
4.445988e-03
4.469266e-03
4.490203e-03
4.511394e-03
4.532875e-03
4.554801e-03
4.577394e-03
4.600901e-03
4.622063e-03
4.643473e-03
4.665163e-03
4.687283e-03
4.710047e-03
4.733699e-03
4.755066e-03
4.776668e-03
4.798532e-03
4.820805e-03
4.843693e-03
4.867434e-03
4.888978e-03
4.910744e-03
4.932753e-03
4.955152e-03
4.978138e-03
5.001940e-03
5.023640e-03
5.045548e-03
5.067682e-03
5.090189e-03
5.113257e-03
5.137105e-03
5.162235e-03
5.189042e-03
5.211408e-03
5.234165e-03
5.257501e-03
5.281613e-03
5.306992e-03
5.334024e-03
5.356596e-03
5.379546e-03
5.403052e-03
5.427500e-03
5.453084e-03
5.480172e-03
5.502937e-03
5.526049e-03
5.549565e-03
5.573620e-03
5.598720e-03
5.624945e-03
5.647845e-03
5.671003e-03
5.694424e-03
5.718233e-03
5.742609e-03
5.767702e-03
5.793983e-03
5.821217e-03
5.844619e-03
5.868344e-03
5.892419e-03
5.916966e-03
5.942476e-03
5.969010e-03
5.997074e-03
6.024445e-03
6.048459e-03
6.072836e-03
6.097731e-03
6.123485e-03
6.150573e-03
6.179011e-03
6.209339e-03
6.236886e-03
6.261592e-03
6.286706e-03
6.312376e-03
6.338900e-03
6.366393e-03
6.395150e-03
6.419642e-03
6.444378e-03
6.469359e-03
6.494695e-03
6.520529e-03
6.547164e-03
6.575030e-03
6.604114e-03
6.634929e-03
6.667738e-03
6.693178e-03
6.718961e-03
6.745211e-03
6.772214e-03
6.800396e-03
6.829688e-03
6.860058e-03
6.891469e-03
6.917198e-03
6.943230e-03
6.969561e-03
6.996256e-03
7.023722e-03
7.051960e-03
7.081380e-03
7.112220e-03
7.144993e-03
7.175259e-03
7.201712e-03
7.228480e-03
7.255551e-03
7.282968e-03
7.311103e-03
7.339931e-03
7.369829e-03
7.400987e-03
7.433834e-03
7.468586e-03
7.505606e-03
7.544797e-03
7.572584e-03
7.600683e-03
7.629170e-03
7.658218e-03
7.688115e-03
7.718813e-03
7.750656e-03
7.783804e-03
7.818587e-03
7.855145e-03
7.892808e-03
7.931458e-03
7.960106e-03
7.989011e-03
8.018164e-03
8.047586e-03
8.077525e-03
8.107945e-03
8.139103e-03
8.171138e-03
8.204253e-03
8.238545e-03
8.274159e-03
8.309272e-03
8.343660e-03
8.377762e-03
8.411555e-03
8.441253e-03
8.471117e-03
8.501169e-03
8.531395e-03
8.561819e-03
8.592433e-03
8.623254e-03
8.654310e-03
8.685667e-03
8.717426e-03
8.749528e-03
8.782093e-03
8.814639e-03
8.847023e-03
8.879328e-03
8.911504e-03
8.943631e-03
8.975664e-03
9.007680e-03
9.039638e-03
9.071608e-03
9.103554e-03
9.135543e-03
9.167538e-03
9.199604e-03
9.231706e-03
9.263906e-03
9.296168e-03
9.328552e-03
9.361025e-03
9.393642e-03
9.426373e-03
9.459270e-03
9.492302e-03
9.525521e-03
9.557991e-03
9.591501e-03
9.623923e-03
9.656330e-03
9.688714e-03
9.722787e-03
9.755136e-03
9.789519e-03
9.821836e-03
9.856531e-03
9.888817e-03
9.923843e-03
9.956100e-03
9.991470e-03
1.002370e-02
1.005915e-02
1.009135e-02
1.012677e-02
1.016303e-02
1.019948e-02
1.023612e-02
1.027294e-02
1.030994e-02
1.034712e-02
1.038446e-02
1.042166e-02
1.045842e-02
1.049493e-02
1.053113e-02
1.056712e-02
1.060281e-02
1.063825e-02
1.067340e-02
1.070830e-02
1.074293e-02
1.077733e-02
1.081149e-02
1.084545e-02
1.087920e-02
1.091277e-02
1.094617e-02
1.097942e-02
1.101252e-02
1.104550e-02
1.107838e-02
1.111118e-02
1.114725e-02
1.118693e-02
1.122665e-02
1.126642e-02
1.130627e-02
1.134620e-02
1.138622e-02
1.142635e-02
1.146661e-02
1.150699e-02
1.154748e-02
1.158808e-02
1.162880e-02
1.166965e-02
1.171064e-02
1.175178e-02
1.179303e-02
1.183021e-02
1.186758e-02
1.190512e-02
1.194288e-02
1.198087e-02
1.201909e-02
1.205758e-02
1.209681e-02
1.213668e-02
1.217728e-02
1.221755e-02
1.225745e-02
1.229685e-02
1.233577e-02
1.237417e-02
1.241202e-02
1.244931e-02
1.248603e-02
1.252229e-02
1.255813e-02
1.259365e-02
1.262884e-02
1.266377e-02
1.269841e-02
1.273283e-02
1.276701e-02
1.280099e-02
1.283477e-02
1.286838e-02
1.290181e-02
1.293510e-02
1.296825e-02
1.300129e-02
1.303425e-02
1.307050e-02
1.311020e-02
1.315048e-02
1.319125e-02
1.323277e-02
1.327579e-02
1.331838e-02
1.336102e-02
1.340301e-02
1.344491e-02
1.348621e-02
1.352728e-02
1.356779e-02
1.360793e-02
1.364752e-02
1.368663e-02
1.372517e-02
1.376312e-02
1.380050e-02
1.383729e-02
1.387368e-02
1.390968e-02
1.394536e-02
1.398072e-02
1.401584e-02
1.405070e-02
1.408533e-02
1.411973e-02
1.415391e-02
1.418787e-02
1.422164e-02
1.425523e-02
1.428866e-02
1.432196e-02
1.435515e-02
1.439166e-02
1.443182e-02
1.447390e-02
1.451409e-02
1.455489e-02
1.459656e-02
1.463882e-02
1.468055e-02
1.472214e-02
1.476314e-02
1.480386e-02
1.484401e-02
1.488374e-02
1.492291e-02
1.496154e-02
1.499958e-02
1.503705e-02
1.507407e-02
1.511064e-02
1.514685e-02
1.518274e-02
1.521840e-02
1.525379e-02
1.528898e-02
1.532393e-02
1.535867e-02
1.539317e-02
1.542749e-02
1.546161e-02
1.549555e-02
1.552935e-02
1.556301e-02
1.559656e-02
1.563347e-02
1.567407e-02
1.571569e-02
1.575848e-02
1.580126e-02
1.584398e-02
1.588600e-02
1.592782e-02
1.596902e-02
1.600989e-02
1.605016e-02
1.608996e-02
1.612916e-02
1.616780e-02
1.620583e-02
1.624331e-02
1.628032e-02
1.631696e-02
1.635333e-02
1.638943e-02
1.642530e-02
1.646090e-02
1.649628e-02
1.653140e-02
1.656630e-02
1.660097e-02
1.663544e-02
1.666971e-02
1.670382e-02
1.673778e-02
1.677161e-02
1.680534e-02
1.684244e-02
1.688325e-02
1.692511e-02
1.696631e-02
1.700682e-02
1.704893e-02
1.709065e-02
1.713216e-02
1.717308e-02
1.721371e-02
1.725382e-02
1.729357e-02
1.733286e-02
1.737179e-02
1.741032e-02
1.744855e-02
1.748646e-02
1.752415e-02
1.756181e-02
1.759943e-02
1.763717e-02
1.767497e-02
1.771294e-02
1.775100e-02
1.778913e-02
1.782734e-02
1.786564e-02
1.790407e-02
1.794265e-02
1.798132e-02
1.801491e-02
1.804869e-02
1.808266e-02
1.811694e-02
1.815157e-02
1.818659e-02
1.822222e-02
1.825921e-02
1.829762e-02
1.833756e-02
1.837869e-02
1.842015e-02
1.846217e-02
1.850459e-02
1.854764e-02
1.859116e-02
1.862416e-02
1.865749e-02
1.869118e-02
1.872532e-02
1.875994e-02
1.879507e-02
1.883088e-02
1.886805e-02
1.890659e-02
1.894662e-02
1.898812e-02
1.903097e-02
1.907551e-02
1.910904e-02
1.914273e-02
1.917661e-02
1.921077e-02
1.924520e-02
1.928002e-02
1.931524e-02
1.934935e-02
1.938377e-02
1.941850e-02
1.945358e-02
1.948902e-02
1.952484e-02
1.956113e-02
1.959853e-02
1.963697e-02
1.967660e-02
1.971726e-02
1.975891e-02
1.980160e-02
1.984515e-02
1.988994e-02
1.993678e-02
1.998533e-02
2.003470e-02
2.008480e-02
2.013555e-02
2.016964e-02
2.019837e-02
2.022709e-02
2.025582e-02
2.028456e-02
2.031331e-02
2.034209e-02
2.037090e-02
2.039973e-02
2.042860e-02
2.045750e-02
2.048642e-02
2.051538e-02
2.054434e-02
2.057332e-02
2.060228e-02
2.063121e-02
2.066072e-02
2.069031e-02
2.072003e-02
2.074989e-02
2.078008e-02
2.080884e-02
2.083752e-02
2.086622e-02
2.089492e-02
2.092378e-02
2.095291e-02
2.098271e-02
2.101180e-02
2.103978e-02
2.106784e-02
2.109625e-02
2.112538e-02
2.115496e-02
2.118282e-02
2.121075e-02
2.123892e-02
2.126755e-02
2.129698e-02
2.132749e-02
2.135541e-02
2.138351e-02
2.141194e-02
2.144095e-02
2.147044e-02
2.150018e-02
2.152837e-02
2.155673e-02
2.158537e-02
2.161450e-02
2.164428e-02
2.167495e-02
2.170343e-02
2.173203e-02
2.176077e-02
2.178976e-02
2.181906e-02
2.184885e-02
2.187928e-02
2.190798e-02
2.193671e-02
2.196554e-02
2.199454e-02
2.202379e-02
2.205337e-02
2.208343e-02
2.211410e-02
2.214308e-02
2.217210e-02
2.220124e-02
2.223055e-02
2.226009e-02
2.228990e-02
2.232006e-02
2.235060e-02
2.238160e-02
2.241313e-02
2.244277e-02
2.247247e-02
2.250226e-02
2.253217e-02
2.256226e-02
2.259255e-02
2.262307e-02
2.265383e-02
2.268486e-02
2.271617e-02
2.274779e-02
2.277973e-02
2.281037e-02
2.284105e-02
2.287173e-02
2.290245e-02
2.293318e-02
2.296398e-02
2.299488e-02
2.302590e-02
2.305705e-02
2.308833e-02
2.311974e-02
2.315128e-02
2.318294e-02
2.321473e-02
2.324665e-02
2.327870e-02
2.331089e-02
2.334324e-02
2.337576e-02
2.340845e-02
2.344138e-02
2.347338e-02
2.350689e-02
2.353901e-02
2.357287e-02
2.360516e-02
2.363876e-02
2.367128e-02
2.370485e-02
2.373774e-02
2.377165e-02
2.380508e-02
2.383960e-02
2.387373e-02
2.390914e-02
2.394419e-02
2.397849e-02
2.401298e-02
2.404752e-02
2.408229e-02
2.411722e-02
2.415242e-02
2.418787e-02
2.422363e-02
2.425971e-02
2.429615e-02
2.433297e-02
2.437021e-02
2.440797e-02
2.444700e-02
2.448718e-02
2.452788e-02
2.456551e-02
2.460318e-02
2.464097e-02
2.467893e-02
2.471714e-02
2.475566e-02
2.479458e-02
2.483404e-02
2.487425e-02
2.491539e-02
2.494992e-02
2.498469e-02
2.501964e-02
2.505485e-02
2.509030e-02
2.512606e-02
2.516211e-02
2.519852e-02
2.523528e-02
2.527245e-02
2.531006e-02
2.534811e-02
2.538668e-02
2.542493e-02
2.546292e-02
2.550064e-02
2.553816e-02
2.557546e-02
2.561259e-02
2.564955e-02
2.568636e-02
2.572685e-02
2.577138e-02
2.581665e-02
2.586100e-02
2.590460e-02
2.593936e-02
2.597439e-02
2.600964e-02
2.604521e-02
2.608108e-02
2.611732e-02
2.615393e-02
2.619095e-02
2.622842e-02
2.626636e-02
2.630443e-02
2.634224e-02
2.637983e-02
2.642118e-02
2.646530e-02
2.651093e-02
2.655812e-02
2.660668e-02
2.665435e-02
2.670268e-02
2.675007e-02
2.679828e-02
2.683299e-02
2.686796e-02
2.690314e-02
2.693863e-02
2.697440e-02
2.701053e-02
2.704703e-02
2.708396e-02
2.712134e-02
2.715922e-02
2.719773e-02
2.723763e-02
2.727891e-02
2.732186e-02
2.736633e-02
2.741238e-02
2.745791e-02
2.750363e-02
2.754856e-02
2.759348e-02
2.763764e-02
2.768160e-02
2.771642e-02
2.775154e-02
2.778691e-02
2.782263e-02
2.785870e-02
2.789517e-02
2.793207e-02
2.796945e-02
2.800739e-02
2.804541e-02
2.808292e-02
2.812002e-02
2.815677e-02
2.819320e-02
2.822937e-02
2.826530e-02
2.830481e-02
2.834828e-02
2.839500e-02
2.843067e-02
2.846991e-02
2.851308e-02
2.854804e-02
2.858321e-02
2.861860e-02
2.865432e-02
2.869036e-02
2.872679e-02
2.876365e-02
2.880097e-02
2.883881e-02
2.887720e-02
2.891630e-02
2.895693e-02
2.899908e-02
2.904306e-02
2.908875e-02
2.913546e-02
2.918117e-02
2.922774e-02
2.927332e-02
2.931977e-02
2.935494e-02
2.939028e-02
2.942582e-02
2.946167e-02
2.949782e-02
2.953435e-02
2.957127e-02
2.960865e-02
2.964652e-02
2.968492e-02
2.972402e-02
2.976457e-02
2.980660e-02
2.985038e-02
2.989511e-02
2.994049e-02
2.998505e-02
3.003022e-02
3.007461e-02
3.011956e-02
3.015511e-02
3.019079e-02
3.022669e-02
3.026289e-02
3.029942e-02
3.033630e-02
3.037361e-02
3.041134e-02
3.044962e-02
3.048839e-02
3.052791e-02
3.056796e-02
3.060876e-02
3.065071e-02
3.069210e-02
3.073318e-02
3.077370e-02
3.081377e-02
3.085326e-02
3.089218e-02
3.093048e-02
3.096814e-02
3.100452e-02
3.104118e-02
3.107743e-02
3.111335e-02
3.114895e-02
3.118430e-02
3.121940e-02
3.125430e-02
3.128903e-02
3.132360e-02
3.136162e-02
3.140345e-02
3.144886e-02
3.148347e-02
3.152154e-02
3.156341e-02
3.160859e-02
3.165448e-02
3.169963e-02
3.174551e-02
3.179077e-02
3.183674e-02
3.188208e-02
3.192818e-02
3.197356e-02
3.201976e-02
3.206516e-02
3.211145e-02
3.215684e-02
3.220317e-02
3.224852e-02
3.229481e-02
3.234012e-02
3.238636e-02
3.243162e-02
3.247779e-02
3.252298e-02
3.256908e-02
3.261419e-02
3.266020e-02
3.270522e-02
3.275114e-02
3.279607e-02
3.284187e-02
3.288671e-02
3.293240e-02
3.297713e-02
3.302269e-02
3.306731e-02
3.311273e-02
3.315729e-02
3.320262e-02
3.324711e-02
3.329233e-02
3.333674e-02
3.338184e-02
3.342614e-02
3.347106e-02
3.351518e-02
3.355986e-02
3.360376e-02
3.364816e-02
3.369181e-02
3.373589e-02
3.377925e-02
3.382296e-02
3.386600e-02
3.390929e-02
3.395195e-02
3.399475e-02
3.403697e-02
3.407921e-02
3.412091e-02
3.416249e-02
3.419553e-02
3.422856e-02
3.426158e-02
3.429459e-02
3.432760e-02
3.436061e-02
3.439360e-02
3.442659e-02
3.445957e-02
3.449246e-02
3.452542e-02
3.455830e-02
3.459124e-02
3.462412e-02
3.465703e-02
3.468990e-02
3.472280e-02
3.475565e-02
3.478854e-02
3.482138e-02
3.485425e-02
3.488709e-02
3.491996e-02
3.495279e-02
3.498565e-02
3.501847e-02
3.505134e-02
3.508416e-02
3.511704e-02
3.514986e-02
3.518275e-02
3.521557e-02
3.524849e-02
3.528132e-02
3.531427e-02
3.534711e-02
3.538011e-02
3.541296e-02
3.544601e-02
3.547887e-02
3.551198e-02
3.554486e-02
3.557804e-02
3.561128e-02
3.564455e-02
3.567789e-02
3.571128e-02
3.574473e-02
3.577826e-02
3.581188e-02
3.584559e-02
3.587942e-02
3.591224e-02
3.594505e-02
3.597785e-02
3.601066e-02
3.604349e-02
3.607640e-02
3.610940e-02
3.614257e-02
3.617595e-02
3.620965e-02
3.624374e-02
3.627838e-02
3.631370e-02
3.634987e-02
3.638665e-02
3.641889e-02
3.645119e-02
3.648355e-02
3.651606e-02
3.654874e-02
3.658172e-02
3.661510e-02
3.664885e-02
3.668223e-02
3.671535e-02
3.674831e-02
3.678112e-02
3.681387e-02
3.684663e-02
3.687945e-02
3.691240e-02
3.694550e-02
3.697884e-02
3.701246e-02
3.704642e-02
3.708077e-02
3.711507e-02
3.714920e-02
3.718317e-02
3.721700e-02
3.725421e-02
3.729147e-02
3.732845e-02
3.736528e-02
3.740206e-02
3.743881e-02
3.747562e-02
3.751248e-02
3.754951e-02
3.758676e-02
3.762435e-02
3.766235e-02
3.770088e-02
3.774011e-02
3.778020e-02
3.782116e-02
3.786319e-02
3.790548e-02
3.794729e-02
3.798874e-02
3.802982e-02
3.807063e-02
3.811126e-02
3.815181e-02
3.819241e-02
3.823317e-02
3.827419e-02
3.831563e-02
3.835704e-02
3.839819e-02
3.843883e-02
3.847912e-02
3.851890e-02
3.855824e-02
3.859707e-02
3.863539e-02
3.867317e-02
3.871042e-02
3.874724e-02
3.878369e-02
3.881986e-02
3.885574e-02
3.889137e-02
3.892675e-02
3.896189e-02
3.899680e-02
3.903150e-02
3.906599e-02
3.910030e-02
3.913444e-02
3.916840e-02
3.920221e-02
3.923587e-02
3.926942e-02
3.930285e-02
3.933964e-02
3.938010e-02
3.942460e-02
3.946890e-02
3.951360e-02
3.955751e-02
3.960181e-02
3.964539e-02
3.968928e-02
3.973252e-02
3.977598e-02
3.981883e-02
3.986180e-02
3.990421e-02
3.994662e-02
3.998852e-02
4.003032e-02
4.007163e-02
4.011276e-02
4.015342e-02
4.019380e-02
4.023372e-02
4.027326e-02
4.031233e-02
4.035094e-02
4.038905e-02
4.042666e-02
4.046375e-02
4.050036e-02
4.053662e-02
4.057254e-02
4.060820e-02
4.064359e-02
4.067876e-02
4.071368e-02
4.074840e-02
4.078291e-02
4.081725e-02
4.085141e-02
4.088541e-02
4.091927e-02
4.095299e-02
4.098659e-02
4.102009e-02
4.105694e-02
4.109748e-02
4.114207e-02
4.118652e-02
4.123136e-02
4.127538e-02
4.131977e-02
4.136344e-02
4.140741e-02
4.145074e-02
4.149428e-02
4.153723e-02
4.158029e-02
4.162281e-02
4.166534e-02
4.170738e-02
4.174932e-02
4.179080e-02
4.183209e-02
4.187293e-02
4.191349e-02
4.195361e-02
4.199337e-02
4.203268e-02
4.207157e-02
4.210998e-02
4.214793e-02
4.218542e-02
4.222247e-02
4.225923e-02
4.229574e-02
4.233205e-02
4.236815e-02
4.240407e-02
4.243980e-02
4.247540e-02
4.251083e-02
4.254614e-02
4.258129e-02
4.261632e-02
4.265119e-02
4.268592e-02
4.272051e-02
4.275496e-02
4.278928e-02
4.282348e-02
4.285756e-02
4.289155e-02
4.292543e-02
4.295923e-02
4.299297e-02
4.302664e-02
4.306026e-02
4.309384e-02
4.313078e-02
4.317142e-02
4.321611e-02
4.326120e-02
4.330673e-02
4.335176e-02
4.339726e-02
4.344236e-02
4.348794e-02
4.353319e-02
4.357893e-02
4.362440e-02
4.367039e-02
4.371615e-02
4.376221e-02
4.378737e-02
4.381297e-02
4.383907e-02
4.386573e-02
4.389080e-02
4.391631e-02
4.394230e-02
4.396791e-02
4.399404e-02
4.401963e-02
4.404572e-02
4.407130e-02
4.409713e-02
4.412268e-02
4.414849e-02
4.417404e-02
4.419982e-02
4.422536e-02
4.425113e-02
4.427666e-02
4.430242e-02
4.432794e-02
4.435370e-02
4.437922e-02
4.440498e-02
4.443051e-02
4.445627e-02
4.448182e-02
4.450759e-02
4.453316e-02
4.455895e-02
4.458454e-02
4.461035e-02
4.463598e-02
4.466181e-02
4.468747e-02
4.471335e-02
4.473905e-02
4.476496e-02
4.479070e-02
4.481666e-02
4.484246e-02
4.486846e-02
4.489431e-02
4.492037e-02
4.494628e-02
4.497478e-02
4.500613e-02
4.504061e-02
4.507854e-02
4.511885e-02
4.515996e-02
4.520195e-02
4.523443e-02
4.526696e-02
4.529955e-02
4.533219e-02
4.536489e-02
4.539765e-02
4.543049e-02
4.545690e-02
4.548377e-02
4.551115e-02
4.553909e-02
4.556557e-02
4.559251e-02
4.561994e-02
4.564793e-02
4.567440e-02
4.570138e-02
4.572890e-02
4.575522e-02
4.578198e-02
4.580835e-02
4.583515e-02
4.586155e-02
4.588840e-02
4.591484e-02
4.594172e-02
4.596909e-02
4.599580e-02
4.602297e-02
4.605065e-02
4.607892e-02
4.610783e-02
4.613745e-02
4.616785e-02
4.619910e-02
4.623124e-02
4.626382e-02
4.629645e-02
4.632915e-02
4.636193e-02
4.639481e-02
4.642781e-02
4.646097e-02
4.649432e-02
4.652788e-02
4.656171e-02
4.659582e-02
4.663028e-02
4.666512e-02
4.670045e-02
4.673629e-02
4.677270e-02
4.680960e-02
4.684702e-02
4.688491e-02
4.692329e-02
4.696214e-02
4.700149e-02
4.703872e-02
4.707137e-02
4.710401e-02
4.713667e-02
4.716935e-02
4.720206e-02
4.723481e-02
4.726763e-02
4.730051e-02
4.733346e-02
4.736650e-02
4.739964e-02
4.743291e-02
4.746633e-02
4.749994e-02
4.753377e-02
4.756789e-02
4.760232e-02
4.763717e-02
4.767251e-02
4.770844e-02
4.774503e-02
4.778221e-02
4.780960e-02
4.783757e-02
4.786612e-02
4.789313e-02
4.792061e-02
4.794765e-02
4.797516e-02
4.800224e-02
4.802978e-02
4.805688e-02
4.808445e-02
4.811159e-02
4.813919e-02
4.816635e-02
4.819397e-02
4.822211e-02
4.825083e-02
4.828019e-02
4.831027e-02
4.834114e-02
4.837288e-02
4.840555e-02
4.843918e-02
4.847375e-02
4.850859e-02
4.854375e-02
4.857928e-02
4.861528e-02
4.864806e-02
4.868082e-02
4.871361e-02
4.874643e-02
4.877932e-02
4.881228e-02
4.884531e-02
4.887843e-02
4.891165e-02
4.894496e-02
4.897839e-02
4.901193e-02
4.904555e-02
4.907918e-02
4.911282e-02
4.914659e-02
4.917426e-02
4.920245e-02
4.923123e-02
4.925866e-02
4.928658e-02
4.931406e-02
4.934201e-02
4.936953e-02
4.939728e-02
4.942484e-02
4.945263e-02
4.948022e-02
4.950805e-02
4.953568e-02
4.956355e-02
4.959122e-02
4.961912e-02
4.964683e-02
4.967477e-02
4.970252e-02
4.973051e-02
4.975829e-02
4.978632e-02
4.981415e-02
4.984222e-02
4.987010e-02
4.989821e-02
4.992613e-02
4.995429e-02
4.998226e-02
5.001047e-02
5.003849e-02
5.006675e-02
5.009481e-02
5.012312e-02
5.015124e-02
5.017960e-02
5.020777e-02
5.023618e-02
5.026441e-02
5.029287e-02
5.032115e-02
5.034991e-02
5.037825e-02
5.040707e-02
5.043643e-02
5.046639e-02
5.049704e-02
5.052845e-02
5.055658e-02
5.058528e-02
5.061461e-02
5.064462e-02
5.067290e-02
5.070171e-02
5.073005e-02
5.075891e-02
5.078730e-02
5.081621e-02
5.084466e-02
5.087363e-02
5.090213e-02
5.093114e-02
5.095969e-02
5.098876e-02
5.101735e-02
5.104647e-02
5.107512e-02
5.110428e-02
5.113401e-02
5.116439e-02
5.119313e-02
5.122239e-02
5.125222e-02
5.128269e-02
5.131387e-02
5.134584e-02
5.137868e-02
5.141175e-02
5.144494e-02
5.147828e-02
5.151183e-02
5.154562e-02
5.157967e-02
5.161400e-02
5.164864e-02
5.168361e-02
5.171894e-02
5.175466e-02
5.179005e-02
5.182653e-02
5.186012e-02
5.189375e-02
5.192744e-02
5.196120e-02
5.199507e-02
5.202908e-02
5.206322e-02
5.209751e-02
5.213195e-02
5.216653e-02
5.220125e-02
5.223610e-02
5.227107e-02
5.230618e-02
5.234140e-02
5.237676e-02
5.240564e-02
5.243507e-02
5.246511e-02
5.249578e-02
5.252481e-02
5.255435e-02
5.258344e-02
5.261304e-02
5.264220e-02
5.267185e-02
5.270106e-02
5.273077e-02
5.276003e-02
5.278979e-02
5.281911e-02
5.284892e-02
5.287829e-02
5.290816e-02
5.293758e-02
5.296751e-02
5.299699e-02
5.302672e-02
5.305626e-02
5.308605e-02
5.311565e-02
5.314550e-02
5.317517e-02
5.320509e-02
5.323483e-02
5.326482e-02
5.329463e-02
5.332469e-02
5.335458e-02
5.338471e-02
5.341468e-02
5.344490e-02
5.347495e-02
5.350525e-02
5.353491e-02
5.356516e-02
5.359605e-02
5.362617e-02
5.365607e-02
5.368657e-02
5.371658e-02
5.374718e-02
5.377729e-02
5.380799e-02
5.383819e-02
5.386899e-02
5.389929e-02
5.393018e-02
5.396057e-02
5.399154e-02
5.402203e-02
5.405310e-02
5.408367e-02
5.411484e-02
5.414550e-02
5.417675e-02
5.420749e-02
5.423883e-02
5.426965e-02
5.430107e-02
5.433198e-02
5.436349e-02
5.439448e-02
5.442607e-02
5.445715e-02
5.448882e-02
5.451998e-02
5.455174e-02
5.458298e-02
5.461483e-02
5.464615e-02
5.467808e-02
5.470949e-02
5.474150e-02
5.477299e-02
5.480508e-02
5.483666e-02
5.486884e-02
5.490050e-02
5.493276e-02
5.496450e-02
5.499684e-02
5.502867e-02
5.506109e-02
5.509300e-02
5.512551e-02
5.515749e-02
5.519008e-02
5.522215e-02
5.525482e-02
5.528697e-02
5.531972e-02
5.535196e-02
5.538480e-02
5.541711e-02
5.545003e-02
5.548243e-02
5.551543e-02
5.554791e-02
5.558100e-02
5.561355e-02
5.564671e-02
5.567935e-02
5.571258e-02
5.574529e-02
5.577860e-02
5.581138e-02
5.584476e-02
5.587761e-02
5.591106e-02
5.594398e-02
5.597749e-02
5.601048e-02
5.604406e-02
5.607710e-02
5.611075e-02
5.614385e-02
5.617756e-02
5.621192e-02
5.624674e-02
5.627996e-02
5.631377e-02
5.634825e-02
5.638300e-02
5.641774e-02
5.645248e-02
5.648720e-02
5.652191e-02
5.655661e-02
5.659130e-02
5.662599e-02
5.666067e-02
5.669535e-02
5.673002e-02
5.676468e-02
5.679935e-02
5.683401e-02
5.686866e-02
5.690331e-02
5.694037e-02
5.697712e-02
5.701419e-02
5.705496e-02
5.709653e-02
5.713815e-02
5.717986e-02
5.722162e-02
5.726346e-02
5.730536e-02
5.734734e-02
5.738937e-02
5.743148e-02
5.747365e-02
5.751590e-02
5.755820e-02
5.760059e-02
5.763370e-02
5.766757e-02
5.770223e-02
5.773588e-02
5.777027e-02
5.780399e-02
5.783843e-02
5.787222e-02
5.790671e-02
5.794056e-02
5.797512e-02
5.800903e-02
5.804366e-02
5.807764e-02
5.811234e-02
5.814638e-02
5.818115e-02
5.821526e-02
5.825011e-02
5.828428e-02
5.831920e-02
5.835344e-02
5.838843e-02
5.842273e-02
5.845780e-02
5.849217e-02
5.852732e-02
5.856177e-02
5.859700e-02
5.863151e-02
5.866683e-02
5.870143e-02
5.873683e-02
5.877151e-02
5.880701e-02
5.884177e-02
5.887737e-02
5.891221e-02
5.894792e-02
5.898286e-02
5.901869e-02
5.905372e-02
5.908967e-02
5.912482e-02
5.916090e-02
5.919615e-02
5.923238e-02
5.926776e-02
5.930414e-02
5.933966e-02
5.937621e-02
5.941187e-02
5.944861e-02
5.948444e-02
5.952139e-02
5.955740e-02
5.959459e-02
5.963079e-02
5.966825e-02
5.970468e-02
5.974243e-02
5.977912e-02
5.981721e-02
5.985419e-02
5.989267e-02
5.992999e-02
5.996892e-02
6.000661e-02
6.004606e-02
6.008420e-02
6.012424e-02
6.016219e-02
6.020216e-02
6.024062e-02
6.028117e-02
6.032010e-02
6.036053e-02
6.039989e-02
6.044074e-02
6.048045e-02
6.051970e-02
6.055985e-02
6.059912e-02
6.063932e-02
6.067867e-02
6.071895e-02
6.075837e-02
6.079871e-02
6.084073e-02
6.088522e-02
6.093156e-02
6.097785e-02
6.102425e-02
6.107060e-02
6.111706e-02
6.116347e-02
6.121000e-02
6.125647e-02
6.130306e-02
6.134959e-02
6.139624e-02
6.144282e-02
6.148953e-02
6.153617e-02
6.157239e-02
6.161171e-02
6.165436e-02
6.169973e-02
6.174664e-02
6.179347e-02
6.184044e-02
6.188733e-02
6.193438e-02
6.198133e-02
6.202843e-02
6.207544e-02
6.212262e-02
6.216969e-02
6.221692e-02
6.226405e-02
6.231135e-02
6.235854e-02
6.240590e-02
6.245315e-02
6.250058e-02
6.254788e-02
6.259537e-02
6.264274e-02
6.269029e-02
6.273771e-02
6.278533e-02
6.283281e-02
6.288049e-02
6.292803e-02
6.297577e-02
6.302336e-02
6.307116e-02
6.311880e-02
6.316666e-02
6.321436e-02
6.326227e-02
6.331002e-02
6.335798e-02
6.340577e-02
6.345379e-02
6.350163e-02
6.354968e-02
6.359756e-02
6.363371e-02
6.367085e-02
6.370897e-02
6.374587e-02
6.378240e-02
6.381981e-02
6.385643e-02
6.389393e-02
6.393062e-02
6.396819e-02
6.400494e-02
6.404259e-02
6.407940e-02
6.411712e-02
6.415399e-02
6.419179e-02
6.422872e-02
6.426659e-02
6.430358e-02
6.434154e-02
6.437860e-02
6.441664e-02
6.445378e-02
6.449192e-02
6.452913e-02
6.456738e-02
6.460712e-02
6.464863e-02
6.469237e-02
6.473849e-02
6.478681e-02
6.483490e-02
6.488321e-02
6.493127e-02
6.497956e-02
6.502760e-02
6.505525e-02
6.508449e-02
6.511592e-02
6.514872e-02
6.517248e-02
6.519861e-02
6.522736e-02
6.525710e-02
6.528809e-02
6.531937e-02
6.535212e-02
6.538676e-02
6.541128e-02
6.543695e-02
6.546182e-02
6.548782e-02
6.551302e-02
6.553935e-02
6.556482e-02
6.559147e-02
6.561721e-02
6.564420e-02
6.566851e-02
6.569525e-02
6.571960e-02
6.574533e-02
6.576969e-02
6.579531e-02
6.581970e-02
6.584522e-02
6.587193e-02
6.589714e-02
6.592335e-02
6.595062e-02
6.597529e-02
6.600088e-02
6.602581e-02
6.605170e-02
6.607695e-02
6.610327e-02
6.612897e-02
6.615578e-02
6.618062e-02
6.620680e-02
6.623177e-02
6.625778e-02
6.628288e-02
6.630890e-02
6.633412e-02
6.636004e-02
6.638532e-02
6.641143e-02
6.643687e-02
6.646312e-02
6.648874e-02
6.651518e-02
6.654100e-02
6.656767e-02
6.659370e-02
6.662065e-02
6.664693e-02
6.667427e-02
6.670094e-02
6.672878e-02
6.675480e-02
6.678206e-02
6.680815e-02
6.683521e-02
6.686139e-02
6.688843e-02
6.691470e-02
6.694164e-02
6.696793e-02
6.699507e-02
6.702152e-02
6.704878e-02
6.707541e-02
6.710287e-02
6.712968e-02
6.715739e-02
6.718448e-02
6.721250e-02
6.723988e-02
6.726827e-02
6.729601e-02
6.732487e-02
6.735298e-02
6.738230e-02
6.741075e-02
6.744057e-02
6.746791e-02
6.749665e-02
6.752398e-02
6.755262e-02
6.758255e-02
6.761069e-02
6.763986e-02
6.767005e-02
6.769744e-02
6.772567e-02
6.775483e-02
6.778292e-02
6.781190e-02
6.784021e-02
6.786940e-02
6.789799e-02
6.792632e-02
6.795558e-02
6.798415e-02
6.801369e-02
6.804244e-02
6.807223e-02
6.810116e-02
6.813126e-02
6.816043e-02
6.819094e-02
6.822044e-02
6.825150e-02
6.828147e-02
6.831330e-02
6.834391e-02
6.837548e-02
6.840698e-02
6.843928e-02
6.846746e-02
6.849650e-02
6.852492e-02
6.855411e-02
6.858283e-02
6.861229e-02
6.864121e-02
6.867086e-02
6.869988e-02
6.872965e-02
6.876032e-02
6.878983e-02
6.882023e-02
6.885170e-02
6.888088e-02
6.891101e-02
6.894220e-02
6.897463e-02
6.900404e-02
6.903464e-02
6.906650e-02
6.909704e-02
6.912858e-02
6.916155e-02
6.919063e-02
6.922102e-02
6.925274e-02
6.928441e-02
6.931731e-02
6.935156e-02
6.938064e-02
6.941070e-02
6.944185e-02
6.947418e-02
6.950343e-02
6.953358e-02
6.956315e-02
6.959363e-02
6.962355e-02
6.965439e-02
6.968457e-02
6.971568e-02
6.974602e-02
6.977736e-02
6.980785e-02
6.983944e-02
6.987011e-02
6.990201e-02
6.993293e-02
6.996526e-02
6.999653e-02
7.002944e-02
7.006120e-02
7.009490e-02
7.012730e-02
7.016072e-02
7.019404e-02
7.022819e-02
7.025803e-02
7.028876e-02
7.032048e-02
7.035102e-02
7.038249e-02
7.041323e-02
7.044375e-02
7.047515e-02
7.050591e-02
7.053754e-02
7.056845e-02
7.060025e-02
7.063125e-02
7.066322e-02
7.069629e-02
7.072799e-02
7.076084e-02
7.079501e-02
7.082635e-02
7.085909e-02
7.089300e-02
7.092568e-02
7.095953e-02
7.099482e-02
7.102539e-02
7.105742e-02
7.109085e-02
7.112498e-02
7.116018e-02
7.119626e-02
7.122677e-02
7.125827e-02
7.128916e-02
7.132097e-02
7.135222e-02
7.138437e-02
7.141586e-02
7.144828e-02
7.147993e-02
7.151258e-02
7.154437e-02
7.157725e-02
7.161138e-02
7.164403e-02
7.167799e-02
7.171332e-02
7.174564e-02
7.177960e-02
7.181497e-02
7.184900e-02
7.188473e-02
7.191893e-02
7.195400e-02
7.199054e-02
7.202170e-02
7.205385e-02
7.208713e-02
7.212163e-02
7.215308e-02
7.218554e-02
7.221736e-02
7.225018e-02
7.228235e-02
7.231553e-02
7.234795e-02
7.238142e-02
7.241403e-02
7.244778e-02
7.248058e-02
7.251465e-02
7.254768e-02
7.258216e-02
7.261552e-02
7.265056e-02
7.268438e-02
7.272018e-02
7.275463e-02
7.279009e-02
7.282634e-02
7.286238e-02
7.289851e-02
7.293553e-02
7.296750e-02
7.300044e-02
7.303448e-02
7.306973e-02
7.310216e-02
7.313563e-02
7.316838e-02
7.320223e-02
7.323534e-02
7.326957e-02
7.330296e-02
7.333752e-02
7.337112e-02
7.340602e-02
7.343987e-02
7.347517e-02
7.350934e-02
7.354519e-02
7.357980e-02
7.361641e-02
7.365162e-02
7.368785e-02
7.372513e-02
7.376203e-02
7.379932e-02
7.383694e-02
7.387424e-02
7.390760e-02
7.394202e-02
7.397766e-02
7.401095e-02
7.404528e-02
7.407892e-02
7.411360e-02
7.414749e-02
7.418243e-02
7.421650e-02
7.425172e-02
7.428596e-02
7.432148e-02
7.435594e-02
7.439184e-02
7.442661e-02
7.446302e-02
7.449822e-02
7.453534e-02
7.456877e-02
7.460371e-02
7.464017e-02
7.467451e-02
7.471008e-02
7.474686e-02
7.478037e-02
7.481493e-02
7.484873e-02
7.488353e-02
7.491768e-02
7.495282e-02
7.498727e-02
7.502270e-02
7.505734e-02
7.509301e-02
7.512976e-02
7.516515e-02
7.520175e-02
7.523885e-02
7.527384e-02
7.531024e-02
7.534703e-02
7.538327e-02
7.542008e-02
7.545724e-02
7.549152e-02
7.552759e-02
7.556444e-02
7.560165e-02
7.563853e-02
7.567577e-02
7.570999e-02
7.574522e-02
7.577980e-02
7.581529e-02
7.585012e-02
7.588588e-02
7.592088e-02
7.595685e-02
7.599389e-02
7.602953e-02
7.606627e-02
7.610376e-02
7.613899e-02
7.617534e-02
7.621254e-02
7.624859e-02
7.628585e-02
7.632355e-02
7.635929e-02
7.639653e-02
7.643393e-02
7.647105e-02
7.650854e-02
7.654654e-02
7.658146e-02
7.661786e-02
7.665556e-02
7.669383e-02
7.673142e-02
7.676969e-02
7.680462e-02
7.684058e-02
7.687591e-02
7.691220e-02
7.694781e-02
7.698439e-02
7.702019e-02
7.705700e-02
7.709292e-02
7.712991e-02
7.716755e-02
7.720417e-02
7.724180e-02
7.728012e-02
7.731634e-02
7.735394e-02
7.739159e-02
7.742898e-02
7.746663e-02
7.750495e-02
7.754046e-02
7.757763e-02
7.761529e-02
7.765362e-02
7.769129e-02
7.772963e-02
7.776730e-02
7.780564e-02
7.784105e-02
7.787754e-02
7.791339e-02
7.795024e-02
7.798640e-02
7.802357e-02
7.805993e-02
7.809735e-02
7.813385e-02
7.817147e-02
7.821036e-02
7.824762e-02
7.828616e-02
7.832618e-02
7.836302e-02
7.840134e-02
7.844096e-02
7.847912e-02
7.851847e-02
7.855945e-02
7.859536e-02
7.863290e-02
7.867201e-02
7.871135e-02
7.875213e-02
7.879458e-02
7.883048e-02
7.886748e-02
7.890374e-02
7.894106e-02
7.897758e-02
7.901517e-02
7.905185e-02
7.908965e-02
7.912743e-02
7.916486e-02
7.920267e-02
7.924117e-02
7.927814e-02
7.931647e-02
7.935430e-02
7.939232e-02
7.943016e-02
7.946871e-02
7.950494e-02
7.954282e-02
7.958069e-02
7.961927e-02
7.965930e-02
7.969902e-02
7.974125e-02
7.978204e-02
7.982390e-02
7.986668e-02
7.990286e-02
7.994032e-02
7.997915e-02
8.001660e-02
8.005536e-02
8.009324e-02
8.013249e-02
8.017333e-02
8.021089e-02
8.025004e-02
8.029088e-02
8.032980e-02
8.036995e-02
8.041183e-02
8.044820e-02
8.048624e-02
8.052592e-02
8.056607e-02
8.060737e-02
8.064968e-02
8.068594e-02
8.072353e-02
8.076023e-02
8.079827e-02
8.083537e-02
8.087384e-02
8.091124e-02
8.095009e-02
8.099056e-02
8.102915e-02
8.106945e-02
8.111137e-02
8.114784e-02
8.118631e-02
8.122645e-02
8.126657e-02
8.130452e-02
8.134626e-02
8.138266e-02
8.142054e-02
8.145728e-02
8.149544e-02
8.153245e-02
8.157086e-02
8.161086e-02
8.164898e-02
8.168864e-02
8.173003e-02
8.176759e-02
8.180662e-02
8.184308e-02
8.188141e-02
8.192112e-02
8.196259e-02
8.199908e-02
8.203703e-02
8.207483e-02
8.211512e-02
8.215291e-02
8.219303e-02
8.222963e-02
8.226772e-02
8.230547e-02
8.234355e-02
8.238129e-02
8.241935e-02
8.245707e-02
8.249512e-02
8.253171e-02
8.257085e-02
8.260854e-02
8.264801e-02
8.268470e-02
8.272305e-02
8.276070e-02
8.279900e-02
8.283663e-02
8.287491e-02
8.291174e-02
8.294999e-02
8.298758e-02
8.302582e-02
8.306339e-02
8.310162e-02
8.313957e-02
8.317917e-02
8.321989e-02
8.325920e-02
8.329981e-02
8.334227e-02
8.337915e-02
8.341772e-02
8.345798e-02
8.349862e-02
8.354082e-02
8.358490e-02
8.362192e-02
8.366045e-02
8.369796e-02
8.373615e-02
8.377508e-02
8.381486e-02
8.385236e-02
8.389052e-02
8.392944e-02
8.396878e-02
8.400627e-02
8.404441e-02
8.408141e-02
8.412016e-02
8.416059e-02
8.420186e-02
8.424454e-02
8.428868e-02
8.432583e-02
8.436449e-02
8.440480e-02
8.444338e-02
8.448353e-02
8.452546e-02
8.456357e-02
8.460327e-02
8.464471e-02
8.468408e-02
8.472474e-02
8.476726e-02
8.480437e-02
8.484315e-02
8.488358e-02
8.492481e-02
8.496741e-02
8.501191e-02
8.504914e-02
8.508789e-02
8.512831e-02
8.516698e-02
8.520724e-02
8.524929e-02
8.528748e-02
8.532728e-02
8.536883e-02
8.540830e-02
8.544903e-02
8.549155e-02
8.552872e-02
8.556748e-02
8.560785e-02
8.564908e-02
8.569170e-02
8.573624e-02
8.577355e-02
8.581242e-02
8.585298e-02
8.589180e-02
8.593225e-02
8.597455e-02
8.601291e-02
8.605298e-02
8.609013e-02
8.612939e-02
8.617008e-02
8.621259e-02
8.624981e-02
8.628856e-02
8.632894e-02
8.636703e-02
8.640658e-02
8.644795e-02
8.648542e-02
8.652329e-02
8.656186e-02
8.660090e-02
8.663845e-02
8.667666e-02
8.671421e-02
8.675209e-02
8.678926e-02
8.682713e-02
8.686468e-02
8.690256e-02
8.693984e-02
8.697772e-02
8.701528e-02
8.705316e-02
8.709071e-02
8.712859e-02
8.716615e-02
8.720403e-02
8.724159e-02
8.727947e-02
8.731703e-02
8.735491e-02
8.739225e-02
8.743013e-02
8.746737e-02
8.750525e-02
8.754280e-02
8.758068e-02
8.761802e-02
8.765590e-02
8.769346e-02
8.773133e-02
8.776889e-02
8.780677e-02
8.784433e-02
8.788221e-02
8.791977e-02
8.795765e-02
8.799521e-02
8.803309e-02
8.807048e-02
8.810836e-02
8.814564e-02
8.818353e-02
8.822110e-02
8.825899e-02
8.829637e-02
8.833427e-02
8.837184e-02
8.840974e-02
8.844731e-02
8.848631e-02
8.852696e-02
8.856947e-02
8.860789e-02
8.864770e-02
8.868503e-02
8.872374e-02
8.876388e-02
8.880577e-02
8.884317e-02
8.888189e-02
8.892211e-02
8.896067e-02
8.900089e-02
8.903971e-02
8.908020e-02
8.912261e-02
8.916086e-02
8.920078e-02
8.923811e-02
8.927750e-02
8.931816e-02
8.936052e-02
8.939795e-02
8.943678e-02
8.947414e-02
8.951312e-02
8.955072e-02
8.958994e-02
8.962783e-02
8.966730e-02
8.970857e-02
8.974783e-02
8.978880e-02
8.982959e-02
8.986703e-02
8.990614e-02
8.994351e-02
8.998196e-02
9.002180e-02
9.006268e-02
9.010015e-02
9.013930e-02
9.017683e-02
9.021502e-02
9.025254e-02
9.029037e-02
9.032789e-02
9.036572e-02
9.040305e-02
9.044088e-02
9.047830e-02
9.051613e-02
9.055350e-02
9.059132e-02
9.062881e-02
9.066662e-02
9.070411e-02
9.074192e-02
9.077940e-02
9.081721e-02
9.085470e-02
9.089252e-02
9.093000e-02
9.096780e-02
9.100526e-02
9.104353e-02
9.108093e-02
9.111887e-02
9.115635e-02
9.119463e-02
9.123222e-02
9.127015e-02
9.130763e-02
9.134541e-02
9.138290e-02
9.142066e-02
9.145827e-02
9.149656e-02
9.153405e-02
9.157199e-02
9.160943e-02
9.164761e-02
9.168518e-02
9.172341e-02
9.176086e-02
9.179908e-02
9.183665e-02
9.187454e-02
9.191212e-02
9.195020e-02
9.198781e-02
9.202593e-02
9.206486e-02
9.210285e-02
9.214166e-02
9.217984e-02
9.221888e-02
9.225714e-02
9.229624e-02
9.233459e-02
9.237243e-02
9.241081e-02
9.245008e-02
9.248858e-02
9.252635e-02
9.256499e-02
9.260468e-02
9.264562e-02
9.268844e-02
9.273334e-02
9.278060e-02
9.282986e-02
9.287891e-02
9.292878e-02
9.297842e-02
9.302891e-02
9.307915e-02
9.312975e-02
9.318036e-02
9.323098e-02
9.328161e-02
9.333225e-02
9.338290e-02
9.343356e-02
9.348423e-02
9.353492e-02
9.358561e-02
9.363632e-02
9.368704e-02
9.373777e-02
9.378851e-02
9.383927e-02
9.388139e-02
9.392351e-02
9.396564e-02
9.400778e-02
9.404992e-02
9.409206e-02
9.413421e-02
9.417637e-02
9.421853e-02
9.426069e-02
9.430286e-02
9.434503e-02
9.438721e-02
9.442938e-02
9.447157e-02
9.451375e-02
9.456016e-02
9.461112e-02
9.466210e-02
9.471309e-02
9.476410e-02
9.481512e-02
9.486615e-02
9.491720e-02
9.496824e-02
9.501929e-02
9.507033e-02
9.512139e-02
9.517244e-02
9.522350e-02
9.527456e-02
9.532563e-02
9.537670e-02
9.542777e-02
9.547885e-02
9.552993e-02
9.558101e-02
9.563211e-02
9.568320e-02
9.573430e-02
9.578540e-02
9.583651e-02
9.588763e-02
9.593874e-02
9.598987e-02
9.603209e-02
9.607432e-02
9.611658e-02
9.615884e-02
9.620115e-02
9.624347e-02
9.628584e-02
9.632823e-02
9.637068e-02
9.641315e-02
9.645568e-02
9.649825e-02
9.654088e-02
9.658354e-02
9.662628e-02
9.666906e-02
9.671193e-02
9.675484e-02
9.679787e-02
9.684095e-02
9.688418e-02
9.692747e-02
9.697095e-02
9.701452e-02
9.705831e-02
9.710222e-02
9.714642e-02
9.719078e-02
9.723552e-02
9.728046e-02
9.732589e-02
9.737162e-02
9.741799e-02
9.746478e-02
9.751217e-02
9.755986e-02
9.760799e-02
9.765634e-02
9.770507e-02
9.775396e-02
9.780322e-02
9.785265e-02
9.790245e-02
9.794454e-02
9.799024e-02
9.803903e-02
9.808434e-02
9.812997e-02
9.817658e-02
9.822318e-02
9.827046e-02
9.831765e-02
9.836551e-02
9.841328e-02
9.846175e-02
9.851010e-02
9.855919e-02
9.860811e-02
9.865780e-02
9.870730e-02
9.875760e-02
9.880769e-02
9.885861e-02
9.890930e-02
9.896075e-02
9.901206e-02
9.906354e-02
9.911502e-02
9.916651e-02
9.921799e-02
9.926949e-02
9.932098e-02
9.937248e-02
9.942399e-02
9.947551e-02
9.952703e-02
9.957856e-02
9.963010e-02
9.968165e-02
9.973320e-02
9.978477e-02
9.983634e-02
9.988793e-02
9.993953e-02
9.999114e-02
1.000428e-01
1.000944e-01
1.001460e-01
1.001977e-01
1.002494e-01
1.003010e-01
1.003527e-01
1.004044e-01
1.004562e-01
1.005079e-01
1.005597e-01
1.006114e-01
1.006632e-01
1.007150e-01
1.007668e-01
1.008186e-01
1.008705e-01
1.009223e-01
1.009742e-01
1.010260e-01
1.010779e-01
1.011298e-01
1.011816e-01
1.012335e-01
1.012854e-01
1.013373e-01
1.013892e-01
1.014410e-01
1.014929e-01
1.015449e-01
1.015968e-01
1.016487e-01
1.017006e-01
1.017525e-01
1.018045e-01
1.018564e-01
1.019084e-01
1.019603e-01
1.020123e-01
1.020642e-01
1.021162e-01
1.021682e-01
1.022201e-01
1.022721e-01
1.023241e-01
1.023761e-01
1.024281e-01
1.024801e-01
1.025321e-01
1.025842e-01
1.026362e-01
1.026882e-01
1.027402e-01
1.027923e-01
1.028443e-01
1.028964e-01
1.029485e-01
1.030005e-01
1.030526e-01
1.031046e-01
1.031567e-01
1.032088e-01
1.032608e-01
1.033129e-01
1.033649e-01
1.034170e-01
1.034691e-01
1.035211e-01
1.035732e-01
1.036252e-01
1.036773e-01
1.037294e-01
1.037814e-01
1.038335e-01
1.038856e-01
1.039377e-01
1.039898e-01
1.040418e-01
1.040939e-01
1.041460e-01
1.041981e-01
1.042502e-01
1.043024e-01
1.043545e-01
1.044066e-01
1.044587e-01
1.045109e-01
1.045630e-01
1.046152e-01
1.046673e-01
1.047195e-01
1.047717e-01
1.048238e-01
1.048760e-01
1.049282e-01
1.049804e-01
1.050326e-01
1.050848e-01
1.051370e-01
1.051892e-01
1.052414e-01
1.052935e-01
1.053457e-01
1.053979e-01
1.054501e-01
1.055024e-01
1.055546e-01
1.056068e-01
1.056590e-01
1.057112e-01
1.057634e-01
1.058157e-01
1.058679e-01
1.059202e-01
1.059724e-01
1.060247e-01
1.060769e-01
1.061292e-01
1.061814e-01
1.062337e-01
1.062860e-01
1.063383e-01
1.063906e-01
1.064429e-01
1.064952e-01
1.065475e-01
1.065999e-01
1.066522e-01
1.067045e-01
1.067569e-01
1.068092e-01
1.068615e-01
1.069139e-01
1.069662e-01
1.070185e-01
1.070709e-01
1.071232e-01
1.071756e-01
1.072279e-01
1.072802e-01
1.073326e-01
1.073849e-01
1.074373e-01
1.074896e-01
1.075420e-01
1.075943e-01
1.076467e-01
1.076990e-01
1.077514e-01
1.078037e-01
1.078561e-01
1.079084e-01
1.079608e-01
1.080131e-01
1.080655e-01
1.081178e-01
1.081702e-01
1.082226e-01
1.082749e-01
1.083273e-01
1.083797e-01
1.084320e-01
1.084844e-01
1.085368e-01
1.085892e-01
1.086415e-01
1.086939e-01
1.087463e-01
1.087987e-01
1.088511e-01
1.089034e-01
1.089558e-01
1.090081e-01
1.090605e-01
1.091129e-01
1.091652e-01
1.092176e-01
1.092699e-01
1.093223e-01
1.093746e-01
1.094270e-01
1.094793e-01
1.095316e-01
1.095840e-01
1.096363e-01
1.096887e-01
1.097410e-01
1.097934e-01
1.098457e-01
1.098981e-01
1.099504e-01
1.100028e-01
1.100551e-01
1.101075e-01
1.101599e-01
1.102122e-01
1.102646e-01
1.103170e-01
1.103694e-01
1.104218e-01
1.104742e-01
1.105265e-01
1.105789e-01
1.106313e-01
1.106689e-01
1.107072e-01
1.107462e-01
1.107842e-01
1.108218e-01
1.108601e-01
1.108977e-01
1.109360e-01
1.109736e-01
1.110119e-01
1.110495e-01
1.110879e-01
1.111255e-01
1.111638e-01
1.112015e-01
1.112398e-01
1.112775e-01
1.113158e-01
1.113554e-01
1.113963e-01
1.114390e-01
1.114837e-01
1.115306e-01
1.115797e-01
1.116313e-01
1.116837e-01
1.117361e-01
1.117885e-01
1.118409e-01
1.118933e-01
1.119457e-01
1.119982e-01
1.120506e-01
1.121030e-01
1.121554e-01
1.122079e-01
1.122603e-01
1.123127e-01
1.123651e-01
1.124176e-01
1.124700e-01
1.125224e-01
1.125749e-01
1.126273e-01
1.126798e-01
1.127322e-01
1.127846e-01
1.128370e-01
1.128895e-01
1.129419e-01
1.129943e-01
1.130467e-01
1.130991e-01
1.131515e-01
1.132040e-01
1.132564e-01
1.133088e-01
1.133612e-01
1.134136e-01
1.134660e-01
1.135183e-01
1.135707e-01
1.136231e-01
1.136755e-01
1.137279e-01
1.137803e-01
1.138326e-01
1.138850e-01
1.139374e-01
1.139898e-01
1.140421e-01
1.140945e-01
1.141469e-01
1.141992e-01
1.142516e-01
1.143039e-01
1.143563e-01
1.144086e-01
1.144610e-01
1.145133e-01
1.145657e-01
1.146180e-01
1.146704e-01
1.147227e-01
1.147750e-01
1.148273e-01
1.148796e-01
1.149319e-01
1.149842e-01
1.150365e-01
1.150888e-01
1.151411e-01
1.151933e-01
1.152456e-01
1.152979e-01
1.153501e-01
1.154023e-01
1.154546e-01
1.155068e-01
1.155590e-01
1.156112e-01
1.156634e-01
1.157008e-01
1.157419e-01
1.157793e-01
1.158204e-01
1.158578e-01
1.158977e-01
1.159350e-01
1.159748e-01
1.160121e-01
1.160518e-01
1.160955e-01
1.161436e-01
1.161957e-01
1.162478e-01
1.162999e-01
1.163520e-01
1.164041e-01
1.164562e-01
1.165083e-01
1.165604e-01
1.166125e-01
1.166645e-01
1.167166e-01
1.167686e-01
1.168206e-01
1.168726e-01
1.169246e-01
1.169766e-01
1.170286e-01
1.170806e-01
1.171326e-01
1.171845e-01
1.172365e-01
1.172884e-01
1.173403e-01
1.173922e-01
1.174442e-01
1.174961e-01
1.175480e-01
1.175999e-01
1.176518e-01
1.177036e-01
1.177555e-01
1.178074e-01
1.178593e-01
1.179111e-01
1.179630e-01
1.180148e-01
1.180667e-01
1.181185e-01
1.181703e-01
1.182222e-01
1.182740e-01
1.183258e-01
1.183776e-01
1.184294e-01
1.184812e-01
1.185330e-01
1.185848e-01
1.186365e-01
1.186883e-01
1.187401e-01
1.187919e-01
1.188436e-01
1.188954e-01
1.189472e-01
1.189989e-01
1.190507e-01
1.191024e-01
1.191542e-01
1.192059e-01
1.192577e-01
1.193094e-01
1.193611e-01
1.194129e-01
1.194646e-01
1.195163e-01
1.195681e-01
1.196198e-01
1.196715e-01
1.197233e-01
1.197750e-01
1.198267e-01
1.198784e-01
1.199302e-01
1.199819e-01
1.200336e-01
1.200854e-01
1.201223e-01
1.201599e-01
1.201982e-01
1.202374e-01
1.202743e-01
1.203119e-01
1.203488e-01
1.203863e-01
1.204232e-01
1.204608e-01
1.204977e-01
1.205353e-01
1.205722e-01
1.206097e-01
1.206466e-01
1.206842e-01
1.207211e-01
1.207586e-01
1.207955e-01
1.208331e-01
1.208700e-01
1.209075e-01
1.209444e-01
1.209819e-01
1.210188e-01
1.210564e-01
1.210933e-01
1.211308e-01
1.211677e-01
1.212052e-01
1.212421e-01
1.212796e-01
1.213165e-01
1.213541e-01
1.213909e-01
1.214285e-01
1.214654e-01
1.215029e-01
1.215398e-01
1.215773e-01
1.216142e-01
1.216517e-01
1.216886e-01
1.217262e-01
1.217630e-01
1.218006e-01
1.218375e-01
1.218750e-01
1.219119e-01
1.219494e-01
1.219863e-01
1.220239e-01
1.220607e-01
1.220983e-01
1.221369e-01
1.221768e-01
1.222184e-01
1.222617e-01
1.223071e-01
1.223547e-01
1.224046e-01
1.224564e-01
1.225083e-01
1.225601e-01
1.226120e-01
1.226638e-01
1.227157e-01
1.227675e-01
1.228194e-01
1.228713e-01
1.229231e-01
1.229750e-01
1.230269e-01
1.230788e-01
1.231306e-01
1.231825e-01
1.232344e-01
1.232863e-01
1.233382e-01
1.233900e-01
1.234419e-01
1.234938e-01
1.235457e-01
1.235976e-01
1.236495e-01
1.237014e-01
1.237533e-01
1.238053e-01
1.238572e-01
1.239091e-01
1.239610e-01
1.240129e-01
1.240649e-01
1.241168e-01
1.241687e-01
1.242207e-01
1.242726e-01
1.243246e-01
1.243765e-01
1.244285e-01
1.244804e-01
1.245324e-01
1.245844e-01
1.246363e-01
1.246883e-01
1.247403e-01
1.247923e-01
1.248443e-01
1.248963e-01
1.249483e-01
1.250003e-01
1.250523e-01
1.251044e-01
1.251564e-01
1.251927e-01
1.252326e-01
1.252765e-01
1.253248e-01
1.253763e-01
1.254282e-01
1.254802e-01
1.255322e-01
1.255843e-01
1.256364e-01
1.256729e-01
1.257130e-01
1.257495e-01
1.257892e-01
1.258256e-01
1.258624e-01
1.258989e-01
1.259357e-01
1.259722e-01
1.260090e-01
1.260454e-01
1.260842e-01
1.261207e-01
1.261590e-01
1.261955e-01
1.262335e-01
1.262699e-01
1.263076e-01
1.263441e-01
1.263816e-01
1.264181e-01
1.264554e-01
1.264919e-01
1.265291e-01
1.265656e-01
1.266028e-01
1.266393e-01
1.266764e-01
1.267128e-01
1.267500e-01
1.267862e-01
1.268233e-01
1.268598e-01
1.268969e-01
1.269332e-01
1.269700e-01
1.270063e-01
1.270429e-01
1.270792e-01
1.271160e-01
1.271523e-01
1.271891e-01
1.272254e-01
1.272622e-01
1.272986e-01
1.273358e-01
1.273748e-01
1.274157e-01
1.274593e-01
1.275056e-01
1.275550e-01
1.276075e-01
1.276603e-01
1.277130e-01
1.277657e-01
1.278184e-01
1.278711e-01
1.279238e-01
1.279765e-01
1.280292e-01
1.280819e-01
1.281347e-01
1.281874e-01
1.282401e-01
1.282929e-01
1.283456e-01
1.283984e-01
1.284511e-01
1.285039e-01
1.285567e-01
1.286095e-01
1.286623e-01
1.287152e-01
1.287681e-01
1.288210e-01
1.288739e-01
1.289269e-01
1.289798e-01
1.290328e-01
1.290859e-01
1.291389e-01
1.291920e-01
1.292452e-01
1.292983e-01
1.293515e-01
1.294047e-01
1.294580e-01
1.295113e-01
1.295646e-01
1.296179e-01
1.296713e-01
1.297247e-01
1.297781e-01
1.298315e-01
1.298850e-01
1.299385e-01
1.299920e-01
1.300455e-01
1.300991e-01
1.301527e-01
1.302063e-01
1.302599e-01
1.303136e-01
1.303673e-01
1.304211e-01
1.304748e-01
1.305286e-01
1.305825e-01
1.306363e-01
1.306902e-01
1.307442e-01
1.307981e-01
1.308521e-01
1.309062e-01
1.309603e-01
1.310144e-01
1.310685e-01
1.311227e-01
1.311769e-01
1.312311e-01
1.312854e-01
1.313397e-01
1.313941e-01
1.314485e-01
1.315029e-01
1.315574e-01
1.316119e-01
1.316665e-01
1.317211e-01
1.317757e-01
1.318304e-01
1.318851e-01
1.319398e-01
1.319946e-01
1.320494e-01
1.321043e-01
1.321592e-01
1.322142e-01
1.322691e-01
1.323242e-01
1.323792e-01
1.324343e-01
1.324895e-01
1.325447e-01
1.325999e-01
1.326552e-01
1.327105e-01
1.327658e-01
1.328212e-01
1.328766e-01
1.329321e-01
1.329876e-01
1.330431e-01
1.330987e-01
1.331543e-01
1.332100e-01
1.332657e-01
1.333214e-01
1.333772e-01
1.334331e-01
1.334889e-01
1.335449e-01
1.336008e-01
1.336568e-01
1.337129e-01
1.337689e-01
1.338251e-01
1.338812e-01
1.339375e-01
1.339937e-01
1.340500e-01
1.341063e-01
1.341627e-01
1.342191e-01
1.342756e-01
1.343321e-01
1.343886e-01
1.344452e-01
1.345019e-01
1.345585e-01
1.346153e-01
1.346720e-01
1.347288e-01
1.347856e-01
1.348424e-01
1.348993e-01
1.349562e-01
1.350132e-01
1.350702e-01
1.351272e-01
1.351843e-01
1.352414e-01
1.352985e-01
1.353557e-01
1.354129e-01
1.354701e-01
1.355274e-01
1.355846e-01
1.356420e-01
1.356993e-01
1.357567e-01
1.358141e-01
1.358715e-01
1.359290e-01
1.359865e-01
1.360440e-01
1.361015e-01
1.361591e-01
1.362167e-01
1.362743e-01
1.363320e-01
1.363896e-01
1.364474e-01
1.365051e-01
1.365628e-01
1.366206e-01
1.366784e-01
1.367363e-01
1.367941e-01
1.368520e-01
1.369100e-01
1.369679e-01
1.370259e-01
1.370839e-01
1.371419e-01
1.372000e-01
1.372581e-01
1.373162e-01
1.373744e-01
1.374326e-01
1.374908e-01
1.375491e-01
1.376074e-01
1.376657e-01
1.377241e-01
1.377825e-01
1.378409e-01
1.378994e-01
1.379579e-01
1.380164e-01
1.380750e-01
1.381336e-01
1.381923e-01
1.382510e-01
1.383097e-01
1.383685e-01
1.384273e-01
1.384862e-01
1.385451e-01
1.386041e-01
1.386631e-01
1.387221e-01
1.387812e-01
1.388403e-01
1.388995e-01
1.389587e-01
1.390180e-01
1.390772e-01
1.391366e-01
1.391960e-01
1.392554e-01
1.393149e-01
1.393740e-01
1.394336e-01
1.394923e-01
1.395516e-01
1.396099e-01
1.396688e-01
1.397266e-01
1.397850e-01
1.398425e-01
1.399007e-01
1.399578e-01
1.400157e-01
1.400727e-01
1.401305e-01
1.401874e-01
1.402450e-01
1.403017e-01
1.403602e-01
1.404191e-01
1.404777e-01
1.405361e-01
1.405942e-01
1.406521e-01
1.407096e-01
1.407667e-01
1.408236e-01
1.408801e-01
1.409364e-01
1.409924e-01
1.410485e-01
1.411045e-01
1.411606e-01
1.412166e-01
1.412727e-01
1.413288e-01
1.413850e-01
1.414412e-01
1.414974e-01
1.415536e-01
1.416099e-01
1.416662e-01
1.417226e-01
1.417789e-01
1.418355e-01
1.418920e-01
1.419486e-01
1.420051e-01
1.420616e-01
1.421180e-01
1.421746e-01
1.422310e-01
1.422875e-01
1.423440e-01
1.424007e-01
1.424573e-01
1.425140e-01
1.425707e-01
1.426275e-01
1.426841e-01
1.427409e-01
1.427976e-01
1.428544e-01
1.429111e-01
1.429679e-01
1.430247e-01
1.430816e-01
1.431384e-01
1.431952e-01
1.432519e-01
1.433088e-01
1.433657e-01
1.434227e-01
1.434796e-01
1.435366e-01
1.435936e-01
1.436506e-01
1.437076e-01
1.437646e-01
1.438216e-01
1.438787e-01
1.439358e-01
1.439929e-01
1.440501e-01
1.441072e-01
1.441642e-01
1.442214e-01
1.442785e-01
1.443357e-01
1.443929e-01
1.444501e-01
1.445073e-01
1.445645e-01
1.446217e-01
1.446790e-01
1.447362e-01
1.447935e-01
1.448508e-01
1.449081e-01
1.449654e-01
1.450227e-01
1.450801e-01
1.451375e-01
1.451949e-01
1.452523e-01
1.453096e-01
1.453670e-01
1.454245e-01
1.454819e-01
1.455393e-01
1.455968e-01
1.456541e-01
1.457116e-01
1.457691e-01
1.458267e-01
1.458842e-01
1.459418e-01
1.459993e-01
1.460568e-01
1.461144e-01
1.461719e-01
1.462294e-01
1.462868e-01
1.463442e-01
1.464017e-01
1.464592e-01
1.465167e-01
1.465742e-01
1.466317e-01
1.466890e-01
1.467465e-01
1.468041e-01
1.468617e-01
1.469192e-01
1.469766e-01
1.470341e-01
1.470916e-01
1.471492e-01
1.472068e-01
1.472645e-01
1.473221e-01
1.473796e-01
1.474371e-01
1.474946e-01
1.475522e-01
1.476098e-01
1.476674e-01
1.477250e-01
1.477827e-01
1.478182e-01
1.478564e-01
1.478965e-01
1.479382e-01
1.479818e-01
1.480270e-01
1.480746e-01
1.481253e-01
1.481782e-01
1.482327e-01
1.482885e-01
1.483452e-01
1.484027e-01
1.484608e-01
1.485196e-01
1.485790e-01
1.486390e-01
1.486990e-01
1.487356e-01
1.487756e-01
1.488178e-01
1.488620e-01
1.489079e-01
1.489552e-01
1.490038e-01
1.490535e-01
1.491059e-01
1.491598e-01
1.492149e-01
1.492709e-01
1.493274e-01
1.493846e-01
1.494424e-01
1.495007e-01
1.495594e-01
1.496187e-01
1.496561e-01
1.496972e-01
1.497410e-01
1.497869e-01
1.498342e-01
1.498828e-01
1.499325e-01
1.499831e-01
1.500360e-01
1.500902e-01
1.501452e-01
1.502009e-01
1.502572e-01
1.503140e-01
1.503525e-01
1.503949e-01
1.504405e-01
1.504880e-01
1.505368e-01
1.505867e-01
1.506374e-01
1.506896e-01
1.507433e-01
1.507978e-01
1.508529e-01
1.509086e-01
1.509647e-01
1.510213e-01
1.510605e-01
1.511035e-01
1.511497e-01
1.511977e-01
1.512464e-01
1.512963e-01
1.513470e-01
1.513985e-01
1.514515e-01
1.515050e-01
1.515587e-01
1.516124e-01
1.516525e-01
1.516961e-01
1.517425e-01
1.517907e-01
1.518400e-01
1.518903e-01
1.519412e-01
1.519928e-01
1.520451e-01
1.520979e-01
1.521392e-01
1.521845e-01
1.522325e-01
1.522817e-01
1.523319e-01
1.523827e-01
1.524340e-01
1.524858e-01
1.525379e-01
1.525904e-01
1.526319e-01
1.526776e-01
1.527262e-01
1.527760e-01
1.528265e-01
1.528776e-01
1.529221e-01
1.529700e-01
1.530195e-01
1.530699e-01
1.531209e-01
1.531722e-01
1.532162e-01
1.532639e-01
1.533133e-01
1.533636e-01
1.534094e-01
1.534578e-01
1.535075e-01
1.535578e-01
1.536032e-01
1.536513e-01
1.536983e-01
1.537470e-01
1.537937e-01
1.538421e-01
1.538887e-01
1.539369e-01
1.539836e-01
1.540317e-01
1.540783e-01
1.541264e-01
1.541729e-01
1.542209e-01
1.542674e-01
1.543153e-01
1.543617e-01
1.544096e-01
1.544560e-01
1.545038e-01
1.545502e-01
1.545979e-01
1.546443e-01
1.546921e-01
1.547384e-01
1.547861e-01
1.548325e-01
1.548802e-01
1.549266e-01
1.549742e-01
1.550206e-01
1.550682e-01
1.551146e-01
1.551622e-01
1.552086e-01
1.552562e-01
1.553025e-01
1.553501e-01
1.553965e-01
1.554441e-01
1.554905e-01
1.555380e-01
1.555844e-01
1.556320e-01
1.556784e-01
1.557259e-01
1.557723e-01
1.558199e-01
1.558663e-01
1.559138e-01
1.559602e-01
1.560077e-01
1.560542e-01
1.561017e-01
1.561481e-01
1.561956e-01
1.562421e-01
1.562896e-01
1.563360e-01
1.563835e-01
1.564299e-01
1.564774e-01
1.565238e-01
1.565713e-01
1.566176e-01
1.566650e-01
1.567113e-01
1.567587e-01
1.568050e-01
1.568524e-01
1.568986e-01
1.569459e-01
1.569922e-01
1.570395e-01
1.570857e-01
1.571329e-01
1.571791e-01
1.572263e-01
1.572725e-01
1.573197e-01
1.573658e-01
1.574129e-01
1.574591e-01
1.575061e-01
1.575522e-01
1.575993e-01
1.576453e-01
1.576923e-01
1.577384e-01
1.577854e-01
1.578314e-01
1.578783e-01
1.579244e-01
1.579713e-01
1.580173e-01
1.580642e-01
1.581102e-01
1.581570e-01
1.582030e-01
1.582499e-01
1.582959e-01
1.583427e-01
1.583887e-01
1.584355e-01
1.584815e-01
1.585283e-01
1.585743e-01
1.586211e-01
1.586671e-01
1.587139e-01
1.587599e-01
1.588067e-01
1.588527e-01
1.588995e-01
1.589455e-01
1.589923e-01
1.590383e-01
1.590850e-01
1.591311e-01
1.591778e-01
1.592239e-01
1.592706e-01
1.593167e-01
1.593634e-01
1.594094e-01
1.594561e-01
1.595020e-01
1.595486e-01
1.595945e-01
1.596412e-01
1.596871e-01
1.597338e-01
1.597797e-01
1.598105e-01
1.598429e-01
1.598768e-01
1.599123e-01
1.599493e-01
1.599820e-01
1.600164e-01
1.600524e-01
1.600847e-01
1.601190e-01
1.601552e-01
1.601934e-01
1.602263e-01
1.602605e-01
1.602963e-01
1.603342e-01
1.603683e-01
1.604039e-01
1.604404e-01
1.604776e-01
1.605131e-01
1.605496e-01
1.605869e-01
1.606234e-01
1.606607e-01
1.606976e-01
1.607342e-01
1.607717e-01
1.608085e-01
1.608462e-01
1.608833e-01
1.609213e-01
1.609587e-01
1.609972e-01
1.610349e-01
1.610738e-01
1.611120e-01
1.611513e-01
1.611900e-01
1.612298e-01
1.612690e-01
1.613095e-01
1.613493e-01
1.613904e-01
1.614308e-01
1.614727e-01
1.615139e-01
1.615565e-01
1.615985e-01
1.616420e-01
1.616849e-01
1.617294e-01
1.617733e-01
1.618187e-01
1.618637e-01
1.619102e-01
1.619562e-01
1.620038e-01
1.620509e-01
1.620993e-01
1.621473e-01
1.621957e-01
1.622442e-01
1.622926e-01
1.623410e-01
1.623894e-01
1.624377e-01
1.624861e-01
1.625344e-01
1.625827e-01
1.626311e-01
1.626794e-01
1.627276e-01
1.627759e-01
1.628242e-01
1.628724e-01
1.629206e-01
1.629688e-01
1.630170e-01
1.630652e-01
1.631133e-01
1.631615e-01
1.632096e-01
1.632577e-01
1.633058e-01
1.633539e-01
1.634020e-01
1.634500e-01
1.634981e-01
1.635461e-01
1.635942e-01
1.636422e-01
1.636902e-01
1.637382e-01
1.637862e-01
1.638342e-01
1.638822e-01
1.639302e-01
1.639782e-01
1.640262e-01
1.640742e-01
1.641223e-01
1.641704e-01
1.642185e-01
1.642667e-01
1.643148e-01
1.643631e-01
1.644113e-01
1.644596e-01
1.645079e-01
1.645563e-01
1.646047e-01
1.646532e-01
1.647017e-01
1.647502e-01
1.647988e-01
1.648474e-01
1.648961e-01
1.649449e-01
1.649937e-01
1.650426e-01
1.650914e-01
1.651403e-01
1.651892e-01
1.652381e-01
1.652870e-01
1.653360e-01
1.653849e-01
1.654339e-01
1.654828e-01
1.655318e-01
1.655808e-01
1.656298e-01
1.656789e-01
1.657279e-01
1.657770e-01
1.658261e-01
1.658753e-01
1.659244e-01
1.659736e-01
1.660228e-01
1.660720e-01
1.661212e-01
1.661705e-01
1.662198e-01
1.662691e-01
1.663185e-01
1.663679e-01
1.664173e-01
1.664667e-01
1.665162e-01
1.665656e-01
1.666152e-01
1.666647e-01
1.667143e-01
1.667639e-01
1.668135e-01
1.668632e-01
1.669129e-01
1.669627e-01
1.670124e-01
1.670622e-01
1.671121e-01
1.671620e-01
1.672119e-01
1.672618e-01
1.673118e-01
1.673618e-01
1.674119e-01
1.674620e-01
1.675122e-01
1.675623e-01
1.676126e-01
1.676628e-01
1.677131e-01
1.677635e-01
1.678139e-01
1.678643e-01
1.679148e-01
1.679654e-01
1.680159e-01
1.680666e-01
1.681173e-01
1.681680e-01
1.682188e-01
1.682697e-01
1.683206e-01
1.683715e-01
1.684224e-01
1.684733e-01
1.685242e-01
1.685751e-01
1.686261e-01
1.686770e-01
1.687279e-01
1.687789e-01
1.688298e-01
1.688807e-01
1.689317e-01
1.689826e-01
1.690335e-01
1.690844e-01
1.691354e-01
1.691863e-01
1.692372e-01
1.692881e-01
1.693391e-01
1.693900e-01
1.694409e-01
1.694918e-01
1.695427e-01
1.695953e-01
1.696480e-01
1.697004e-01
1.697531e-01
1.698057e-01
1.698587e-01
1.699117e-01
1.699648e-01
1.700179e-01
1.700711e-01
1.701236e-01
1.701761e-01
1.702285e-01
1.702811e-01
1.703335e-01
1.703858e-01
1.704381e-01
1.704904e-01
1.705428e-01
1.705954e-01
1.706478e-01
1.707004e-01
1.707528e-01
1.708054e-01
1.708580e-01
1.709108e-01
1.709636e-01
1.710167e-01
1.710698e-01
1.711233e-01
1.711767e-01
1.712302e-01
1.712837e-01
1.713372e-01
1.713907e-01
1.714442e-01
1.714976e-01
1.715504e-01
1.716030e-01
1.716558e-01
1.717084e-01
1.717609e-01
1.718136e-01
1.718664e-01
1.719190e-01
1.719718e-01
1.720244e-01
1.720773e-01
1.721299e-01
1.721828e-01
1.722357e-01
1.722888e-01
1.723421e-01
1.723955e-01
1.724495e-01
1.725032e-01
1.725568e-01
1.726105e-01
1.726642e-01
1.727179e-01
1.727713e-01
1.728248e-01
1.728783e-01
1.729312e-01
1.729838e-01
1.730367e-01
1.730892e-01
1.731421e-01
1.731947e-01
1.732476e-01
1.733002e-01
1.733530e-01
1.734057e-01
1.734586e-01
1.735115e-01
1.735646e-01
1.736179e-01
1.736713e-01
1.737252e-01
1.737792e-01
1.738334e-01
1.738876e-01
1.739416e-01
1.739956e-01
1.740491e-01
1.741034e-01
1.741576e-01
1.742114e-01
1.742642e-01
1.743172e-01
1.743700e-01
1.744083e-01
1.744410e-01
1.744755e-01
1.745113e-01
1.745489e-01
1.745890e-01
1.746312e-01
1.746751e-01
1.747209e-01
1.747678e-01
1.748158e-01
1.748644e-01
1.749137e-01
1.749633e-01
1.750133e-01
1.750636e-01
1.751143e-01
1.751652e-01
1.752165e-01
1.752681e-01
1.753200e-01
1.753722e-01
1.754248e-01
1.754777e-01
1.755309e-01
1.755838e-01
1.756369e-01
1.756897e-01
1.757428e-01
1.757957e-01
1.758487e-01
1.759016e-01
1.759546e-01
1.760076e-01
1.760608e-01
1.761140e-01
1.761674e-01
1.762209e-01
1.762604e-01
1.763038e-01
1.763501e-01
1.763983e-01
1.764478e-01
1.764982e-01
1.765493e-01
1.766013e-01
1.766541e-01
1.767074e-01
1.767492e-01
1.767951e-01
1.768438e-01
1.768939e-01
1.769450e-01
1.769967e-01
1.770418e-01
1.770901e-01
1.771380e-01
1.771878e-01
1.772355e-01
1.772852e-01
1.773329e-01
1.773824e-01
1.774304e-01
1.774800e-01
1.775280e-01
1.775777e-01
1.776258e-01
1.776755e-01
1.777236e-01
1.777734e-01
1.778216e-01
1.778715e-01
1.779197e-01
1.779696e-01
1.780179e-01
1.780679e-01
1.781163e-01
1.781663e-01
1.782147e-01
1.782648e-01
1.783133e-01
1.783634e-01
1.784119e-01
1.784621e-01
1.785107e-01
1.785609e-01
1.786095e-01
1.786597e-01
1.787083e-01
1.787586e-01
1.788073e-01
1.788576e-01
1.789063e-01
1.789566e-01
1.790053e-01
1.790557e-01
1.791044e-01
1.791547e-01
1.792035e-01
1.792539e-01
1.793026e-01
1.793530e-01
1.794017e-01
1.794522e-01
1.795009e-01
1.795513e-01
1.796001e-01
1.796506e-01
1.796994e-01
1.797498e-01
1.797987e-01
1.798491e-01
1.798980e-01
1.799485e-01
1.799974e-01
1.800479e-01
1.800968e-01
1.801473e-01
1.801962e-01
1.802442e-01
1.802932e-01
1.803416e-01
1.803906e-01
1.804392e-01
1.804883e-01
1.805370e-01
1.805861e-01
1.806349e-01
1.806840e-01
1.807330e-01
1.807821e-01
1.808312e-01
1.808804e-01
1.809296e-01
1.809787e-01
1.810281e-01
1.810773e-01
1.811267e-01
1.811760e-01
1.812256e-01
1.812749e-01
1.813247e-01
1.813740e-01
1.814241e-01
1.814735e-01
1.815239e-01
1.815733e-01
1.816240e-01
1.816734e-01
1.817243e-01
1.817738e-01
1.818248e-01
1.818743e-01
1.819252e-01
1.819748e-01
1.820258e-01
1.820754e-01
1.821264e-01
1.821760e-01
1.822271e-01
1.822768e-01
1.823279e-01
1.823776e-01
1.824287e-01
1.824784e-01
1.825296e-01
1.825793e-01
1.826305e-01
1.826803e-01
1.827315e-01
1.827813e-01
1.828326e-01
1.828824e-01
1.829337e-01
1.829835e-01
1.830348e-01
1.830847e-01
1.831360e-01
1.831859e-01
1.832373e-01
1.832872e-01
1.833386e-01
1.833886e-01
1.834400e-01
1.834900e-01
1.835414e-01
1.835915e-01
1.836429e-01
1.836930e-01
1.837445e-01
1.837947e-01
1.838462e-01
1.838964e-01
1.839479e-01
1.839982e-01
1.840498e-01
1.841001e-01
1.841517e-01
1.842021e-01
1.842538e-01
1.843042e-01
1.843559e-01
1.844064e-01
1.844582e-01
1.845087e-01
1.845605e-01
1.846111e-01
1.846630e-01
1.847137e-01
1.847656e-01
1.848163e-01
1.848684e-01
1.849191e-01
1.849712e-01
1.850220e-01
1.850740e-01
1.851249e-01
1.851768e-01
1.852278e-01
1.852797e-01
1.853307e-01
1.853825e-01
1.854336e-01
1.854854e-01
1.855365e-01
1.855882e-01
1.856395e-01
1.856911e-01
1.857424e-01
1.857940e-01
1.858454e-01
1.858969e-01
1.859483e-01
1.859998e-01
1.860513e-01
1.861028e-01
1.861543e-01
1.862058e-01
1.862574e-01
1.863088e-01
1.863604e-01
1.864118e-01
1.864636e-01
1.865149e-01
1.865667e-01
1.866180e-01
1.866699e-01
1.867212e-01
1.867731e-01
1.868244e-01
1.868764e-01
1.869277e-01
1.869797e-01
1.870309e-01
1.870831e-01
1.871343e-01
1.871865e-01
1.872377e-01
1.872900e-01
1.873411e-01
1.873934e-01
1.874445e-01
1.874968e-01
1.875478e-01
1.876001e-01
1.876511e-01
1.877033e-01
1.877543e-01
1.878065e-01
1.878575e-01
1.879096e-01
1.879605e-01
1.880126e-01
1.880635e-01
1.881156e-01
1.881664e-01
1.882185e-01
1.882693e-01
1.883213e-01
1.883721e-01
1.884240e-01
1.884748e-01
1.885267e-01
1.885774e-01
1.886293e-01
1.886800e-01
1.887318e-01
1.887824e-01
1.888342e-01
1.888849e-01
1.889366e-01
1.889872e-01
1.890389e-01
1.890895e-01
1.891412e-01
1.891917e-01
1.892433e-01
1.892938e-01
1.893454e-01
1.893959e-01
1.894475e-01
1.894979e-01
1.895495e-01
1.895999e-01
1.896514e-01
1.897018e-01
1.897533e-01
1.898036e-01
1.898551e-01
1.899054e-01
1.899568e-01
1.900071e-01
1.900585e-01
1.901088e-01
1.901601e-01
1.902103e-01
1.902617e-01
1.903118e-01
1.903632e-01
1.904135e-01
1.904650e-01
1.905153e-01
1.905668e-01
1.906171e-01
1.906686e-01
1.907189e-01
1.907703e-01
1.908206e-01
1.908720e-01
1.909222e-01
1.909736e-01
1.910238e-01
1.910752e-01
1.911254e-01
1.911767e-01
1.912268e-01
1.912781e-01
1.913282e-01
1.913795e-01
1.914296e-01
1.914808e-01
1.915308e-01
1.915820e-01
1.916320e-01
1.916831e-01
1.917330e-01
1.917841e-01
1.918340e-01
1.918850e-01
1.919348e-01
1.919858e-01
1.920358e-01
1.920868e-01
1.921368e-01
1.921878e-01
1.922377e-01
1.922886e-01
1.923384e-01
1.923893e-01
1.924390e-01
1.924899e-01
1.925397e-01
1.925906e-01
1.926404e-01
1.926913e-01
1.927409e-01
1.927917e-01
1.928413e-01
1.928921e-01
1.929417e-01
1.929925e-01
1.930421e-01
1.930928e-01
1.931423e-01
1.931930e-01
1.932426e-01
1.932933e-01
1.933428e-01
1.933934e-01
1.934430e-01
1.934937e-01
1.935432e-01
1.935938e-01
1.936432e-01
1.936938e-01
1.937432e-01
1.937937e-01
1.938431e-01
1.938936e-01
1.939430e-01
1.939935e-01
1.940428e-01
1.940933e-01
1.941427e-01
1.941932e-01
1.942424e-01
1.942929e-01
1.943422e-01
1.943927e-01
1.944419e-01
1.944923e-01
1.945416e-01
1.945920e-01
1.946411e-01
1.946915e-01
1.947407e-01
1.947911e-01
1.948402e-01
1.948905e-01
1.949396e-01
1.949900e-01
1.950392e-01
1.950896e-01
1.951387e-01
1.951890e-01
1.952382e-01
1.952885e-01
1.953376e-01
1.953879e-01
1.954370e-01
1.954873e-01
1.955363e-01
1.955866e-01
1.956356e-01
1.956859e-01
1.957351e-01
1.957854e-01
1.958345e-01
1.958848e-01
1.959340e-01
1.959843e-01
1.960333e-01
1.960836e-01
1.961328e-01
1.961830e-01
1.962321e-01
1.962824e-01
1.963315e-01
1.963818e-01
1.964309e-01
1.964812e-01
1.965304e-01
1.965806e-01
1.966297e-01
1.966800e-01
1.967292e-01
1.967796e-01
1.968287e-01
1.968790e-01
1.969281e-01
1.969783e-01
1.970275e-01
1.970778e-01
1.971269e-01
1.971772e-01
1.972265e-01
1.972769e-01
1.973261e-01
1.973764e-01
1.974256e-01
1.974760e-01
1.975253e-01
1.975757e-01
1.976249e-01
1.976753e-01
1.977246e-01
1.977749e-01
1.978241e-01
1.978745e-01
1.979239e-01
1.979743e-01
1.980237e-01
1.980742e-01
1.981235e-01
1.981739e-01
1.982233e-01
1.982737e-01
1.983230e-01
1.983734e-01
1.984227e-01
1.984732e-01
1.985226e-01
1.985732e-01
1.986226e-01
1.986732e-01
1.987227e-01
1.987733e-01
1.988228e-01
1.988734e-01
1.989229e-01
1.989736e-01
1.990231e-01
1.990737e-01
1.991233e-01
1.991739e-01
1.992235e-01
1.992742e-01
1.993238e-01
1.993745e-01
1.994241e-01
1.994748e-01
1.995244e-01
1.995752e-01
1.996249e-01
1.996756e-01
1.997253e-01
1.997762e-01
1.998259e-01
1.998768e-01
1.999266e-01
1.999775e-01
2.000273e-01
2.000783e-01
2.001282e-01
