# 1  : Date
# 2  : Temps elapsed min (mus)
# 3  : Rang temps elapsed min
# 4  : Noeud temps elapsed min
# 5  : Temps elapsed max (mus)
# 6  : Rang temps elapsed max
# 7  : Noeud temps elapsed max
# 8  : Grind time (mus/maille/cycle)
# 9  : Grind time équivalent séquentiel (#8 X nb_de_coeurs)
#     1     2     3     4      5      6      7       8      9
#   ATTENTION  les temps cpu schémas sont données dans l'ordre alphabétique des schémas WARNING
#  10: TELAPS Hydro (mus)
2.257171e-04   4.010e+04 0 inti1232   4.034e+04 3 inti1232   2.908e-01 4.653e+00  3.164e+04
6.330631e-04   4.087e+04 0 inti1232   4.107e+04 3 inti1232   2.918e-01 4.669e+00  3.231e+04
1.213485e-03   4.192e+04 0 inti1232   4.213e+04 3 inti1232   2.933e-01 4.693e+00  3.330e+04
1.932477e-03   4.549e+04 0 inti1232   4.565e+04 3 inti1232   3.086e-01 4.938e+00  3.612e+04
2.774286e-03   5.052e+04 0 inti1232   5.076e+04 2 inti1232   3.326e-01 5.321e+00  4.091e+04
3.669785e-03   4.713e+04 0 inti1232   4.728e+04 3 inti1232   2.990e-01 4.784e+00  3.742e+04
4.584094e-03   5.018e+04 0 inti1232   5.025e+04 3 inti1232   3.076e-01 4.922e+00  4.023e+04
5.548551e-03   5.125e+04 0 inti1232   5.131e+04 2 inti1232   3.042e-01 4.867e+00  4.129e+04
6.632479e-03   5.303e+04 0 inti1232   5.309e+04 3 inti1232   3.052e-01 4.884e+00  4.274e+04
7.723559e-03   6.253e+04 0 inti1232   6.263e+04 3 inti1232   3.502e-01 5.604e+00  4.922e+04
8.725397e-03   5.473e+04 0 inti1232   5.479e+04 3 inti1232   2.980e-01 4.768e+00  4.440e+04
9.365276e-03   5.520e+04 0 inti1232   5.526e+04 3 inti1232   2.953e-01 4.724e+00  4.438e+04
9.947563e-03   5.523e+04 0 inti1232   5.529e+04 3 inti1232   2.914e-01 4.663e+00  4.434e+04
1.053057e-02   5.602e+04 0 inti1232   5.608e+04 3 inti1232   2.915e-01 4.665e+00  4.510e+04
1.115720e-02   6.414e+04 0 inti1232   6.420e+04 3 inti1232   3.291e-01 5.266e+00  5.156e+04
1.185534e-02   5.704e+04 0 inti1232   5.710e+04 2 inti1232   2.883e-01 4.613e+00  4.601e+04
1.263052e-02   5.747e+04 0 inti1232   5.762e+04 3 inti1232   2.866e-01 4.585e+00  4.643e+04
1.346790e-02   5.764e+04 0 inti1232   5.770e+04 3 inti1232   2.826e-01 4.521e+00  4.660e+04
1.433839e-02   5.855e+04 0 inti1232   5.860e+04 1 inti1232   2.824e-01 4.519e+00  4.743e+04
1.527760e-02   5.939e+04 0 inti1232   5.945e+04 3 inti1232   2.818e-01 4.509e+00  4.818e+04
1.622016e-02   6.054e+04 0 inti1232   6.059e+04 2 inti1232   2.821e-01 4.514e+00  4.923e+04
1.711099e-02   6.106e+04 0 inti1232   6.119e+04 1 inti1232   2.799e-01 4.479e+00  4.967e+04
1.796140e-02   6.135e+04 0 inti1232   6.140e+04 2 inti1232   2.763e-01 4.420e+00  4.989e+04
1.878856e-02   6.429e+04 0 inti1232   6.435e+04 3 inti1232   2.848e-01 4.557e+00  5.232e+04
1.945653e-02   6.415e+04 0 inti1232   6.421e+04 2 inti1232   2.805e-01 4.487e+00  5.222e+04
2.005747e-02   6.499e+04 0 inti1232   6.505e+04 3 inti1232   2.805e-01 4.488e+00  5.302e+04
2.067447e-02   6.450e+04 0 inti1232   6.457e+04 3 inti1232   2.752e-01 4.403e+00  5.236e+04
2.133358e-02   6.483e+04 0 inti1232   6.489e+04 3 inti1232   2.728e-01 4.365e+00  5.277e+04
2.202416e-02   6.567e+04 0 inti1232   6.573e+04 3 inti1232   2.726e-01 4.361e+00  5.341e+04
2.274582e-02   6.695e+04 0 inti1232   6.709e+04 2 inti1232   2.743e-01 4.388e+00  5.463e+04
2.350209e-02   6.710e+04 0 inti1232   6.723e+04 2 inti1232   2.706e-01 4.330e+00  5.477e+04
2.429290e-02   6.814e+04 0 inti1232   6.828e+04 3 inti1232   2.705e-01 4.328e+00  5.575e+04
2.511715e-02   6.902e+04 0 inti1232   6.915e+04 3 inti1232   2.695e-01 4.312e+00  5.658e+04
2.597559e-02   6.890e+04 0 inti1232   6.902e+04 3 inti1232   2.643e-01 4.229e+00  5.632e+04
2.686875e-02   6.991e+04 0 inti1232   7.008e+04 3 inti1232   2.636e-01 4.217e+00  5.723e+04
2.779482e-02   7.140e+04 0 inti1232   7.155e+04 2 inti1232   2.643e-01 4.228e+00  5.853e+04
2.870128e-02   7.218e+04 0 inti1232   7.225e+04 3 inti1232   2.621e-01 4.194e+00  5.923e+04
2.954368e-02   7.323e+04 0 inti1232   7.329e+04 3 inti1232   2.618e-01 4.189e+00  6.011e+04
3.038393e-02   7.365e+04 0 inti1232   7.371e+04 3 inti1232   2.594e-01 4.151e+00  6.044e+04
3.115400e-02   7.457e+04 0 inti1232   7.474e+04 3 inti1232   2.595e-01 4.153e+00  6.117e+04
3.194090e-02   7.549e+04 0 inti1232   7.556e+04 2 inti1232   2.588e-01 4.141e+00  6.208e+04
3.271426e-02   7.518e+04 0 inti1232   7.525e+04 2 inti1232   2.546e-01 4.073e+00  6.192e+04
3.350763e-02   7.652e+04 0 inti1232   7.658e+04 2 inti1232   2.557e-01 4.092e+00  6.292e+04
3.431384e-02   7.728e+04 0 inti1232   7.735e+04 2 inti1232   2.552e-01 4.083e+00  6.348e+04
3.514887e-02   7.755e+04 0 inti1232   7.770e+04 2 inti1232   2.529e-01 4.046e+00  6.402e+04
3.601009e-02   7.810e+04 0 inti1232   7.818e+04 2 inti1232   2.511e-01 4.018e+00  6.450e+04
3.689401e-02   7.909e+04 0 inti1232   7.915e+04 2 inti1232   2.507e-01 4.012e+00  6.532e+04
3.778048e-02   8.038e+04 0 inti1232   8.046e+04 2 inti1232   2.515e-01 4.023e+00  6.644e+04
3.867666e-02   8.067e+04 0 inti1232   8.076e+04 2 inti1232   2.491e-01 3.986e+00  6.651e+04
3.957938e-02   8.250e+04 0 inti1232   8.255e+04 3 inti1232   2.512e-01 4.019e+00  6.814e+04
4.053730e-02   8.328e+04 0 inti1232   8.335e+04 2 inti1232   2.501e-01 4.001e+00  6.857e+04
4.152385e-02   8.443e+04 0 inti1232   8.450e+04 3 inti1232   2.499e-01 3.998e+00  6.929e+04
4.253665e-02   8.315e+04 0 inti1232   8.322e+04 3 inti1232   2.425e-01 3.881e+00  6.844e+04
4.356845e-02   8.413e+04 0 inti1232   8.421e+04 2 inti1232   2.417e-01 3.868e+00  6.953e+04
4.457560e-02   8.476e+04 0 inti1232   8.483e+04 2 inti1232   2.399e-01 3.839e+00  6.998e+04
4.560738e-02   8.652e+04 0 inti1232   8.665e+04 2 inti1232   2.415e-01 3.864e+00  7.158e+04
4.657033e-02   8.576e+04 0 inti1232   8.584e+04 2 inti1232   2.359e-01 3.775e+00  7.088e+04
4.748452e-02   8.833e+04 0 inti1232   8.840e+04 2 inti1232   2.401e-01 3.841e+00  7.347e+04
4.839848e-02   8.784e+04 0 inti1232   8.791e+04 2 inti1232   2.360e-01 3.776e+00  7.264e+04
4.950795e-02   8.820e+04 0 inti1232   8.837e+04 2 inti1232   2.339e-01 3.742e+00  7.307e+04
5.058360e-02   8.903e+04 0 inti1232   8.918e+04 2 inti1232   2.325e-01 3.721e+00  7.382e+04
5.163990e-02   9.048e+04 0 inti1232   9.062e+04 2 inti1232   2.332e-01 3.732e+00  7.504e+04
5.254893e-02   9.266e+04 0 inti1232   9.281e+04 2 inti1232   2.359e-01 3.775e+00  7.674e+04
5.346902e-02   9.442e+04 0 inti1232   9.459e+04 2 inti1232   2.377e-01 3.802e+00  7.786e+04
5.441069e-02   9.353e+04 0 inti1232   9.368e+04 2 inti1232   2.326e-01 3.721e+00  7.756e+04
5.534710e-02   9.812e+04 0 inti1232   9.822e+04 2 inti1232   2.409e-01 3.854e+00  8.166e+04
5.626976e-02   9.504e+04 0 inti1232   9.519e+04 2 inti1232   2.306e-01 3.690e+00  7.876e+04
5.723096e-02   9.580e+04 0 inti1232   9.586e+04 2 inti1232   2.295e-01 3.672e+00  7.966e+04
5.817253e-02   9.755e+04 0 inti1232   9.762e+04 2 inti1232   2.309e-01 3.695e+00  8.127e+04
5.913209e-02   9.826e+04 0 inti1232   9.832e+04 2 inti1232   2.299e-01 3.678e+00  8.179e+04
6.005148e-02   1.001e+05 0 inti1232   1.002e+05 3 inti1232   2.316e-01 3.705e+00  8.287e+04
6.099878e-02   1.017e+05 0 inti1232   1.019e+05 2 inti1232   2.330e-01 3.729e+00  8.494e+04
6.217004e-02   1.029e+05 0 inti1232   1.030e+05 2 inti1232   2.325e-01 3.720e+00  8.591e+04
6.337712e-02   1.044e+05 0 inti1232   1.044e+05 2 inti1232   2.325e-01 3.719e+00  8.707e+04
6.451951e-02   1.050e+05 0 inti1232   1.050e+05 2 inti1232   2.307e-01 3.691e+00  8.765e+04
6.562126e-02   1.058e+05 0 inti1232   1.059e+05 2 inti1232   2.297e-01 3.675e+00  8.850e+04
6.669894e-02   1.044e+05 0 inti1232   1.046e+05 1 inti1232   2.240e-01 3.583e+00  8.752e+04
6.762901e-02   1.049e+05 2 inti1232   1.050e+05 1 inti1232   2.226e-01 3.561e+00  8.778e+04
6.861880e-02   1.062e+05 0 inti1232   1.063e+05 1 inti1232   2.230e-01 3.568e+00  8.909e+04
6.955402e-02   1.096e+05 0 inti1232   1.096e+05 2 inti1232   2.277e-01 3.642e+00  9.260e+04
7.045112e-02   1.070e+05 0 inti1232   1.070e+05 1 inti1232   2.202e-01 3.523e+00  8.975e+04
7.132006e-02   1.089e+05 0 inti1232   1.089e+05 1 inti1232   2.220e-01 3.552e+00  9.132e+04
7.217355e-02   1.104e+05 0 inti1232   1.105e+05 1 inti1232   2.233e-01 3.572e+00  9.286e+04
7.303184e-02   1.094e+05 0 inti1232   1.094e+05 1 inti1232   2.192e-01 3.507e+00  9.182e+04
7.390603e-02   1.113e+05 0 inti1232   1.113e+05 1 inti1232   2.212e-01 3.539e+00  9.366e+04
7.479449e-02   1.120e+05 0 inti1232   1.121e+05 1 inti1232   2.208e-01 3.533e+00  9.419e+04
7.567874e-02   1.126e+05 0 inti1232   1.127e+05 2 inti1232   2.204e-01 3.526e+00  9.446e+04
7.656761e-02   1.126e+05 3 inti1232   1.126e+05 1 inti1232   2.184e-01 3.494e+00  9.464e+04
7.742703e-02   1.140e+05 0 inti1232   1.140e+05 1 inti1232   2.193e-01 3.509e+00  9.585e+04
7.837559e-02   1.157e+05 0 inti1232   1.158e+05 2 inti1232   2.212e-01 3.539e+00  9.722e+04
7.929987e-02   1.157e+05 0 inti1232   1.158e+05 2 inti1232   2.192e-01 3.507e+00  9.736e+04
8.024805e-02   1.205e+05 0 inti1232   1.206e+05 1 inti1232   2.263e-01 3.621e+00  1.019e+05
8.108558e-02   1.209e+05 0 inti1232   1.210e+05 1 inti1232   2.254e-01 3.607e+00  1.019e+05
8.198784e-02   1.190e+05 0 inti1232   1.191e+05 1 inti1232   2.201e-01 3.522e+00  1.003e+05
8.289219e-02   1.202e+05 0 inti1232   1.203e+05 1 inti1232   2.205e-01 3.529e+00  1.014e+05
8.379567e-02   1.189e+05 0 inti1232   1.190e+05 1 inti1232   2.165e-01 3.464e+00  1.005e+05
8.467115e-02   1.194e+05 0 inti1232   1.195e+05 1 inti1232   2.155e-01 3.449e+00  1.010e+05
8.551317e-02   1.206e+05 3 inti1232   1.206e+05 1 inti1232   2.160e-01 3.455e+00  1.022e+05
8.635398e-02   1.216e+05 0 inti1232   1.216e+05 1 inti1232   2.163e-01 3.460e+00  1.029e+05
8.719442e-02   1.232e+05 0 inti1232   1.233e+05 1 inti1232   2.178e-01 3.484e+00  1.044e+05
8.803968e-02   1.230e+05 0 inti1232   1.230e+05 1 inti1232   2.158e-01 3.452e+00  1.043e+05
8.888749e-02   1.240e+05 3 inti1232   1.241e+05 1 inti1232   2.159e-01 3.455e+00  1.053e+05
8.973426e-02   1.245e+05 3 inti1232   1.246e+05 1 inti1232   2.153e-01 3.445e+00  1.057e+05
9.060999e-02   1.260e+05 3 inti1232   1.261e+05 2 inti1232   2.163e-01 3.461e+00  1.067e+05
9.151433e-02   1.264e+05 0 inti1232   1.265e+05 1 inti1232   2.154e-01 3.446e+00  1.072e+05
9.239803e-02   1.274e+05 3 inti1232   1.274e+05 1 inti1232   2.153e-01 3.445e+00  1.083e+05
9.334089e-02   1.281e+05 3 inti1232   1.282e+05 1 inti1232   2.149e-01 3.438e+00  1.091e+05
9.424242e-02   1.308e+05 3 inti1232   1.309e+05 1 inti1232   2.176e-01 3.482e+00  1.110e+05
9.512913e-02   1.298e+05 0 inti1232   1.299e+05 1 inti1232   2.143e-01 3.429e+00  1.102e+05
9.611108e-02   1.315e+05 3 inti1232   1.316e+05 1 inti1232   2.154e-01 3.446e+00  1.118e+05
9.700382e-02   1.322e+05 3 inti1232   1.323e+05 1 inti1232   2.150e-01 3.440e+00  1.123e+05
9.788762e-02   1.350e+05 0 inti1232   1.351e+05 1 inti1232   2.181e-01 3.490e+00  1.144e+05
9.876440e-02   1.339e+05 3 inti1232   1.340e+05 2 inti1232   2.149e-01 3.438e+00  1.140e+05
9.962636e-02   1.369e+05 3 inti1232   1.372e+05 2 inti1232   2.186e-01 3.497e+00  1.163e+05
1.005036e-01   1.372e+05 3 inti1232   1.375e+05 0 inti1232   2.177e-01 3.483e+00  1.166e+05
1.014275e-01   1.383e+05 3 inti1232   1.385e+05 0 inti1232   2.180e-01 3.488e+00  1.178e+05
1.023476e-01   1.386e+05 3 inti1232   1.388e+05 1 inti1232   2.171e-01 3.473e+00  1.180e+05
1.032296e-01   1.388e+05 3 inti1232   1.390e+05 1 inti1232   2.160e-01 3.456e+00  1.184e+05
1.041067e-01   1.394e+05 3 inti1232   1.397e+05 2 inti1232   2.157e-01 3.451e+00  1.187e+05
1.049773e-01   1.402e+05 3 inti1232   1.404e+05 2 inti1232   2.156e-01 3.449e+00  1.196e+05
1.058838e-01   1.430e+05 3 inti1232   1.432e+05 1 inti1232   2.185e-01 3.496e+00  1.221e+05
1.067824e-01   1.435e+05 3 inti1232   1.437e+05 1 inti1232   2.180e-01 3.488e+00  1.227e+05
1.077213e-01   1.437e+05 3 inti1232   1.439e+05 1 inti1232   2.170e-01 3.472e+00  1.231e+05
1.086793e-01   1.461e+05 3 inti1232   1.464e+05 1 inti1232   2.193e-01 3.508e+00  1.251e+05
1.097002e-01   1.462e+05 3 inti1232   1.464e+05 1 inti1232   2.181e-01 3.489e+00  1.256e+05
1.107505e-01   1.438e+05 3 inti1232   1.440e+05 1 inti1232   2.131e-01 3.409e+00  1.228e+05
1.116325e-01   1.447e+05 3 inti1232   1.449e+05 1 inti1232   2.132e-01 3.411e+00  1.236e+05
1.125203e-01   1.480e+05 3 inti1232   1.483e+05 2 inti1232   2.170e-01 3.473e+00  1.269e+05
1.134805e-01   1.463e+05 3 inti1232   1.466e+05 1 inti1232   2.134e-01 3.414e+00  1.253e+05
1.145197e-01   1.493e+05 3 inti1232   1.496e+05 0 inti1232   2.164e-01 3.462e+00  1.280e+05
1.156074e-01   1.488e+05 3 inti1232   1.491e+05 1 inti1232   2.144e-01 3.431e+00  1.277e+05
1.166813e-01   1.511e+05 3 inti1232   1.513e+05 2 inti1232   2.164e-01 3.462e+00  1.295e+05
1.177262e-01   1.536e+05 3 inti1232   1.539e+05 1 inti1232   2.188e-01 3.500e+00  1.318e+05
1.187758e-01   1.527e+05 3 inti1232   1.529e+05 1 inti1232   2.162e-01 3.460e+00  1.310e+05
1.198049e-01   1.552e+05 3 inti1232   1.554e+05 1 inti1232   2.186e-01 3.498e+00  1.336e+05
1.208330e-01   1.551e+05 3 inti1232   1.553e+05 1 inti1232   2.172e-01 3.476e+00  1.326e+05
1.218763e-01   1.558e+05 3 inti1232   1.560e+05 1 inti1232   2.170e-01 3.472e+00  1.331e+05
1.229288e-01   1.555e+05 3 inti1232   1.558e+05 2 inti1232   2.154e-01 3.447e+00  1.332e+05
1.239922e-01   1.571e+05 3 inti1232   1.573e+05 1 inti1232   2.163e-01 3.461e+00  1.349e+05
1.250645e-01   1.562e+05 3 inti1232   1.564e+05 1 inti1232   2.138e-01 3.420e+00  1.338e+05
1.261452e-01   1.568e+05 3 inti1232   1.570e+05 2 inti1232   2.134e-01 3.414e+00  1.344e+05
1.272259e-01   1.547e+05 3 inti1232   1.550e+05 1 inti1232   2.093e-01 3.349e+00  1.323e+05
1.283182e-01   1.578e+05 3 inti1232   1.580e+05 1 inti1232   2.122e-01 3.396e+00  1.354e+05
1.293920e-01   1.569e+05 3 inti1232   1.572e+05 1 inti1232   2.100e-01 3.360e+00  1.345e+05
1.304625e-01   1.603e+05 3 inti1232   1.606e+05 1 inti1232   2.133e-01 3.413e+00  1.379e+05
1.315418e-01   1.617e+05 3 inti1232   1.620e+05 1 inti1232   2.140e-01 3.423e+00  1.392e+05
1.326597e-01   1.628e+05 3 inti1232   1.631e+05 1 inti1232   2.141e-01 3.425e+00  1.404e+05
1.337590e-01   1.629e+05 3 inti1232   1.632e+05 1 inti1232   2.130e-01 3.409e+00  1.402e+05
1.348600e-01   1.631e+05 3 inti1232   1.634e+05 1 inti1232   2.119e-01 3.391e+00  1.406e+05
1.359665e-01   1.638e+05 3 inti1232   1.641e+05 1 inti1232   2.116e-01 3.386e+00  1.414e+05
1.370816e-01   1.679e+05 3 inti1232   1.682e+05 1 inti1232   2.156e-01 3.450e+00  1.450e+05
1.382137e-01   1.671e+05 3 inti1232   1.674e+05 1 inti1232   2.132e-01 3.411e+00  1.444e+05
1.393368e-01   1.692e+05 3 inti1232   1.694e+05 1 inti1232   2.145e-01 3.431e+00  1.462e+05
1.404235e-01   1.685e+05 3 inti1232   1.687e+05 1 inti1232   2.122e-01 3.396e+00  1.456e+05
1.415637e-01   1.722e+05 3 inti1232   1.725e+05 1 inti1232   2.155e-01 3.449e+00  1.491e+05
1.426984e-01   1.748e+05 3 inti1232   1.751e+05 1 inti1232   2.173e-01 3.477e+00  1.513e+05
1.438471e-01   1.750e+05 3 inti1232   1.753e+05 1 inti1232   2.161e-01 3.457e+00  1.516e+05
1.449975e-01   1.775e+05 3 inti1232   1.777e+05 1 inti1232   2.175e-01 3.480e+00  1.538e+05
1.461442e-01   1.783e+05 3 inti1232   1.787e+05 1 inti1232   2.171e-01 3.474e+00  1.548e+05
1.473088e-01   1.796e+05 3 inti1232   1.799e+05 1 inti1232   2.171e-01 3.473e+00  1.560e+05
1.484571e-01   1.836e+05 3 inti1232   1.839e+05 1 inti1232   2.203e-01 3.524e+00  1.598e+05
1.496274e-01   1.793e+05 3 inti1232   1.798e+05 1 inti1232   2.138e-01 3.421e+00  1.544e+05
1.507014e-01   1.790e+05 3 inti1232   1.795e+05 1 inti1232   2.119e-01 3.391e+00  1.545e+05
1.517820e-01   1.799e+05 3 inti1232   1.803e+05 1 inti1232   2.115e-01 3.384e+00  1.553e+05
1.528556e-01   1.839e+05 3 inti1232   1.843e+05 1 inti1232   2.147e-01 3.436e+00  1.587e+05
1.539336e-01   1.812e+05 3 inti1232   1.815e+05 1 inti1232   2.100e-01 3.361e+00  1.565e+05
1.550019e-01   1.826e+05 3 inti1232   1.829e+05 1 inti1232   2.102e-01 3.363e+00  1.579e+05
1.560672e-01   1.835e+05 3 inti1232   1.838e+05 1 inti1232   2.099e-01 3.358e+00  1.583e+05
1.571314e-01   1.843e+05 3 inti1232   1.847e+05 1 inti1232   2.096e-01 3.353e+00  1.594e+05
1.581929e-01   1.860e+05 3 inti1232   1.864e+05 1 inti1232   2.101e-01 3.362e+00  1.609e+05
1.592518e-01   1.887e+05 3 inti1232   1.890e+05 1 inti1232   2.119e-01 3.391e+00  1.638e+05
1.603070e-01   1.894e+05 3 inti1232   1.898e+05 0 inti1232   2.116e-01 3.385e+00  1.646e+05
1.613696e-01   1.912e+05 3 inti1232   1.916e+05 1 inti1232   2.123e-01 3.397e+00  1.664e+05
1.624403e-01   1.938e+05 3 inti1232   1.942e+05 1 inti1232   2.140e-01 3.424e+00  1.688e+05
1.635332e-01   1.954e+05 3 inti1232   1.959e+05 1 inti1232   2.146e-01 3.434e+00  1.702e+05
1.646361e-01   1.975e+05 3 inti1232   1.979e+05 1 inti1232   2.157e-01 3.451e+00  1.728e+05
1.657576e-01   1.969e+05 3 inti1232   1.975e+05 1 inti1232   2.140e-01 3.425e+00  1.714e+05
1.669062e-01   1.964e+05 3 inti1232   1.970e+05 1 inti1232   2.124e-01 3.398e+00  1.707e+05
1.680632e-01   1.971e+05 3 inti1232   1.977e+05 1 inti1232   2.120e-01 3.391e+00  1.711e+05
1.692317e-01   2.016e+05 3 inti1232   2.022e+05 1 inti1232   2.157e-01 3.452e+00  1.760e+05
1.703911e-01   1.979e+05 3 inti1232   1.986e+05 1 inti1232   2.107e-01 3.371e+00  1.721e+05
1.715301e-01   1.976e+05 3 inti1232   1.982e+05 1 inti1232   2.093e-01 3.349e+00  1.718e+05
1.726840e-01   1.990e+05 3 inti1232   1.997e+05 1 inti1232   2.098e-01 3.357e+00  1.732e+05
1.738309e-01   1.999e+05 3 inti1232   2.005e+05 1 inti1232   2.097e-01 3.355e+00  1.740e+05
1.749810e-01   2.038e+05 3 inti1232   2.044e+05 1 inti1232   2.127e-01 3.404e+00  1.753e+05
1.761322e-01   2.022e+05 3 inti1232   2.028e+05 1 inti1232   2.101e-01 3.362e+00  1.766e+05
1.772809e-01   2.037e+05 3 inti1232   2.043e+05 1 inti1232   2.106e-01 3.370e+00  1.778e+05
1.784659e-01   2.039e+05 3 inti1232   2.045e+05 1 inti1232   2.099e-01 3.358e+00  1.780e+05
1.797068e-01   2.061e+05 3 inti1232   2.067e+05 1 inti1232   2.111e-01 3.377e+00  1.804e+05
1.809864e-01   2.072e+05 3 inti1232   2.079e+05 1 inti1232   2.113e-01 3.381e+00  1.812e+05
1.822782e-01   2.078e+05 3 inti1232   2.084e+05 1 inti1232   2.109e-01 3.375e+00  1.819e+05
1.835017e-01   2.126e+05 3 inti1232   2.132e+05 1 inti1232   2.149e-01 3.438e+00  1.854e+05
1.847260e-01   2.115e+05 3 inti1232   2.122e+05 1 inti1232   2.130e-01 3.409e+00  1.843e+05
1.858276e-01   2.131e+05 3 inti1232   2.138e+05 1 inti1232   2.141e-01 3.425e+00  1.855e+05
1.870222e-01   2.124e+05 3 inti1232   2.130e+05 1 inti1232   2.127e-01 3.403e+00  1.849e+05
1.881984e-01   2.133e+05 3 inti1232   2.139e+05 1 inti1232   2.131e-01 3.409e+00  1.859e+05
1.893973e-01   2.127e+05 3 inti1232   2.133e+05 1 inti1232   2.119e-01 3.391e+00  1.853e+05
1.905994e-01   2.134e+05 3 inti1232   2.140e+05 1 inti1232   2.122e-01 3.396e+00  1.860e+05
1.918021e-01   2.133e+05 3 inti1232   2.139e+05 1 inti1232   2.118e-01 3.389e+00  1.859e+05
1.929940e-01   2.142e+05 3 inti1232   2.148e+05 1 inti1232   2.123e-01 3.397e+00  1.870e+05
1.941813e-01   2.138e+05 3 inti1232   2.145e+05 0 inti1232   2.117e-01 3.387e+00  1.865e+05
1.953624e-01   2.149e+05 3 inti1232   2.155e+05 1 inti1232   2.124e-01 3.398e+00  1.878e+05
1.965321e-01   2.139e+05 3 inti1232   2.145e+05 1 inti1232   2.111e-01 3.378e+00  1.867e+05
1.977200e-01   2.156e+05 3 inti1232   2.162e+05 1 inti1232   2.126e-01 3.402e+00  1.885e+05
1.989450e-01   2.149e+05 3 inti1232   2.155e+05 0 inti1232   2.116e-01 3.386e+00  1.878e+05
