#   1 : Date        
# Date        
0.000000e+00
1.807392e-05
2.865299e-05
3.680825e-05
4.331462e-05
4.906367e-05
5.538763e-05
6.204872e-05
6.795979e-05
7.446196e-05
8.161436e-05
8.947053e-05
9.702468e-05
1.053342e-04
1.143002e-04
1.241628e-04
1.337027e-04
1.436480e-04
1.545879e-04
1.657374e-04
1.769297e-04
1.886124e-04
2.010176e-04
2.132284e-04
2.257171e-04
2.388127e-04
2.521957e-04
2.655017e-04
2.797183e-04
2.939297e-04
3.084532e-04
3.235230e-04
3.388720e-04
3.545256e-04
3.707045e-04
3.871136e-04
4.039712e-04
4.213429e-04
4.389057e-04
4.566041e-04
4.748726e-04
4.934284e-04
5.123968e-04
5.317204e-04
5.513472e-04
5.713195e-04
5.916317e-04
6.121877e-04
6.330631e-04
6.541431e-04
6.756129e-04
6.973298e-04
7.193540e-04
7.416524e-04
7.642145e-04
7.870888e-04
8.102207e-04
8.336410e-04
8.572999e-04
8.807181e-04
9.046532e-04
9.287782e-04
9.533253e-04
9.781565e-04
1.002071e-03
1.025099e-03
1.047390e-03
1.069078e-03
1.090301e-03
1.111156e-03
1.131632e-03
1.151945e-03
1.171976e-03
1.191916e-03
1.211657e-03
1.231341e-03
1.250902e-03
1.270452e-03
1.289918e-03
1.309434e-03
1.328873e-03
1.348393e-03
1.367810e-03
1.387351e-03
1.406784e-03
1.426275e-03
1.445731e-03
1.465216e-03
1.484685e-03
1.504301e-03
1.523988e-03
1.543849e-03
1.563779e-03
1.583821e-03
1.603921e-03
1.619379e-03
1.636384e-03
1.655088e-03
1.669970e-03
1.685117e-03
1.699930e-03
1.715934e-03
1.730413e-03
1.745130e-03
1.760076e-03
1.775270e-03
1.790887e-03
1.806725e-03
1.822762e-03
1.838799e-03
1.853974e-03
1.869388e-03
1.885036e-03
1.900939e-03
1.916636e-03
1.933134e-03
1.950093e-03
1.967241e-03
1.983047e-03
1.999070e-03
2.015277e-03
2.031715e-03
2.048418e-03
2.066791e-03
2.087002e-03
2.108997e-03
2.131107e-03
2.153313e-03
2.175648e-03
2.198084e-03
2.220669e-03
2.243365e-03
2.266209e-03
2.289173e-03
2.312274e-03
2.335504e-03
2.358847e-03
2.382330e-03
2.405936e-03
2.429675e-03
2.453563e-03
2.477583e-03
2.501767e-03
2.526080e-03
2.550564e-03
2.575175e-03
2.599954e-03
2.624860e-03
2.649935e-03
2.675145e-03
2.700521e-03
2.726039e-03
2.751720e-03
2.777534e-03
2.803508e-03
2.829610e-03
2.855856e-03
2.882221e-03
2.908713e-03
2.935323e-03
2.962098e-03
2.988971e-03
3.016025e-03
3.043175e-03
3.070497e-03
3.097942e-03
3.125546e-03
3.153307e-03
3.181203e-03
3.209271e-03
3.237466e-03
3.265824e-03
3.294315e-03
3.322948e-03
3.351745e-03
3.380665e-03
3.409783e-03
3.439032e-03
3.468459e-03
3.497742e-03
3.526872e-03
3.555963e-03
3.585030e-03
3.614086e-03
3.643080e-03
3.672209e-03
3.701367e-03
3.730662e-03
3.760057e-03
3.789530e-03
3.819107e-03
3.848794e-03
3.878575e-03
3.908428e-03
3.938405e-03
3.968494e-03
3.998683e-03
4.028978e-03
4.059267e-03
4.089624e-03
4.120012e-03
4.150525e-03
4.180989e-03
4.211455e-03
4.241860e-03
4.272359e-03
4.302883e-03
4.333533e-03
4.364305e-03
4.395137e-03
4.426014e-03
4.457005e-03
4.488000e-03
4.519123e-03
4.550339e-03
4.581736e-03
4.613111e-03
4.644801e-03
4.676272e-03
4.708093e-03
4.739707e-03
4.771712e-03
4.803559e-03
4.835844e-03
4.868056e-03
4.900719e-03
4.933435e-03
4.966289e-03
4.999286e-03
5.032382e-03
5.065557e-03
5.098878e-03
5.132324e-03
5.165958e-03
5.199830e-03
5.233843e-03
5.267997e-03
5.302326e-03
5.336880e-03
5.371712e-03
5.406831e-03
5.442138e-03
5.477643e-03
5.513371e-03
5.549218e-03
5.585018e-03
5.621037e-03
5.657044e-03
5.693123e-03
5.729405e-03
5.765759e-03
5.802097e-03
5.838748e-03
5.875414e-03
5.912221e-03
5.949307e-03
5.986487e-03
6.023764e-03
6.061375e-03
6.099164e-03
6.137117e-03
6.175248e-03
6.213749e-03
6.252458e-03
6.291373e-03
6.330498e-03
6.369703e-03
6.408925e-03
6.448223e-03
6.487753e-03
6.527419e-03
6.567271e-03
6.607216e-03
6.647140e-03
6.687064e-03
6.727016e-03
6.767022e-03
6.807096e-03
6.847228e-03
6.887430e-03
6.927640e-03
6.967929e-03
7.008256e-03
7.048630e-03
7.089065e-03
7.129567e-03
7.170149e-03
7.210841e-03
7.251619e-03
7.292425e-03
7.333259e-03
7.374105e-03
7.415000e-03
7.455934e-03
7.496865e-03
7.537842e-03
7.578875e-03
7.619942e-03
7.661058e-03
7.702218e-03
7.743442e-03
7.784723e-03
7.826065e-03
7.867437e-03
7.908883e-03
7.950386e-03
7.991965e-03
8.033619e-03
8.075324e-03
8.117113e-03
8.158968e-03
8.200867e-03
8.242849e-03
8.284898e-03
8.326951e-03
8.368853e-03
8.410837e-03
8.452999e-03
8.495452e-03
8.537962e-03
8.580564e-03
8.623260e-03
8.666047e-03
8.708938e-03
8.751940e-03
8.795015e-03
8.838196e-03
8.880705e-03
8.923443e-03
8.965544e-03
9.007594e-03
9.049608e-03
9.091670e-03
9.133729e-03
9.175774e-03
9.217714e-03
9.259829e-03
9.301948e-03
9.344006e-03
9.385974e-03
9.428216e-03
9.463557e-03
9.499489e-03
9.535613e-03
9.572460e-03
9.609717e-03
9.648055e-03
9.687116e-03
9.727992e-03
9.770264e-03
9.812704e-03
9.855286e-03
9.883287e-03
9.908987e-03
9.936327e-03
9.962520e-03
9.990567e-03
1.001779e-02
1.004705e-02
1.007583e-02
1.010683e-02
1.013773e-02
1.016991e-02
1.020285e-02
1.023606e-02
1.027013e-02
1.030461e-02
1.034012e-02
1.037628e-02
1.041371e-02
1.045210e-02
1.049211e-02
1.053333e-02
1.057639e-02
1.062095e-02
1.066566e-02
1.071037e-02
1.075481e-02
1.079916e-02
1.082618e-02
1.085330e-02
1.088052e-02
1.090785e-02
1.093528e-02
1.096284e-02
1.099052e-02
1.101835e-02
1.104633e-02
1.107449e-02
1.110283e-02
1.113136e-02
1.116010e-02
1.118906e-02
1.121823e-02
1.124762e-02
1.127722e-02
1.130703e-02
1.133702e-02
1.136721e-02
1.139758e-02
1.142811e-02
1.145879e-02
1.148963e-02
1.152061e-02
1.155172e-02
1.158297e-02
1.161436e-02
1.164589e-02
1.167757e-02
1.170939e-02
1.174167e-02
1.177439e-02
1.180763e-02
1.184118e-02
1.187518e-02
1.190943e-02
1.194399e-02
1.197878e-02
1.201377e-02
1.204898e-02
1.208505e-02
1.212244e-02
1.216137e-02
1.220115e-02
1.224189e-02
1.228246e-02
1.232287e-02
1.236310e-02
1.240316e-02
1.244307e-02
1.248282e-02
1.251018e-02
1.253765e-02
1.256517e-02
1.259281e-02
1.262051e-02
1.264831e-02
1.267618e-02
1.270414e-02
1.273217e-02
1.276030e-02
1.278850e-02
1.281649e-02
1.284485e-02
1.287328e-02
1.290178e-02
1.293028e-02
1.295881e-02
1.298746e-02
1.301620e-02
1.304507e-02
1.307401e-02
1.310301e-02
1.313203e-02
1.316105e-02
1.319005e-02
1.321903e-02
1.324799e-02
1.327694e-02
1.330587e-02
1.333348e-02
1.336254e-02
1.339162e-02
1.342070e-02
1.344978e-02
1.347884e-02
1.350789e-02
1.353692e-02
1.356595e-02
1.359494e-02
1.362396e-02
1.365302e-02
1.368207e-02
1.371113e-02
1.374017e-02
1.376920e-02
1.379821e-02
1.382721e-02
1.385621e-02
1.388524e-02
1.391426e-02
1.394327e-02
1.397226e-02
1.400125e-02
1.403024e-02
1.405924e-02
1.408800e-02
1.411698e-02
1.414596e-02
1.417491e-02
1.420359e-02
1.423257e-02
1.426325e-02
1.429222e-02
1.432093e-02
1.434987e-02
1.437882e-02
1.440779e-02
1.443655e-02
1.446550e-02
1.449595e-02
1.452489e-02
1.455038e-02
1.457563e-02
1.460031e-02
1.462482e-02
1.464685e-02
1.466875e-02
1.469042e-02
1.471190e-02
1.473332e-02
1.475475e-02
1.477630e-02
1.479795e-02
1.481984e-02
1.484187e-02
1.486258e-02
1.488309e-02
1.490359e-02
1.492409e-02
1.494471e-02
1.496542e-02
1.498639e-02
1.500750e-02
1.502785e-02
1.504828e-02
1.506873e-02
1.508917e-02
1.510976e-02
1.513058e-02
1.515181e-02
1.517347e-02
1.519381e-02
1.521438e-02
1.523505e-02
1.525591e-02
1.527716e-02
1.529887e-02
1.531916e-02
1.533966e-02
1.536027e-02
1.538106e-02
1.540222e-02
1.542386e-02
1.544402e-02
1.546438e-02
1.548485e-02
1.550547e-02
1.552646e-02
1.554792e-02
1.556790e-02
1.558809e-02
1.560837e-02
1.562881e-02
1.564965e-02
1.567097e-02
1.569074e-02
1.571059e-02
1.573063e-02
1.575104e-02
1.577041e-02
1.578993e-02
1.580949e-02
1.582917e-02
1.584909e-02
1.586942e-02
1.588849e-02
1.590773e-02
1.592702e-02
1.594646e-02
1.596616e-02
1.598631e-02
1.600505e-02
1.602397e-02
1.604293e-02
1.606204e-02
1.608144e-02
1.610129e-02
1.611963e-02
1.613816e-02
1.615675e-02
1.617549e-02
1.619454e-02
1.621406e-02
1.623199e-02
1.625011e-02
1.626829e-02
1.628663e-02
1.630527e-02
1.632436e-02
1.634197e-02
1.635976e-02
1.637759e-02
1.639557e-02
1.641381e-02
1.643247e-02
1.644995e-02
1.646759e-02
1.648523e-02
1.650299e-02
1.652096e-02
1.653933e-02
1.655825e-02
1.657778e-02
1.659544e-02
1.661318e-02
1.663110e-02
1.664940e-02
1.666815e-02
1.668746e-02
1.670533e-02
1.672325e-02
1.674130e-02
1.675967e-02
1.677843e-02
1.679769e-02
1.681595e-02
1.683421e-02
1.685255e-02
1.687118e-02
1.689012e-02
1.690950e-02
1.692817e-02
1.694696e-02
1.696570e-02
1.698452e-02
1.700355e-02
1.702295e-02
1.704292e-02
1.706347e-02
1.708250e-02
1.710158e-02
1.712083e-02
1.714042e-02
1.716053e-02
1.718118e-02
1.720047e-02
1.721980e-02
1.723927e-02
1.725906e-02
1.727934e-02
1.730013e-02
1.731964e-02
1.733917e-02
1.735884e-02
1.737881e-02
1.739923e-02
1.742015e-02
1.743981e-02
1.745950e-02
1.747930e-02
1.749940e-02
1.751994e-02
1.754095e-02
1.756069e-02
1.758045e-02
1.760035e-02
1.762052e-02
1.764116e-02
1.766226e-02
1.768202e-02
1.770181e-02
1.772177e-02
1.774203e-02
1.776165e-02
1.778139e-02
1.780113e-02
1.782095e-02
1.784099e-02
1.786138e-02
1.788096e-02
1.790070e-02
1.792049e-02
1.794041e-02
1.796065e-02
1.798131e-02
1.800093e-02
1.802064e-02
1.804058e-02
1.806088e-02
1.808044e-02
1.810018e-02
1.812000e-02
1.814002e-02
1.815962e-02
1.817933e-02
1.819907e-02
1.821898e-02
1.823919e-02
1.825987e-02
1.827963e-02
1.829963e-02
1.831979e-02
1.834026e-02
1.836010e-02
1.838013e-02
1.840026e-02
1.842064e-02
1.844056e-02
1.846065e-02
1.848081e-02
1.850122e-02
1.852208e-02
1.854356e-02
1.856388e-02
1.858441e-02
1.860533e-02
1.862681e-02
1.864734e-02
1.866816e-02
1.868914e-02
1.871046e-02
1.873135e-02
1.875242e-02
1.877355e-02
1.879484e-02
1.881643e-02
1.883852e-02
1.885993e-02
1.888155e-02
1.890324e-02
1.892508e-02
1.894719e-02
1.896977e-02
1.899170e-02
1.901381e-02
1.903597e-02
1.905820e-02
1.908061e-02
1.910341e-02
1.912666e-02
1.915044e-02
1.917301e-02
1.919557e-02
1.921819e-02
1.924111e-02
1.926430e-02
1.928788e-02
1.931188e-02
1.933633e-02
1.936151e-02
1.938830e-02
1.941137e-02
1.943471e-02
1.945825e-02
1.948211e-02
1.950627e-02
1.953078e-02
1.955575e-02
1.958113e-02
1.960732e-02
1.963522e-02
1.965871e-02
1.968243e-02
1.970632e-02
1.973049e-02
1.975491e-02
1.977962e-02
1.980476e-02
1.983102e-02
1.985857e-02
1.988735e-02
1.991112e-02
1.993510e-02
1.995918e-02
1.998343e-02
2.000784e-02
2.003248e-02
2.005736e-02
2.008252e-02
2.010813e-02
2.013507e-02
2.016351e-02
2.018734e-02
2.021133e-02
2.023549e-02
2.025988e-02
2.028444e-02
2.030930e-02
2.033437e-02
2.035980e-02
2.038633e-02
2.041413e-02
2.044305e-02
2.046771e-02
2.049265e-02
2.051772e-02
2.054306e-02
2.056856e-02
2.059433e-02
2.062028e-02
2.064650e-02
2.067296e-02
2.069973e-02
2.072691e-02
2.075448e-02
2.078208e-02
2.081113e-02
2.083629e-02
2.086160e-02
2.088699e-02
2.091214e-02
2.093739e-02
2.096243e-02
2.098754e-02
2.101247e-02
2.103751e-02
2.106270e-02
2.108799e-02
2.111342e-02
2.113893e-02
2.116459e-02
2.119040e-02
2.121630e-02
2.124228e-02
2.126846e-02
2.129488e-02
2.132163e-02
2.134861e-02
2.137559e-02
2.140256e-02
2.142957e-02
2.145667e-02
2.148388e-02
2.151094e-02
2.153719e-02
2.156413e-02
2.159055e-02
2.161748e-02
2.164405e-02
2.167097e-02
2.169768e-02
2.172472e-02
2.175156e-02
2.177876e-02
2.180576e-02
2.183316e-02
2.186033e-02
2.188797e-02
2.191537e-02
2.194313e-02
2.197078e-02
2.199877e-02
2.202673e-02
2.205497e-02
2.208334e-02
2.211186e-02
2.214053e-02
2.216936e-02
2.219839e-02
2.222762e-02
2.225593e-02
2.228423e-02
2.231253e-02
2.234082e-02
2.236913e-02
2.239745e-02
2.242581e-02
2.245425e-02
2.248280e-02
2.251148e-02
2.254028e-02
2.256922e-02
2.259830e-02
2.262753e-02
2.265691e-02
2.268645e-02
2.271617e-02
2.274609e-02
2.277524e-02
2.280436e-02
2.283348e-02
2.286257e-02
2.289167e-02
2.292075e-02
2.294985e-02
2.297902e-02
2.300829e-02
2.303766e-02
2.306714e-02
2.309675e-02
2.312648e-02
2.315635e-02
2.318637e-02
2.321654e-02
2.324688e-02
2.327743e-02
2.330819e-02
2.333803e-02
2.336784e-02
2.339763e-02
2.342740e-02
2.345715e-02
2.348691e-02
2.351674e-02
2.354666e-02
2.357669e-02
2.360683e-02
2.363711e-02
2.366751e-02
2.369807e-02
2.372878e-02
2.375966e-02
2.379074e-02
2.382203e-02
2.385251e-02
2.388294e-02
2.391336e-02
2.394374e-02
2.397411e-02
2.400448e-02
2.403488e-02
2.406537e-02
2.409596e-02
2.412668e-02
2.415752e-02
2.418851e-02
2.421964e-02
2.425093e-02
2.428240e-02
2.431406e-02
2.434593e-02
2.437696e-02
2.440798e-02
2.443896e-02
2.446994e-02
2.450088e-02
2.453183e-02
2.456283e-02
2.459389e-02
2.462506e-02
2.465634e-02
2.468775e-02
2.471928e-02
2.475096e-02
2.478278e-02
2.481477e-02
2.484692e-02
2.487928e-02
2.491185e-02
2.494344e-02
2.497501e-02
2.500655e-02
2.503809e-02
2.506962e-02
2.510115e-02
2.513271e-02
2.516435e-02
2.519609e-02
2.522795e-02
2.525995e-02
2.529210e-02
2.532439e-02
2.535684e-02
2.538946e-02
2.542225e-02
2.545525e-02
2.548845e-02
2.552057e-02
2.555268e-02
2.558478e-02
2.561687e-02
2.564894e-02
2.568103e-02
2.571311e-02
2.574525e-02
2.577748e-02
2.580982e-02
2.584229e-02
2.587489e-02
2.590763e-02
2.594045e-02
2.597348e-02
2.600629e-02
2.603942e-02
2.607224e-02
2.610571e-02
2.613831e-02
2.617089e-02
2.620348e-02
2.623606e-02
2.626866e-02
2.630125e-02
2.633388e-02
2.636652e-02
2.639922e-02
2.643202e-02
2.646495e-02
2.649802e-02
2.653125e-02
2.656462e-02
2.659815e-02
2.663182e-02
2.666565e-02
2.669964e-02
2.673379e-02
2.676810e-02
2.680257e-02
2.683721e-02
2.687196e-02
2.690682e-02
2.694179e-02
2.697548e-02
2.700922e-02
2.704299e-02
2.707680e-02
2.711063e-02
2.714450e-02
2.717839e-02
2.721232e-02
2.724627e-02
2.728026e-02
2.731431e-02
2.734837e-02
2.738240e-02
2.741641e-02
2.745039e-02
2.748434e-02
2.751828e-02
2.755219e-02
2.758609e-02
2.761997e-02
2.765384e-02
2.768769e-02
2.772154e-02
2.775537e-02
2.778919e-02
2.782300e-02
2.786019e-02
2.789848e-02
2.793676e-02
2.797501e-02
2.801323e-02
2.805142e-02
2.808959e-02
2.812771e-02
2.816581e-02
2.820385e-02
2.824185e-02
2.827980e-02
2.831771e-02
2.835555e-02
2.839335e-02
2.842680e-02
2.846359e-02
2.850120e-02
2.853875e-02
2.857623e-02
2.861365e-02
2.865098e-02
2.868832e-02
2.872564e-02
2.876298e-02
2.880032e-02
2.883768e-02
2.887504e-02
2.891250e-02
2.894998e-02
2.898745e-02
2.902489e-02
2.906242e-02
2.909996e-02
2.913756e-02
2.917514e-02
2.921277e-02
2.925039e-02
2.928804e-02
2.932568e-02
2.936336e-02
2.940103e-02
2.943873e-02
2.947642e-02
2.951416e-02
2.955187e-02
2.958963e-02
2.962738e-02
2.966517e-02
2.970295e-02
2.974078e-02
2.977860e-02
2.981647e-02
2.985432e-02
2.989223e-02
2.993013e-02
2.996809e-02
3.000604e-02
3.004405e-02
3.008205e-02
3.012011e-02
3.015818e-02
3.019631e-02
3.023444e-02
3.027263e-02
3.031083e-02
3.034903e-02
3.038719e-02
3.042539e-02
3.046358e-02
3.050184e-02
3.054010e-02
3.057844e-02
3.061354e-02
3.065195e-02
3.069037e-02
3.072881e-02
3.076723e-02
3.080572e-02
3.084421e-02
3.088271e-02
3.092119e-02
3.095974e-02
3.099830e-02
3.103687e-02
3.107542e-02
3.111405e-02
3.115269e-02
3.119135e-02
3.123000e-02
3.126873e-02
3.130748e-02
3.134626e-02
3.138503e-02
3.142380e-02
3.146256e-02
3.150139e-02
3.154025e-02
3.157914e-02
3.161802e-02
3.165691e-02
3.169579e-02
3.173476e-02
3.177376e-02
3.181279e-02
3.185182e-02
3.189086e-02
3.192990e-02
3.196894e-02
3.200797e-02
3.204710e-02
3.208625e-02
3.212545e-02
3.216465e-02
3.220387e-02
3.224309e-02
3.228232e-02
3.232155e-02
3.236078e-02
3.240001e-02
3.243934e-02
3.247870e-02
3.251812e-02
3.255754e-02
3.259699e-02
3.263644e-02
3.267591e-02
3.271538e-02
3.275486e-02
3.279434e-02
3.283385e-02
3.287334e-02
3.291286e-02
3.294897e-02
3.298856e-02
3.302474e-02
3.306342e-02
3.310314e-02
3.314290e-02
3.318267e-02
3.322248e-02
3.326229e-02
3.330214e-02
3.334200e-02
3.338188e-02
3.342178e-02
3.346170e-02
3.350164e-02
3.354161e-02
3.358159e-02
3.362161e-02
3.366164e-02
3.370172e-02
3.374180e-02
3.378193e-02
3.382208e-02
3.386228e-02
3.390249e-02
3.394276e-02
3.398305e-02
3.402339e-02
3.406376e-02
3.410419e-02
3.414466e-02
3.418518e-02
3.422575e-02
3.426637e-02
3.430705e-02
3.434779e-02
3.438859e-02
3.442946e-02
3.447039e-02
3.451141e-02
3.455248e-02
3.459365e-02
3.463489e-02
3.467623e-02
3.471764e-02
3.475914e-02
3.480057e-02
3.484189e-02
3.488314e-02
3.492432e-02
3.496545e-02
3.500654e-02
3.504758e-02
3.508849e-02
3.512933e-02
3.517001e-02
3.521058e-02
3.525101e-02
3.529138e-02
3.533168e-02
3.537194e-02
3.541219e-02
3.545239e-02
3.549246e-02
3.553245e-02
3.557232e-02
3.561210e-02
3.565182e-02
3.569148e-02
3.573112e-02
3.577076e-02
3.581027e-02
3.584975e-02
3.588912e-02
3.592843e-02
3.596767e-02
3.600685e-02
3.604600e-02
3.608511e-02
3.612413e-02
3.616311e-02
3.620203e-02
3.624088e-02
3.627968e-02
3.631842e-02
3.635713e-02
3.639582e-02
3.643444e-02
3.647301e-02
3.651153e-02
3.654996e-02
3.658836e-02
3.662673e-02
3.666511e-02
3.670345e-02
3.674173e-02
3.677993e-02
3.681808e-02
3.685618e-02
3.689435e-02
3.693255e-02
3.697071e-02
3.700880e-02
3.704684e-02
3.708483e-02
3.712278e-02
3.716105e-02
3.719930e-02
3.723752e-02
3.727572e-02
3.731404e-02
3.735302e-02
3.739212e-02
3.743121e-02
3.747028e-02
3.750935e-02
3.754858e-02
3.758786e-02
3.762716e-02
3.766651e-02
3.770587e-02
3.774537e-02
3.778500e-02
3.782474e-02
3.786454e-02
3.790444e-02
3.794439e-02
3.798444e-02
3.802454e-02
3.806475e-02
3.810502e-02
3.814533e-02
3.818587e-02
3.822652e-02
3.826758e-02
3.830881e-02
3.835009e-02
3.839149e-02
3.843297e-02
3.847446e-02
3.851683e-02
3.855951e-02
3.860253e-02
3.864579e-02
3.868919e-02
3.873267e-02
3.877670e-02
3.882092e-02
3.886549e-02
3.891036e-02
3.895554e-02
3.900065e-02
3.904634e-02
3.909210e-02
3.913788e-02
3.918367e-02
3.922947e-02
3.927527e-02
3.932108e-02
3.936689e-02
3.941271e-02
3.945854e-02
3.950437e-02
3.955022e-02
3.959606e-02
3.964192e-02
3.968782e-02
3.973371e-02
3.977979e-02
3.982589e-02
3.987203e-02
3.991819e-02
3.996439e-02
4.001062e-02
4.005688e-02
4.010313e-02
4.014918e-02
4.019518e-02
4.024099e-02
4.028677e-02
4.033240e-02
4.037799e-02
4.042348e-02
4.046881e-02
4.051403e-02
4.055911e-02
4.060409e-02
4.064895e-02
4.069372e-02
4.073841e-02
4.078304e-02
4.082760e-02
4.087213e-02
4.091658e-02
4.096095e-02
4.100524e-02
4.104949e-02
4.109373e-02
4.113790e-02
4.118189e-02
4.122576e-02
4.126949e-02
4.131349e-02
4.135737e-02
4.140111e-02
4.144469e-02
4.148813e-02
4.153142e-02
4.157458e-02
4.161783e-02
4.166162e-02
4.170539e-02
4.174912e-02
4.179283e-02
4.183641e-02
4.187988e-02
4.192322e-02
4.196648e-02
4.200961e-02
4.205299e-02
4.209664e-02
4.214028e-02
4.218389e-02
4.222747e-02
4.227105e-02
4.231457e-02
4.235811e-02
4.240161e-02
4.244515e-02
4.248857e-02
4.253210e-02
4.257554e-02
4.261902e-02
4.266253e-02
4.270611e-02
4.274978e-02
4.279354e-02
4.283740e-02
4.288137e-02
4.292545e-02
4.296965e-02
4.301396e-02
4.305838e-02
4.310290e-02
4.314753e-02
4.319226e-02
4.323697e-02
4.328143e-02
4.332569e-02
4.336971e-02
4.341347e-02
4.345703e-02
4.350030e-02
4.354342e-02
4.358628e-02
4.362901e-02
4.367143e-02
4.370847e-02
4.374560e-02
4.378282e-02
4.382000e-02
4.385708e-02
4.389401e-02
4.393089e-02
4.396767e-02
4.400452e-02
4.404141e-02
4.407856e-02
4.411603e-02
4.415139e-02
4.418644e-02
4.422126e-02
4.425591e-02
4.429046e-02
4.432499e-02
4.435958e-02
4.439433e-02
4.442936e-02
4.446347e-02
4.449728e-02
4.453086e-02
4.456432e-02
4.459774e-02
4.463119e-02
4.466475e-02
4.469848e-02
4.473249e-02
4.476574e-02
4.479884e-02
4.483182e-02
4.486476e-02
4.489773e-02
4.493081e-02
4.496407e-02
4.499755e-02
4.503133e-02
4.506436e-02
4.509736e-02
4.513037e-02
4.516340e-02
4.519648e-02
4.522966e-02
4.526297e-02
4.529649e-02
4.533027e-02
4.536437e-02
4.539882e-02
4.543213e-02
4.546552e-02
4.549898e-02
4.553255e-02
4.556623e-02
4.560005e-02
4.563403e-02
4.566820e-02
4.570264e-02
4.573739e-02
4.577249e-02
4.580645e-02
4.584051e-02
4.587467e-02
4.590893e-02
4.594332e-02
4.597784e-02
4.601250e-02
4.604731e-02
4.608230e-02
4.611749e-02
4.615294e-02
4.618870e-02
4.622478e-02
4.626122e-02
4.629621e-02
4.633129e-02
4.636649e-02
4.640179e-02
4.643720e-02
4.647272e-02
4.650837e-02
4.654414e-02
4.658005e-02
4.661609e-02
4.665233e-02
4.668880e-02
4.672553e-02
4.676252e-02
4.679979e-02
4.683733e-02
4.687516e-02
4.691328e-02
4.694960e-02
4.698599e-02
4.702247e-02
4.705902e-02
4.709565e-02
4.713235e-02
4.716912e-02
4.720594e-02
4.724285e-02
4.727982e-02
4.731691e-02
4.735415e-02
4.739155e-02
4.742911e-02
4.746684e-02
4.750474e-02
4.754279e-02
4.758100e-02
4.761935e-02
4.765785e-02
4.769649e-02
4.773527e-02
4.777413e-02
4.781307e-02
4.785203e-02
4.789103e-02
4.793004e-02
4.796906e-02
4.800690e-02
4.804476e-02
4.808264e-02
4.812054e-02
4.815845e-02
4.819637e-02
4.823431e-02
4.827224e-02
4.831020e-02
4.834816e-02
4.838618e-02
4.842428e-02
4.846248e-02
4.850067e-02
4.853884e-02
4.857699e-02
4.861512e-02
4.865325e-02
4.869136e-02
4.872946e-02
4.876755e-02
4.880563e-02
4.884371e-02
4.888179e-02
4.891986e-02
4.895793e-02
4.899599e-02
4.903406e-02
4.907212e-02
4.911018e-02
4.914824e-02
4.918630e-02
4.922435e-02
4.926241e-02
4.930047e-02
4.933852e-02
4.937657e-02
4.941463e-02
4.945268e-02
4.949073e-02
4.952878e-02
4.956683e-02
4.960488e-02
4.964292e-02
4.968097e-02
4.971902e-02
4.975706e-02
4.979510e-02
4.983315e-02
4.987119e-02
4.990923e-02
4.994727e-02
4.998532e-02
5.002705e-02
5.006877e-02
5.011050e-02
5.015229e-02
5.019406e-02
5.023584e-02
5.027760e-02
5.031936e-02
5.036111e-02
5.040285e-02
5.044458e-02
5.048631e-02
5.052803e-02
5.056975e-02
5.061146e-02
5.065322e-02
5.069497e-02
5.073671e-02
5.077845e-02
5.082019e-02
5.086192e-02
5.090365e-02
5.094539e-02
5.098712e-02
5.102886e-02
5.107060e-02
5.111237e-02
5.115414e-02
5.119592e-02
5.123770e-02
5.127949e-02
5.132128e-02
5.136308e-02
5.140489e-02
5.144670e-02
5.148853e-02
5.153037e-02
5.157222e-02
5.161409e-02
5.165597e-02
5.169786e-02
5.173977e-02
5.178169e-02
5.182362e-02
5.186555e-02
5.190750e-02
5.194946e-02
5.199143e-02
5.203340e-02
5.207538e-02
5.211737e-02
5.215936e-02
5.220136e-02
5.224336e-02
5.228537e-02
5.232738e-02
5.236945e-02
5.241154e-02
5.245362e-02
5.249572e-02
5.253781e-02
5.257992e-02
5.262203e-02
5.266415e-02
5.270628e-02
5.274843e-02
5.279060e-02
5.283277e-02
5.287495e-02
5.291715e-02
5.295935e-02
5.300156e-02
5.304378e-02
5.308601e-02
5.312824e-02
5.317048e-02
5.321273e-02
5.325499e-02
5.329726e-02
5.333953e-02
5.338182e-02
5.342410e-02
5.346640e-02
5.350240e-02
5.353939e-02
5.357728e-02
5.361395e-02
5.365025e-02
5.368730e-02
5.372360e-02
5.376062e-02
5.379688e-02
5.383351e-02
5.386975e-02
5.390634e-02
5.394255e-02
5.397908e-02
5.401525e-02
5.405174e-02
5.408787e-02
5.412430e-02
5.416038e-02
5.419676e-02
5.423280e-02
5.426913e-02
5.430514e-02
5.434142e-02
5.437739e-02
5.441362e-02
5.444956e-02
5.448576e-02
5.452167e-02
5.455785e-02
5.459374e-02
5.462989e-02
5.466576e-02
5.470190e-02
5.474165e-02
5.478405e-02
5.482651e-02
5.486898e-02
5.491144e-02
5.495391e-02
5.499637e-02
5.503884e-02
5.508131e-02
5.512377e-02
5.515967e-02
5.519916e-02
5.523510e-02
5.527371e-02
5.530968e-02
5.534783e-02
5.538901e-02
5.543152e-02
5.547403e-02
5.551654e-02
5.555905e-02
5.560157e-02
5.564408e-02
5.568660e-02
5.572912e-02
5.577164e-02
5.581417e-02
5.585669e-02
5.589923e-02
5.594177e-02
5.598431e-02
5.602685e-02
5.606939e-02
5.611194e-02
5.615448e-02
5.619703e-02
5.623958e-02
5.628213e-02
5.632468e-02
5.636723e-02
5.640979e-02
5.645235e-02
5.649491e-02
5.653748e-02
5.658004e-02
5.662261e-02
5.666518e-02
5.670776e-02
5.675034e-02
5.679292e-02
5.683550e-02
5.687808e-02
5.692067e-02
5.696325e-02
5.700585e-02
5.704844e-02
5.709103e-02
5.713362e-02
5.717621e-02
5.721880e-02
5.725581e-02
5.729651e-02
5.733357e-02
5.737433e-02
5.741691e-02
5.745948e-02
5.750205e-02
5.754462e-02
5.758719e-02
5.762975e-02
5.767231e-02
5.771486e-02
5.775741e-02
5.779994e-02
5.784247e-02
5.788499e-02
5.792751e-02
5.797001e-02
5.801251e-02
5.805499e-02
5.809748e-02
5.813996e-02
5.818244e-02
5.822490e-02
5.826736e-02
5.830981e-02
5.835226e-02
5.839470e-02
5.843713e-02
5.847955e-02
5.852197e-02
5.856438e-02
5.860219e-02
5.864378e-02
5.868163e-02
5.872257e-02
5.876047e-02
5.880085e-02
5.884324e-02
5.888561e-02
5.892799e-02
5.897035e-02
5.901271e-02
5.905507e-02
5.909744e-02
5.913981e-02
5.918217e-02
5.922453e-02
5.926689e-02
5.930924e-02
5.935159e-02
5.939394e-02
5.943629e-02
5.947864e-02
5.952098e-02
5.956335e-02
5.960571e-02
5.964807e-02
5.969044e-02
5.973280e-02
5.977517e-02
5.981753e-02
5.985990e-02
5.990227e-02
5.994464e-02
5.998702e-02
6.002939e-02
6.007179e-02
6.011032e-02
6.015270e-02
6.019127e-02
6.023310e-02
6.027170e-02
6.031290e-02
6.035153e-02
6.039046e-02
6.042912e-02
6.046808e-02
6.050675e-02
6.054574e-02
6.058444e-02
6.062344e-02
6.066216e-02
6.070464e-02
6.074712e-02
6.078960e-02
6.083209e-02
6.087458e-02
6.091707e-02
6.095957e-02
6.100209e-02
6.104462e-02
6.108715e-02
6.112969e-02
6.117222e-02
6.121477e-02
6.125731e-02
6.129986e-02
6.134242e-02
6.138497e-02
6.142753e-02
6.147012e-02
6.151270e-02
6.155530e-02
6.159790e-02
6.164050e-02
6.168310e-02
6.172571e-02
6.176833e-02
6.181094e-02
6.185356e-02
6.189619e-02
6.193883e-02
6.198148e-02
6.202413e-02
6.206679e-02
6.210945e-02
6.215212e-02
6.219479e-02
6.223747e-02
6.228014e-02
6.232282e-02
6.236550e-02
6.240820e-02
6.245091e-02
6.249361e-02
6.253633e-02
6.257904e-02
6.261802e-02
6.265767e-02
6.269668e-02
6.273635e-02
6.277539e-02
6.281475e-02
6.285381e-02
6.289319e-02
6.293227e-02
6.297166e-02
6.301076e-02
6.305017e-02
6.308927e-02
6.312870e-02
6.316782e-02
6.320726e-02
6.324639e-02
6.328585e-02
6.332500e-02
6.336479e-02
6.340395e-02
6.344376e-02
6.348294e-02
6.352276e-02
6.356196e-02
6.360179e-02
6.364100e-02
6.368085e-02
6.372364e-02
6.376644e-02
6.380924e-02
6.385205e-02
6.389112e-02
6.393086e-02
6.396997e-02
6.400973e-02
6.404885e-02
6.408862e-02
6.412775e-02
6.416753e-02
6.420667e-02
6.424645e-02
6.428559e-02
6.432537e-02
6.436453e-02
6.440431e-02
6.444347e-02
6.448326e-02
6.452243e-02
6.456223e-02
6.460273e-02
6.464564e-02
6.468856e-02
6.473149e-02
6.477443e-02
6.481738e-02
6.485642e-02
6.489620e-02
6.493531e-02
6.497511e-02
6.501424e-02
6.505405e-02
6.509320e-02
6.513302e-02
6.517217e-02
6.521200e-02
6.525115e-02
6.529098e-02
6.533014e-02
6.536997e-02
6.540914e-02
6.544897e-02
6.548814e-02
6.552797e-02
6.556715e-02
6.560699e-02
6.564617e-02
6.568601e-02
6.572521e-02
6.576505e-02
6.580426e-02
6.584411e-02
6.588332e-02
6.592319e-02
6.596241e-02
6.600228e-02
6.604151e-02
6.608139e-02
6.612064e-02
6.616053e-02
6.619978e-02
6.623969e-02
6.627896e-02
6.631888e-02
6.635816e-02
6.639809e-02
6.643739e-02
6.647734e-02
6.651665e-02
6.655661e-02
6.659593e-02
6.663591e-02
6.667525e-02
6.671525e-02
6.675461e-02
6.679462e-02
6.683399e-02
6.687369e-02
6.691308e-02
6.695280e-02
6.699221e-02
6.703195e-02
6.707138e-02
6.711114e-02
6.715058e-02
6.719036e-02
6.722982e-02
6.726961e-02
6.730910e-02
6.734891e-02
6.738841e-02
6.742823e-02
6.746775e-02
6.750760e-02
6.754713e-02
6.758700e-02
6.762655e-02
6.766643e-02
6.770600e-02
6.774590e-02
6.778549e-02
6.782540e-02
6.786501e-02
6.790494e-02
6.794456e-02
6.798452e-02
6.802416e-02
6.806413e-02
6.810378e-02
6.814377e-02
6.818344e-02
6.822345e-02
6.826313e-02
6.830316e-02
6.834286e-02
6.838290e-02
6.842262e-02
6.846268e-02
6.850241e-02
6.854249e-02
6.858224e-02
6.862233e-02
6.866210e-02
6.870221e-02
6.874199e-02
6.878258e-02
6.882238e-02
6.886292e-02
6.890274e-02
6.894328e-02
6.898311e-02
6.902367e-02
6.906352e-02
6.910410e-02
6.914585e-02
6.918882e-02
6.923214e-02
6.927545e-02
6.931876e-02
6.936206e-02
6.940552e-02
6.944902e-02
6.949252e-02
6.953601e-02
6.957951e-02
6.962301e-02
6.966651e-02
6.971002e-02
6.975355e-02
6.979710e-02
6.984068e-02
6.988424e-02
6.992781e-02
6.997136e-02
7.001490e-02
7.005842e-02
7.010193e-02
7.014542e-02
7.018891e-02
7.023238e-02
7.027583e-02
7.031928e-02
7.036271e-02
7.040613e-02
7.044954e-02
7.049294e-02
7.053642e-02
7.058044e-02
7.062515e-02
7.067035e-02
7.071566e-02
7.076094e-02
7.080618e-02
7.085139e-02
7.089655e-02
7.094176e-02
7.098698e-02
7.103219e-02
7.107737e-02
7.112262e-02
7.116787e-02
7.121313e-02
7.125835e-02
7.130359e-02
7.134884e-02
7.139407e-02
7.143930e-02
7.148448e-02
7.152964e-02
7.157475e-02
7.161985e-02
7.166491e-02
7.170995e-02
7.175494e-02
7.179992e-02
7.184486e-02
7.188979e-02
7.193468e-02
7.197956e-02
7.202440e-02
7.206924e-02
7.211404e-02
7.215884e-02
7.220361e-02
7.224837e-02
7.229311e-02
7.233784e-02
7.238251e-02
7.242717e-02
7.247177e-02
7.251218e-02
7.255663e-02
7.259706e-02
7.264153e-02
7.268199e-02
7.272277e-02
7.276324e-02
7.280758e-02
7.285188e-02
7.289614e-02
7.294038e-02
7.298457e-02
7.302873e-02
7.307285e-02
7.311694e-02
7.316099e-02
7.320501e-02
7.324900e-02
7.329296e-02
7.333688e-02
7.338078e-02
7.342528e-02
7.346978e-02
7.351427e-02
7.355875e-02
7.360321e-02
7.364766e-02
7.369210e-02
7.373654e-02
7.378097e-02
7.382539e-02
7.386978e-02
7.391416e-02
7.395851e-02
7.400284e-02
7.404715e-02
7.409144e-02
7.413571e-02
7.417996e-02
7.422419e-02
7.426841e-02
7.431260e-02
7.435679e-02
7.440095e-02
7.444509e-02
7.448922e-02
7.453020e-02
7.457429e-02
7.461530e-02
7.465869e-02
7.470283e-02
7.474697e-02
7.479111e-02
7.483569e-02
7.488029e-02
7.492489e-02
7.496951e-02
7.501414e-02
7.505878e-02
7.510345e-02
7.514441e-02
7.518621e-02
7.522721e-02
7.526903e-02
7.531004e-02
7.535185e-02
7.539288e-02
7.543465e-02
7.547568e-02
7.551740e-02
7.555988e-02
7.560322e-02
7.564752e-02
7.569243e-02
7.573734e-02
7.578226e-02
7.582718e-02
7.587212e-02
7.591706e-02
7.596200e-02
7.600695e-02
7.605191e-02
7.609688e-02
7.614186e-02
7.618684e-02
7.623184e-02
7.627684e-02
7.632184e-02
7.636685e-02
7.641187e-02
7.645690e-02
7.650193e-02
7.654489e-02
7.658994e-02
7.663291e-02
7.667798e-02
7.672095e-02
7.676603e-02
7.680900e-02
7.685410e-02
7.689707e-02
7.694196e-02
7.698494e-02
7.702968e-02
7.707477e-02
7.711985e-02
7.716494e-02
7.720633e-02
7.724846e-02
7.728985e-02
7.733197e-02
7.737338e-02
7.741446e-02
7.745587e-02
7.749696e-02
7.753898e-02
7.758008e-02
7.762200e-02
7.766312e-02
7.770501e-02
7.774614e-02
7.778803e-02
7.782918e-02
7.787107e-02
7.791222e-02
7.795411e-02
7.799528e-02
7.803718e-02
7.807836e-02
7.812026e-02
7.816145e-02
7.820336e-02
7.824456e-02
7.828648e-02
7.832770e-02
7.836962e-02
7.841085e-02
7.845279e-02
7.849403e-02
7.853599e-02
7.857724e-02
7.861921e-02
7.866048e-02
7.870246e-02
7.874374e-02
7.878574e-02
7.882703e-02
7.886904e-02
7.891035e-02
7.895238e-02
7.899370e-02
7.903575e-02
7.907708e-02
7.911914e-02
7.916049e-02
7.920257e-02
7.924393e-02
7.928603e-02
7.932741e-02
7.936953e-02
7.941277e-02
7.945719e-02
7.950245e-02
7.954771e-02
7.959298e-02
7.963825e-02
7.968352e-02
7.972880e-02
7.977408e-02
7.981938e-02
7.986466e-02
7.990995e-02
7.995524e-02
8.000053e-02
8.004582e-02
8.009111e-02
8.013640e-02
8.018168e-02
8.022696e-02
8.027235e-02
8.031775e-02
8.036314e-02
8.040855e-02
8.045395e-02
8.049936e-02
8.054477e-02
8.059018e-02
8.063560e-02
8.068103e-02
8.072646e-02
8.077189e-02
8.081733e-02
8.086278e-02
8.090822e-02
8.095368e-02
8.099913e-02
8.104459e-02
8.109006e-02
8.113552e-02
8.118100e-02
8.122647e-02
8.127195e-02
8.131744e-02
8.136293e-02
8.140844e-02
8.145395e-02
8.149946e-02
8.154498e-02
8.159050e-02
8.163602e-02
8.168154e-02
8.172707e-02
8.177260e-02
8.181812e-02
8.186002e-02
8.190556e-02
8.194747e-02
8.199243e-02
8.203437e-02
8.207866e-02
8.212421e-02
8.216975e-02
8.221530e-02
8.226086e-02
8.230653e-02
8.235220e-02
8.239787e-02
8.244354e-02
8.248921e-02
8.253489e-02
8.258056e-02
8.262623e-02
8.267191e-02
8.271758e-02
8.276325e-02
8.280892e-02
8.285112e-02
8.289679e-02
8.294246e-02
8.298812e-02
8.303379e-02
8.307945e-02
8.312511e-02
8.317077e-02
8.321642e-02
8.326207e-02
8.330772e-02
8.335336e-02
8.339900e-02
8.344464e-02
8.348710e-02
8.353274e-02
8.357838e-02
8.362401e-02
8.366964e-02
8.371527e-02
8.376090e-02
8.380652e-02
8.385214e-02
8.389776e-02
8.394338e-02
8.398899e-02
8.403460e-02
8.408039e-02
8.412310e-02
8.416890e-02
8.421471e-02
8.426051e-02
8.430633e-02
8.435214e-02
8.439795e-02
8.444377e-02
8.448958e-02
8.453540e-02
8.458123e-02
8.462705e-02
8.467287e-02
8.471870e-02
8.476166e-02
8.480749e-02
8.485332e-02
8.489914e-02
8.494496e-02
8.499078e-02
8.503660e-02
8.508242e-02
8.512823e-02
8.517405e-02
8.521987e-02
8.526568e-02
8.530887e-02
8.535469e-02
8.540060e-02
8.544650e-02
8.549241e-02
8.553832e-02
8.558423e-02
8.563013e-02
8.567604e-02
8.572194e-02
8.576784e-02
8.581374e-02
8.585964e-02
8.590554e-02
8.595144e-02
8.599733e-02
8.604323e-02
8.608912e-02
8.613255e-02
8.617844e-02
8.622434e-02
8.627023e-02
8.631447e-02
8.636000e-02
8.640426e-02
8.644985e-02
8.649412e-02
8.653963e-02
8.658324e-02
8.662807e-02
8.667381e-02
8.671966e-02
8.676380e-02
8.680938e-02
8.685313e-02
8.689874e-02
8.694251e-02
8.698793e-02
8.703171e-02
8.707700e-02
8.712123e-02
8.716627e-02
8.721033e-02
8.725513e-02
8.729920e-02
8.734387e-02
8.738783e-02
8.743376e-02
8.747972e-02
8.752568e-02
8.757164e-02
8.761761e-02
8.766358e-02
8.770955e-02
8.775553e-02
8.780152e-02
8.784750e-02
8.789350e-02
8.793949e-02
8.798549e-02
8.803148e-02
8.807746e-02
8.812343e-02
8.816940e-02
8.821536e-02
8.826131e-02
8.830726e-02
8.835319e-02
8.839913e-02
8.844505e-02
8.849098e-02
8.853689e-02
8.858280e-02
8.862870e-02
8.867461e-02
8.872050e-02
8.876639e-02
8.881228e-02
8.885817e-02
8.890412e-02
8.895005e-02
8.899598e-02
8.904190e-02
8.908782e-02
8.913373e-02
8.917964e-02
8.922554e-02
8.927143e-02
8.931732e-02
8.936320e-02
8.940908e-02
8.945495e-02
8.950082e-02
8.954668e-02
8.959255e-02
8.963840e-02
8.968425e-02
8.973009e-02
8.977594e-02
8.982177e-02
8.986759e-02
8.991341e-02
8.995923e-02
9.000504e-02
9.005085e-02
9.009667e-02
9.014247e-02
9.018829e-02
9.023409e-02
9.027990e-02
9.032570e-02
9.037148e-02
9.041727e-02
9.046303e-02
9.050880e-02
9.055455e-02
9.060030e-02
9.064603e-02
9.069177e-02
9.073750e-02
9.078323e-02
9.082895e-02
9.087467e-02
9.092039e-02
9.096610e-02
9.101178e-02
9.105746e-02
9.110312e-02
9.114876e-02
9.119439e-02
9.124000e-02
9.128561e-02
9.133132e-02
9.137704e-02
9.142275e-02
9.146846e-02
9.151415e-02
9.155985e-02
9.160553e-02
9.165122e-02
9.169689e-02
9.174254e-02
9.178818e-02
9.183379e-02
9.187939e-02
9.192497e-02
9.197053e-02
9.201607e-02
9.206160e-02
9.210711e-02
9.215259e-02
9.219806e-02
9.224351e-02
9.228894e-02
9.233435e-02
9.237975e-02
9.242342e-02
9.246789e-02
9.251323e-02
9.255854e-02
9.260224e-02
9.264672e-02
9.269043e-02
9.273491e-02
9.277862e-02
9.282311e-02
9.286682e-02
9.291130e-02
9.295501e-02
9.299950e-02
9.304320e-02
9.308768e-02
9.313173e-02
9.317687e-02
9.322093e-02
9.326605e-02
9.330994e-02
9.335473e-02
9.339861e-02
9.344341e-02
9.348729e-02
9.353254e-02
9.357661e-02
9.362169e-02
9.366690e-02
9.371208e-02
9.375724e-02
9.380240e-02
9.384753e-02
9.389265e-02
9.393776e-02
9.398286e-02
9.402794e-02
9.407301e-02
9.411808e-02
9.416313e-02
9.420817e-02
9.425332e-02
9.429847e-02
9.434362e-02
9.438876e-02
9.443390e-02
9.447903e-02
9.452415e-02
9.456928e-02
9.461439e-02
9.465951e-02
9.470463e-02
9.474975e-02
9.479486e-02
9.483998e-02
9.488511e-02
9.493024e-02
9.497536e-02
9.502048e-02
9.506560e-02
9.511072e-02
9.515584e-02
9.520096e-02
9.524608e-02
9.529120e-02
9.533633e-02
9.538145e-02
9.542658e-02
9.547171e-02
9.551685e-02
9.556199e-02
9.560714e-02
9.565230e-02
9.569746e-02
9.574264e-02
9.578782e-02
9.583301e-02
9.587822e-02
9.592343e-02
9.596866e-02
9.601389e-02
9.605913e-02
9.610439e-02
9.614966e-02
9.619288e-02
9.623817e-02
9.628141e-02
9.632673e-02
9.636998e-02
9.641532e-02
9.646069e-02
9.650607e-02
9.655146e-02
9.659687e-02
9.664229e-02
9.668774e-02
9.673320e-02
9.677868e-02
9.682417e-02
9.686968e-02
9.691521e-02
9.696076e-02
9.700418e-02
9.704976e-02
9.709536e-02
9.714098e-02
9.718662e-02
9.723227e-02
9.727795e-02
9.732364e-02
9.736936e-02
9.741509e-02
9.745867e-02
9.750444e-02
9.755023e-02
9.759604e-02
9.764105e-02
9.768687e-02
9.773273e-02
9.777862e-02
9.782365e-02
9.786949e-02
9.791453e-02
9.796038e-02
9.800543e-02
9.805128e-02
9.809634e-02
9.814220e-02
9.818727e-02
9.823313e-02
9.827821e-02
9.832408e-02
9.836916e-02
9.841504e-02
9.845905e-02
9.850492e-02
9.855001e-02
9.859591e-02
9.864227e-02
9.868865e-02
9.873504e-02
9.878145e-02
9.882787e-02
9.887431e-02
9.892077e-02
9.896724e-02
9.901372e-02
9.906023e-02
9.910675e-02
9.915326e-02
9.919742e-02
9.924393e-02
9.929044e-02
9.933694e-02
9.938345e-02
9.942995e-02
9.947645e-02
9.952301e-02
9.956958e-02
9.961614e-02
9.966271e-02
9.970928e-02
9.975586e-02
9.980243e-02
9.984902e-02
9.989559e-02
9.994218e-02
9.998876e-02
1.000354e-01
1.000819e-01
1.001285e-01
1.001751e-01
1.002217e-01
1.002682e-01
1.003148e-01
1.003614e-01
1.004080e-01
1.004545e-01
1.005011e-01
1.005476e-01
1.005942e-01
1.006407e-01
1.006873e-01
1.007338e-01
1.007782e-01
1.008248e-01
1.008692e-01
1.009157e-01
1.009622e-01
1.010089e-01
1.010555e-01
1.011021e-01
1.011475e-01
1.011938e-01
1.012392e-01
1.012851e-01
1.013306e-01
1.013765e-01
1.014220e-01
1.014679e-01
1.015135e-01
1.015594e-01
1.016049e-01
1.016509e-01
1.016964e-01
1.017423e-01
1.017879e-01
1.018338e-01
1.018794e-01
1.019253e-01
1.019709e-01
1.020168e-01
1.020624e-01
1.021084e-01
1.021539e-01
1.021999e-01
1.022454e-01
1.022914e-01
1.023370e-01
1.023829e-01
1.024285e-01
1.024745e-01
1.025201e-01
1.025660e-01
1.026116e-01
1.026576e-01
1.027032e-01
1.027500e-01
1.027967e-01
1.028435e-01
1.028902e-01
1.029370e-01
1.029837e-01
1.030305e-01
1.030751e-01
1.031205e-01
1.031668e-01
1.032136e-01
1.032582e-01
1.033037e-01
1.033500e-01
1.033967e-01
1.034414e-01
1.034869e-01
1.035332e-01
1.035799e-01
1.036267e-01
1.036734e-01
1.037201e-01
1.037668e-01
1.038135e-01
1.038603e-01
1.039070e-01
1.039538e-01
1.040005e-01
1.040473e-01
1.040940e-01
1.041408e-01
1.041875e-01
1.042343e-01
1.042810e-01
1.043278e-01
1.043745e-01
1.044212e-01
1.044680e-01
1.045148e-01
1.045615e-01
1.046083e-01
1.046550e-01
1.047018e-01
1.047486e-01
1.047954e-01
1.048422e-01
1.048890e-01
1.049358e-01
1.049826e-01
1.050294e-01
1.050762e-01
1.051230e-01
1.051698e-01
1.052166e-01
1.052635e-01
1.053103e-01
1.053571e-01
1.054039e-01
1.054508e-01
1.054976e-01
1.055444e-01
1.055913e-01
1.056381e-01
1.056827e-01
1.057281e-01
1.057744e-01
1.058195e-01
1.058654e-01
1.059122e-01
1.059569e-01
1.060023e-01
1.060470e-01
1.060925e-01
1.061371e-01
1.061826e-01
1.062273e-01
1.062728e-01
1.063175e-01
1.063630e-01
1.064077e-01
1.064532e-01
1.064979e-01
1.065435e-01
1.065882e-01
1.066337e-01
1.066785e-01
1.067240e-01
1.067688e-01
1.068143e-01
1.068591e-01
1.069047e-01
1.069495e-01
1.069951e-01
1.070398e-01
1.070855e-01
1.071303e-01
1.071759e-01
1.072225e-01
1.072692e-01
1.073158e-01
1.073624e-01
1.074090e-01
1.074556e-01
1.075022e-01
1.075488e-01
1.075954e-01
1.076419e-01
1.076885e-01
1.077350e-01
1.077815e-01
1.078280e-01
1.078745e-01
1.079210e-01
1.079675e-01
1.080140e-01
1.080604e-01
1.081069e-01
1.081533e-01
1.081997e-01
1.082449e-01
1.082913e-01
1.083365e-01
1.083829e-01
1.084281e-01
1.084745e-01
1.085209e-01
1.085673e-01
1.086136e-01
1.086600e-01
1.087063e-01
1.087527e-01
1.087990e-01
1.088454e-01
1.088919e-01
1.089383e-01
1.089847e-01
1.090311e-01
1.090775e-01
1.091239e-01
1.091702e-01
1.092166e-01
1.092630e-01
1.093093e-01
1.093557e-01
1.094021e-01
1.094484e-01
1.094947e-01
1.095411e-01
1.095874e-01
1.096337e-01
1.096801e-01
1.097264e-01
1.097727e-01
1.098186e-01
1.098649e-01
1.099110e-01
1.099573e-01
1.100034e-01
1.100496e-01
1.100957e-01
1.101419e-01
1.101880e-01
1.102342e-01
1.102803e-01
1.103264e-01
1.103725e-01
1.104187e-01
1.104648e-01
1.105109e-01
1.105571e-01
1.106032e-01
1.106493e-01
1.106953e-01
1.107414e-01
1.107875e-01
1.108335e-01
1.108795e-01
1.109256e-01
1.109716e-01
1.110176e-01
1.110635e-01
1.111095e-01
1.111555e-01
1.112014e-01
1.112474e-01
1.112933e-01
1.113392e-01
1.113851e-01
1.114310e-01
1.114769e-01
1.115228e-01
1.115690e-01
1.116151e-01
1.116613e-01
1.117074e-01
1.117535e-01
1.117996e-01
1.118457e-01
1.118918e-01
1.119378e-01
1.119839e-01
1.120299e-01
1.120760e-01
1.121220e-01
1.121680e-01
1.122139e-01
1.122599e-01
1.123059e-01
1.123518e-01
1.123978e-01
1.124437e-01
1.124896e-01
1.125355e-01
1.125814e-01
1.126272e-01
1.126731e-01
1.127190e-01
1.127648e-01
1.128106e-01
1.128565e-01
1.129023e-01
1.129481e-01
1.129939e-01
1.130397e-01
1.130855e-01
1.131315e-01
1.131776e-01
1.132236e-01
1.132697e-01
1.133157e-01
1.133617e-01
1.134078e-01
1.134538e-01
1.134998e-01
1.135458e-01
1.135919e-01
1.136379e-01
1.136839e-01
1.137299e-01
1.137759e-01
1.138219e-01
1.138679e-01
1.139138e-01
1.139598e-01
1.140058e-01
1.140518e-01
1.140977e-01
1.141437e-01
1.141897e-01
1.142356e-01
1.142816e-01
1.143276e-01
1.143735e-01
1.144195e-01
1.144654e-01
1.145114e-01
1.145573e-01
1.146032e-01
1.146492e-01
1.146951e-01
1.147410e-01
1.147870e-01
1.148330e-01
1.148790e-01
1.149250e-01
1.149710e-01
1.150170e-01
1.150629e-01
1.151089e-01
1.151549e-01
1.152009e-01
1.152469e-01
1.152929e-01
1.153389e-01
1.153848e-01
1.154308e-01
1.154768e-01
1.155228e-01
1.155688e-01
1.156147e-01
1.156607e-01
1.157067e-01
1.157527e-01
1.157987e-01
1.158446e-01
1.158906e-01
1.159366e-01
1.159825e-01
1.160285e-01
1.160745e-01
1.161205e-01
1.161664e-01
1.162124e-01
1.162584e-01
1.163043e-01
1.163503e-01
1.163963e-01
1.164423e-01
1.164882e-01
1.165342e-01
1.165802e-01
1.166261e-01
1.166721e-01
1.167181e-01
1.167641e-01
1.168100e-01
1.168560e-01
1.169020e-01
1.169480e-01
1.169940e-01
1.170399e-01
1.170859e-01
1.171319e-01
1.171779e-01
1.172238e-01
1.172698e-01
1.173158e-01
1.173618e-01
1.174077e-01
1.174537e-01
1.174997e-01
1.175456e-01
1.175916e-01
1.176376e-01
1.176835e-01
1.177295e-01
1.177754e-01
1.178214e-01
1.178674e-01
1.179133e-01
1.179593e-01
1.180052e-01
1.180512e-01
1.180972e-01
1.181431e-01
1.181891e-01
1.182350e-01
1.182810e-01
1.183269e-01
1.183729e-01
1.184188e-01
1.184648e-01
1.185107e-01
1.185567e-01
1.186026e-01
1.186485e-01
1.186945e-01
1.187404e-01
1.187864e-01
1.188323e-01
1.188783e-01
1.189242e-01
1.189701e-01
1.190161e-01
1.190620e-01
1.191080e-01
1.191539e-01
1.191998e-01
1.192458e-01
1.192917e-01
1.193377e-01
1.193836e-01
1.194296e-01
1.194755e-01
1.195215e-01
1.195674e-01
1.196134e-01
1.196593e-01
1.197053e-01
1.197512e-01
1.197972e-01
1.198432e-01
1.198891e-01
1.199351e-01
1.199810e-01
1.200270e-01
1.200730e-01
1.201189e-01
1.201649e-01
1.202108e-01
1.202568e-01
1.203028e-01
1.203487e-01
1.203947e-01
1.204407e-01
1.204867e-01
1.205327e-01
1.205786e-01
1.206246e-01
1.206706e-01
1.207166e-01
1.207626e-01
1.208086e-01
1.208546e-01
1.209006e-01
1.209465e-01
1.209925e-01
1.210385e-01
1.210845e-01
1.211305e-01
1.211765e-01
1.212225e-01
1.212685e-01
1.213146e-01
1.213606e-01
1.214066e-01
1.214526e-01
1.214986e-01
1.215447e-01
1.215907e-01
1.216367e-01
1.216828e-01
1.217288e-01
1.217749e-01
1.218209e-01
1.218670e-01
1.219131e-01
1.219592e-01
1.220053e-01
1.220514e-01
1.220975e-01
1.221436e-01
1.221897e-01
1.222358e-01
1.222819e-01
1.223280e-01
1.223741e-01
1.224202e-01
1.224664e-01
1.225125e-01
1.225586e-01
1.226047e-01
1.226508e-01
1.226969e-01
1.227430e-01
1.227891e-01
1.228351e-01
1.228812e-01
1.229273e-01
1.229734e-01
1.230194e-01
1.230655e-01
1.231115e-01
1.231576e-01
1.232036e-01
1.232496e-01
1.232957e-01
1.233417e-01
1.233877e-01
1.234337e-01
1.234797e-01
1.235257e-01
1.235717e-01
1.236176e-01
1.236636e-01
1.237096e-01
1.237555e-01
1.238015e-01
1.238474e-01
1.238934e-01
1.239394e-01
1.239853e-01
1.240313e-01
1.240772e-01
1.241232e-01
1.241691e-01
1.242150e-01
1.242609e-01
1.243068e-01
1.243527e-01
1.243986e-01
1.244446e-01
1.244905e-01
1.245363e-01
1.245822e-01
1.246281e-01
1.246740e-01
1.247199e-01
1.247657e-01
1.248116e-01
1.248575e-01
1.249033e-01
1.249492e-01
1.249950e-01
1.250409e-01
1.250867e-01
1.251325e-01
1.251784e-01
1.252242e-01
1.252700e-01
1.253158e-01
1.253616e-01
1.254074e-01
1.254532e-01
1.254990e-01
1.255448e-01
1.255906e-01
1.256364e-01
1.256822e-01
1.257279e-01
1.257737e-01
1.258195e-01
1.258653e-01
1.259112e-01
1.259570e-01
1.260028e-01
1.260487e-01
1.260945e-01
1.261403e-01
1.261861e-01
1.262319e-01
1.262777e-01
1.263235e-01
1.263693e-01
1.264151e-01
1.264609e-01
1.265067e-01
1.265525e-01
1.265983e-01
1.266440e-01
1.266898e-01
1.267356e-01
1.267813e-01
1.268271e-01
1.268729e-01
1.269186e-01
1.269644e-01
1.270101e-01
1.270559e-01
1.271016e-01
1.271473e-01
1.271931e-01
1.272388e-01
1.272845e-01
1.273302e-01
1.273760e-01
1.274217e-01
1.274674e-01
1.275131e-01
1.275588e-01
1.276045e-01
1.276502e-01
1.276959e-01
1.277415e-01
1.277872e-01
1.278329e-01
1.278786e-01
1.279243e-01
1.279699e-01
1.280156e-01
1.280613e-01
1.281070e-01
1.281527e-01
1.281984e-01
1.282441e-01
1.282897e-01
1.283354e-01
1.283811e-01
1.284268e-01
1.284725e-01
1.285182e-01
1.285639e-01
1.286096e-01
1.286552e-01
1.287009e-01
1.287466e-01
1.287923e-01
1.288379e-01
1.288836e-01
1.289292e-01
1.289749e-01
1.290205e-01
1.290661e-01
1.291118e-01
1.291574e-01
1.292030e-01
1.292486e-01
1.292942e-01
1.293398e-01
1.293854e-01
1.294310e-01
1.294766e-01
1.295222e-01
1.295678e-01
1.296133e-01
1.296589e-01
1.297045e-01
1.297500e-01
1.297956e-01
1.298411e-01
1.298867e-01
1.299322e-01
1.299777e-01
1.300233e-01
1.300688e-01
1.301143e-01
1.301598e-01
1.302053e-01
1.302508e-01
1.302963e-01
1.303418e-01
1.303873e-01
1.304328e-01
1.304783e-01
1.305238e-01
1.305692e-01
1.306147e-01
1.306602e-01
1.307056e-01
1.307511e-01
1.307966e-01
1.308420e-01
1.308875e-01
1.309329e-01
1.309784e-01
1.310238e-01
1.310693e-01
1.311147e-01
1.311602e-01
1.312056e-01
1.312511e-01
1.312965e-01
1.313420e-01
1.313874e-01
1.314329e-01
1.314783e-01
1.315238e-01
1.315692e-01
1.316146e-01
1.316600e-01
1.317055e-01
1.317509e-01
1.317963e-01
1.318417e-01
1.318871e-01
1.319325e-01
1.319779e-01
1.320233e-01
1.320687e-01
1.321141e-01
1.321595e-01
1.322048e-01
1.322502e-01
1.322956e-01
1.323410e-01
1.323863e-01
1.324317e-01
1.324770e-01
1.325224e-01
1.325677e-01
1.326131e-01
1.326584e-01
1.327038e-01
1.327491e-01
1.327945e-01
1.328398e-01
1.328851e-01
1.329305e-01
1.329759e-01
1.330213e-01
1.330666e-01
1.331120e-01
1.331574e-01
1.332027e-01
1.332481e-01
1.332935e-01
1.333388e-01
1.333842e-01
1.334295e-01
1.334749e-01
1.335203e-01
1.335656e-01
1.336110e-01
1.336564e-01
1.337017e-01
1.337471e-01
1.337925e-01
1.338379e-01
1.338832e-01
1.339286e-01
1.339740e-01
1.340194e-01
1.340648e-01
1.341100e-01
1.341553e-01
1.342005e-01
1.342458e-01
1.342910e-01
1.343363e-01
1.343816e-01
1.344268e-01
1.344721e-01
1.345174e-01
1.345626e-01
1.346079e-01
1.346532e-01
1.346984e-01
1.347437e-01
1.347890e-01
1.348343e-01
1.348796e-01
1.349248e-01
1.349701e-01
1.350154e-01
1.350607e-01
1.351060e-01
1.351513e-01
1.351966e-01
1.352420e-01
1.352873e-01
1.353326e-01
1.353780e-01
1.354233e-01
1.354687e-01
1.355140e-01
1.355593e-01
1.356047e-01
1.356500e-01
1.356953e-01
1.357406e-01
1.357860e-01
1.358313e-01
1.358766e-01
1.359219e-01
1.359672e-01
1.360125e-01
1.360578e-01
1.361031e-01
1.361483e-01
1.361936e-01
1.362389e-01
1.362841e-01
1.363294e-01
1.363746e-01
1.364199e-01
1.364652e-01
1.365104e-01
1.365557e-01
1.366009e-01
1.366462e-01
1.366914e-01
1.367367e-01
1.367819e-01
1.368272e-01
1.368724e-01
1.369177e-01
1.369629e-01
1.370082e-01
1.370534e-01
1.370987e-01
1.371439e-01
1.371891e-01
1.372344e-01
1.372796e-01
1.373245e-01
1.373694e-01
1.374144e-01
1.374595e-01
1.375046e-01
1.375498e-01
1.375950e-01
1.376403e-01
1.376855e-01
1.377307e-01
1.377760e-01
1.378212e-01
1.378664e-01
1.379116e-01
1.379569e-01
1.380021e-01
1.380473e-01
1.380925e-01
1.381377e-01
1.381830e-01
1.382282e-01
1.382734e-01
1.383186e-01
1.383638e-01
1.384090e-01
1.384542e-01
1.384994e-01
1.385446e-01
1.385898e-01
1.386350e-01
1.386802e-01
1.387254e-01
1.387706e-01
1.388157e-01
1.388609e-01
1.389061e-01
1.389513e-01
1.389964e-01
1.390416e-01
1.390867e-01
1.391319e-01
1.391770e-01
1.392222e-01
1.392673e-01
1.393125e-01
1.393576e-01
1.394027e-01
1.394478e-01
1.394930e-01
1.395381e-01
1.395832e-01
1.396283e-01
1.396735e-01
1.397186e-01
1.397637e-01
1.398088e-01
1.398539e-01
1.398990e-01
1.399441e-01
1.399892e-01
1.400344e-01
1.400795e-01
1.401246e-01
1.401697e-01
1.402148e-01
1.402599e-01
1.403050e-01
1.403501e-01
1.403952e-01
1.404403e-01
1.404854e-01
1.405304e-01
1.405756e-01
1.406206e-01
1.406657e-01
1.407108e-01
1.407559e-01
1.408010e-01
1.408461e-01
1.408912e-01
1.409363e-01
1.409814e-01
1.410265e-01
1.410716e-01
1.411167e-01
1.411618e-01
1.412069e-01
1.412520e-01
1.412971e-01
1.413421e-01
1.413872e-01
1.414323e-01
1.414774e-01
1.415225e-01
1.415676e-01
1.416127e-01
1.416578e-01
1.417029e-01
1.417480e-01
1.417931e-01
1.418382e-01
1.418833e-01
1.419284e-01
1.419735e-01
1.420185e-01
1.420636e-01
1.421087e-01
1.421538e-01
1.421989e-01
1.422440e-01
1.422891e-01
1.423342e-01
1.423793e-01
1.424244e-01
1.424694e-01
1.425145e-01
1.425596e-01
1.426047e-01
1.426498e-01
1.426949e-01
1.427400e-01
1.427850e-01
1.428301e-01
1.428752e-01
1.429203e-01
1.429654e-01
1.430104e-01
1.430555e-01
1.431006e-01
1.431457e-01
1.431907e-01
1.432358e-01
1.432809e-01
1.433260e-01
1.433711e-01
1.434161e-01
1.434612e-01
1.435063e-01
1.435514e-01
1.435965e-01
1.436415e-01
1.436866e-01
1.437317e-01
1.437768e-01
1.438218e-01
1.438669e-01
1.439120e-01
1.439571e-01
1.440021e-01
1.440472e-01
1.440923e-01
1.441374e-01
1.441825e-01
1.442275e-01
1.442726e-01
1.443177e-01
1.443628e-01
1.444078e-01
1.444529e-01
1.444980e-01
1.445431e-01
1.445881e-01
1.446332e-01
1.446783e-01
1.447234e-01
1.447685e-01
1.448135e-01
1.448586e-01
1.449037e-01
1.449488e-01
1.449938e-01
1.450389e-01
1.450840e-01
1.451291e-01
1.451741e-01
1.452192e-01
1.452643e-01
1.453094e-01
1.453544e-01
1.453995e-01
1.454446e-01
1.454896e-01
1.455347e-01
1.455798e-01
1.456249e-01
1.456699e-01
1.457150e-01
1.457601e-01
1.458051e-01
1.458502e-01
1.458953e-01
1.459403e-01
1.459854e-01
1.460304e-01
1.460755e-01
1.461205e-01
1.461656e-01
1.462107e-01
1.462557e-01
1.463008e-01
1.463458e-01
1.463909e-01
1.464359e-01
1.464810e-01
1.465260e-01
1.465711e-01
1.466161e-01
1.466612e-01
1.467062e-01
1.467513e-01
1.467963e-01
1.468414e-01
1.468864e-01
1.469314e-01
1.469765e-01
1.470215e-01
1.470666e-01
1.471116e-01
1.471567e-01
1.472017e-01
1.472468e-01
1.472918e-01
1.473369e-01
1.473819e-01
1.474269e-01
1.474720e-01
1.475170e-01
1.475621e-01
1.476071e-01
1.476522e-01
1.476972e-01
1.477422e-01
1.477873e-01
1.478323e-01
1.478774e-01
1.479224e-01
1.479674e-01
1.480124e-01
1.480575e-01
1.481025e-01
1.481475e-01
1.481925e-01
1.482375e-01
1.482825e-01
1.483276e-01
1.483726e-01
1.484176e-01
1.484626e-01
1.485076e-01
1.485526e-01
1.485976e-01
1.486425e-01
1.486875e-01
1.487325e-01
1.487775e-01
1.488225e-01
1.488675e-01
1.489124e-01
1.489574e-01
1.490024e-01
1.490474e-01
1.490923e-01
1.491373e-01
1.491823e-01
1.492272e-01
1.492722e-01
1.493171e-01
1.493621e-01
1.494070e-01
1.494520e-01
1.494970e-01
1.495419e-01
1.495869e-01
1.496318e-01
1.496768e-01
1.497217e-01
1.497666e-01
1.498116e-01
1.498565e-01
1.499015e-01
1.499464e-01
1.499913e-01
1.500363e-01
1.500812e-01
1.501261e-01
1.501710e-01
1.502159e-01
1.502609e-01
1.503058e-01
1.503507e-01
1.503956e-01
1.504405e-01
1.504854e-01
1.505302e-01
1.505751e-01
1.506200e-01
1.506649e-01
1.507097e-01
1.507546e-01
1.507995e-01
1.508443e-01
1.508892e-01
1.509340e-01
1.509789e-01
1.510237e-01
1.510686e-01
1.511134e-01
1.511583e-01
1.512031e-01
1.512479e-01
1.512928e-01
1.513376e-01
1.513824e-01
1.514272e-01
1.514721e-01
1.515169e-01
1.515617e-01
1.516065e-01
1.516513e-01
1.516961e-01
1.517409e-01
1.517858e-01
1.518306e-01
1.518754e-01
1.519202e-01
1.519650e-01
1.520098e-01
1.520546e-01
1.520994e-01
1.521442e-01
1.521890e-01
1.522338e-01
1.522786e-01
1.523234e-01
1.523681e-01
1.524129e-01
1.524577e-01
1.525025e-01
1.525473e-01
1.525921e-01
1.526369e-01
1.526816e-01
1.527264e-01
1.527712e-01
1.528160e-01
1.528607e-01
1.529055e-01
1.529503e-01
1.529951e-01
1.530398e-01
1.530846e-01
1.531294e-01
1.531742e-01
1.532189e-01
1.532637e-01
1.533085e-01
1.533532e-01
1.533980e-01
1.534428e-01
1.534875e-01
1.535323e-01
1.535771e-01
1.536219e-01
1.536666e-01
1.537114e-01
1.537562e-01
1.538009e-01
1.538457e-01
1.538904e-01
1.539352e-01
1.539800e-01
1.540248e-01
1.540695e-01
1.541143e-01
1.541591e-01
1.542038e-01
1.542486e-01
1.542934e-01
1.543382e-01
1.543829e-01
1.544277e-01
1.544725e-01
1.545173e-01
1.545620e-01
1.546068e-01
1.546516e-01
1.546964e-01
1.547412e-01
1.547860e-01
1.548307e-01
1.548755e-01
1.549203e-01
1.549651e-01
1.550099e-01
1.550547e-01
1.550995e-01
1.551443e-01
1.551891e-01
1.552339e-01
1.552787e-01
1.553235e-01
1.553683e-01
1.554131e-01
1.554579e-01
1.555027e-01
1.555475e-01
1.555923e-01
1.556371e-01
1.556819e-01
1.557267e-01
1.557715e-01
1.558164e-01
1.558612e-01
1.559060e-01
1.559508e-01
1.559957e-01
1.560405e-01
1.560853e-01
1.561301e-01
1.561750e-01
1.562198e-01
1.562647e-01
1.563095e-01
1.563543e-01
1.563992e-01
1.564440e-01
1.564889e-01
1.565337e-01
1.565786e-01
1.566234e-01
1.566683e-01
1.567131e-01
1.567580e-01
1.568028e-01
1.568477e-01
1.568925e-01
1.569374e-01
1.569823e-01
1.570271e-01
1.570720e-01
1.571169e-01
1.571617e-01
1.572066e-01
1.572515e-01
1.572963e-01
1.573412e-01
1.573861e-01
1.574310e-01
1.574759e-01
1.575208e-01
1.575657e-01
1.576105e-01
1.576554e-01
1.577003e-01
1.577452e-01
1.577901e-01
1.578350e-01
1.578799e-01
1.579249e-01
1.579699e-01
1.580149e-01
1.580599e-01
1.581049e-01
1.581499e-01
1.581949e-01
1.582399e-01
1.582850e-01
1.583300e-01
1.583750e-01
1.584200e-01
1.584651e-01
1.585101e-01
1.585551e-01
1.586002e-01
1.586452e-01
1.586902e-01
1.587353e-01
1.587803e-01
1.588254e-01
1.588704e-01
1.589155e-01
1.589605e-01
1.590056e-01
1.590507e-01
1.590957e-01
1.591408e-01
1.591859e-01
1.592309e-01
1.592760e-01
1.593211e-01
1.593662e-01
1.594113e-01
1.594563e-01
1.595014e-01
1.595465e-01
1.595916e-01
1.596367e-01
1.596818e-01
1.597269e-01
1.597720e-01
1.598171e-01
1.598622e-01
1.599073e-01
1.599524e-01
1.599976e-01
1.600427e-01
1.600878e-01
1.601330e-01
1.601781e-01
1.602232e-01
1.602684e-01
1.603135e-01
1.603587e-01
1.604038e-01
1.604490e-01
1.604942e-01
1.605393e-01
1.605845e-01
1.606297e-01
1.606748e-01
1.607200e-01
1.607652e-01
1.608104e-01
1.608556e-01
1.609008e-01
1.609460e-01
1.609912e-01
1.610364e-01
1.610816e-01
1.611268e-01
1.611720e-01
1.612173e-01
1.612625e-01
1.613077e-01
1.613530e-01
1.613982e-01
1.614435e-01
1.614887e-01
1.615340e-01
1.615792e-01
1.616245e-01
1.616697e-01
1.617150e-01
1.617603e-01
1.618056e-01
1.618509e-01
1.618961e-01
1.619414e-01
1.619867e-01
1.620320e-01
1.620773e-01
1.621226e-01
1.621680e-01
1.622133e-01
1.622586e-01
1.623039e-01
1.623492e-01
1.623945e-01
1.624398e-01
1.624850e-01
1.625304e-01
1.625757e-01
1.626210e-01
1.626664e-01
1.627117e-01
1.627570e-01
1.628024e-01
1.628477e-01
1.628931e-01
1.629384e-01
1.629838e-01
1.630292e-01
1.630745e-01
1.631199e-01
1.631653e-01
1.632106e-01
1.632560e-01
1.633014e-01
1.633468e-01
1.633921e-01
1.634375e-01
1.634829e-01
1.635283e-01
1.635737e-01
1.636191e-01
1.636645e-01
1.637099e-01
1.637553e-01
1.638007e-01
1.638461e-01
1.638915e-01
1.639369e-01
1.639823e-01
1.640277e-01
1.640730e-01
1.641184e-01
1.641638e-01
1.642092e-01
1.642546e-01
1.643000e-01
1.643453e-01
1.643907e-01
1.644361e-01
1.644814e-01
1.645268e-01
1.645722e-01
1.646175e-01
1.646629e-01
1.647083e-01
1.647536e-01
1.647990e-01
1.648443e-01
1.648897e-01
1.649350e-01
1.649804e-01
1.650257e-01
1.650711e-01
1.651164e-01
1.651617e-01
1.652071e-01
1.652524e-01
1.652977e-01
1.653431e-01
1.653884e-01
1.654337e-01
1.654790e-01
1.655243e-01
1.655697e-01
1.656150e-01
1.656603e-01
1.657056e-01
1.657509e-01
1.657962e-01
1.658415e-01
1.658868e-01
1.659321e-01
1.659774e-01
1.660227e-01
1.660680e-01
1.661133e-01
1.661585e-01
1.662038e-01
1.662491e-01
1.662944e-01
1.663397e-01
1.663849e-01
1.664302e-01
1.664755e-01
1.665207e-01
1.665660e-01
1.666113e-01
1.666565e-01
1.667018e-01
1.667471e-01
1.667923e-01
1.668376e-01
1.668829e-01
1.669281e-01
1.669734e-01
1.670186e-01
1.670639e-01
1.671091e-01
1.671544e-01
1.671996e-01
1.672449e-01
1.672902e-01
1.673354e-01
1.673807e-01
1.674260e-01
1.674713e-01
1.675166e-01
1.675618e-01
1.676071e-01
1.676524e-01
1.676977e-01
1.677429e-01
1.677882e-01
1.678335e-01
1.678788e-01
1.679240e-01
1.679693e-01
1.680146e-01
1.680599e-01
1.681052e-01
1.681506e-01
1.681959e-01
1.682413e-01
1.682866e-01
1.683320e-01
1.683773e-01
1.684227e-01
1.684680e-01
1.685134e-01
1.685587e-01
1.686041e-01
1.686495e-01
1.686948e-01
1.687402e-01
1.687856e-01
1.688309e-01
1.688763e-01
1.689217e-01
1.689670e-01
1.690124e-01
1.690578e-01
1.691032e-01
1.691485e-01
1.691939e-01
1.692393e-01
1.692847e-01
1.693301e-01
1.693754e-01
1.694208e-01
1.694662e-01
1.695116e-01
1.695570e-01
1.696024e-01
1.696478e-01
1.696932e-01
1.697386e-01
1.697840e-01
1.698294e-01
1.698748e-01
1.699202e-01
1.699656e-01
1.700110e-01
1.700564e-01
1.701018e-01
1.701472e-01
1.701926e-01
1.702380e-01
1.702834e-01
1.703288e-01
1.703743e-01
1.704197e-01
1.704651e-01
1.705105e-01
1.705559e-01
1.706013e-01
1.706468e-01
1.706922e-01
1.707376e-01
1.707830e-01
1.708285e-01
1.708739e-01
1.709193e-01
1.709648e-01
1.710102e-01
1.710556e-01
1.711011e-01
1.711465e-01
1.711919e-01
1.712374e-01
1.712828e-01
1.713282e-01
1.713737e-01
1.714191e-01
1.714646e-01
1.715100e-01
1.715555e-01
1.716009e-01
1.716464e-01
1.716918e-01
1.717373e-01
1.717827e-01
1.718282e-01
1.718736e-01
1.719191e-01
1.719645e-01
1.720100e-01
1.720555e-01
1.721009e-01
1.721464e-01
1.721918e-01
1.722373e-01
1.722828e-01
1.723282e-01
1.723737e-01
1.724191e-01
1.724646e-01
1.725101e-01
1.725555e-01
1.726010e-01
1.726465e-01
1.726919e-01
1.727374e-01
1.727828e-01
1.728283e-01
1.728738e-01
1.729192e-01
1.729647e-01
1.730102e-01
1.730556e-01
1.731011e-01
1.731465e-01
1.731920e-01
1.732375e-01
1.732829e-01
1.733284e-01
1.733739e-01
1.734193e-01
1.734648e-01
1.735102e-01
1.735557e-01
1.736012e-01
1.736466e-01
1.736921e-01
1.737375e-01
1.737830e-01
1.738284e-01
1.738739e-01
1.739194e-01
1.739648e-01
1.740103e-01
1.740557e-01
1.741012e-01
1.741466e-01
1.741921e-01
1.742375e-01
1.742829e-01
1.743283e-01
1.743738e-01
1.744192e-01
1.744646e-01
1.745099e-01
1.745553e-01
1.746007e-01
1.746460e-01
1.746914e-01
1.747367e-01
1.747820e-01
1.748273e-01
1.748725e-01
1.749178e-01
1.749630e-01
1.750083e-01
1.750534e-01
1.750986e-01
1.751438e-01
1.751889e-01
1.752340e-01
1.752791e-01
1.753242e-01
1.753692e-01
1.754142e-01
1.754592e-01
1.755041e-01
1.755491e-01
1.755940e-01
1.756388e-01
1.756836e-01
1.757284e-01
1.757732e-01
1.758179e-01
1.758626e-01
1.759073e-01
1.759519e-01
1.759965e-01
1.760411e-01
1.760857e-01
1.761302e-01
1.761747e-01
1.762191e-01
1.762635e-01
1.763080e-01
1.763523e-01
1.763967e-01
1.764410e-01
1.764853e-01
1.765296e-01
1.765739e-01
1.766181e-01
1.766624e-01
1.767066e-01
1.767508e-01
1.767950e-01
1.768392e-01
1.768834e-01
1.769275e-01
1.769717e-01
1.770158e-01
1.770600e-01
1.771041e-01
1.771482e-01
1.771924e-01
1.772365e-01
1.772807e-01
1.773249e-01
1.773691e-01
1.774132e-01
1.774574e-01
1.775016e-01
1.775457e-01
1.775899e-01
1.776340e-01
1.776782e-01
1.777223e-01
1.777665e-01
1.778106e-01
1.778547e-01
1.778989e-01
1.779430e-01
1.779871e-01
1.780312e-01
1.780753e-01
1.781194e-01
1.781635e-01
1.782076e-01
1.782517e-01
1.782958e-01
1.783398e-01
1.783839e-01
1.784280e-01
1.784721e-01
1.785161e-01
1.785602e-01
1.786042e-01
1.786483e-01
1.786923e-01
1.787364e-01
1.787804e-01
1.788245e-01
1.788685e-01
1.789126e-01
1.789566e-01
1.790007e-01
1.790447e-01
1.790887e-01
1.791328e-01
1.791768e-01
1.792209e-01
1.792649e-01
1.793090e-01
1.793530e-01
1.793971e-01
1.794411e-01
1.794852e-01
1.795293e-01
1.795733e-01
1.796174e-01
1.796616e-01
1.797057e-01
1.797499e-01
1.797940e-01
1.798382e-01
1.798823e-01
1.799265e-01
1.799707e-01
1.800149e-01
1.800590e-01
1.801032e-01
1.801474e-01
1.801916e-01
1.802358e-01
1.802800e-01
1.803243e-01
1.803685e-01
1.804127e-01
1.804569e-01
1.805011e-01
1.805453e-01
1.805895e-01
1.806337e-01
1.806780e-01
1.807222e-01
1.807664e-01
1.808106e-01
1.808548e-01
1.808989e-01
1.809431e-01
1.809873e-01
1.810315e-01
1.810757e-01
1.811198e-01
1.811640e-01
1.812082e-01
1.812523e-01
1.812965e-01
1.813406e-01
1.813847e-01
1.814289e-01
1.814730e-01
1.815171e-01
1.815612e-01
1.816053e-01
1.816494e-01
1.816935e-01
1.817376e-01
1.817817e-01
1.818258e-01
1.818698e-01
1.819139e-01
1.819580e-01
1.820020e-01
1.820461e-01
1.820902e-01
1.821342e-01
1.821783e-01
1.822223e-01
1.822663e-01
1.823104e-01
1.823544e-01
1.823985e-01
1.824425e-01
1.824866e-01
1.825306e-01
1.825747e-01
1.826187e-01
1.826628e-01
1.827068e-01
1.827509e-01
1.827949e-01
1.828390e-01
1.828830e-01
1.829271e-01
1.829711e-01
1.830152e-01
1.830593e-01
1.831033e-01
1.831474e-01
1.831915e-01
1.832356e-01
1.832797e-01
1.833238e-01
1.833679e-01
1.834120e-01
1.834561e-01
1.835002e-01
1.835443e-01
1.835885e-01
1.836326e-01
1.836767e-01
1.837208e-01
1.837649e-01
1.838091e-01
1.838532e-01
1.838973e-01
1.839414e-01
1.839855e-01
1.840297e-01
1.840738e-01
1.841179e-01
1.841621e-01
1.842062e-01
1.842503e-01
1.842945e-01
1.843386e-01
1.843827e-01
1.844268e-01
1.844710e-01
1.845151e-01
1.845592e-01
1.846034e-01
1.846475e-01
1.846916e-01
1.847358e-01
1.847799e-01
1.848240e-01
1.848681e-01
1.849123e-01
1.849564e-01
1.850005e-01
1.850446e-01
1.850887e-01
1.851328e-01
1.851770e-01
1.852211e-01
1.852652e-01
1.853093e-01
1.853534e-01
1.853975e-01
1.854415e-01
1.854856e-01
1.855297e-01
1.855738e-01
1.856178e-01
1.856619e-01
1.857060e-01
1.857500e-01
1.857940e-01
1.858381e-01
1.858821e-01
1.859261e-01
1.859702e-01
1.860142e-01
1.860582e-01
1.861022e-01
1.861462e-01
1.861902e-01
1.862341e-01
1.862781e-01
1.863221e-01
1.863660e-01
1.864100e-01
1.864539e-01
1.864979e-01
1.865418e-01
1.865857e-01
1.866297e-01
1.866736e-01
1.867175e-01
1.867614e-01
1.868053e-01
1.868492e-01
1.868931e-01
1.869369e-01
1.869808e-01
1.870247e-01
1.870685e-01
1.871124e-01
1.871563e-01
1.872001e-01
1.872440e-01
1.872878e-01
1.873317e-01
1.873755e-01
1.874194e-01
1.874632e-01
1.875071e-01
1.875509e-01
1.875948e-01
1.876386e-01
1.876824e-01
1.877263e-01
1.877701e-01
1.878140e-01
1.878578e-01
1.879017e-01
1.879455e-01
1.879894e-01
1.880332e-01
1.880771e-01
1.881209e-01
1.881648e-01
1.882086e-01
1.882525e-01
1.882963e-01
1.883402e-01
1.883841e-01
1.884279e-01
1.884718e-01
1.885157e-01
1.885595e-01
1.886034e-01
1.886473e-01
1.886912e-01
1.887351e-01
1.887790e-01
1.888229e-01
1.888667e-01
1.889106e-01
1.889546e-01
1.889985e-01
1.890424e-01
1.890863e-01
1.891302e-01
1.891742e-01
1.892181e-01
1.892620e-01
1.893060e-01
1.893499e-01
1.893938e-01
1.894378e-01
1.894817e-01
1.895257e-01
1.895697e-01
1.896136e-01
1.896576e-01
1.897016e-01
1.897456e-01
1.897896e-01
1.898335e-01
1.898775e-01
1.899215e-01
1.899655e-01
1.900095e-01
1.900535e-01
1.900975e-01
1.901416e-01
1.901856e-01
1.902296e-01
1.902736e-01
1.903177e-01
1.903617e-01
1.904058e-01
1.904498e-01
1.904939e-01
1.905379e-01
1.905820e-01
1.906261e-01
1.906701e-01
1.907142e-01
1.907583e-01
1.908024e-01
1.908465e-01
1.908906e-01
1.909347e-01
1.909788e-01
1.910229e-01
1.910670e-01
1.911111e-01
1.911553e-01
1.911994e-01
1.912435e-01
1.912877e-01
1.913318e-01
1.913760e-01
1.914201e-01
1.914643e-01
1.915085e-01
1.915526e-01
1.915968e-01
1.916410e-01
1.916852e-01
1.917294e-01
1.917736e-01
1.918178e-01
1.918620e-01
1.919062e-01
1.919504e-01
1.919946e-01
1.920388e-01
1.920831e-01
1.921273e-01
1.921715e-01
1.922158e-01
1.922600e-01
1.923043e-01
1.923486e-01
1.923928e-01
1.924371e-01
1.924814e-01
1.925257e-01
1.925699e-01
1.926142e-01
1.926585e-01
1.927028e-01
1.927472e-01
1.927915e-01
1.928358e-01
1.928801e-01
1.929244e-01
1.929688e-01
1.930131e-01
1.930574e-01
1.931018e-01
1.931461e-01
1.931905e-01
1.932348e-01
1.932792e-01
1.933236e-01
1.933679e-01
1.934123e-01
1.934567e-01
1.935011e-01
1.935455e-01
1.935899e-01
1.936343e-01
1.936787e-01
1.937231e-01
1.937675e-01
1.938119e-01
1.938563e-01
1.939007e-01
1.939451e-01
1.939896e-01
1.940340e-01
1.940784e-01
1.941229e-01
1.941673e-01
1.942118e-01
1.942562e-01
1.943007e-01
1.943451e-01
1.943896e-01
1.944341e-01
1.944785e-01
1.945230e-01
1.945675e-01
1.946119e-01
1.946564e-01
1.947009e-01
1.947454e-01
1.947899e-01
1.948343e-01
1.948788e-01
1.949233e-01
1.949678e-01
1.950123e-01
1.950568e-01
1.951013e-01
1.951458e-01
1.951903e-01
1.952349e-01
1.952794e-01
1.953239e-01
1.953684e-01
1.954129e-01
1.954575e-01
1.955020e-01
1.955465e-01
1.955911e-01
1.956356e-01
1.956801e-01
1.957247e-01
1.957692e-01
1.958138e-01
1.958583e-01
1.959029e-01
1.959474e-01
1.959920e-01
1.960365e-01
1.960811e-01
1.961257e-01
1.961702e-01
1.962148e-01
1.962594e-01
1.963040e-01
1.963485e-01
1.963931e-01
1.964377e-01
1.964823e-01
1.965269e-01
1.965715e-01
1.966161e-01
1.966607e-01
1.967053e-01
1.967499e-01
1.967945e-01
1.968392e-01
1.968838e-01
1.969284e-01
1.969730e-01
1.970177e-01
1.970623e-01
1.971069e-01
1.971516e-01
1.971962e-01
1.972409e-01
1.972856e-01
1.973302e-01
1.973749e-01
1.974195e-01
1.974642e-01
1.975089e-01
1.975536e-01
1.975983e-01
1.976430e-01
1.976877e-01
1.977324e-01
1.977771e-01
1.978218e-01
1.978665e-01
1.979112e-01
1.979559e-01
1.980006e-01
1.980454e-01
1.980901e-01
1.981349e-01
1.981796e-01
1.982243e-01
1.982691e-01
1.983139e-01
1.983586e-01
1.984034e-01
1.984482e-01
1.984929e-01
1.985377e-01
1.985825e-01
1.986273e-01
1.986721e-01
1.987169e-01
1.987617e-01
1.988065e-01
1.988513e-01
1.988961e-01
1.989409e-01
1.989857e-01
1.990306e-01
1.990754e-01
1.991202e-01
1.991651e-01
1.992099e-01
1.992548e-01
1.992996e-01
1.993445e-01
1.993893e-01
1.994342e-01
1.994791e-01
1.995239e-01
1.995688e-01
1.996137e-01
1.996586e-01
1.997035e-01
1.997483e-01
1.997932e-01
1.998381e-01
1.998830e-01
1.999279e-01
1.999728e-01
2.000177e-01
2.000626e-01
2.001075e-01
