#   1 : Date        
# Date        
0.000000e+00
1.807392e-05
3.063775e-05
3.994389e-05
4.696398e-05
5.307616e-05
5.893874e-05
6.538756e-05
7.195757e-05
7.918458e-05
8.713429e-05
9.567609e-05
1.042664e-04
1.137158e-04
1.241101e-04
1.345130e-04
1.447307e-04
1.559701e-04
1.679893e-04
1.796878e-04
1.924202e-04
2.055404e-04
2.185077e-04
2.318901e-04
2.458264e-04
2.596755e-04
2.743191e-04
2.891449e-04
3.043828e-04
3.196963e-04
3.356446e-04
3.517861e-04
3.684829e-04
3.855114e-04
4.029838e-04
4.207710e-04
4.389514e-04
4.575347e-04
4.763626e-04
4.956113e-04
5.152335e-04
5.351047e-04
5.554263e-04
5.760533e-04
5.970174e-04
6.182838e-04
6.399234e-04
6.618733e-04
6.840594e-04
7.066476e-04
7.294829e-04
7.525381e-04
7.759571e-04
7.995716e-04
8.234199e-04
8.476062e-04
8.720560e-04
8.968823e-04
9.219946e-04
9.473617e-04
9.730840e-04
9.990399e-04
1.025278e-03
1.051910e-03
1.078819e-03
1.105929e-03
1.133356e-03
1.161061e-03
1.189065e-03
1.217411e-03
1.246020e-03
1.274873e-03
1.303956e-03
1.333253e-03
1.362890e-03
1.392701e-03
1.422730e-03
1.453159e-03
1.483799e-03
1.514588e-03
1.545737e-03
1.577015e-03
1.608496e-03
1.640312e-03
1.672452e-03
1.704707e-03
1.737346e-03
1.770205e-03
1.803266e-03
1.836667e-03
1.870249e-03
1.903988e-03
1.938058e-03
1.972210e-03
2.006531e-03
2.041220e-03
2.076145e-03
2.111169e-03
2.146567e-03
2.182165e-03
2.217924e-03
2.254048e-03
2.290352e-03
2.326712e-03
2.363336e-03
2.400272e-03
2.437371e-03
2.474842e-03
2.512608e-03
2.550422e-03
2.588393e-03
2.626701e-03
2.665159e-03
2.703857e-03
2.742799e-03
2.781765e-03
2.820761e-03
2.859784e-03
2.898879e-03
2.937959e-03
2.977042e-03
3.016125e-03
3.055242e-03
3.094389e-03
3.133595e-03
3.172852e-03
3.212114e-03
3.251389e-03
3.290692e-03
3.329995e-03
3.369334e-03
3.408709e-03
3.448149e-03
3.487616e-03
3.523745e-03
3.559450e-03
3.596932e-03
3.633139e-03
3.669345e-03
3.704569e-03
3.739988e-03
3.774860e-03
3.808983e-03
3.842747e-03
3.875977e-03
3.904388e-03
3.934716e-03
3.960947e-03
3.989801e-03
4.016887e-03
4.046432e-03
4.076894e-03
4.108611e-03
4.141183e-03
4.174383e-03
4.207720e-03
4.240770e-03
4.273670e-03
4.306581e-03
4.339544e-03
4.372445e-03
4.405419e-03
4.438315e-03
4.471057e-03
4.503913e-03
4.536638e-03
4.569430e-03
4.602181e-03
4.634889e-03
4.667803e-03
4.700765e-03
4.733737e-03
4.766962e-03
4.800076e-03
4.832346e-03
4.863512e-03
4.893711e-03
4.923123e-03
4.951672e-03
4.979627e-03
5.007123e-03
5.034059e-03
5.060777e-03
5.087014e-03
5.113133e-03
5.138747e-03
5.164197e-03
5.189484e-03
5.214543e-03
5.239463e-03
5.264140e-03
5.288728e-03
5.313131e-03
5.337392e-03
5.361517e-03
5.385500e-03
5.409353e-03
5.433039e-03
5.456669e-03
5.480187e-03
5.503619e-03
5.526854e-03
5.549998e-03
5.573010e-03
5.595928e-03
5.618744e-03
5.641461e-03
5.664028e-03
5.686504e-03
5.708870e-03
5.731151e-03
5.753397e-03
5.775556e-03
5.797607e-03
5.819577e-03
5.841447e-03
5.863245e-03
5.884979e-03
5.906648e-03
5.928299e-03
5.949889e-03
5.971371e-03
5.992805e-03
6.014163e-03
6.035476e-03
6.056689e-03
6.077863e-03
6.098963e-03
6.120024e-03
6.141055e-03
6.162040e-03
6.183018e-03
6.203975e-03
6.224913e-03
6.245843e-03
6.266749e-03
6.287668e-03
6.308552e-03
6.329437e-03
6.350328e-03
6.371200e-03
6.391931e-03
6.412486e-03
6.432901e-03
6.453170e-03
6.473282e-03
6.493288e-03
6.513138e-03
6.532876e-03
6.552505e-03
6.572017e-03
6.591452e-03
6.610778e-03
6.630022e-03
6.649195e-03
6.668278e-03
6.687306e-03
6.706268e-03
6.725169e-03
6.744026e-03
6.762867e-03
6.781678e-03
6.800459e-03
6.819213e-03
6.837964e-03
6.856709e-03
6.875468e-03
6.894229e-03
6.912977e-03
6.931699e-03
6.950416e-03
6.969114e-03
6.987808e-03
7.006486e-03
7.025127e-03
7.043697e-03
7.062211e-03
7.080662e-03
7.099071e-03
7.117432e-03
7.135773e-03
7.154087e-03
7.172377e-03
7.190630e-03
7.208882e-03
7.227125e-03
7.245393e-03
7.263673e-03
7.281996e-03
7.300347e-03
7.318753e-03
7.337196e-03
7.355702e-03
7.374253e-03
7.392871e-03
7.411538e-03
7.430246e-03
7.448981e-03
7.467758e-03
7.486567e-03
7.505419e-03
7.524309e-03
7.543246e-03
7.562226e-03
7.581259e-03
7.600343e-03
7.619486e-03
7.638651e-03
7.657844e-03
7.677066e-03
7.696328e-03
7.715630e-03
7.734985e-03
7.754393e-03
7.773866e-03
7.793383e-03
7.812932e-03
7.832516e-03
7.852147e-03
7.871830e-03
7.891576e-03
7.911390e-03
7.931279e-03
7.951200e-03
7.971167e-03
7.991185e-03
8.011269e-03
8.031422e-03
8.051659e-03
8.071969e-03
8.092327e-03
8.112738e-03
8.133219e-03
8.153776e-03
8.174424e-03
8.195169e-03
8.215977e-03
8.236845e-03
8.257791e-03
8.278822e-03
8.299954e-03
8.321195e-03
8.342523e-03
8.363921e-03
8.385406e-03
8.406987e-03
8.428681e-03
8.450494e-03
8.472416e-03
8.494416e-03
8.516512e-03
8.538712e-03
8.561033e-03
8.583479e-03
8.606057e-03
8.628717e-03
8.651478e-03
8.674344e-03
8.697335e-03
8.720452e-03
8.743713e-03
8.767067e-03
8.790521e-03
8.814078e-03
8.837757e-03
8.861558e-03
8.885501e-03
8.909561e-03
8.933716e-03
8.957968e-03
8.982335e-03
9.006818e-03
9.031437e-03
9.056190e-03
9.081041e-03
9.105980e-03
9.131028e-03
9.156184e-03
9.181470e-03
9.206885e-03
9.232424e-03
9.258044e-03
9.283766e-03
9.309591e-03
9.335540e-03
9.361613e-03
9.387831e-03
9.414134e-03
9.440533e-03
9.467032e-03
9.493650e-03
9.520389e-03
9.547270e-03
9.574269e-03
9.601361e-03
9.628549e-03
9.655853e-03
9.683275e-03
9.710836e-03
9.738535e-03
9.766343e-03
9.794241e-03
9.822253e-03
9.850377e-03
9.878629e-03
9.907001e-03
9.935497e-03
9.964088e-03
9.992773e-03
1.002156e-02
1.005045e-02
1.007945e-02
1.010856e-02
1.013779e-02
1.016714e-02
1.019657e-02
1.022609e-02
1.025571e-02
1.028543e-02
1.031526e-02
1.034520e-02
1.037525e-02
1.040539e-02
1.043562e-02
1.046593e-02
1.049633e-02
1.052682e-02
1.055741e-02
1.058809e-02
1.061885e-02
1.064970e-02
1.068064e-02
1.071166e-02
1.074275e-02
1.077391e-02
1.080514e-02
1.083644e-02
1.086783e-02
1.089929e-02
1.093083e-02
1.096243e-02
1.099409e-02
1.102580e-02
1.105757e-02
1.108941e-02
1.112130e-02
1.115325e-02
1.118526e-02
1.121734e-02
1.124946e-02
1.128164e-02
1.131386e-02
1.134611e-02
1.137842e-02
1.141077e-02
1.144318e-02
1.147563e-02
1.150814e-02
1.154068e-02
1.157326e-02
1.160587e-02
1.163852e-02
1.167121e-02
1.170393e-02
1.173670e-02
1.176952e-02
1.180238e-02
1.183527e-02
1.186818e-02
1.190112e-02
1.193410e-02
1.196711e-02
1.200015e-02
1.203323e-02
1.206636e-02
1.209953e-02
1.213272e-02
1.216593e-02
1.219917e-02
1.223244e-02
1.226575e-02
1.229909e-02
1.233249e-02
1.236593e-02
1.239940e-02
1.243289e-02
1.246641e-02
1.249996e-02
1.253355e-02
1.256719e-02
1.260088e-02
1.263463e-02
1.266841e-02
1.270222e-02
1.273606e-02
1.276994e-02
1.280388e-02
1.283786e-02
1.287191e-02
1.290603e-02
1.294019e-02
1.297439e-02
1.300863e-02
1.304292e-02
1.307727e-02
1.311169e-02
1.314619e-02
1.318076e-02
1.321538e-02
1.325006e-02
1.328479e-02
1.331958e-02
1.335444e-02
1.338938e-02
1.342440e-02
1.345951e-02
1.349468e-02
1.352991e-02
1.356521e-02
1.360058e-02
1.363602e-02
1.367155e-02
1.370716e-02
1.374286e-02
1.377864e-02
1.381449e-02
1.385041e-02
1.388640e-02
1.392247e-02
1.395862e-02
1.399485e-02
1.403118e-02
1.406760e-02
1.410409e-02
1.414066e-02
1.417730e-02
1.421401e-02
1.425080e-02
1.428767e-02
1.432463e-02
1.436168e-02
1.439882e-02
1.443604e-02
1.447333e-02
1.451069e-02
1.454812e-02
1.458562e-02
1.462319e-02
1.466085e-02
1.469860e-02
1.473643e-02
1.477436e-02
1.481234e-02
1.485040e-02
1.488852e-02
1.492670e-02
1.496496e-02
1.500329e-02
1.504171e-02
1.508021e-02
1.511880e-02
1.515746e-02
1.519619e-02
1.523498e-02
1.527383e-02
1.531274e-02
1.535173e-02
1.539080e-02
1.542995e-02
1.546919e-02
1.550852e-02
1.554791e-02
1.558737e-02
1.562688e-02
1.566646e-02
1.570611e-02
1.574583e-02
1.578563e-02
1.582552e-02
1.586549e-02
1.590555e-02
1.594568e-02
1.598587e-02
1.602611e-02
1.606642e-02
1.610680e-02
1.614725e-02
1.618778e-02
1.622840e-02
1.626909e-02
1.630988e-02
1.635074e-02
1.639165e-02
1.643262e-02
1.647365e-02
1.651474e-02
1.655591e-02
1.659716e-02
1.663848e-02
1.667989e-02
1.672139e-02
1.676296e-02
1.680459e-02
1.684628e-02
1.688802e-02
1.692983e-02
1.697171e-02
1.701367e-02
1.705570e-02
1.709781e-02
1.714000e-02
1.718229e-02
1.722464e-02
1.726704e-02
1.730950e-02
1.735201e-02
1.739460e-02
1.743725e-02
1.747997e-02
1.752277e-02
1.756565e-02
1.760862e-02
1.765166e-02
1.769477e-02
1.773792e-02
1.778113e-02
1.782440e-02
1.786773e-02
1.791112e-02
1.795459e-02
1.799812e-02
1.804174e-02
1.808544e-02
1.812921e-02
1.817303e-02
1.821691e-02
1.826084e-02
1.830483e-02
1.834887e-02
1.839298e-02
1.843716e-02
1.848140e-02
1.852572e-02
1.857012e-02
1.861457e-02
1.865907e-02
1.870362e-02
1.874822e-02
1.879287e-02
1.883758e-02
1.888233e-02
1.892712e-02
1.897196e-02
1.901685e-02
1.906178e-02
1.910677e-02
1.915177e-02
1.919679e-02
1.924183e-02
1.928688e-02
1.933194e-02
1.937703e-02
1.942213e-02
1.946725e-02
1.951240e-02
1.955759e-02
1.960280e-02
1.964807e-02
1.969334e-02
1.973862e-02
1.978391e-02
1.982924e-02
1.987460e-02
1.992000e-02
1.996545e-02
2.001096e-02
2.005653e-02
2.010217e-02
2.014787e-02
2.019362e-02
2.023944e-02
2.028533e-02
2.033129e-02
2.037734e-02
2.042346e-02
2.046968e-02
2.051599e-02
2.056240e-02
2.060890e-02
2.065548e-02
2.070215e-02
2.074891e-02
2.079577e-02
2.084274e-02
2.088981e-02
2.093698e-02
2.098427e-02
2.103167e-02
2.107919e-02
2.112682e-02
2.117455e-02
2.122237e-02
2.127028e-02
2.131829e-02
2.136640e-02
2.141460e-02
2.146291e-02
2.151132e-02
2.155983e-02
2.160844e-02
2.165717e-02
2.170600e-02
2.175493e-02
2.180398e-02
2.185314e-02
2.190241e-02
2.195177e-02
2.200124e-02
2.205080e-02
2.210047e-02
2.214808e-02
2.219794e-02
2.224788e-02
2.229793e-02
2.234339e-02
2.239340e-02
2.244374e-02
2.249392e-02
2.254256e-02
2.259238e-02
2.264043e-02
2.268996e-02
2.273924e-02
2.278833e-02
2.283723e-02
2.288598e-02
2.293449e-02
2.298285e-02
2.303098e-02
2.307902e-02
2.312687e-02
2.317457e-02
2.322209e-02
2.326955e-02
2.331686e-02
2.336403e-02
2.341107e-02
2.345809e-02
2.350500e-02
2.355178e-02
2.359848e-02
2.364510e-02
2.369159e-02
2.373803e-02
2.378444e-02
2.383080e-02
2.387706e-02
2.392329e-02
2.396947e-02
2.401563e-02
2.406171e-02
2.410777e-02
2.415384e-02
2.419988e-02
2.424587e-02
2.429188e-02
2.433787e-02
2.438386e-02
2.442984e-02
2.447585e-02
2.452185e-02
2.456784e-02
2.461379e-02
2.465973e-02
2.470566e-02
2.475157e-02
2.479745e-02
2.484333e-02
2.488917e-02
2.493496e-02
2.498064e-02
2.502631e-02
2.507186e-02
2.511730e-02
2.516268e-02
2.520806e-02
2.525332e-02
2.529851e-02
2.534373e-02
2.538894e-02
2.543408e-02
2.547921e-02
2.552443e-02
2.556969e-02
2.561496e-02
2.566030e-02
2.570582e-02
2.575143e-02
2.579716e-02
2.584307e-02
2.588921e-02
2.593549e-02
2.598197e-02
2.602861e-02
2.607551e-02
2.612262e-02
2.616959e-02
2.621647e-02
2.626325e-02
2.631000e-02
2.635671e-02
2.640336e-02
2.644996e-02
2.649654e-02
2.654311e-02
2.658970e-02
2.663629e-02
2.668294e-02
2.672960e-02
2.677627e-02
2.682293e-02
2.686963e-02
2.691636e-02
2.696316e-02
2.701003e-02
2.705702e-02
2.710409e-02
2.715125e-02
2.719851e-02
2.724591e-02
2.729343e-02
2.734112e-02
2.738897e-02
2.743701e-02
2.748520e-02
2.753355e-02
2.758207e-02
2.763076e-02
2.767961e-02
2.772858e-02
2.777767e-02
2.782689e-02
2.787622e-02
2.792569e-02
2.797528e-02
2.802500e-02
2.807485e-02
2.812484e-02
2.817490e-02
2.822504e-02
2.827525e-02
2.832556e-02
2.837594e-02
2.842642e-02
2.847697e-02
2.852758e-02
2.857823e-02
2.862895e-02
2.867971e-02
2.873055e-02
2.878143e-02
2.883238e-02
2.888334e-02
2.893433e-02
2.898534e-02
2.903640e-02
2.908750e-02
2.913865e-02
2.918986e-02
2.924113e-02
2.929242e-02
2.934378e-02
2.939519e-02
2.944668e-02
2.949825e-02
2.954992e-02
2.960168e-02
2.965351e-02
2.970540e-02
2.975738e-02
2.980944e-02
2.986162e-02
2.991390e-02
2.996632e-02
3.001884e-02
3.007147e-02
3.012419e-02
3.017699e-02
3.022986e-02
3.028278e-02
3.033575e-02
3.038877e-02
3.044182e-02
3.049490e-02
3.054800e-02
3.060113e-02
3.065395e-02
3.070603e-02
3.075743e-02
3.080836e-02
3.085897e-02
3.090927e-02
3.095946e-02
3.100949e-02
3.105912e-02
3.110884e-02
3.115825e-02
3.120762e-02
3.125661e-02
3.130574e-02
3.135470e-02
3.140414e-02
3.145356e-02
3.150342e-02
3.155344e-02
3.160359e-02
3.165376e-02
3.170398e-02
3.175425e-02
3.180457e-02
3.185430e-02
3.190378e-02
3.195269e-02
3.200137e-02
3.204965e-02
3.209780e-02
3.214546e-02
3.219278e-02
3.223986e-02
3.228675e-02
3.233333e-02
3.237975e-02
3.242591e-02
3.247192e-02
3.251778e-02
3.256352e-02
3.260899e-02
3.265438e-02
3.269951e-02
3.274452e-02
3.278927e-02
3.283397e-02
3.287836e-02
3.292267e-02
3.296679e-02
3.301088e-02
3.305473e-02
3.309846e-02
3.314203e-02
3.318563e-02
3.322911e-02
3.327248e-02
3.331566e-02
3.335889e-02
3.340196e-02
3.344501e-02
3.348789e-02
3.353081e-02
3.357359e-02
3.361643e-02
3.365917e-02
3.370186e-02
3.374442e-02
3.378710e-02
3.382970e-02
3.387224e-02
3.391467e-02
3.395721e-02
3.399966e-02
3.404213e-02
3.408450e-02
3.412695e-02
3.416929e-02
3.421172e-02
3.425407e-02
3.429643e-02
3.433870e-02
3.438109e-02
3.442342e-02
3.446571e-02
3.450792e-02
3.455019e-02
3.459243e-02
3.463463e-02
3.467678e-02
3.471888e-02
3.476092e-02
3.480289e-02
3.484480e-02
3.488668e-02
3.492850e-02
3.497024e-02
3.501195e-02
3.505365e-02
3.509526e-02
3.513688e-02
3.517847e-02
3.521999e-02
3.526151e-02
3.530303e-02
3.534451e-02
3.538600e-02
3.542753e-02
3.546905e-02
3.551059e-02
3.555218e-02
3.559379e-02
3.563545e-02
3.567711e-02
3.571884e-02
3.576060e-02
3.580238e-02
3.584425e-02
3.588615e-02
3.592807e-02
3.597005e-02
3.601211e-02
3.605418e-02
3.609631e-02
3.613848e-02
3.618066e-02
3.622285e-02
3.626499e-02
3.630717e-02
3.634940e-02
3.639167e-02
3.643390e-02
3.647621e-02
3.651857e-02
3.656107e-02
3.660353e-02
3.664614e-02
3.668880e-02
3.673163e-02
3.677446e-02
3.681746e-02
3.686052e-02
3.690378e-02
3.694714e-02
3.699069e-02
3.703429e-02
3.707810e-02
3.712209e-02
3.716627e-02
3.721053e-02
3.725499e-02
3.729958e-02
3.734437e-02
3.738930e-02
3.743440e-02
3.747959e-02
3.752486e-02
3.757014e-02
3.761515e-02
3.765992e-02
3.770457e-02
3.774926e-02
3.779387e-02
3.783826e-02
3.788252e-02
3.792681e-02
3.797115e-02
3.801558e-02
3.805982e-02
3.810405e-02
3.814828e-02
3.819268e-02
3.823721e-02
3.828188e-02
3.832643e-02
3.837101e-02
3.841562e-02
3.846037e-02
3.850526e-02
3.855024e-02
3.859511e-02
3.863996e-02
3.868482e-02
3.872977e-02
3.877476e-02
3.881961e-02
3.886438e-02
3.890918e-02
3.895404e-02
3.899902e-02
3.904381e-02
3.908855e-02
3.913329e-02
3.917814e-02
3.922313e-02
3.926816e-02
3.931305e-02
3.935799e-02
3.940301e-02
3.944825e-02
3.949372e-02
3.953915e-02
3.958453e-02
3.963006e-02
3.967576e-02
3.972177e-02
3.976804e-02
3.981426e-02
3.986053e-02
3.990704e-02
3.995378e-02
4.000086e-02
4.004826e-02
4.009570e-02
4.014326e-02
4.019106e-02
4.023907e-02
4.028736e-02
4.033591e-02
4.038476e-02
4.043375e-02
4.048289e-02
4.053212e-02
4.058155e-02
4.063119e-02
4.068107e-02
4.073121e-02
4.078157e-02
4.083196e-02
4.088248e-02
4.093312e-02
4.098395e-02
4.103494e-02
4.108614e-02
4.113751e-02
4.118893e-02
4.124038e-02
4.129190e-02
4.134353e-02
4.139528e-02
4.144715e-02
4.149914e-02
4.155117e-02
4.160316e-02
4.165524e-02
4.170740e-02
4.175963e-02
4.181195e-02
4.186436e-02
4.191678e-02
4.196921e-02
4.202168e-02
4.207421e-02
4.212680e-02
4.217948e-02
4.223223e-02
4.228502e-02
4.233777e-02
4.239061e-02
4.244351e-02
4.249648e-02
4.254955e-02
4.260266e-02
4.265575e-02
4.270894e-02
4.276218e-02
4.281554e-02
4.286899e-02
4.292254e-02
4.297613e-02
4.302977e-02
4.308342e-02
4.313724e-02
4.319115e-02
4.324516e-02
4.329926e-02
4.335338e-02
4.340752e-02
4.346184e-02
4.351617e-02
4.357069e-02
4.362525e-02
4.367998e-02
4.373474e-02
4.378961e-02
4.384449e-02
4.389962e-02
4.395476e-02
4.401017e-02
4.406559e-02
4.412120e-02
4.417682e-02
4.423292e-02
4.428903e-02
4.434582e-02
4.440263e-02
4.446043e-02
4.451823e-02
4.457606e-02
4.463390e-02
4.469177e-02
4.474964e-02
4.480753e-02
4.486544e-02
4.492338e-02
4.498134e-02
4.503934e-02
4.509736e-02
4.515541e-02
4.521347e-02
4.527153e-02
4.532960e-02
4.538765e-02
4.544569e-02
4.550373e-02
4.556178e-02
4.561984e-02
4.567793e-02
4.573604e-02
4.579416e-02
4.585231e-02
4.591048e-02
4.596868e-02
4.602689e-02
4.608514e-02
4.614341e-02
4.620172e-02
4.626008e-02
4.631849e-02
4.637695e-02
4.643544e-02
4.649394e-02
4.655243e-02
4.661093e-02
4.666942e-02
4.672792e-02
4.678642e-02
4.684493e-02
4.690346e-02
4.696201e-02
4.702059e-02
4.707918e-02
4.713780e-02
4.719645e-02
4.725514e-02
4.731385e-02
4.737260e-02
4.743138e-02
4.749020e-02
4.754905e-02
4.760795e-02
4.766687e-02
4.772584e-02
4.778485e-02
4.784389e-02
4.790298e-02
4.796208e-02
4.802124e-02
4.808042e-02
4.813964e-02
4.819871e-02
4.825767e-02
4.831651e-02
4.837521e-02
4.843380e-02
4.849228e-02
4.855069e-02
4.860912e-02
4.866752e-02
4.872597e-02
4.878434e-02
4.884274e-02
4.890120e-02
4.895973e-02
4.901820e-02
4.907668e-02
4.913525e-02
4.919381e-02
4.925222e-02
4.931057e-02
4.936888e-02
4.942725e-02
4.948575e-02
4.954405e-02
4.960222e-02
4.966033e-02
4.971850e-02
4.977677e-02
4.983520e-02
4.989343e-02
4.995158e-02
5.000972e-02
5.006796e-02
5.012631e-02
5.018470e-02
5.024297e-02
5.030129e-02
5.035970e-02
5.041832e-02
5.047716e-02
5.053595e-02
5.059484e-02
5.065420e-02
5.071375e-02
5.077371e-02
5.083390e-02
5.089409e-02
5.095433e-02
5.101457e-02
5.107485e-02
5.113514e-02
5.119545e-02
5.125575e-02
5.131607e-02
5.137636e-02
5.143667e-02
5.149695e-02
5.155724e-02
5.161750e-02
5.167777e-02
5.173801e-02
5.179825e-02
5.185847e-02
5.191870e-02
5.197891e-02
5.203913e-02
5.209935e-02
5.215958e-02
5.221980e-02
5.228005e-02
5.234031e-02
5.240060e-02
5.246093e-02
5.252128e-02
5.258166e-02
5.264210e-02
5.270257e-02
5.276311e-02
5.282370e-02
5.288435e-02
5.294505e-02
5.300580e-02
5.306656e-02
5.312736e-02
5.318818e-02
5.324904e-02
5.330991e-02
5.337083e-02
5.343177e-02
5.349275e-02
5.355376e-02
5.361476e-02
5.367576e-02
5.373675e-02
5.379774e-02
5.385872e-02
5.391970e-02
5.398068e-02
5.404167e-02
5.410265e-02
5.416363e-02
5.422460e-02
5.428558e-02
5.432743e-02
5.436854e-02
5.441020e-02
5.445140e-02
5.449319e-02
5.453450e-02
5.457643e-02
5.461788e-02
5.465996e-02
5.470154e-02
5.474379e-02
5.478553e-02
5.482797e-02
5.486989e-02
5.491256e-02
5.495487e-02
5.499798e-02
5.504096e-02
5.507839e-02
5.511585e-02
5.515358e-02
5.519129e-02
5.522936e-02
5.526733e-02
5.530530e-02
5.534353e-02
5.538237e-02
5.541889e-02
5.545555e-02
5.549215e-02
5.552849e-02
5.556516e-02
5.560208e-02
5.563885e-02
5.567597e-02
5.571284e-02
5.575017e-02
5.578716e-02
5.582474e-02
5.586185e-02
5.589873e-02
5.593571e-02
5.597292e-02
5.601030e-02
5.604790e-02
5.608578e-02
5.612382e-02
5.616224e-02
5.620077e-02
5.623979e-02
5.627886e-02
5.631851e-02
5.635815e-02
5.639843e-02
5.643862e-02
5.647578e-02
5.651370e-02
5.655092e-02
5.658909e-02
5.662637e-02
5.666390e-02
5.670131e-02
5.673919e-02
5.677673e-02
5.681501e-02
5.685217e-02
5.689091e-02
5.692876e-02
5.696591e-02
5.700298e-02
5.704020e-02
5.707731e-02
5.711460e-02
5.715175e-02
5.718910e-02
5.722629e-02
5.726370e-02
5.730107e-02
5.733869e-02
5.737644e-02
5.741442e-02
5.745267e-02
5.749113e-02
5.753000e-02
5.756855e-02
5.760811e-02
5.764778e-02
5.768486e-02
5.772209e-02
5.775917e-02
5.779644e-02
5.783353e-02
5.787087e-02
5.790804e-02
5.794551e-02
5.798304e-02
5.802090e-02
5.805904e-02
5.809752e-02
5.813650e-02
5.817553e-02
5.821447e-02
5.825162e-02
5.828866e-02
5.832590e-02
5.836299e-02
5.840035e-02
5.843752e-02
5.847501e-02
5.851227e-02
5.854990e-02
5.858728e-02
5.862509e-02
5.866292e-02
5.870122e-02
5.873984e-02
5.877884e-02
5.881803e-02
5.885733e-02
5.889683e-02
5.893674e-02
5.897710e-02
5.901467e-02
5.905200e-02
5.908966e-02
5.912703e-02
5.916480e-02
5.920221e-02
5.924008e-02
5.927753e-02
5.931550e-02
5.935329e-02
5.939165e-02
5.943022e-02
5.946938e-02
5.950909e-02
5.954934e-02
5.959045e-02
5.963202e-02
5.967403e-02
5.971600e-02
5.975812e-02
5.980018e-02
5.984221e-02
5.988410e-02
5.992187e-02
5.996009e-02
5.999795e-02
6.003632e-02
6.007429e-02
6.011280e-02
6.015089e-02
6.018952e-02
6.022801e-02
6.026705e-02
6.030629e-02
6.034606e-02
6.038573e-02
6.042550e-02
6.046526e-02
6.050503e-02
6.054473e-02
6.058448e-02
6.062422e-02
6.066395e-02
6.070362e-02
6.074327e-02
6.078148e-02
6.082009e-02
6.085834e-02
6.089707e-02
6.093537e-02
6.097419e-02
6.101254e-02
6.105144e-02
6.108985e-02
6.112881e-02
6.116731e-02
6.120634e-02
6.124523e-02
6.128466e-02
6.132428e-02
6.136442e-02
6.140508e-02
6.144623e-02
6.148822e-02
6.153061e-02
6.157418e-02
6.161803e-02
6.166237e-02
6.170616e-02
6.174871e-02
6.178756e-02
6.182601e-02
6.186492e-02
6.190341e-02
6.194244e-02
6.198101e-02
6.202014e-02
6.205880e-02
6.209804e-02
6.213680e-02
6.217611e-02
6.221516e-02
6.225477e-02
6.229445e-02
6.233470e-02
6.237534e-02
6.241652e-02
6.245826e-02
6.250061e-02
6.254200e-02
6.258439e-02
6.262539e-02
6.266724e-02
6.270782e-02
6.274912e-02
6.278926e-02
6.282996e-02
6.286966e-02
6.290979e-02
6.294904e-02
6.298862e-02
6.302745e-02
6.306653e-02
6.310498e-02
6.314365e-02
6.318179e-02
6.322003e-02
6.325810e-02
6.329639e-02
6.333467e-02
6.337301e-02
6.341137e-02
6.344979e-02
6.348821e-02
6.352670e-02
6.356517e-02
6.360372e-02
6.364229e-02
6.368091e-02
6.371949e-02
6.375814e-02
6.379678e-02
6.383548e-02
6.387416e-02
6.391289e-02
6.395457e-02
6.399613e-02
6.403784e-02
6.407986e-02
6.412226e-02
6.416494e-02
6.420721e-02
6.425011e-02
6.429137e-02
6.433268e-02
6.437390e-02
6.441517e-02
6.445635e-02
6.449712e-02
6.453776e-02
6.457866e-02
6.461978e-02
6.466114e-02
6.470280e-02
6.474472e-02
6.478449e-02
6.482427e-02
6.486393e-02
6.490318e-02
6.494223e-02
6.498145e-02
6.502077e-02
6.506026e-02
6.509990e-02
6.513976e-02
6.517988e-02
6.522018e-02
6.525826e-02
6.529635e-02
6.533429e-02
6.537182e-02
6.540920e-02
6.544673e-02
6.548445e-02
6.552248e-02
6.556087e-02
6.559956e-02
6.563616e-02
6.567282e-02
6.570938e-02
6.574566e-02
6.578186e-02
6.581833e-02
6.585504e-02
6.589204e-02
6.592942e-02
6.596716e-02
6.600271e-02
6.603834e-02
6.607393e-02
6.610929e-02
6.614466e-02
6.618034e-02
6.621635e-02
6.625270e-02
6.628744e-02
6.632228e-02
6.635707e-02
6.639199e-02
6.642690e-02
6.646163e-02
6.649646e-02
6.653159e-02
6.656719e-02
6.660325e-02
6.663738e-02
6.667165e-02
6.670593e-02
6.674010e-02
6.677436e-02
6.680898e-02
6.684401e-02
6.687942e-02
6.691314e-02
6.694701e-02
6.698087e-02
6.701463e-02
6.704847e-02
6.708264e-02
6.711720e-02
6.715212e-02
6.718553e-02
6.721907e-02
6.725262e-02
6.728635e-02
6.732012e-02
6.735377e-02
6.738758e-02
6.742172e-02
6.745483e-02
6.748804e-02
6.752124e-02
6.755462e-02
6.758805e-02
6.762137e-02
6.765483e-02
6.768861e-02
6.772288e-02
6.775761e-02
6.779064e-02
6.782385e-02
6.785710e-02
6.789029e-02
6.792360e-02
6.795730e-02
6.799144e-02
6.802600e-02
6.805894e-02
6.809207e-02
6.812523e-02
6.815835e-02
6.819160e-02
6.822521e-02
6.825932e-02
6.829395e-02
6.832682e-02
6.835991e-02
6.839307e-02
6.842622e-02
6.845957e-02
6.849332e-02
6.852603e-02
6.855890e-02
6.859179e-02
6.862492e-02
6.865814e-02
6.869136e-02
6.872484e-02
6.875874e-02
6.879148e-02
6.882439e-02
6.885733e-02
6.889028e-02
6.892339e-02
6.895691e-02
6.899097e-02
6.902562e-02
6.905849e-02
6.909161e-02
6.912481e-02
6.915802e-02
6.919146e-02
6.922532e-02
6.925815e-02
6.929114e-02
6.932415e-02
6.935715e-02
6.939028e-02
6.942382e-02
6.945782e-02
6.949231e-02
6.952529e-02
6.955848e-02
6.959172e-02
6.962494e-02
6.965831e-02
6.969209e-02
6.972637e-02
6.976114e-02
6.979425e-02
6.982757e-02
6.986094e-02
6.989424e-02
6.992769e-02
6.996152e-02
6.999589e-02
7.003081e-02
7.006400e-02
7.009741e-02
7.013087e-02
7.016427e-02
7.019781e-02
7.023173e-02
7.026617e-02
7.030116e-02
7.033450e-02
7.036806e-02
7.040166e-02
7.043517e-02
7.046880e-02
7.050278e-02
7.053722e-02
7.057218e-02
7.060575e-02
7.063951e-02
7.067332e-02
7.070700e-02
7.074074e-02
7.077480e-02
7.080923e-02
7.084414e-02
7.087964e-02
7.091565e-02
7.094974e-02
7.098371e-02
7.101767e-02
7.105195e-02
7.108652e-02
7.112143e-02
7.115674e-02
7.119248e-02
7.122875e-02
7.126547e-02
7.130019e-02
7.133473e-02
7.136923e-02
7.140401e-02
7.143905e-02
7.147447e-02
7.151024e-02
7.154631e-02
7.158275e-02
7.161958e-02
7.165495e-02
7.169046e-02
7.172598e-02
7.176123e-02
7.179640e-02
7.183184e-02
7.186751e-02
7.190358e-02
7.193996e-02
7.197664e-02
7.201364e-02
7.205098e-02
7.208874e-02
7.212684e-02
7.216294e-02
7.219874e-02
7.223439e-02
7.227028e-02
7.230632e-02
7.234271e-02
7.237933e-02
7.241628e-02
7.245343e-02
7.249076e-02
7.252828e-02
7.256607e-02
7.260417e-02
7.264254e-02
7.268135e-02
7.272184e-02
7.275778e-02
7.279391e-02
7.283015e-02
7.286670e-02
7.290342e-02
7.294041e-02
7.297755e-02
7.301480e-02
7.305218e-02
7.308978e-02
7.312758e-02
7.316559e-02
7.320386e-02
7.324236e-02
7.328125e-02
7.332164e-02
7.336262e-02
7.339915e-02
7.343933e-02
7.347624e-02
7.351685e-02
7.355417e-02
7.359166e-02
7.362928e-02
7.366705e-02
7.370481e-02
7.374271e-02
7.378076e-02
7.381905e-02
7.385749e-02
7.389622e-02
7.393512e-02
7.397438e-02
7.401383e-02
7.405357e-02
7.409527e-02
7.413664e-02
7.417848e-02
7.421990e-02
7.426174e-02
7.430009e-02
7.434183e-02
7.438056e-02
7.442221e-02
7.446122e-02
7.450240e-02
7.454167e-02
7.458249e-02
7.462206e-02
7.466292e-02
7.470285e-02
7.474401e-02
7.478445e-02
7.482556e-02
7.486619e-02
7.490716e-02
7.494765e-02
7.498846e-02
7.502879e-02
7.506945e-02
7.510965e-02
7.515053e-02
7.519198e-02
7.523266e-02
7.527389e-02
7.531447e-02
7.535562e-02
7.539623e-02
7.543742e-02
7.547816e-02
7.551950e-02
7.556042e-02
7.560189e-02
7.564298e-02
7.568451e-02
7.572565e-02
7.576723e-02
7.580841e-02
7.585004e-02
7.589127e-02
7.593293e-02
7.597399e-02
7.601470e-02
7.605585e-02
7.609681e-02
7.613828e-02
7.617958e-02
7.622136e-02
7.626295e-02
7.630496e-02
7.634676e-02
7.638889e-02
7.643080e-02
7.647298e-02
7.651491e-02
7.655707e-02
7.659899e-02
7.664116e-02
7.668307e-02
7.672521e-02
7.676712e-02
7.680922e-02
7.685115e-02
7.689320e-02
7.693514e-02
7.697715e-02
7.701898e-02
7.706106e-02
7.710307e-02
7.714530e-02
7.718734e-02
7.722961e-02
7.727170e-02
7.731401e-02
7.735615e-02
7.739850e-02
7.744070e-02
7.748310e-02
7.752537e-02
7.756783e-02
7.761017e-02
7.765270e-02
7.769512e-02
7.773772e-02
7.778024e-02
7.782292e-02
7.786555e-02
7.790832e-02
7.795106e-02
7.799395e-02
7.803681e-02
7.807982e-02
7.812125e-02
7.816278e-02
7.820441e-02
7.824595e-02
7.828745e-02
7.832908e-02
7.837078e-02
7.841265e-02
7.845454e-02
7.849630e-02
7.853793e-02
7.857965e-02
7.862140e-02
7.866326e-02
7.870517e-02
7.874709e-02
7.878903e-02
7.883079e-02
7.887236e-02
7.891402e-02
7.895571e-02
7.899754e-02
7.903942e-02
7.908139e-02
7.912335e-02
7.916514e-02
7.920680e-02
7.924855e-02
7.929033e-02
7.933222e-02
7.937416e-02
7.941615e-02
7.945815e-02
7.949997e-02
7.954168e-02
7.958347e-02
7.962531e-02
7.966725e-02
7.970924e-02
7.975127e-02
7.979332e-02
7.983520e-02
7.987699e-02
7.991887e-02
7.996080e-02
8.000283e-02
8.004490e-02
8.008690e-02
8.012887e-02
8.017091e-02
8.021301e-02
8.025516e-02
8.029735e-02
8.033945e-02
8.038153e-02
8.042367e-02
8.046581e-02
8.050826e-02
8.054938e-02
8.059058e-02
8.063179e-02
8.067324e-02
8.071479e-02
8.075654e-02
8.079840e-02
8.084012e-02
8.088177e-02
8.092360e-02
8.096554e-02
8.100766e-02
8.104989e-02
8.109214e-02
8.113446e-02
8.117689e-02
8.121931e-02
8.126171e-02
8.130319e-02
8.134477e-02
8.138628e-02
8.142727e-02
8.146795e-02
8.150880e-02
8.154973e-02
8.159098e-02
8.163239e-02
8.167407e-02
8.171590e-02
8.175772e-02
8.179959e-02
8.184165e-02
8.188368e-02
8.192581e-02
8.196801e-02
8.201035e-02
8.205280e-02
8.209534e-02
8.213677e-02
8.217824e-02
8.221966e-02
8.226056e-02
8.230121e-02
8.234206e-02
8.238306e-02
8.242440e-02
8.246597e-02
8.250783e-02
8.254988e-02
8.259197e-02
8.263415e-02
8.267655e-02
8.271917e-02
8.276192e-02
8.280489e-02
8.284804e-02
8.288953e-02
8.293106e-02
8.297257e-02
8.301358e-02
8.305434e-02
8.309531e-02
8.313641e-02
8.317785e-02
8.321950e-02
8.326144e-02
8.330356e-02
8.334570e-02
8.338772e-02
8.342982e-02
8.347199e-02
8.351435e-02
8.355688e-02
8.359919e-02
8.364139e-02
8.368373e-02
8.372535e-02
8.376652e-02
8.380743e-02
8.384851e-02
8.388971e-02
8.393121e-02
8.397290e-02
8.401487e-02
8.405699e-02
8.409912e-02
8.414129e-02
8.418368e-02
8.422626e-02
8.426897e-02
8.431186e-02
8.435460e-02
8.439718e-02
8.443987e-02
8.448156e-02
8.452329e-02
8.456500e-02
8.460623e-02
8.464722e-02
8.468841e-02
8.472974e-02
8.477142e-02
8.481331e-02
8.485551e-02
8.489790e-02
8.494032e-02
8.498285e-02
8.502557e-02
8.506854e-02
8.511152e-02
8.515443e-02
8.519741e-02
8.523910e-02
8.528085e-02
8.532258e-02
8.536386e-02
8.540492e-02
8.544621e-02
8.548766e-02
8.552946e-02
8.557152e-02
8.561388e-02
8.565646e-02
8.569908e-02
8.574186e-02
8.578485e-02
8.582813e-02
8.587100e-02
8.591263e-02
8.595433e-02
8.599601e-02
8.603716e-02
8.607803e-02
8.611909e-02
8.616032e-02
8.620190e-02
8.624376e-02
8.628594e-02
8.632836e-02
8.637086e-02
8.641352e-02
8.645624e-02
8.649876e-02
8.654139e-02
8.658292e-02
8.662452e-02
8.666609e-02
8.670715e-02
8.674795e-02
8.678893e-02
8.683007e-02
8.687157e-02
8.691333e-02
8.695540e-02
8.699772e-02
8.704009e-02
8.708263e-02
8.712536e-02
8.716840e-02
8.721146e-02
8.725284e-02
8.729430e-02
8.733573e-02
8.737676e-02
8.741759e-02
8.745864e-02
8.749986e-02
8.754143e-02
8.758324e-02
8.762520e-02
8.766735e-02
8.770974e-02
8.775241e-02
8.779529e-02
8.783851e-02
8.788193e-02
8.792323e-02
8.796460e-02
8.800595e-02
8.804686e-02
8.808760e-02
8.812857e-02
8.816973e-02
8.821126e-02
8.825306e-02
8.829504e-02
8.833725e-02
8.837972e-02
8.842252e-02
8.846554e-02
8.850667e-02
8.854788e-02
8.858907e-02
8.862987e-02
8.867049e-02
8.871133e-02
8.875236e-02
8.879373e-02
8.883536e-02
8.887715e-02
8.891914e-02
8.896138e-02
8.900391e-02
8.904667e-02
8.908977e-02
8.913309e-02
8.917422e-02
8.921543e-02
8.925663e-02
8.929738e-02
8.933798e-02
8.937882e-02
8.941987e-02
8.946129e-02
8.950300e-02
8.954489e-02
8.958703e-02
8.962942e-02
8.967197e-02
8.971473e-02
8.975577e-02
8.979691e-02
8.983803e-02
8.987865e-02
8.991903e-02
8.995961e-02
9.000036e-02
9.004148e-02
9.008287e-02
9.012458e-02
9.016654e-02
9.020856e-02
9.025075e-02
9.029313e-02
9.033581e-02
9.037872e-02
9.041976e-02
9.046089e-02
9.050200e-02
9.054271e-02
9.058324e-02
9.062399e-02
9.066491e-02
9.070618e-02
9.074769e-02
9.078935e-02
9.083119e-02
9.087326e-02
9.091558e-02
9.095810e-02
9.100046e-02
9.104296e-02
9.108408e-02
9.112528e-02
9.116646e-02
9.120725e-02
9.124782e-02
9.128861e-02
9.132956e-02
9.137083e-02
9.141234e-02
9.145412e-02
9.149610e-02
9.153809e-02
9.158020e-02
9.162248e-02
9.166503e-02
9.170777e-02
9.174889e-02
9.179007e-02
9.183123e-02
9.187245e-02
9.191367e-02
9.195443e-02
9.199500e-02
9.203581e-02
9.207680e-02
9.211816e-02
9.215978e-02
9.220157e-02
9.224355e-02
9.228581e-02
9.232830e-02
9.237098e-02
9.241382e-02
9.245690e-02
9.249808e-02
9.253934e-02
9.258058e-02
9.262137e-02
9.266196e-02
9.270277e-02
9.274374e-02
9.278506e-02
9.282662e-02
9.286848e-02
9.291054e-02
9.295263e-02
9.299484e-02
9.303725e-02
9.307960e-02
9.312178e-02
9.316382e-02
9.320574e-02
9.324699e-02
9.328770e-02
9.332815e-02
9.336876e-02
9.340951e-02
9.345060e-02
9.349193e-02
9.353358e-02
9.357545e-02
9.361736e-02
9.365939e-02
9.370161e-02
9.374406e-02
9.378670e-02
9.382962e-02
9.387273e-02
9.391401e-02
9.395535e-02
9.399668e-02
9.403757e-02
9.407826e-02
9.411916e-02
9.416020e-02
9.420158e-02
9.424319e-02
9.428509e-02
9.432718e-02
9.436929e-02
9.441151e-02
9.445390e-02
9.449651e-02
9.453929e-02
9.458233e-02
9.462554e-02
9.466696e-02
9.470844e-02
9.474995e-02
9.479098e-02
9.483177e-02
9.487275e-02
9.491385e-02
9.495526e-02
9.499685e-02
9.503869e-02
9.508068e-02
9.512246e-02
9.516414e-02
9.520598e-02
9.524791e-02
9.529001e-02
9.533206e-02
9.537345e-02
9.541480e-02
9.545620e-02
9.549756e-02
9.553899e-02
9.558038e-02
9.562183e-02
9.566325e-02
9.570473e-02
9.574618e-02
9.578769e-02
9.582917e-02
9.587062e-02
9.591201e-02
9.595343e-02
9.599486e-02
9.603626e-02
9.607762e-02
9.611894e-02
9.616021e-02
9.620152e-02
9.624285e-02
9.628415e-02
9.632541e-02
9.636665e-02
9.640784e-02
9.644910e-02
9.649042e-02
9.653172e-02
9.657300e-02
9.661425e-02
9.665546e-02
9.669664e-02
9.673778e-02
9.677901e-02
9.682030e-02
9.686158e-02
9.690284e-02
9.694407e-02
9.698527e-02
9.702644e-02
9.706758e-02
9.710881e-02
9.715012e-02
9.719143e-02
9.723272e-02
9.727399e-02
9.731524e-02
9.735648e-02
9.739769e-02
9.743900e-02
9.748039e-02
9.752178e-02
9.756317e-02
9.760454e-02
9.764590e-02
9.768725e-02
9.772860e-02
9.777004e-02
9.781157e-02
9.785309e-02
9.789462e-02
9.793614e-02
9.797766e-02
9.801917e-02
9.806068e-02
9.810228e-02
9.814381e-02
9.818542e-02
9.822706e-02
9.826873e-02
9.831041e-02
9.835209e-02
9.839377e-02
9.843541e-02
9.847698e-02
9.851863e-02
9.856031e-02
9.860208e-02
9.864388e-02
9.868563e-02
9.872737e-02
9.876918e-02
9.881103e-02
9.885293e-02
9.889486e-02
9.893676e-02
9.897864e-02
9.902068e-02
9.906262e-02
9.910471e-02
9.914690e-02
9.918933e-02
9.923182e-02
9.927434e-02
9.931686e-02
9.935937e-02
9.940185e-02
9.944448e-02
9.948726e-02
9.953022e-02
9.957330e-02
9.961635e-02
9.965941e-02
9.970259e-02
9.974572e-02
9.978911e-02
9.983261e-02
9.987616e-02
9.991983e-02
9.996356e-02
1.000074e-01
1.000519e-01
1.000935e-01
1.001352e-01
1.001770e-01
1.002190e-01
1.002611e-01
1.003030e-01
1.003447e-01
1.003866e-01
1.004287e-01
1.004710e-01
1.005134e-01
1.005560e-01
1.005983e-01
1.006406e-01
1.006830e-01
1.007256e-01
1.007682e-01
1.008111e-01
1.008540e-01
1.008968e-01
1.009396e-01
1.009823e-01
1.010246e-01
1.010670e-01
1.011095e-01
1.011522e-01
1.011949e-01
1.012378e-01
1.012807e-01
1.013237e-01
1.013652e-01
1.014069e-01
1.014488e-01
1.014904e-01
1.015318e-01
1.015734e-01
1.016152e-01
1.016571e-01
1.016992e-01
1.017415e-01
1.017839e-01
1.018265e-01
1.018691e-01
1.019114e-01
1.019534e-01
1.019957e-01
1.020380e-01
1.020806e-01
1.021233e-01
1.021661e-01
1.022090e-01
1.022517e-01
1.022945e-01
1.023374e-01
1.023804e-01
1.024234e-01
1.024665e-01
1.025105e-01
1.025552e-01
1.026005e-01
1.026417e-01
1.026832e-01
1.027248e-01
1.027660e-01
1.028070e-01
1.028482e-01
1.028894e-01
1.029309e-01
1.029725e-01
1.030144e-01
1.030563e-01
1.030985e-01
1.031407e-01
1.031826e-01
1.032243e-01
1.032661e-01
1.033081e-01
1.033502e-01
1.033925e-01
1.034348e-01
1.034773e-01
1.035197e-01
1.035620e-01
1.036044e-01
1.036470e-01
1.036896e-01
1.037322e-01
1.037750e-01
1.038179e-01
1.038611e-01
1.039043e-01
1.039476e-01
1.039911e-01
1.040351e-01
1.040765e-01
1.041174e-01
1.041582e-01
1.041990e-01
1.042400e-01
1.042811e-01
1.043224e-01
1.043639e-01
1.044056e-01
1.044474e-01
1.044892e-01
1.045307e-01
1.045720e-01
1.046135e-01
1.046550e-01
1.046967e-01
1.047386e-01
1.047806e-01
1.048226e-01
1.048646e-01
1.049065e-01
1.049486e-01
1.049907e-01
1.050329e-01
1.050752e-01
1.051175e-01
1.051600e-01
1.052032e-01
1.052431e-01
1.052831e-01
1.053231e-01
1.053634e-01
1.054038e-01
1.054439e-01
1.054840e-01
1.055242e-01
1.055646e-01
1.056052e-01
1.056459e-01
1.056867e-01
1.057276e-01
1.057686e-01
1.058097e-01
1.058509e-01
1.058921e-01
1.059335e-01
1.059749e-01
1.060165e-01
1.060583e-01
1.061003e-01
1.061402e-01
1.061795e-01
1.062186e-01
1.062578e-01
1.062971e-01
1.063367e-01
1.063764e-01
1.064164e-01
1.064565e-01
1.064966e-01
1.065367e-01
1.065769e-01
1.066174e-01
1.066580e-01
1.066988e-01
1.067398e-01
1.067791e-01
1.068184e-01
1.068576e-01
1.068963e-01
1.069348e-01
1.069735e-01
1.070123e-01
1.070514e-01
1.070907e-01
1.071302e-01
1.071699e-01
1.072097e-01
1.072496e-01
1.072896e-01
1.073299e-01
1.073704e-01
1.074092e-01
1.074481e-01
1.074868e-01
1.075252e-01
1.075632e-01
1.076015e-01
1.076399e-01
1.076787e-01
1.077176e-01
1.077568e-01
1.077962e-01
1.078357e-01
1.078753e-01
1.079151e-01
1.079553e-01
1.079956e-01
1.080340e-01
1.080720e-01
1.081098e-01
1.081477e-01
1.081858e-01
1.082242e-01
1.082628e-01
1.083015e-01
1.083404e-01
1.083795e-01
1.084190e-01
1.084586e-01
1.084967e-01
1.085350e-01
1.085731e-01
1.086108e-01
1.086484e-01
1.086861e-01
1.087239e-01
1.087621e-01
1.088005e-01
1.088390e-01
1.088778e-01
1.089168e-01
1.089561e-01
1.089957e-01
1.090336e-01
1.090716e-01
1.091095e-01
1.091471e-01
1.091844e-01
1.092220e-01
1.092597e-01
1.092978e-01
1.093361e-01
1.093747e-01
1.094137e-01
1.094530e-01
1.094907e-01
1.095286e-01
1.095664e-01
1.096039e-01
1.096412e-01
1.096788e-01
1.097165e-01
1.097546e-01
1.097929e-01
1.098314e-01
1.098702e-01
1.099092e-01
1.099470e-01
1.099849e-01
1.100227e-01
1.100606e-01
1.100985e-01
1.101360e-01
1.101733e-01
1.102110e-01
1.102488e-01
1.102870e-01
1.103254e-01
1.103637e-01
1.104018e-01
1.104413e-01
1.104791e-01
1.105170e-01
1.105549e-01
1.105925e-01
1.106300e-01
1.106677e-01
1.107057e-01
1.107440e-01
1.107826e-01
1.108213e-01
1.108604e-01
1.108997e-01
1.109394e-01
1.109793e-01
1.110173e-01
1.110554e-01
1.110936e-01
1.111314e-01
1.111690e-01
1.112069e-01
1.112450e-01
1.112834e-01
1.113221e-01
1.113609e-01
1.113995e-01
1.114381e-01
1.114767e-01
1.115153e-01
1.115539e-01
1.115925e-01
1.116312e-01
1.116693e-01
1.117074e-01
1.117456e-01
1.117840e-01
1.118228e-01
1.118619e-01
1.119010e-01
1.119405e-01
1.119801e-01
1.120202e-01
1.120605e-01
1.121013e-01
1.121421e-01
1.121836e-01
1.122252e-01
1.122672e-01
1.123082e-01
1.123487e-01
1.123895e-01
1.124303e-01
1.124715e-01
1.125130e-01
1.125546e-01
1.125964e-01
1.126384e-01
1.126808e-01
1.127234e-01
1.127664e-01
1.128096e-01
1.128532e-01
1.128973e-01
1.129415e-01
1.129857e-01
1.130299e-01
1.130740e-01
1.131181e-01
1.131622e-01
1.132062e-01
1.132520e-01
1.132959e-01
1.133399e-01
1.133841e-01
1.134282e-01
1.134724e-01
1.135164e-01
1.135605e-01
1.136045e-01
1.136484e-01
1.136930e-01
1.137368e-01
1.137808e-01
1.138249e-01
1.138690e-01
1.139130e-01
1.139582e-01
1.140022e-01
1.140477e-01
1.140916e-01
1.141371e-01
1.141809e-01
1.142249e-01
1.142689e-01
1.143130e-01
1.143571e-01
1.144018e-01
1.144458e-01
1.144906e-01
1.145345e-01
1.145795e-01
1.146233e-01
1.146673e-01
1.147115e-01
1.147557e-01
1.147998e-01
1.148439e-01
1.148880e-01
1.149321e-01
1.149761e-01
1.150222e-01
1.150662e-01
1.151103e-01
1.151544e-01
1.151986e-01
1.152427e-01
1.152869e-01
1.153309e-01
1.153750e-01
1.154190e-01
1.154654e-01
1.155094e-01
1.155535e-01
1.155977e-01
1.156419e-01
1.156861e-01
1.157303e-01
1.157744e-01
1.158185e-01
1.158625e-01
1.159109e-01
1.159549e-01
1.159990e-01
1.160433e-01
1.160875e-01
1.161317e-01
1.161759e-01
1.162200e-01
1.162641e-01
1.163082e-01
1.163522e-01
1.163962e-01
1.164403e-01
1.164845e-01
1.165287e-01
1.165728e-01
1.166169e-01
1.166610e-01
1.167050e-01
1.167490e-01
1.167974e-01
1.168413e-01
1.168854e-01
1.169295e-01
1.169737e-01
1.170178e-01
1.170619e-01
1.171060e-01
1.171500e-01
1.171940e-01
1.172423e-01
1.172862e-01
1.173302e-01
1.173743e-01
1.174184e-01
1.174625e-01
1.175065e-01
1.175505e-01
1.175989e-01
1.176428e-01
1.176910e-01
1.177349e-01
1.177789e-01
1.178230e-01
1.178671e-01
1.179112e-01
1.179597e-01
1.180037e-01
1.180521e-01
1.180960e-01
1.181443e-01
1.181882e-01
1.182322e-01
1.182762e-01
1.183203e-01
1.183644e-01
1.184128e-01
1.184568e-01
1.185052e-01
1.185491e-01
1.185974e-01
1.186413e-01
1.186852e-01
1.187293e-01
1.187734e-01
1.188175e-01
1.188660e-01
1.189100e-01
1.189584e-01
1.190023e-01
1.190506e-01
1.190945e-01
1.191385e-01
1.191826e-01
1.192268e-01
1.192709e-01
1.193150e-01
1.193590e-01
1.194075e-01
1.194515e-01
1.194998e-01
1.195437e-01
1.195877e-01
1.196319e-01
1.196760e-01
1.197201e-01
1.197642e-01
1.198082e-01
1.198566e-01
1.199006e-01
1.199490e-01
1.199929e-01
1.200369e-01
1.200811e-01
1.201252e-01
1.201694e-01
1.202135e-01
1.202575e-01
1.203060e-01
1.203500e-01
1.203984e-01
1.204424e-01
1.204865e-01
1.205307e-01
1.205750e-01
1.206192e-01
1.206634e-01
1.207076e-01
1.207517e-01
1.207959e-01
1.208444e-01
1.208884e-01
1.209327e-01
1.209770e-01
1.210214e-01
1.210658e-01
1.211102e-01
1.211545e-01
1.211988e-01
1.212430e-01
1.212873e-01
1.213315e-01
1.213758e-01
1.214202e-01
1.214646e-01
1.215091e-01
1.215534e-01
1.215978e-01
1.216421e-01
1.216864e-01
1.217307e-01
1.217750e-01
1.218194e-01
1.218639e-01
1.219084e-01
1.219529e-01
1.219973e-01
1.220418e-01
1.220862e-01
1.221305e-01
1.221749e-01
1.222193e-01
1.222637e-01
1.223084e-01
1.223530e-01
1.223976e-01
1.224422e-01
1.224867e-01
1.225312e-01
1.225757e-01
1.226202e-01
1.226647e-01
1.227093e-01
1.227540e-01
1.227987e-01
1.228433e-01
1.228880e-01
1.229326e-01
1.229772e-01
1.230218e-01
1.230664e-01
1.231110e-01
1.231557e-01
1.232005e-01
1.232453e-01
1.232901e-01
1.233349e-01
1.233796e-01
1.234244e-01
1.234691e-01
1.235138e-01
1.235585e-01
1.236034e-01
1.236483e-01
1.236931e-01
1.237380e-01
1.237829e-01
1.238278e-01
1.238726e-01
1.239175e-01
1.239624e-01
1.240073e-01
1.240523e-01
1.240974e-01
1.241424e-01
1.241873e-01
1.242323e-01
1.242773e-01
1.243223e-01
1.243673e-01
1.244124e-01
1.244575e-01
1.245026e-01
1.245476e-01
1.245927e-01
1.246378e-01
1.246828e-01
1.247279e-01
1.247732e-01
1.248186e-01
1.248641e-01
1.249096e-01
1.249552e-01
1.250008e-01
1.250464e-01
1.250921e-01
1.251379e-01
1.251838e-01
1.252299e-01
1.252760e-01
1.253222e-01
1.253683e-01
1.254148e-01
1.254615e-01
1.255084e-01
1.255554e-01
1.256024e-01
1.256494e-01
1.256969e-01
1.257448e-01
1.257932e-01
1.258417e-01
1.258910e-01
1.259411e-01
1.259919e-01
1.260365e-01
1.260812e-01
1.261261e-01
1.261708e-01
1.262154e-01
1.262602e-01
1.263050e-01
1.263499e-01
1.263949e-01
1.264400e-01
1.264851e-01
1.265300e-01
1.265747e-01
1.266194e-01
1.266642e-01
1.267092e-01
1.267542e-01
1.267992e-01
1.268443e-01
1.268892e-01
1.269340e-01
1.269788e-01
1.270237e-01
1.270687e-01
1.271138e-01
1.271587e-01
1.272037e-01
1.272487e-01
1.272937e-01
1.273388e-01
1.273838e-01
1.274293e-01
1.274753e-01
1.275217e-01
1.275684e-01
1.276153e-01
1.276624e-01
1.277094e-01
1.277564e-01
1.278047e-01
1.278484e-01
1.278922e-01
1.279361e-01
1.279801e-01
1.280243e-01
1.280686e-01
1.281131e-01
1.281572e-01
1.282011e-01
1.282452e-01
1.282893e-01
1.283337e-01
1.283781e-01
1.284227e-01
1.284673e-01
1.285118e-01
1.285563e-01
1.286009e-01
1.286456e-01
1.286903e-01
1.287351e-01
1.287800e-01
1.288250e-01
1.288701e-01
1.289153e-01
1.289613e-01
1.290084e-01
1.290567e-01
1.290997e-01
1.291430e-01
1.291864e-01
1.292301e-01
1.292739e-01
1.293174e-01
1.293607e-01
1.294043e-01
1.294480e-01
1.294919e-01
1.295359e-01
1.295800e-01
1.296241e-01
1.296684e-01
1.297127e-01
1.297572e-01
1.298019e-01
1.298466e-01
1.298915e-01
1.299366e-01
1.299818e-01
1.300279e-01
1.300705e-01
1.301131e-01
1.301558e-01
1.301987e-01
1.302418e-01
1.302851e-01
1.303286e-01
1.303720e-01
1.304154e-01
1.304590e-01
1.305027e-01
1.305465e-01
1.305905e-01
1.306346e-01
1.306789e-01
1.307233e-01
1.307679e-01
1.308126e-01
1.308576e-01
1.309026e-01
1.309459e-01
1.309887e-01
1.310313e-01
1.310740e-01
1.311167e-01
1.311597e-01
1.312029e-01
1.312463e-01
1.312899e-01
1.313334e-01
1.313769e-01
1.314206e-01
1.314645e-01
1.315085e-01
1.315527e-01
1.315970e-01
1.316416e-01
1.316864e-01
1.317314e-01
1.317765e-01
1.318197e-01
1.318624e-01
1.319048e-01
1.319474e-01
1.319901e-01
1.320331e-01
1.320763e-01
1.321198e-01
1.321634e-01
1.322070e-01
1.322506e-01
1.322944e-01
1.323384e-01
1.323825e-01
1.324269e-01
1.324715e-01
1.325163e-01
1.325613e-01
1.326043e-01
1.326468e-01
1.326890e-01
1.327313e-01
1.327736e-01
1.328164e-01
1.328593e-01
1.329025e-01
1.329459e-01
1.329893e-01
1.330328e-01
1.330765e-01
1.331204e-01
1.331644e-01
1.332088e-01
1.332533e-01
1.332961e-01
1.333390e-01
1.333819e-01
1.334243e-01
1.334664e-01
1.335088e-01
1.335513e-01
1.335941e-01
1.336371e-01
1.336803e-01
1.337236e-01
1.337672e-01
1.338110e-01
1.338550e-01
1.338992e-01
1.339436e-01
1.339862e-01
1.340290e-01
1.340716e-01
1.341139e-01
1.341559e-01
1.341981e-01
1.342405e-01
1.342832e-01
1.343261e-01
1.343693e-01
1.344126e-01
1.344561e-01
1.345000e-01
1.345441e-01
1.345865e-01
1.346290e-01
1.346714e-01
1.347140e-01
1.347564e-01
1.347985e-01
1.348403e-01
1.348824e-01
1.349248e-01
1.349675e-01
1.350105e-01
1.350538e-01
1.350974e-01
1.351412e-01
1.351833e-01
1.352255e-01
1.352677e-01
1.353100e-01
1.353522e-01
1.353940e-01
1.354357e-01
1.354776e-01
1.355199e-01
1.355624e-01
1.356054e-01
1.356487e-01
1.356925e-01
1.357367e-01
1.357786e-01
1.358206e-01
1.358626e-01
1.359042e-01
1.359456e-01
1.359874e-01
1.360294e-01
1.360718e-01
1.361145e-01
1.361577e-01
1.362013e-01
1.362453e-01
1.362872e-01
1.363292e-01
1.363712e-01
1.364128e-01
1.364543e-01
1.364961e-01
1.365382e-01
1.365806e-01
1.366235e-01
1.366667e-01
1.367096e-01
1.367538e-01
1.367966e-01
1.368395e-01
1.368824e-01
1.369247e-01
1.369671e-01
1.370097e-01
1.370528e-01
1.370960e-01
1.371398e-01
1.371838e-01
1.372285e-01
1.372733e-01
1.373190e-01
1.373649e-01
1.374115e-01
1.374579e-01
1.375043e-01
1.375506e-01
1.375970e-01
1.376435e-01
1.376901e-01
1.377371e-01
1.377845e-01
1.378325e-01
1.378820e-01
1.379326e-01
1.379853e-01
1.380396e-01
1.380953e-01
1.381509e-01
1.382065e-01
1.382540e-01
1.383025e-01
1.383506e-01
1.384005e-01
1.384502e-01
1.385015e-01
1.385536e-01
1.386074e-01
1.386620e-01
1.387177e-01
1.387733e-01
1.388290e-01
1.388846e-01
1.389402e-01
1.389958e-01
1.390514e-01
1.391069e-01
1.391628e-01
1.392186e-01
1.392744e-01
1.393302e-01
1.393860e-01
1.394417e-01
1.394975e-01
1.395532e-01
1.396089e-01
1.396645e-01
1.397202e-01
1.397758e-01
1.398317e-01
1.398876e-01
1.399435e-01
1.399994e-01
1.400552e-01
1.401110e-01
1.401668e-01
1.402226e-01
1.402784e-01
1.403341e-01
1.403899e-01
1.404456e-01
1.405016e-01
1.405575e-01
1.406135e-01
1.406695e-01
1.407254e-01
1.407813e-01
1.408372e-01
1.408931e-01
1.409489e-01
1.410048e-01
1.410607e-01
1.411165e-01
1.411723e-01
1.412281e-01
1.412839e-01
1.413397e-01
1.413955e-01
1.414513e-01
1.415070e-01
1.415628e-01
1.416185e-01
1.416743e-01
1.417300e-01
1.417857e-01
1.418415e-01
1.418972e-01
1.419529e-01
1.420086e-01
1.420643e-01
1.421200e-01
1.421757e-01
1.422314e-01
1.422870e-01
1.423427e-01
1.423984e-01
1.424541e-01
1.425097e-01
1.425654e-01
1.426210e-01
1.426767e-01
1.427323e-01
1.427880e-01
1.428436e-01
1.428992e-01
1.429549e-01
1.430105e-01
1.430661e-01
1.431217e-01
1.431772e-01
1.432328e-01
1.432884e-01
1.433439e-01
1.433994e-01
1.434549e-01
1.435104e-01
1.435659e-01
1.436213e-01
1.436768e-01
1.437322e-01
1.437876e-01
1.438443e-01
1.438997e-01
1.439565e-01
1.440121e-01
1.440689e-01
1.441246e-01
1.441813e-01
1.442371e-01
1.442938e-01
1.443496e-01
1.444065e-01
1.444623e-01
1.445186e-01
1.445744e-01
1.446307e-01
1.446865e-01
1.447428e-01
1.447987e-01
1.448554e-01
1.449113e-01
1.449680e-01
1.450239e-01
1.450798e-01
1.451356e-01
1.451914e-01
1.452472e-01
1.453031e-01
1.453590e-01
1.454151e-01
1.454711e-01
1.455277e-01
1.455839e-01
1.456405e-01
1.456960e-01
1.457515e-01
1.458070e-01
1.458625e-01
1.459180e-01
1.459736e-01
1.460293e-01
1.460852e-01
1.461411e-01
1.461976e-01
1.462539e-01
1.463090e-01
1.463641e-01
1.464192e-01
1.464743e-01
1.465294e-01
1.465845e-01
1.466399e-01
1.466955e-01
1.467515e-01
1.468072e-01
1.468619e-01
1.469166e-01
1.469711e-01
1.470257e-01
1.470802e-01
1.471348e-01
1.471896e-01
1.472447e-01
1.473000e-01
1.473555e-01
1.474096e-01
1.474637e-01
1.475178e-01
1.475718e-01
1.476258e-01
1.476799e-01
1.477342e-01
1.477888e-01
1.478437e-01
1.478988e-01
1.479524e-01
1.480060e-01
1.480595e-01
1.481131e-01
1.481667e-01
1.482205e-01
1.482745e-01
1.483288e-01
1.483836e-01
1.484368e-01
1.484900e-01
1.485432e-01
1.485964e-01
1.486497e-01
1.487031e-01
1.487567e-01
1.488107e-01
1.488650e-01
1.489180e-01
1.489710e-01
1.490240e-01
1.490770e-01
1.491301e-01
1.491833e-01
1.492367e-01
1.492903e-01
1.493444e-01
1.493989e-01
1.494518e-01
1.495047e-01
1.495576e-01
1.496106e-01
1.496637e-01
1.497170e-01
1.497706e-01
1.498245e-01
1.498788e-01
1.499317e-01
1.499846e-01
1.500376e-01
1.500906e-01
1.501438e-01
1.501971e-01
1.502506e-01
1.503044e-01
1.503586e-01
1.504133e-01
1.504664e-01
1.505194e-01
1.505726e-01
1.506258e-01
1.506792e-01
1.507327e-01
1.507864e-01
1.508405e-01
1.508949e-01
1.509498e-01
1.510031e-01
1.510563e-01
1.511096e-01
1.511630e-01
1.512165e-01
1.512702e-01
1.513240e-01
1.513781e-01
1.514326e-01
1.514874e-01
1.515408e-01
1.515941e-01
1.516474e-01
1.517009e-01
1.517544e-01
1.518080e-01
1.518618e-01
1.519158e-01
1.519702e-01
1.520250e-01
1.520802e-01
1.521336e-01
1.521870e-01
1.522404e-01
1.522939e-01
1.523475e-01
1.524012e-01
1.524551e-01
1.525093e-01
1.525639e-01
1.526190e-01
1.526723e-01
1.527256e-01
1.527789e-01
1.528323e-01
1.528858e-01
1.529394e-01
1.529931e-01
1.530471e-01
1.531014e-01
1.531561e-01
1.532092e-01
1.532624e-01
1.533155e-01
1.533686e-01
1.534218e-01
1.534751e-01
1.535285e-01
1.535821e-01
1.536360e-01
1.536903e-01
1.537430e-01
1.537958e-01
1.538485e-01
1.539013e-01
1.539540e-01
1.540069e-01
1.540599e-01
1.541130e-01
1.541664e-01
1.542202e-01
1.542726e-01
1.543249e-01
1.543772e-01
1.544296e-01
1.544820e-01
1.545346e-01
1.545873e-01
1.546403e-01
1.546936e-01
1.547474e-01
1.547996e-01
1.548518e-01
1.549040e-01
1.549563e-01
1.550088e-01
1.550614e-01
1.551142e-01
1.551668e-01
1.552204e-01
1.552729e-01
1.553251e-01
1.553774e-01
1.554298e-01
1.554823e-01
1.555349e-01
1.555878e-01
1.556409e-01
1.556944e-01
1.557483e-01
1.558028e-01
1.558553e-01
1.559079e-01
1.559607e-01
1.560135e-01
1.560665e-01
1.561194e-01
1.561729e-01
1.562256e-01
1.562798e-01
1.563324e-01
1.563853e-01
1.564381e-01
1.564911e-01
1.565440e-01
1.565973e-01
1.566503e-01
1.567040e-01
1.567573e-01
1.568117e-01
1.568652e-01
1.569184e-01
1.569717e-01
1.570250e-01
1.570784e-01
1.571320e-01
1.571857e-01
1.572396e-01
1.572937e-01
1.573482e-01
1.574023e-01
1.574577e-01
1.575112e-01
1.575648e-01
1.576185e-01
1.576722e-01
1.577261e-01
1.577801e-01
1.578342e-01
1.578887e-01
1.579427e-01
1.579979e-01
1.580513e-01
1.581051e-01
1.581584e-01
1.582123e-01
1.582657e-01
1.583198e-01
1.583732e-01
1.584271e-01
1.584810e-01
1.585349e-01
1.585889e-01
1.586447e-01
1.586986e-01
1.587526e-01
1.588066e-01
1.588607e-01
1.589149e-01
1.589693e-01
1.590237e-01
1.590784e-01
1.591332e-01
1.591885e-01
1.592437e-01
1.592995e-01
1.593537e-01
1.594079e-01
1.594621e-01
1.595165e-01
1.595707e-01
1.596253e-01
1.596800e-01
1.597348e-01
1.597900e-01
1.598453e-01
1.598998e-01
1.599545e-01
1.600088e-01
1.600632e-01
1.601177e-01
1.601722e-01
1.602268e-01
1.602815e-01
1.603363e-01
1.603914e-01
1.604462e-01
1.605013e-01
1.605565e-01
1.606115e-01
1.606660e-01
1.607206e-01
1.607752e-01
1.608298e-01
1.608846e-01
1.609395e-01
1.609946e-01
1.610498e-01
1.611052e-01
1.611607e-01
1.612162e-01
1.612717e-01
1.613263e-01
1.613811e-01
1.614359e-01
1.614907e-01
1.615457e-01
1.616008e-01
1.616560e-01
1.617111e-01
1.617663e-01
1.618213e-01
1.618764e-01
1.619313e-01
1.619862e-01
1.620412e-01
1.620962e-01
1.621512e-01
1.622064e-01
1.622615e-01
1.623169e-01
1.623722e-01
1.624276e-01
1.624830e-01
1.625384e-01
1.625938e-01
1.626488e-01
1.627039e-01
1.627590e-01
1.628142e-01
1.628695e-01
1.629249e-01
1.629803e-01
1.630357e-01
1.630912e-01
1.631467e-01
1.632023e-01
1.632579e-01
1.633130e-01
1.633682e-01
1.634235e-01
1.634788e-01
1.635342e-01
1.635896e-01
1.636453e-01
1.637010e-01
1.637570e-01
1.638132e-01
1.638694e-01
1.639257e-01
1.639810e-01
1.640363e-01
1.640916e-01
1.641469e-01
1.642024e-01
1.642579e-01
1.643136e-01
1.643694e-01
1.644255e-01
1.644819e-01
1.645387e-01
1.645961e-01
1.646513e-01
1.647066e-01
1.647619e-01
1.648173e-01
1.648727e-01
1.649282e-01
1.649839e-01
1.650398e-01
1.650959e-01
1.651524e-01
1.652093e-01
1.652667e-01
1.653220e-01
1.653772e-01
1.654325e-01
1.654879e-01
1.655433e-01
1.655988e-01
1.656545e-01
1.657104e-01
1.657666e-01
1.658232e-01
1.658798e-01
1.659350e-01
1.659902e-01
1.660454e-01
1.661007e-01
1.661561e-01
1.662083e-01
1.662618e-01
1.663168e-01
1.663700e-01
1.664244e-01
1.664777e-01
1.665322e-01
1.665855e-01
1.666401e-01
1.666935e-01
1.667481e-01
1.668015e-01
1.668561e-01
1.669096e-01
1.669643e-01
1.670178e-01
1.670725e-01
1.671260e-01
1.671808e-01
1.672344e-01
1.672893e-01
1.673430e-01
1.673980e-01
1.674517e-01
1.675067e-01
1.675605e-01
1.676157e-01
1.676696e-01
1.677248e-01
1.677788e-01
1.678341e-01
1.678881e-01
1.679436e-01
1.679977e-01
1.680533e-01
1.681075e-01
1.681632e-01
1.682176e-01
1.682734e-01
1.683279e-01
1.683839e-01
1.684384e-01
1.684946e-01
1.685493e-01
1.686051e-01
1.686609e-01
1.687168e-01
1.687728e-01
1.688288e-01
1.688850e-01
1.689413e-01
1.689977e-01
1.690545e-01
1.691116e-01
1.691691e-01
1.692268e-01
1.692842e-01
1.693402e-01
1.693963e-01
1.694524e-01
1.695085e-01
1.695648e-01
1.696211e-01
1.696776e-01
1.697343e-01
1.697913e-01
1.698486e-01
1.699064e-01
1.699642e-01
1.700202e-01
1.700763e-01
1.701325e-01
1.701887e-01
1.702450e-01
1.703013e-01
1.703578e-01
1.704145e-01
1.704714e-01
1.705286e-01
1.705862e-01
1.706443e-01
1.707028e-01
1.707590e-01
1.708152e-01
1.708715e-01
1.709278e-01
1.709842e-01
1.710407e-01
1.710973e-01
1.711541e-01
1.712112e-01
1.712687e-01
1.713266e-01
1.713849e-01
1.714411e-01
1.714974e-01
1.715537e-01
1.716101e-01
1.716665e-01
1.717230e-01
1.717796e-01
1.718363e-01
1.718933e-01
1.719506e-01
1.720082e-01
1.720663e-01
1.721248e-01
1.721811e-01
1.722375e-01
1.722939e-01
1.723503e-01
1.724068e-01
1.724634e-01
1.725201e-01
1.725770e-01
1.726341e-01
1.726915e-01
1.727493e-01
1.728076e-01
1.728639e-01
1.729202e-01
1.729766e-01
1.730330e-01
1.730895e-01
1.731461e-01
1.732027e-01
1.732596e-01
1.733166e-01
1.733739e-01
1.734316e-01
1.734898e-01
1.735484e-01
1.736048e-01
1.736611e-01
1.737176e-01
1.737740e-01
1.738306e-01
1.738873e-01
1.739441e-01
1.740012e-01
1.740586e-01
1.741164e-01
1.741746e-01
1.742310e-01
1.742833e-01
1.743370e-01
1.743920e-01
1.744453e-01
1.744998e-01
1.745531e-01
1.746075e-01
1.746608e-01
1.747152e-01
1.747684e-01
1.748228e-01
1.748760e-01
1.749303e-01
1.749835e-01
1.750378e-01
1.750910e-01
1.751452e-01
1.751984e-01
1.752526e-01
1.753057e-01
1.753599e-01
1.754130e-01
1.754672e-01
1.755203e-01
1.755744e-01
1.756274e-01
1.756816e-01
1.757369e-01
1.757893e-01
1.758427e-01
1.758950e-01
1.759484e-01
1.760007e-01
1.760540e-01
1.761062e-01
1.761595e-01
1.762116e-01
1.762648e-01
1.763170e-01
1.763701e-01
1.764221e-01
1.764752e-01
1.765272e-01
1.765802e-01
1.766322e-01
1.766850e-01
1.767370e-01
1.767898e-01
1.768417e-01
1.768944e-01
1.769462e-01
1.769989e-01
1.770526e-01
1.771074e-01
1.771633e-01
1.772205e-01
1.772779e-01
1.773355e-01
1.773935e-01
1.774518e-01
1.775104e-01
1.775697e-01
1.776267e-01
1.776838e-01
1.777409e-01
1.777981e-01
1.778554e-01
1.779127e-01
1.779703e-01
1.780280e-01
1.780860e-01
1.781444e-01
1.782031e-01
1.782624e-01
1.783196e-01
1.783767e-01
1.784340e-01
1.784913e-01
1.785487e-01
1.786061e-01
1.786637e-01
1.787215e-01
1.787795e-01
1.788380e-01
1.788967e-01
1.789560e-01
1.790136e-01
1.790709e-01
1.791283e-01
1.791857e-01
1.792432e-01
1.793008e-01
1.793585e-01
1.794163e-01
1.794733e-01
1.795316e-01
1.795886e-01
1.796477e-01
1.797046e-01
1.797621e-01
1.798189e-01
1.798764e-01
1.799340e-01
1.799916e-01
1.800493e-01
1.801071e-01
1.801651e-01
1.802234e-01
1.802820e-01
1.803409e-01
1.804000e-01
1.804599e-01
1.805175e-01
1.805751e-01
1.806327e-01
1.806904e-01
1.807482e-01
1.808061e-01
1.808641e-01
1.809222e-01
1.809807e-01
1.810395e-01
1.810987e-01
1.811583e-01
1.812180e-01
1.812757e-01
1.813334e-01
1.813912e-01
1.814490e-01
1.815069e-01
1.815649e-01
1.816230e-01
1.816812e-01
1.817398e-01
1.817987e-01
1.818579e-01
1.819176e-01
1.819778e-01
1.820356e-01
1.820934e-01
1.821513e-01
1.822092e-01
1.822672e-01
1.823252e-01
1.823834e-01
1.824417e-01
1.825002e-01
1.825590e-01
1.826183e-01
1.826779e-01
1.827380e-01
1.827958e-01
1.828537e-01
1.829117e-01
1.829696e-01
1.830277e-01
1.830858e-01
1.831440e-01
1.832023e-01
1.832608e-01
1.833196e-01
1.833787e-01
1.834382e-01
1.834975e-01
1.835566e-01
1.836146e-01
1.836727e-01
1.837307e-01
1.837889e-01
1.838470e-01
1.839053e-01
1.839636e-01
1.840219e-01
1.840794e-01
1.841368e-01
1.841941e-01
1.842515e-01
1.843094e-01
1.843674e-01
1.844256e-01
1.844837e-01
1.845409e-01
1.845980e-01
1.846546e-01
1.847114e-01
1.847684e-01
1.848256e-01
1.848834e-01
1.849414e-01
1.849989e-01
1.850561e-01
1.851125e-01
1.851689e-01
1.852250e-01
1.852813e-01
1.853377e-01
1.853945e-01
1.854517e-01
1.855090e-01
1.855655e-01
1.856160e-01
1.856674e-01
1.857197e-01
1.857706e-01
1.858212e-01
1.858725e-01
1.859230e-01
1.859739e-01
1.860257e-01
1.860766e-01
1.861283e-01
1.861792e-01
1.862300e-01
1.862808e-01
1.863312e-01
1.863820e-01
1.864324e-01
1.864831e-01
1.865334e-01
1.865841e-01
1.866344e-01
1.866851e-01
1.867354e-01
1.867860e-01
1.868362e-01
1.868894e-01
1.869427e-01
1.869947e-01
1.870463e-01
1.870969e-01
1.871475e-01
1.871981e-01
1.872489e-01
1.873004e-01
1.873519e-01
1.874033e-01
1.874526e-01
1.875020e-01
1.875501e-01
1.875991e-01
1.876471e-01
1.876968e-01
1.877454e-01
1.877963e-01
1.878459e-01
1.878984e-01
1.879491e-01
1.880031e-01
1.880549e-01
1.881082e-01
1.881609e-01
1.882140e-01
1.882669e-01
1.883201e-01
1.883730e-01
1.884264e-01
1.884791e-01
1.885324e-01
1.885841e-01
1.886363e-01
1.886862e-01
1.887365e-01
1.887851e-01
1.888344e-01
1.888825e-01
1.889320e-01
1.889803e-01
1.890302e-01
1.890792e-01
1.891291e-01
1.891786e-01
1.892285e-01
1.892780e-01
1.893279e-01
1.893774e-01
1.894272e-01
1.894767e-01
1.895266e-01
1.895760e-01
1.896259e-01
1.896754e-01
1.897252e-01
1.897747e-01
1.898245e-01
1.898744e-01
1.899248e-01
1.899734e-01
1.900225e-01
1.900703e-01
1.901192e-01
1.901670e-01
1.902164e-01
1.902647e-01
1.903151e-01
1.903643e-01
1.904163e-01
1.904666e-01
1.905195e-01
1.905690e-01
1.906220e-01
1.906742e-01
1.907260e-01
1.907773e-01
1.908283e-01
1.908790e-01
1.909295e-01
1.909799e-01
1.910305e-01
1.910810e-01
1.911320e-01
1.911813e-01
1.912311e-01
1.912792e-01
1.913279e-01
1.913753e-01
1.914237e-01
1.914711e-01
1.915198e-01
1.915675e-01
1.916170e-01
1.916653e-01
1.917160e-01
1.917652e-01
1.918172e-01
1.918674e-01
1.919208e-01
1.919720e-01
1.920259e-01
1.920778e-01
1.921314e-01
1.921838e-01
1.922370e-01
1.922895e-01
1.923426e-01
1.923948e-01
1.924480e-01
1.924996e-01
1.925530e-01
1.926040e-01
1.926570e-01
1.927076e-01
1.927603e-01
1.928108e-01
1.928634e-01
1.929139e-01
1.929666e-01
1.930174e-01
1.930705e-01
1.931204e-01
1.931740e-01
1.932239e-01
1.932779e-01
1.933297e-01
1.933845e-01
1.934366e-01
1.934913e-01
1.935438e-01
1.935984e-01
1.936511e-01
1.937057e-01
1.937585e-01
1.938131e-01
1.938659e-01
1.939206e-01
1.939734e-01
1.940281e-01
1.940810e-01
1.941357e-01
1.941886e-01
1.942435e-01
1.942964e-01
1.943513e-01
1.944043e-01
1.944594e-01
1.945124e-01
1.945676e-01
1.946207e-01
1.946760e-01
1.947262e-01
1.947814e-01
1.948347e-01
1.948903e-01
1.949438e-01
1.949995e-01
1.950531e-01
1.951089e-01
1.951627e-01
1.952187e-01
1.952690e-01
1.953243e-01
1.953783e-01
1.954345e-01
1.954886e-01
1.955450e-01
1.955991e-01
1.956557e-01
1.957099e-01
1.957667e-01
1.958209e-01
1.958779e-01
1.959323e-01
1.959894e-01
1.960440e-01
1.961013e-01
1.961561e-01
1.962135e-01
1.962685e-01
1.963261e-01
1.963813e-01
1.964389e-01
1.964943e-01
1.965521e-01
1.966077e-01
1.966655e-01
1.967212e-01
1.967791e-01
1.968296e-01
1.968810e-01
1.969316e-01
1.969830e-01
1.970335e-01
1.970849e-01
1.971355e-01
1.971869e-01
1.972375e-01
1.972889e-01
1.973412e-01
1.973946e-01
1.974491e-01
1.975050e-01
1.975614e-01
1.976196e-01
1.976761e-01
1.977349e-01
1.977916e-01
1.978508e-01
1.979077e-01
1.979643e-01
1.980208e-01
1.980773e-01
1.981337e-01
1.981901e-01
1.982466e-01
1.983031e-01
1.983597e-01
1.984166e-01
1.984736e-01
1.985309e-01
1.985885e-01
1.986464e-01
1.987042e-01
1.987627e-01
1.988205e-01
1.988767e-01
1.989329e-01
1.989891e-01
1.990453e-01
1.991016e-01
1.991578e-01
1.992141e-01
1.992704e-01
1.993269e-01
1.993836e-01
1.994405e-01
1.994977e-01
1.995552e-01
1.996131e-01
1.996712e-01
1.997219e-01
1.997735e-01
1.998242e-01
1.998759e-01
1.999266e-01
1.999778e-01
2.000286e-01
2.000798e-01
2.001306e-01
