# 1  : Date
# 2  : Temps elapsed min (mus)
# 3  : Rang temps elapsed min
# 4  : Noeud temps elapsed min
# 5  : Temps elapsed max (mus)
# 6  : Rang temps elapsed max
# 7  : Noeud temps elapsed max
# 8  : Grind time (mus/maille/cycle)
# 9  : Grind time équivalent séquentiel (#8 X nb_de_coeurs)
#     1     2     3     4      5      6      7       8      9
#   ATTENTION  les temps cpu schémas sont données dans l'ordre alphabétique des schémas WARNING
#  10: TELAPS Hydro (mus)
1.240745e-03   7.128e+04 0 inti1231   7.141e+04 3 inti1231   4.951e-01 7.921e+00  3.641e+04
3.744979e-03   4.869e+04 0 inti1231   4.888e+04 3 inti1231   3.090e-01 4.943e+00  3.908e+04
6.754567e-03   5.415e+04 0 inti1231   5.443e+04 3 inti1231   3.163e-01 5.061e+00  4.404e+04
9.362277e-03   5.534e+04 0 inti1231   5.540e+04 3 inti1231   2.984e-01 4.775e+00  4.488e+04
1.117030e-02   1.434e+05 1 inti1231   1.442e+05 0 inti1231   7.407e-01 1.185e+01  4.882e+04
1.325248e-02   6.194e+04 0 inti1231   6.198e+04 3 inti1231   3.029e-01 4.846e+00  5.064e+04
1.551521e-02   6.485e+04 0 inti1231   6.489e+04 3 inti1231   3.005e-01 4.807e+00  5.343e+04
1.786018e-02   6.781e+04 0 inti1231   6.792e+04 3 inti1231   2.978e-01 4.764e+00  5.539e+04
2.037218e-02   1.095e+05 0 inti1231   1.096e+05 3 inti1231   4.519e-01 7.230e+00  5.998e+04
2.299557e-02   7.226e+04 0 inti1231   7.233e+04 3 inti1231   2.806e-01 4.490e+00  5.929e+04
2.574930e-02   7.538e+04 0 inti1231   7.544e+04 3 inti1231   2.747e-01 4.395e+00  6.212e+04
2.864460e-02   8.207e+04 0 inti1231   8.215e+04 3 inti1231   2.799e-01 4.479e+00  6.840e+04
3.173381e-02   1.280e+05 0 inti1231   1.281e+05 3 inti1231   4.053e-01 6.485e+00  7.023e+04
3.499624e-02   8.600e+04 0 inti1231   8.606e+04 3 inti1231   2.529e-01 4.047e+00  7.134e+04
3.829840e-02   9.556e+04 0 inti1231   9.561e+04 3 inti1231   2.611e-01 4.177e+00  8.043e+04
4.153114e-02   9.393e+04 0 inti1231   9.410e+04 3 inti1231   2.412e-01 3.859e+00  7.830e+04
4.474632e-02   1.545e+05 2 inti1231   1.546e+05 3 inti1231   3.739e-01 5.983e+00  8.507e+04
4.805845e-02   1.028e+05 0 inti1231   1.030e+05 3 inti1231   2.366e-01 3.785e+00  8.633e+04
5.133742e-02   1.072e+05 0 inti1231   1.073e+05 3 inti1231   2.351e-01 3.761e+00  8.964e+04
5.460694e-02   1.072e+05 0 inti1231   1.072e+05 3 inti1231   2.247e-01 3.595e+00  8.995e+04
5.780447e-02   1.716e+05 0 inti1231   1.717e+05 3 inti1231   3.444e-01 5.510e+00  9.555e+04
6.095408e-02   1.141e+05 1 inti1231   1.141e+05 3 inti1231   2.201e-01 3.521e+00  9.611e+04
6.428313e-02   1.177e+05 0 inti1231   1.179e+05 3 inti1231   2.187e-01 3.499e+00  9.958e+04
6.763749e-02   1.212e+05 0 inti1231   1.212e+05 3 inti1231   2.171e-01 3.474e+00  1.027e+05
7.084313e-02   1.973e+05 0 inti1231   1.974e+05 3 inti1231   3.422e-01 5.475e+00  1.099e+05
7.411594e-02   1.287e+05 1 inti1231   1.287e+05 3 inti1231   2.166e-01 3.466e+00  1.096e+05
7.718850e-02   1.321e+05 2 inti1231   1.322e+05 3 inti1231   2.166e-01 3.465e+00  1.126e+05
8.068943e-02   1.366e+05 0 inti1231   1.367e+05 3 inti1231   2.175e-01 3.480e+00  1.159e+05
8.423601e-02   2.105e+05 2 inti1231   2.106e+05 3 inti1231   3.256e-01 5.210e+00  1.204e+05
8.780478e-02   1.441e+05 0 inti1231   1.443e+05 2 inti1231   2.176e-01 3.482e+00  1.229e+05
9.140130e-02   1.460e+05 1 inti1231   1.461e+05 2 inti1231   2.151e-01 3.442e+00  1.249e+05
9.500863e-02   1.487e+05 1 inti1231   1.488e+05 2 inti1231   2.145e-01 3.432e+00  1.273e+05
9.792740e-02   2.269e+05 0 inti1231   2.271e+05 2 inti1231   3.216e-01 5.146e+00  1.322e+05
1.008976e-01   1.546e+05 1 inti1231   1.547e+05 2 inti1231   2.155e-01 3.448e+00  1.320e+05
1.040873e-01   1.558e+05 1 inti1231   1.559e+05 2 inti1231   2.134e-01 3.414e+00  1.336e+05
1.073044e-01   1.623e+05 0 inti1231   1.626e+05 2 inti1231   2.189e-01 3.502e+00  1.378e+05
1.107453e-01   2.464e+05 3 inti1231   2.466e+05 2 inti1231   3.260e-01 5.216e+00  1.432e+05
1.143010e-01   1.667e+05 0 inti1231   1.668e+05 2 inti1231   2.168e-01 3.469e+00  1.434e+05
1.181033e-01   1.713e+05 1 inti1231   1.714e+05 2 inti1231   2.190e-01 3.504e+00  1.476e+05
1.214240e-01   1.743e+05 0 inti1231   1.744e+05 2 inti1231   2.192e-01 3.507e+00  1.504e+05
1.249155e-01   2.651e+05 0 inti1231   2.652e+05 2 inti1231   3.276e-01 5.242e+00  1.554e+05
1.279174e-01   1.797e+05 0 inti1231   1.798e+05 2 inti1231   2.187e-01 3.500e+00  1.555e+05
1.307526e-01   1.814e+05 0 inti1231   1.816e+05 2 inti1231   2.176e-01 3.482e+00  1.571e+05
1.336675e-01   1.838e+05 0 inti1231   1.839e+05 2 inti1231   2.172e-01 3.474e+00  1.593e+05
1.371366e-01   2.787e+05 0 inti1231   2.789e+05 2 inti1231   3.228e-01 5.164e+00  1.647e+05
1.400933e-01   1.912e+05 0 inti1231   1.913e+05 2 inti1231   2.179e-01 3.486e+00  1.660e+05
1.436137e-01   1.955e+05 0 inti1231   1.956e+05 2 inti1231   2.188e-01 3.502e+00  1.704e+05
1.465546e-01   2.015e+05 0 inti1231   2.017e+05 2 inti1231   2.225e-01 3.560e+00  1.762e+05
1.494944e-01   2.978e+05 0 inti1231   2.980e+05 2 inti1231   3.245e-01 5.191e+00  1.792e+05
1.525100e-01   2.050e+05 0 inti1231   2.052e+05 2 inti1231   2.206e-01 3.530e+00  1.778e+05
1.557252e-01   2.092e+05 0 inti1231   2.094e+05 2 inti1231   2.223e-01 3.556e+00  1.825e+05
1.596932e-01   2.164e+05 0 inti1231   2.166e+05 2 inti1231   2.265e-01 3.623e+00  1.892e+05
1.634826e-01   3.121e+05 0 inti1231   3.123e+05 2 inti1231   3.221e-01 5.153e+00  1.897e+05
1.665674e-01   2.176e+05 0 inti1231   2.178e+05 2 inti1231   2.227e-01 3.563e+00  1.905e+05
1.698769e-01   2.191e+05 0 inti1231   2.193e+05 2 inti1231   2.225e-01 3.561e+00  1.921e+05
1.728666e-01   2.202e+05 0 inti1231   2.205e+05 2 inti1231   2.224e-01 3.558e+00  1.929e+05
1.765196e-01   3.083e+05 0 inti1231   3.084e+05 2 inti1231   3.088e-01 4.941e+00  1.946e+05
1.804665e-01   2.181e+05 0 inti1231   2.182e+05 2 inti1231   2.170e-01 3.472e+00  1.907e+05
1.843210e-01   2.195e+05 0 inti1231   2.196e+05 2 inti1231   2.171e-01 3.474e+00  1.921e+05
1.875700e-01   2.242e+05 0 inti1231   2.243e+05 2 inti1231   2.208e-01 3.534e+00  1.963e+05
1.912340e-01   2.939e+05 0 inti1231   2.942e+05 2 inti1231   2.881e-01 4.610e+00  1.986e+05
1.941155e-01   2.268e+05 0 inti1231   2.270e+05 2 inti1231   2.215e-01 3.544e+00  1.986e+05
1.974453e-01   2.262e+05 0 inti1231   2.263e+05 2 inti1231   2.199e-01 3.518e+00  1.983e+05
