# 1  : Date
# 2  : Temps elapsed min (mus)
# 3  : Rang temps elapsed min
# 4  : Noeud temps elapsed min
# 5  : Temps elapsed max (mus)
# 6  : Rang temps elapsed max
# 7  : Noeud temps elapsed max
# 8  : Grind time (mus/maille/cycle)
# 9  : Grind time équivalent séquentiel (#8 X nb_de_coeurs)
#     1     2     3     4      5      6      7       8      9
#   ATTENTION  les temps cpu schémas sont données dans l'ordre alphabétique des schémas WARNING
#  10: TELAPS Hydro (mus)
1.886124e-04   7.740e+04 0 inti1216   7.754e+04 2 inti1216   5.590e-01 8.944e+00  3.989e+04
5.123968e-04   4.206e+04 0 inti1216   4.221e+04 3 inti1216   3.011e-01 4.818e+00  3.320e+04
9.790738e-04   4.431e+04 0 inti1216   4.441e+04 3 inti1216   3.116e-01 4.985e+00  3.508e+04
1.555964e-03   4.541e+04 0 inti1216   4.552e+04 3 inti1216   3.128e-01 5.004e+00  3.615e+04
2.234613e-03   7.527e+04 0 inti1216   7.534e+04 2 inti1216   5.026e-01 8.042e+00  3.866e+04
2.996956e-03   5.144e+04 0 inti1216   5.151e+04 3 inti1216   3.352e-01 5.362e+00  3.981e+04
3.782656e-03   4.940e+04 0 inti1216   4.947e+04 3 inti1216   3.134e-01 5.014e+00  3.939e+04
4.457514e-03   5.184e+04 0 inti1216   5.193e+04 3 inti1216   3.238e-01 5.180e+00  4.171e+04
4.897602e-03   8.165e+04 0 inti1216   8.173e+04 3 inti1216   5.015e-01 8.023e+00  4.203e+04
5.391068e-03   5.256e+04 0 inti1216   5.266e+04 3 inti1216   3.172e-01 5.075e+00  4.248e+04
5.948317e-03   5.334e+04 0 inti1216   5.342e+04 3 inti1216   3.160e-01 5.056e+00  4.330e+04
6.554852e-03   5.351e+04 0 inti1216   5.359e+04 3 inti1216   3.115e-01 4.983e+00  4.274e+04
7.210221e-03   8.601e+04 0 inti1216   8.608e+04 2 inti1216   4.899e-01 7.838e+00  4.421e+04
7.896034e-03   5.486e+04 0 inti1216   5.502e+04 2 inti1216   3.077e-01 4.924e+00  4.397e+04
8.510078e-03   5.771e+04 0 inti1216   5.775e+04 3 inti1216   3.177e-01 5.083e+00  4.685e+04
9.033512e-03   5.596e+04 0 inti1216   5.604e+04 3 inti1216   3.042e-01 4.867e+00  4.497e+04
9.505687e-03   8.931e+04 0 inti1216   8.937e+04 3 inti1216   4.781e-01 7.650e+00  4.628e+04
9.940703e-03   6.842e+04 0 inti1216   6.860e+04 2 inti1216   3.632e-01 5.812e+00  5.737e+04
1.035043e-02   5.769e+04 0 inti1216   5.780e+04 2 inti1216   3.029e-01 4.847e+00  4.667e+04
1.074970e-02   5.860e+04 0 inti1216   5.875e+04 2 inti1216   3.049e-01 4.879e+00  4.738e+04
1.114381e-02   9.139e+04 0 inti1216   9.144e+04 2 inti1216   4.693e-01 7.508e+00  4.790e+04
1.153582e-02   5.883e+04 0 inti1216   5.886e+04 2 inti1216   2.998e-01 4.796e+00  4.770e+04
1.192761e-02   5.922e+04 0 inti1216   5.927e+04 3 inti1216   2.989e-01 4.783e+00  4.813e+04
1.231975e-02   6.038e+04 0 inti1216   6.043e+04 3 inti1216   3.023e-01 4.837e+00  4.893e+04
1.271170e-02   9.503e+04 0 inti1216   9.509e+04 3 inti1216   4.713e-01 7.541e+00  5.047e+04
1.310442e-02   6.250e+04 0 inti1216   6.264e+04 2 inti1216   3.079e-01 4.926e+00  5.075e+04
1.361896e-02   6.116e+04 0 inti1216   6.120e+04 3 inti1216   2.978e-01 4.765e+00  4.966e+04
1.433316e-02   6.212e+04 0 inti1216   6.218e+04 3 inti1216   2.984e-01 4.775e+00  5.026e+04
1.505579e-02   1.106e+05 3 inti1216   1.106e+05 1 inti1216   5.218e-01 8.349e+00  6.190e+04
1.578442e-02   6.890e+04 0 inti1216   6.895e+04 1 inti1216   3.207e-01 5.132e+00  5.645e+04
1.652330e-02   6.412e+04 0 inti1216   6.416e+04 1 inti1216   2.941e-01 4.706e+00  5.242e+04
1.727852e-02   6.452e+04 0 inti1216   6.457e+04 1 inti1216   2.916e-01 4.665e+00  5.249e+04
1.805300e-02   1.011e+05 0 inti1216   1.011e+05 3 inti1216   4.487e-01 7.178e+00  5.373e+04
1.882704e-02   6.642e+04 0 inti1216   6.646e+04 3 inti1216   2.905e-01 4.648e+00  5.409e+04
1.944294e-02   6.770e+04 0 inti1216   6.776e+04 1 inti1216   2.926e-01 4.681e+00  5.502e+04
2.003034e-02   6.868e+04 0 inti1216   6.876e+04 1 inti1216   2.936e-01 4.697e+00  5.577e+04
2.063699e-02   1.042e+05 0 inti1216   1.043e+05 1 inti1216   4.390e-01 7.024e+00  5.595e+04
2.127971e-02   6.887e+04 0 inti1216   6.902e+04 3 inti1216   2.874e-01 4.598e+00  5.600e+04
2.194883e-02   6.920e+04 0 inti1216   6.924e+04 3 inti1216   2.849e-01 4.558e+00  5.624e+04
2.264044e-02   6.976e+04 0 inti1216   6.994e+04 1 inti1216   2.847e-01 4.556e+00  5.676e+04
2.335547e-02   1.071e+05 0 inti1216   1.071e+05 3 inti1216   4.299e-01 6.878e+00  5.807e+04
2.409767e-02   7.050e+04 0 inti1216   7.054e+04 3 inti1216   2.797e-01 4.476e+00  5.730e+04
2.486775e-02   7.118e+04 0 inti1216   7.123e+04 1 inti1216   2.791e-01 4.465e+00  5.788e+04
2.566397e-02   7.183e+04 0 inti1216   7.194e+04 3 inti1216   2.784e-01 4.454e+00  5.879e+04
2.638548e-02   1.088e+05 0 inti1216   1.088e+05 3 inti1216   4.151e-01 6.641e+00  5.956e+04
2.706008e-02   7.269e+04 0 inti1216   7.284e+04 3 inti1216   2.751e-01 4.402e+00  5.932e+04
2.775995e-02   7.330e+04 0 inti1216   7.334e+04 3 inti1216   2.740e-01 4.384e+00  5.986e+04
2.849039e-02   7.756e+04 0 inti1216   7.762e+04 3 inti1216   2.870e-01 4.592e+00  6.330e+04
2.917362e-02   1.162e+05 2 inti1216   1.162e+05 3 inti1216   4.241e-01 6.786e+00  6.520e+04
2.989932e-02   7.815e+04 0 inti1216   7.817e+04 3 inti1216   2.823e-01 4.516e+00  6.387e+04
3.060629e-02   7.952e+04 1 inti1216   7.955e+04 0 inti1216   2.841e-01 4.545e+00  6.531e+04
3.129765e-02   7.902e+04 0 inti1216   7.914e+04 3 inti1216   2.798e-01 4.477e+00  6.478e+04
3.200110e-02   1.202e+05 0 inti1216   1.203e+05 3 inti1216   4.198e-01 6.717e+00  6.658e+04
3.270599e-02   7.950e+04 0 inti1216   7.955e+04 3 inti1216   2.748e-01 4.396e+00  6.527e+04
3.342218e-02   8.102e+04 1 inti1216   8.105e+04 3 inti1216   2.770e-01 4.433e+00  6.673e+04
3.416596e-02   8.099e+04 0 inti1216   8.105e+04 3 inti1216   2.740e-01 4.384e+00  6.643e+04
3.491154e-02   1.229e+05 0 inti1216   1.229e+05 3 inti1216   4.100e-01 6.560e+00  6.804e+04
3.566908e-02   8.249e+04 0 inti1216   8.252e+04 3 inti1216   2.723e-01 4.357e+00  6.784e+04
3.641861e-02   8.301e+04 0 inti1216   8.306e+04 3 inti1216   2.710e-01 4.336e+00  6.824e+04
3.717377e-02   8.429e+04 0 inti1216   8.442e+04 2 inti1216   2.725e-01 4.360e+00  6.934e+04
3.793685e-02   1.267e+05 1 inti1216   1.268e+05 2 inti1216   4.042e-01 6.467e+00  7.071e+04
3.868532e-02   8.368e+04 0 inti1216   8.373e+04 3 inti1216   2.639e-01 4.223e+00  6.878e+04
3.944811e-02   8.420e+04 0 inti1216   8.422e+04 3 inti1216   2.628e-01 4.204e+00  6.893e+04
4.026502e-02   8.536e+04 0 inti1216   8.538e+04 1 inti1216   2.634e-01 4.215e+00  7.061e+04
4.109180e-02   1.230e+05 2 inti1216   1.230e+05 3 inti1216   3.746e-01 5.993e+00  7.163e+04
4.192677e-02   8.674e+04 0 inti1216   8.685e+04 2 inti1216   2.613e-01 4.182e+00  7.170e+04
4.276382e-02   8.791e+04 0 inti1216   8.794e+04 3 inti1216   2.616e-01 4.185e+00  7.270e+04
4.361527e-02   9.079e+04 0 inti1216   9.080e+04 1 inti1216   2.670e-01 4.272e+00  7.556e+04
4.446685e-02   1.349e+05 0 inti1216   1.349e+05 1 inti1216   3.912e-01 6.259e+00  7.449e+04
4.532389e-02   8.941e+04 0 inti1216   8.942e+04 3 inti1216   2.563e-01 4.101e+00  7.447e+04
4.617208e-02   8.998e+04 2 inti1216   9.001e+04 1 inti1216   2.551e-01 4.082e+00  7.472e+04
4.702591e-02   9.064e+04 0 inti1216   9.076e+04 1 inti1216   2.543e-01 4.069e+00  7.550e+04
4.786780e-02   1.365e+05 2 inti1216   1.366e+05 1 inti1216   3.774e-01 6.038e+00  7.641e+04
4.880942e-02   9.200e+04 3 inti1216   9.203e+04 1 inti1216   2.512e-01 4.019e+00  7.665e+04
4.980601e-02   9.212e+04 3 inti1216   9.215e+04 0 inti1216   2.481e-01 3.970e+00  7.669e+04
5.084739e-02   9.333e+04 3 inti1216   9.337e+04 2 inti1216   2.482e-01 3.972e+00  7.765e+04
5.182813e-02   1.405e+05 3 inti1216   1.405e+05 1 inti1216   3.678e-01 5.885e+00  7.972e+04
5.250119e-02   9.490e+04 0 inti1216   9.499e+04 1 inti1216   2.466e-01 3.945e+00  7.928e+04
5.318037e-02   9.483e+04 1 inti1216   9.487e+04 0 inti1216   2.441e-01 3.906e+00  7.898e+04
5.397103e-02   9.549e+04 0 inti1216   9.551e+04 3 inti1216   2.436e-01 3.898e+00  7.966e+04
5.476198e-02   1.471e+05 0 inti1216   1.472e+05 1 inti1216   3.715e-01 5.944e+00  8.266e+04
5.575322e-02   9.776e+04 0 inti1216   9.778e+04 3 inti1216   2.437e-01 3.899e+00  8.172e+04
5.665954e-02   9.862e+04 3 inti1216   9.864e+04 1 inti1216   2.432e-01 3.892e+00  8.249e+04
5.749556e-02   9.924e+04 3 inti1216   9.925e+04 1 inti1216   2.422e-01 3.875e+00  8.272e+04
5.852597e-02   1.527e+05 3 inti1216   1.527e+05 1 inti1216   3.672e-01 5.876e+00  8.544e+04
5.936367e-02   1.021e+05 3 inti1216   1.021e+05 1 inti1216   2.430e-01 3.889e+00  8.554e+04
6.030890e-02   1.016e+05 2 inti1216   1.017e+05 0 inti1216   2.393e-01 3.829e+00  8.467e+04
6.123958e-02   1.023e+05 0 inti1216   1.024e+05 1 inti1216   2.385e-01 3.816e+00  8.531e+04
6.199636e-02   1.613e+05 3 inti1216   1.614e+05 0 inti1216   3.719e-01 5.950e+00  8.824e+04
6.302016e-02   1.052e+05 3 inti1216   1.053e+05 2 inti1216   2.401e-01 3.841e+00  8.808e+04
6.410435e-02   1.054e+05 3 inti1216   1.056e+05 0 inti1216   2.378e-01 3.805e+00  8.796e+04
6.499062e-02   1.056e+05 0 inti1216   1.058e+05 2 inti1216   2.361e-01 3.778e+00  8.828e+04
6.581098e-02   1.591e+05 3 inti1216   1.591e+05 0 inti1216   3.518e-01 5.629e+00  9.127e+04
6.672438e-02   1.099e+05 3 inti1216   1.099e+05 1 inti1216   2.409e-01 3.854e+00  9.218e+04
6.757079e-02   1.095e+05 3 inti1216   1.095e+05 0 inti1216   2.380e-01 3.808e+00  9.144e+04
6.838811e-02   1.087e+05 3 inti1216   1.087e+05 1 inti1216   2.348e-01 3.756e+00  9.083e+04
6.920114e-02   1.660e+05 3 inti1216   1.661e+05 1 inti1216   3.555e-01 5.688e+00  9.301e+04
7.001470e-02   1.106e+05 0 inti1216   1.107e+05 2 inti1216   2.352e-01 3.763e+00  9.285e+04
7.082643e-02   1.117e+05 3 inti1216   1.117e+05 0 inti1216   2.357e-01 3.771e+00  9.396e+04
7.163691e-02   1.124e+05 3 inti1216   1.125e+05 1 inti1216   2.356e-01 3.769e+00  9.450e+04
7.249674e-02   1.684e+05 3 inti1216   1.685e+05 0 inti1216   3.498e-01 5.597e+00  9.650e+04
7.350688e-02   1.139e+05 3 inti1216   1.140e+05 2 inti1216   2.345e-01 3.752e+00  9.584e+04
7.440316e-02   1.137e+05 3 inti1216   1.137e+05 0 inti1216   2.322e-01 3.715e+00  9.568e+04
7.525882e-02   1.145e+05 0 inti1216   1.146e+05 1 inti1216   2.322e-01 3.715e+00  9.644e+04
7.608884e-02   1.730e+05 0 inti1216   1.731e+05 1 inti1216   3.477e-01 5.563e+00  9.915e+04
7.692452e-02   1.181e+05 3 inti1216   1.182e+05 1 inti1216   2.356e-01 3.769e+00  9.892e+04
7.769687e-02   1.162e+05 3 inti1216   1.162e+05 1 inti1216   2.302e-01 3.684e+00  9.773e+04
7.861016e-02   1.167e+05 0 inti1216   1.168e+05 1 inti1216   2.296e-01 3.674e+00  9.838e+04
7.943247e-02   1.782e+05 3 inti1216   1.782e+05 1 inti1216   3.474e-01 5.559e+00  1.025e+05
8.033659e-02   1.175e+05 2 inti1216   1.175e+05 3 inti1216   2.274e-01 3.638e+00  9.904e+04
8.128351e-02   1.174e+05 3 inti1216   1.174e+05 0 inti1216   2.254e-01 3.607e+00  9.863e+04
8.220698e-02   1.193e+05 3 inti1216   1.194e+05 1 inti1216   2.277e-01 3.644e+00  1.006e+05
8.322245e-02   1.801e+05 3 inti1216   1.801e+05 0 inti1216   3.403e-01 5.445e+00  1.027e+05
8.415708e-02   1.214e+05 0 inti1216   1.215e+05 1 inti1216   2.279e-01 3.646e+00  1.014e+05
8.499762e-02   1.201e+05 3 inti1216   1.202e+05 0 inti1216   2.240e-01 3.584e+00  1.011e+05
8.587549e-02   1.204e+05 0 inti1216   1.205e+05 2 inti1216   2.231e-01 3.570e+00  1.012e+05
8.691617e-02   1.858e+05 3 inti1216   1.859e+05 0 inti1216   3.408e-01 5.452e+00  1.060e+05
8.794607e-02   1.222e+05 0 inti1216   1.223e+05 1 inti1216   2.224e-01 3.559e+00  1.028e+05
8.892970e-02   1.285e+05 3 inti1216   1.287e+05 0 inti1216   2.323e-01 3.717e+00  1.089e+05
8.993231e-02   1.264e+05 3 inti1216   1.267e+05 2 inti1216   2.268e-01 3.629e+00  1.076e+05
9.090598e-02   1.897e+05 3 inti1216   1.900e+05 0 inti1216   3.370e-01 5.392e+00  1.098e+05
9.192872e-02   1.277e+05 3 inti1216   1.279e+05 1 inti1216   2.250e-01 3.601e+00  1.088e+05
9.298077e-02   1.292e+05 3 inti1216   1.294e+05 0 inti1216   2.258e-01 3.612e+00  1.099e+05
9.404364e-02   1.320e+05 3 inti1216   1.323e+05 1 inti1216   2.288e-01 3.660e+00  1.128e+05
9.497528e-02   1.960e+05 3 inti1216   1.962e+05 0 inti1216   3.363e-01 5.382e+00  1.141e+05
9.593263e-02   1.325e+05 3 inti1216   1.327e+05 1 inti1216   2.258e-01 3.613e+00  1.132e+05
9.700472e-02   1.330e+05 3 inti1216   1.332e+05 0 inti1216   2.247e-01 3.595e+00  1.135e+05
9.799241e-02   1.348e+05 3 inti1216   1.350e+05 0 inti1216   2.260e-01 3.615e+00  1.152e+05
9.886804e-02   1.950e+05 3 inti1216   1.952e+05 1 inti1216   3.239e-01 5.182e+00  1.154e+05
9.974292e-02   1.360e+05 3 inti1216   1.362e+05 1 inti1216   2.245e-01 3.592e+00  1.162e+05
1.006182e-01   1.353e+05 3 inti1216   1.355e+05 0 inti1216   2.217e-01 3.547e+00  1.153e+05
1.014893e-01   1.339e+05 3 inti1216   1.340e+05 0 inti1216   2.179e-01 3.486e+00  1.140e+05
1.023553e-01   2.021e+05 3 inti1216   2.023e+05 1 inti1216   3.263e-01 5.221e+00  1.162e+05
1.032220e-01   1.430e+05 3 inti1216   1.433e+05 1 inti1216   2.295e-01 3.672e+00  1.224e+05
1.040834e-01   1.376e+05 3 inti1216   1.378e+05 0 inti1216   2.194e-01 3.511e+00  1.172e+05
1.050163e-01   1.390e+05 3 inti1216   1.392e+05 1 inti1216   2.203e-01 3.524e+00  1.190e+05
1.058742e-01   2.065e+05 3 inti1216   2.068e+05 0 inti1216   3.247e-01 5.196e+00  1.211e+05
1.067442e-01   1.399e+05 3 inti1216   1.401e+05 1 inti1216   2.188e-01 3.501e+00  1.199e+05
1.076789e-01   1.417e+05 3 inti1216   1.420e+05 0 inti1216   2.204e-01 3.526e+00  1.215e+05
1.085570e-01   1.418e+05 3 inti1216   1.420e+05 1 inti1216   2.193e-01 3.508e+00  1.216e+05
1.094815e-01   2.073e+05 3 inti1216   2.076e+05 0 inti1216   3.182e-01 5.091e+00  1.243e+05
1.103597e-01   1.428e+05 3 inti1216   1.431e+05 1 inti1216   2.181e-01 3.490e+00  1.227e+05
1.112177e-01   1.435e+05 3 inti1216   1.437e+05 0 inti1216   2.179e-01 3.486e+00  1.232e+05
1.120727e-01   1.440e+05 3 inti1216   1.443e+05 1 inti1216   2.177e-01 3.483e+00  1.235e+05
1.129360e-01   2.124e+05 3 inti1216   2.127e+05 0 inti1216   3.188e-01 5.101e+00  1.256e+05
1.137882e-01   1.458e+05 3 inti1216   1.460e+05 1 inti1216   2.179e-01 3.486e+00  1.252e+05
1.146082e-01   1.475e+05 3 inti1216   1.478e+05 0 inti1216   2.194e-01 3.510e+00  1.270e+05
1.154415e-01   1.484e+05 3 inti1216   1.487e+05 0 inti1216   2.197e-01 3.515e+00  1.278e+05
1.163884e-01   2.192e+05 3 inti1216   2.195e+05 1 inti1216   3.223e-01 5.156e+00  1.278e+05
1.173232e-01   1.500e+05 3 inti1216   1.502e+05 1 inti1216   2.195e-01 3.511e+00  1.289e+05
1.182540e-01   1.476e+05 3 inti1216   1.479e+05 0 inti1216   2.150e-01 3.439e+00  1.271e+05
1.190552e-01   1.480e+05 3 inti1216   1.482e+05 1 inti1216   2.145e-01 3.432e+00  1.272e+05
1.198128e-01   2.229e+05 3 inti1216   2.231e+05 1 inti1216   3.213e-01 5.140e+00  1.305e+05
1.205719e-01   1.485e+05 3 inti1216   1.488e+05 0 inti1216   2.135e-01 3.415e+00  1.275e+05
1.213263e-01   1.493e+05 3 inti1216   1.496e+05 0 inti1216   2.138e-01 3.420e+00  1.284e+05
1.220866e-01   1.497e+05 3 inti1216   1.499e+05 1 inti1216   2.134e-01 3.415e+00  1.285e+05
1.228568e-01   2.262e+05 3 inti1216   2.265e+05 2 inti1216   3.208e-01 5.134e+00  1.322e+05
1.236427e-01   1.521e+05 3 inti1216   1.524e+05 0 inti1216   2.150e-01 3.441e+00  1.308e+05
1.244231e-01   1.550e+05 3 inti1216   1.554e+05 0 inti1216   2.185e-01 3.495e+00  1.336e+05
1.252095e-01   1.606e+05 3 inti1216   1.609e+05 1 inti1216   2.253e-01 3.605e+00  1.386e+05
1.260047e-01   2.333e+05 3 inti1216   2.337e+05 1 inti1216   3.256e-01 5.209e+00  1.363e+05
1.268984e-01   1.569e+05 3 inti1216   1.573e+05 0 inti1216   2.182e-01 3.491e+00  1.352e+05
1.277486e-01   1.563e+05 3 inti1216   1.567e+05 0 inti1216   2.163e-01 3.461e+00  1.349e+05
1.285214e-01   1.575e+05 3 inti1216   1.579e+05 0 inti1216   2.171e-01 3.473e+00  1.358e+05
1.294196e-01   2.358e+05 3 inti1216   2.362e+05 0 inti1216   3.230e-01 5.167e+00  1.378e+05
1.304023e-01   1.586e+05 3 inti1216   1.590e+05 0 inti1216   2.162e-01 3.460e+00  1.370e+05
1.313883e-01   1.591e+05 3 inti1216   1.595e+05 0 inti1216   2.158e-01 3.453e+00  1.375e+05
1.323431e-01   1.596e+05 3 inti1216   1.601e+05 0 inti1216   2.154e-01 3.447e+00  1.378e+05
1.331904e-01   2.397e+05 3 inti1216   2.401e+05 0 inti1216   3.213e-01 5.140e+00  1.399e+05
1.339889e-01   1.609e+05 3 inti1216   1.613e+05 1 inti1216   2.150e-01 3.440e+00  1.389e+05
1.348927e-01   1.620e+05 3 inti1216   1.624e+05 0 inti1216   2.155e-01 3.448e+00  1.401e+05
1.359193e-01   1.625e+05 3 inti1216   1.629e+05 1 inti1216   2.150e-01 3.440e+00  1.404e+05
1.369537e-01   2.425e+05 3 inti1216   2.429e+05 0 inti1216   3.186e-01 5.097e+00  1.425e+05
1.378324e-01   1.630e+05 3 inti1216   1.634e+05 1 inti1216   2.133e-01 3.412e+00  1.408e+05
1.386391e-01   1.641e+05 3 inti1216   1.645e+05 0 inti1216   2.138e-01 3.421e+00  1.420e+05
1.394475e-01   1.663e+05 3 inti1216   1.666e+05 1 inti1216   2.157e-01 3.451e+00  1.435e+05
1.402393e-01   2.605e+05 3 inti1216   2.609e+05 0 inti1216   3.360e-01 5.376e+00  1.464e+05
1.410430e-01   1.663e+05 3 inti1216   1.667e+05 0 inti1216   2.137e-01 3.420e+00  1.435e+05
1.418439e-01   1.676e+05 3 inti1216   1.680e+05 0 inti1216   2.145e-01 3.432e+00  1.448e+05
1.426304e-01   1.676e+05 3 inti1216   1.680e+05 1 inti1216   2.135e-01 3.417e+00  1.444e+05
1.434000e-01   2.539e+05 3 inti1216   2.543e+05 0 inti1216   3.218e-01 5.149e+00  1.477e+05
1.441862e-01   1.686e+05 3 inti1216   1.690e+05 1 inti1216   2.130e-01 3.407e+00  1.455e+05
1.449379e-01   1.691e+05 3 inti1216   1.695e+05 0 inti1216   2.128e-01 3.404e+00  1.464e+05
1.456978e-01   1.717e+05 3 inti1216   1.720e+05 1 inti1216   2.149e-01 3.439e+00  1.486e+05
1.464582e-01   2.560e+05 3 inti1216   2.563e+05 1 inti1216   3.186e-01 5.098e+00  1.495e+05
1.472571e-01   1.707e+05 3 inti1216   1.711e+05 0 inti1216   2.117e-01 3.388e+00  1.477e+05
1.480552e-01   1.717e+05 3 inti1216   1.721e+05 0 inti1216   2.120e-01 3.392e+00  1.487e+05
1.488649e-01   1.722e+05 3 inti1216   1.726e+05 1 inti1216   2.116e-01 3.386e+00  1.492e+05
1.496747e-01   2.669e+05 3 inti1216   2.673e+05 1 inti1216   3.261e-01 5.218e+00  1.542e+05
1.504835e-01   1.744e+05 3 inti1216   1.747e+05 1 inti1216   2.124e-01 3.398e+00  1.509e+05
1.513074e-01   1.752e+05 3 inti1216   1.756e+05 0 inti1216   2.125e-01 3.401e+00  1.519e+05
1.521146e-01   1.765e+05 3 inti1216   1.769e+05 1 inti1216   2.131e-01 3.410e+00  1.528e+05
1.529620e-01   2.635e+05 3 inti1216   2.639e+05 0 inti1216   3.163e-01 5.061e+00  1.545e+05
1.539515e-01   1.778e+05 3 inti1216   1.783e+05 0 inti1216   2.126e-01 3.401e+00  1.544e+05
1.549646e-01   1.820e+05 3 inti1216   1.824e+05 0 inti1216   2.164e-01 3.462e+00  1.579e+05
1.560398e-01   1.801e+05 3 inti1216   1.805e+05 1 inti1216   2.129e-01 3.406e+00  1.564e+05
1.571342e-01   2.864e+05 3 inti1216   2.869e+05 1 inti1216   3.359e-01 5.375e+00  1.666e+05
1.581775e-01   1.889e+05 3 inti1216   1.894e+05 1 inti1216   2.205e-01 3.528e+00  1.638e+05
1.592185e-01   1.886e+05 3 inti1216   1.890e+05 0 inti1216   2.187e-01 3.499e+00  1.642e+05
1.602737e-01   1.896e+05 3 inti1216   1.901e+05 1 inti1216   2.188e-01 3.501e+00  1.650e+05
1.613430e-01   2.787e+05 3 inti1216   2.793e+05 1 inti1216   3.191e-01 5.105e+00  1.692e+05
1.623946e-01   1.908e+05 3 inti1216   1.913e+05 1 inti1216   2.174e-01 3.478e+00  1.660e+05
1.634673e-01   1.929e+05 3 inti1216   1.934e+05 0 inti1216   2.185e-01 3.495e+00  1.685e+05
1.645326e-01   1.928e+05 3 inti1216   1.933e+05 0 inti1216   2.171e-01 3.474e+00  1.681e+05
1.656154e-01   2.825e+05 3 inti1216   2.830e+05 1 inti1216   3.156e-01 5.050e+00  1.721e+05
1.666978e-01   1.967e+05 3 inti1216   1.971e+05 1 inti1216   2.186e-01 3.498e+00  1.714e+05
1.677899e-01   1.957e+05 3 inti1216   1.961e+05 1 inti1216   2.163e-01 3.461e+00  1.710e+05
1.688844e-01   1.973e+05 3 inti1216   1.978e+05 1 inti1216   2.169e-01 3.471e+00  1.724e+05
1.699692e-01   2.817e+05 3 inti1216   2.822e+05 0 inti1216   3.076e-01 4.921e+00  1.739e+05
1.710547e-01   2.007e+05 3 inti1216   2.012e+05 1 inti1216   2.181e-01 3.490e+00  1.753e+05
1.721265e-01   1.990e+05 3 inti1216   1.995e+05 1 inti1216   2.153e-01 3.444e+00  1.737e+05
1.731858e-01   2.010e+05 3 inti1216   2.015e+05 1 inti1216   2.164e-01 3.463e+00  1.756e+05
1.742599e-01   2.996e+05 3 inti1216   3.003e+05 1 inti1216   3.206e-01 5.130e+00  1.808e+05
1.753620e-01   2.036e+05 3 inti1216   2.043e+05 1 inti1216   2.172e-01 3.475e+00  1.779e+05
1.764637e-01   2.068e+05 3 inti1216   2.075e+05 0 inti1216   2.196e-01 3.514e+00  1.815e+05
1.775837e-01   2.057e+05 3 inti1216   2.064e+05 1 inti1216   2.174e-01 3.478e+00  1.799e+05
1.787115e-01   2.944e+05 3 inti1216   2.950e+05 0 inti1216   3.091e-01 4.946e+00  1.828e+05
1.798411e-01   2.077e+05 3 inti1216   2.084e+05 1 inti1216   2.174e-01 3.478e+00  1.819e+05
1.809650e-01   2.078e+05 3 inti1216   2.085e+05 1 inti1216   2.165e-01 3.463e+00  1.821e+05
1.820949e-01   2.089e+05 3 inti1216   2.095e+05 1 inti1216   2.166e-01 3.465e+00  1.830e+05
1.832354e-01   3.041e+05 3 inti1216   3.048e+05 1 inti1216   3.134e-01 5.015e+00  1.861e+05
1.843777e-01   2.100e+05 3 inti1216   2.107e+05 0 inti1216   2.157e-01 3.452e+00  1.842e+05
1.855289e-01   2.110e+05 3 inti1216   2.117e+05 1 inti1216   2.159e-01 3.454e+00  1.852e+05
1.863264e-01   2.134e+05 3 inti1216   2.141e+05 1 inti1216   2.176e-01 3.482e+00  1.875e+05
1.873762e-01   3.068e+05 3 inti1216   3.075e+05 0 inti1216   3.114e-01 4.982e+00  1.866e+05
1.881992e-01   2.145e+05 3 inti1216   2.152e+05 1 inti1216   2.173e-01 3.477e+00  1.882e+05
1.889960e-01   2.128e+05 3 inti1216   2.136e+05 1 inti1216   2.152e-01 3.443e+00  1.869e+05
1.897733e-01   2.135e+05 3 inti1216   2.142e+05 1 inti1216   2.154e-01 3.446e+00  1.873e+05
1.905844e-01   3.216e+05 3 inti1216   3.223e+05 0 inti1216   3.233e-01 5.173e+00  1.935e+05
1.914236e-01   2.174e+05 3 inti1216   2.181e+05 0 inti1216   2.183e-01 3.494e+00  1.906e+05
1.923019e-01   2.191e+05 3 inti1216   2.199e+05 0 inti1216   2.198e-01 3.516e+00  1.922e+05
1.932096e-01   2.207e+05 3 inti1216   2.213e+05 0 inti1216   2.209e-01 3.534e+00  1.938e+05
1.942947e-01   3.124e+05 3 inti1216   3.131e+05 0 inti1216   3.117e-01 4.987e+00  1.968e+05
1.952977e-01   2.193e+05 3 inti1216   2.200e+05 0 inti1216   2.187e-01 3.499e+00  1.925e+05
1.964020e-01   2.203e+05 3 inti1216   2.210e+05 0 inti1216   2.193e-01 3.509e+00  1.933e+05
1.975060e-01   2.223e+05 3 inti1216   2.229e+05 2 inti1216   2.209e-01 3.535e+00  1.951e+05
1.986064e-01   2.902e+05 3 inti1216   2.909e+05 0 inti1216   2.879e-01 4.607e+00  1.948e+05
1.996510e-01   2.213e+05 3 inti1216   2.220e+05 0 inti1216   2.195e-01 3.512e+00  1.941e+05
