# 1  : Date
# 2  : Temps elapsed min (mus)
# 3  : Rang temps elapsed min
# 4  : Noeud temps elapsed min
# 5  : Temps elapsed max (mus)
# 6  : Rang temps elapsed max
# 7  : Noeud temps elapsed max
# 8  : Grind time (mus/maille/cycle)
# 9  : Grind time équivalent séquentiel (#8 X nb_de_coeurs)
#     1     2     3     4      5      6      7       8      9
#   ATTENTION  les temps cpu schémas sont données dans l'ordre alphabétique des schémas WARNING
#  10: TELAPS Hydro (mus)
3.235230e-04   4.027e+04 0 inti1210   4.038e+04 3 inti1210   2.901e-01 4.642e+00  3.168e+04
9.542344e-04   4.340e+04 0 inti1210   4.356e+04 3 inti1210   3.051e-01 4.882e+00  3.370e+04
1.835622e-03   7.089e+04 0 inti1210   7.094e+04 3 inti1210   4.794e-01 7.670e+00  3.645e+04
2.922654e-03   5.246e+04 0 inti1210   5.261e+04 1 inti1210   3.421e-01 5.473e+00  4.282e+04
4.085306e-03   4.844e+04 0 inti1210   4.847e+04 3 inti1210   3.008e-01 4.813e+00  3.878e+04
5.298898e-03   4.935e+04 0 inti1210   4.940e+04 3 inti1210   2.927e-01 4.683e+00  3.934e+04
6.679338e-03   7.798e+04 0 inti1210   7.803e+04 3 inti1210   4.418e-01 7.069e+00  4.191e+04
8.119650e-03   5.217e+04 0 inti1210   5.223e+04 2 inti1210   2.843e-01 4.548e+00  4.202e+04
9.168967e-03   5.401e+04 0 inti1210   5.406e+04 2 inti1210   2.853e-01 4.565e+00  4.348e+04
9.914659e-03   5.572e+04 0 inti1210   5.584e+04 2 inti1210   2.889e-01 4.622e+00  4.495e+04
1.065729e-02   8.407e+04 0 inti1210   8.412e+04 3 inti1210   4.267e-01 6.828e+00  4.634e+04
1.148002e-02   5.705e+04 0 inti1210   5.718e+04 3 inti1210   2.850e-01 4.560e+00  4.606e+04
1.242541e-02   5.778e+04 0 inti1210   5.784e+04 2 inti1210   2.822e-01 4.515e+00  4.668e+04
1.347765e-02   5.913e+04 0 inti1210   5.918e+04 2 inti1210   2.823e-01 4.516e+00  4.800e+04
1.458252e-02   1.057e+05 0 inti1210   1.058e+05 2 inti1210   4.929e-01 7.886e+00  5.102e+04
1.575026e-02   6.060e+04 0 inti1210   6.066e+04 3 inti1210   2.768e-01 4.429e+00  4.903e+04
1.691206e-02   6.136e+04 0 inti1210   6.140e+04 3 inti1210   2.738e-01 4.380e+00  4.949e+04
1.806593e-02   6.258e+04 0 inti1210   6.263e+04 3 inti1210   2.730e-01 4.367e+00  5.079e+04
1.914850e-02   1.017e+05 0 inti1210   1.018e+05 3 inti1210   4.344e-01 6.950e+00  5.372e+04
1.991740e-02   6.394e+04 0 inti1210   6.399e+04 3 inti1210   2.700e-01 4.320e+00  5.202e+04
2.066994e-02   6.534e+04 0 inti1210   6.540e+04 2 inti1210   2.720e-01 4.352e+00  5.318e+04
2.148545e-02   6.619e+04 0 inti1210   6.624e+04 2 inti1210   2.716e-01 4.345e+00  5.417e+04
2.236324e-02   9.641e+04 0 inti1210   9.646e+04 2 inti1210   3.894e-01 6.231e+00  5.625e+04
2.330428e-02   6.733e+04 0 inti1210   6.747e+04 2 inti1210   2.687e-01 4.299e+00  5.516e+04
2.430975e-02   6.975e+04 0 inti1210   6.986e+04 2 inti1210   2.731e-01 4.369e+00  5.705e+04
2.536985e-02   6.926e+04 0 inti1210   6.936e+04 2 inti1210   2.659e-01 4.254e+00  5.663e+04
2.648160e-02   1.048e+05 0 inti1210   1.049e+05 2 inti1210   3.934e-01 6.294e+00  5.808e+04
2.764788e-02   7.110e+04 0 inti1210   7.117e+04 2 inti1210   2.619e-01 4.191e+00  5.836e+04
2.886775e-02   7.189e+04 0 inti1210   7.194e+04 3 inti1210   2.586e-01 4.138e+00  5.893e+04
3.013785e-02   7.351e+04 0 inti1210   7.357e+04 3 inti1210   2.580e-01 4.127e+00  6.054e+04
3.145528e-02   1.122e+05 0 inti1210   1.122e+05 2 inti1210   3.836e-01 6.137e+00  6.246e+04
3.281882e-02   7.618e+04 0 inti1210   7.625e+04 2 inti1210   2.546e-01 4.073e+00  6.252e+04
3.414457e-02   7.660e+04 0 inti1210   7.665e+04 2 inti1210   2.491e-01 3.985e+00  6.308e+04
3.544172e-02   7.832e+04 0 inti1210   7.837e+04 2 inti1210   2.481e-01 3.970e+00  6.498e+04
3.674529e-02   1.203e+05 0 inti1210   1.204e+05 3 inti1210   3.713e-01 5.940e+00  6.687e+04
3.806335e-02   8.111e+04 0 inti1210   8.127e+04 2 inti1210   2.451e-01 3.921e+00  6.731e+04
3.942003e-02   8.228e+04 0 inti1210   8.234e+04 2 inti1210   2.420e-01 3.872e+00  6.803e+04
4.078304e-02   8.246e+04 0 inti1210   8.251e+04 2 inti1210   2.362e-01 3.779e+00  6.835e+04
4.217592e-02   1.302e+05 0 inti1210   1.303e+05 3 inti1210   3.632e-01 5.811e+00  7.060e+04
4.359115e-02   8.522e+04 0 inti1210   8.528e+04 2 inti1210   2.326e-01 3.721e+00  7.068e+04
4.502351e-02   8.614e+04 0 inti1210   8.618e+04 2 inti1210   2.296e-01 3.673e+00  7.129e+04
4.648038e-02   8.892e+04 0 inti1210   8.898e+04 2 inti1210   2.316e-01 3.706e+00  7.401e+04
4.797138e-02   1.344e+05 0 inti1210   1.345e+05 2 inti1210   3.423e-01 5.476e+00  7.538e+04
4.950673e-02   9.058e+04 0 inti1210   9.072e+04 2 inti1210   2.264e-01 3.622e+00  7.542e+04
5.108973e-02   9.192e+04 0 inti1210   9.199e+04 2 inti1210   2.246e-01 3.593e+00  7.640e+04
5.273017e-02   9.452e+04 0 inti1210   9.458e+04 2 inti1210   2.258e-01 3.613e+00  7.890e+04
5.439300e-02   1.488e+05 0 inti1210   1.490e+05 2 inti1210   3.477e-01 5.564e+00  8.228e+04
5.598898e-02   9.824e+04 0 inti1210   9.839e+04 2 inti1210   2.255e-01 3.608e+00  8.200e+04
5.758355e-02   1.002e+05 0 inti1210   1.003e+05 2 inti1210   2.252e-01 3.603e+00  8.360e+04
5.916467e-02   1.023e+05 0 inti1210   1.024e+05 3 inti1210   2.254e-01 3.607e+00  8.589e+04
6.074634e-02   1.667e+05 0 inti1210   1.668e+05 2 inti1210   3.601e-01 5.761e+00  9.129e+04
6.232499e-02   1.056e+05 0 inti1210   1.057e+05 2 inti1210   2.243e-01 3.590e+00  8.889e+04
6.390801e-02   1.121e+05 0 inti1210   1.121e+05 2 inti1210   2.337e-01 3.740e+00  9.480e+04
6.543504e-02   1.106e+05 0 inti1210   1.107e+05 2 inti1210   2.265e-01 3.624e+00  9.342e+04
6.680117e-02   1.661e+05 0 inti1210   1.662e+05 1 inti1210   3.347e-01 5.356e+00  9.336e+04
6.814743e-02   1.106e+05 0 inti1210   1.107e+05 1 inti1210   2.199e-01 3.519e+00  9.345e+04
6.946609e-02   1.118e+05 0 inti1210   1.119e+05 1 inti1210   2.190e-01 3.504e+00  9.471e+04
7.078630e-02   1.123e+05 0 inti1210   1.124e+05 2 inti1210   2.168e-01 3.469e+00  9.480e+04
7.208408e-02   1.716e+05 0 inti1210   1.716e+05 1 inti1210   3.261e-01 5.218e+00  9.753e+04
7.342183e-02   1.132e+05 0 inti1210   1.133e+05 1 inti1210   2.126e-01 3.401e+00  9.552e+04
7.477697e-02   1.146e+05 0 inti1210   1.146e+05 1 inti1210   2.118e-01 3.390e+00  9.676e+04
7.615696e-02   1.181e+05 0 inti1210   1.181e+05 1 inti1210   2.150e-01 3.440e+00  9.984e+04
7.754670e-02   1.831e+05 0 inti1210   1.832e+05 3 inti1210   3.286e-01 5.257e+00  1.027e+05
7.892612e-02   1.214e+05 0 inti1210   1.214e+05 2 inti1210   2.150e-01 3.440e+00  1.027e+05
8.033537e-02   1.245e+05 0 inti1210   1.246e+05 1 inti1210   2.173e-01 3.477e+00  1.054e+05
8.182714e-02   1.268e+05 0 inti1210   1.269e+05 1 inti1210   2.181e-01 3.489e+00  1.077e+05
8.332517e-02   1.939e+05 0 inti1210   1.939e+05 2 inti1210   3.287e-01 5.259e+00  1.118e+05
8.489588e-02   1.247e+05 0 inti1210   1.249e+05 1 inti1210   2.090e-01 3.344e+00  1.059e+05
8.646164e-02   1.260e+05 0 inti1210   1.260e+05 1 inti1210   2.081e-01 3.329e+00  1.072e+05
8.802793e-02   1.274e+05 0 inti1210   1.274e+05 1 inti1210   2.075e-01 3.320e+00  1.082e+05
8.957975e-02   1.976e+05 0 inti1210   1.977e+05 3 inti1210   3.178e-01 5.085e+00  1.117e+05
9.113935e-02   1.292e+05 0 inti1210   1.294e+05 1 inti1210   2.058e-01 3.292e+00  1.100e+05
9.272668e-02   1.309e+05 0 inti1210   1.310e+05 3 inti1210   2.057e-01 3.292e+00  1.117e+05
9.422877e-02   1.343e+05 2 inti1210   1.343e+05 1 inti1210   2.085e-01 3.336e+00  1.144e+05
9.582414e-02   2.054e+05 0 inti1210   2.054e+05 1 inti1210   3.149e-01 5.039e+00  1.171e+05
9.747479e-02   1.368e+05 0 inti1210   1.369e+05 1 inti1210   2.075e-01 3.320e+00  1.168e+05
9.914862e-02   1.403e+05 0 inti1210   1.403e+05 1 inti1210   2.101e-01 3.361e+00  1.200e+05
1.008503e-01   1.433e+05 0 inti1210   1.434e+05 1 inti1210   2.119e-01 3.390e+00  1.224e+05
1.026220e-01   2.209e+05 3 inti1210   2.210e+05 1 inti1210   3.227e-01 5.164e+00  1.267e+05
1.043994e-01   1.502e+05 0 inti1210   1.503e+05 1 inti1210   2.173e-01 3.476e+00  1.291e+05
1.061818e-01   1.497e+05 0 inti1210   1.497e+05 1 inti1210   2.139e-01 3.423e+00  1.285e+05
1.080105e-01   1.518e+05 2 inti1210   1.518e+05 1 inti1210   2.145e-01 3.432e+00  1.305e+05
1.098231e-01   2.274e+05 3 inti1210   2.275e+05 0 inti1210   3.180e-01 5.087e+00  1.337e+05
1.116303e-01   1.502e+05 3 inti1210   1.503e+05 2 inti1210   2.084e-01 3.334e+00  1.284e+05
1.134258e-01   1.510e+05 3 inti1210   1.511e+05 1 inti1210   2.076e-01 3.322e+00  1.296e+05
1.152228e-01   1.522e+05 3 inti1210   1.524e+05 0 inti1210   2.075e-01 3.320e+00  1.303e+05
1.170101e-01   2.342e+05 3 inti1210   2.345e+05 0 inti1210   3.160e-01 5.056e+00  1.339e+05
1.187731e-01   1.572e+05 3 inti1210   1.573e+05 1 inti1210   2.102e-01 3.363e+00  1.347e+05
1.205218e-01   1.600e+05 3 inti1210   1.601e+05 0 inti1210   2.119e-01 3.390e+00  1.377e+05
1.222744e-01   1.627e+05 3 inti1210   1.629e+05 0 inti1210   2.134e-01 3.414e+00  1.401e+05
1.239827e-01   2.479e+05 3 inti1210   2.480e+05 0 inti1210   3.216e-01 5.145e+00  1.437e+05
1.256610e-01   1.678e+05 3 inti1210   1.680e+05 0 inti1210   2.158e-01 3.454e+00  1.449e+05
1.273397e-01   1.702e+05 3 inti1210   1.704e+05 0 inti1210   2.168e-01 3.469e+00  1.473e+05
1.290387e-01   1.727e+05 3 inti1210   1.729e+05 1 inti1210   2.176e-01 3.482e+00  1.494e+05
1.307393e-01   2.640e+05 3 inti1210   2.642e+05 1 inti1210   3.292e-01 5.268e+00  1.519e+05
1.324244e-01   1.776e+05 3 inti1210   1.777e+05 1 inti1210   2.195e-01 3.511e+00  1.538e+05
1.341145e-01   1.808e+05 3 inti1210   1.809e+05 0 inti1210   2.211e-01 3.538e+00  1.567e+05
1.358151e-01   1.843e+05 3 inti1210   1.845e+05 0 inti1210   2.231e-01 3.570e+00  1.598e+05
1.375358e-01   2.811e+05 3 inti1210   2.816e+05 0 inti1210   3.368e-01 5.389e+00  1.570e+05
1.392699e-01   1.764e+05 3 inti1210   1.769e+05 1 inti1210   2.096e-01 3.354e+00  1.521e+05
1.409908e-01   1.818e+05 3 inti1210   1.823e+05 0 inti1210   2.136e-01 3.418e+00  1.573e+05
1.427106e-01   1.812e+05 3 inti1210   1.817e+05 1 inti1210   2.107e-01 3.371e+00  1.568e+05
1.444469e-01   2.660e+05 3 inti1210   2.665e+05 1 inti1210   3.057e-01 4.891e+00  1.603e+05
1.461473e-01   1.861e+05 3 inti1210   1.866e+05 1 inti1210   2.122e-01 3.395e+00  1.618e+05
1.478637e-01   1.895e+05 3 inti1210   1.900e+05 0 inti1210   2.139e-01 3.422e+00  1.650e+05
1.496044e-01   1.930e+05 3 inti1210   1.936e+05 0 inti1210   2.158e-01 3.453e+00  1.683e+05
1.513322e-01   3.062e+05 3 inti1210   3.068e+05 1 inti1210   3.389e-01 5.423e+00  1.750e+05
1.530492e-01   1.909e+05 3 inti1210   1.915e+05 1 inti1210   2.098e-01 3.358e+00  1.653e+05
1.547790e-01   1.917e+05 3 inti1210   1.922e+05 0 inti1210   2.089e-01 3.342e+00  1.664e+05
1.565144e-01   1.936e+05 3 inti1210   1.941e+05 0 inti1210   2.090e-01 3.344e+00  1.681e+05
1.582492e-01   2.819e+05 3 inti1210   2.824e+05 1 inti1210   3.015e-01 4.824e+00  1.711e+05
1.599832e-01   1.979e+05 3 inti1210   1.984e+05 0 inti1210   2.104e-01 3.366e+00  1.723e+05
1.617198e-01   2.018e+05 3 inti1210   2.024e+05 0 inti1210   2.128e-01 3.405e+00  1.764e+05
1.634538e-01   2.046e+05 3 inti1210   2.051e+05 2 inti1210   2.139e-01 3.423e+00  1.785e+05
1.651768e-01   2.807e+05 3 inti1210   2.812e+05 0 inti1210   2.910e-01 4.656e+00  1.827e+05
1.668605e-01   2.058e+05 3 inti1210   2.064e+05 0 inti1210   2.123e-01 3.397e+00  1.800e+05
1.684324e-01   2.071e+05 3 inti1210   2.077e+05 0 inti1210   2.124e-01 3.398e+00  1.814e+05
1.699834e-01   2.082e+05 3 inti1210   2.088e+05 0 inti1210   2.123e-01 3.397e+00  1.820e+05
1.715898e-01   3.053e+05 3 inti1210   3.058e+05 2 inti1210   3.092e-01 4.947e+00  1.853e+05
1.731835e-01   2.103e+05 3 inti1210   2.108e+05 0 inti1210   2.124e-01 3.399e+00  1.841e+05
1.747539e-01   2.074e+05 3 inti1210   2.079e+05 0 inti1210   2.088e-01 3.340e+00  1.810e+05
1.762981e-01   2.087e+05 3 inti1210   2.092e+05 1 inti1210   2.093e-01 3.349e+00  1.819e+05
1.778564e-01   2.964e+05 3 inti1210   2.969e+05 1 inti1210   2.961e-01 4.738e+00  1.843e+05
1.794506e-01   2.119e+05 3 inti1210   2.125e+05 1 inti1210   2.113e-01 3.381e+00  1.851e+05
1.810473e-01   2.116e+05 3 inti1210   2.122e+05 0 inti1210   2.103e-01 3.365e+00  1.850e+05
1.826346e-01   2.126e+05 3 inti1210   2.131e+05 1 inti1210   2.106e-01 3.370e+00  1.856e+05
1.842101e-01   2.790e+05 3 inti1210   2.796e+05 1 inti1210   2.755e-01 4.408e+00  1.881e+05
1.858130e-01   2.144e+05 3 inti1210   2.150e+05 0 inti1210   2.113e-01 3.380e+00  1.876e+05
1.873971e-01   2.156e+05 1 inti1210   2.220e+05 3 inti1210   2.175e-01 3.480e+00  1.883e+05
1.890095e-01   2.156e+05 3 inti1210   2.161e+05 0 inti1210   2.111e-01 3.378e+00  1.887e+05
1.906245e-01   3.060e+05 3 inti1210   3.065e+05 2 inti1210   2.987e-01 4.779e+00  1.920e+05
1.922629e-01   2.165e+05 3 inti1210   2.171e+05 2 inti1210   2.111e-01 3.377e+00  1.899e+05
1.940592e-01   2.173e+05 3 inti1210   2.178e+05 1 inti1210   2.114e-01 3.382e+00  1.906e+05
1.958697e-01   2.165e+05 3 inti1210   2.171e+05 0 inti1210   2.102e-01 3.364e+00  1.896e+05
1.976596e-01   2.908e+05 3 inti1210   2.914e+05 2 inti1210   2.816e-01 4.505e+00  1.915e+05
1.994525e-01   2.166e+05 3 inti1210   2.172e+05 2 inti1210   2.096e-01 3.353e+00  1.898e+05
