# 1  : Date
# 2  : Temps elapsed min (mus)
# 3  : Rang temps elapsed min
# 4  : Noeud temps elapsed min
# 5  : Temps elapsed max (mus)
# 6  : Rang temps elapsed max
# 7  : Noeud temps elapsed max
# 8  : Grind time (mus/maille/cycle)
# 9  : Grind time équivalent séquentiel (#8 X nb_de_coeurs)
#     1     2     3     4      5      6      7       8      9
#   ATTENTION  les temps cpu schémas sont données dans l'ordre alphabétique des schémas WARNING
#  10: TELAPS Hydro (mus)
1.305676e-03   4.327e+04 0 inti1223   4.337e+04 3 inti1223   3.024e-01 4.839e+00  3.421e+04
2.412955e-03   4.584e+04 0 inti1223   4.602e+04 3 inti1223   3.095e-01 4.952e+00  3.656e+04
3.908035e-03   4.774e+04 1 inti1223   4.784e+04 3 inti1223   3.060e-01 4.896e+00  3.756e+04
5.671003e-03   5.476e+04 0 inti1223   5.496e+04 3 inti1223   3.328e-01 5.325e+00  4.448e+04
7.855145e-03   5.186e+04 1 inti1223   5.193e+04 3 inti1223   2.925e-01 4.681e+00  4.207e+04
1.042166e-02   5.617e+04 0 inti1223   5.633e+04 2 inti1223   2.935e-01 4.695e+00  4.591e+04
1.331838e-02   6.178e+04 0 inti1223   6.190e+04 1 inti1223   2.961e-01 4.738e+00  5.045e+04
1.628032e-02   6.580e+04 0 inti1223   6.593e+04 3 inti1223   2.921e-01 4.673e+00  5.402e+04
1.921077e-02   6.938e+04 0 inti1223   6.954e+04 3 inti1223   2.850e-01 4.561e+00  5.730e+04
2.173203e-02   7.172e+04 0 inti1223   7.182e+04 3 inti1223   2.772e-01 4.435e+00  5.939e+04
2.418787e-02   7.518e+04 0 inti1223   7.525e+04 3 inti1223   2.738e-01 4.381e+00  6.173e+04
2.719773e-02   7.865e+04 0 inti1223   7.873e+04 3 inti1223   2.678e-01 4.285e+00  6.498e+04
3.029942e-02   8.246e+04 0 inti1223   8.263e+04 3 inti1223   2.633e-01 4.212e+00  6.833e+04
3.360376e-02   8.589e+04 0 inti1223   8.613e+04 3 inti1223   2.581e-01 4.130e+00  7.162e+04
3.631370e-02   8.982e+04 0 inti1223   8.992e+04 3 inti1223   2.555e-01 4.089e+00  7.508e+04
3.916840e-02   9.217e+04 1 inti1223   9.283e+04 3 inti1223   2.507e-01 4.011e+00  7.582e+04
4.225923e-02   9.558e+04 0 inti1223   9.564e+04 3 inti1223   2.447e-01 3.915e+00  7.981e+04
4.476496e-02   9.817e+04 2 inti1223   9.820e+04 3 inti1223   2.419e-01 3.871e+00  8.197e+04
4.720206e-02   1.016e+05 0 inti1223   1.017e+05 3 inti1223   2.418e-01 3.869e+00  8.444e+04
4.961912e-02   1.034e+05 0 inti1223   1.035e+05 3 inti1223   2.383e-01 3.813e+00  8.644e+04
5.196120e-02   1.061e+05 0 inti1223   1.062e+05 3 inti1223   2.369e-01 3.791e+00  8.884e+04
5.436349e-02   1.080e+05 0 inti1223   1.081e+05 3 inti1223   2.339e-01 3.742e+00  9.053e+04
5.694037e-02   1.113e+05 0 inti1223   1.114e+05 3 inti1223   2.334e-01 3.734e+00  9.340e+04
5.977912e-02   1.152e+05 0 inti1223   1.153e+05 3 inti1223   2.341e-01 3.745e+00  9.698e+04
6.321436e-02   1.165e+05 0 inti1223   1.165e+05 3 inti1223   2.281e-01 3.649e+00  9.743e+04
6.595062e-02   1.191e+05 0 inti1223   1.192e+05 3 inti1223   2.267e-01 3.628e+00  1.000e+05
6.807223e-02   1.226e+05 0 inti1223   1.228e+05 3 inti1223   2.286e-01 3.657e+00  1.032e+05
7.047515e-02   1.224e+05 0 inti1223   1.226e+05 2 inti1223   2.231e-01 3.570e+00  1.040e+05
7.306973e-02   1.240e+05 0 inti1223   1.242e+05 2 inti1223   2.207e-01 3.531e+00  1.054e+05
7.581529e-02   1.274e+05 1 inti1223   1.275e+05 2 inti1223   2.213e-01 3.541e+00  1.081e+05
7.871135e-02   1.310e+05 1 inti1223   1.312e+05 2 inti1223   2.219e-01 3.550e+00  1.113e+05
8.173003e-02   1.333e+05 0 inti1223   1.334e+05 2 inti1223   2.201e-01 3.521e+00  1.129e+05
8.476726e-02   1.357e+05 0 inti1223   1.358e+05 3 inti1223   2.185e-01 3.496e+00  1.148e+05
8.780677e-02   1.406e+05 0 inti1223   1.408e+05 3 inti1223   2.214e-01 3.543e+00  1.203e+05
9.081721e-02   1.422e+05 0 inti1223   1.424e+05 2 inti1223   2.190e-01 3.505e+00  1.218e+05
9.409206e-02   1.443e+05 0 inti1223   1.445e+05 2 inti1223   2.173e-01 3.477e+00  1.236e+05
9.770507e-02   1.474e+05 0 inti1223   1.476e+05 2 inti1223   2.166e-01 3.465e+00  1.262e+05
1.016487e-01   1.496e+05 1 inti1223   1.497e+05 2 inti1223   2.147e-01 3.435e+00  1.280e+05
1.057112e-01   1.527e+05 0 inti1223   1.528e+05 2 inti1223   2.143e-01 3.428e+00  1.308e+05
1.097934e-01   1.567e+05 0 inti1223   1.568e+05 2 inti1223   2.154e-01 3.447e+00  1.343e+05
1.135707e-01   1.608e+05 0 inti1223   1.609e+05 2 inti1223   2.168e-01 3.469e+00  1.378e+05
1.174961e-01   1.644e+05 0 inti1223   1.646e+05 2 inti1223   2.176e-01 3.481e+00  1.412e+05
1.211308e-01   1.687e+05 0 inti1223   1.689e+05 2 inti1223   2.194e-01 3.510e+00  1.452e+05
1.247403e-01   1.692e+05 0 inti1223   1.693e+05 2 inti1223   2.162e-01 3.460e+00  1.460e+05
1.280292e-01   1.712e+05 0 inti1223   1.713e+05 2 inti1223   2.154e-01 3.447e+00  1.479e+05
1.322142e-01   1.727e+05 0 inti1223   1.728e+05 2 inti1223   2.133e-01 3.412e+00  1.494e+05
1.366206e-01   1.781e+05 0 inti1223   1.782e+05 2 inti1223   2.152e-01 3.443e+00  1.544e+05
1.411606e-01   1.819e+05 0 inti1223   1.821e+05 2 inti1223   2.148e-01 3.436e+00  1.579e+05
1.455968e-01   1.872e+05 1 inti1223   1.873e+05 2 inti1223   2.157e-01 3.451e+00  1.629e+05
1.497869e-01   1.900e+05 0 inti1223   1.903e+05 2 inti1223   2.143e-01 3.429e+00  1.654e+05
1.536513e-01   1.941e+05 0 inti1223   1.943e+05 2 inti1223   2.145e-01 3.433e+00  1.689e+05
1.573197e-01   1.998e+05 0 inti1223   2.000e+05 2 inti1223   2.170e-01 3.472e+00  1.744e+05
1.606607e-01   2.033e+05 0 inti1223   2.035e+05 2 inti1223   2.177e-01 3.484e+00  1.768e+05
1.641704e-01   2.032e+05 0 inti1223   3.560e+05 2 inti1223   3.763e-01 6.020e+00  1.771e+05
1.680159e-01   2.077e+05 0 inti1223   2.078e+05 2 inti1223   2.166e-01 3.466e+00  1.812e+05
1.720773e-01   2.062e+05 0 inti1223   2.063e+05 2 inti1223   2.126e-01 3.401e+00  1.797e+05
1.760608e-01   2.070e+05 0 inti1223   2.072e+05 2 inti1223   2.113e-01 3.380e+00  1.807e+05
1.798980e-01   2.085e+05 0 inti1223   2.086e+05 2 inti1223   2.108e-01 3.373e+00  1.820e+05
1.837947e-01   2.099e+05 0 inti1223   2.100e+05 2 inti1223   2.104e-01 3.366e+00  1.833e+05
1.878065e-01   2.124e+05 0 inti1223   2.125e+05 2 inti1223   2.111e-01 3.377e+00  1.855e+05
1.917841e-01   2.148e+05 0 inti1223   2.149e+05 2 inti1223   2.117e-01 3.387e+00  1.879e+05
1.956859e-01   2.204e+05 0 inti1223   2.205e+05 2 inti1223   2.159e-01 3.454e+00  1.925e+05
1.995752e-01   2.192e+05 0 inti1223   2.193e+05 2 inti1223   2.134e-01 3.415e+00  1.916e+05
