#   1 : Date        
# Date        
0.000000e+00
1.807392e-05
2.865299e-05
3.680825e-05
4.331462e-05
4.906367e-05
5.538763e-05
6.204872e-05
6.795979e-05
7.446196e-05
8.161436e-05
8.947053e-05
9.702468e-05
1.053342e-04
1.143002e-04
1.241628e-04
1.337027e-04
1.436480e-04
1.545879e-04
1.657374e-04
1.769297e-04
1.886124e-04
2.010176e-04
2.132284e-04
2.257171e-04
2.388127e-04
2.521957e-04
2.655017e-04
2.797183e-04
2.939297e-04
3.084532e-04
3.235230e-04
3.388720e-04
3.545256e-04
3.707045e-04
3.871136e-04
4.039712e-04
4.213429e-04
4.389057e-04
4.566041e-04
4.748726e-04
4.934284e-04
5.123968e-04
5.317204e-04
5.513472e-04
5.713195e-04
5.916317e-04
6.121877e-04
6.330631e-04
6.541431e-04
6.756129e-04
6.973298e-04
7.193540e-04
7.416524e-04
7.642145e-04
7.870888e-04
8.102207e-04
8.336410e-04
8.572999e-04
8.811975e-04
9.052984e-04
9.296850e-04
9.542344e-04
9.790738e-04
1.004107e-03
1.029433e-03
1.054937e-03
1.080786e-03
1.106828e-03
1.133123e-03
1.159624e-03
1.186464e-03
1.213485e-03
1.240745e-03
1.268213e-03
1.295923e-03
1.323861e-03
1.352053e-03
1.380427e-03
1.409065e-03
1.437917e-03
1.467083e-03
1.496472e-03
1.526126e-03
1.555964e-03
1.586157e-03
1.616605e-03
1.647287e-03
1.678149e-03
1.709331e-03
1.740719e-03
1.772176e-03
1.803794e-03
1.835622e-03
1.867602e-03
1.899875e-03
1.932477e-03
1.965120e-03
1.998093e-03
2.031272e-03
2.064625e-03
2.098278e-03
2.132152e-03
2.166096e-03
2.200218e-03
2.234612e-03
2.269155e-03
2.304034e-03
2.339154e-03
2.374340e-03
2.409895e-03
2.445489e-03
2.481206e-03
2.517164e-03
2.553456e-03
2.589722e-03
2.625100e-03
2.660870e-03
2.695057e-03
2.712273e-03
2.729860e-03
2.747840e-03
2.766514e-03
2.785314e-03
2.802702e-03
2.820285e-03
2.838100e-03
2.856266e-03
2.874863e-03
2.893624e-03
2.911396e-03
2.929274e-03
2.947309e-03
2.965574e-03
2.983913e-03
3.002181e-03
3.020157e-03
3.038224e-03
3.056429e-03
3.074890e-03
3.093688e-03
3.112965e-03
3.133205e-03
3.154793e-03
3.173483e-03
3.192583e-03
3.212279e-03
3.232938e-03
3.255161e-03
3.279399e-03
3.299124e-03
3.319436e-03
3.340855e-03
3.363348e-03
3.386536e-03
3.406928e-03
3.428016e-03
3.450216e-03
3.474177e-03
3.500379e-03
3.521551e-03
3.543399e-03
3.566511e-03
3.591338e-03
3.618616e-03
3.640575e-03
3.663356e-03
3.687424e-03
3.713472e-03
3.741984e-03
3.764718e-03
3.788201e-03
3.813041e-03
3.839289e-03
3.866167e-03
3.889456e-03
3.913550e-03
3.938900e-03
3.966206e-03
3.995977e-03
4.019830e-03
4.044390e-03
4.070295e-03
4.098007e-03
4.128257e-03
4.152596e-03
4.177695e-03
4.203907e-03
4.231905e-03
4.262219e-03
4.286818e-03
4.312021e-03
4.338468e-03
4.366149e-03
4.390452e-03
4.415168e-03
4.440353e-03
4.466168e-03
4.493237e-03
4.521866e-03
4.546660e-03
4.571844e-03
4.597467e-03
4.623689e-03
4.651127e-03
4.680047e-03
4.705201e-03
4.730716e-03
4.756630e-03
4.783104e-03
4.810751e-03
4.839793e-03
4.865213e-03
4.890966e-03
4.917078e-03
4.943710e-03
4.971059e-03
4.999371e-03
5.029214e-03
5.055204e-03
5.081448e-03
5.108113e-03
5.135255e-03
5.163009e-03
5.191964e-03
5.222329e-03
5.248737e-03
5.275455e-03
5.302501e-03
5.330027e-03
5.358213e-03
5.387295e-03
5.413825e-03
5.440543e-03
5.467465e-03
5.494748e-03
5.522424e-03
5.550638e-03
5.579965e-03
5.610546e-03
5.637518e-03
5.664756e-03
5.692261e-03
5.720191e-03
5.748581e-03
5.777543e-03
5.807630e-03
5.838958e-03
5.866478e-03
5.894254e-03
5.922282e-03
5.950715e-03
5.979580e-03
6.008990e-03
6.039491e-03
6.071190e-03
6.099144e-03
6.127337e-03
6.155763e-03
6.184570e-03
6.213780e-03
6.243512e-03
6.274306e-03
6.306280e-03
6.334592e-03
6.363132e-03
6.391896e-03
6.421027e-03
6.450540e-03
6.480554e-03
6.511603e-03
6.543776e-03
6.577597e-03
6.613497e-03
6.642709e-03
6.672306e-03
6.702289e-03
6.732770e-03
6.764267e-03
6.796857e-03
6.831064e-03
6.867308e-03
6.896930e-03
6.926924e-03
6.957276e-03
6.988098e-03
7.019510e-03
7.051853e-03
7.085610e-03
7.120720e-03
7.157724e-03
7.195810e-03
7.226494e-03
7.257570e-03
7.289026e-03
7.320949e-03
7.353809e-03
7.387630e-03
7.422906e-03
7.459697e-03
7.495481e-03
7.530565e-03
7.562076e-03
7.593999e-03
7.626312e-03
7.659081e-03
7.692462e-03
7.725774e-03
7.758975e-03
7.792134e-03
7.825040e-03
7.857828e-03
7.889809e-03
7.922143e-03
7.954645e-03
7.987061e-03
8.019299e-03
8.051393e-03
8.083370e-03
8.115221e-03
8.146930e-03
8.178436e-03
8.209710e-03
8.240768e-03
8.271625e-03
8.302271e-03
8.332619e-03
8.362657e-03
8.392360e-03
8.421789e-03
8.451056e-03
8.480131e-03
8.509076e-03
8.537831e-03
8.566448e-03
8.594929e-03
8.623197e-03
8.651214e-03
8.679007e-03
8.706627e-03
8.734106e-03
8.761470e-03
8.788719e-03
8.815865e-03
8.842910e-03
8.869876e-03
8.896760e-03
8.923579e-03
8.950330e-03
8.977026e-03
9.003663e-03
9.030254e-03
9.056796e-03
9.083299e-03
9.109764e-03
9.136201e-03
9.162613e-03
9.189005e-03
9.215367e-03
9.241718e-03
9.268054e-03
9.294395e-03
9.320738e-03
9.347104e-03
9.373491e-03
9.399921e-03
9.426390e-03
9.452919e-03
9.479505e-03
9.506166e-03
9.532899e-03
9.559720e-03
9.586623e-03
9.613609e-03
9.640673e-03
9.667828e-03
9.695068e-03
9.722403e-03
9.749827e-03
9.777350e-03
9.804963e-03
9.832677e-03
9.860482e-03
9.888387e-03
9.916383e-03
9.944478e-03
9.972665e-03
1.000095e-02
1.002932e-02
1.005780e-02
1.008636e-02
1.011500e-02
1.014371e-02
1.017249e-02
1.020134e-02
1.023024e-02
1.025921e-02
1.028823e-02
1.031731e-02
1.034645e-02
1.037566e-02
1.040493e-02
1.043428e-02
1.046367e-02
1.049311e-02
1.052261e-02
1.055216e-02
1.058176e-02
1.061143e-02
1.064117e-02
1.067098e-02
1.070087e-02
1.073084e-02
1.076087e-02
1.079096e-02
1.082112e-02
1.085136e-02
1.088168e-02
1.091210e-02
1.094261e-02
1.097324e-02
1.100396e-02
1.103477e-02
1.106567e-02
1.109668e-02
1.112780e-02
1.115906e-02
1.119045e-02
1.122198e-02
1.125362e-02
1.128538e-02
1.131726e-02
1.134929e-02
1.138145e-02
1.141377e-02
1.144625e-02
1.147886e-02
1.151160e-02
1.154448e-02
1.157751e-02
1.161070e-02
1.164406e-02
1.167754e-02
1.171116e-02
1.174491e-02
1.177881e-02
1.181286e-02
1.184705e-02
1.188139e-02
1.191585e-02
1.195043e-02
1.198515e-02
1.202000e-02
1.205499e-02
1.209014e-02
1.212543e-02
1.216087e-02
1.219643e-02
1.223212e-02
1.226794e-02
1.230390e-02
1.234000e-02
1.237625e-02
1.241266e-02
1.244921e-02
1.248588e-02
1.252266e-02
1.255958e-02
1.259662e-02
1.263379e-02
1.267111e-02
1.270856e-02
1.274616e-02
1.278390e-02
1.282176e-02
1.285973e-02
1.289782e-02
1.293604e-02
1.297438e-02
1.301285e-02
1.305146e-02
1.309019e-02
1.312906e-02
1.316803e-02
1.320710e-02
1.324628e-02
1.328556e-02
1.332495e-02
1.336446e-02
1.340407e-02
1.344377e-02
1.348354e-02
1.352340e-02
1.356333e-02
1.360062e-02
1.363916e-02
1.367191e-02
1.370575e-02
1.373572e-02
1.376652e-02
1.379449e-02
1.382309e-02
1.384952e-02
1.387642e-02
1.390162e-02
1.392719e-02
1.395140e-02
1.397593e-02
1.399938e-02
1.402517e-02
1.405355e-02
1.408476e-02
1.411909e-02
1.415685e-02
1.418482e-02
1.421461e-02
1.424265e-02
1.427202e-02
1.429956e-02
1.432782e-02
1.435482e-02
1.438244e-02
1.440886e-02
1.443581e-02
1.446164e-02
1.448793e-02
1.451321e-02
1.453888e-02
1.456366e-02
1.458879e-02
1.461313e-02
1.463777e-02
1.466173e-02
1.468595e-02
1.470958e-02
1.473347e-02
1.475683e-02
1.478044e-02
1.480359e-02
1.482906e-02
1.485687e-02
1.488325e-02
1.491065e-02
1.493673e-02
1.496378e-02
1.498963e-02
1.501642e-02
1.504210e-02
1.506871e-02
1.509426e-02
1.512072e-02
1.514618e-02
1.517252e-02
1.519791e-02
1.522415e-02
1.524947e-02
1.527564e-02
1.530091e-02
1.532702e-02
1.535225e-02
1.537832e-02
1.540353e-02
1.542957e-02
1.545476e-02
1.548078e-02
1.550598e-02
1.553199e-02
1.555718e-02
1.558319e-02
1.560838e-02
1.563440e-02
1.565960e-02
1.568561e-02
1.571082e-02
1.573684e-02
1.576205e-02
1.578808e-02
1.581330e-02
1.583933e-02
1.586455e-02
1.589059e-02
1.591581e-02
1.594185e-02
1.596706e-02
1.599287e-02
1.601807e-02
1.604079e-02
1.606418e-02
1.608707e-02
1.611030e-02
1.613323e-02
1.615645e-02
1.617936e-02
1.620251e-02
1.622535e-02
1.624840e-02
1.627115e-02
1.629409e-02
1.631675e-02
1.633959e-02
1.636218e-02
1.638492e-02
1.640960e-02
1.643446e-02
1.645905e-02
1.648384e-02
1.650837e-02
1.653310e-02
1.655758e-02
1.658226e-02
1.660669e-02
1.663133e-02
1.665573e-02
1.668033e-02
1.670471e-02
1.672928e-02
1.675364e-02
1.677820e-02
1.680254e-02
1.682709e-02
1.685143e-02
1.687597e-02
1.689860e-02
1.692166e-02
1.694434e-02
1.696723e-02
1.698993e-02
1.701281e-02
1.703550e-02
1.705836e-02
1.708104e-02
1.710389e-02
1.712657e-02
1.715118e-02
1.717567e-02
1.720031e-02
1.722486e-02
1.724950e-02
1.727412e-02
1.729874e-02
1.732344e-02
1.734806e-02
1.737285e-02
1.739747e-02
1.742021e-02
1.744333e-02
1.746610e-02
1.748924e-02
1.751202e-02
1.753498e-02
1.755777e-02
1.758074e-02
1.760354e-02
1.762651e-02
1.765179e-02
1.767648e-02
1.770195e-02
1.772667e-02
1.775216e-02
1.777690e-02
1.780245e-02
1.782722e-02
1.785278e-02
1.787759e-02
1.790318e-02
1.792803e-02
1.795364e-02
1.797852e-02
1.800417e-02
1.802910e-02
1.805479e-02
1.807976e-02
1.810549e-02
1.813051e-02
1.815627e-02
1.818133e-02
1.820714e-02
1.823224e-02
1.825808e-02
1.828322e-02
1.830913e-02
1.833433e-02
1.836025e-02
1.838548e-02
1.841148e-02
1.843676e-02
1.846277e-02
1.848810e-02
1.851417e-02
1.853955e-02
1.856568e-02
1.859112e-02
1.861728e-02
1.864276e-02
1.866898e-02
1.869452e-02
1.872079e-02
1.874637e-02
1.877269e-02
1.879833e-02
1.882470e-02
1.885039e-02
1.887679e-02
1.890253e-02
1.892899e-02
1.895478e-02
1.898129e-02
1.900714e-02
1.903369e-02
1.905960e-02
1.908620e-02
1.911216e-02
1.913882e-02
1.916484e-02
1.919154e-02
1.921761e-02
1.924435e-02
1.927047e-02
1.929725e-02
1.932343e-02
1.935024e-02
1.937646e-02
1.940330e-02
1.942957e-02
1.945645e-02
1.948277e-02
1.950967e-02
1.953604e-02
1.956298e-02
1.958939e-02
1.961636e-02
1.964282e-02
1.966982e-02
1.969633e-02
1.972337e-02
1.974993e-02
1.977701e-02
1.980361e-02
1.983073e-02
1.985739e-02
1.988455e-02
1.991125e-02
1.993846e-02
1.996421e-02
1.998997e-02
2.001572e-02
2.004147e-02
2.006723e-02
2.009299e-02
2.011874e-02
2.014452e-02
2.017029e-02
2.019607e-02
2.022186e-02
2.024768e-02
2.027349e-02
2.029766e-02
2.032246e-02
2.034668e-02
2.037142e-02
2.039559e-02
2.042001e-02
2.044412e-02
2.046847e-02
2.049251e-02
2.051677e-02
2.054073e-02
2.056490e-02
2.058880e-02
2.061288e-02
2.063670e-02
2.066071e-02
2.068447e-02
2.070841e-02
2.073212e-02
2.075601e-02
2.077968e-02
2.080352e-02
2.082716e-02
2.085316e-02
2.087729e-02
2.090196e-02
2.092613e-02
2.095055e-02
2.097470e-02
2.099910e-02
2.102324e-02
2.104760e-02
2.107171e-02
2.109603e-02
2.112011e-02
2.114440e-02
2.116845e-02
2.119270e-02
2.121673e-02
2.124095e-02
2.126496e-02
2.128916e-02
2.131316e-02
2.133734e-02
2.136134e-02
2.138774e-02
2.141539e-02
2.144282e-02
2.147056e-02
2.149806e-02
2.152589e-02
2.155345e-02
2.158138e-02
2.160902e-02
2.163705e-02
2.166478e-02
2.169293e-02
2.172076e-02
2.174903e-02
2.177696e-02
2.180130e-02
2.182702e-02
2.185145e-02
2.187832e-02
2.190282e-02
2.192978e-02
2.195437e-02
2.198142e-02
2.200609e-02
2.203097e-02
2.205572e-02
2.208068e-02
2.210552e-02
2.213056e-02
2.215548e-02
2.218061e-02
2.220562e-02
2.223084e-02
2.225595e-02
2.228358e-02
2.231317e-02
2.234219e-02
2.237194e-02
2.240107e-02
2.243095e-02
2.246019e-02
2.249022e-02
2.251957e-02
2.254974e-02
2.257921e-02
2.260954e-02
2.263914e-02
2.266962e-02
2.269935e-02
2.273000e-02
2.275987e-02
2.279069e-02
2.282070e-02
2.285171e-02
2.288188e-02
2.291309e-02
2.294342e-02
2.297486e-02
2.300537e-02
2.303648e-02
2.306725e-02
2.309857e-02
2.312949e-02
2.316091e-02
2.319188e-02
2.322336e-02
2.325442e-02
2.328598e-02
2.331708e-02
2.334866e-02
2.337979e-02
2.341144e-02
2.344267e-02
2.347442e-02
2.350572e-02
2.353751e-02
2.356885e-02
2.360068e-02
2.363207e-02
2.366394e-02
2.369537e-02
2.372730e-02
2.375878e-02
2.379076e-02
2.382230e-02
2.385434e-02
2.388595e-02
2.391805e-02
2.394972e-02
2.398189e-02
2.401364e-02
2.404589e-02
2.407772e-02
2.411005e-02
2.414196e-02
2.417438e-02
2.420638e-02
2.423533e-02
2.426476e-02
2.429381e-02
2.432373e-02
2.435288e-02
2.438306e-02
2.441229e-02
2.444260e-02
2.447191e-02
2.450233e-02
2.453171e-02
2.456223e-02
2.459169e-02
2.462231e-02
2.465184e-02
2.468257e-02
2.471216e-02
2.474301e-02
2.477266e-02
2.480363e-02
2.483334e-02
2.486443e-02
2.489419e-02
2.492540e-02
2.495522e-02
2.498652e-02
2.501640e-02
2.504778e-02
2.507771e-02
2.510915e-02
2.513913e-02
2.517061e-02
2.520454e-02
2.523807e-02
2.527209e-02
2.530564e-02
2.533968e-02
2.537327e-02
2.540733e-02
2.544095e-02
2.547504e-02
2.550869e-02
2.554281e-02
2.557649e-02
2.561064e-02
2.564435e-02
2.567853e-02
2.571227e-02
2.574647e-02
2.578024e-02
2.581447e-02
2.584823e-02
2.588254e-02
2.591647e-02
2.595088e-02
2.598485e-02
2.601930e-02
2.605330e-02
2.608775e-02
2.612174e-02
2.615627e-02
2.619040e-02
2.622501e-02
2.625918e-02
2.629382e-02
2.632799e-02
2.636263e-02
2.639678e-02
2.643147e-02
2.646576e-02
2.650053e-02
2.653484e-02
2.656961e-02
2.660389e-02
2.663872e-02
2.667314e-02
2.670803e-02
2.674247e-02
2.677736e-02
2.681176e-02
2.684670e-02
2.688122e-02
2.691231e-02
2.694393e-02
2.697507e-02
2.700648e-02
2.703764e-02
2.706907e-02
2.710026e-02
2.713170e-02
2.716291e-02
2.719436e-02
2.722558e-02
2.725704e-02
2.728827e-02
2.731975e-02
2.735099e-02
2.738248e-02
2.741374e-02
2.744524e-02
2.747651e-02
2.750803e-02
2.753932e-02
2.757374e-02
2.760870e-02
2.764346e-02
2.767840e-02
2.771351e-02
2.774894e-02
2.778408e-02
2.781979e-02
2.785496e-02
2.788620e-02
2.791802e-02
2.794933e-02
2.798118e-02
2.801253e-02
2.804414e-02
2.807552e-02
2.810715e-02
2.813855e-02
2.817020e-02
2.820162e-02
2.823328e-02
2.826472e-02
2.829641e-02
2.832788e-02
2.835959e-02
2.839108e-02
2.842282e-02
2.845435e-02
2.848612e-02
2.851768e-02
2.854948e-02
2.858108e-02
2.861584e-02
2.865095e-02
2.868593e-02
2.871735e-02
2.874941e-02
2.878095e-02
2.881307e-02
2.884467e-02
2.887656e-02
2.890820e-02
2.894011e-02
2.897178e-02
2.900371e-02
2.903540e-02
2.906735e-02
2.909907e-02
2.913103e-02
2.916277e-02
2.919475e-02
2.922650e-02
2.925850e-02
2.929029e-02
2.932231e-02
2.935412e-02
2.938617e-02
2.941801e-02
2.945009e-02
2.948196e-02
2.951703e-02
2.955378e-02
2.958914e-02
2.962459e-02
2.966002e-02
2.969511e-02
2.973008e-02
2.976525e-02
2.980061e-02
2.983627e-02
2.987218e-02
2.990824e-02
2.994408e-02
2.998056e-02
3.001620e-02
3.005297e-02
3.008824e-02
3.012360e-02
3.015895e-02
3.019398e-02
3.022888e-02
3.026400e-02
3.029917e-02
3.033479e-02
3.036973e-02
3.040556e-02
3.044022e-02
3.047570e-02
3.051007e-02
3.054517e-02
3.057923e-02
3.061393e-02
3.064769e-02
3.068200e-02
3.071545e-02
3.074938e-02
3.078255e-02
3.081612e-02
3.084904e-02
3.088229e-02
3.091497e-02
3.094793e-02
3.098039e-02
3.101310e-02
3.104539e-02
3.107790e-02
3.111005e-02
3.114241e-02
3.117447e-02
3.120676e-02
3.123878e-02
3.127150e-02
3.130352e-02
3.133635e-02
3.136946e-02
3.140234e-02
3.143553e-02
3.146832e-02
3.150126e-02
3.153382e-02
3.156655e-02
3.159892e-02
3.163145e-02
3.166361e-02
3.169594e-02
3.172791e-02
3.176007e-02
3.179190e-02
3.182390e-02
3.185556e-02
3.188740e-02
3.191892e-02
3.195063e-02
3.198205e-02
3.201367e-02
3.204500e-02
3.207651e-02
3.210773e-02
3.213913e-02
3.217027e-02
3.220161e-02
3.223269e-02
3.226400e-02
3.229505e-02
3.232627e-02
3.235726e-02
3.238844e-02
3.241938e-02
3.245054e-02
3.248147e-02
3.251262e-02
3.254356e-02
3.257471e-02
3.260566e-02
3.263678e-02
3.266771e-02
3.269883e-02
3.272976e-02
3.276091e-02
3.279187e-02
3.282305e-02
3.285405e-02
3.288528e-02
3.291633e-02
3.294757e-02
3.297867e-02
3.300994e-02
3.304106e-02
3.307237e-02
3.310354e-02
3.313491e-02
3.316614e-02
3.319758e-02
3.322887e-02
3.326038e-02
3.329174e-02
3.332333e-02
3.335475e-02
3.338639e-02
3.341788e-02
3.344957e-02
3.348113e-02
3.351289e-02
3.354451e-02
3.357635e-02
3.360803e-02
3.363994e-02
3.367170e-02
3.370369e-02
3.373552e-02
3.376760e-02
3.379951e-02
3.383166e-02
3.386366e-02
3.389589e-02
3.392797e-02
3.396026e-02
3.399242e-02
3.402477e-02
3.405619e-02
3.408857e-02
3.412091e-02
3.415320e-02
3.418563e-02
3.421798e-02
3.425048e-02
3.428280e-02
3.431534e-02
3.434760e-02
3.437944e-02
3.441193e-02
3.444368e-02
3.447632e-02
3.450897e-02
3.454163e-02
3.457432e-02
3.460702e-02
3.463972e-02
3.467247e-02
3.470523e-02
3.473802e-02
3.477084e-02
3.480368e-02
3.483655e-02
3.486944e-02
3.490195e-02
3.493489e-02
3.496727e-02
3.500022e-02
3.503247e-02
3.506552e-02
3.509763e-02
3.513054e-02
3.516261e-02
3.519541e-02
3.522870e-02
3.526109e-02
3.529412e-02
3.532642e-02
3.535932e-02
3.539278e-02
3.542624e-02
3.545984e-02
3.549348e-02
3.552707e-02
3.556029e-02
3.559336e-02
3.562664e-02
3.566011e-02
3.569333e-02
3.572735e-02
3.576038e-02
3.579451e-02
3.582734e-02
3.586073e-02
3.589338e-02
3.592630e-02
3.595877e-02
3.599209e-02
3.602439e-02
3.605743e-02
3.608956e-02
3.612235e-02
3.615433e-02
3.618691e-02
3.621875e-02
3.625086e-02
3.628261e-02
3.631458e-02
3.634623e-02
3.637813e-02
3.640975e-02
3.644161e-02
3.647396e-02
3.650687e-02
3.653963e-02
3.657267e-02
3.660529e-02
3.663867e-02
3.667113e-02
3.670445e-02
3.673674e-02
3.676982e-02
3.680196e-02
3.683481e-02
3.686681e-02
3.689945e-02
3.693133e-02
3.696378e-02
3.699555e-02
3.702785e-02
3.705952e-02
3.709169e-02
3.712329e-02
3.715535e-02
3.718720e-02
3.722027e-02
3.725395e-02
3.728672e-02
3.732037e-02
3.735310e-02
3.738530e-02
3.741827e-02
3.745037e-02
3.748316e-02
3.751514e-02
3.754776e-02
3.757964e-02
3.761210e-02
3.764389e-02
3.767622e-02
3.770792e-02
3.774013e-02
3.777176e-02
3.780390e-02
3.783659e-02
3.786948e-02
3.790334e-02
3.793631e-02
3.797019e-02
3.800310e-02
3.803685e-02
3.806965e-02
3.810191e-02
3.813494e-02
3.816710e-02
3.819995e-02
3.823200e-02
3.826470e-02
3.829665e-02
3.832921e-02
3.836108e-02
3.839351e-02
3.842530e-02
3.845762e-02
3.848963e-02
3.852163e-02
3.855416e-02
3.858718e-02
3.862094e-02
3.865408e-02
3.868818e-02
3.872132e-02
3.875536e-02
3.878841e-02
3.882090e-02
3.885422e-02
3.888662e-02
3.891978e-02
3.895208e-02
3.898509e-02
3.901730e-02
3.905017e-02
3.908230e-02
3.911504e-02
3.914709e-02
3.917972e-02
3.921171e-02
3.924423e-02
3.927616e-02
3.930835e-02
3.934023e-02
3.937236e-02
3.940448e-02
3.943658e-02
3.946920e-02
3.950217e-02
3.953599e-02
3.956904e-02
3.960159e-02
3.963496e-02
3.966746e-02
3.970071e-02
3.973313e-02
3.976626e-02
3.979861e-02
3.983162e-02
3.986391e-02
3.989681e-02
3.992902e-02
3.996182e-02
3.999398e-02
4.002641e-02
4.005852e-02
4.009089e-02
4.012295e-02
4.015526e-02
4.018728e-02
4.021954e-02
4.025152e-02
4.028373e-02
4.031568e-02
4.034786e-02
4.037978e-02
4.041194e-02
4.044385e-02
4.047599e-02
4.051134e-02
4.054638e-02
4.058175e-02
4.061666e-02
4.065203e-02
4.068682e-02
4.072218e-02
4.075685e-02
4.079219e-02
4.082675e-02
4.086197e-02
4.089641e-02
4.093151e-02
4.096584e-02
4.100081e-02
4.103504e-02
4.106989e-02
4.110402e-02
4.113876e-02
4.117278e-02
4.120742e-02
4.124134e-02
4.127588e-02
4.130971e-02
4.134415e-02
4.137790e-02
4.141225e-02
4.144591e-02
4.148017e-02
4.151376e-02
4.154794e-02
4.158146e-02
4.161556e-02
4.164901e-02
4.168304e-02
4.171643e-02
4.175040e-02
4.178373e-02
4.181764e-02
4.185091e-02
4.188476e-02
4.191799e-02
4.195179e-02
4.198497e-02
4.201872e-02
4.205186e-02
4.208390e-02
4.211645e-02
4.214852e-02
4.218140e-02
4.221348e-02
4.224647e-02
4.227856e-02
4.231152e-02
4.234362e-02
4.237655e-02
4.240866e-02
4.244156e-02
4.247367e-02
4.250654e-02
4.253867e-02
4.257152e-02
4.260365e-02
4.263648e-02
4.266862e-02
4.270142e-02
4.273177e-02
4.276240e-02
4.279276e-02
4.282340e-02
4.285376e-02
4.288200e-02
4.291076e-02
4.293901e-02
4.296778e-02
4.299604e-02
4.302482e-02
4.305308e-02
4.308186e-02
4.311013e-02
4.313892e-02
4.316719e-02
4.319598e-02
4.322426e-02
4.325306e-02
4.328135e-02
4.331015e-02
4.333844e-02
4.336724e-02
4.339554e-02
4.342435e-02
4.345266e-02
4.348147e-02
4.350978e-02
4.353861e-02
4.356693e-02
4.359576e-02
4.362408e-02
4.365292e-02
4.368126e-02
4.371010e-02
4.373845e-02
4.376731e-02
4.379567e-02
4.382454e-02
4.385291e-02
4.388180e-02
4.391018e-02
4.393909e-02
4.396748e-02
4.399639e-02
4.402480e-02
4.405373e-02
4.408216e-02
4.411084e-02
4.413929e-02
4.416800e-02
4.419647e-02
4.422521e-02
4.425370e-02
4.428247e-02
4.431099e-02
4.434011e-02
4.436867e-02
4.439793e-02
4.442653e-02
4.445579e-02
4.448445e-02
4.451351e-02
4.454222e-02
4.457160e-02
4.460037e-02
4.462979e-02
4.465861e-02
4.468807e-02
4.471694e-02
4.474644e-02
4.477535e-02
4.480489e-02
4.483384e-02
4.486341e-02
4.489240e-02
4.492201e-02
4.495104e-02
4.498068e-02
4.500973e-02
4.503941e-02
4.506849e-02
4.509820e-02
4.512731e-02
4.515707e-02
4.518622e-02
4.521602e-02
4.524520e-02
4.527506e-02
4.530429e-02
4.533420e-02
4.536347e-02
4.539351e-02
4.542287e-02
4.545292e-02
4.548228e-02
4.551245e-02
4.554191e-02
4.557211e-02
4.560157e-02
4.563192e-02
4.566155e-02
4.569212e-02
4.572191e-02
4.575267e-02
4.578261e-02
4.581355e-02
4.584361e-02
4.587471e-02
4.590489e-02
4.593616e-02
4.596646e-02
4.599793e-02
4.602837e-02
4.606007e-02
4.609069e-02
4.612266e-02
4.615349e-02
4.618580e-02
4.621688e-02
4.624959e-02
4.628097e-02
4.631416e-02
4.634590e-02
4.637968e-02
4.641186e-02
4.644505e-02
4.647886e-02
4.651314e-02
4.654580e-02
4.657974e-02
4.661441e-02
4.664906e-02
4.668264e-02
4.671721e-02
4.675238e-02
4.678805e-02
4.682413e-02
4.686143e-02
4.689465e-02
4.692959e-02
4.696554e-02
4.700215e-02
4.703923e-02
4.707674e-02
4.711463e-02
4.714941e-02
4.718278e-02
4.721755e-02
4.725366e-02
4.728842e-02
4.732422e-02
4.735896e-02
4.739451e-02
4.742924e-02
4.746371e-02
4.749842e-02
4.753660e-02
4.757567e-02
4.761519e-02
4.765475e-02
4.769431e-02
4.773393e-02
4.777361e-02
4.780668e-02
4.784305e-02
4.787614e-02
4.791194e-02
4.794504e-02
4.798030e-02
4.801342e-02
4.804845e-02
4.808157e-02
4.811648e-02
4.814962e-02
4.818444e-02
4.821759e-02
4.825237e-02
4.828553e-02
4.832028e-02
4.835346e-02
4.838820e-02
4.842140e-02
4.845615e-02
4.848936e-02
4.852413e-02
4.855735e-02
4.859216e-02
4.862539e-02
4.866023e-02
4.869817e-02
4.873763e-02
4.877722e-02
4.881697e-02
4.885698e-02
4.889736e-02
4.893673e-02
4.897610e-02
4.901551e-02
4.905499e-02
4.909458e-02
4.913432e-02
4.917429e-02
4.921445e-02
4.925381e-02
4.929317e-02
4.933256e-02
4.937201e-02
4.941157e-02
4.945127e-02
4.948469e-02
4.952144e-02
4.956078e-02
4.960011e-02
4.963945e-02
4.967864e-02
4.971813e-02
4.975713e-02
4.979681e-02
4.983560e-02
4.987490e-02
4.991347e-02
4.995270e-02
4.999105e-02
5.003005e-02
5.006818e-02
5.010695e-02
5.014485e-02
5.018339e-02
5.022108e-02
5.025938e-02
5.029685e-02
5.033039e-02
5.036728e-02
5.040514e-02
5.044220e-02
5.047986e-02
5.051671e-02
5.055414e-02
5.059080e-02
5.062802e-02
5.066447e-02
5.070149e-02
5.073775e-02
5.077457e-02
5.081064e-02
5.084727e-02
5.087608e-02
5.090603e-02
5.093703e-02
5.096913e-02
5.099841e-02
5.102875e-02
5.105825e-02
5.108881e-02
5.111847e-02
5.114921e-02
5.117901e-02
5.120996e-02
5.123990e-02
5.127107e-02
5.130117e-02
5.133259e-02
5.136289e-02
5.139461e-02
5.142512e-02
5.145719e-02
5.148796e-02
5.152045e-02
5.155152e-02
5.158451e-02
5.161594e-02
5.164830e-02
5.168031e-02
5.171318e-02
5.174562e-02
5.177874e-02
5.181131e-02
5.184453e-02
5.187358e-02
5.190420e-02
5.193328e-02
5.196339e-02
5.199250e-02
5.202248e-02
5.205162e-02
5.208154e-02
5.211072e-02
5.214062e-02
5.216984e-02
5.219973e-02
5.222900e-02
5.225890e-02
5.228822e-02
5.231814e-02
5.234753e-02
5.237749e-02
5.240695e-02
5.243697e-02
5.246651e-02
5.249661e-02
5.252624e-02
5.255644e-02
5.258619e-02
5.261651e-02
5.264640e-02
5.267687e-02
5.270692e-02
5.273759e-02
5.276783e-02
5.279920e-02
5.282963e-02
5.286132e-02
5.289200e-02
5.292407e-02
5.295505e-02
5.298760e-02
5.302181e-02
5.305746e-02
5.309257e-02
5.312880e-02
5.316433e-02
5.320092e-02
5.323668e-02
5.326994e-02
5.330378e-02
5.333825e-02
5.337344e-02
5.340671e-02
5.344054e-02
5.347380e-02
5.350763e-02
5.354089e-02
5.357472e-02
5.360798e-02
5.364180e-02
5.367625e-02
5.371140e-02
5.374735e-02
5.378419e-02
5.382201e-02
5.385999e-02
5.389851e-02
5.393670e-02
5.397542e-02
5.401381e-02
5.404707e-02
5.408094e-02
5.411548e-02
5.414907e-02
5.418328e-02
5.421687e-02
5.425018e-02
5.428407e-02
5.431739e-02
5.435128e-02
5.438460e-02
5.441849e-02
5.445181e-02
5.448571e-02
5.451903e-02
5.455293e-02
5.458626e-02
5.462016e-02
5.465350e-02
5.468740e-02
5.472074e-02
5.475465e-02
5.478800e-02
5.482191e-02
5.485525e-02
5.488917e-02
5.492252e-02
5.495644e-02
5.498980e-02
5.502372e-02
5.505827e-02
5.509353e-02
5.512960e-02
5.516655e-02
5.520450e-02
5.524353e-02
5.528372e-02
5.532464e-02
5.535803e-02
5.539208e-02
5.542684e-02
5.546062e-02
5.549505e-02
5.552882e-02
5.556231e-02
5.559638e-02
5.562987e-02
5.566396e-02
5.569746e-02
5.573154e-02
5.576505e-02
5.579914e-02
5.583266e-02
5.586675e-02
5.590027e-02
5.593437e-02
5.596790e-02
5.600200e-02
5.603553e-02
5.606964e-02
5.610318e-02
5.613729e-02
5.617083e-02
5.620495e-02
5.623849e-02
5.627261e-02
5.630615e-02
5.634028e-02
5.637382e-02
5.640795e-02
5.644150e-02
5.647563e-02
5.650919e-02
5.654332e-02
5.657688e-02
5.661101e-02
5.664457e-02
5.667871e-02
5.671227e-02
5.674641e-02
5.677998e-02
5.681412e-02
5.684769e-02
5.688154e-02
5.691512e-02
5.694897e-02
5.698255e-02
5.701640e-02
5.704999e-02
5.708384e-02
5.711743e-02
5.715129e-02
5.718487e-02
5.721873e-02
5.725232e-02
5.728618e-02
5.731977e-02
5.735363e-02
5.738722e-02
5.742108e-02
5.745467e-02
5.748853e-02
5.752213e-02
5.755599e-02
5.758958e-02
5.762345e-02
5.765704e-02
5.769091e-02
5.772451e-02
5.776147e-02
5.780212e-02
5.784340e-02
5.788457e-02
5.792586e-02
5.796706e-02
5.800836e-02
5.804957e-02
5.809089e-02
5.813211e-02
5.817343e-02
5.821465e-02
5.825595e-02
5.829715e-02
5.833845e-02
5.837964e-02
5.842094e-02
5.846211e-02
5.850340e-02
5.854457e-02
5.858584e-02
5.862700e-02
5.866826e-02
5.870940e-02
5.875065e-02
5.879177e-02
5.883301e-02
5.887411e-02
5.891532e-02
5.895639e-02
5.899756e-02
5.903859e-02
5.907973e-02
5.912072e-02
5.916182e-02
5.920277e-02
5.924378e-02
5.928469e-02
5.932558e-02
5.936646e-02
5.940722e-02
5.944807e-02
5.948871e-02
5.952952e-02
5.957003e-02
5.961080e-02
5.965119e-02
5.969192e-02
5.973218e-02
5.976584e-02
5.980286e-02
5.983652e-02
5.987340e-02
5.990706e-02
5.994334e-02
5.998324e-02
6.002309e-02
6.006363e-02
6.010333e-02
6.014383e-02
6.018342e-02
6.022389e-02
6.026336e-02
6.030370e-02
6.034305e-02
6.038325e-02
6.042248e-02
6.046254e-02
6.050165e-02
6.054156e-02
6.058056e-02
6.062034e-02
6.065923e-02
6.069888e-02
6.073767e-02
6.077720e-02
6.081590e-02
6.085531e-02
6.089391e-02
6.093322e-02
6.097173e-02
6.101093e-02
6.104936e-02
6.108847e-02
6.112682e-02
6.116584e-02
6.120411e-02
6.123769e-02
6.127461e-02
6.130818e-02
6.134489e-02
6.137845e-02
6.141459e-02
6.144814e-02
6.148395e-02
6.151749e-02
6.155309e-02
6.158663e-02
6.162208e-02
6.166079e-02
6.169920e-02
6.173826e-02
6.177661e-02
6.181561e-02
6.185390e-02
6.189284e-02
6.193109e-02
6.196998e-02
6.200818e-02
6.204702e-02
6.208517e-02
6.212396e-02
6.216207e-02
6.220081e-02
6.223887e-02
6.227756e-02
6.231558e-02
6.235432e-02
6.239242e-02
6.243118e-02
6.246925e-02
6.250795e-02
6.254597e-02
6.258470e-02
6.262279e-02
6.266152e-02
6.269955e-02
6.273821e-02
6.277617e-02
6.281485e-02
6.285286e-02
6.289151e-02
6.292946e-02
6.296812e-02
6.300610e-02
6.304473e-02
6.308263e-02
6.312126e-02
6.315919e-02
6.319786e-02
6.323583e-02
6.326900e-02
6.330274e-02
6.333592e-02
6.336965e-02
6.340282e-02
6.343626e-02
6.346942e-02
6.350285e-02
6.353600e-02
6.356942e-02
6.360256e-02
6.363597e-02
6.366909e-02
6.370249e-02
6.373561e-02
6.376899e-02
6.380209e-02
6.383546e-02
6.386856e-02
6.390192e-02
6.393500e-02
6.396863e-02
6.400170e-02
6.403532e-02
6.406838e-02
6.410198e-02
6.413504e-02
6.416863e-02
6.420174e-02
6.423544e-02
6.426858e-02
6.430229e-02
6.433542e-02
6.436913e-02
6.440226e-02
6.443595e-02
6.446907e-02
6.450247e-02
6.453559e-02
6.456898e-02
6.460208e-02
6.463546e-02
6.466855e-02
6.470192e-02
6.473500e-02
6.476835e-02
6.480142e-02
6.483476e-02
6.486782e-02
6.490115e-02
6.493419e-02
6.496751e-02
6.500054e-02
6.503384e-02
6.506686e-02
6.510014e-02
6.513315e-02
6.516641e-02
6.519941e-02
6.523266e-02
6.526564e-02
6.529888e-02
6.533184e-02
6.536507e-02
6.539802e-02
6.543123e-02
6.546417e-02
6.549736e-02
6.553029e-02
6.556347e-02
6.559638e-02
6.562955e-02
6.566245e-02
6.569864e-02
6.573552e-02
6.577162e-02
6.580835e-02
6.584433e-02
6.588092e-02
6.591676e-02
6.595321e-02
6.598893e-02
6.602525e-02
6.606085e-02
6.609703e-02
6.613248e-02
6.616861e-02
6.620409e-02
6.624017e-02
6.627553e-02
6.631157e-02
6.634697e-02
6.638298e-02
6.641829e-02
6.645420e-02
6.648939e-02
6.652526e-02
6.656050e-02
6.659634e-02
6.663150e-02
6.666725e-02
6.670230e-02
6.673803e-02
6.677313e-02
6.680884e-02
6.684388e-02
6.687952e-02
6.691446e-02
6.695008e-02
6.698508e-02
6.702069e-02
6.705564e-02
6.709119e-02
6.712607e-02
6.716155e-02
6.719634e-02
6.723180e-02
6.726666e-02
6.730213e-02
6.733696e-02
6.737237e-02
6.740712e-02
6.744253e-02
6.747735e-02
6.751278e-02
6.754757e-02
6.758295e-02
6.761769e-02
6.765301e-02
6.768767e-02
6.772300e-02
6.775774e-02
6.779309e-02
6.782781e-02
6.786312e-02
6.789777e-02
6.793310e-02
6.796784e-02
6.800319e-02
6.803791e-02
6.807323e-02
6.810792e-02
6.814319e-02
6.817782e-02
6.821312e-02
6.824784e-02
6.828318e-02
6.831789e-02
6.835320e-02
6.838789e-02
6.842317e-02
6.845783e-02
6.849308e-02
6.852769e-02
6.856297e-02
6.859769e-02
6.863302e-02
6.866774e-02
6.870019e-02
6.873319e-02
6.876564e-02
6.879837e-02
6.883082e-02
6.886354e-02
6.889598e-02
6.892869e-02
6.896112e-02
6.899381e-02
6.902623e-02
6.905891e-02
6.909131e-02
6.912397e-02
6.915636e-02
6.918901e-02
6.922138e-02
6.925401e-02
6.928637e-02
6.931898e-02
6.935132e-02
6.938392e-02
6.941624e-02
6.944883e-02
6.948113e-02
6.951370e-02
6.954599e-02
6.957854e-02
6.961082e-02
6.964335e-02
6.967561e-02
6.970813e-02
6.974037e-02
6.977287e-02
6.980510e-02
6.984029e-02
6.987608e-02
6.991124e-02
6.994701e-02
6.998215e-02
7.001790e-02
7.005303e-02
7.008878e-02
7.012391e-02
7.015964e-02
7.019477e-02
7.023051e-02
7.026564e-02
7.030138e-02
7.033652e-02
7.037226e-02
7.040741e-02
7.044316e-02
7.047832e-02
7.051409e-02
7.054927e-02
7.058505e-02
7.062024e-02
7.065604e-02
7.069126e-02
7.072709e-02
7.076233e-02
7.079818e-02
7.083345e-02
7.086933e-02
7.090463e-02
7.094055e-02
7.097588e-02
7.101184e-02
7.104721e-02
7.107930e-02
7.111194e-02
7.114403e-02
7.117638e-02
7.120845e-02
7.124078e-02
7.127284e-02
7.130601e-02
7.133804e-02
7.137104e-02
7.140305e-02
7.143602e-02
7.146801e-02
7.150096e-02
7.153292e-02
7.156586e-02
7.159780e-02
7.163072e-02
7.166265e-02
7.169555e-02
7.172745e-02
7.176034e-02
7.179222e-02
7.182509e-02
7.185695e-02
7.188979e-02
7.192163e-02
7.195445e-02
7.198627e-02
7.201906e-02
7.205341e-02
7.208933e-02
7.212611e-02
7.216220e-02
7.219889e-02
7.223490e-02
7.227150e-02
7.230744e-02
7.234405e-02
7.238005e-02
7.241664e-02
7.245260e-02
7.248923e-02
7.252526e-02
7.256188e-02
7.259787e-02
7.263444e-02
7.267038e-02
7.270699e-02
7.274300e-02
7.277961e-02
7.281561e-02
7.285227e-02
7.288835e-02
7.292502e-02
7.296108e-02
7.299771e-02
7.303374e-02
7.307043e-02
7.310653e-02
7.314325e-02
7.317934e-02
7.321602e-02
7.325209e-02
7.328884e-02
7.332500e-02
7.336177e-02
7.339793e-02
7.343468e-02
7.347081e-02
7.350754e-02
7.354366e-02
7.358045e-02
7.361667e-02
7.365350e-02
7.368972e-02
7.372654e-02
7.376275e-02
7.379955e-02
7.383574e-02
7.387253e-02
7.390872e-02
7.394558e-02
7.398188e-02
7.401880e-02
7.405511e-02
7.409202e-02
7.412832e-02
7.416523e-02
7.420152e-02
7.423842e-02
7.427471e-02
7.431161e-02
7.434789e-02
7.438478e-02
7.442107e-02
7.445796e-02
7.449425e-02
7.453123e-02
7.456765e-02
7.460470e-02
7.464113e-02
7.467819e-02
7.471462e-02
7.475167e-02
7.478811e-02
7.482516e-02
7.486159e-02
7.489864e-02
7.493508e-02
7.497213e-02
7.500857e-02
7.504562e-02
7.508206e-02
7.511911e-02
7.515556e-02
7.519271e-02
7.522928e-02
7.526650e-02
7.530309e-02
7.534032e-02
7.537691e-02
7.541413e-02
7.545072e-02
7.548793e-02
7.552452e-02
7.556173e-02
7.559832e-02
7.563552e-02
7.567211e-02
7.570931e-02
7.574590e-02
7.578320e-02
7.581990e-02
7.585725e-02
7.589397e-02
7.593132e-02
7.596804e-02
7.600538e-02
7.604208e-02
7.607248e-02
7.610340e-02
7.613381e-02
7.616447e-02
7.619487e-02
7.622552e-02
7.625592e-02
7.628656e-02
7.631694e-02
7.634758e-02
7.637795e-02
7.640857e-02
7.643893e-02
7.646954e-02
7.649989e-02
7.653048e-02
7.656082e-02
7.659141e-02
7.662173e-02
7.665230e-02
7.668262e-02
7.671318e-02
7.674349e-02
7.677404e-02
7.680434e-02
7.683488e-02
7.686517e-02
7.689570e-02
7.692598e-02
7.695650e-02
7.698677e-02
7.702007e-02
7.705671e-02
7.709412e-02
7.713222e-02
7.716958e-02
7.720762e-02
7.724492e-02
7.728291e-02
7.732017e-02
7.735810e-02
7.739532e-02
7.743321e-02
7.747038e-02
7.750822e-02
7.754536e-02
7.758316e-02
7.762026e-02
7.765802e-02
7.769509e-02
7.773281e-02
7.776986e-02
7.780014e-02
7.783095e-02
7.786125e-02
7.789181e-02
7.792211e-02
7.795267e-02
7.798297e-02
7.801353e-02
7.804383e-02
7.807438e-02
7.810467e-02
7.813522e-02
7.816551e-02
7.819604e-02
7.822633e-02
7.825686e-02
7.828715e-02
7.831768e-02
7.834796e-02
7.837848e-02
7.840876e-02
7.843928e-02
7.846956e-02
7.850008e-02
7.853035e-02
7.856087e-02
7.859114e-02
7.862166e-02
7.865193e-02
7.868524e-02
7.872187e-02
7.875961e-02
7.879806e-02
7.883574e-02
7.887415e-02
7.891180e-02
7.895017e-02
7.898780e-02
7.902613e-02
7.906374e-02
7.910205e-02
7.913963e-02
7.917792e-02
7.921550e-02
7.925377e-02
7.929134e-02
7.932961e-02
7.936717e-02
7.940543e-02
7.944300e-02
7.948126e-02
7.951883e-02
7.955711e-02
7.959468e-02
7.963297e-02
7.967056e-02
7.970887e-02
7.974647e-02
7.978480e-02
7.982243e-02
7.986078e-02
7.989843e-02
7.993681e-02
7.997449e-02
8.001290e-02
8.005062e-02
8.008906e-02
8.012681e-02
8.016529e-02
8.020307e-02
8.024160e-02
8.027941e-02
8.031798e-02
8.035584e-02
8.039445e-02
8.043235e-02
8.046279e-02
8.049377e-02
8.052426e-02
8.055500e-02
8.058551e-02
8.061627e-02
8.064679e-02
8.067757e-02
8.070811e-02
8.073890e-02
8.076945e-02
8.080026e-02
8.083083e-02
8.086165e-02
8.089223e-02
8.092306e-02
8.095366e-02
8.098451e-02
8.101512e-02
8.104599e-02
8.107662e-02
8.110750e-02
8.113815e-02
8.116905e-02
8.119973e-02
8.123065e-02
8.126134e-02
8.129228e-02
8.132300e-02
8.135396e-02
8.138470e-02
8.141569e-02
8.144646e-02
8.147747e-02
8.150826e-02
8.154213e-02
8.157939e-02
8.161800e-02
8.165745e-02
8.169605e-02
8.173552e-02
8.177415e-02
8.181365e-02
8.185230e-02
8.189183e-02
8.193050e-02
8.197005e-02
8.200874e-02
8.204832e-02
8.208703e-02
8.212663e-02
8.216537e-02
8.220499e-02
8.224375e-02
8.228339e-02
8.232217e-02
8.236184e-02
8.240064e-02
8.243160e-02
8.246312e-02
8.249413e-02
8.252542e-02
8.255647e-02
8.258780e-02
8.261888e-02
8.265024e-02
8.268136e-02
8.271274e-02
8.274389e-02
8.277530e-02
8.280648e-02
8.283792e-02
8.286912e-02
8.290059e-02
8.293183e-02
8.296332e-02
8.299459e-02
8.302611e-02
8.305741e-02
8.308896e-02
8.312028e-02
8.315187e-02
8.318323e-02
8.321484e-02
8.324623e-02
8.327788e-02
8.330931e-02
8.334099e-02
8.337245e-02
8.340417e-02
8.343567e-02
8.346742e-02
8.349896e-02
8.353075e-02
8.356233e-02
8.359706e-02
8.363527e-02
8.367443e-02
8.371449e-02
8.375362e-02
8.378532e-02
8.382019e-02
8.385194e-02
8.388655e-02
8.391835e-02
8.395255e-02
8.398441e-02
8.401833e-02
8.405515e-02
8.409427e-02
8.413438e-02
8.417355e-02
8.421365e-02
8.425282e-02
8.429292e-02
8.433209e-02
8.437220e-02
8.441138e-02
8.444361e-02
8.447641e-02
8.450871e-02
8.454128e-02
8.457364e-02
8.460691e-02
8.463932e-02
8.467258e-02
8.470504e-02
8.473779e-02
8.477031e-02
8.480311e-02
8.483569e-02
8.486854e-02
8.490117e-02
8.493407e-02
8.496675e-02
8.499970e-02
8.503243e-02
8.506544e-02
8.509822e-02
8.513127e-02
8.516367e-02
8.519677e-02
8.522918e-02
8.526187e-02
8.529429e-02
8.532699e-02
8.535943e-02
8.539214e-02
8.542459e-02
8.545731e-02
8.548977e-02
8.552311e-02
8.555558e-02
8.558884e-02
8.562132e-02
8.565453e-02
8.568702e-02
8.572021e-02
8.575271e-02
8.578589e-02
8.581840e-02
8.585157e-02
8.588409e-02
8.591726e-02
8.594978e-02
8.598295e-02
8.601548e-02
8.604864e-02
8.608119e-02
8.611435e-02
8.614856e-02
8.618370e-02
8.621977e-02
8.625729e-02
8.629608e-02
8.633581e-02
8.637650e-02
8.641622e-02
8.644994e-02
8.648703e-02
8.652082e-02
8.655710e-02
8.659096e-02
8.662687e-02
8.666080e-02
8.669649e-02
8.673047e-02
8.676604e-02
8.680008e-02
8.683557e-02
8.686967e-02
8.690512e-02
8.693927e-02
8.697470e-02
8.700891e-02
8.704432e-02
8.707858e-02
8.711400e-02
8.714831e-02
8.718374e-02
8.721810e-02
8.725355e-02
8.728796e-02
8.732342e-02
8.735787e-02
8.739336e-02
8.742786e-02
8.746338e-02
8.749792e-02
8.753347e-02
8.756806e-02
8.760363e-02
8.763826e-02
8.767387e-02
8.770854e-02
8.774418e-02
8.777890e-02
8.781457e-02
8.784932e-02
8.788503e-02
8.791983e-02
8.795557e-02
8.799041e-02
8.802620e-02
8.806349e-02
8.810226e-02
8.814284e-02
8.818288e-02
8.822392e-02
8.826394e-02
8.830496e-02
8.834497e-02
8.838598e-02
8.842598e-02
8.846140e-02
8.850010e-02
8.854108e-02
8.858108e-02
8.862206e-02
8.866204e-02
8.870300e-02
8.874298e-02
8.878393e-02
8.882389e-02
8.885670e-02
8.889012e-02
8.892422e-02
8.895905e-02
8.899192e-02
8.902539e-02
8.905829e-02
8.909178e-02
8.912469e-02
8.915820e-02
8.919113e-02
8.922466e-02
8.925761e-02
8.929116e-02
8.932413e-02
8.935770e-02
8.939069e-02
8.942428e-02
8.945729e-02
8.949090e-02
8.952392e-02
8.955756e-02
8.959060e-02
8.962426e-02
8.965733e-02
8.969101e-02
8.972410e-02
8.975780e-02
8.979091e-02
8.982464e-02
8.985777e-02
8.989153e-02
8.992468e-02
8.995846e-02
8.999164e-02
9.002545e-02
9.005865e-02
9.009248e-02
9.012571e-02
9.015957e-02
9.019283e-02
9.022672e-02
9.026000e-02
9.029392e-02
9.032723e-02
9.036118e-02
9.039452e-02
9.042850e-02
9.046186e-02
9.049587e-02
9.052927e-02
9.056332e-02
9.059675e-02
9.063083e-02
9.066429e-02
9.069840e-02
9.073190e-02
9.076604e-02
9.079957e-02
9.083376e-02
9.086732e-02
9.090154e-02
9.093515e-02
9.096941e-02
9.100305e-02
9.103734e-02
9.107102e-02
9.110536e-02
9.113908e-02
9.117346e-02
9.120721e-02
9.124163e-02
9.127543e-02
9.130989e-02
9.134373e-02
9.137824e-02
9.141212e-02
9.144667e-02
9.148059e-02
9.151519e-02
9.154916e-02
9.158380e-02
9.161781e-02
9.165250e-02
9.168656e-02
9.172130e-02
9.175541e-02
9.179019e-02
9.182435e-02
9.185919e-02
9.189340e-02
9.192828e-02
9.196254e-02
9.199748e-02
9.203179e-02
9.206677e-02
9.210114e-02
9.213618e-02
9.217060e-02
9.220569e-02
9.224016e-02
9.227532e-02
9.230984e-02
9.234505e-02
9.238100e-02
9.241777e-02
9.245239e-02
9.248770e-02
9.252377e-02
9.256066e-02
9.259847e-02
9.263730e-02
9.267724e-02
9.271804e-02
9.275985e-02
9.280070e-02
9.284256e-02
9.288345e-02
9.292536e-02
9.296630e-02
9.300825e-02
9.304924e-02
9.309123e-02
9.313226e-02
9.317430e-02
9.321538e-02
9.325746e-02
9.329859e-02
9.334072e-02
9.338189e-02
9.342408e-02
9.346530e-02
9.350754e-02
9.354882e-02
9.359111e-02
9.363243e-02
9.367477e-02
9.371615e-02
9.375854e-02
9.379997e-02
9.384240e-02
9.388387e-02
9.392634e-02
9.396785e-02
9.401037e-02
9.405192e-02
9.409448e-02
9.413606e-02
9.417866e-02
9.422028e-02
9.426290e-02
9.430455e-02
9.434719e-02
9.438887e-02
9.443153e-02
9.447323e-02
9.451591e-02
9.455764e-02
9.460033e-02
9.464208e-02
9.468479e-02
9.472657e-02
9.476930e-02
9.481110e-02
9.485385e-02
9.489568e-02
9.493846e-02
9.498032e-02
9.502313e-02
9.506502e-02
9.510786e-02
9.514980e-02
9.519267e-02
9.523464e-02
9.527756e-02
9.531957e-02
9.536253e-02
9.540459e-02
9.544395e-02
9.548610e-02
9.552917e-02
9.557134e-02
9.560985e-02
9.564957e-02
9.568845e-02
9.572737e-02
9.576624e-02
9.580543e-02
9.584463e-02
9.588421e-02
9.592378e-02
9.596374e-02
9.600363e-02
9.604622e-02
9.608631e-02
9.612678e-02
9.616705e-02
9.620885e-02
9.625232e-02
9.629445e-02
9.633793e-02
9.638080e-02
9.641888e-02
9.645849e-02
9.649956e-02
9.653874e-02
9.657601e-02
9.661538e-02
9.665675e-02
9.669625e-02
9.673797e-02
9.677768e-02
9.681858e-02
9.686063e-02
9.690191e-02
9.694415e-02
9.698719e-02
9.703067e-02
9.707435e-02
9.711790e-02
9.716160e-02
9.720522e-02
9.724895e-02
9.729264e-02
9.733609e-02
9.737985e-02
9.742330e-02
9.746713e-02
9.751058e-02
9.755447e-02
9.759792e-02
9.764185e-02
9.768529e-02
9.772924e-02
9.777269e-02
9.781667e-02
9.786011e-02
9.790411e-02
9.794781e-02
9.799184e-02
9.803530e-02
9.807936e-02
9.812303e-02
9.816711e-02
9.821114e-02
9.825525e-02
9.829902e-02
9.834315e-02
9.838694e-02
9.843109e-02
9.847520e-02
9.851938e-02
9.856103e-02
9.860486e-02
9.864901e-02
9.869324e-02
9.873742e-02
9.878155e-02
9.882576e-02
9.886992e-02
9.891372e-02
9.895789e-02
9.900168e-02
9.904599e-02
9.908984e-02
9.913418e-02
9.917800e-02
9.922236e-02
9.926617e-02
9.931055e-02
9.935434e-02
9.939874e-02
9.944251e-02
9.948693e-02
9.953068e-02
9.957513e-02
9.961887e-02
9.966333e-02
9.970775e-02
9.975224e-02
9.979668e-02
9.984119e-02
9.988565e-02
9.993019e-02
9.997467e-02
1.000192e-01
1.000637e-01
1.001083e-01
1.001528e-01
1.001974e-01
1.002420e-01
1.002866e-01
1.003312e-01
1.003758e-01
1.004204e-01
1.004650e-01
1.005095e-01
1.005541e-01
1.005983e-01
1.006430e-01
1.006869e-01
1.007316e-01
1.007754e-01
1.008202e-01
1.008638e-01
1.009086e-01
1.009521e-01
1.009969e-01
1.010404e-01
1.010852e-01
1.011286e-01
1.011734e-01
1.012168e-01
1.012616e-01
1.013050e-01
1.013498e-01
1.013932e-01
1.014380e-01
1.014813e-01
1.015262e-01
1.015695e-01
1.016143e-01
1.016591e-01
1.017040e-01
1.017489e-01
1.017937e-01
1.018386e-01
1.018835e-01
1.019283e-01
1.019732e-01
1.020181e-01
1.020630e-01
1.021079e-01
1.021528e-01
1.021977e-01
1.022426e-01
1.022875e-01
1.023324e-01
1.023773e-01
1.024222e-01
1.024671e-01
1.025120e-01
1.025569e-01
1.026019e-01
1.026468e-01
1.026917e-01
1.027366e-01
1.027815e-01
1.028264e-01
1.028714e-01
1.029163e-01
1.029612e-01
1.030061e-01
1.030510e-01
1.030959e-01
1.031408e-01
1.031857e-01
1.032306e-01
1.032755e-01
1.033204e-01
1.033652e-01
1.034101e-01
1.034550e-01
1.034998e-01
1.035447e-01
1.035895e-01
1.036343e-01
1.036792e-01
1.037240e-01
1.037688e-01
1.038136e-01
1.038585e-01
1.039032e-01
1.039480e-01
1.039927e-01
1.040375e-01
1.040821e-01
1.041269e-01
1.041715e-01
1.042162e-01
1.042607e-01
1.043054e-01
1.043500e-01
1.043946e-01
1.044391e-01
1.044837e-01
1.045282e-01
1.045728e-01
1.046172e-01
1.046617e-01
1.047061e-01
1.047506e-01
1.047949e-01
1.048394e-01
1.048837e-01
1.049281e-01
1.049724e-01
1.050168e-01
1.050610e-01
1.051053e-01
1.051495e-01
1.051938e-01
1.052379e-01
1.052822e-01
1.053262e-01
1.053705e-01
1.054145e-01
1.054587e-01
1.055027e-01
1.055469e-01
1.055908e-01
1.056349e-01
1.056788e-01
1.057229e-01
1.057668e-01
1.058109e-01
1.058547e-01
1.058987e-01
1.059425e-01
1.059865e-01
1.060303e-01
1.060742e-01
1.061179e-01
1.061619e-01
1.062055e-01
1.062494e-01
1.062931e-01
1.063369e-01
1.063806e-01
1.064244e-01
1.064651e-01
1.065089e-01
1.065497e-01
1.065934e-01
1.066342e-01
1.066779e-01
1.067188e-01
1.067625e-01
1.068033e-01
1.068466e-01
1.068901e-01
1.069337e-01
1.069748e-01
1.070184e-01
1.070599e-01
1.071016e-01
1.071427e-01
1.071850e-01
1.072261e-01
1.072690e-01
1.073102e-01
1.073526e-01
1.073939e-01
1.074359e-01
1.074773e-01
1.075192e-01
1.075605e-01
1.076025e-01
1.076436e-01
1.076871e-01
1.077281e-01
1.077716e-01
1.078141e-01
1.078575e-01
1.078988e-01
1.079422e-01
1.079834e-01
1.080268e-01
1.080700e-01
1.081133e-01
1.081545e-01
1.081979e-01
1.082391e-01
1.082823e-01
1.083235e-01
1.083662e-01
1.084075e-01
1.084498e-01
1.084912e-01
1.085333e-01
1.085748e-01
1.086172e-01
1.086585e-01
1.087017e-01
1.087448e-01
1.087880e-01
1.088294e-01
1.088726e-01
1.089140e-01
1.089572e-01
1.089986e-01
1.090418e-01
1.090831e-01
1.091263e-01
1.091676e-01
1.092108e-01
1.092522e-01
1.092954e-01
1.093384e-01
1.093815e-01
1.094228e-01
1.094660e-01
1.095075e-01
1.095506e-01
1.095922e-01
1.096354e-01
1.096771e-01
1.097196e-01
1.097614e-01
1.098043e-01
1.098460e-01
1.098890e-01
1.099320e-01
1.099751e-01
1.100167e-01
1.100598e-01
1.101014e-01
1.101445e-01
1.101861e-01
1.102292e-01
1.102707e-01
1.103139e-01
1.103554e-01
1.103985e-01
1.104401e-01
1.104833e-01
1.105262e-01
1.105692e-01
1.106121e-01
1.106553e-01
1.106970e-01
1.107401e-01
1.107821e-01
1.108252e-01
1.108674e-01
1.109105e-01
1.109531e-01
1.109963e-01
1.110389e-01
1.110821e-01
1.111245e-01
1.111677e-01
1.112101e-01
1.112533e-01
1.112956e-01
1.113387e-01
1.113810e-01
1.114241e-01
1.114663e-01
1.115095e-01
1.115517e-01
1.115949e-01
1.116371e-01
1.116803e-01
1.117226e-01
1.117658e-01
1.118087e-01
1.118519e-01
1.118948e-01
1.119380e-01
1.119805e-01
1.120237e-01
1.120666e-01
1.121097e-01
1.121526e-01
1.121957e-01
1.122383e-01
1.122814e-01
1.123242e-01
1.123673e-01
1.124102e-01
1.124532e-01
1.124961e-01
1.125391e-01
1.125820e-01
1.126250e-01
1.126678e-01
1.127108e-01
1.127536e-01
1.127966e-01
1.128394e-01
1.128824e-01
1.129252e-01
1.129681e-01
1.130109e-01
1.130538e-01
1.130966e-01
1.131395e-01
1.131823e-01
1.132252e-01
1.132679e-01
1.133109e-01
1.133536e-01
1.133965e-01
1.134393e-01
1.134822e-01
1.135250e-01
1.135679e-01
1.136107e-01
1.136536e-01
1.136964e-01
1.137394e-01
1.137821e-01
1.138251e-01
1.138679e-01
1.139109e-01
1.139538e-01
1.139968e-01
1.140397e-01
1.140827e-01
1.141256e-01
1.141687e-01
1.142116e-01
1.142547e-01
1.142976e-01
1.143407e-01
1.143837e-01
1.144268e-01
1.144698e-01
1.145129e-01
1.145559e-01
1.145991e-01
1.146421e-01
1.146854e-01
1.147284e-01
1.147716e-01
1.148147e-01
1.148580e-01
1.149011e-01
1.149444e-01
1.149875e-01
1.150308e-01
1.150740e-01
1.151174e-01
1.151606e-01
1.152040e-01
1.152473e-01
1.152907e-01
1.153341e-01
1.153776e-01
1.154210e-01
1.154645e-01
1.155080e-01
1.155516e-01
1.155951e-01
1.156388e-01
1.156823e-01
1.157261e-01
1.157697e-01
1.158135e-01
1.158572e-01
1.159011e-01
1.159449e-01
1.159888e-01
1.160327e-01
1.160768e-01
1.161208e-01
1.161649e-01
1.162090e-01
1.162533e-01
1.162975e-01
1.163418e-01
1.163861e-01
1.164306e-01
1.164750e-01
1.165194e-01
1.165637e-01
1.166080e-01
1.166523e-01
1.166966e-01
1.167409e-01
1.167851e-01
1.168293e-01
1.168735e-01
1.169176e-01
1.169618e-01
1.170059e-01
1.170499e-01
1.170940e-01
1.171380e-01
1.171819e-01
1.172258e-01
1.172697e-01
1.173136e-01
1.173574e-01
1.174011e-01
1.174448e-01
1.174885e-01
1.175321e-01
1.175757e-01
1.176192e-01
1.176627e-01
1.177061e-01
1.177495e-01
1.177928e-01
1.178362e-01
1.178794e-01
1.179226e-01
1.179658e-01
1.180090e-01
1.180520e-01
1.180951e-01
1.181381e-01
1.181811e-01
1.182240e-01
1.182670e-01
1.183098e-01
1.183527e-01
1.183954e-01
1.184383e-01
1.184809e-01
1.185236e-01
1.185661e-01
1.186088e-01
1.186512e-01
1.186938e-01
1.187362e-01
1.187787e-01
1.188211e-01
1.188636e-01
1.189058e-01
1.189483e-01
1.189906e-01
1.190330e-01
1.190752e-01
1.191177e-01
1.191599e-01
1.192023e-01
1.192445e-01
1.192870e-01
1.193291e-01
1.193715e-01
1.194137e-01
1.194561e-01
1.194983e-01
1.195407e-01
1.195829e-01
1.196254e-01
1.196677e-01
1.197102e-01
1.197525e-01
1.197950e-01
1.198374e-01
1.198800e-01
1.199224e-01
1.199651e-01
1.200075e-01
1.200503e-01
1.200928e-01
1.201356e-01
1.201781e-01
1.202210e-01
1.202636e-01
1.203065e-01
1.203492e-01
1.203922e-01
1.204350e-01
1.204781e-01
1.205209e-01
1.205640e-01
1.206070e-01
1.206502e-01
1.206931e-01
1.207363e-01
1.207793e-01
1.208225e-01
1.208655e-01
1.209087e-01
1.209516e-01
1.209948e-01
1.210378e-01
1.210810e-01
1.211239e-01
1.211671e-01
1.212100e-01
1.212532e-01
1.212961e-01
1.213392e-01
1.213821e-01
1.214253e-01
1.214681e-01
1.215112e-01
1.215541e-01
1.215972e-01
1.216400e-01
1.216831e-01
1.217259e-01
1.217689e-01
1.218117e-01
1.218547e-01
1.218975e-01
1.219405e-01
1.219833e-01
1.220263e-01
1.220691e-01
1.221121e-01
1.221548e-01
1.221978e-01
1.222406e-01
1.222836e-01
1.223264e-01
1.223693e-01
1.224121e-01
1.224551e-01
1.224979e-01
1.225409e-01
1.225837e-01
1.226267e-01
1.226695e-01
1.227125e-01
1.227553e-01
1.227983e-01
1.228411e-01
1.228842e-01
1.229270e-01
1.229700e-01
1.230129e-01
1.230559e-01
1.230988e-01
1.231419e-01
1.231847e-01
1.232278e-01
1.232707e-01
1.233137e-01
1.233566e-01
1.233997e-01
1.234426e-01
1.234857e-01
1.235285e-01
1.235716e-01
1.236145e-01
1.236575e-01
1.237004e-01
1.237435e-01
1.237863e-01
1.238294e-01
1.238722e-01
1.239153e-01
1.239581e-01
1.240011e-01
1.240439e-01
1.240869e-01
1.241297e-01
1.241727e-01
1.242154e-01
1.242584e-01
1.243011e-01
1.243440e-01
1.243867e-01
1.244296e-01
1.244722e-01
1.245151e-01
1.245577e-01
1.246005e-01
1.246431e-01
1.246859e-01
1.247284e-01
1.247712e-01
1.248137e-01
1.248564e-01
1.248989e-01
1.249415e-01
1.249840e-01
1.250266e-01
1.250691e-01
1.251117e-01
1.251541e-01
1.251967e-01
1.252390e-01
1.252816e-01
1.253239e-01
1.253664e-01
1.254087e-01
1.254512e-01
1.254935e-01
1.255360e-01
1.255782e-01
1.256207e-01
1.256629e-01
1.257053e-01
1.257475e-01
1.257889e-01
1.258310e-01
1.258734e-01
1.259154e-01
1.259570e-01
1.259991e-01
1.260407e-01
1.260828e-01
1.261243e-01
1.261664e-01
1.262078e-01
1.262499e-01
1.262912e-01
1.263333e-01
1.263745e-01
1.264166e-01
1.264578e-01
1.264997e-01
1.265408e-01
1.265827e-01
1.266237e-01
1.266655e-01
1.267065e-01
1.267482e-01
1.267891e-01
1.268308e-01
1.268716e-01
1.269132e-01
1.269540e-01
1.269955e-01
1.270362e-01
1.270776e-01
1.271198e-01
1.271618e-01
1.272039e-01
1.272459e-01
1.272869e-01
1.273289e-01
1.273710e-01
1.274128e-01
1.274542e-01
1.274961e-01
1.275374e-01
1.275793e-01
1.276206e-01
1.276625e-01
1.277038e-01
1.277457e-01
1.277869e-01
1.278287e-01
1.278699e-01
1.279117e-01
1.279528e-01
1.279946e-01
1.280356e-01
1.280774e-01
1.281184e-01
1.281602e-01
1.282011e-01
1.282427e-01
1.282836e-01
1.283252e-01
1.283660e-01
1.284075e-01
1.284482e-01
1.284897e-01
1.285316e-01
1.285733e-01
1.286152e-01
1.286568e-01
1.286987e-01
1.287404e-01
1.287813e-01
1.288230e-01
1.288648e-01
1.289064e-01
1.289482e-01
1.289898e-01
1.290316e-01
1.290732e-01
1.291150e-01
1.291566e-01
1.291984e-01
1.292399e-01
1.292817e-01
1.293232e-01
1.293650e-01
1.294065e-01
1.294482e-01
1.294897e-01
1.295314e-01
1.295730e-01
1.296147e-01
1.296562e-01
1.296978e-01
1.297393e-01
1.297810e-01
1.298225e-01
1.298639e-01
1.299054e-01
1.299468e-01
1.299883e-01
1.300298e-01
1.300712e-01
1.301127e-01
1.301542e-01
1.301958e-01
1.302372e-01
1.302788e-01
1.303202e-01
1.303617e-01
1.304031e-01
1.304447e-01
1.304861e-01
1.305276e-01
1.305690e-01
1.306104e-01
1.306518e-01
1.306932e-01
1.307345e-01
1.307759e-01
1.308171e-01
1.308585e-01
1.308997e-01
1.309410e-01
1.309822e-01
1.310235e-01
1.310646e-01
1.311059e-01
1.311470e-01
1.311883e-01
1.312294e-01
1.312706e-01
1.313117e-01
1.313529e-01
1.313940e-01
1.314352e-01
1.314763e-01
1.315175e-01
1.315586e-01
1.315998e-01
1.316408e-01
1.316820e-01
1.317230e-01
1.317642e-01
1.318052e-01
1.318463e-01
1.318874e-01
1.319285e-01
1.319695e-01
1.320106e-01
1.320516e-01
1.320927e-01
1.321338e-01
1.321749e-01
1.322159e-01
1.322570e-01
1.322980e-01
1.323390e-01
1.323800e-01
1.324210e-01
1.324620e-01
1.325030e-01
1.325440e-01
1.325850e-01
1.326260e-01
1.326670e-01
1.327079e-01
1.327489e-01
1.327898e-01
1.328308e-01
1.328717e-01
1.329127e-01
1.329536e-01
1.329945e-01
1.330354e-01
1.330764e-01
1.331172e-01
1.331581e-01
1.331990e-01
1.332399e-01
1.332807e-01
1.333216e-01
1.333624e-01
1.334033e-01
1.334441e-01
1.334850e-01
1.335258e-01
1.335666e-01
1.336074e-01
1.336482e-01
1.336890e-01
1.337298e-01
1.337705e-01
1.338113e-01
1.338520e-01
1.338928e-01
1.339335e-01
1.339743e-01
1.340149e-01
1.340557e-01
1.340963e-01
1.341370e-01
1.341776e-01
1.342183e-01
1.342589e-01
1.342995e-01
1.343401e-01
1.343807e-01
1.344212e-01
1.344618e-01
1.345023e-01
1.345429e-01
1.345833e-01
1.346239e-01
1.346643e-01
1.347048e-01
1.347452e-01
1.347857e-01
1.348261e-01
1.348665e-01
1.349069e-01
1.349473e-01
1.349876e-01
1.350280e-01
1.350683e-01
1.351087e-01
1.351490e-01
1.351893e-01
1.352296e-01
1.352699e-01
1.353101e-01
1.353504e-01
1.353906e-01
1.354309e-01
1.354711e-01
1.355113e-01
1.355515e-01
1.355917e-01
1.356318e-01
1.356720e-01
1.357121e-01
1.357523e-01
1.357924e-01
1.358325e-01
1.358726e-01
1.359127e-01
1.359528e-01
1.359929e-01
1.360329e-01
1.360730e-01
1.361130e-01
1.361531e-01
1.361930e-01
1.362331e-01
1.362731e-01
1.363131e-01
1.363530e-01
1.363931e-01
1.364330e-01
1.364730e-01
1.365129e-01
1.365529e-01
1.365927e-01
1.366327e-01
1.366726e-01
1.367125e-01
1.367524e-01
1.367923e-01
1.368321e-01
1.368721e-01
1.369119e-01
1.369518e-01
1.369916e-01
1.370315e-01
1.370712e-01
1.371111e-01
1.371509e-01
1.371908e-01
1.372305e-01
1.372704e-01
1.373101e-01
1.373499e-01
1.373897e-01
1.374295e-01
1.374692e-01
1.375090e-01
1.375487e-01
1.375885e-01
1.376281e-01
1.376679e-01
1.377076e-01
1.377473e-01
1.377870e-01
1.378267e-01
1.378664e-01
1.379061e-01
1.379457e-01
1.379854e-01
1.380250e-01
1.380647e-01
1.381043e-01
1.381440e-01
1.381836e-01
1.382233e-01
1.382628e-01
1.383025e-01
1.383420e-01
1.383817e-01
1.384212e-01
1.384608e-01
1.385003e-01
1.385399e-01
1.385794e-01
1.386190e-01
1.386585e-01
1.386981e-01
1.387376e-01
1.387771e-01
1.388166e-01
1.388561e-01
1.388955e-01
1.389351e-01
1.389745e-01
1.390140e-01
1.390534e-01
1.390929e-01
1.391322e-01
1.391717e-01
1.392110e-01
1.392505e-01
1.392898e-01
1.393293e-01
1.393686e-01
1.394080e-01
1.394473e-01
1.394867e-01
1.395260e-01
1.395653e-01
1.396046e-01
1.396440e-01
1.396832e-01
1.397225e-01
1.397618e-01
1.398011e-01
1.398403e-01
1.398796e-01
1.399188e-01
1.399581e-01
1.399972e-01
1.400365e-01
1.400756e-01
1.401149e-01
1.401540e-01
1.401933e-01
1.402324e-01
1.402716e-01
1.403107e-01
1.403499e-01
1.403890e-01
1.404282e-01
1.404672e-01
1.405064e-01
1.405454e-01
1.405846e-01
1.406236e-01
1.406628e-01
1.407018e-01
1.407409e-01
1.407799e-01
1.408190e-01
1.408580e-01
1.408971e-01
1.409361e-01
1.409752e-01
1.410141e-01
1.410532e-01
1.410922e-01
1.411312e-01
1.411702e-01
1.412092e-01
1.412482e-01
1.412872e-01
1.413261e-01
1.413652e-01
1.414041e-01
1.414431e-01
1.414820e-01
1.415210e-01
1.415599e-01
1.415989e-01
1.416378e-01
1.416768e-01
1.417157e-01
1.417547e-01
1.417936e-01
1.418326e-01
1.418715e-01
1.419105e-01
1.419494e-01
1.419884e-01
1.420273e-01
1.420663e-01
1.421051e-01
1.421441e-01
1.421830e-01
1.422220e-01
1.422609e-01
1.422999e-01
1.423388e-01
1.423778e-01
1.424167e-01
1.424557e-01
1.424946e-01
1.425336e-01
1.425725e-01
1.426116e-01
1.426505e-01
1.426895e-01
1.427284e-01
1.427674e-01
1.428064e-01
1.428454e-01
1.428843e-01
1.429234e-01
1.429623e-01
1.430014e-01
1.430403e-01
1.430794e-01
1.431183e-01
1.431574e-01
1.431964e-01
1.432355e-01
1.432744e-01
1.433135e-01
1.433525e-01
1.433916e-01
1.434306e-01
1.434698e-01
1.435088e-01
1.435479e-01
1.435870e-01
1.436261e-01
1.436651e-01
1.437043e-01
1.437434e-01
1.437826e-01
1.438216e-01
1.438608e-01
1.438999e-01
1.439391e-01
1.439782e-01
1.440174e-01
1.440566e-01
1.440958e-01
1.441349e-01
1.441742e-01
1.442134e-01
1.442526e-01
1.442918e-01
1.443311e-01
1.443703e-01
1.444096e-01
1.444488e-01
1.444881e-01
1.445273e-01
1.445667e-01
1.446059e-01
1.446453e-01
1.446846e-01
1.447239e-01
1.447632e-01
1.448026e-01
1.448419e-01
1.448814e-01
1.449207e-01
1.449601e-01
1.449995e-01
1.450389e-01
1.450783e-01
1.451178e-01
1.451572e-01
1.451967e-01
1.452361e-01
1.452757e-01
1.453151e-01
1.453547e-01
1.453941e-01
1.454337e-01
1.454732e-01
1.455128e-01
1.455523e-01
1.455919e-01
1.456315e-01
1.456711e-01
1.457107e-01
1.457504e-01
1.457899e-01
1.458296e-01
1.458692e-01
1.459089e-01
1.459485e-01
1.459882e-01
1.460279e-01
1.460676e-01
1.461073e-01
1.461470e-01
1.461867e-01
1.462264e-01
1.462661e-01
1.463058e-01
1.463456e-01
1.463853e-01
1.464250e-01
1.464648e-01
1.465045e-01
1.465442e-01
1.465840e-01
1.466237e-01
1.466635e-01
1.467033e-01
1.467430e-01
1.467828e-01
1.468226e-01
1.468624e-01
1.469022e-01
1.469420e-01
1.469818e-01
1.470216e-01
1.470614e-01
1.471012e-01
1.471410e-01
1.471808e-01
1.472207e-01
1.472605e-01
1.473003e-01
1.473402e-01
1.473800e-01
1.474199e-01
1.474597e-01
1.474996e-01
1.475395e-01
1.475793e-01
1.476192e-01
1.476591e-01
1.476990e-01
1.477389e-01
1.477788e-01
1.478187e-01
1.478587e-01
1.478986e-01
1.479385e-01
1.479784e-01
1.480184e-01
1.480583e-01
1.480983e-01
1.481382e-01
1.481782e-01
1.482182e-01
1.482581e-01
1.482981e-01
1.483381e-01
1.483781e-01
1.484181e-01
1.484581e-01
1.484981e-01
1.485381e-01
1.485782e-01
1.486182e-01
1.486582e-01
1.486983e-01
1.487384e-01
1.487784e-01
1.488185e-01
1.488586e-01
1.488986e-01
1.489387e-01
1.489788e-01
1.490189e-01
1.490590e-01
1.490992e-01
1.491393e-01
1.491794e-01
1.492196e-01
1.492597e-01
1.492999e-01
1.493400e-01
1.493802e-01
1.494204e-01
1.494606e-01
1.495008e-01
1.495410e-01
1.495812e-01
1.496215e-01
1.496617e-01
1.497019e-01
1.497422e-01
1.497825e-01
1.498227e-01
1.498630e-01
1.499033e-01
1.499436e-01
1.499839e-01
1.500242e-01
1.500645e-01
1.501049e-01
1.501452e-01
1.501856e-01
1.502259e-01
1.502663e-01
1.503067e-01
1.503471e-01
1.503875e-01
1.504279e-01
1.504684e-01
1.505088e-01
1.505492e-01
1.505897e-01
1.506302e-01
1.506707e-01
1.507111e-01
1.507517e-01
1.507922e-01
1.508327e-01
1.508732e-01
1.509138e-01
1.509543e-01
1.509949e-01
1.510355e-01
1.510761e-01
1.511167e-01
1.511574e-01
1.511980e-01
1.512387e-01
1.512793e-01
1.513200e-01
1.513607e-01
1.514015e-01
1.514422e-01
1.514829e-01
1.515237e-01
1.515645e-01
1.516052e-01
1.516461e-01
1.516869e-01
1.517277e-01
1.517686e-01
1.518094e-01
1.518503e-01
1.518912e-01
1.519321e-01
1.519731e-01
1.520140e-01
1.520550e-01
1.520959e-01
1.521369e-01
1.521780e-01
1.522190e-01
1.522600e-01
1.523011e-01
1.523422e-01
1.523833e-01
1.524244e-01
1.524655e-01
1.525067e-01
1.525478e-01
1.525890e-01
1.526302e-01
1.526714e-01
1.527126e-01
1.527538e-01
1.527951e-01
1.528363e-01
1.528776e-01
1.529189e-01
1.529602e-01
1.530015e-01
1.530428e-01
1.530842e-01
1.531256e-01
1.531670e-01
1.532084e-01
1.532498e-01
1.532912e-01
1.533327e-01
1.533741e-01
1.534156e-01
1.534571e-01
1.534986e-01
1.535402e-01
1.535817e-01
1.536233e-01
1.536649e-01
1.537065e-01
1.537481e-01
1.537897e-01
1.538313e-01
1.538730e-01
1.539147e-01
1.539563e-01
1.539980e-01
1.540398e-01
1.540815e-01
1.541232e-01
1.541650e-01
1.542068e-01
1.542486e-01
1.542904e-01
1.543322e-01
1.543741e-01
1.544159e-01
1.544578e-01
1.544997e-01
1.545416e-01
1.545835e-01
1.546254e-01
1.546673e-01
1.547093e-01
1.547512e-01
1.547932e-01
1.548352e-01
1.548772e-01
1.549192e-01
1.549613e-01
1.550033e-01
1.550454e-01
1.550874e-01
1.551295e-01
1.551716e-01
1.552137e-01
1.552559e-01
1.552980e-01
1.553402e-01
1.553823e-01
1.554245e-01
1.554667e-01
1.555089e-01
1.555511e-01
1.555934e-01
1.556356e-01
1.556780e-01
1.557202e-01
1.557626e-01
1.558048e-01
1.558472e-01
1.558895e-01
1.559320e-01
1.559743e-01
1.560168e-01
1.560591e-01
1.561017e-01
1.561440e-01
1.561866e-01
1.562290e-01
1.562715e-01
1.563139e-01
1.563564e-01
1.563989e-01
1.564414e-01
1.564839e-01
1.565265e-01
1.565690e-01
1.566115e-01
1.566540e-01
1.566966e-01
1.567391e-01
1.567817e-01
1.568242e-01
1.568668e-01
1.569093e-01
1.569520e-01
1.569945e-01
1.570372e-01
1.570797e-01
1.571224e-01
1.571648e-01
1.572075e-01
1.572500e-01
1.572928e-01
1.573353e-01
1.573780e-01
1.574205e-01
1.574632e-01
1.575057e-01
1.575484e-01
1.575909e-01
1.576336e-01
1.576762e-01
1.577189e-01
1.577614e-01
1.578041e-01
1.578467e-01
1.578894e-01
1.579320e-01
1.579747e-01
1.580173e-01
1.580601e-01
1.581027e-01
1.581454e-01
1.581880e-01
1.582308e-01
1.582735e-01
1.583162e-01
1.583589e-01
1.584017e-01
1.584443e-01
1.584872e-01
1.585299e-01
1.585727e-01
1.586154e-01
1.586583e-01
1.587010e-01
1.587439e-01
1.587867e-01
1.588296e-01
1.588724e-01
1.589153e-01
1.589581e-01
1.590010e-01
1.590438e-01
1.590868e-01
1.591296e-01
1.591726e-01
1.592155e-01
1.592585e-01
1.593014e-01
1.593445e-01
1.593874e-01
1.594305e-01
1.594734e-01
1.595165e-01
1.595595e-01
1.596026e-01
1.596456e-01
1.596888e-01
1.597318e-01
1.597750e-01
1.598181e-01
1.598613e-01
1.599044e-01
1.599476e-01
1.599907e-01
1.600340e-01
1.600772e-01
1.601205e-01
1.601636e-01
1.602070e-01
1.602502e-01
1.602936e-01
1.603368e-01
1.603802e-01
1.604235e-01
1.604669e-01
1.605102e-01
1.605536e-01
1.605970e-01
1.606405e-01
1.606838e-01
1.607273e-01
1.607707e-01
1.608142e-01
1.608576e-01
1.609012e-01
1.609446e-01
1.609882e-01
1.610316e-01
1.610752e-01
1.611187e-01
1.611624e-01
1.612059e-01
1.612496e-01
1.612931e-01
1.613369e-01
1.613804e-01
1.614242e-01
1.614678e-01
1.615116e-01
1.615552e-01
1.615990e-01
1.616426e-01
1.616865e-01
1.617301e-01
1.617740e-01
1.618177e-01
1.618616e-01
1.619053e-01
1.619493e-01
1.619930e-01
1.620370e-01
1.620808e-01
1.621248e-01
1.621687e-01
1.622128e-01
1.622567e-01
1.623008e-01
1.623447e-01
1.623888e-01
1.624328e-01
1.624770e-01
1.625210e-01
1.625652e-01
1.626092e-01
1.626534e-01
1.626975e-01
1.627418e-01
1.627859e-01
1.628302e-01
1.628744e-01
1.629187e-01
1.629629e-01
1.630072e-01
1.630514e-01
1.630957e-01
1.631400e-01
1.631843e-01
1.632286e-01
1.632731e-01
1.633175e-01
1.633620e-01
1.634064e-01
1.634510e-01
1.634954e-01
1.635400e-01
1.635845e-01
1.636291e-01
1.636736e-01
1.637182e-01
1.637628e-01
1.638073e-01
1.638519e-01
1.638965e-01
1.639411e-01
1.639831e-01
1.640265e-01
1.640710e-01
1.641157e-01
1.641589e-01
1.642033e-01
1.642467e-01
1.642915e-01
1.643353e-01
1.643802e-01
1.644243e-01
1.644681e-01
1.645130e-01
1.645579e-01
1.646028e-01
1.646473e-01
1.646922e-01
1.647371e-01
1.647813e-01
1.648262e-01
1.648712e-01
1.649161e-01
1.649611e-01
1.650060e-01
1.650511e-01
1.650962e-01
1.651413e-01
1.651864e-01
1.652316e-01
1.652768e-01
1.653219e-01
1.653671e-01
1.654123e-01
1.654576e-01
1.655028e-01
1.655481e-01
1.655933e-01
1.656386e-01
1.656839e-01
1.657291e-01
1.657743e-01
1.658195e-01
1.658647e-01
1.659099e-01
1.659550e-01
1.660001e-01
1.660453e-01
1.660904e-01
1.661355e-01
1.661806e-01
1.662257e-01
1.662709e-01
1.663160e-01
1.663611e-01
1.664063e-01
1.664515e-01
1.664966e-01
1.665418e-01
1.665870e-01
1.666323e-01
1.666775e-01
1.667228e-01
1.667681e-01
1.668134e-01
1.668588e-01
1.669041e-01
1.669496e-01
1.669950e-01
1.670405e-01
1.670860e-01
1.671315e-01
1.671770e-01
1.672226e-01
1.672681e-01
1.673136e-01
1.673592e-01
1.674047e-01
1.674503e-01
1.674958e-01
1.675414e-01
1.675870e-01
1.676326e-01
1.676782e-01
1.677238e-01
1.677694e-01
1.678150e-01
1.678607e-01
1.679064e-01
1.679520e-01
1.679978e-01
1.680435e-01
1.680892e-01
1.681349e-01
1.681807e-01
1.682265e-01
1.682723e-01
1.683181e-01
1.683640e-01
1.684099e-01
1.684558e-01
1.685017e-01
1.685476e-01
1.685936e-01
1.686395e-01
1.686855e-01
1.687315e-01
1.687775e-01
1.688234e-01
1.688694e-01
1.689154e-01
1.689613e-01
1.690073e-01
1.690532e-01
1.690992e-01
1.691452e-01
1.691911e-01
1.692371e-01
1.692831e-01
1.693290e-01
1.693750e-01
1.694210e-01
1.694670e-01
1.695129e-01
1.695589e-01
1.696049e-01
1.696509e-01
1.696969e-01
1.697429e-01
1.697890e-01
1.698350e-01
1.698811e-01
1.699271e-01
1.699732e-01
1.700193e-01
1.700654e-01
1.701115e-01
1.701577e-01
1.702039e-01
1.702500e-01
1.702963e-01
1.703425e-01
1.703887e-01
1.704349e-01
1.704811e-01
1.705273e-01
1.705735e-01
1.706197e-01
1.706659e-01
1.707122e-01
1.707584e-01
1.708046e-01
1.708509e-01
1.708972e-01
1.709434e-01
1.709897e-01
1.710360e-01
1.710823e-01
1.711286e-01
1.711749e-01
1.712213e-01
1.712676e-01
1.713140e-01
1.713603e-01
1.714067e-01
1.714531e-01
1.714995e-01
1.715460e-01
1.715924e-01
1.716389e-01
1.716854e-01
1.717319e-01
1.717784e-01
1.718250e-01
1.718715e-01
1.719181e-01
1.719647e-01
1.720113e-01
1.720579e-01
1.721045e-01
1.721511e-01
1.721976e-01
1.722442e-01
1.722908e-01
1.723374e-01
1.723840e-01
1.724306e-01
1.724772e-01
1.725238e-01
1.725704e-01
1.726170e-01
1.726635e-01
1.727101e-01
1.727567e-01
1.728033e-01
1.728500e-01
1.728966e-01
1.729432e-01
1.729898e-01
1.730364e-01
1.730831e-01
1.731297e-01
1.731763e-01
1.732230e-01
1.732696e-01
1.733163e-01
1.733630e-01
1.734097e-01
1.734564e-01
1.735031e-01
1.735498e-01
1.735965e-01
1.736433e-01
1.736900e-01
1.737368e-01
1.737836e-01
1.738304e-01
1.738723e-01
1.739153e-01
1.739594e-01
1.740019e-01
1.740439e-01
1.740864e-01
1.741283e-01
1.741707e-01
1.742126e-01
1.742549e-01
1.742968e-01
1.743390e-01
1.743808e-01
1.744229e-01
1.744646e-01
1.745069e-01
1.745485e-01
1.745914e-01
1.746322e-01
1.746741e-01
1.747149e-01
1.747567e-01
1.747975e-01
1.748393e-01
1.748801e-01
1.749218e-01
1.749627e-01
1.750077e-01
1.750551e-01
1.751019e-01
1.751493e-01
1.751966e-01
1.752376e-01
1.752794e-01
1.753206e-01
1.753621e-01
1.754033e-01
1.754457e-01
1.754869e-01
1.755293e-01
1.755709e-01
1.756133e-01
1.756571e-01
1.757022e-01
1.757439e-01
1.757862e-01
1.758279e-01
1.758703e-01
1.759120e-01
1.759546e-01
1.759963e-01
1.760395e-01
1.760812e-01
1.761258e-01
1.761675e-01
1.762134e-01
1.762550e-01
1.763009e-01
1.763426e-01
1.763884e-01
1.764300e-01
1.764758e-01
1.765230e-01
1.765702e-01
1.766174e-01
1.766646e-01
1.767118e-01
1.767589e-01
1.768061e-01
1.768522e-01
1.768991e-01
1.769453e-01
1.769923e-01
1.770384e-01
1.770849e-01
1.771311e-01
1.771776e-01
1.772237e-01
1.772703e-01
1.773164e-01
1.773629e-01
1.774090e-01
1.774555e-01
1.775016e-01
1.775481e-01
1.775942e-01
1.776407e-01
1.776868e-01
1.777332e-01
1.777793e-01
1.778258e-01
1.778719e-01
1.779184e-01
1.779644e-01
1.780109e-01
1.780570e-01
1.781035e-01
1.781496e-01
1.781960e-01
1.782421e-01
1.782886e-01
1.783347e-01
1.783813e-01
1.784274e-01
1.784739e-01
1.785200e-01
1.785666e-01
1.786127e-01
1.786591e-01
1.787052e-01
1.787517e-01
1.787978e-01
1.788442e-01
1.788903e-01
1.789366e-01
1.789827e-01
1.790291e-01
1.790751e-01
1.791215e-01
1.791675e-01
1.792138e-01
1.792599e-01
1.793061e-01
1.793522e-01
1.793984e-01
1.794445e-01
1.794907e-01
1.795367e-01
1.795829e-01
1.796289e-01
1.796751e-01
1.797212e-01
1.797673e-01
1.798134e-01
1.798594e-01
1.799055e-01
1.799515e-01
1.799975e-01
1.800435e-01
1.800895e-01
1.801302e-01
1.801717e-01
1.802140e-01
1.802551e-01
1.802959e-01
1.803374e-01
1.803781e-01
1.804196e-01
1.804603e-01
1.805017e-01
1.805424e-01
1.805839e-01
1.806246e-01
1.806660e-01
1.807067e-01
1.807481e-01
1.807887e-01
1.808301e-01
1.808707e-01
1.809121e-01
1.809527e-01
1.809941e-01
1.810347e-01
1.810760e-01
1.811166e-01
1.811579e-01
1.811985e-01
1.812398e-01
1.812804e-01
1.813217e-01
1.813622e-01
1.814035e-01
1.814440e-01
1.814853e-01
1.815258e-01
1.815671e-01
1.816076e-01
1.816488e-01
1.816893e-01
1.817305e-01
1.817710e-01
1.818122e-01
1.818527e-01
1.818939e-01
1.819344e-01
1.819756e-01
1.820160e-01
1.820572e-01
1.820977e-01
1.821389e-01
1.821793e-01
1.822205e-01
1.822609e-01
1.823021e-01
1.823425e-01
1.823836e-01
1.824241e-01
1.824652e-01
1.825056e-01
1.825467e-01
1.825871e-01
1.826283e-01
1.826687e-01
1.827098e-01
1.827502e-01
1.827913e-01
1.828316e-01
1.828727e-01
1.829131e-01
1.829542e-01
1.829961e-01
1.830389e-01
1.830793e-01
1.831203e-01
1.831622e-01
1.832050e-01
1.832488e-01
1.832937e-01
1.833387e-01
1.833836e-01
1.834240e-01
1.834655e-01
1.835080e-01
1.835492e-01
1.835914e-01
1.836326e-01
1.836749e-01
1.837161e-01
1.837584e-01
1.837997e-01
1.838421e-01
1.838835e-01
1.839258e-01
1.839673e-01
1.840097e-01
1.840512e-01
1.840937e-01
1.841352e-01
1.841778e-01
1.842194e-01
1.842621e-01
1.843038e-01
1.843466e-01
1.843883e-01
1.844313e-01
1.844731e-01
1.845162e-01
1.845582e-01
1.846014e-01
1.846436e-01
1.846870e-01
1.847293e-01
1.847729e-01
1.848153e-01
1.848592e-01
1.849018e-01
1.849459e-01
1.849888e-01
1.850332e-01
1.850764e-01
1.851212e-01
1.851646e-01
1.852095e-01
1.852532e-01
1.852980e-01
1.853422e-01
1.853870e-01
1.854316e-01
1.854764e-01
1.855211e-01
1.855658e-01
1.856106e-01
1.856553e-01
1.857000e-01
1.857446e-01
1.857893e-01
1.858340e-01
1.858786e-01
1.859232e-01
1.859679e-01
1.860125e-01
1.860571e-01
1.861017e-01
1.861463e-01
1.861909e-01
1.862355e-01
1.862801e-01
1.863247e-01
1.863693e-01
1.864139e-01
1.864585e-01
1.865031e-01
1.865477e-01
1.865923e-01
1.866369e-01
1.866815e-01
1.867261e-01
1.867707e-01
1.868152e-01
1.868598e-01
1.869043e-01
1.869488e-01
1.869933e-01
1.870378e-01
1.870823e-01
1.871268e-01
1.871713e-01
1.872157e-01
1.872602e-01
1.873047e-01
1.873465e-01
1.873893e-01
1.874332e-01
1.874756e-01
1.875176e-01
1.875605e-01
1.876025e-01
1.876454e-01
1.876874e-01
1.877303e-01
1.877723e-01
1.878151e-01
1.878571e-01
1.879000e-01
1.879419e-01
1.879848e-01
1.880267e-01
1.880696e-01
1.881115e-01
1.881544e-01
1.881963e-01
1.882391e-01
1.882811e-01
1.883239e-01
1.883659e-01
1.884088e-01
1.884507e-01
1.884936e-01
1.885356e-01
1.885786e-01
1.886206e-01
1.886636e-01
1.887056e-01
1.887487e-01
1.887908e-01
1.888340e-01
1.888762e-01
1.889195e-01
1.889618e-01
1.890053e-01
1.890477e-01
1.890913e-01
1.891339e-01
1.891778e-01
1.892205e-01
1.892647e-01
1.893076e-01
1.893521e-01
1.893953e-01
1.894398e-01
1.894834e-01
1.895279e-01
1.895719e-01
1.896131e-01
1.896550e-01
1.896962e-01
1.897406e-01
1.897851e-01
1.898296e-01
1.898740e-01
1.899185e-01
1.899630e-01
1.900075e-01
1.900520e-01
1.900965e-01
1.901410e-01
1.901855e-01
1.902300e-01
1.902745e-01
1.903190e-01
1.903634e-01
1.904079e-01
1.904524e-01
1.904970e-01
1.905415e-01
1.905861e-01
1.906307e-01
1.906754e-01
1.907200e-01
1.907646e-01
1.908083e-01
1.908529e-01
1.908975e-01
1.909423e-01
1.909870e-01
1.910318e-01
1.910765e-01
1.911212e-01
1.911660e-01
1.912070e-01
1.912490e-01
1.912921e-01
1.913363e-01
1.913775e-01
1.914196e-01
1.914629e-01
1.915036e-01
1.915453e-01
1.915881e-01
1.916322e-01
1.916770e-01
1.917218e-01
1.917627e-01
1.918048e-01
1.918482e-01
1.918923e-01
1.919371e-01
1.919819e-01
1.920259e-01
1.920682e-01
1.921121e-01
1.921569e-01
1.922017e-01
1.922448e-01
1.922897e-01
1.923345e-01
1.923774e-01
1.924223e-01
1.924671e-01
1.925120e-01
1.925536e-01
1.925965e-01
1.926410e-01
1.926859e-01
1.927279e-01
1.927714e-01
1.928115e-01
1.928546e-01
1.928949e-01
1.929374e-01
1.929814e-01
1.930264e-01
1.930659e-01
1.931061e-01
1.931460e-01
1.931864e-01
1.932269e-01
1.932679e-01
1.933089e-01
1.933504e-01
1.933918e-01
1.934342e-01
1.934759e-01
1.935180e-01
1.935598e-01
1.936024e-01
1.936442e-01
1.936869e-01
1.937287e-01
1.937714e-01
1.938133e-01
1.938560e-01
1.938979e-01
1.939406e-01
1.939825e-01
1.940252e-01
1.940671e-01
1.941076e-01
1.941489e-01
1.941909e-01
1.942328e-01
1.942755e-01
1.943163e-01
1.943590e-01
1.943989e-01
1.944388e-01
1.944784e-01
1.945182e-01
1.945577e-01
1.945974e-01
1.946372e-01
1.946772e-01
1.947173e-01
1.947579e-01
1.947986e-01
1.948397e-01
1.948809e-01
1.949227e-01
1.949644e-01
1.950066e-01
1.950486e-01
1.950913e-01
1.951332e-01
1.951761e-01
1.952180e-01
1.952609e-01
1.953029e-01
1.953457e-01
1.953878e-01
1.954306e-01
1.954727e-01
1.955156e-01
1.955576e-01
1.956005e-01
1.956426e-01
1.956855e-01
1.957276e-01
1.957706e-01
1.958127e-01
1.958556e-01
1.958977e-01
1.959407e-01
1.959829e-01
1.960259e-01
1.960680e-01
1.961111e-01
1.961533e-01
1.961963e-01
1.962385e-01
1.962816e-01
1.963238e-01
1.963669e-01
1.964092e-01
1.964523e-01
1.964946e-01
1.965377e-01
1.965800e-01
1.966232e-01
1.966655e-01
1.967087e-01
1.967510e-01
1.967943e-01
1.968366e-01
1.968799e-01
1.969222e-01
1.969655e-01
1.970079e-01
1.970512e-01
1.970936e-01
1.971370e-01
1.971794e-01
1.972228e-01
1.972652e-01
1.973087e-01
1.973511e-01
1.973946e-01
1.974371e-01
1.974806e-01
1.975231e-01
1.975667e-01
1.976092e-01
1.976528e-01
1.976979e-01
1.977432e-01
1.977884e-01
1.978337e-01
1.978789e-01
1.979242e-01
1.979694e-01
1.980147e-01
1.980600e-01
1.981052e-01
1.981505e-01
1.981958e-01
1.982410e-01
1.982863e-01
1.983316e-01
1.983769e-01
1.984222e-01
1.984675e-01
1.985128e-01
1.985581e-01
1.986033e-01
1.986486e-01
1.986939e-01
1.987392e-01
1.987845e-01
1.988298e-01
1.988752e-01
1.989205e-01
1.989658e-01
1.990111e-01
1.990564e-01
1.991017e-01
1.991470e-01
1.991923e-01
1.992376e-01
1.992830e-01
1.993283e-01
1.993736e-01
1.994189e-01
1.994643e-01
1.995096e-01
1.995549e-01
1.996002e-01
1.996455e-01
1.996909e-01
1.997362e-01
1.997815e-01
1.998268e-01
1.998721e-01
1.999175e-01
1.999628e-01
2.000081e-01
2.000489e-01
2.000938e-01
2.001391e-01
