# 1  : Date
# 2  : Temps elapsed min (mus)
# 3  : Rang temps elapsed min
# 4  : Noeud temps elapsed min
# 5  : Temps elapsed max (mus)
# 6  : Rang temps elapsed max
# 7  : Noeud temps elapsed max
# 8  : Grind time (mus/maille/cycle)
# 9  : Grind time équivalent séquentiel (#8 X nb_de_coeurs)
#     1     2     3     4      5      6      7       8      9
#   ATTENTION  les temps cpu schémas sont données dans l'ordre alphabétique des schémas WARNING
#  10: TELAPS Hydro (mus)
1.133123e-03   6.408e+04 0 inti1217   6.418e+04 3 inti1217   4.476e-01 7.162e+00  3.423e+04
3.056429e-03   4.673e+04 1 inti1217   4.682e+04 3 inti1217   3.069e-01 4.910e+00  3.739e+04
4.730716e-03   4.871e+04 0 inti1217   4.888e+04 3 inti1217   3.028e-01 4.844e+00  3.898e+04
6.702289e-03   4.988e+04 1 inti1217   4.996e+04 2 inti1217   2.904e-01 4.647e+00  4.053e+04
8.869876e-03   8.295e+04 1 inti1217   8.305e+04 3 inti1217   4.525e-01 7.241e+00  4.443e+04
1.079096e-02   5.546e+04 1 inti1217   5.554e+04 2 inti1217   2.879e-01 4.606e+00  4.513e+04
1.316803e-02   5.801e+04 1 inti1217   5.813e+04 2 inti1217   2.846e-01 4.554e+00  4.778e+04
1.517252e-02   6.069e+04 1 inti1217   6.082e+04 2 inti1217   2.837e-01 4.539e+00  4.982e+04
1.687597e-02   9.520e+04 0 inti1217   9.526e+04 3 inti1217   4.261e-01 6.818e+00  5.569e+04
1.856568e-02   6.586e+04 0 inti1217   6.600e+04 3 inti1217   2.838e-01 4.541e+00  5.404e+04
2.037142e-02   6.710e+04 0 inti1217   6.714e+04 3 inti1217   2.767e-01 4.426e+00  5.517e+04
2.210552e-02   7.098e+04 0 inti1217   7.104e+04 3 inti1217   2.811e-01 4.498e+00  5.872e+04
2.420638e-02   1.111e+05 0 inti1217   1.111e+05 3 inti1217   4.170e-01 6.671e+00  6.125e+04
2.643147e-02   7.600e+04 0 inti1217   7.611e+04 3 inti1217   2.709e-01 4.335e+00  6.235e+04
2.868593e-02   8.036e+04 0 inti1217   8.049e+04 3 inti1217   2.720e-01 4.352e+00  6.654e+04
3.101310e-02   8.132e+04 0 inti1217   8.136e+04 3 inti1217   2.603e-01 4.165e+00  6.751e+04
3.319758e-02   1.292e+05 2 inti1217   1.293e+05 3 inti1217   3.922e-01 6.276e+00  7.010e+04
3.542624e-02   8.556e+04 2 inti1217   8.562e+04 3 inti1217   2.475e-01 3.959e+00  7.097e+04
3.767622e-02   8.797e+04 2 inti1217   8.800e+04 3 inti1217   2.428e-01 3.884e+00  7.300e+04
3.992902e-02   9.082e+04 0 inti1217   9.087e+04 3 inti1217   2.399e-01 3.838e+00  7.575e+04
4.224647e-02   1.427e+05 0 inti1217   1.428e+05 3 inti1217   3.598e-01 5.757e+00  7.947e+04
4.428247e-02   9.632e+04 0 inti1217   9.641e+04 3 inti1217   2.342e-01 3.748e+00  8.074e+04
4.634590e-02   9.866e+04 0 inti1217   9.869e+04 3 inti1217   2.314e-01 3.702e+00  8.287e+04
4.877722e-02   1.016e+05 1 inti1217   1.016e+05 3 inti1217   2.288e-01 3.661e+00  8.538e+04
5.130117e-02   1.611e+05 0 inti1217   1.611e+05 3 inti1217   3.479e-01 5.566e+00  9.204e+04
5.347380e-02   1.081e+05 0 inti1217   1.082e+05 3 inti1217   2.263e-01 3.621e+00  9.119e+04
5.586675e-02   1.124e+05 1 inti1217   1.124e+05 3 inti1217   2.270e-01 3.632e+00  9.476e+04
5.829715e-02   1.132e+05 0 inti1217   1.133e+05 3 inti1217   2.214e-01 3.543e+00  9.549e+04
6.104936e-02   1.770e+05 0 inti1217   1.771e+05 3 inti1217   3.330e-01 5.327e+00  9.928e+04
6.360256e-02   1.176e+05 0 inti1217   1.176e+05 1 inti1217   2.142e-01 3.426e+00  9.930e+04
6.591676e-02   1.192e+05 0 inti1217   1.192e+05 1 inti1217   2.113e-01 3.380e+00  1.009e+05
6.835320e-02   1.224e+05 0 inti1217   1.225e+05 3 inti1217   2.113e-01 3.381e+00  1.036e+05
7.069126e-02   2.099e+05 0 inti1217   2.100e+05 3 inti1217   3.530e-01 5.648e+00  1.120e+05
7.307043e-02   1.294e+05 0 inti1217   1.295e+05 3 inti1217   2.129e-01 3.407e+00  1.097e+05
7.559832e-02   1.310e+05 0 inti1217   1.311e+05 3 inti1217   2.108e-01 3.373e+00  1.116e+05
7.792211e-02   1.336e+05 0 inti1217   1.337e+05 3 inti1217   2.112e-01 3.379e+00  1.137e+05
8.035584e-02   2.045e+05 0 inti1217   2.045e+05 3 inti1217   3.168e-01 5.069e+00  1.180e+05
8.268136e-02   1.385e+05 0 inti1217   1.385e+05 3 inti1217   2.111e-01 3.378e+00  1.178e+05
8.499970e-02   1.418e+05 1 inti1217   1.419e+05 2 inti1217   2.129e-01 3.407e+00  1.213e+05
8.735787e-02   1.469e+05 0 inti1217   1.470e+05 2 inti1217   2.172e-01 3.475e+00  1.264e+05
8.982464e-02   2.175e+05 0 inti1217   2.176e+05 2 inti1217   3.162e-01 5.059e+00  1.267e+05
9.217060e-02   1.475e+05 0 inti1217   1.476e+05 2 inti1217   2.116e-01 3.385e+00  1.263e+05
9.498032e-02   1.520e+05 1 inti1217   1.521e+05 2 inti1217   2.146e-01 3.433e+00  1.303e+05
9.786011e-02   1.515e+05 1 inti1217   1.516e+05 2 inti1217   2.105e-01 3.369e+00  1.298e+05
1.009086e-01   2.378e+05 1 inti1217   2.379e+05 2 inti1217   3.245e-01 5.193e+00  1.380e+05
1.039927e-01   1.586e+05 0 inti1217   1.587e+05 2 inti1217   2.131e-01 3.409e+00  1.356e+05
1.070184e-01   1.608e+05 1 inti1217   1.609e+05 2 inti1217   2.127e-01 3.404e+00  1.381e+05
1.099320e-01   1.646e+05 1 inti1217   1.647e+05 2 inti1217   2.145e-01 3.432e+00  1.414e+05
1.128824e-01   2.445e+05 0 inti1217   2.446e+05 2 inti1217   3.133e-01 5.013e+00  1.468e+05
1.158572e-01   1.691e+05 0 inti1217   1.693e+05 2 inti1217   2.135e-01 3.416e+00  1.454e+05
1.188636e-01   1.722e+05 0 inti1217   1.723e+05 2 inti1217   2.139e-01 3.422e+00  1.483e+05
1.218117e-01   1.755e+05 0 inti1217   1.756e+05 2 inti1217   2.144e-01 3.431e+00  1.509e+05
1.247712e-01   2.716e+05 1 inti1217   2.718e+05 2 inti1217   3.261e-01 5.217e+00  1.598e+05
1.276625e-01   1.824e+05 0 inti1217   1.825e+05 2 inti1217   2.155e-01 3.447e+00  1.577e+05
1.305276e-01   1.840e+05 0 inti1217   1.841e+05 2 inti1217   2.139e-01 3.423e+00  1.597e+05
1.333624e-01   1.870e+05 0 inti1217   1.871e+05 2 inti1217   2.142e-01 3.428e+00  1.624e+05
1.361531e-01   2.603e+05 0 inti1217   2.604e+05 2 inti1217   2.939e-01 4.702e+00  1.664e+05
1.388955e-01   1.908e+05 0 inti1217   1.911e+05 2 inti1217   2.127e-01 3.403e+00  1.660e+05
1.415989e-01   1.912e+05 0 inti1217   1.913e+05 2 inti1217   2.101e-01 3.362e+00  1.663e+05
1.442918e-01   1.939e+05 0 inti1217   1.941e+05 2 inti1217   2.104e-01 3.366e+00  1.684e+05
1.470216e-01   2.885e+05 0 inti1217   2.886e+05 2 inti1217   3.088e-01 4.941e+00  1.748e+05
1.497825e-01   1.997e+05 0 inti1217   2.000e+05 2 inti1217   2.115e-01 3.384e+00  1.737e+05
1.525890e-01   2.024e+05 0 inti1217   2.025e+05 2 inti1217   2.120e-01 3.392e+00  1.765e+05
1.554667e-01   2.044e+05 0 inti1217   2.046e+05 2 inti1217   2.122e-01 3.395e+00  1.781e+05
1.584017e-01   3.152e+05 0 inti1217   3.154e+05 2 inti1217   3.240e-01 5.183e+00  1.886e+05
1.613804e-01   2.129e+05 0 inti1217   2.130e+05 2 inti1217   2.171e-01 3.474e+00  1.854e+05
1.644243e-01   2.144e+05 0 inti1217   2.145e+05 2 inti1217   2.171e-01 3.473e+00  1.872e+05
1.675414e-01   2.128e+05 0 inti1217   2.130e+05 2 inti1217   2.141e-01 3.425e+00  1.856e+05
1.707122e-01   2.891e+05 0 inti1217   2.892e+05 2 inti1217   2.889e-01 4.622e+00  1.882e+05
1.739153e-01   2.143e+05 0 inti1217   2.145e+05 2 inti1217   2.134e-01 3.415e+00  1.872e+05
1.768991e-01   2.159e+05 0 inti1217   2.160e+05 2 inti1217   2.142e-01 3.428e+00  1.887e+05
1.800895e-01   2.133e+05 0 inti1217   2.135e+05 2 inti1217   2.109e-01 3.375e+00  1.861e+05
1.829131e-01   3.079e+05 0 inti1217   3.081e+05 2 inti1217   3.033e-01 4.853e+00  1.902e+05
1.858786e-01   2.155e+05 0 inti1217   2.157e+05 2 inti1217   2.115e-01 3.385e+00  1.883e+05
1.888762e-01   2.168e+05 0 inti1217   2.170e+05 2 inti1217   2.120e-01 3.392e+00  1.896e+05
1.918923e-01   2.181e+05 0 inti1217   2.279e+05 1 inti1217   2.220e-01 3.552e+00  1.906e+05
1.947986e-01   3.126e+05 0 inti1217   3.127e+05 2 inti1217   3.038e-01 4.860e+00  1.962e+05
1.977432e-01   2.231e+05 0 inti1217   2.232e+05 2 inti1217   2.162e-01 3.459e+00  1.946e+05
