# 1  : Date
# 2  : Temps elapsed min (mus)
# 3  : Rang temps elapsed min
# 4  : Noeud temps elapsed min
# 5  : Temps elapsed max (mus)
# 6  : Rang temps elapsed max
# 7  : Noeud temps elapsed max
# 8  : Grind time (mus/maille/cycle)
# 9  : Grind time équivalent séquentiel (#8 X nb_de_coeurs)
#     1     2     3     4      5      6      7       8      9
#   ATTENTION  les temps cpu schémas sont données dans l'ordre alphabétique des schémas WARNING
#  10: TELAPS Hydro (mus)
9.052984e-04   4.167e+04 0 inti1230   4.186e+04 3 inti1230   2.975e-01 4.760e+00  3.296e+04
2.378803e-03   4.438e+04 0 inti1230   4.456e+04 3 inti1230   3.052e-01 4.883e+00  3.535e+04
3.848813e-03   4.558e+04 0 inti1230   4.566e+04 3 inti1230   3.003e-01 4.804e+00  3.633e+04
5.620251e-03   5.350e+04 0 inti1230   5.367e+04 3 inti1230   3.355e-01 5.368e+00  4.413e+04
7.703255e-03   5.306e+04 0 inti1230   5.329e+04 3 inti1230   3.129e-01 5.007e+00  4.323e+04
1.010018e-02   5.264e+04 1 inti1230   5.274e+04 2 inti1230   2.882e-01 4.612e+00  4.282e+04
1.275274e-02   5.597e+04 0 inti1230   5.609e+04 2 inti1230   2.832e-01 4.531e+00  4.556e+04
1.511475e-02   5.873e+04 1 inti1230   5.886e+04 3 inti1230   2.767e-01 4.428e+00  4.795e+04
1.677205e-02   6.278e+04 0 inti1230   6.287e+04 3 inti1230   2.820e-01 4.512e+00  5.117e+04
1.832782e-02   6.417e+04 0 inti1230   6.428e+04 3 inti1230   2.765e-01 4.425e+00  5.254e+04
1.991468e-02   6.573e+04 0 inti1230   6.584e+04 3 inti1230   2.721e-01 4.353e+00  5.385e+04
2.155812e-02   6.601e+04 0 inti1230   6.620e+04 3 inti1230   2.625e-01 4.200e+00  5.406e+04
2.321950e-02   6.816e+04 0 inti1230   6.825e+04 3 inti1230   2.602e-01 4.163e+00  5.604e+04
2.496363e-02   6.938e+04 0 inti1230   6.960e+04 3 inti1230   2.552e-01 4.083e+00  5.704e+04
2.675191e-02   7.244e+04 0 inti1230   7.255e+04 3 inti1230   2.561e-01 4.097e+00  5.976e+04
2.845036e-02   7.286e+04 0 inti1230   7.297e+04 3 inti1230   2.486e-01 3.978e+00  6.027e+04
3.026641e-02   7.544e+04 0 inti1230   7.554e+04 3 inti1230   2.479e-01 3.966e+00  6.228e+04
3.210140e-02   7.692e+04 0 inti1230   7.702e+04 3 inti1230   2.432e-01 3.891e+00  6.383e+04
3.394902e-02   7.924e+04 0 inti1230   7.943e+04 3 inti1230   2.412e-01 3.859e+00  6.581e+04
3.580563e-02   8.148e+04 0 inti1230   8.158e+04 3 inti1230   2.385e-01 3.817e+00  6.772e+04
3.764156e-02   8.551e+04 0 inti1230   8.570e+04 2 inti1230   2.410e-01 3.856e+00  7.108e+04
3.941690e-02   8.726e+04 0 inti1230   8.737e+04 3 inti1230   2.369e-01 3.790e+00  7.276e+04
4.121730e-02   8.951e+04 0 inti1230   8.960e+04 2 inti1230   2.341e-01 3.745e+00  7.495e+04
4.304470e-02   9.239e+04 0 inti1230   9.257e+04 2 inti1230   2.329e-01 3.727e+00  7.756e+04
4.489660e-02   9.376e+04 0 inti1230   9.384e+04 3 inti1230   2.275e-01 3.640e+00  7.878e+04
4.667074e-02   9.691e+04 0 inti1230   9.708e+04 3 inti1230   2.271e-01 3.633e+00  8.174e+04
4.847166e-02   1.002e+05 0 inti1230   1.004e+05 3 inti1230   2.265e-01 3.625e+00  8.469e+04
5.025492e-02   9.967e+04 0 inti1230   9.976e+04 1 inti1230   2.173e-01 3.476e+00  8.344e+04
5.200482e-02   1.016e+05 0 inti1230   1.016e+05 1 inti1230   2.142e-01 3.427e+00  8.538e+04
5.374113e-02   1.045e+05 0 inti1230   1.046e+05 1 inti1230   2.133e-01 3.412e+00  8.779e+04
5.550736e-02   1.090e+05 0 inti1230   1.092e+05 1 inti1230   2.156e-01 3.449e+00  9.197e+04
5.753912e-02   1.118e+05 0 inti1230   1.119e+05 1 inti1230   2.132e-01 3.411e+00  9.439e+04
5.934251e-02   1.158e+05 0 inti1230   1.158e+05 1 inti1230   2.141e-01 3.425e+00  9.801e+04
6.122057e-02   1.178e+05 0 inti1230   1.179e+05 1 inti1230   2.117e-01 3.387e+00  9.970e+04
6.301833e-02   1.213e+05 0 inti1230   1.214e+05 1 inti1230   2.122e-01 3.395e+00  1.028e+05
6.461893e-02   1.234e+05 0 inti1230   1.236e+05 2 inti1230   2.110e-01 3.377e+00  1.049e+05
6.632267e-02   1.259e+05 0 inti1230   1.260e+05 1 inti1230   2.106e-01 3.370e+00  1.071e+05
6.811887e-02   1.291e+05 0 inti1230   1.293e+05 2 inti1230   2.116e-01 3.386e+00  1.099e+05
7.007152e-02   1.323e+05 0 inti1230   1.324e+05 2 inti1230   2.123e-01 3.397e+00  1.129e+05
7.208441e-02   1.344e+05 0 inti1230   1.346e+05 2 inti1230   2.116e-01 3.385e+00  1.149e+05
7.393964e-02   1.375e+05 0 inti1230   1.376e+05 2 inti1230   2.123e-01 3.396e+00  1.178e+05
7.552446e-02   1.389e+05 0 inti1230   1.389e+05 2 inti1230   2.112e-01 3.379e+00  1.190e+05
7.741185e-02   1.416e+05 0 inti1230   1.418e+05 2 inti1230   2.121e-01 3.394e+00  1.211e+05
7.933033e-02   1.448e+05 0 inti1230   1.449e+05 2 inti1230   2.131e-01 3.410e+00  1.244e+05
8.129380e-02   1.413e+05 0 inti1230   1.414e+05 2 inti1230   2.047e-01 3.276e+00  1.209e+05
8.348483e-02   1.469e+05 0 inti1230   1.471e+05 2 inti1230   2.090e-01 3.345e+00  1.262e+05
8.521217e-02   1.461e+05 0 inti1230   1.463e+05 2 inti1230   2.048e-01 3.276e+00  1.253e+05
8.698567e-02   1.501e+05 0 inti1230   1.502e+05 2 inti1230   2.073e-01 3.317e+00  1.292e+05
8.887618e-02   1.508e+05 0 inti1230   1.509e+05 2 inti1230   2.054e-01 3.286e+00  1.297e+05
9.097569e-02   1.517e+05 0 inti1230   1.518e+05 2 inti1230   2.033e-01 3.254e+00  1.303e+05
9.317707e-02   1.552e+05 0 inti1230   1.553e+05 2 inti1230   2.048e-01 3.278e+00  1.338e+05
9.496614e-02   1.588e+05 0 inti1230   1.589e+05 2 inti1230   2.069e-01 3.310e+00  1.366e+05
9.666753e-02   1.609e+05 0 inti1230   1.611e+05 2 inti1230   2.076e-01 3.321e+00  1.389e+05
9.844017e-02   1.620e+05 0 inti1230   1.622e+05 2 inti1230   2.069e-01 3.310e+00  1.394e+05
1.002203e-01   1.638e+05 0 inti1230   1.639e+05 2 inti1230   2.068e-01 3.309e+00  1.409e+05
1.020452e-01   1.659e+05 0 inti1230   1.660e+05 2 inti1230   2.071e-01 3.314e+00  1.421e+05
1.038709e-01   1.692e+05 0 inti1230   1.693e+05 2 inti1230   2.092e-01 3.347e+00  1.446e+05
1.057234e-01   1.685e+05 0 inti1230   1.687e+05 1 inti1230   2.063e-01 3.302e+00  1.451e+05
1.075608e-01   1.699e+05 0 inti1230   1.700e+05 1 inti1230   2.061e-01 3.297e+00  1.466e+05
1.093892e-01   1.718e+05 0 inti1230   1.719e+05 2 inti1230   2.065e-01 3.305e+00  1.481e+05
1.112152e-01   1.741e+05 0 inti1230   1.742e+05 2 inti1230   2.076e-01 3.322e+00  1.506e+05
1.131183e-01   1.763e+05 0 inti1230   1.765e+05 2 inti1230   2.085e-01 3.336e+00  1.523e+05
1.149748e-01   1.784e+05 0 inti1230   1.785e+05 2 inti1230   2.090e-01 3.344e+00  1.545e+05
1.171830e-01   1.770e+05 0 inti1230   1.772e+05 2 inti1230   2.053e-01 3.285e+00  1.534e+05
1.196519e-01   1.783e+05 0 inti1230   1.784e+05 2 inti1230   2.044e-01 3.270e+00  1.547e+05
1.221653e-01   1.815e+05 0 inti1230   1.816e+05 2 inti1230   2.056e-01 3.289e+00  1.578e+05
1.239510e-01   1.821e+05 0 inti1230   1.822e+05 2 inti1230   2.046e-01 3.274e+00  1.581e+05
1.257303e-01   1.835e+05 0 inti1230   1.836e+05 2 inti1230   2.045e-01 3.271e+00  1.592e+05
1.275060e-01   1.847e+05 0 inti1230   1.849e+05 2 inti1230   2.042e-01 3.268e+00  1.606e+05
1.292964e-01   1.869e+05 0 inti1230   1.870e+05 2 inti1230   2.048e-01 3.277e+00  1.627e+05
1.311765e-01   1.884e+05 0 inti1230   1.886e+05 2 inti1230   2.050e-01 3.280e+00  1.641e+05
1.335194e-01   1.906e+05 3 inti1230   1.907e+05 2 inti1230   2.052e-01 3.283e+00  1.661e+05
1.355184e-01   1.932e+05 0 inti1230   1.934e+05 2 inti1230   2.064e-01 3.302e+00  1.686e+05
1.373801e-01   1.948e+05 0 inti1230   1.950e+05 2 inti1230   2.064e-01 3.303e+00  1.701e+05
1.392407e-01   1.977e+05 0 inti1230   1.979e+05 2 inti1230   2.080e-01 3.328e+00  1.725e+05
1.411505e-01   1.986e+05 0 inti1230   1.987e+05 2 inti1230   2.074e-01 3.319e+00  1.734e+05
1.429905e-01   2.007e+05 0 inti1230   2.009e+05 2 inti1230   2.086e-01 3.337e+00  1.742e+05
1.448054e-01   2.007e+05 0 inti1230   2.009e+05 2 inti1230   2.075e-01 3.320e+00  1.756e+05
1.466457e-01   2.043e+05 0 inti1230   2.044e+05 2 inti1230   2.102e-01 3.363e+00  1.765e+05
1.485688e-01   2.031e+05 0 inti1230   2.032e+05 2 inti1230   2.079e-01 3.326e+00  1.777e+05
1.503487e-01   2.047e+05 0 inti1230   2.049e+05 2 inti1230   2.087e-01 3.340e+00  1.793e+05
1.521401e-01   2.083e+05 0 inti1230   2.085e+05 2 inti1230   2.114e-01 3.383e+00  1.821e+05
1.539596e-01   2.059e+05 0 inti1230   2.060e+05 2 inti1230   2.081e-01 3.330e+00  1.801e+05
1.558195e-01   2.071e+05 0 inti1230   2.072e+05 2 inti1230   2.085e-01 3.336e+00  1.815e+05
1.578237e-01   2.072e+05 0 inti1230   2.073e+05 2 inti1230   2.078e-01 3.326e+00  1.814e+05
1.597626e-01   2.069e+05 0 inti1230   2.070e+05 2 inti1230   2.067e-01 3.308e+00  1.810e+05
1.616597e-01   2.099e+05 0 inti1230   2.100e+05 2 inti1230   2.090e-01 3.343e+00  1.840e+05
1.637953e-01   2.102e+05 1 inti1230   2.103e+05 2 inti1230   2.084e-01 3.335e+00  1.841e+05
1.661114e-01   2.116e+05 0 inti1230   2.117e+05 2 inti1230   2.089e-01 3.343e+00  1.854e+05
1.683082e-01   2.108e+05 0 inti1230   2.110e+05 2 inti1230   2.076e-01 3.321e+00  1.847e+05
1.709446e-01   2.114e+05 1 inti1230   2.115e+05 2 inti1230   2.077e-01 3.323e+00  1.855e+05
1.736539e-01   2.120e+05 0 inti1230   2.121e+05 2 inti1230   2.079e-01 3.327e+00  1.861e+05
1.763704e-01   2.132e+05 0 inti1230   2.133e+05 2 inti1230   2.086e-01 3.338e+00  1.870e+05
1.791189e-01   2.136e+05 0 inti1230   2.137e+05 2 inti1230   2.087e-01 3.339e+00  1.874e+05
1.818464e-01   2.121e+05 0 inti1230   2.121e+05 2 inti1230   2.070e-01 3.312e+00  1.855e+05
1.845682e-01   2.121e+05 0 inti1230   2.121e+05 2 inti1230   2.071e-01 3.313e+00  1.858e+05
1.868351e-01   2.146e+05 0 inti1230   2.146e+05 2 inti1230   2.094e-01 3.350e+00  1.877e+05
1.889136e-01   2.124e+05 0 inti1230   2.126e+05 2 inti1230   2.072e-01 3.316e+00  1.861e+05
1.911165e-01   2.120e+05 0 inti1230   2.121e+05 2 inti1230   2.065e-01 3.303e+00  1.854e+05
1.935634e-01   2.125e+05 3 inti1230   2.126e+05 2 inti1230   2.063e-01 3.301e+00  1.858e+05
1.962793e-01   2.137e+05 0 inti1230   2.138e+05 2 inti1230   2.068e-01 3.308e+00  1.866e+05
1.990231e-01   2.161e+05 0 inti1230   2.162e+05 2 inti1230   2.084e-01 3.335e+00  1.881e+05
