#   1 : Date        
# Date        
0.000000e+00
1.807392e-05
2.605982e-05
3.275375e-05
3.847721e-05
4.366551e-05
4.937264e-05
5.537194e-05
6.075061e-05
6.666714e-05
7.317533e-05
8.033434e-05
8.738982e-05
9.515085e-05
1.036287e-04
1.128402e-04
1.216251e-04
1.300725e-04
1.393646e-04
1.495860e-04
1.598865e-04
1.699729e-04
1.810680e-04
1.926144e-04
2.039202e-04
2.153695e-04
2.279638e-04
2.403998e-04
2.528813e-04
2.656803e-04
2.789503e-04
2.922722e-04
3.058036e-04
3.201145e-04
3.345051e-04
3.489235e-04
3.641655e-04
3.794854e-04
3.952112e-04
4.113380e-04
4.277275e-04
4.445280e-04
4.616190e-04
4.789992e-04
4.969026e-04
5.149720e-04
5.333793e-04
5.520110e-04
5.709886e-04
5.901612e-04
6.097372e-04
6.295072e-04
6.495849e-04
6.699591e-04
6.905399e-04
7.113905e-04
7.324395e-04
7.537011e-04
7.751593e-04
7.969039e-04
8.188130e-04
8.409141e-04
8.631778e-04
8.857779e-04
9.085341e-04
9.314960e-04
9.546479e-04
9.780251e-04
1.001539e-03
1.025316e-03
1.049277e-03
1.073450e-03
1.097790e-03
1.122368e-03
1.147122e-03
1.172093e-03
1.197253e-03
1.222598e-03
1.248063e-03
1.273781e-03
1.299632e-03
1.325696e-03
1.351918e-03
1.378488e-03
1.405189e-03
1.432106e-03
1.459188e-03
1.486508e-03
1.514047e-03
1.541785e-03
1.569649e-03
1.597725e-03
1.626005e-03
1.654553e-03
1.683271e-03
1.712193e-03
1.741294e-03
1.770656e-03
1.800210e-03
1.829984e-03
1.859961e-03
1.890224e-03
1.920635e-03
1.951250e-03
1.982052e-03
2.013110e-03
2.044377e-03
2.075868e-03
2.107486e-03
2.139460e-03
2.171589e-03
2.203935e-03
2.236481e-03
2.269328e-03
2.302345e-03
2.335580e-03
2.369040e-03
2.402743e-03
2.436658e-03
2.470795e-03
2.505082e-03
2.539630e-03
2.574451e-03
2.609287e-03
2.644411e-03
2.679677e-03
2.715057e-03
2.750556e-03
2.786173e-03
2.821793e-03
2.857450e-03
2.893125e-03
2.928895e-03
2.964658e-03
3.000438e-03
3.036216e-03
3.072023e-03
3.107899e-03
3.143780e-03
3.179648e-03
3.215535e-03
3.251439e-03
3.287395e-03
3.323357e-03
3.359318e-03
3.395281e-03
3.431274e-03
3.467270e-03
3.499045e-03
3.528836e-03
3.558848e-03
3.591862e-03
3.624120e-03
3.656439e-03
3.687957e-03
3.719539e-03
3.748802e-03
3.778049e-03
3.803868e-03
3.828145e-03
3.854849e-03
3.880448e-03
3.905212e-03
3.932453e-03
3.958263e-03
3.984858e-03
4.013250e-03
4.042656e-03
4.072592e-03
4.102334e-03
4.132786e-03
4.163127e-03
4.193003e-03
4.222641e-03
4.252105e-03
4.281656e-03
4.311374e-03
4.341037e-03
4.370811e-03
4.400646e-03
4.430564e-03
4.460449e-03
4.490266e-03
4.520130e-03
4.550049e-03
4.579872e-03
4.609779e-03
4.639781e-03
4.669672e-03
4.699511e-03
4.728664e-03
4.757842e-03
4.786496e-03
4.815217e-03
4.843616e-03
4.872054e-03
4.900429e-03
4.928841e-03
4.957400e-03
4.986057e-03
5.014563e-03
5.042927e-03
5.071096e-03
5.099046e-03
5.126893e-03
5.154632e-03
5.182192e-03
5.209712e-03
5.237171e-03
5.264526e-03
5.291814e-03
5.319025e-03
5.346200e-03
5.373286e-03
5.400291e-03
5.427286e-03
5.454233e-03
5.481134e-03
5.507997e-03
5.534858e-03
5.561677e-03
5.588440e-03
5.615162e-03
5.641880e-03
5.668554e-03
5.695204e-03
5.721832e-03
5.748471e-03
5.775083e-03
5.801684e-03
5.828264e-03
5.854826e-03
5.881353e-03
5.907872e-03
5.934369e-03
5.960835e-03
5.987276e-03
6.013684e-03
6.040067e-03
6.066436e-03
6.092744e-03
6.119028e-03
6.145270e-03
6.171487e-03
6.197692e-03
6.223884e-03
6.250060e-03
6.276239e-03
6.302370e-03
6.328471e-03
6.354558e-03
6.380616e-03
6.406665e-03
6.432714e-03
6.458753e-03
6.484795e-03
6.510778e-03
6.536736e-03
6.562651e-03
6.588547e-03
6.614434e-03
6.640302e-03
6.666174e-03
6.692013e-03
6.717845e-03
6.743644e-03
6.769431e-03
6.795232e-03
6.821013e-03
6.846810e-03
6.872618e-03
6.898435e-03
6.924280e-03
6.950145e-03
6.976025e-03
7.001936e-03
7.027847e-03
7.053783e-03
7.079748e-03
7.105734e-03
7.131761e-03
7.157817e-03
7.183912e-03
7.210058e-03
7.236239e-03
7.262480e-03
7.288764e-03
7.315107e-03
7.341508e-03
7.367966e-03
7.394493e-03
7.421078e-03
7.447726e-03
7.474440e-03
7.501208e-03
7.528040e-03
7.554753e-03
7.581385e-03
7.607986e-03
7.634560e-03
7.661116e-03
7.687715e-03
7.714369e-03
7.741105e-03
7.767900e-03
7.794800e-03
7.821800e-03
7.848908e-03
7.876121e-03
7.903462e-03
7.930923e-03
7.958511e-03
7.986220e-03
8.014060e-03
8.042029e-03
8.070133e-03
8.098372e-03
8.126752e-03
8.155272e-03
8.183892e-03
8.212410e-03
8.240785e-03
8.269021e-03
8.297102e-03
8.325039e-03
8.352829e-03
8.380466e-03
8.407962e-03
8.435299e-03
8.462485e-03
8.489523e-03
8.516405e-03
8.543144e-03
8.569725e-03
8.596131e-03
8.622358e-03
8.648433e-03
8.674344e-03
8.700117e-03
8.725751e-03
8.751262e-03
8.776662e-03
8.801955e-03
8.827146e-03
8.852253e-03
8.877272e-03
8.902241e-03
8.927170e-03
8.952087e-03
8.976989e-03
9.001899e-03
9.026834e-03
9.051782e-03
9.076764e-03
9.101785e-03
9.126841e-03
9.151924e-03
9.177045e-03
9.202212e-03
9.227447e-03
9.252744e-03
9.278108e-03
9.303549e-03
9.329083e-03
9.354718e-03
9.380462e-03
9.406309e-03
9.432220e-03
9.458164e-03
9.484147e-03
9.510176e-03
9.536237e-03
9.562333e-03
9.588464e-03
9.614640e-03
9.640861e-03
9.667133e-03
9.693457e-03
9.719839e-03
9.746280e-03
9.772785e-03
9.799354e-03
9.825989e-03
9.852672e-03
9.879409e-03
9.906199e-03
9.933050e-03
9.959960e-03
9.986937e-03
1.001398e-02
1.004110e-02
1.006828e-02
1.009555e-02
1.012286e-02
1.015025e-02
1.017769e-02
1.020522e-02
1.023281e-02
1.026049e-02
1.028826e-02
1.031612e-02
1.034407e-02
1.037212e-02
1.040025e-02
1.042845e-02
1.045668e-02
1.048492e-02
1.051319e-02
1.054150e-02
1.056983e-02
1.059818e-02
1.062658e-02
1.065503e-02
1.068351e-02
1.071204e-02
1.074063e-02
1.076928e-02
1.079799e-02
1.082678e-02
1.085565e-02
1.088460e-02
1.091365e-02
1.094279e-02
1.097204e-02
1.100142e-02
1.103091e-02
1.106052e-02
1.109028e-02
1.112020e-02
1.115026e-02
1.118046e-02
1.121083e-02
1.124139e-02
1.127214e-02
1.130305e-02
1.133415e-02
1.136544e-02
1.139697e-02
1.142871e-02
1.146064e-02
1.149278e-02
1.152515e-02
1.155776e-02
1.159064e-02
1.162376e-02
1.165710e-02
1.169067e-02
1.172451e-02
1.175861e-02
1.179300e-02
1.182768e-02
1.186260e-02
1.189778e-02
1.193322e-02
1.196894e-02
1.200496e-02
1.204128e-02
1.207790e-02
1.211477e-02
1.215190e-02
1.218931e-02
1.222700e-02
1.226499e-02
1.230327e-02
1.234185e-02
1.238073e-02
1.241985e-02
1.245924e-02
1.249887e-02
1.253876e-02
1.257891e-02
1.261932e-02
1.265998e-02
1.270089e-02
1.274206e-02
1.278342e-02
1.282491e-02
1.286642e-02
1.290794e-02
1.294943e-02
1.299089e-02
1.303230e-02
1.307364e-02
1.311491e-02
1.315610e-02
1.319720e-02
1.323822e-02
1.327915e-02
1.331999e-02
1.336075e-02
1.340143e-02
1.344201e-02
1.348252e-02
1.352294e-02
1.356330e-02
1.360356e-02
1.364375e-02
1.368385e-02
1.372388e-02
1.376383e-02
1.380371e-02
1.384351e-02
1.388324e-02
1.392290e-02
1.396250e-02
1.400203e-02
1.404149e-02
1.408089e-02
1.412024e-02
1.415953e-02
1.419875e-02
1.423791e-02
1.427702e-02
1.431607e-02
1.435507e-02
1.439401e-02
1.443290e-02
1.447176e-02
1.451058e-02
1.454936e-02
1.458813e-02
1.462686e-02
1.466557e-02
1.470425e-02
1.474291e-02
1.478154e-02
1.482015e-02
1.485873e-02
1.489728e-02
1.493582e-02
1.497435e-02
1.501286e-02
1.505136e-02
1.508985e-02
1.512833e-02
1.516681e-02
1.520529e-02
1.524375e-02
1.528221e-02
1.532067e-02
1.535913e-02
1.539759e-02
1.543605e-02
1.547452e-02
1.551300e-02
1.555149e-02
1.558999e-02
1.562849e-02
1.566700e-02
1.570552e-02
1.574405e-02
1.578259e-02
1.582115e-02
1.585972e-02
1.589832e-02
1.593692e-02
1.597555e-02
1.601419e-02
1.605286e-02
1.609155e-02
1.613026e-02
1.616900e-02
1.620777e-02
1.624657e-02
1.628541e-02
1.632428e-02
1.636319e-02
1.640213e-02
1.644112e-02
1.648014e-02
1.651920e-02
1.655830e-02
1.659746e-02
1.663665e-02
1.667590e-02
1.671521e-02
1.675457e-02
1.679397e-02
1.683344e-02
1.687295e-02
1.691252e-02
1.695215e-02
1.699184e-02
1.703159e-02
1.707141e-02
1.711129e-02
1.715124e-02
1.719124e-02
1.723132e-02
1.727145e-02
1.731165e-02
1.735192e-02
1.739227e-02
1.743268e-02
1.747316e-02
1.751372e-02
1.755435e-02
1.759504e-02
1.763581e-02
1.767664e-02
1.771755e-02
1.775852e-02
1.779956e-02
1.784066e-02
1.788183e-02
1.792307e-02
1.796438e-02
1.800576e-02
1.804721e-02
1.808873e-02
1.813032e-02
1.817199e-02
1.821372e-02
1.825551e-02
1.829737e-02
1.833930e-02
1.838129e-02
1.842335e-02
1.846547e-02
1.850766e-02
1.854992e-02
1.859225e-02
1.863464e-02
1.867710e-02
1.871962e-02
1.876221e-02
1.880485e-02
1.884755e-02
1.889031e-02
1.893313e-02
1.897600e-02
1.901894e-02
1.906193e-02
1.910498e-02
1.914809e-02
1.919126e-02
1.923448e-02
1.927776e-02
1.932109e-02
1.936447e-02
1.940790e-02
1.945138e-02
1.949490e-02
1.953848e-02
1.958210e-02
1.962576e-02
1.966948e-02
1.971324e-02
1.975705e-02
1.980090e-02
1.984480e-02
1.988875e-02
1.993274e-02
1.997678e-02
2.002085e-02
2.006497e-02
2.010912e-02
2.015332e-02
2.019755e-02
2.024183e-02
2.028615e-02
2.033051e-02
2.037491e-02
2.041936e-02
2.046385e-02
2.050838e-02
2.055297e-02
2.059759e-02
2.064226e-02
2.068697e-02
2.073172e-02
2.077651e-02
2.082134e-02
2.086622e-02
2.091114e-02
2.095611e-02
2.100113e-02
2.104619e-02
2.109131e-02
2.113647e-02
2.118168e-02
2.122695e-02
2.127226e-02
2.131762e-02
2.136303e-02
2.140848e-02
2.145399e-02
2.149954e-02
2.154515e-02
2.159081e-02
2.163653e-02
2.168230e-02
2.172813e-02
2.177402e-02
2.181996e-02
2.186597e-02
2.191203e-02
2.195815e-02
2.200432e-02
2.205054e-02
2.209683e-02
2.214316e-02
2.218956e-02
2.223601e-02
2.228253e-02
2.232910e-02
2.237573e-02
2.242242e-02
2.246918e-02
2.251600e-02
2.256288e-02
2.260982e-02
2.265683e-02
2.270390e-02
2.275103e-02
2.279821e-02
2.284546e-02
2.289276e-02
2.294013e-02
2.298755e-02
2.303504e-02
2.308259e-02
2.313020e-02
2.317788e-02
2.322562e-02
2.327341e-02
2.332128e-02
2.336920e-02
2.341719e-02
2.346524e-02
2.351335e-02
2.356152e-02
2.360975e-02
2.365803e-02
2.370637e-02
2.375475e-02
2.380319e-02
2.385167e-02
2.390020e-02
2.394878e-02
2.399740e-02
2.404607e-02
2.409478e-02
2.414352e-02
2.419231e-02
2.424114e-02
2.429000e-02
2.433889e-02
2.438782e-02
2.443678e-02
2.448577e-02
2.453480e-02
2.458388e-02
2.463299e-02
2.468214e-02
2.473134e-02
2.478057e-02
2.482943e-02
2.487711e-02
2.492425e-02
2.497058e-02
2.501680e-02
2.506246e-02
2.510818e-02
2.515374e-02
2.519952e-02
2.524555e-02
2.529172e-02
2.533829e-02
2.538490e-02
2.543172e-02
2.547867e-02
2.552555e-02
2.557271e-02
2.561974e-02
2.566690e-02
2.571408e-02
2.576125e-02
2.580838e-02
2.585544e-02
2.590249e-02
2.594951e-02
2.599653e-02
2.604346e-02
2.609021e-02
2.613701e-02
2.618376e-02
2.623035e-02
2.627648e-02
2.632278e-02
2.636914e-02
2.641540e-02
2.646157e-02
2.650768e-02
2.655400e-02
2.660058e-02
2.664743e-02
2.669433e-02
2.674158e-02
2.678925e-02
2.683716e-02
2.688536e-02
2.693349e-02
2.698185e-02
2.703017e-02
2.707863e-02
2.712707e-02
2.717510e-02
2.722322e-02
2.727127e-02
2.731913e-02
2.736691e-02
2.741409e-02
2.746137e-02
2.750841e-02
2.754214e-02
2.757634e-02
2.760839e-02
2.764285e-02
2.767499e-02
2.770971e-02
2.774195e-02
2.777694e-02
2.780928e-02
2.784454e-02
2.787699e-02
2.791253e-02
2.794511e-02
2.798093e-02
2.801363e-02
2.804961e-02
2.808244e-02
2.811855e-02
2.815151e-02
2.818777e-02
2.822087e-02
2.825727e-02
2.829051e-02
2.832367e-02
2.835715e-02
2.839099e-02
2.842512e-02
2.845992e-02
2.849820e-02
2.854031e-02
2.857629e-02
2.861587e-02
2.865941e-02
2.870701e-02
2.875475e-02
2.880255e-02
2.885053e-02
2.889862e-02
2.894684e-02
2.899515e-02
2.904340e-02
2.909162e-02
2.913969e-02
2.918783e-02
2.923575e-02
2.928382e-02
2.933156e-02
2.937841e-02
2.942420e-02
2.946921e-02
2.951336e-02
2.955687e-02
2.959967e-02
2.964201e-02
2.968373e-02
2.972508e-02
2.976598e-02
2.980653e-02
2.984684e-02
2.988682e-02
2.992657e-02
2.996616e-02
3.000552e-02
3.004473e-02
3.008385e-02
3.012280e-02
3.016164e-02
3.020043e-02
3.023912e-02
3.027772e-02
3.031628e-02
3.035481e-02
3.039327e-02
3.043169e-02
3.047009e-02
3.050848e-02
3.054683e-02
3.058515e-02
3.062130e-02
3.065737e-02
3.069387e-02
3.073030e-02
3.076720e-02
3.080405e-02
3.084141e-02
3.087891e-02
3.091700e-02
3.095527e-02
3.099353e-02
3.103179e-02
3.106737e-02
3.110259e-02
3.113834e-02
3.117368e-02
3.120965e-02
3.124516e-02
3.128139e-02
3.131710e-02
3.135361e-02
3.138957e-02
3.142639e-02
3.146263e-02
3.149979e-02
3.153636e-02
3.157389e-02
3.161082e-02
3.164876e-02
3.168609e-02
3.172446e-02
3.176221e-02
3.180095e-02
3.183914e-02
3.187799e-02
3.191666e-02
3.195558e-02
3.199455e-02
3.203357e-02
3.207264e-02
3.211177e-02
3.215097e-02
3.219020e-02
3.222949e-02
3.226882e-02
3.230822e-02
3.234321e-02
3.237862e-02
3.241463e-02
3.245097e-02
3.248800e-02
3.252572e-02
3.256438e-02
3.260359e-02
3.264346e-02
3.268339e-02
3.272338e-02
3.276343e-02
3.280351e-02
3.284366e-02
3.288385e-02
3.292410e-02
3.296440e-02
3.300476e-02
3.304515e-02
3.308491e-02
3.312538e-02
3.316589e-02
3.320642e-02
3.324700e-02
3.328760e-02
3.332823e-02
3.336887e-02
3.340952e-02
3.345017e-02
3.349026e-02
3.353092e-02
3.357158e-02
3.361225e-02
3.365293e-02
3.369360e-02
3.373426e-02
3.377492e-02
3.381558e-02
3.385623e-02
3.389600e-02
3.393638e-02
3.397704e-02
3.401770e-02
3.405836e-02
3.409904e-02
3.413973e-02
3.418043e-02
3.422115e-02
3.426187e-02
3.430132e-02
3.434122e-02
3.438146e-02
3.442225e-02
3.446308e-02
3.450394e-02
3.454483e-02
3.458577e-02
3.462673e-02
3.466772e-02
3.470875e-02
3.474980e-02
3.478896e-02
3.482854e-02
3.486846e-02
3.490893e-02
3.494985e-02
3.499117e-02
3.503253e-02
3.507393e-02
3.511538e-02
3.515687e-02
3.519579e-02
3.523465e-02
3.527355e-02
3.531284e-02
3.535246e-02
3.539262e-02
3.543324e-02
3.547436e-02
3.551611e-02
3.555808e-02
3.560010e-02
3.564219e-02
3.568097e-02
3.571965e-02
3.575837e-02
3.579748e-02
3.583693e-02
3.587695e-02
3.591746e-02
3.595853e-02
3.600033e-02
3.604285e-02
3.608122e-02
3.611982e-02
3.615845e-02
3.619700e-02
3.623567e-02
3.627483e-02
3.631452e-02
3.635483e-02
3.639597e-02
3.643784e-02
3.647597e-02
3.651438e-02
3.655285e-02
3.659126e-02
3.662980e-02
3.666882e-02
3.670832e-02
3.674841e-02
3.678924e-02
3.683077e-02
3.686890e-02
3.690727e-02
3.694569e-02
3.698401e-02
3.702240e-02
3.706123e-02
3.710050e-02
3.714030e-02
3.718074e-02
3.722181e-02
3.725996e-02
3.729833e-02
3.733676e-02
3.737504e-02
3.741331e-02
3.745195e-02
3.749091e-02
3.753034e-02
3.757019e-02
3.761044e-02
3.765117e-02
3.769240e-02
3.773077e-02
3.776931e-02
3.780787e-02
3.784620e-02
3.788448e-02
3.792311e-02
3.796202e-02
3.800141e-02
3.804121e-02
3.808138e-02
3.812199e-02
3.816307e-02
3.820155e-02
3.824020e-02
3.827886e-02
3.831770e-02
3.835657e-02
3.839518e-02
3.843377e-02
3.847272e-02
3.851201e-02
3.855182e-02
3.859210e-02
3.863281e-02
3.867409e-02
3.871586e-02
3.875458e-02
3.879348e-02
3.883241e-02
3.887110e-02
3.890975e-02
3.894873e-02
3.898801e-02
3.902776e-02
3.906792e-02
3.910845e-02
3.914944e-02
3.919089e-02
3.922966e-02
3.926860e-02
3.930756e-02
3.934627e-02
3.938491e-02
3.942387e-02
3.946310e-02
3.950278e-02
3.954283e-02
3.958323e-02
3.962392e-02
3.966461e-02
3.970636e-02
3.974853e-02
3.978753e-02
3.982667e-02
3.986582e-02
3.990467e-02
3.994345e-02
3.998256e-02
4.002198e-02
4.006186e-02
4.010216e-02
4.014285e-02
4.018405e-02
4.022569e-02
4.026448e-02
4.030344e-02
4.034239e-02
4.038108e-02
4.041972e-02
4.045868e-02
4.049794e-02
4.053766e-02
4.057778e-02
4.061825e-02
4.065917e-02
4.070048e-02
4.073920e-02
4.077805e-02
4.081689e-02
4.085542e-02
4.089385e-02
4.093256e-02
4.097153e-02
4.101090e-02
4.105063e-02
4.109068e-02
4.113113e-02
4.117198e-02
4.121055e-02
4.124927e-02
4.128801e-02
4.132633e-02
4.136438e-02
4.140228e-02
4.143909e-02
4.147473e-02
4.150950e-02
4.154375e-02
4.157761e-02
4.161485e-02
4.164822e-02
4.168465e-02
4.171999e-02
4.175612e-02
4.179236e-02
4.182858e-02
4.186427e-02
4.189966e-02
4.193459e-02
4.196937e-02
4.200387e-02
4.203889e-02
4.207430e-02
4.211008e-02
4.214579e-02
4.218156e-02
4.221731e-02
4.225357e-02
4.229016e-02
4.232707e-02
4.236390e-02
4.240067e-02
4.243716e-02
4.247420e-02
4.251173e-02
4.254960e-02
4.258737e-02
4.262503e-02
4.266235e-02
4.270051e-02
4.273915e-02
4.277805e-02
4.281688e-02
4.285553e-02
4.289377e-02
4.293298e-02
4.297273e-02
4.301278e-02
4.305268e-02
4.309233e-02
4.313150e-02
4.317166e-02
4.321232e-02
4.325322e-02
4.329402e-02
4.333456e-02
4.337458e-02
4.341570e-02
4.345743e-02
4.349934e-02
4.354117e-02
4.358273e-02
4.362375e-02
4.366588e-02
4.370861e-02
4.375144e-02
4.379408e-02
4.383635e-02
4.387796e-02
4.392082e-02
4.396436e-02
4.400799e-02
4.405142e-02
4.409448e-02
4.413698e-02
4.418073e-02
4.421760e-02
4.425815e-02
4.430265e-02
4.434683e-02
4.439061e-02
4.443386e-02
4.447648e-02
4.452070e-02
4.455801e-02
4.459905e-02
4.463645e-02
4.467758e-02
4.471503e-02
4.475621e-02
4.479369e-02
4.483129e-02
4.486901e-02
4.490677e-02
4.494457e-02
4.498238e-02
4.502021e-02
4.505806e-02
4.509594e-02
4.513395e-02
4.517197e-02
4.521002e-02
4.524811e-02
4.528629e-02
4.532450e-02
4.536278e-02
4.540107e-02
4.543939e-02
4.547774e-02
4.551605e-02
4.555424e-02
4.559252e-02
4.563086e-02
4.566931e-02
4.570782e-02
4.574639e-02
4.578499e-02
4.582363e-02
4.586228e-02
4.590081e-02
4.593928e-02
4.597784e-02
4.601644e-02
4.605512e-02
4.609384e-02
4.613263e-02
4.617143e-02
4.621028e-02
4.624913e-02
4.628796e-02
4.632678e-02
4.636568e-02
4.640463e-02
4.644367e-02
4.648276e-02
4.652191e-02
4.656111e-02
4.660040e-02
4.663976e-02
4.667920e-02
4.671872e-02
4.675834e-02
4.679806e-02
4.683788e-02
4.687783e-02
4.691899e-02
4.696116e-02
4.700439e-02
4.704832e-02
4.709288e-02
4.713107e-02
4.716945e-02
4.720796e-02
4.724621e-02
4.728430e-02
4.732253e-02
4.736082e-02
4.739931e-02
4.743790e-02
4.747662e-02
4.751541e-02
4.755408e-02
4.759268e-02
4.763139e-02
4.767017e-02
4.770908e-02
4.774806e-02
4.778705e-02
4.782605e-02
4.786515e-02
4.790431e-02
4.794350e-02
4.798273e-02
4.802239e-02
4.806249e-02
4.810298e-02
4.814367e-02
4.818458e-02
4.822555e-02
4.826707e-02
4.830910e-02
4.835154e-02
4.839414e-02
4.843761e-02
4.847551e-02
4.851357e-02
4.855174e-02
4.859009e-02
4.863228e-02
4.867785e-02
4.871626e-02
4.875481e-02
4.879344e-02
4.883213e-02
4.887086e-02
4.890953e-02
4.894813e-02
4.898681e-02
4.902554e-02
4.906432e-02
4.910313e-02
4.914196e-02
4.918078e-02
4.921962e-02
4.925837e-02
4.929721e-02
4.933609e-02
4.937501e-02
4.941398e-02
4.945296e-02
4.949194e-02
4.953094e-02
4.956984e-02
4.960883e-02
4.964786e-02
4.968694e-02
4.972606e-02
4.976521e-02
4.980438e-02
4.984353e-02
4.988263e-02
4.992182e-02
4.996102e-02
5.000028e-02
5.003957e-02
5.007888e-02
5.011819e-02
5.015752e-02
5.019682e-02
5.023618e-02
5.027555e-02
5.031498e-02
5.035440e-02
5.039382e-02
5.043323e-02
5.047270e-02
5.051216e-02
5.055167e-02
5.059116e-02
5.063066e-02
5.067014e-02
5.070963e-02
5.074911e-02
5.078864e-02
5.082820e-02
5.086776e-02
5.090732e-02
5.094688e-02
5.098644e-02
5.102603e-02
5.106565e-02
5.110527e-02
5.114490e-02
5.118454e-02
5.122418e-02
5.126386e-02
5.130358e-02
5.134331e-02
5.138305e-02
5.142281e-02
5.146258e-02
5.150239e-02
5.154224e-02
5.158211e-02
5.162201e-02
5.166192e-02
5.170186e-02
5.174183e-02
5.178183e-02
5.182186e-02
5.186190e-02
5.190196e-02
5.194204e-02
5.198214e-02
5.202226e-02
5.206240e-02
5.210255e-02
5.214267e-02
5.218277e-02
5.222289e-02
5.226301e-02
5.230317e-02
5.234334e-02
5.238353e-02
5.242374e-02
5.246397e-02
5.250421e-02
5.254449e-02
5.258477e-02
5.262510e-02
5.266544e-02
5.270584e-02
5.274626e-02
5.278672e-02
5.282722e-02
5.286777e-02
5.290837e-02
5.294962e-02
5.299135e-02
5.303352e-02
5.307593e-02
5.311849e-02
5.316112e-02
5.320467e-02
5.324915e-02
5.329450e-02
5.334034e-02
5.338651e-02
5.343276e-02
5.347971e-02
5.351894e-02
5.355828e-02
5.359770e-02
5.363726e-02
5.367691e-02
5.371666e-02
5.375647e-02
5.379614e-02
5.383572e-02
5.387538e-02
5.391508e-02
5.395487e-02
5.399469e-02
5.403446e-02
5.407418e-02
5.411398e-02
5.415382e-02
5.419372e-02
5.423365e-02
5.427354e-02
5.431339e-02
5.435331e-02
5.439326e-02
5.443323e-02
5.447321e-02
5.451325e-02
5.455333e-02
5.459343e-02
5.463354e-02
5.467399e-02
5.471482e-02
5.475606e-02
5.479753e-02
5.483917e-02
5.488089e-02
5.492262e-02
5.496432e-02
5.500705e-02
5.505061e-02
5.509497e-02
5.513982e-02
5.518500e-02
5.522410e-02
5.526296e-02
5.530165e-02
5.534044e-02
5.537928e-02
5.541827e-02
5.545734e-02
5.549651e-02
5.553573e-02
5.557483e-02
5.561386e-02
5.565296e-02
5.569211e-02
5.573126e-02
5.577042e-02
5.580966e-02
5.584895e-02
5.588824e-02
5.592753e-02
5.596685e-02
5.600621e-02
5.604560e-02
5.608504e-02
5.612450e-02
5.616401e-02
5.620390e-02
5.624425e-02
5.628509e-02
5.632621e-02
5.636752e-02
5.640893e-02
5.645098e-02
5.649380e-02
5.653749e-02
5.658170e-02
5.662632e-02
5.666476e-02
5.670334e-02
5.674204e-02
5.678050e-02
5.681882e-02
5.685723e-02
5.689569e-02
5.693429e-02
5.697297e-02
5.701161e-02
5.705022e-02
5.708893e-02
5.712769e-02
5.716643e-02
5.720516e-02
5.724397e-02
5.728285e-02
5.732174e-02
5.736066e-02
5.739963e-02
5.743865e-02
5.747772e-02
5.751684e-02
5.755600e-02
5.759522e-02
5.763501e-02
5.767531e-02
5.771603e-02
5.775700e-02
5.779812e-02
5.783932e-02
5.788118e-02
5.792386e-02
5.796743e-02
5.800550e-02
5.804377e-02
5.808217e-02
5.812052e-02
5.815882e-02
5.819727e-02
5.823580e-02
5.827447e-02
5.831324e-02
5.835210e-02
5.839103e-02
5.842979e-02
5.846848e-02
5.850726e-02
5.854610e-02
5.858505e-02
5.862407e-02
5.866303e-02
5.870198e-02
5.874101e-02
5.878011e-02
5.881923e-02
5.885836e-02
5.889759e-02
5.893688e-02
5.897617e-02
5.901550e-02
5.905486e-02
5.909429e-02
5.913376e-02
5.917328e-02
5.921340e-02
5.925401e-02
5.929501e-02
5.933624e-02
5.937762e-02
5.941907e-02
5.946116e-02
5.950401e-02
5.954771e-02
5.959195e-02
5.963661e-02
5.967537e-02
5.971397e-02
5.975248e-02
5.979112e-02
5.982983e-02
5.986869e-02
5.990764e-02
5.994671e-02
5.998584e-02
6.002484e-02
6.006377e-02
6.010279e-02
6.014185e-02
6.018101e-02
6.022023e-02
6.025938e-02
6.029849e-02
6.033768e-02
6.037693e-02
6.041619e-02
6.045547e-02
6.049480e-02
6.053419e-02
6.057364e-02
6.061315e-02
6.065270e-02
6.069231e-02
6.073253e-02
6.077329e-02
6.081449e-02
6.085596e-02
6.089759e-02
6.093931e-02
6.098175e-02
6.102002e-02
6.105839e-02
6.109682e-02
6.113543e-02
6.117417e-02
6.121311e-02
6.125219e-02
6.129105e-02
6.132976e-02
6.136862e-02
6.140754e-02
6.144665e-02
6.148585e-02
6.152517e-02
6.156455e-02
6.160383e-02
6.164305e-02
6.168239e-02
6.172180e-02
6.176125e-02
6.180075e-02
6.184036e-02
6.188006e-02
6.191979e-02
6.195957e-02
6.199942e-02
6.203935e-02
6.208004e-02
6.212138e-02
6.216328e-02
6.220552e-02
6.224796e-02
6.228701e-02
6.232569e-02
6.236415e-02
6.240273e-02
6.244137e-02
6.248025e-02
6.251926e-02
6.255847e-02
6.259779e-02
6.263727e-02
6.267685e-02
6.271614e-02
6.275527e-02
6.279454e-02
6.283389e-02
6.287343e-02
6.291307e-02
6.295283e-02
6.299266e-02
6.303241e-02
6.307215e-02
6.311200e-02
6.315196e-02
6.319196e-02
6.323205e-02
6.327222e-02
6.331249e-02
6.335362e-02
6.339548e-02
6.343796e-02
6.347690e-02
6.351603e-02
6.355528e-02
6.359415e-02
6.363281e-02
6.367161e-02
6.371050e-02
6.374963e-02
6.378890e-02
6.382838e-02
6.386798e-02
6.390771e-02
6.394754e-02
6.398712e-02
6.402658e-02
6.406617e-02
6.410586e-02
6.414570e-02
6.418565e-02
6.422559e-02
6.426556e-02
6.430564e-02
6.434582e-02
6.438604e-02
6.442632e-02
6.446667e-02
6.450712e-02
6.454838e-02
6.459035e-02
6.463290e-02
6.467581e-02
6.471891e-02
6.475838e-02
6.479746e-02
6.483631e-02
6.487529e-02
6.491435e-02
6.495365e-02
6.499309e-02
6.503273e-02
6.507249e-02
6.511238e-02
6.515237e-02
6.519211e-02
6.523172e-02
6.527146e-02
6.531128e-02
6.535126e-02
6.539134e-02
6.543135e-02
6.547135e-02
6.551147e-02
6.555169e-02
6.559196e-02
6.563229e-02
6.567270e-02
6.571320e-02
6.575443e-02
6.579630e-02
6.583869e-02
6.588138e-02
6.592423e-02
6.596386e-02
6.600310e-02
6.604212e-02
6.608125e-02
6.612043e-02
6.615982e-02
6.619933e-02
6.623905e-02
6.627889e-02
6.631888e-02
6.635896e-02
6.639869e-02
6.643820e-02
6.647785e-02
6.651757e-02
6.655747e-02
6.659748e-02
6.663761e-02
6.667781e-02
6.671790e-02
6.675794e-02
6.679809e-02
6.683831e-02
6.687865e-02
6.691905e-02
6.695943e-02
6.699982e-02
6.704030e-02
6.708088e-02
6.712212e-02
6.716396e-02
6.720633e-02
6.724903e-02
6.729192e-02
6.733163e-02
6.737097e-02
6.741008e-02
6.744931e-02
6.748859e-02
6.752809e-02
6.756772e-02
6.760754e-02
6.764748e-02
6.768758e-02
6.772777e-02
6.776766e-02
6.780735e-02
6.784720e-02
6.788712e-02
6.792724e-02
6.796746e-02
6.800781e-02
6.804823e-02
6.808856e-02
6.812886e-02
6.816928e-02
6.820980e-02
6.825037e-02
6.829101e-02
6.833177e-02
6.837263e-02
6.841398e-02
6.845596e-02
6.849860e-02
6.854166e-02
6.858501e-02
6.862481e-02
6.866427e-02
6.870355e-02
6.874295e-02
6.878244e-02
6.882214e-02
6.886198e-02
6.890201e-02
6.894216e-02
6.898246e-02
6.902285e-02
6.906291e-02
6.910276e-02
6.914274e-02
6.918277e-02
6.922298e-02
6.926327e-02
6.930366e-02
6.934410e-02
6.938432e-02
6.942442e-02
6.946461e-02
6.950486e-02
6.954521e-02
6.958563e-02
6.962598e-02
6.966630e-02
6.970669e-02
6.974714e-02
6.978750e-02
6.982785e-02
6.986824e-02
6.990871e-02
6.994913e-02
6.998957e-02
7.003005e-02
7.007058e-02
7.011103e-02
7.015149e-02
7.019198e-02
7.023252e-02
7.027296e-02
7.031330e-02
7.035401e-02
7.039510e-02
7.043646e-02
7.047808e-02
7.051986e-02
7.056167e-02
7.060378e-02
7.064632e-02
7.068913e-02
7.073201e-02
7.077547e-02
7.081961e-02
7.086425e-02
7.090411e-02
7.094376e-02
7.098329e-02
7.102294e-02
7.106263e-02
7.110247e-02
7.114239e-02
7.118243e-02
7.122257e-02
7.126248e-02
7.130224e-02
7.134209e-02
7.138196e-02
7.142197e-02
7.146202e-02
7.150216e-02
7.154233e-02
7.158224e-02
7.162202e-02
7.166188e-02
7.170179e-02
7.174184e-02
7.178196e-02
7.182216e-02
7.186242e-02
7.190255e-02
7.194262e-02
7.198280e-02
7.202304e-02
7.206328e-02
7.210354e-02
7.214389e-02
7.218433e-02
7.222480e-02
7.226532e-02
7.230589e-02
7.234653e-02
7.238785e-02
7.242976e-02
7.247212e-02
7.251477e-02
7.255758e-02
7.260048e-02
7.264415e-02
7.268353e-02
7.272303e-02
7.276259e-02
7.280235e-02
7.284225e-02
7.288236e-02
7.292262e-02
7.296264e-02
7.300252e-02
7.304254e-02
7.308263e-02
7.312291e-02
7.316328e-02
7.320379e-02
7.324435e-02
7.328481e-02
7.332521e-02
7.336572e-02
7.340631e-02
7.344701e-02
7.348779e-02
7.352853e-02
7.356929e-02
7.361012e-02
7.365103e-02
7.369203e-02
7.373312e-02
7.377473e-02
7.381697e-02
7.385985e-02
7.390315e-02
7.394671e-02
7.398689e-02
7.402674e-02
7.406640e-02
7.410619e-02
7.414606e-02
7.418615e-02
7.422638e-02
7.426680e-02
7.430736e-02
7.434808e-02
7.438890e-02
7.442941e-02
7.446974e-02
7.451023e-02
7.455080e-02
7.459157e-02
7.463247e-02
7.467349e-02
7.471461e-02
7.475563e-02
7.479664e-02
7.483778e-02
7.487903e-02
7.492034e-02
7.496172e-02
7.500323e-02
7.504485e-02
7.508718e-02
7.513014e-02
7.517362e-02
7.521744e-02
7.526146e-02
7.530561e-02
7.535064e-02
7.539672e-02
7.543707e-02
7.547752e-02
7.551820e-02
7.555904e-02
7.560010e-02
7.564133e-02
7.568270e-02
7.572418e-02
7.576527e-02
7.580614e-02
7.584717e-02
7.588829e-02
7.592963e-02
7.597109e-02
7.601270e-02
7.605439e-02
7.609616e-02
7.613798e-02
7.617961e-02
7.622116e-02
7.626284e-02
7.630461e-02
7.634652e-02
7.638852e-02
7.643046e-02
7.647241e-02
7.651446e-02
7.655660e-02
7.659876e-02
7.664098e-02
7.668328e-02
7.672567e-02
7.676809e-02
7.681057e-02
7.685309e-02
7.689569e-02
7.693832e-02
7.698102e-02
7.702376e-02
7.706658e-02
7.710943e-02
7.715236e-02
7.719532e-02
7.723832e-02
7.728229e-02
7.732734e-02
7.737344e-02
7.742021e-02
7.746725e-02
7.750874e-02
7.755234e-02
7.759412e-02
7.764007e-02
7.768117e-02
7.772365e-02
7.776506e-02
7.780741e-02
7.784928e-02
7.789192e-02
7.793415e-02
7.797711e-02
7.801961e-02
7.806301e-02
7.810521e-02
7.814734e-02
7.818949e-02
7.823168e-02
7.827388e-02
7.831610e-02
7.835836e-02
7.840067e-02
7.844303e-02
7.848545e-02
7.852797e-02
7.857047e-02
7.861318e-02
7.865613e-02
7.869934e-02
7.874271e-02
7.878612e-02
7.882959e-02
7.887310e-02
7.891665e-02
7.896026e-02
7.900395e-02
7.904769e-02
7.909154e-02
7.913343e-02
7.917743e-02
7.921929e-02
7.926370e-02
7.930555e-02
7.934908e-02
7.939104e-02
7.943425e-02
7.947639e-02
7.951957e-02
7.956190e-02
7.960517e-02
7.964773e-02
7.969117e-02
7.973400e-02
7.977772e-02
7.982089e-02
7.986499e-02
7.990857e-02
7.995158e-02
7.999460e-02
8.003764e-02
8.008069e-02
8.012378e-02
8.016688e-02
8.021003e-02
8.025318e-02
8.029633e-02
8.033954e-02
8.038276e-02
8.042600e-02
8.046921e-02
8.051241e-02
8.055559e-02
8.059875e-02
8.064189e-02
8.068501e-02
8.073245e-02
8.078101e-02
8.082948e-02
8.087782e-02
8.092616e-02
8.097435e-02
8.102265e-02
8.107081e-02
8.111905e-02
8.116711e-02
8.121534e-02
8.126336e-02
8.131153e-02
8.135949e-02
8.140758e-02
8.145546e-02
8.150345e-02
8.155131e-02
8.159928e-02
8.164711e-02
8.169505e-02
8.174285e-02
8.179073e-02
8.183848e-02
8.188631e-02
8.193399e-02
8.198174e-02
8.202934e-02
8.207700e-02
8.212451e-02
8.217207e-02
8.221947e-02
8.226690e-02
8.231418e-02
8.236148e-02
8.240862e-02
8.245577e-02
8.250276e-02
8.254975e-02
8.259658e-02
8.264340e-02
8.269005e-02
8.273669e-02
8.278316e-02
8.282961e-02
8.287589e-02
8.292214e-02
8.296823e-02
8.301427e-02
8.306016e-02
8.310601e-02
8.315170e-02
8.319734e-02
8.324283e-02
8.328827e-02
8.333356e-02
8.337880e-02
8.342390e-02
8.346894e-02
8.351385e-02
8.355870e-02
8.360342e-02
8.364809e-02
8.369264e-02
8.373712e-02
8.378150e-02
8.382581e-02
8.387003e-02
8.391418e-02
8.395824e-02
8.400224e-02
8.404616e-02
8.409002e-02
8.413381e-02
8.417754e-02
8.422122e-02
8.426483e-02
8.430840e-02
8.435193e-02
8.439542e-02
8.443887e-02
8.448667e-02
8.453924e-02
8.459708e-02
8.465665e-02
8.471536e-02
8.477498e-02
8.483377e-02
8.489347e-02
8.495236e-02
8.501214e-02
8.507113e-02
8.513101e-02
8.519010e-02
8.525007e-02
8.530926e-02
8.536933e-02
8.542863e-02
8.548880e-02
8.554822e-02
8.560849e-02
8.566803e-02
8.572841e-02
8.578808e-02
8.584858e-02
8.590839e-02
8.596892e-02
8.602887e-02
8.608941e-02
8.614951e-02
8.621005e-02
8.627026e-02
8.633079e-02
8.639055e-02
8.645069e-02
8.651122e-02
8.657176e-02
8.663229e-02
8.669283e-02
8.675337e-02
8.681391e-02
8.687445e-02
8.693500e-02
8.699555e-02
8.705610e-02
8.711665e-02
8.717719e-02
8.723774e-02
8.729828e-02
8.735884e-02
8.741940e-02
8.747996e-02
8.754053e-02
8.758422e-02
8.762791e-02
8.767162e-02
8.771533e-02
8.775904e-02
8.780276e-02
8.784649e-02
8.789023e-02
8.793398e-02
8.797774e-02
8.802151e-02
8.806529e-02
8.810909e-02
8.815290e-02
8.819673e-02
8.824058e-02
8.828445e-02
8.832835e-02
8.837226e-02
8.841622e-02
8.846019e-02
8.850421e-02
8.854826e-02
8.859235e-02
8.863648e-02
8.868066e-02
8.872488e-02
8.876916e-02
8.881348e-02
8.885786e-02
8.890231e-02
8.894683e-02
8.899142e-02
8.903609e-02
8.908086e-02
8.912573e-02
8.917071e-02
8.921581e-02
8.926105e-02
8.930643e-02
8.935198e-02
8.939771e-02
8.944364e-02
8.948980e-02
8.953622e-02
8.958291e-02
8.962993e-02
8.967730e-02
8.972509e-02
8.977331e-02
8.982208e-02
8.987141e-02
8.992124e-02
8.997140e-02
9.002191e-02
9.007268e-02
9.012377e-02
9.017513e-02
9.022686e-02
9.027891e-02
9.033139e-02
9.038425e-02
9.043763e-02
9.049144e-02
9.054583e-02
9.060069e-02
9.064468e-02
9.068870e-02
9.073272e-02
9.077674e-02
9.082076e-02
9.086479e-02
9.090882e-02
9.095286e-02
9.099690e-02
9.104096e-02
9.108501e-02
9.112908e-02
9.117315e-02
9.121725e-02
9.126134e-02
9.130546e-02
9.134958e-02
9.139372e-02
9.143786e-02
9.148204e-02
9.152621e-02
9.157041e-02
9.161461e-02
9.165885e-02
9.170309e-02
9.174737e-02
9.179166e-02
9.183599e-02
9.188032e-02
9.192470e-02
9.196910e-02
9.201355e-02
9.205802e-02
9.210255e-02
9.214711e-02
9.219174e-02
9.223642e-02
9.228121e-02
9.232609e-02
9.237110e-02
9.241621e-02
9.246148e-02
9.250687e-02
9.255243e-02
9.259814e-02
9.264405e-02
9.269014e-02
9.273648e-02
9.278303e-02
9.282989e-02
9.287703e-02
9.292455e-02
9.297243e-02
9.302080e-02
9.306963e-02
9.311910e-02
9.316895e-02
9.321919e-02
9.326969e-02
9.332046e-02
9.337144e-02
9.342267e-02
9.347409e-02
9.352576e-02
9.357029e-02
9.361483e-02
9.365938e-02
9.370393e-02
9.374848e-02
9.379304e-02
9.383760e-02
9.388217e-02
9.392673e-02
9.397130e-02
9.401588e-02
9.406045e-02
9.410504e-02
9.414962e-02
9.419422e-02
9.423881e-02
9.428341e-02
9.432802e-02
9.437263e-02
9.441724e-02
9.446187e-02
9.450649e-02
9.455113e-02
9.459577e-02
9.464041e-02
9.468507e-02
9.472972e-02
9.477439e-02
9.481907e-02
9.486376e-02
9.490845e-02
9.495317e-02
9.499789e-02
9.504263e-02
9.508739e-02
9.513217e-02
9.517698e-02
9.522182e-02
9.526669e-02
9.531160e-02
9.535655e-02
9.540155e-02
9.544661e-02
9.549172e-02
9.553690e-02
9.558215e-02
9.562750e-02
9.567292e-02
9.571848e-02
9.576412e-02
9.580993e-02
9.585586e-02
9.590201e-02
9.594830e-02
9.599487e-02
9.604164e-02
9.608877e-02
9.613617e-02
9.618405e-02
9.623228e-02
9.627636e-02
9.632043e-02
9.636453e-02
9.640868e-02
9.645290e-02
9.649721e-02
9.654160e-02
9.658606e-02
9.663059e-02
9.667519e-02
9.671982e-02
9.676451e-02
9.680922e-02
9.685394e-02
9.689867e-02
9.694341e-02
9.698816e-02
9.703291e-02
9.707768e-02
9.712245e-02
9.716724e-02
9.721204e-02
9.725686e-02
9.730170e-02
9.734656e-02
9.739144e-02
9.743634e-02
9.748127e-02
9.752624e-02
9.757123e-02
9.761626e-02
9.766133e-02
9.770645e-02
9.775161e-02
9.779682e-02
9.784209e-02
9.788743e-02
9.793283e-02
9.797832e-02
9.802389e-02
9.806955e-02
9.811532e-02
9.816121e-02
9.820722e-02
9.825338e-02
9.829969e-02
9.834620e-02
9.839290e-02
9.843985e-02
9.848705e-02
9.853456e-02
9.858240e-02
9.862722e-02
9.867203e-02
9.871680e-02
9.876157e-02
9.880632e-02
9.885112e-02
9.889599e-02
9.894093e-02
9.898591e-02
9.903089e-02
9.907585e-02
9.912081e-02
9.916575e-02
9.921069e-02
9.925562e-02
9.930055e-02
9.934549e-02
9.939042e-02
9.943535e-02
9.948029e-02
9.952523e-02
9.957017e-02
9.961512e-02
9.966007e-02
9.970504e-02
9.975000e-02
9.979498e-02
9.983996e-02
9.988495e-02
9.992994e-02
9.997495e-02
1.000200e-01
1.000650e-01
1.001100e-01
1.001551e-01
1.002001e-01
1.002452e-01
1.002903e-01
1.003353e-01
1.003805e-01
1.004256e-01
1.004707e-01
1.005159e-01
1.005611e-01
1.006063e-01
1.006515e-01
1.006967e-01
1.007420e-01
1.007873e-01
1.008327e-01
1.008780e-01
1.009235e-01
1.009689e-01
1.010144e-01
1.010600e-01
1.011056e-01
1.011512e-01
1.011970e-01
1.012428e-01
1.012886e-01
1.013346e-01
1.013807e-01
1.014268e-01
1.014731e-01
1.015195e-01
1.015661e-01
1.016128e-01
1.016597e-01
1.017068e-01
1.017541e-01
1.018017e-01
1.018495e-01
1.018977e-01
1.019463e-01
1.019954e-01
1.020448e-01
1.020899e-01
1.021350e-01
1.021802e-01
1.022253e-01
1.022706e-01
1.023159e-01
1.023613e-01
1.024067e-01
1.024521e-01
1.024975e-01
1.025429e-01
1.025882e-01
1.026336e-01
1.026790e-01
1.027243e-01
1.027697e-01
1.028151e-01
1.028605e-01
1.029058e-01
1.029512e-01
1.029966e-01
1.030420e-01
1.030874e-01
1.031328e-01
1.031782e-01
1.032237e-01
1.032691e-01
1.033145e-01
1.033600e-01
1.034055e-01
1.034509e-01
1.034964e-01
1.035419e-01
1.035874e-01
1.036329e-01
1.036785e-01
1.037240e-01
1.037696e-01
1.038152e-01
1.038608e-01
1.039064e-01
1.039520e-01
1.039977e-01
1.040434e-01
1.040892e-01
1.041349e-01
1.041807e-01
1.042266e-01
1.042725e-01
1.043184e-01
1.043644e-01
1.044104e-01
1.044566e-01
1.045027e-01
1.045490e-01
1.045954e-01
1.046419e-01
1.046885e-01
1.047352e-01
1.047821e-01
1.048291e-01
1.048763e-01
1.049238e-01
1.049715e-01
1.050195e-01
1.050678e-01
1.051166e-01
1.051656e-01
1.052107e-01
1.052558e-01
1.053009e-01
1.053460e-01
1.053911e-01
1.054363e-01
1.054816e-01
1.055270e-01
1.055724e-01
1.056179e-01
1.056634e-01
1.057089e-01
1.057545e-01
1.058001e-01
1.058457e-01
1.058913e-01
1.059369e-01
1.059826e-01
1.060283e-01
1.060739e-01
1.061196e-01
1.061653e-01
1.062111e-01
1.062569e-01
1.063027e-01
1.063485e-01
1.063943e-01
1.064403e-01
1.064862e-01
1.065322e-01
1.065783e-01
1.066244e-01
1.066706e-01
1.067169e-01
1.067632e-01
1.068097e-01
1.068562e-01
1.069029e-01
1.069497e-01
1.069967e-01
1.070438e-01
1.070911e-01
1.071387e-01
1.071865e-01
1.072346e-01
1.072830e-01
1.073319e-01
1.073770e-01
1.074221e-01
1.074672e-01
1.075122e-01
1.075573e-01
1.076024e-01
1.076476e-01
1.076928e-01
1.077381e-01
1.077835e-01
1.078289e-01
1.078744e-01
1.079199e-01
1.079655e-01
1.080111e-01
1.080567e-01
1.081024e-01
1.081481e-01
1.081938e-01
1.082396e-01
1.082855e-01
1.083315e-01
1.083776e-01
1.084239e-01
1.084703e-01
1.085168e-01
1.085637e-01
1.086108e-01
1.086581e-01
1.087029e-01
1.087475e-01
1.087921e-01
1.088367e-01
1.088812e-01
1.089257e-01
1.089703e-01
1.090150e-01
1.090598e-01
1.091047e-01
1.091498e-01
1.091949e-01
1.092402e-01
1.092856e-01
1.093311e-01
1.093767e-01
1.094224e-01
1.094684e-01
1.095144e-01
1.095607e-01
1.096072e-01
1.096539e-01
1.097008e-01
1.097481e-01
1.097929e-01
1.098377e-01
1.098825e-01
1.099272e-01
1.099720e-01
1.100167e-01
1.100615e-01
1.101064e-01
1.101513e-01
1.101964e-01
1.102417e-01
1.102871e-01
1.103327e-01
1.103784e-01
1.104243e-01
1.104703e-01
1.105164e-01
1.105627e-01
1.106091e-01
1.106557e-01
1.107024e-01
1.107494e-01
1.107964e-01
1.108437e-01
1.108913e-01
1.109390e-01
1.109871e-01
1.110325e-01
1.110779e-01
1.111233e-01
1.111687e-01
1.112140e-01
1.112593e-01
1.113047e-01
1.113501e-01
1.113956e-01
1.114412e-01
1.114869e-01
1.115328e-01
1.115788e-01
1.116249e-01
1.116711e-01
1.117174e-01
1.117638e-01
1.118103e-01
1.118569e-01
1.119036e-01
1.119504e-01
1.119973e-01
1.120443e-01
1.120915e-01
1.121388e-01
1.121862e-01
1.122339e-01
1.122818e-01
1.123299e-01
1.123783e-01
1.124239e-01
1.124696e-01
1.125152e-01
1.125607e-01
1.126063e-01
1.126518e-01
1.126973e-01
1.127429e-01
1.127886e-01
1.128344e-01
1.128803e-01
1.129263e-01
1.129724e-01
1.130186e-01
1.130649e-01
1.131113e-01
1.131577e-01
1.132043e-01
1.132510e-01
1.132978e-01
1.133448e-01
1.133918e-01
1.134391e-01
1.134865e-01
1.135341e-01
1.135821e-01
1.136276e-01
1.136730e-01
1.137185e-01
1.137638e-01
1.138091e-01
1.138543e-01
1.138996e-01
1.139449e-01
1.139903e-01
1.140358e-01
1.140814e-01
1.141272e-01
1.141731e-01
1.142192e-01
1.142654e-01
1.143118e-01
1.143583e-01
1.144051e-01
1.144521e-01
1.144993e-01
1.145456e-01
1.145907e-01
1.146358e-01
1.146808e-01
1.147258e-01
1.147707e-01
1.148156e-01
1.148606e-01
1.149056e-01
1.149508e-01
1.149962e-01
1.150418e-01
1.150875e-01
1.151335e-01
1.151796e-01
1.152260e-01
1.152727e-01
1.153196e-01
1.153645e-01
1.154094e-01
1.154543e-01
1.154991e-01
1.155440e-01
1.155888e-01
1.156337e-01
1.156786e-01
1.157237e-01
1.157689e-01
1.158143e-01
1.158599e-01
1.159058e-01
1.159519e-01
1.159982e-01
1.160447e-01
1.160911e-01
1.161361e-01
1.161811e-01
1.162260e-01
1.162710e-01
1.163159e-01
1.163609e-01
1.164059e-01
1.164509e-01
1.164960e-01
1.165413e-01
1.165868e-01
1.166325e-01
1.166784e-01
1.167245e-01
1.167709e-01
1.168175e-01
1.168644e-01
1.169110e-01
1.169561e-01
1.170013e-01
1.170464e-01
1.170915e-01
1.171367e-01
1.171819e-01
1.172271e-01
1.172723e-01
1.173177e-01
1.173633e-01
1.174091e-01
1.174551e-01
1.175013e-01
1.175478e-01
1.175946e-01
1.176416e-01
1.176889e-01
1.177342e-01
1.177795e-01
1.178249e-01
1.178702e-01
1.179155e-01
1.179609e-01
1.180062e-01
1.180516e-01
1.180971e-01
1.181428e-01
1.181886e-01
1.182347e-01
1.182810e-01
1.183275e-01
1.183742e-01
1.184213e-01
1.184685e-01
1.185161e-01
1.185616e-01
1.186071e-01
1.186526e-01
1.186980e-01
1.187435e-01
1.187889e-01
1.188345e-01
1.188800e-01
1.189257e-01
1.189715e-01
1.190176e-01
1.190638e-01
1.191103e-01
1.191570e-01
1.192040e-01
1.192512e-01
1.192987e-01
1.193442e-01
1.193896e-01
1.194351e-01
1.194805e-01
1.195260e-01
1.195714e-01
1.196168e-01
1.196623e-01
1.197079e-01
1.197537e-01
1.197997e-01
1.198459e-01
1.198923e-01
1.199389e-01
1.199858e-01
1.200324e-01
1.200777e-01
1.201230e-01
1.201683e-01
1.202136e-01
1.202588e-01
1.203041e-01
1.203494e-01
1.203948e-01
1.204403e-01
1.204860e-01
1.205319e-01
1.205781e-01
1.206245e-01
1.206712e-01
1.207182e-01
1.207650e-01
1.208102e-01
1.208555e-01
1.209007e-01
1.209459e-01
1.209911e-01
1.210364e-01
1.210817e-01
1.211272e-01
1.211729e-01
1.212188e-01
1.212649e-01
1.213113e-01
1.213581e-01
1.214051e-01
1.214504e-01
1.214958e-01
1.215411e-01
1.215865e-01
1.216319e-01
1.216773e-01
1.217228e-01
1.217683e-01
1.218140e-01
1.218598e-01
1.219059e-01
1.219522e-01
1.219988e-01
1.220456e-01
1.220928e-01
1.221403e-01
1.221881e-01
1.222338e-01
1.222795e-01
1.223252e-01
1.223710e-01
1.224168e-01
1.224627e-01
1.225086e-01
1.225546e-01
1.226008e-01
1.226471e-01
1.226937e-01
1.227405e-01
1.227876e-01
1.228349e-01
1.228826e-01
1.229305e-01
1.229788e-01
1.230249e-01
1.230711e-01
1.231172e-01
1.231634e-01
1.232096e-01
1.232559e-01
1.233022e-01
1.233485e-01
1.233950e-01
1.234416e-01
1.234884e-01
1.235354e-01
1.235827e-01
1.236302e-01
1.236779e-01
1.237258e-01
1.237741e-01
1.238227e-01
1.238692e-01
1.239157e-01
1.239622e-01
1.240087e-01
1.240553e-01
1.241018e-01
1.241484e-01
1.241950e-01
1.242417e-01
1.242884e-01
1.243354e-01
1.243826e-01
1.244299e-01
1.244775e-01
1.245253e-01
1.245733e-01
1.246215e-01
1.246700e-01
1.247188e-01
1.247678e-01
1.248145e-01
1.248613e-01
1.249080e-01
1.249548e-01
1.250015e-01
1.250482e-01
1.250950e-01
1.251418e-01
1.251887e-01
1.252357e-01
1.252829e-01
1.253303e-01
1.253779e-01
1.254257e-01
1.254737e-01
1.255220e-01
1.255704e-01
1.256186e-01
1.256676e-01
1.257158e-01
1.257626e-01
1.258095e-01
1.258563e-01
1.259030e-01
1.259498e-01
1.259966e-01
1.260434e-01
1.260902e-01
1.261373e-01
1.261844e-01
1.262318e-01
1.262793e-01
1.263271e-01
1.263750e-01
1.264232e-01
1.264715e-01
1.265201e-01
1.265684e-01
1.266152e-01
1.266620e-01
1.267088e-01
1.267556e-01
1.268023e-01
1.268491e-01
1.268958e-01
1.269426e-01
1.269895e-01
1.270365e-01
1.270837e-01
1.271310e-01
1.271786e-01
1.272264e-01
1.272744e-01
1.273227e-01
1.273712e-01
1.274196e-01
1.274687e-01
1.275155e-01
1.275622e-01
1.276090e-01
1.276557e-01
1.277025e-01
1.277492e-01
1.277960e-01
1.278428e-01
1.278898e-01
1.279370e-01
1.279844e-01
1.280319e-01
1.280797e-01
1.281277e-01
1.281759e-01
1.282244e-01
1.282729e-01
1.283219e-01
1.283688e-01
1.284156e-01
1.284624e-01
1.285092e-01
1.285560e-01
1.286028e-01
1.286496e-01
1.286965e-01
1.287435e-01
1.287907e-01
1.288380e-01
1.288856e-01
1.289334e-01
1.289813e-01
1.290296e-01
1.290780e-01
1.291267e-01
1.291757e-01
1.292245e-01
1.292714e-01
1.293183e-01
1.293653e-01
1.294122e-01
1.294591e-01
1.295061e-01
1.295531e-01
1.296001e-01
1.296473e-01
1.296946e-01
1.297422e-01
1.297900e-01
1.298380e-01
1.298862e-01
1.299346e-01
1.299833e-01
1.300323e-01
1.300816e-01
1.301287e-01
1.301758e-01
1.302229e-01
1.302700e-01
1.303172e-01
1.303643e-01
1.304114e-01
1.304586e-01
1.305058e-01
1.305532e-01
1.306007e-01
1.306484e-01
1.306963e-01
1.307444e-01
1.307928e-01
1.308413e-01
1.308900e-01
1.309390e-01
1.309883e-01
1.310378e-01
1.310876e-01
1.311349e-01
1.311823e-01
1.312296e-01
1.312770e-01
1.313243e-01
1.313717e-01
1.314190e-01
1.314665e-01
1.315140e-01
1.315617e-01
1.316095e-01
1.316575e-01
1.317058e-01
1.317541e-01
1.318027e-01
1.318515e-01
1.319005e-01
1.319497e-01
1.319991e-01
1.320487e-01
1.320987e-01
1.321462e-01
1.321938e-01
1.322414e-01
1.322889e-01
1.323365e-01
1.323840e-01
1.324316e-01
1.324792e-01
1.325268e-01
1.325745e-01
1.326224e-01
1.326705e-01
1.327187e-01
1.327671e-01
1.328157e-01
1.328645e-01
1.329135e-01
1.329627e-01
1.330121e-01
1.330617e-01
1.331115e-01
1.331616e-01
1.332120e-01
1.332598e-01
1.333075e-01
1.333553e-01
1.334031e-01
1.334509e-01
1.334986e-01
1.335464e-01
1.335941e-01
1.336420e-01
1.336900e-01
1.337381e-01
1.337864e-01
1.338349e-01
1.338835e-01
1.339323e-01
1.339813e-01
1.340304e-01
1.340797e-01
1.341292e-01
1.341789e-01
1.342288e-01
1.342789e-01
1.343292e-01
1.343798e-01
1.344307e-01
1.344787e-01
1.345267e-01
1.345747e-01
1.346227e-01
1.346707e-01
1.347187e-01
1.347667e-01
1.348147e-01
1.348628e-01
1.349111e-01
1.349596e-01
1.350081e-01
1.350568e-01
1.351057e-01
1.351547e-01
1.352039e-01
1.352531e-01
1.353026e-01
1.353521e-01
1.354018e-01
1.354517e-01
1.355018e-01
1.355521e-01
1.356025e-01
1.356533e-01
1.357043e-01
1.357525e-01
1.358007e-01
1.358489e-01
1.358971e-01
1.359452e-01
1.359934e-01
1.360415e-01
1.360896e-01
1.361378e-01
1.361862e-01
1.362347e-01
1.362833e-01
1.363321e-01
1.363810e-01
1.364300e-01
1.364792e-01
1.365285e-01
1.365779e-01
1.366274e-01
1.366771e-01
1.367270e-01
1.367770e-01
1.368271e-01
1.368775e-01
1.369280e-01
1.369788e-01
1.370299e-01
1.370783e-01
1.371266e-01
1.371749e-01
1.372231e-01
1.372713e-01
1.373195e-01
1.373677e-01
1.374159e-01
1.374642e-01
1.375126e-01
1.375612e-01
1.376098e-01
1.376586e-01
1.377076e-01
1.377566e-01
1.378058e-01
1.378551e-01
1.379045e-01
1.379540e-01
1.380036e-01
1.380534e-01
1.381033e-01
1.381534e-01
1.382036e-01
1.382540e-01
1.383046e-01
1.383555e-01
1.384066e-01
1.384579e-01
1.385064e-01
1.385548e-01
1.386032e-01
1.386516e-01
1.386999e-01
1.387482e-01
1.387965e-01
1.388449e-01
1.388934e-01
1.389419e-01
1.389906e-01
1.390395e-01
1.390884e-01
1.391375e-01
1.391867e-01
1.392360e-01
1.392853e-01
1.393348e-01
1.393843e-01
1.394340e-01
1.394837e-01
1.395336e-01
1.395835e-01
1.396336e-01
1.396837e-01
1.397340e-01
1.397845e-01
1.398350e-01
1.398852e-01
1.399349e-01
1.399851e-01
1.400348e-01
1.400850e-01
1.401336e-01
1.401822e-01
1.402308e-01
1.402794e-01
1.403279e-01
1.403764e-01
1.404249e-01
1.404735e-01
1.405221e-01
1.405709e-01
1.406198e-01
1.406688e-01
1.407179e-01
1.407670e-01
1.408163e-01
1.408656e-01
1.409150e-01
1.409644e-01
1.410139e-01
1.410635e-01
1.411131e-01
1.411627e-01
1.412123e-01
1.412620e-01
1.413118e-01
1.413616e-01
1.414115e-01
1.414615e-01
1.415116e-01
1.415617e-01
1.416120e-01
1.416623e-01
1.417128e-01
1.417635e-01
1.418143e-01
1.418654e-01
1.419166e-01
1.419681e-01
1.420199e-01
1.420686e-01
1.421174e-01
1.421661e-01
1.422147e-01
1.422634e-01
1.423120e-01
1.423606e-01
1.424093e-01
1.424581e-01
1.425070e-01
1.425559e-01
1.426050e-01
1.426542e-01
1.427034e-01
1.427527e-01
1.428021e-01
1.428514e-01
1.429008e-01
1.429502e-01
1.429996e-01
1.430491e-01
1.430985e-01
1.431480e-01
1.431975e-01
1.432471e-01
1.432967e-01
1.433463e-01
1.433960e-01
1.434457e-01
1.434955e-01
1.435454e-01
1.435953e-01
1.436453e-01
1.436954e-01
1.437456e-01
1.437960e-01
1.438464e-01
1.438970e-01
1.439478e-01
1.439987e-01
1.440499e-01
1.441013e-01
1.441529e-01
1.442049e-01
1.442537e-01
1.443025e-01
1.443512e-01
1.444000e-01
1.444487e-01
1.444973e-01
1.445460e-01
1.445948e-01
1.446437e-01
1.446927e-01
1.447417e-01
1.447909e-01
1.448401e-01
1.448894e-01
1.449387e-01
1.449881e-01
1.450376e-01
1.450870e-01
1.451364e-01
1.451859e-01
1.452353e-01
1.452848e-01
1.453343e-01
1.453838e-01
1.454334e-01
1.454830e-01
1.455327e-01
1.455823e-01
1.456321e-01
1.456819e-01
1.457317e-01
1.457816e-01
1.458316e-01
1.458816e-01
1.459318e-01
1.459820e-01
1.460324e-01
1.460828e-01
1.461334e-01
1.461842e-01
1.462351e-01
1.462862e-01
1.463375e-01
1.463890e-01
1.464409e-01
1.464930e-01
1.465455e-01
1.465944e-01
1.466433e-01
1.466922e-01
1.467410e-01
1.467899e-01
1.468387e-01
1.468877e-01
1.469367e-01
1.469859e-01
1.470351e-01
1.470845e-01
1.471339e-01
1.471834e-01
1.472329e-01
1.472825e-01
1.473320e-01
1.473816e-01
1.474312e-01
1.474808e-01
1.475305e-01
1.475801e-01
1.476298e-01
1.476795e-01
1.477292e-01
1.477790e-01
1.478287e-01
1.478786e-01
1.479284e-01
1.479784e-01
1.480283e-01
1.480784e-01
1.481285e-01
1.481785e-01
1.482288e-01
1.482788e-01
1.483292e-01
1.483798e-01
1.484304e-01
1.484812e-01
1.485321e-01
1.485832e-01
1.486345e-01
1.486860e-01
1.487377e-01
1.487897e-01
1.488420e-01
1.488946e-01
1.489436e-01
1.489926e-01
1.490416e-01
1.490905e-01
1.491394e-01
1.491883e-01
1.492373e-01
1.492864e-01
1.493356e-01
1.493848e-01
1.494342e-01
1.494836e-01
1.495331e-01
1.495826e-01
1.496322e-01
1.496819e-01
1.497315e-01
1.497813e-01
1.498310e-01
1.498808e-01
1.499306e-01
1.499805e-01
1.500304e-01
1.500803e-01
1.501304e-01
1.501805e-01
1.502307e-01
1.502810e-01
1.503315e-01
1.503820e-01
1.504328e-01
1.504837e-01
1.505348e-01
1.505862e-01
1.506379e-01
1.506898e-01
1.507386e-01
1.507873e-01
1.508360e-01
1.508847e-01
1.509333e-01
1.509819e-01
1.510305e-01
1.510792e-01
1.511280e-01
1.511770e-01
1.512260e-01
1.512752e-01
1.513245e-01
1.513739e-01
1.514234e-01
1.514730e-01
1.515227e-01
1.515725e-01
1.516225e-01
1.516725e-01
1.517226e-01
1.517721e-01
1.518222e-01
1.518718e-01
1.519219e-01
1.519715e-01
1.520215e-01
1.520712e-01
1.521212e-01
1.521709e-01
1.522197e-01
1.522684e-01
1.523172e-01
1.523659e-01
1.524146e-01
1.524634e-01
1.525122e-01
1.525610e-01
1.526100e-01
1.526592e-01
1.527084e-01
1.527578e-01
1.528074e-01
1.528570e-01
1.529068e-01
1.529566e-01
1.530066e-01
1.530566e-01
1.531068e-01
1.531571e-01
1.532074e-01
1.532579e-01
1.533085e-01
1.533592e-01
1.534101e-01
1.534611e-01
1.535124e-01
1.535628e-01
1.536142e-01
1.536646e-01
1.537155e-01
1.537659e-01
1.538151e-01
1.538642e-01
1.539134e-01
1.539625e-01
1.540115e-01
1.540606e-01
1.541097e-01
1.541589e-01
1.542082e-01
1.542576e-01
1.543071e-01
1.543567e-01
1.544064e-01
1.544563e-01
1.545062e-01
1.545562e-01
1.546063e-01
1.546564e-01
1.547066e-01
1.547569e-01
1.548072e-01
1.548576e-01
1.549081e-01
1.549587e-01
1.550093e-01
1.550600e-01
1.551108e-01
1.551617e-01
1.552128e-01
1.552639e-01
1.553153e-01
1.553668e-01
1.554185e-01
1.554705e-01
1.555228e-01
1.555753e-01
1.556245e-01
1.556737e-01
1.557229e-01
1.557720e-01
1.558210e-01
1.558701e-01
1.559192e-01
1.559683e-01
1.560176e-01
1.560670e-01
1.561165e-01
1.561660e-01
1.562157e-01
1.562655e-01
1.563153e-01
1.563653e-01
1.564153e-01
1.564654e-01
1.565156e-01
1.565659e-01
1.566162e-01
1.566667e-01
1.567173e-01
1.567681e-01
1.568190e-01
1.568701e-01
1.569214e-01
1.569729e-01
1.570248e-01
1.570770e-01
1.571259e-01
1.571747e-01
1.572235e-01
1.572722e-01
1.573210e-01
1.573697e-01
1.574185e-01
1.574674e-01
1.575164e-01
1.575656e-01
1.576149e-01
1.576643e-01
1.577139e-01
1.577636e-01
1.578134e-01
1.578634e-01
1.579135e-01
1.579638e-01
1.580143e-01
1.580649e-01
1.581158e-01
1.581668e-01
1.582182e-01
1.582698e-01
1.583186e-01
1.583674e-01
1.584161e-01
1.584648e-01
1.585135e-01
1.585622e-01
1.586109e-01
1.586597e-01
1.587086e-01
1.587576e-01
1.588067e-01
1.588561e-01
1.589056e-01
1.589552e-01
1.590050e-01
1.590550e-01
1.591051e-01
1.591554e-01
1.592058e-01
1.592564e-01
1.593073e-01
1.593583e-01
1.594096e-01
1.594611e-01
1.595129e-01
1.595619e-01
1.596109e-01
1.596598e-01
1.597088e-01
1.597577e-01
1.598066e-01
1.598555e-01
1.599045e-01
1.599535e-01
1.600027e-01
1.600521e-01
1.601015e-01
1.601512e-01
1.602009e-01
1.602508e-01
1.603009e-01
1.603511e-01
1.604014e-01
1.604519e-01
1.605026e-01
1.605533e-01
1.606043e-01
1.606554e-01
1.607067e-01
1.607583e-01
1.608100e-01
1.608621e-01
1.609114e-01
1.609606e-01
1.610098e-01
1.610590e-01
1.611082e-01
1.611574e-01
1.612065e-01
1.612557e-01
1.613049e-01
1.613543e-01
1.614038e-01
1.614534e-01
1.615032e-01
1.615530e-01
1.616030e-01
1.616532e-01
1.617034e-01
1.617537e-01
1.618041e-01
1.618547e-01
1.619054e-01
1.619561e-01
1.620070e-01
1.620581e-01
1.621092e-01
1.621606e-01
1.622121e-01
1.622638e-01
1.623158e-01
1.623679e-01
1.624205e-01
1.624699e-01
1.625194e-01
1.625688e-01
1.626182e-01
1.626676e-01
1.627169e-01
1.627663e-01
1.628157e-01
1.628652e-01
1.629148e-01
1.629646e-01
1.630144e-01
1.630644e-01
1.631145e-01
1.631647e-01
1.632150e-01
1.632654e-01
1.633159e-01
1.633664e-01
1.634171e-01
1.634678e-01
1.635186e-01
1.635695e-01
1.636205e-01
1.636715e-01
1.637227e-01
1.637739e-01
1.638253e-01
1.638768e-01
1.639285e-01
1.639804e-01
1.640324e-01
1.640833e-01
1.641351e-01
1.641860e-01
1.642358e-01
1.642856e-01
1.643353e-01
1.643850e-01
1.644347e-01
1.644844e-01
1.645341e-01
1.645838e-01
1.646336e-01
1.646833e-01
1.647329e-01
1.647824e-01
1.648319e-01
1.648813e-01
1.649306e-01
1.649799e-01
1.650290e-01
1.650782e-01
1.651273e-01
1.651763e-01
1.652253e-01
1.652742e-01
1.653231e-01
1.653720e-01
1.654208e-01
1.654696e-01
1.655184e-01
1.655671e-01
1.656159e-01
1.656646e-01
1.657133e-01
1.657621e-01
1.658108e-01
1.658595e-01
1.659082e-01
1.659569e-01
1.660056e-01
1.660543e-01
1.661030e-01
1.661517e-01
1.662004e-01
1.662491e-01
1.662978e-01
1.663514e-01
1.664088e-01
1.664664e-01
1.665240e-01
1.665817e-01
1.666395e-01
1.666974e-01
1.667554e-01
1.668135e-01
1.668716e-01
1.669299e-01
1.669883e-01
1.670468e-01
1.671053e-01
1.671640e-01
1.672228e-01
1.672816e-01
1.673406e-01
1.673997e-01
1.674589e-01
1.675182e-01
1.675776e-01
1.676370e-01
1.676966e-01
1.677563e-01
1.678161e-01
1.678760e-01
1.679360e-01
1.679960e-01
1.680562e-01
1.681165e-01
1.681769e-01
1.682373e-01
1.682979e-01
1.683585e-01
1.684192e-01
1.684800e-01
1.685203e-01
1.685620e-01
1.686053e-01
1.686501e-01
1.686911e-01
1.687337e-01
1.687778e-01
1.688202e-01
1.688642e-01
1.689071e-01
1.689518e-01
1.689953e-01
1.690408e-01
1.690850e-01
1.691285e-01
1.691746e-01
1.692188e-01
1.692643e-01
1.693096e-01
1.693560e-01
1.694021e-01
1.694488e-01
1.694956e-01
1.695431e-01
1.695904e-01
1.696385e-01
1.696864e-01
1.697350e-01
1.697835e-01
1.698327e-01
1.698818e-01
1.699317e-01
1.699814e-01
1.700320e-01
1.700824e-01
1.701338e-01
1.701849e-01
1.702372e-01
1.702892e-01
1.703423e-01
1.703952e-01
1.704492e-01
1.705049e-01
1.705619e-01
1.706203e-01
1.706798e-01
1.707405e-01
1.708012e-01
1.708619e-01
1.709226e-01
1.709833e-01
1.710439e-01
1.711046e-01
1.711652e-01
1.712258e-01
1.712865e-01
1.713471e-01
1.714077e-01
1.714683e-01
1.715289e-01
1.715894e-01
1.716500e-01
1.717106e-01
1.717711e-01
1.718316e-01
1.718922e-01
1.719527e-01
1.720132e-01
1.720737e-01
1.721342e-01
1.721947e-01
1.722552e-01
1.723157e-01
1.723761e-01
1.724366e-01
1.724970e-01
1.725575e-01
1.726179e-01
1.726783e-01
1.727387e-01
1.727991e-01
1.728595e-01
1.729199e-01
1.729803e-01
1.730407e-01
1.731010e-01
1.731614e-01
1.732217e-01
1.732820e-01
1.733423e-01
1.734027e-01
1.734629e-01
1.735232e-01
1.735835e-01
1.736438e-01
1.737040e-01
1.737643e-01
1.738245e-01
1.738848e-01
1.739450e-01
1.740052e-01
1.740654e-01
1.741256e-01
1.741858e-01
1.742459e-01
1.743061e-01
1.743663e-01
1.744264e-01
1.744865e-01
1.745466e-01
1.746067e-01
1.746668e-01
1.747269e-01
1.747764e-01
1.748275e-01
1.748770e-01
1.749277e-01
1.749773e-01
1.750278e-01
1.750774e-01
1.751278e-01
1.751774e-01
1.752283e-01
1.752777e-01
1.753279e-01
1.753773e-01
1.754274e-01
1.754768e-01
1.755269e-01
1.755763e-01
1.756267e-01
1.756762e-01
1.757268e-01
1.757763e-01
1.758270e-01
1.758765e-01
1.759271e-01
1.759767e-01
1.760277e-01
1.760773e-01
1.761282e-01
1.761779e-01
1.762288e-01
1.762785e-01
1.763294e-01
1.763817e-01
1.764321e-01
1.764838e-01
1.765343e-01
1.765860e-01
1.766363e-01
1.766878e-01
1.767383e-01
1.767899e-01
1.768404e-01
1.768922e-01
1.769429e-01
1.769947e-01
1.770481e-01
1.771030e-01
1.771596e-01
1.772181e-01
1.772784e-01
1.773387e-01
1.773990e-01
1.774593e-01
1.775196e-01
1.775799e-01
1.776402e-01
1.777005e-01
1.777608e-01
1.778210e-01
1.778813e-01
1.779416e-01
1.780018e-01
1.780620e-01
1.781223e-01
1.781825e-01
1.782427e-01
1.783029e-01
1.783631e-01
1.784233e-01
1.784835e-01
1.785437e-01
1.786038e-01
1.786639e-01
1.787241e-01
1.787842e-01
1.788443e-01
1.789044e-01
1.789644e-01
1.790245e-01
1.790845e-01
1.791445e-01
1.792045e-01
1.792645e-01
1.793245e-01
1.793844e-01
1.794443e-01
1.795043e-01
1.795641e-01
1.796240e-01
1.796838e-01
1.797437e-01
1.798035e-01
1.798632e-01
1.799230e-01
1.799827e-01
1.800425e-01
1.801022e-01
1.801619e-01
1.802215e-01
1.802812e-01
1.803409e-01
1.804006e-01
1.804602e-01
1.805198e-01
1.805789e-01
1.806385e-01
1.806981e-01
1.807577e-01
1.808173e-01
1.808768e-01
1.809364e-01
1.809959e-01
1.810554e-01
1.811150e-01
1.811745e-01
1.812339e-01
1.812903e-01
1.813482e-01
1.814076e-01
1.814671e-01
1.815234e-01
1.815811e-01
1.816401e-01
1.816995e-01
1.817589e-01
1.818183e-01
1.818766e-01
1.819360e-01
1.819953e-01
1.820544e-01
1.821137e-01
1.821730e-01
1.822323e-01
1.822914e-01
1.823506e-01
1.824099e-01
1.824692e-01
1.825285e-01
1.825877e-01
1.826470e-01
1.827062e-01
1.827654e-01
1.828247e-01
1.828839e-01
1.829431e-01
1.830023e-01
1.830615e-01
1.831206e-01
1.831798e-01
1.832390e-01
1.832982e-01
1.833574e-01
1.834149e-01
1.834727e-01
1.835319e-01
1.835910e-01
1.836502e-01
1.837094e-01
1.837686e-01
1.838277e-01
1.838869e-01
1.839461e-01
1.840053e-01
1.840645e-01
1.841236e-01
1.841828e-01
1.842420e-01
1.843012e-01
1.843603e-01
1.844195e-01
1.844787e-01
1.845379e-01
1.845970e-01
1.846562e-01
1.847153e-01
1.847745e-01
1.848247e-01
1.848773e-01
1.849275e-01
1.849791e-01
1.850293e-01
1.850807e-01
1.851309e-01
1.851822e-01
1.852322e-01
1.852834e-01
1.853334e-01
1.853843e-01
1.854344e-01
1.854870e-01
1.855414e-01
1.855965e-01
1.856515e-01
1.857066e-01
1.857616e-01
1.858161e-01
1.858707e-01
1.859257e-01
1.859811e-01
1.860368e-01
1.860930e-01
1.861497e-01
1.862068e-01
1.862637e-01
1.863203e-01
1.863769e-01
1.864333e-01
1.864899e-01
1.865464e-01
1.866018e-01
1.866575e-01
1.867136e-01
1.867701e-01
1.868267e-01
1.868830e-01
1.869389e-01
1.869955e-01
1.870510e-01
1.871074e-01
1.871628e-01
1.872193e-01
1.872749e-01
1.873316e-01
1.873869e-01
1.874424e-01
1.874982e-01
1.875544e-01
1.876105e-01
1.876673e-01
1.877233e-01
1.877802e-01
1.878367e-01
1.878929e-01
1.879504e-01
1.880082e-01
1.880655e-01
1.881224e-01
1.881779e-01
1.882339e-01
1.882905e-01
1.883478e-01
1.884065e-01
1.884655e-01
1.885248e-01
1.885840e-01
1.886432e-01
1.887025e-01
1.887617e-01
1.888168e-01
1.888722e-01
1.889282e-01
1.889849e-01
1.890425e-01
1.891013e-01
1.891587e-01
1.892164e-01
1.892730e-01
1.893300e-01
1.893863e-01
1.894429e-01
1.894990e-01
1.895554e-01
1.896113e-01
1.896675e-01
1.897233e-01
1.897794e-01
1.898352e-01
1.898913e-01
1.899472e-01
1.900035e-01
1.900596e-01
1.901163e-01
1.901729e-01
1.902300e-01
1.902858e-01
1.903419e-01
1.903984e-01
1.904555e-01
1.905132e-01
1.905723e-01
1.906314e-01
1.906905e-01
1.907497e-01
1.908088e-01
1.908680e-01
1.909272e-01
1.909864e-01
1.910456e-01
1.911013e-01
1.911572e-01
1.912134e-01
1.912700e-01
1.913271e-01
1.913861e-01
1.914454e-01
1.915047e-01
1.915640e-01
1.916234e-01
1.916827e-01
1.917421e-01
1.918015e-01
1.918608e-01
1.919162e-01
1.919718e-01
1.920278e-01
1.920841e-01
1.921410e-01
1.921997e-01
1.922591e-01
1.923185e-01
1.923779e-01
1.924373e-01
1.924916e-01
1.925463e-01
1.926012e-01
1.926564e-01
1.927119e-01
1.927678e-01
1.928240e-01
1.928807e-01
1.929379e-01
1.929971e-01
1.930565e-01
1.931158e-01
1.931752e-01
1.932345e-01
1.932893e-01
1.933442e-01
1.933993e-01
1.934546e-01
1.935101e-01
1.935660e-01
1.936221e-01
1.936786e-01
1.937355e-01
1.937928e-01
1.938507e-01
1.939100e-01
1.939614e-01
1.940144e-01
1.940686e-01
1.941213e-01
1.941734e-01
1.942250e-01
1.942772e-01
1.943310e-01
1.943815e-01
1.944335e-01
1.944840e-01
1.945369e-01
1.945875e-01
1.946402e-01
1.946908e-01
1.947432e-01
1.947979e-01
1.948553e-01
1.949095e-01
1.949641e-01
1.950189e-01
1.950739e-01
1.951292e-01
1.951845e-01
1.952400e-01
1.952957e-01
1.953480e-01
1.954033e-01
1.954600e-01
1.955170e-01
1.955745e-01
1.956325e-01
1.956833e-01
1.957355e-01
1.957863e-01
1.958385e-01
1.958922e-01
1.959439e-01
1.959969e-01
1.960513e-01
1.960995e-01
1.961485e-01
1.961966e-01
1.962457e-01
1.962938e-01
1.963428e-01
1.963910e-01
1.964396e-01
1.964878e-01
1.965364e-01
1.965846e-01
1.966332e-01
1.966813e-01
1.967299e-01
1.967781e-01
1.968267e-01
1.968749e-01
1.969236e-01
1.969718e-01
1.970204e-01
1.970686e-01
1.971206e-01
1.971722e-01
1.972243e-01
1.972814e-01
1.973389e-01
1.973897e-01
1.974417e-01
1.974925e-01
1.975446e-01
1.975952e-01
1.976468e-01
1.976974e-01
1.977498e-01
1.978014e-01
1.978536e-01
1.979053e-01
1.979575e-01
1.980058e-01
1.980585e-01
1.981153e-01
1.981724e-01
1.982231e-01
1.982759e-01
1.983265e-01
1.983784e-01
1.984269e-01
1.984790e-01
1.985329e-01
1.985877e-01
1.986395e-01
1.986917e-01
1.987434e-01
1.987956e-01
1.988444e-01
1.988964e-01
1.989452e-01
1.989966e-01
1.990473e-01
1.990993e-01
1.991500e-01
1.992020e-01
1.992528e-01
1.993045e-01
1.993575e-01
1.994087e-01
1.994605e-01
1.995128e-01
1.995646e-01
1.996169e-01
1.996687e-01
1.997210e-01
1.997699e-01
1.998221e-01
1.998770e-01
1.999320e-01
1.999827e-01
2.000350e-01
2.000857e-01
2.001377e-01
