# 1  : Date
# 2  : Temps elapsed min (mus)
# 3  : Rang temps elapsed min
# 4  : Noeud temps elapsed min
# 5  : Temps elapsed max (mus)
# 6  : Rang temps elapsed max
# 7  : Noeud temps elapsed max
# 8  : Grind time (mus/maille/cycle)
# 9  : Grind time équivalent séquentiel (#8 X nb_de_coeurs)
#     1     2     3     4      5      6      7       8      9
#   ATTENTION  les temps cpu schémas sont données dans l'ordre alphabétique des schémas WARNING
#  10: TELAPS Hydro (mus)
1.393646e-04   4.046e+04 0 inti1213   4.066e+04 3 inti1213   2.939e-01 4.703e+00  3.185e+04
3.641655e-04   4.122e+04 0 inti1213   4.133e+04 3 inti1213   2.965e-01 4.743e+00  3.252e+04
6.905399e-04   4.334e+04 0 inti1213   4.343e+04 3 inti1213   3.075e-01 4.920e+00  3.293e+04
1.097790e-03   4.262e+04 0 inti1213   4.281e+04 3 inti1213   2.987e-01 4.779e+00  3.371e+04
1.569649e-03   4.406e+04 1 inti1213   4.415e+04 3 inti1213   3.018e-01 4.829e+00  3.490e+04
2.107486e-03   4.435e+04 1 inti1213   4.444e+04 3 inti1213   2.989e-01 4.782e+00  3.534e+04
2.715057e-03   4.845e+04 0 inti1213   4.855e+04 3 inti1213   3.187e-01 5.100e+00  3.739e+04
3.359318e-03   4.534e+04 0 inti1213   4.556e+04 3 inti1213   2.930e-01 4.688e+00  3.621e+04
3.905212e-03   4.635e+04 0 inti1213   4.647e+04 3 inti1213   2.965e-01 4.744e+00  3.731e+04
4.430564e-03   4.702e+04 0 inti1213   4.714e+04 3 inti1213   2.958e-01 4.733e+00  3.785e+04
4.957400e-03   4.859e+04 0 inti1213   4.880e+04 3 inti1213   2.995e-01 4.793e+00  3.922e+04
5.454233e-03   4.762e+04 0 inti1213   4.766e+04 3 inti1213   2.871e-01 4.594e+00  3.829e+04
5.934369e-03   4.878e+04 0 inti1213   4.884e+04 3 inti1213   2.880e-01 4.608e+00  3.949e+04
6.406665e-03   5.005e+04 0 inti1213   5.012e+04 3 inti1213   2.903e-01 4.644e+00  4.055e+04
6.872618e-03   5.087e+04 0 inti1213   5.101e+04 3 inti1213   2.891e-01 4.625e+00  4.127e+04
7.341508e-03   5.074e+04 1 inti1213   5.076e+04 2 inti1213   2.832e-01 4.531e+00  4.095e+04
7.821800e-03   5.114e+04 1 inti1213   5.119e+04 3 inti1213   2.805e-01 4.487e+00  4.138e+04
8.325039e-03   5.182e+04 1 inti1213   5.186e+04 3 inti1213   2.799e-01 4.478e+00  4.198e+04
8.801955e-03   5.310e+04 0 inti1213   5.322e+04 3 inti1213   2.816e-01 4.506e+00  4.320e+04
9.252744e-03   5.911e+04 1 inti1213   5.918e+04 3 inti1213   3.091e-01 4.946e+00  4.911e+04
9.719839e-03   5.703e+04 0 inti1213   5.707e+04 3 inti1213   2.929e-01 4.687e+00  4.646e+04
1.020522e-02   5.736e+04 0 inti1213   5.748e+04 3 inti1213   2.908e-01 4.652e+00  4.674e+04
1.071204e-02   5.858e+04 0 inti1213   5.860e+04 1 inti1213   2.908e-01 4.653e+00  4.789e+04
1.124139e-02   5.963e+04 0 inti1213   5.967e+04 3 inti1213   2.918e-01 4.669e+00  4.892e+04
1.182768e-02   6.184e+04 0 inti1213   6.196e+04 1 inti1213   2.971e-01 4.753e+00  5.091e+04
1.249887e-02   6.142e+04 0 inti1213   6.156e+04 3 inti1213   2.900e-01 4.640e+00  5.055e+04
1.323822e-02   6.707e+04 0 inti1213   6.715e+04 3 inti1213   3.090e-01 4.943e+00  5.290e+04
1.396250e-02   6.209e+04 0 inti1213   6.225e+04 3 inti1213   2.813e-01 4.500e+00  5.065e+04
1.466557e-02   6.336e+04 0 inti1213   6.349e+04 3 inti1213   2.805e-01 4.488e+00  5.194e+04
1.535913e-02   6.448e+04 0 inti1213   6.454e+04 3 inti1213   2.803e-01 4.485e+00  5.286e+04
1.605286e-02   6.618e+04 0 inti1213   6.626e+04 3 inti1213   2.816e-01 4.506e+00  5.458e+04
1.675457e-02   6.595e+04 0 inti1213   6.603e+04 3 inti1213   2.761e-01 4.418e+00  5.407e+04
1.747316e-02   6.700e+04 0 inti1213   6.718e+04 3 inti1213   2.748e-01 4.397e+00  5.527e+04
1.821372e-02   6.847e+04 0 inti1213   6.864e+04 3 inti1213   2.761e-01 4.418e+00  5.668e+04
1.897600e-02   6.985e+04 0 inti1213   6.993e+04 3 inti1213   2.752e-01 4.402e+00  5.771e+04
1.975705e-02   7.257e+04 0 inti1213   7.272e+04 3 inti1213   2.812e-01 4.500e+00  5.943e+04
2.055297e-02   7.456e+04 0 inti1213   7.475e+04 3 inti1213   2.825e-01 4.520e+00  6.091e+04
2.136303e-02   7.287e+04 0 inti1213   7.294e+04 3 inti1213   2.708e-01 4.333e+00  5.958e+04
2.218956e-02   7.421e+04 0 inti1213   7.425e+04 3 inti1213   2.697e-01 4.314e+00  6.065e+04
2.303504e-02   7.504e+04 0 inti1213   7.517e+04 3 inti1213   2.683e-01 4.293e+00  6.152e+04
2.390020e-02   7.664e+04 0 inti1213   7.668e+04 3 inti1213   2.680e-01 4.287e+00  6.315e+04
2.478057e-02   7.747e+04 0 inti1213   7.754e+04 3 inti1213   2.664e-01 4.262e+00  6.386e+04
2.561974e-02   7.938e+04 2 inti1213   7.939e+04 3 inti1213   2.675e-01 4.281e+00  6.546e+04
2.646157e-02   8.070e+04 0 inti1213   8.084e+04 3 inti1213   2.683e-01 4.293e+00  6.663e+04
2.731913e-02   8.212e+04 0 inti1213   8.216e+04 3 inti1213   2.676e-01 4.281e+00  6.780e+04
2.798093e-02   8.238e+04 0 inti1213   8.244e+04 3 inti1213   2.652e-01 4.243e+00  6.799e+04
2.861587e-02   8.276e+04 0 inti1213   8.280e+04 3 inti1213   2.628e-01 4.205e+00  6.833e+04
2.946921e-02   8.259e+04 0 inti1213   8.273e+04 3 inti1213   2.590e-01 4.145e+00  6.818e+04
3.020043e-02   8.525e+04 0 inti1213   8.530e+04 3 inti1213   2.630e-01 4.208e+00  7.078e+04
3.087891e-02   8.496e+04 0 inti1213   8.502e+04 3 inti1213   2.591e-01 4.146e+00  7.043e+04
3.153636e-02   8.595e+04 0 inti1213   8.609e+04 3 inti1213   2.591e-01 4.146e+00  7.141e+04
3.222949e-02   8.530e+04 0 inti1213   8.534e+04 3 inti1213   2.540e-01 4.064e+00  7.069e+04
3.292410e-02   8.595e+04 2 inti1213   8.601e+04 3 inti1213   2.526e-01 4.042e+00  7.108e+04
3.365293e-02   8.612e+04 0 inti1213   8.617e+04 3 inti1213   2.506e-01 4.009e+00  7.121e+04
3.438146e-02   8.681e+04 0 inti1213   8.692e+04 3 inti1213   2.497e-01 3.995e+00  7.198e+04
3.511538e-02   8.730e+04 0 inti1213   8.733e+04 3 inti1213   2.486e-01 3.977e+00  7.233e+04
3.583693e-02   8.990e+04 0 inti1213   8.994e+04 3 inti1213   2.531e-01 4.050e+00  7.455e+04
3.655285e-02   8.881e+04 0 inti1213   8.885e+04 3 inti1213   2.479e-01 3.966e+00  7.380e+04
3.725996e-02   8.887e+04 0 inti1213   8.902e+04 3 inti1213   2.458e-01 3.932e+00  7.385e+04
3.796202e-02   9.080e+04 0 inti1213   9.093e+04 3 inti1213   2.491e-01 3.986e+00  7.550e+04
3.867409e-02   9.038e+04 0 inti1213   9.042e+04 3 inti1213   2.452e-01 3.923e+00  7.495e+04
3.938491e-02   8.970e+04 0 inti1213   8.982e+04 3 inti1213   2.417e-01 3.867e+00  7.454e+04
4.010216e-02   9.782e+04 0 inti1213   9.795e+04 3 inti1213   2.609e-01 4.174e+00  7.936e+04
4.081689e-02   9.046e+04 0 inti1213   9.062e+04 3 inti1213   2.394e-01 3.831e+00  7.510e+04
4.150950e-02   9.083e+04 0 inti1213   9.089e+04 3 inti1213   2.380e-01 3.807e+00  7.549e+04
4.214579e-02   9.520e+04 0 inti1213   9.537e+04 3 inti1213   2.479e-01 3.966e+00  7.968e+04
4.281688e-02   9.179e+04 0 inti1213   9.184e+04 3 inti1213   2.367e-01 3.787e+00  7.617e+04
4.354117e-02   9.206e+04 0 inti1213   9.211e+04 3 inti1213   2.356e-01 3.769e+00  7.638e+04
4.430265e-02   9.284e+04 0 inti1213   9.290e+04 3 inti1213   2.353e-01 3.764e+00  7.729e+04
4.502021e-02   9.382e+04 0 inti1213   9.386e+04 3 inti1213   2.359e-01 3.774e+00  7.795e+04
4.570782e-02   9.377e+04 0 inti1213   9.394e+04 3 inti1213   2.340e-01 3.744e+00  7.814e+04
4.640463e-02   9.426e+04 0 inti1213   9.434e+04 3 inti1213   2.333e-01 3.733e+00  7.841e+04
4.713107e-02   9.506e+04 0 inti1213   9.522e+04 3 inti1213   2.334e-01 3.735e+00  7.903e+04
4.782605e-02   9.626e+04 0 inti1213   9.644e+04 3 inti1213   2.347e-01 3.755e+00  8.020e+04
4.855174e-02   9.748e+04 0 inti1213   9.755e+04 3 inti1213   2.352e-01 3.764e+00  8.098e+04
4.925837e-02   9.746e+04 0 inti1213   9.762e+04 3 inti1213   2.338e-01 3.740e+00  8.100e+04
4.996102e-02   9.809e+04 0 inti1213   9.826e+04 3 inti1213   2.332e-01 3.731e+00  8.145e+04
5.067014e-02   9.976e+04 0 inti1213   9.985e+04 3 inti1213   2.353e-01 3.765e+00  8.310e+04
5.138305e-02   1.015e+05 0 inti1213   1.016e+05 3 inti1213   2.373e-01 3.796e+00  8.444e+04
5.210255e-02   9.975e+04 0 inti1213   9.992e+04 3 inti1213   2.316e-01 3.705e+00  8.307e+04
5.282722e-02   1.005e+05 0 inti1213   1.007e+05 3 inti1213   2.314e-01 3.703e+00  8.336e+04
5.359770e-02   1.008e+05 0 inti1213   1.009e+05 3 inti1213   2.300e-01 3.680e+00  8.378e+04
5.431339e-02   1.035e+05 0 inti1213   1.036e+05 3 inti1213   2.341e-01 3.746e+00  8.630e+04
5.505061e-02   1.020e+05 0 inti1213   1.022e+05 3 inti1213   2.290e-01 3.664e+00  8.482e+04
5.577042e-02   1.061e+05 0 inti1213   1.062e+05 3 inti1213   2.358e-01 3.772e+00  8.892e+04
5.649380e-02   1.068e+05 0 inti1213   1.069e+05 3 inti1213   2.354e-01 3.767e+00  8.961e+04
5.720516e-02   1.071e+05 1 inti1213   1.072e+05 3 inti1213   2.341e-01 3.745e+00  8.994e+04
5.792386e-02   1.077e+05 0 inti1213   1.079e+05 3 inti1213   2.339e-01 3.742e+00  9.046e+04
5.862407e-02   1.087e+05 1 inti1213   1.088e+05 3 inti1213   2.337e-01 3.739e+00  9.128e+04
5.933624e-02   1.090e+05 0 inti1213   1.092e+05 3 inti1213   2.329e-01 3.726e+00  9.148e+04
6.006377e-02   1.103e+05 0 inti1213   1.105e+05 3 inti1213   2.335e-01 3.735e+00  9.269e+04
6.077329e-02   1.086e+05 0 inti1213   1.087e+05 3 inti1213   2.281e-01 3.650e+00  9.100e+04
6.148585e-02   1.087e+05 0 inti1213   1.088e+05 3 inti1213   2.261e-01 3.618e+00  9.090e+04
6.220552e-02   1.089e+05 0 inti1213   1.090e+05 3 inti1213   2.250e-01 3.599e+00  9.106e+04
6.291307e-02   1.100e+05 0 inti1213   1.102e+05 3 inti1213   2.255e-01 3.608e+00  9.207e+04
6.363281e-02   1.119e+05 0 inti1213   1.120e+05 3 inti1213   2.275e-01 3.640e+00  9.318e+04
6.434582e-02   1.115e+05 1 inti1213   1.116e+05 3 inti1213   2.249e-01 3.598e+00  9.330e+04
6.507249e-02   1.116e+05 1 inti1213   1.117e+05 3 inti1213   2.234e-01 3.574e+00  9.350e+04
6.579630e-02   1.129e+05 0 inti1213   1.130e+05 3 inti1213   2.242e-01 3.587e+00  9.459e+04
6.651757e-02   1.134e+05 1 inti1213   1.135e+05 3 inti1213   2.234e-01 3.574e+00  9.511e+04
6.724903e-02   1.160e+05 0 inti1213   1.161e+05 2 inti1213   2.267e-01 3.627e+00  9.745e+04
6.796746e-02   1.144e+05 0 inti1213   1.146e+05 3 inti1213   2.223e-01 3.557e+00  9.612e+04
6.870355e-02   1.155e+05 0 inti1213   1.156e+05 3 inti1213   2.224e-01 3.558e+00  9.682e+04
6.942442e-02   1.165e+05 1 inti1213   1.166e+05 2 inti1213   2.229e-01 3.566e+00  9.781e+04
7.015149e-02   1.168e+05 1 inti1213   1.169e+05 2 inti1213   2.216e-01 3.546e+00  9.772e+04
7.090411e-02   1.202e+05 0 inti1213   1.204e+05 2 inti1213   2.268e-01 3.629e+00  1.012e+05
7.162202e-02   1.180e+05 1 inti1213   1.181e+05 3 inti1213   2.208e-01 3.533e+00  9.892e+04
7.234653e-02   1.179e+05 0 inti1213   1.181e+05 2 inti1213   2.193e-01 3.509e+00  9.894e+04
7.308263e-02   1.190e+05 1 inti1213   1.191e+05 2 inti1213   2.196e-01 3.513e+00  9.994e+04
7.381697e-02   1.199e+05 0 inti1213   1.201e+05 2 inti1213   2.200e-01 3.520e+00  1.007e+05
7.455080e-02   1.228e+05 1 inti1213   1.229e+05 3 inti1213   2.235e-01 3.575e+00  1.033e+05
7.530561e-02   1.222e+05 0 inti1213   1.224e+05 2 inti1213   2.211e-01 3.538e+00  1.029e+05
7.605439e-02   1.231e+05 1 inti1213   1.233e+05 2 inti1213   2.211e-01 3.538e+00  1.036e+05
7.681057e-02   1.262e+05 0 inti1213   1.263e+05 2 inti1213   2.252e-01 3.603e+00  1.063e+05
7.759412e-02   1.252e+05 1 inti1213   1.253e+05 2 inti1213   2.218e-01 3.548e+00  1.052e+05
7.835836e-02   1.265e+05 0 inti1213   1.266e+05 2 inti1213   2.226e-01 3.562e+00  1.061e+05
7.913343e-02   1.259e+05 0 inti1213   1.261e+05 2 inti1213   2.201e-01 3.521e+00  1.060e+05
7.990857e-02   1.263e+05 0 inti1213   1.265e+05 3 inti1213   2.195e-01 3.511e+00  1.064e+05
8.068501e-02   1.295e+05 1 inti1213   1.296e+05 3 inti1213   2.232e-01 3.571e+00  1.091e+05
8.155131e-02   1.303e+05 0 inti1213   1.304e+05 3 inti1213   2.232e-01 3.571e+00  1.098e+05
8.240862e-02   1.302e+05 0 inti1213   1.303e+05 2 inti1213   2.212e-01 3.540e+00  1.106e+05
8.324283e-02   1.298e+05 1 inti1213   1.299e+05 2 inti1213   2.193e-01 3.508e+00  1.104e+05
8.404616e-02   1.305e+05 0 inti1213   1.306e+05 2 inti1213   2.188e-01 3.501e+00  1.111e+05
8.495236e-02   1.308e+05 0 inti1213   1.310e+05 2 inti1213   2.182e-01 3.490e+00  1.113e+05
8.602887e-02   1.314e+05 1 inti1213   1.315e+05 2 inti1213   2.169e-01 3.471e+00  1.118e+05
8.711665e-02   1.315e+05 0 inti1213   1.316e+05 2 inti1213   2.155e-01 3.448e+00  1.120e+05
8.802151e-02   1.319e+05 0 inti1213   1.320e+05 2 inti1213   2.143e-01 3.429e+00  1.121e+05
8.881348e-02   1.331e+05 0 inti1213   1.333e+05 2 inti1213   2.152e-01 3.443e+00  1.132e+05
8.962993e-02   1.345e+05 0 inti1213   1.346e+05 2 inti1213   2.159e-01 3.454e+00  1.143e+05
9.054583e-02   1.348e+05 0 inti1213   1.350e+05 2 inti1213   2.154e-01 3.446e+00  1.148e+05
9.134958e-02   1.352e+05 0 inti1213   1.354e+05 2 inti1213   2.144e-01 3.431e+00  1.149e+05
9.214711e-02   1.359e+05 1 inti1213   1.360e+05 2 inti1213   2.143e-01 3.429e+00  1.156e+05
9.297243e-02   1.370e+05 0 inti1213   1.371e+05 2 inti1213   2.146e-01 3.434e+00  1.165e+05
9.383760e-02   1.412e+05 0 inti1213   1.414e+05 3 inti1213   2.201e-01 3.521e+00  1.205e+05
9.464041e-02   1.388e+05 0 inti1213   1.390e+05 2 inti1213   2.151e-01 3.442e+00  1.182e+05
9.544661e-02   1.399e+05 1 inti1213   1.400e+05 2 inti1213   2.155e-01 3.448e+00  1.189e+05
9.627636e-02   1.408e+05 0 inti1213   1.409e+05 2 inti1213   2.156e-01 3.450e+00  1.197e+05
9.707768e-02   1.422e+05 0 inti1213   1.424e+05 2 inti1213   2.169e-01 3.470e+00  1.210e+05
9.788743e-02   1.415e+05 0 inti1213   1.417e+05 2 inti1213   2.145e-01 3.431e+00  1.202e+05
9.871680e-02   1.429e+05 0 inti1213   1.431e+05 2 inti1213   2.157e-01 3.450e+00  1.217e+05
9.952523e-02   1.439e+05 0 inti1213   1.440e+05 2 inti1213   2.157e-01 3.451e+00  1.222e+05
1.003353e-01   1.451e+05 0 inti1213   1.453e+05 2 inti1213   2.167e-01 3.467e+00  1.235e+05
1.011512e-01   1.477e+05 1 inti1213   1.478e+05 2 inti1213   2.192e-01 3.507e+00  1.260e+05
1.019954e-01   1.473e+05 1 inti1213   1.474e+05 2 inti1213   2.176e-01 3.482e+00  1.257e+05
1.028151e-01   1.478e+05 0 inti1213   1.480e+05 2 inti1213   2.173e-01 3.476e+00  1.260e+05
1.036329e-01   1.481e+05 0 inti1213   1.484e+05 2 inti1213   2.169e-01 3.470e+00  1.264e+05
1.044566e-01   1.501e+05 0 inti1213   1.502e+05 2 inti1213   2.184e-01 3.495e+00  1.278e+05
1.053009e-01   1.496e+05 1 inti1213   1.497e+05 2 inti1213   2.168e-01 3.470e+00  1.276e+05
1.061196e-01   1.518e+05 1 inti1213   1.519e+05 2 inti1213   2.189e-01 3.502e+00  1.294e+05
1.069497e-01   1.527e+05 0 inti1213   1.529e+05 2 inti1213   2.194e-01 3.511e+00  1.308e+05
1.077835e-01   1.531e+05 1 inti1213   1.532e+05 2 inti1213   2.189e-01 3.502e+00  1.313e+05
1.086108e-01   1.525e+05 0 inti1213   1.526e+05 2 inti1213   2.172e-01 3.475e+00  1.309e+05
1.094224e-01   1.527e+05 0 inti1213   1.529e+05 2 inti1213   2.166e-01 3.466e+00  1.310e+05
1.102417e-01   1.534e+05 0 inti1213   1.536e+05 2 inti1213   2.167e-01 3.468e+00  1.318e+05
1.110779e-01   1.542e+05 1 inti1213   1.543e+05 2 inti1213   2.168e-01 3.469e+00  1.323e+05
1.119036e-01   1.540e+05 0 inti1213   1.542e+05 2 inti1213   2.158e-01 3.453e+00  1.323e+05
1.127429e-01   1.541e+05 0 inti1213   1.543e+05 2 inti1213   2.150e-01 3.440e+00  1.324e+05
1.135821e-01   1.546e+05 0 inti1213   1.549e+05 2 inti1213   2.150e-01 3.439e+00  1.329e+05
1.144051e-01   1.550e+05 1 inti1213   1.552e+05 2 inti1213   2.144e-01 3.430e+00  1.333e+05
1.152260e-01   1.552e+05 0 inti1213   1.554e+05 2 inti1213   2.140e-01 3.424e+00  1.335e+05
1.160447e-01   1.564e+05 0 inti1213   1.565e+05 2 inti1213   2.145e-01 3.432e+00  1.345e+05
1.168644e-01   1.558e+05 0 inti1213   1.559e+05 2 inti1213   2.130e-01 3.408e+00  1.342e+05
1.176889e-01   1.566e+05 0 inti1213   1.568e+05 2 inti1213   2.132e-01 3.411e+00  1.347e+05
1.185161e-01   1.579e+05 0 inti1213   1.582e+05 2 inti1213   2.142e-01 3.428e+00  1.358e+05
1.193442e-01   1.582e+05 1 inti1213   1.584e+05 2 inti1213   2.135e-01 3.416e+00  1.362e+05
1.201683e-01   1.680e+05 0 inti1213   1.682e+05 2 inti1213   2.259e-01 3.614e+00  1.415e+05
1.209911e-01   1.586e+05 1 inti1213   1.588e+05 2 inti1213   2.123e-01 3.398e+00  1.364e+05
1.218140e-01   1.600e+05 0 inti1213   1.602e+05 2 inti1213   2.135e-01 3.416e+00  1.376e+05
1.226471e-01   1.605e+05 0 inti1213   1.607e+05 2 inti1213   2.132e-01 3.412e+00  1.379e+05
1.234884e-01   1.607e+05 1 inti1213   1.609e+05 2 inti1213   2.127e-01 3.403e+00  1.384e+05
1.243354e-01   1.625e+05 0 inti1213   1.627e+05 2 inti1213   2.141e-01 3.426e+00  1.401e+05
1.251887e-01   1.628e+05 1 inti1213   1.630e+05 2 inti1213   2.137e-01 3.420e+00  1.403e+05
1.260434e-01   1.641e+05 1 inti1213   1.643e+05 2 inti1213   2.144e-01 3.431e+00  1.415e+05
1.268958e-01   1.641e+05 1 inti1213   1.642e+05 2 inti1213   2.136e-01 3.418e+00  1.415e+05
1.277492e-01   1.659e+05 0 inti1213   1.661e+05 2 inti1213   2.151e-01 3.441e+00  1.430e+05
1.286028e-01   1.678e+05 1 inti1213   1.679e+05 2 inti1213   2.166e-01 3.466e+00  1.447e+05
1.294591e-01   1.674e+05 1 inti1213   1.675e+05 2 inti1213   2.152e-01 3.443e+00  1.446e+05
1.303172e-01   1.680e+05 0 inti1213   1.776e+05 1 inti1213   2.273e-01 3.637e+00  1.450e+05
1.311823e-01   1.685e+05 0 inti1213   1.687e+05 2 inti1213   2.149e-01 3.438e+00  1.456e+05
1.320487e-01   1.703e+05 1 inti1213   1.704e+05 2 inti1213   2.163e-01 3.461e+00  1.473e+05
1.329135e-01   1.708e+05 1 inti1213   1.710e+05 2 inti1213   2.160e-01 3.457e+00  1.478e+05
1.337864e-01   1.726e+05 0 inti1213   1.728e+05 2 inti1213   2.174e-01 3.479e+00  1.495e+05
1.346707e-01   1.750e+05 1 inti1213   1.751e+05 2 inti1213   2.193e-01 3.510e+00  1.520e+05
1.355521e-01   1.716e+05 1 inti1213   1.718e+05 2 inti1213   2.143e-01 3.429e+00  1.484e+05
1.364300e-01   1.719e+05 1 inti1213   1.720e+05 2 inti1213   2.136e-01 3.418e+00  1.486e+05
1.373195e-01   1.726e+05 0 inti1213   1.728e+05 2 inti1213   2.138e-01 3.420e+00  1.492e+05
1.382036e-01   1.762e+05 0 inti1213   1.764e+05 2 inti1213   2.171e-01 3.474e+00  1.526e+05
1.390884e-01   1.748e+05 1 inti1213   1.750e+05 2 inti1213   2.145e-01 3.433e+00  1.510e+05
1.399851e-01   1.770e+05 1 inti1213   1.772e+05 2 inti1213   2.162e-01 3.459e+00  1.532e+05
1.408656e-01   1.767e+05 0 inti1213   1.769e+05 2 inti1213   2.150e-01 3.440e+00  1.521e+05
1.417635e-01   1.771e+05 0 inti1213   1.772e+05 2 inti1213   2.142e-01 3.428e+00  1.528e+05
1.426542e-01   1.768e+05 1 inti1213   1.770e+05 2 inti1213   2.130e-01 3.409e+00  1.527e+05
1.435454e-01   1.784e+05 0 inti1213   1.786e+05 2 inti1213   2.140e-01 3.424e+00  1.542e+05
1.444487e-01   1.791e+05 0 inti1213   1.794e+05 2 inti1213   2.139e-01 3.423e+00  1.547e+05
1.453343e-01   1.814e+05 0 inti1213   1.816e+05 2 inti1213   2.155e-01 3.448e+00  1.568e+05
1.462351e-01   1.853e+05 1 inti1213   1.854e+05 2 inti1213   2.192e-01 3.507e+00  1.583e+05
1.471339e-01   1.858e+05 0 inti1213   1.860e+05 2 inti1213   2.186e-01 3.498e+00  1.608e+05
1.480283e-01   1.854e+05 0 inti1213   1.856e+05 2 inti1213   2.172e-01 3.475e+00  1.607e+05
1.489436e-01   1.863e+05 1 inti1213   1.865e+05 2 inti1213   2.170e-01 3.472e+00  1.615e+05
1.498310e-01   1.894e+05 0 inti1213   1.896e+05 2 inti1213   2.196e-01 3.514e+00  1.645e+05
1.507386e-01   1.878e+05 0 inti1213   1.881e+05 2 inti1213   2.166e-01 3.466e+00  1.629e+05
1.516225e-01   1.887e+05 0 inti1213   1.890e+05 2 inti1213   2.168e-01 3.468e+00  1.639e+05
1.525122e-01   1.884e+05 1 inti1213   1.886e+05 2 inti1213   2.150e-01 3.440e+00  1.637e+05
1.534101e-01   1.904e+05 1 inti1213   1.906e+05 2 inti1213   2.163e-01 3.461e+00  1.655e+05
1.543071e-01   1.930e+05 0 inti1213   1.932e+05 2 inti1213   2.181e-01 3.489e+00  1.680e+05
1.552128e-01   1.918e+05 0 inti1213   1.920e+05 2 inti1213   2.158e-01 3.453e+00  1.668e+05
1.561165e-01   1.930e+05 1 inti1213   1.932e+05 2 inti1213   2.159e-01 3.454e+00  1.679e+05
1.570248e-01   1.947e+05 1 inti1213   1.948e+05 2 inti1213   2.169e-01 3.470e+00  1.693e+05
1.579135e-01   1.942e+05 0 inti1213   1.945e+05 2 inti1213   2.153e-01 3.445e+00  1.691e+05
1.588067e-01   1.954e+05 0 inti1213   1.956e+05 2 inti1213   2.157e-01 3.451e+00  1.702e+05
1.597088e-01   1.955e+05 0 inti1213   1.957e+05 2 inti1213   2.147e-01 3.436e+00  1.703e+05
1.606043e-01   1.955e+05 0 inti1213   1.957e+05 2 inti1213   2.140e-01 3.424e+00  1.700e+05
1.615032e-01   1.965e+05 0 inti1213   1.966e+05 2 inti1213   2.139e-01 3.422e+00  1.707e+05
1.624205e-01   1.965e+05 0 inti1213   1.967e+05 2 inti1213   2.132e-01 3.411e+00  1.707e+05
1.633159e-01   1.977e+05 0 inti1213   1.979e+05 2 inti1213   2.136e-01 3.417e+00  1.719e+05
1.642358e-01   1.976e+05 0 inti1213   1.979e+05 2 inti1213   2.127e-01 3.404e+00  1.718e+05
1.651273e-01   1.989e+05 0 inti1213   1.991e+05 2 inti1213   2.132e-01 3.411e+00  1.729e+05
1.660056e-01   2.036e+05 0 inti1213   2.037e+05 2 inti1213   2.175e-01 3.479e+00  1.776e+05
1.669883e-01   2.027e+05 0 inti1213   2.028e+05 2 inti1213   2.156e-01 3.449e+00  1.767e+05
1.680562e-01   2.014e+05 0 inti1213   2.017e+05 2 inti1213   2.135e-01 3.416e+00  1.752e+05
1.689518e-01   2.020e+05 0 inti1213   2.021e+05 2 inti1213   2.131e-01 3.410e+00  1.759e+05
1.697835e-01   2.035e+05 0 inti1213   2.037e+05 2 inti1213   2.142e-01 3.426e+00  1.773e+05
1.707405e-01   2.047e+05 0 inti1213   2.048e+05 2 inti1213   2.146e-01 3.433e+00  1.785e+05
1.718316e-01   2.059e+05 0 inti1213   2.061e+05 2 inti1213   2.151e-01 3.442e+00  1.795e+05
1.729199e-01   2.070e+05 0 inti1213   2.073e+05 2 inti1213   2.154e-01 3.447e+00  1.806e+05
1.740052e-01   2.083e+05 0 inti1213   2.085e+05 2 inti1213   2.161e-01 3.457e+00  1.820e+05
1.750278e-01   2.095e+05 0 inti1213   2.097e+05 2 inti1213   2.165e-01 3.464e+00  1.830e+05
1.759271e-01   2.097e+05 0 inti1213   2.099e+05 2 inti1213   2.162e-01 3.459e+00  1.832e+05
1.768404e-01   2.107e+05 0 inti1213   2.108e+05 2 inti1213   2.166e-01 3.465e+00  1.840e+05
1.778813e-01   2.117e+05 3 inti1213   2.119e+05 2 inti1213   2.171e-01 3.474e+00  1.846e+05
1.789644e-01   2.117e+05 0 inti1213   2.118e+05 2 inti1213   2.164e-01 3.462e+00  1.844e+05
1.800425e-01   2.120e+05 0 inti1213   2.122e+05 2 inti1213   2.163e-01 3.461e+00  1.846e+05
1.811150e-01   2.106e+05 0 inti1213   2.108e+05 2 inti1213   2.142e-01 3.428e+00  1.828e+05
1.821730e-01   2.108e+05 0 inti1213   2.109e+05 2 inti1213   2.139e-01 3.423e+00  1.835e+05
1.832390e-01   2.115e+05 0 inti1213   2.117e+05 2 inti1213   2.142e-01 3.427e+00  1.841e+05
1.843012e-01   2.114e+05 0 inti1213   2.116e+05 2 inti1213   2.136e-01 3.418e+00  1.842e+05
1.852834e-01   2.119e+05 0 inti1213   2.120e+05 2 inti1213   2.135e-01 3.416e+00  1.847e+05
1.862637e-01   2.118e+05 0 inti1213   2.120e+05 2 inti1213   2.131e-01 3.410e+00  1.846e+05
1.872749e-01   2.123e+05 0 inti1213   2.124e+05 2 inti1213   2.131e-01 3.410e+00  1.851e+05
1.882905e-01   2.117e+05 0 inti1213   2.118e+05 2 inti1213   2.122e-01 3.396e+00  1.846e+05
1.893300e-01   2.107e+05 0 inti1213   2.108e+05 2 inti1213   2.109e-01 3.374e+00  1.835e+05
1.903419e-01   2.115e+05 0 inti1213   2.116e+05 2 inti1213   2.114e-01 3.382e+00  1.846e+05
1.913861e-01   2.131e+05 0 inti1213   2.132e+05 2 inti1213   2.126e-01 3.401e+00  1.851e+05
1.924373e-01   2.111e+05 0 inti1213   2.112e+05 2 inti1213   2.103e-01 3.365e+00  1.841e+05
1.934546e-01   2.121e+05 0 inti1213   2.122e+05 2 inti1213   2.109e-01 3.375e+00  1.850e+05
1.944335e-01   2.139e+05 0 inti1213   2.141e+05 2 inti1213   2.125e-01 3.400e+00  1.861e+05
1.954033e-01   2.127e+05 0 inti1213   2.128e+05 2 inti1213   2.109e-01 3.375e+00  1.854e+05
1.963428e-01   2.125e+05 0 inti1213   2.127e+05 2 inti1213   2.106e-01 3.370e+00  1.852e+05
1.972243e-01   2.137e+05 0 inti1213   2.138e+05 2 inti1213   2.114e-01 3.383e+00  1.865e+05
1.981724e-01   2.133e+05 0 inti1213   2.134e+05 2 inti1213   2.108e-01 3.373e+00  1.861e+05
1.990993e-01   2.137e+05 0 inti1213   2.138e+05 2 inti1213   2.108e-01 3.373e+00  1.867e+05
2.000350e-01   2.143e+05 0 inti1213   2.144e+05 2 inti1213   2.112e-01 3.379e+00  1.871e+05
