# 1  : Date
# 2  : Temps elapsed min (mus)
# 3  : Rang temps elapsed min
# 4  : Noeud temps elapsed min
# 5  : Temps elapsed max (mus)
# 6  : Rang temps elapsed max
# 7  : Noeud temps elapsed max
# 8  : Grind time (mus/maille/cycle)
# 9  : Grind time équivalent séquentiel (#8 X nb_de_coeurs)
#     1     2     3     4      5      6      7       8      9
#   ATTENTION  les temps cpu schémas sont données dans l'ordre alphabétique des schémas WARNING
#  10: TELAPS Hydro (mus)
9.473617e-04   4.305e+04 0 inti1206   4.318e+04 3 inti1206   3.040e-01 4.864e+00  3.405e+04
2.898879e-03   4.670e+04 0 inti1206   4.681e+04 3 inti1206   3.104e-01 4.966e+00  3.733e+04
4.925804e-03   7.769e+04 0 inti1206   7.778e+04 3 inti1206   4.900e-01 7.840e+00  4.088e+04
6.288710e-03   4.965e+04 0 inti1206   4.970e+04 3 inti1206   3.002e-01 4.803e+00  3.955e+04
7.400250e-03   5.119e+04 0 inti1206   5.124e+04 3 inti1206   3.003e-01 4.804e+00  4.090e+04
8.583107e-03   5.228e+04 0 inti1206   5.232e+04 3 inti1206   2.970e-01 4.752e+00  4.194e+04
1.010203e-02   8.285e+04 0 inti1206   8.291e+04 3 inti1206   4.513e-01 7.221e+00  4.432e+04
1.196609e-02   5.657e+04 0 inti1206   5.663e+04 3 inti1206   2.950e-01 4.721e+00  4.569e+04
1.400985e-02   5.627e+04 0 inti1206   5.631e+04 3 inti1206   2.795e-01 4.472e+00  4.525e+04
1.631156e-02   5.830e+04 0 inti1206   5.834e+04 3 inti1206   2.753e-01 4.406e+00  4.710e+04
1.887597e-02   9.873e+04 0 inti1206   9.878e+04 3 inti1206   4.439e-01 7.103e+00  5.199e+04
2.164377e-02   6.435e+04 0 inti1206   6.442e+04 2 inti1206   2.770e-01 4.432e+00  5.219e+04
2.467139e-02   6.375e+04 0 inti1206   6.380e+04 1 inti1206   2.603e-01 4.164e+00  5.186e+04
2.763089e-02   6.684e+04 2 inti1206   6.688e+04 1 inti1206   2.590e-01 4.145e+00  5.441e+04
3.074366e-02   1.129e+05 0 inti1206   1.129e+05 1 inti1206   4.143e-01 6.629e+00  5.910e+04
3.343960e-02   6.997e+04 2 inti1206   7.006e+04 1 inti1206   2.456e-01 3.929e+00  5.710e+04
3.545284e-02   7.264e+04 0 inti1206   7.278e+04 1 inti1206   2.464e-01 3.943e+00  5.974e+04
3.741090e-02   7.472e+04 0 inti1206   7.488e+04 1 inti1206   2.450e-01 3.921e+00  6.113e+04
3.941803e-02   1.146e+05 2 inti1206   1.147e+05 1 inti1206   3.626e-01 5.801e+00  6.458e+04
4.159942e-02   7.998e+04 0 inti1206   8.005e+04 1 inti1206   2.448e-01 3.917e+00  6.597e+04
4.407936e-02   7.917e+04 2 inti1206   7.928e+04 1 inti1206   2.324e-01 3.719e+00  6.542e+04
4.669477e-02   8.152e+04 2 inti1206   8.162e+04 1 inti1206   2.288e-01 3.660e+00  6.738e+04
4.921101e-02   1.305e+05 2 inti1206   1.307e+05 1 inti1206   3.513e-01 5.621e+00  7.129e+04
5.186038e-02   8.685e+04 2 inti1206   8.696e+04 1 inti1206   2.249e-01 3.598e+00  7.230e+04
5.452098e-02   9.136e+04 2 inti1206   9.146e+04 1 inti1206   2.272e-01 3.635e+00  7.654e+04
5.676692e-02   9.312e+04 2 inti1206   9.323e+04 1 inti1206   2.239e-01 3.583e+00  7.782e+04
5.885397e-02   1.499e+05 2 inti1206   1.500e+05 1 inti1206   3.496e-01 5.594e+00  8.323e+04
6.096089e-02   9.843e+04 0 inti1206   9.859e+04 1 inti1206   2.232e-01 3.571e+00  8.254e+04
6.315665e-02   9.958e+04 2 inti1206   9.970e+04 1 inti1206   2.185e-01 3.497e+00  8.326e+04
6.542057e-02   1.013e+05 2 inti1206   1.014e+05 1 inti1206   2.152e-01 3.443e+00  8.468e+04
6.770854e-02   1.576e+05 2 inti1206   1.577e+05 1 inti1206   3.245e-01 5.192e+00  8.883e+04
7.005134e-02   1.068e+05 2 inti1206   1.069e+05 1 inti1206   2.136e-01 3.417e+00  8.987e+04
7.244749e-02   1.098e+05 2 inti1206   1.099e+05 1 inti1206   2.125e-01 3.400e+00  9.261e+04
7.484938e-02   1.127e+05 0 inti1206   1.129e+05 1 inti1206   2.117e-01 3.388e+00  9.507e+04
7.740061e-02   1.855e+05 2 inti1206   1.856e+05 1 inti1206   3.373e-01 5.398e+00  1.031e+05
7.993761e-02   1.198e+05 2 inti1206   1.199e+05 1 inti1206   2.117e-01 3.387e+00  1.012e+05
8.231338e-02   1.238e+05 2 inti1206   1.240e+05 1 inti1206   2.127e-01 3.402e+00  1.048e+05
8.470477e-02   1.271e+05 2 inti1206   1.272e+05 1 inti1206   2.121e-01 3.393e+00  1.078e+05
8.710034e-02   1.940e+05 2 inti1206   1.941e+05 1 inti1206   3.147e-01 5.036e+00  1.137e+05
8.948690e-02   1.333e+05 2 inti1206   1.334e+05 1 inti1206   2.109e-01 3.374e+00  1.140e+05
9.185497e-02   1.450e+05 2 inti1206   1.452e+05 1 inti1206   2.233e-01 3.574e+00  1.249e+05
9.420613e-02   1.421e+05 0 inti1206   1.423e+05 1 inti1206   2.136e-01 3.418e+00  1.218e+05
9.654513e-02   2.195e+05 2 inti1206   2.196e+05 1 inti1206   3.219e-01 5.150e+00  1.291e+05
9.880362e-02   1.485e+05 2 inti1206   1.486e+05 1 inti1206   2.132e-01 3.411e+00  1.276e+05
1.010766e-01   1.508e+05 2 inti1206   1.509e+05 1 inti1206   2.117e-01 3.386e+00  1.297e+05
1.033131e-01   1.539e+05 2 inti1206   1.540e+05 1 inti1206   2.113e-01 3.381e+00  1.325e+05
1.056015e-01   2.356e+05 2 inti1206   2.358e+05 1 inti1206   3.164e-01 5.062e+00  1.404e+05
1.079559e-01   1.618e+05 0 inti1206   1.620e+05 1 inti1206   2.125e-01 3.399e+00  1.397e+05
1.102399e-01   1.677e+05 2 inti1206   1.678e+05 1 inti1206   2.150e-01 3.440e+00  1.455e+05
1.125110e-01   1.688e+05 2 inti1206   1.689e+05 1 inti1206   2.114e-01 3.383e+00  1.462e+05
1.147477e-01   2.622e+05 0 inti1206   2.623e+05 1 inti1206   3.209e-01 5.134e+00  1.531e+05
1.171795e-01   1.737e+05 0 inti1206   1.738e+05 1 inti1206   2.079e-01 3.326e+00  1.506e+05
1.197686e-01   1.794e+05 0 inti1206   1.795e+05 1 inti1206   2.095e-01 3.352e+00  1.566e+05
1.224343e-01   1.827e+05 0 inti1206   1.828e+05 1 inti1206   2.082e-01 3.331e+00  1.590e+05
1.252330e-01   2.736e+05 0 inti1206   2.737e+05 1 inti1206   3.046e-01 4.873e+00  1.688e+05
1.278963e-01   1.919e+05 0 inti1206   1.920e+05 1 inti1206   2.098e-01 3.356e+00  1.678e+05
1.304832e-01   1.988e+05 0 inti1206   1.988e+05 1 inti1206   2.132e-01 3.412e+00  1.739e+05
1.330100e-01   1.984e+05 0 inti1206   1.985e+05 1 inti1206   2.095e-01 3.353e+00  1.733e+05
1.355622e-01   3.026e+05 0 inti1206   3.027e+05 1 inti1206   3.150e-01 5.039e+00  1.819e+05
1.379393e-01   2.048e+05 0 inti1206   2.051e+05 1 inti1206   2.110e-01 3.377e+00  1.795e+05
1.402507e-01   2.087e+05 0 inti1206   2.088e+05 1 inti1206   2.125e-01 3.401e+00  1.828e+05
1.425672e-01   2.107e+05 0 inti1206   2.108e+05 1 inti1206   2.126e-01 3.402e+00  1.844e+05
1.448983e-01   2.864e+05 0 inti1206   2.866e+05 1 inti1206   2.867e-01 4.587e+00  1.887e+05
1.472378e-01   2.137e+05 0 inti1206   2.138e+05 1 inti1206   2.123e-01 3.397e+00  1.872e+05
1.495835e-01   2.150e+05 0 inti1206   2.151e+05 1 inti1206   2.121e-01 3.394e+00  1.884e+05
1.519245e-01   2.169e+05 0 inti1206   2.170e+05 1 inti1206   2.129e-01 3.406e+00  1.902e+05
1.542562e-01   3.204e+05 0 inti1206   3.205e+05 1 inti1206   3.130e-01 5.009e+00  1.947e+05
1.565784e-01   2.197e+05 0 inti1206   2.198e+05 1 inti1206   2.140e-01 3.424e+00  1.927e+05
1.588761e-01   2.194e+05 2 inti1206   2.196e+05 1 inti1206   2.131e-01 3.410e+00  1.912e+05
1.611357e-01   2.200e+05 2 inti1206   2.202e+05 1 inti1206   2.132e-01 3.411e+00  1.917e+05
1.633898e-01   3.098e+05 0 inti1206   3.099e+05 1 inti1206   2.992e-01 4.787e+00  1.942e+05
1.656764e-01   2.203e+05 2 inti1206   2.204e+05 1 inti1206   2.124e-01 3.398e+00  1.922e+05
1.679773e-01   2.220e+05 0 inti1206   2.222e+05 1 inti1206   2.137e-01 3.419e+00  1.937e+05
1.702628e-01   2.220e+05 0 inti1206   2.222e+05 1 inti1206   2.131e-01 3.410e+00  1.933e+05
1.725995e-01   3.118e+05 2 inti1206   3.119e+05 1 inti1206   2.987e-01 4.779e+00  1.959e+05
1.749806e-01   2.217e+05 2 inti1206   2.218e+05 1 inti1206   2.124e-01 3.399e+00  1.931e+05
1.773298e-01   2.235e+05 2 inti1206   2.236e+05 1 inti1206   2.140e-01 3.423e+00  1.952e+05
1.796663e-01   2.235e+05 2 inti1206   2.236e+05 1 inti1206   2.138e-01 3.421e+00  1.949e+05
1.819962e-01   2.902e+05 2 inti1206   2.904e+05 1 inti1206   2.774e-01 4.438e+00  1.957e+05
1.844046e-01   2.250e+05 2 inti1206   2.252e+05 1 inti1206   2.150e-01 3.441e+00  1.964e+05
1.869870e-01   2.228e+05 2 inti1206   2.230e+05 1 inti1206   2.128e-01 3.405e+00  1.945e+05
1.896899e-01   2.234e+05 2 inti1206   2.242e+05 3 inti1206   2.139e-01 3.422e+00  1.947e+05
1.924355e-01   2.928e+05 2 inti1206   2.929e+05 1 inti1206   2.794e-01 4.470e+00  1.970e+05
1.952442e-01   2.236e+05 2 inti1206   2.238e+05 1 inti1206   2.133e-01 3.413e+00  1.948e+05
1.981177e-01   2.238e+05 2 inti1206   2.239e+05 1 inti1206   2.134e-01 3.414e+00  1.954e+05
