# 1  : Date
# 2  : Temps elapsed min (mus)
# 3  : Rang temps elapsed min
# 4  : Noeud temps elapsed min
# 5  : Temps elapsed max (mus)
# 6  : Rang temps elapsed max
# 7  : Noeud temps elapsed max
# 8  : Grind time (mus/maille/cycle)
# 9  : Grind time équivalent séquentiel (#8 X nb_de_coeurs)
#     1     2     3     4      5      6      7       8      9
#   ATTENTION  les temps cpu schémas sont données dans l'ordre alphabétique des schémas WARNING
#  10: TELAPS Hydro (mus)
1.105929e-03   6.529e+04 0 inti1217   6.544e+04 3 inti1217   4.573e-01 7.317e+00  3.507e+04
3.369334e-03   4.652e+04 0 inti1217   4.660e+04 3 inti1217   3.055e-01 4.889e+00  3.715e+04
5.389278e-03   4.829e+04 0 inti1217   4.836e+04 3 inti1217   3.022e-01 4.835e+00  3.871e+04
6.759368e-03   5.010e+04 0 inti1217   5.016e+04 3 inti1217   3.012e-01 4.820e+00  4.024e+04
7.974913e-03   7.943e+04 0 inti1217   7.947e+04 3 inti1217   4.615e-01 7.384e+00  4.216e+04
9.463541e-03   5.400e+04 0 inti1217   5.406e+04 3 inti1217   3.019e-01 4.830e+00  4.345e+04
1.140198e-02   5.453e+04 0 inti1217   5.458e+04 1 inti1217   2.915e-01 4.664e+00  4.412e+04
1.358673e-02   5.634e+04 0 inti1217   5.641e+04 1 inti1217   2.871e-01 4.594e+00  4.553e+04
1.602746e-02   9.252e+04 0 inti1217   9.259e+04 3 inti1217   4.450e-01 7.120e+00  4.979e+04
1.873531e-02   6.049e+04 0 inti1217   6.054e+04 1 inti1217   2.750e-01 4.400e+00  4.887e+04
2.164547e-02   6.214e+04 0 inti1217   6.219e+04 1 inti1217   2.676e-01 4.281e+00  5.067e+04
2.481827e-02   6.524e+04 0 inti1217   6.532e+04 1 inti1217   2.654e-01 4.247e+00  5.312e+04
2.774640e-02   1.015e+05 0 inti1217   1.016e+05 1 inti1217   3.920e-01 6.272e+00  5.550e+04
3.077345e-02   6.828e+04 2 inti1217   6.837e+04 1 inti1217   2.513e-01 4.020e+00  5.599e+04
3.311469e-02   7.059e+04 2 inti1217   7.068e+04 1 inti1217   2.499e-01 3.998e+00  5.812e+04
3.530106e-02   7.173e+04 2 inti1217   7.183e+04 1 inti1217   2.449e-01 3.919e+00  5.885e+04
3.760021e-02   1.153e+05 2 inti1217   1.154e+05 1 inti1217   3.777e-01 6.044e+00  6.257e+04
3.980851e-02   7.710e+04 2 inti1217   7.719e+04 1 inti1217   2.433e-01 3.893e+00  6.380e+04
4.215535e-02   7.940e+04 2 inti1217   7.949e+04 1 inti1217   2.408e-01 3.853e+00  6.576e+04
4.460203e-02   8.142e+04 2 inti1217   8.152e+04 1 inti1217   2.371e-01 3.794e+00  6.714e+04
4.708193e-02   2.000e+05 2 inti1217   2.001e+05 1 inti1217   5.574e-01 8.918e+00  7.184e+04
4.964339e-02   8.730e+04 2 inti1217   8.742e+04 1 inti1217   2.334e-01 3.735e+00  7.207e+04
5.229735e-02   8.948e+04 2 inti1217   8.959e+04 1 inti1217   2.290e-01 3.664e+00  7.422e+04
5.473377e-02   9.351e+04 0 inti1217   9.364e+04 1 inti1217   2.301e-01 3.682e+00  7.780e+04
5.699294e-02   1.497e+05 2 inti1217   1.498e+05 1 inti1217   3.533e-01 5.653e+00  8.024e+04
5.917389e-02   9.741e+04 2 inti1217   9.754e+04 1 inti1217   2.220e-01 3.552e+00  8.145e+04
6.115366e-02   9.918e+04 2 inti1217   9.932e+04 1 inti1217   2.190e-01 3.504e+00  8.309e+04
6.299351e-02   1.017e+05 2 inti1217   1.019e+05 1 inti1217   2.185e-01 3.496e+00  8.496e+04
6.489354e-02   1.604e+05 2 inti1217   1.605e+05 1 inti1217   3.343e-01 5.349e+00  8.862e+04
6.711725e-02   1.065e+05 2 inti1217   1.067e+05 1 inti1217   2.154e-01 3.447e+00  8.960e+04
6.949643e-02   1.100e+05 2 inti1217   1.101e+05 1 inti1217   2.155e-01 3.448e+00  9.288e+04
7.196176e-02   1.131e+05 2 inti1217   1.132e+05 1 inti1217   2.147e-01 3.435e+00  9.533e+04
7.437432e-02   1.747e+05 2 inti1217   1.749e+05 1 inti1217   3.213e-01 5.141e+00  9.998e+04
7.675817e-02   1.193e+05 2 inti1217   1.195e+05 1 inti1217   2.138e-01 3.421e+00  1.009e+05
7.918637e-02   1.216e+05 2 inti1217   1.217e+05 1 inti1217   2.121e-01 3.394e+00  1.030e+05
8.165827e-02   1.249e+05 0 inti1217   1.250e+05 1 inti1217   2.124e-01 3.399e+00  1.057e+05
8.416536e-02   1.964e+05 2 inti1217   1.965e+05 1 inti1217   3.250e-01 5.200e+00  1.107e+05
8.669193e-02   1.302e+05 2 inti1217   1.303e+05 1 inti1217   2.103e-01 3.364e+00  1.105e+05
8.923943e-02   1.341e+05 2 inti1217   1.342e+05 1 inti1217   2.111e-01 3.378e+00  1.142e+05
9.189583e-02   1.381e+05 0 inti1217   1.383e+05 1 inti1217   2.122e-01 3.395e+00  1.176e+05
9.467240e-02   2.137e+05 2 inti1217   2.138e+05 1 inti1217   3.191e-01 5.106e+00  1.236e+05
9.753243e-02   1.460e+05 0 inti1217   1.462e+05 1 inti1217   2.124e-01 3.399e+00  1.251e+05
1.003972e-01   1.482e+05 0 inti1217   1.483e+05 1 inti1217   2.098e-01 3.357e+00  1.274e+05
1.031689e-01   1.523e+05 0 inti1217   1.525e+05 1 inti1217   2.101e-01 3.362e+00  1.313e+05
1.060208e-01   2.127e+05 0 inti1217   2.128e+05 1 inti1217   2.850e-01 4.559e+00  1.368e+05
1.088307e-01   1.592e+05 0 inti1217   1.593e+05 1 inti1217   2.080e-01 3.328e+00  1.376e+05
1.117423e-01   1.616e+05 0 inti1217   1.617e+05 1 inti1217   2.058e-01 3.294e+00  1.401e+05
1.146856e-01   1.661e+05 0 inti1217   1.663e+05 1 inti1217   2.063e-01 3.302e+00  1.441e+05
1.174304e-01   2.633e+05 0 inti1217   2.635e+05 1 inti1217   3.193e-01 5.108e+00  1.536e+05
1.199596e-01   1.783e+05 0 inti1217   1.784e+05 1 inti1217   2.119e-01 3.391e+00  1.548e+05
1.225392e-01   1.826e+05 0 inti1217   1.827e+05 1 inti1217   2.127e-01 3.403e+00  1.588e+05
1.252334e-01   1.867e+05 0 inti1217   1.868e+05 1 inti1217   2.135e-01 3.416e+00  1.623e+05
1.279684e-01   2.823e+05 0 inti1217   2.824e+05 1 inti1217   3.165e-01 5.064e+00  1.673e+05
1.306774e-01   1.920e+05 0 inti1217   1.921e+05 1 inti1217   2.116e-01 3.385e+00  1.670e+05
1.337898e-01   1.958e+05 0 inti1217   1.960e+05 1 inti1217   2.117e-01 3.386e+00  1.707e+05
1.368469e-01   1.992e+05 0 inti1217   1.995e+05 1 inti1217   2.118e-01 3.389e+00  1.738e+05
1.399479e-01   2.956e+05 0 inti1217   2.958e+05 1 inti1217   3.090e-01 4.944e+00  1.818e+05
1.431221e-01   2.078e+05 0 inti1217   2.080e+05 1 inti1217   2.141e-01 3.426e+00  1.807e+05
1.462925e-01   2.100e+05 0 inti1217   2.101e+05 1 inti1217   2.136e-01 3.417e+00  1.828e+05
1.494835e-01   2.117e+05 0 inti1217   2.118e+05 1 inti1217   2.130e-01 3.407e+00  1.842e+05
1.526205e-01   3.082e+05 0 inti1217   3.083e+05 1 inti1217   3.069e-01 4.911e+00  1.882e+05
1.557078e-01   2.143e+05 0 inti1217   2.144e+05 1 inti1217   2.117e-01 3.388e+00  1.867e+05
1.587678e-01   2.174e+05 0 inti1217   2.176e+05 1 inti1217   2.135e-01 3.416e+00  1.899e+05
1.618847e-01   2.178e+05 0 inti1217   2.179e+05 1 inti1217   2.127e-01 3.403e+00  1.900e+05
1.650930e-01   3.117e+05 0 inti1217   3.118e+05 1 inti1217   3.029e-01 4.846e+00  1.942e+05
1.683300e-01   2.212e+05 0 inti1217   2.213e+05 1 inti1217   2.138e-01 3.421e+00  1.933e+05
1.714801e-01   2.231e+05 2 inti1217   2.233e+05 1 inti1217   2.148e-01 3.436e+00  1.950e+05
1.747630e-01   2.231e+05 0 inti1217   2.232e+05 1 inti1217   2.139e-01 3.423e+00  1.949e+05
1.780803e-01   2.997e+05 0 inti1217   2.997e+05 1 inti1217   2.861e-01 4.578e+00  1.994e+05
1.814261e-01   2.245e+05 0 inti1217   2.247e+05 1 inti1217   2.140e-01 3.424e+00  1.960e+05
1.848227e-01   2.241e+05 0 inti1217   2.242e+05 1 inti1217   2.132e-01 3.412e+00  1.963e+05
1.880473e-01   2.251e+05 0 inti1217   2.252e+05 1 inti1217   2.140e-01 3.424e+00  1.969e+05
1.912645e-01   3.192e+05 0 inti1217   3.193e+05 1 inti1217   3.032e-01 4.851e+00  1.983e+05
1.946824e-01   2.247e+05 0 inti1217   2.249e+05 1 inti1217   2.135e-01 3.416e+00  1.965e+05
1.979585e-01   2.246e+05 0 inti1217   2.247e+05 1 inti1217   2.134e-01 3.414e+00  1.965e+05
